18cl02	1	1	0	1	1.0000	1.0000	1.0000	NaN	3.7680	5.4639	14.7375	340666.2813	340666.5835	1.0000	1.0000	0.3847
18cl02	1	1	0	1	2.0000	1.0000	-1.0000	0.4632	NaN	NaN	NaN	340667.4873	340667.8439	0.0000	1.0000	0.2599
18cl02	1	2	0	1	1.0000	1.0000	-1.0000	NaN	3.2019	-4.3647	16.2625	340670.2642	340670.5665	1.0000	0.0000	0.5606
18cl02	1	2	0	1	2.0000	1.0000	-1.0000	0.7275	NaN	NaN	NaN	340671.6479	340671.9990	0.0000	1.0000	0.1689
18cl02	1	3	0	1	1.0000	1.0000	-1.0000	NaN	11.9150	-13.1179	14.9834	340674.1173	340674.4195	0.0000	1.0000	0.2751
18cl02	1	3	0	1	2.0000	1.0000	-1.0000	0.1370	NaN	NaN	NaN	340675.2361	340675.6542	1.0000	0.0000	0.3684
18cl02	1	4	0	1	1.0000	1.0000	1.0000	NaN	7.1175	6.4905	15.4474	340678.1565	340678.4618	1.0000	1.0000	0.3288
18cl02	1	4	0	1	2.0000	1.0000	-1.0000	0.5109	NaN	NaN	NaN	340679.3783	340679.7881	0.0000	1.0000	0.5713
18cl02	1	5	0	1	1.0000	1.0000	-1.0000	NaN	1.2837	-2.6335	15.3242	340682.5908	340682.8981	0.0000	1.0000	0.2776
18cl02	1	5	0	1	2.0000	1.0000	-1.0000	0.6051	NaN	NaN	NaN	340683.7327	340684.1317	0.0000	1.0000	0.7244
18cl02	1	6	0	1	1.0000	1.0000	-1.0000	NaN	2.2047	-4.1649	15.5514	340686.9135	340687.2158	0.0000	1.0000	0.3922
18cl02	1	6	0	1	2.0000	1.0000	-1.0000	0.5231	NaN	NaN	NaN	340688.1434	340688.4965	0.0000	1.0000	0.4391
18cl02	1	7	0	1	1.0000	1.0000	1.0000	NaN	2.6706	0.9280	14.0988	340690.9596	340691.2623	0.0000	0.0000	0.4893
18cl02	1	7	0	1	2.0000	1.0000	1.0000	0.8816	NaN	NaN	NaN	340692.2715	340692.6257	1.0000	1.0000	0.2455
18cl02	1	8	0	1	1.0000	1.0000	-1.0000	NaN	11.2276	-12.4483	15.1702	340694.8023	340695.1045	0.0000	1.0000	0.2794
18cl02	1	8	0	1	2.0000	1.0000	-1.0000	0.0217	NaN	NaN	NaN	340695.9357	340696.2925	1.0000	0.0000	0.3073
18cl02	1	9	0	1	1.0000	1.0000	1.0000	NaN	6.6648	7.8633	15.2245	340698.9298	340699.2320	1.0000	1.0000	0.3110
18cl02	1	9	0	1	2.0000	1.0000	1.0000	0.8791	NaN	NaN	NaN	340700.0949	340700.4475	1.0000	1.0000	0.3607
18cl02	1	10	0	1	1.0000	1.0000	-1.0000	NaN	1.6917	-4.0578	16.0339	340702.9319	340703.2341	1.0000	0.0000	0.4530
18cl02	1	10	0	1	2.0000	1.0000	-1.0000	0.5396	NaN	NaN	NaN	340704.2079	340704.5626	0.0000	1.0000	0.3252
18cl02	1	11	0	1	1.0000	1.0000	1.0000	NaN	10.4354	9.6569	14.5481	340707.5878	340707.8900	1.0000	1.0000	0.2779
18cl02	1	11	0	1	2.0000	1.0000	1.0000	0.7567	NaN	NaN	NaN	340708.7029	340709.0585	1.0000	1.0000	0.3881
18cl02	1	12	0	1	1.0000	1.0000	-1.0000	NaN	10.2220	-12.0126	15.3579	340711.5713	340711.8734	0.0000	1.0000	0.4531
18cl02	1	12	0	1	2.0000	1.0000	-1.0000	0.6153	NaN	NaN	NaN	340712.8807	340713.2319	1.0000	0.0000	0.4234
18cl02	1	13	0	1	1.0000	1.0000	1.0000	NaN	3.5365	3.7341	14.7395	340715.8621	340716.1642	1.0000	1.0000	0.3878
18cl02	1	13	0	1	2.0000	1.0000	1.0000	0.6872	NaN	NaN	NaN	340717.1040	340717.4578	1.0000	1.0000	0.5019
18cl02	1	14	0	1	1.0000	1.0000	-1.0000	NaN	4.2647	-6.6991	15.5585	340720.1011	340720.4050	0.0000	1.0000	0.4022
18cl02	1	14	0	1	2.0000	1.0000	1.0000	0.6049	NaN	NaN	NaN	340721.3783	340721.7855	1.0000	1.0000	0.3660
18cl02	1	15	0	1	1.0000	1.0000	-1.0000	NaN	5.7549	-5.5728	14.2011	340724.2747	340724.5803	0.0000	1.0000	0.4987
18cl02	1	15	0	1	2.0000	1.0000	1.0000	0.2025	NaN	NaN	NaN	340725.6519	340726.0462	1.0000	1.0000	0.5369
18cl02	1	16	0	1	1.0000	1.0000	-1.0000	NaN	11.8792	-13.2597	16.4422	340728.9157	340729.2179	0.0000	1.0000	0.4046
18cl02	1	16	0	1	2.0000	1.0000	-1.0000	0.0787	NaN	NaN	NaN	340730.2076	340730.5614	1.0000	0.0000	0.4535
18cl02	1	17	0	1	1.0000	1.0000	1.0000	NaN	11.3615	9.5317	15.7178	340733.5609	340733.8631	1.0000	1.0000	0.2399
18cl02	1	17	0	1	2.0000	1.0000	-1.0000	0.1928	NaN	NaN	NaN	340734.7038	340735.0611	0.0000	1.0000	0.5787
18cl02	1	18	0	1	1.0000	1.0000	-1.0000	NaN	0.2819	-1.2074	14.7578	340737.4671	340737.7692	0.0000	1.0000	0.3978
18cl02	1	18	0	1	2.0000	1.0000	1.0000	0.4777	NaN	NaN	NaN	340738.7516	340739.1070	1.0000	1.0000	0.3086
18cl02	1	19	0	1	1.0000	1.0000	-1.0000	NaN	4.2312	-2.7730	15.0829	340741.4721	340741.7753	0.0000	1.0000	0.3283
18cl02	1	19	0	1	2.0000	1.0000	1.0000	0.5562	NaN	NaN	NaN	340742.6879	340743.0442	1.0000	1.0000	0.2596
18cl02	1	20	0	1	1.0000	1.0000	1.0000	NaN	7.7928	8.5489	15.6211	340745.5772	340745.8794	1.0000	1.0000	0.5434
18cl02	1	20	0	1	2.0000	1.0000	-1.0000	0.2936	NaN	NaN	NaN	340746.9589	340747.3119	0.0000	1.0000	0.3753
18cl02	1	21	0	1	1.0000	1.0000	-1.0000	NaN	1.2966	-2.7948	15.4279	340749.9346	340750.2368	0.0000	1.0000	0.3630
18cl02	1	21	0	1	2.0000	1.0000	1.0000	0.5474	NaN	NaN	NaN	340751.1519	340751.5061	1.0000	1.0000	0.4204
18cl02	1	22	0	1	1.0000	1.0000	1.0000	NaN	1.7627	1.6100	15.5439	340754.6143	340754.9166	1.0000	1.0000	0.4499
18cl02	1	22	0	1	2.0000	1.0000	-1.0000	0.7657	NaN	NaN	NaN	340755.9196	340756.2725	0.0000	1.0000	0.2946
18cl02	1	23	0	1	1.0000	1.0000	-1.0000	NaN	10.5907	-11.9311	15.9843	340759.0230	340759.3255	0.0000	1.0000	0.2984
18cl02	1	23	0	1	2.0000	1.0000	1.0000	0.6953	NaN	NaN	NaN	340760.2074	340760.5612	1.0000	1.0000	0.3257
18cl02	1	24	0	1	1.0000	1.0000	-1.0000	NaN	0.8269	-0.5747	13.6487	340762.7431	340763.0452	0.0000	1.0000	0.4019
18cl02	1	24	0	1	2.0000	1.0000	1.0000	0.1342	NaN	NaN	NaN	340764.0316	340764.3825	1.0000	1.0000	0.3126
18cl02	1	25	0	1	1.0000	1.0000	-1.0000	NaN	1.3716	-1.7822	13.7967	340766.7338	340767.0379	0.0000	1.0000	0.6011
18cl02	1	25	0	1	2.0000	1.0000	1.0000	0.7835	NaN	NaN	NaN	340768.1805	340768.6007	1.0000	1.0000	0.1109
18cl02	1	26	0	1	1.0000	1.0000	-1.0000	NaN	7.5573	-8.0150	14.8343	340770.6681	340770.9728	0.0000	1.0000	0.1697
18cl02	1	26	0	1	2.0000	1.0000	-1.0000	0.8413	NaN	NaN	NaN	340771.6836	340772.0887	1.0000	0.0000	0.2704
18cl02	1	27	0	1	1.0000	1.0000	-1.0000	NaN	0.0969	-0.0448	14.4023	340774.8828	340775.1850	1.0000	0.0000	0.5352
18cl02	1	27	0	1	2.0000	1.0000	-1.0000	0.8281	NaN	NaN	NaN	340776.2399	340776.5937	0.0000	1.0000	0.3252
18cl02	1	28	0	1	1.0000	1.0000	-1.0000	NaN	3.0459	-2.7692	15.4622	340779.3884	340779.6912	0.0000	1.0000	0.3484
18cl02	1	28	0	1	2.0000	1.0000	-1.0000	0.4418	NaN	NaN	NaN	340780.6074	340780.9601	1.0000	0.0000	0.5984
18cl02	1	29	0	1	1.0000	1.0000	-1.0000	NaN	8.4057	-8.8013	15.6304	340783.5988	340783.9011	0.0000	1.0000	0.3782
18cl02	1	29	0	1	2.0000	1.0000	-1.0000	0.4301	NaN	NaN	NaN	340784.8308	340785.1880	1.0000	0.0000	0.4185
18cl02	1	30	0	1	1.0000	1.0000	-1.0000	NaN	3.6982	-3.1241	14.7455	340787.4475	340787.7496	0.0000	1.0000	0.2741
18cl02	1	30	0	1	2.0000	1.0000	1.0000	0.8730	NaN	NaN	NaN	340788.5926	340788.9431	1.0000	1.0000	0.6474
18cl02	1	31	0	1	1.0000	1.0000	1.0000	NaN	2.9210	3.1136	15.6841	340792.1250	340792.4271	0.0000	0.0000	0.5553
18cl02	1	31	0	1	2.0000	1.0000	1.0000	0.1054	NaN	NaN	NaN	340793.5357	340793.8916	1.0000	1.0000	0.4200
18cl02	1	32	0	1	1.0000	1.0000	1.0000	NaN	8.8926	10.2852	14.9628	340796.7468	340797.0489	1.0000	1.0000	0.3827
18cl02	1	32	0	1	2.0000	1.0000	-1.0000	0.0315	NaN	NaN	NaN	340797.9675	340798.3204	1.0000	0.0000	0.4552
18cl02	1	33	0	1	1.0000	1.0000	1.0000	NaN	4.0890	6.3102	16.0264	340801.1873	340801.4900	1.0000	1.0000	0.3737
18cl02	1	33	0	1	2.0000	1.0000	-1.0000	0.1722	NaN	NaN	NaN	340802.3837	340802.7369	0.0000	1.0000	0.4703
18cl02	1	34	0	1	1.0000	1.0000	1.0000	NaN	1.7587	1.0135	15.3030	340805.3958	340805.6980	1.0000	1.0000	0.3084
18cl02	1	34	0	1	2.0000	1.0000	-1.0000	0.2931	NaN	NaN	NaN	340806.5440	340806.8941	0.0000	1.0000	0.4404
18cl02	1	35	0	1	1.0000	1.0000	-1.0000	NaN	10.2564	-8.6193	14.2561	340809.8992	340810.2013	0.0000	1.0000	0.3817
18cl02	1	35	0	1	2.0000	1.0000	1.0000	0.0921	NaN	NaN	NaN	340811.1356	340811.4907	1.0000	1.0000	0.3723
18cl02	1	36	0	1	1.0000	1.0000	1.0000	NaN	7.3184	6.6797	15.5787	340813.8362	340814.1424	1.0000	1.0000	0.3767
18cl02	1	36	0	1	2.0000	1.0000	1.0000	0.7085	NaN	NaN	NaN	340815.0610	340815.4817	1.0000	1.0000	0.3968
18cl02	1	37	0	1	1.0000	1.0000	-1.0000	NaN	8.6548	-7.4461	13.8513	340818.0860	340818.3926	0.0000	1.0000	0.4459
18cl02	1	37	0	1	2.0000	1.0000	1.0000	0.5760	NaN	NaN	NaN	340819.4141	340819.8029	1.0000	1.0000	0.2521
18cl02	1	38	0	1	1.0000	1.0000	-1.0000	NaN	0.9752	-0.3351	15.4616	340822.1778	340822.4800	0.0000	1.0000	0.3596
18cl02	1	38	0	1	2.0000	1.0000	-1.0000	0.1549	NaN	NaN	NaN	340823.3926	340823.7430	1.0000	0.0000	0.5514
18cl02	1	39	0	1	1.0000	1.0000	1.0000	NaN	7.9665	8.2230	14.9189	340826.5441	340826.8463	1.0000	1.0000	0.3121
18cl02	1	39	0	1	2.0000	1.0000	-1.0000	0.3750	NaN	NaN	NaN	340827.6958	340828.0525	0.0000	1.0000	0.3699
18cl02	1	40	0	1	1.0000	1.0000	1.0000	NaN	5.4126	3.8080	16.0176	340830.7029	340831.0053	1.0000	1.0000	0.2498
18cl02	1	40	0	1	2.0000	1.0000	1.0000	0.1198	NaN	NaN	NaN	340831.7923	340832.1424	1.0000	1.0000	0.9202
18cl02	1	41	0	1	1.0000	1.0000	-1.0000	NaN	9.5604	-10.5239	14.7616	340835.0115	340835.3136	0.0000	1.0000	0.3100
18cl02	1	41	0	1	2.0000	1.0000	-1.0000	0.4115	NaN	NaN	NaN	340836.2090	340836.5592	1.0000	0.0000	0.3759
18cl02	1	42	0	1	1.0000	1.0000	-1.0000	NaN	7.4258	-4.9265	15.8766	340839.0668	340839.3695	0.0000	1.0000	0.3810
18cl02	1	42	0	1	2.0000	1.0000	1.0000	0.5271	NaN	NaN	NaN	340840.3029	340840.6571	1.0000	1.0000	0.2616
18cl02	1	43	0	1	1.0000	1.0000	1.0000	NaN	6.2527	8.7177	16.6919	340842.8665	340843.1691	1.0000	1.0000	0.2940
18cl02	1	43	0	1	2.0000	1.0000	-1.0000	0.1345	NaN	NaN	NaN	340843.9833	340844.3392	1.0000	0.0000	0.5005
18cl02	1	44	0	1	1.0000	1.0000	-1.0000	NaN	8.1659	-6.6858	13.4701	340847.2878	340847.5900	0.0000	1.0000	0.3051
18cl02	1	44	0	1	2.0000	1.0000	-1.0000	0.7027	NaN	NaN	NaN	340848.4789	340848.8348	0.0000	1.0000	0.5961
18cl02	1	45	0	1	1.0000	1.0000	-1.0000	NaN	6.8174	-7.9893	15.9821	340851.5450	340851.8473	0.0000	1.0000	0.3196
18cl02	1	45	0	1	2.0000	1.0000	1.0000	0.3108	NaN	NaN	NaN	340852.7197	340853.0732	1.0000	1.0000	0.5492
18cl02	1	46	0	1	1.0000	1.0000	-1.0000	NaN	3.7666	-2.6429	14.4562	340855.6551	340855.9573	0.0000	1.0000	0.4651
18cl02	1	46	0	1	2.0000	1.0000	1.0000	0.4261	NaN	NaN	NaN	340856.9917	340857.3441	1.0000	1.0000	0.2783
18cl02	1	47	0	1	1.0000	1.0000	-1.0000	NaN	0.0125	-0.4151	14.0135	340860.2492	340860.5563	0.0000	1.0000	0.3794
18cl02	1	47	0	1	2.0000	1.0000	1.0000	0.3246	NaN	NaN	NaN	340861.5093	340861.9293	1.0000	1.0000	0.3812
18cl02	1	48	0	1	1.0000	1.0000	-1.0000	NaN	5.5714	-6.6569	15.3519	340864.5694	340864.8742	0.0000	1.0000	0.5242
18cl02	1	48	0	1	2.0000	1.0000	1.0000	0.7588	NaN	NaN	NaN	340865.9407	340866.3631	1.0000	1.0000	0.2833
18cl02	1	49	0	1	1.0000	1.0000	-1.0000	NaN	4.7863	-5.4869	15.4984	340869.1469	340869.4532	0.0000	1.0000	0.4590
18cl02	1	49	0	1	2.0000	1.0000	1.0000	0.8619	NaN	NaN	NaN	340870.4820	340870.8905	1.0000	1.0000	0.3491
18cl02	1	50	0	1	1.0000	1.0000	1.0000	NaN	3.3795	4.1112	15.4940	340873.3375	340873.6397	1.0000	1.0000	0.5443
18cl02	1	50	0	1	2.0000	1.0000	-1.0000	0.0835	NaN	NaN	NaN	340874.7186	340875.0720	0.0000	1.0000	0.5030
18cl02	2	1	0	1	1.0000	1.0000	1.0000	NaN	5.1334	5.6048	15.1532	340917.4301	340917.7373	1.0000	1.0000	0.3981
18cl02	2	1	0	1	2.0000	1.0000	1.0000	0.7597	NaN	NaN	NaN	340918.6595	340919.0771	1.0000	1.0000	0.3052
18cl02	2	2	0	1	1.0000	1.0000	-1.0000	NaN	1.9507	-2.1969	15.1328	340921.4765	340921.7818	0.0000	1.0000	0.3062
18cl02	2	2	0	1	2.0000	1.0000	1.0000	0.5962	NaN	NaN	NaN	340922.6429	340923.0597	1.0000	1.0000	0.1159
18cl02	2	3	0	1	1.0000	1.0000	-1.0000	NaN	10.9680	-10.8987	16.3840	340925.4401	340925.7446	0.0000	1.0000	0.2631
18cl02	2	3	0	1	2.0000	1.0000	-1.0000	0.6808	NaN	NaN	NaN	340926.5618	340926.9762	1.0000	0.0000	0.3433
18cl02	2	4	0	1	1.0000	1.0000	1.0000	NaN	9.7556	11.2787	16.0606	340929.2186	340929.5208	1.0000	1.0000	0.2295
18cl02	2	4	0	1	2.0000	1.0000	1.0000	0.4973	NaN	NaN	NaN	340930.2878	340930.6404	1.0000	1.0000	0.2945
18cl02	2	5	0	1	1.0000	1.0000	1.0000	NaN	9.7846	8.8595	14.6763	340933.3586	340933.6608	1.0000	1.0000	0.5864
18cl02	2	5	0	1	2.0000	1.0000	1.0000	0.2360	NaN	NaN	NaN	340934.7685	340935.1191	1.0000	1.0000	0.3752
18cl02	2	6	0	1	1.0000	1.0000	-1.0000	NaN	8.0036	-7.4467	15.9317	340937.6523	340937.9545	0.0000	1.0000	0.2599
18cl02	2	6	0	1	2.0000	1.0000	1.0000	0.7803	NaN	NaN	NaN	340938.7667	340939.1188	1.0000	1.0000	0.4724
18cl02	2	7	0	1	1.0000	1.0000	-1.0000	NaN	8.7438	-9.2605	13.9753	340941.6495	340941.9517	0.0000	1.0000	0.2147
18cl02	2	7	0	1	2.0000	1.0000	-1.0000	0.0561	NaN	NaN	NaN	340942.7204	340943.0705	1.0000	0.0000	0.3931
18cl02	2	8	0	1	1.0000	1.0000	1.0000	NaN	7.2679	8.1362	14.3577	340945.8746	340946.1768	0.0000	0.0000	0.3901
18cl02	2	8	0	1	2.0000	1.0000	-1.0000	0.0189	NaN	NaN	NaN	340947.1201	340947.4703	0.0000	1.0000	0.4571
18cl02	2	9	0	1	1.0000	1.0000	-1.0000	NaN	2.4526	-2.3379	14.4346	340949.9847	340950.2869	0.0000	1.0000	0.4244
18cl02	2	9	0	1	2.0000	1.0000	1.0000	0.1861	NaN	NaN	NaN	340951.2796	340951.6335	1.0000	1.0000	0.2934
18cl02	2	10	0	1	1.0000	1.0000	1.0000	NaN	2.2499	2.3443	15.5733	340954.5545	340954.8590	1.0000	1.0000	0.4764
18cl02	2	10	0	1	2.0000	1.0000	-1.0000	0.7225	NaN	NaN	NaN	340955.8748	340956.2914	0.0000	1.0000	0.4030
18cl02	2	11	0	1	1.0000	1.0000	-1.0000	NaN	9.3497	-8.5604	15.8880	340958.9929	340959.3001	0.0000	1.0000	0.3874
18cl02	2	11	0	1	2.0000	1.0000	-1.0000	0.6529	NaN	NaN	NaN	340960.2427	340960.6713	0.0000	1.0000	0.4568
18cl02	2	12	0	1	1.0000	1.0000	-1.0000	NaN	0.7619	-0.6609	14.3199	340963.1747	340963.4802	0.0000	1.0000	0.3830
18cl02	2	12	0	1	2.0000	1.0000	-1.0000	0.6884	NaN	NaN	NaN	340964.4212	340964.8415	1.0000	0.0000	0.3334
18cl02	2	13	0	1	1.0000	1.0000	1.0000	NaN	1.5117	2.6821	13.9947	340967.3425	340967.6504	0.0000	0.0000	0.5799
18cl02	2	13	0	1	2.0000	1.0000	1.0000	0.7401	NaN	NaN	NaN	340968.7888	340969.2073	1.0000	1.0000	0.2876
18cl02	2	14	0	1	1.0000	1.0000	-1.0000	NaN	7.8931	-8.6460	14.4106	340972.1181	340972.4226	0.0000	1.0000	0.3997
18cl02	2	14	0	1	2.0000	1.0000	-1.0000	0.6176	NaN	NaN	NaN	340973.3616	340973.7738	0.0000	1.0000	0.5530
18cl02	2	15	0	1	1.0000	1.0000	1.0000	NaN	10.5851	11.2474	15.2452	340976.4585	340976.7650	1.0000	1.0000	0.2664
18cl02	2	15	0	1	2.0000	1.0000	-1.0000	0.3220	NaN	NaN	NaN	340977.5896	340978.0070	1.0000	0.0000	0.9596
18cl02	2	16	0	1	1.0000	1.0000	1.0000	NaN	9.7408	9.4886	15.4602	340980.9108	340981.2175	1.0000	1.0000	0.2778
18cl02	2	16	0	1	2.0000	1.0000	-1.0000	0.1453	NaN	NaN	NaN	340982.0209	340982.4399	0.0000	1.0000	0.2544
18cl02	2	17	0	1	1.0000	1.0000	-1.0000	NaN	9.6231	-10.5744	15.3048	340984.9683	340985.2725	0.0000	1.0000	0.3182
18cl02	2	17	0	1	2.0000	1.0000	-1.0000	0.2257	NaN	NaN	NaN	340986.1302	340986.5392	1.0000	0.0000	0.3150
18cl02	2	18	0	1	1.0000	1.0000	-1.0000	NaN	5.1524	-6.1279	14.8019	340989.3095	340989.6164	0.0000	1.0000	0.3259
18cl02	2	18	0	1	2.0000	1.0000	1.0000	0.2282	NaN	NaN	NaN	340990.4845	340990.8931	1.0000	1.0000	0.3452
18cl02	2	19	0	1	1.0000	1.0000	-1.0000	NaN	10.7262	-11.5860	15.1859	340993.4608	340993.7667	0.0000	1.0000	0.3357
18cl02	2	19	0	1	2.0000	1.0000	-1.0000	0.6409	NaN	NaN	NaN	340994.6583	340995.0722	1.0000	0.0000	0.4381
18cl02	2	20	0	1	1.0000	1.0000	-1.0000	NaN	2.8576	-3.9827	14.6283	340998.0573	340998.3633	0.0000	1.0000	0.4429
18cl02	2	20	0	1	2.0000	1.0000	-1.0000	0.2404	NaN	NaN	NaN	340999.3619	340999.7720	1.0000	0.0000	0.4262
18cl02	2	21	0	1	1.0000	1.0000	1.0000	NaN	1.5000	2.0596	14.5742	341002.7876	341003.0919	0.0000	0.0000	0.4190
18cl02	2	21	0	1	2.0000	1.0000	1.0000	0.5026	NaN	NaN	NaN	341004.0850	341004.5056	1.0000	1.0000	0.2527
18cl02	2	22	0	1	1.0000	1.0000	1.0000	NaN	7.4428	5.1178	16.4002	341007.1425	341007.4496	1.0000	1.0000	0.7332
18cl02	2	22	0	1	2.0000	1.0000	-1.0000	0.3584	NaN	NaN	NaN	341008.7550	341009.1720	0.0000	1.0000	0.4035
18cl02	2	23	0	1	1.0000	1.0000	1.0000	NaN	9.1036	9.2531	14.8727	341011.8232	341012.1294	1.0000	1.0000	0.4209
18cl02	2	23	0	1	2.0000	1.0000	-1.0000	0.3345	NaN	NaN	NaN	341013.0738	341013.4856	0.0000	1.0000	0.4102
18cl02	2	24	0	1	1.0000	1.0000	-1.0000	NaN	8.1536	-7.4789	13.4323	341016.0184	341016.3229	0.0000	1.0000	0.4839
18cl02	2	24	0	1	2.0000	1.0000	-1.0000	0.6747	NaN	NaN	NaN	341017.3454	341017.7666	1.0000	0.0000	0.4484
18cl02	2	25	0	1	1.0000	1.0000	-1.0000	NaN	2.9276	-1.5962	14.6764	341020.3507	341020.6553	1.0000	0.0000	0.3429
18cl02	2	25	0	1	2.0000	1.0000	-1.0000	0.0687	NaN	NaN	NaN	341021.5217	341021.9380	0.0000	1.0000	0.5002
18cl02	2	26	0	1	1.0000	1.0000	-1.0000	NaN	11.6877	-11.0912	14.9420	341024.9892	341025.2954	0.0000	1.0000	0.3595
18cl02	2	26	0	1	2.0000	1.0000	-1.0000	0.5881	NaN	NaN	NaN	341026.2104	341026.6212	1.0000	0.0000	0.3777
18cl02	2	27	0	1	1.0000	1.0000	1.0000	NaN	7.4292	5.1826	16.3870	341029.3621	341029.6665	1.0000	1.0000	0.4529
18cl02	2	27	0	1	2.0000	1.0000	-1.0000	0.1648	NaN	NaN	NaN	341030.6425	341031.0256	0.0000	1.0000	0.5182
18cl02	2	28	0	1	1.0000	1.0000	1.0000	NaN	7.4610	5.3607	15.1528	341033.9170	341034.2192	1.0000	1.0000	0.3642
18cl02	2	28	0	1	2.0000	1.0000	-1.0000	0.8949	NaN	NaN	NaN	341035.1350	341035.4920	0.0000	1.0000	0.3702
18cl02	2	29	0	1	1.0000	1.0000	1.0000	NaN	8.3134	9.8843	16.5643	341037.9517	341038.2539	1.0000	1.0000	0.3134
18cl02	2	29	0	1	2.0000	1.0000	-1.0000	0.1968	NaN	NaN	NaN	341039.1032	341039.4582	1.0000	0.0000	1.1893
18cl02	2	30	0	1	1.0000	1.0000	1.0000	NaN	2.3044	2.7574	15.2526	341042.6718	341042.9740	1.0000	1.0000	0.4887
18cl02	2	30	0	1	2.0000	1.0000	1.0000	0.3303	NaN	NaN	NaN	341043.9987	341044.3488	1.0000	1.0000	0.5067
18cl02	2	31	0	1	1.0000	1.0000	1.0000	NaN	2.8631	3.1750	14.9144	341047.3121	341047.6143	1.0000	1.0000	0.3925
18cl02	2	31	0	1	2.0000	1.0000	1.0000	0.3326	NaN	NaN	NaN	341048.5591	341048.9133	1.0000	1.0000	0.4859
18cl02	2	32	0	1	1.0000	1.0000	-1.0000	NaN	5.8746	-6.9396	14.9693	341051.5469	341051.8490	0.0000	1.0000	0.4612
18cl02	2	32	0	1	2.0000	1.0000	1.0000	0.7396	NaN	NaN	NaN	341052.8647	341053.2150	1.0000	1.0000	0.3123
18cl02	2	33	0	1	1.0000	1.0000	1.0000	NaN	7.2638	6.2387	14.3262	341055.8319	341056.1342	1.0000	1.0000	0.3360
18cl02	2	33	0	1	2.0000	1.0000	-1.0000	0.5231	NaN	NaN	NaN	341057.0228	341057.3782	0.0000	1.0000	0.3560
18cl02	2	34	0	1	1.0000	1.0000	1.0000	NaN	5.9285	5.3775	15.8437	341060.0492	341060.3515	1.0000	1.0000	0.2952
18cl02	2	34	0	1	2.0000	1.0000	-1.0000	0.5193	NaN	NaN	NaN	341061.1990	341061.5504	0.0000	1.0000	0.2969
18cl02	2	35	0	1	1.0000	1.0000	1.0000	NaN	6.0678	7.6738	15.9491	341064.3391	341064.6460	1.0000	1.0000	0.4174
18cl02	2	35	0	1	2.0000	1.0000	1.0000	0.1429	NaN	NaN	NaN	341065.6018	341066.0191	1.0000	1.0000	0.5003
18cl02	2	36	0	1	1.0000	1.0000	-1.0000	NaN	5.8187	-7.5972	14.7840	341068.5652	341068.8700	1.0000	0.0000	0.1613
18cl02	2	36	0	1	2.0000	1.0000	-1.0000	0.2869	NaN	NaN	NaN	341069.5703	341069.9856	1.0000	0.0000	0.3897
18cl02	2	37	0	1	1.0000	1.0000	-1.0000	NaN	10.2216	-8.7208	15.2005	341072.9034	341073.2095	0.0000	1.0000	0.3493
18cl02	2	37	0	1	2.0000	1.0000	1.0000	0.9147	NaN	NaN	NaN	341074.1014	341074.5187	1.0000	1.0000	0.3362
18cl02	2	38	0	1	1.0000	1.0000	1.0000	NaN	9.8670	8.0142	16.0888	341077.1135	341077.4180	1.0000	1.0000	0.4282
18cl02	2	38	0	1	2.0000	1.0000	1.0000	0.1444	NaN	NaN	NaN	341078.3704	341078.7852	1.0000	1.0000	0.5335
18cl02	2	39	0	1	1.0000	1.0000	1.0000	NaN	2.3671	3.5099	15.5283	341081.3637	341081.6682	1.0000	1.0000	0.5300
18cl02	2	39	0	1	2.0000	1.0000	1.0000	0.5369	NaN	NaN	NaN	341082.7225	341083.1344	1.0000	1.0000	0.4409
18cl02	2	40	0	1	1.0000	1.0000	-1.0000	NaN	7.1750	-9.1226	15.5342	341085.5159	341085.8201	0.0000	1.0000	0.3140
18cl02	2	40	0	1	2.0000	1.0000	-1.0000	0.5517	NaN	NaN	NaN	341086.6739	341087.0843	1.0000	0.0000	0.4116
18cl02	2	41	0	1	1.0000	1.0000	-1.0000	NaN	5.6294	-7.6721	14.9666	341089.4522	341089.7574	0.0000	1.0000	0.4093
18cl02	2	41	0	1	2.0000	1.0000	1.0000	0.5196	NaN	NaN	NaN	341090.7221	341091.1313	1.0000	1.0000	0.6348
18cl02	2	42	0	1	1.0000	1.0000	1.0000	NaN	4.5727	6.8640	15.0565	341093.5894	341093.8920	1.0000	1.0000	0.3711
18cl02	2	42	0	1	2.0000	1.0000	-1.0000	0.0191	NaN	NaN	NaN	341094.7991	341095.1557	1.0000	0.0000	0.4675
18cl02	2	43	0	1	1.0000	1.0000	-1.0000	NaN	9.1552	-10.7069	14.6501	341097.8132	341098.1154	0.0000	1.0000	0.6427
18cl02	2	43	0	1	2.0000	1.0000	-1.0000	0.8037	NaN	NaN	NaN	341099.2959	341099.6458	1.0000	0.0000	0.6644
18cl02	2	44	0	1	1.0000	1.0000	-1.0000	NaN	5.7621	-6.5179	15.2367	341102.4886	341102.7915	0.0000	1.0000	0.6558
18cl02	2	44	0	1	2.0000	1.0000	1.0000	0.8731	NaN	NaN	NaN	341103.9831	341104.3385	1.0000	1.0000	0.4847
18cl02	2	45	0	1	1.0000	1.0000	-1.0000	NaN	10.7779	-11.9469	13.8693	341106.9955	341107.2977	0.0000	1.0000	0.6605
18cl02	2	45	0	1	2.0000	1.0000	1.0000	0.6075	NaN	NaN	NaN	341108.5121	341108.8648	1.0000	1.0000	0.7580
18cl02	2	46	0	1	1.0000	1.0000	1.0000	NaN	11.8912	11.5341	14.6076	341111.9323	341112.2366	1.0000	1.0000	0.4904
18cl02	2	46	0	1	2.0000	1.0000	-1.0000	0.8174	NaN	NaN	NaN	341113.2490	341113.6668	0.0000	1.0000	0.8200
18cl02	2	47	0	1	1.0000	1.0000	-1.0000	NaN	11.8460	-11.1244	14.7371	341117.0509	341117.3531	0.0000	1.0000	0.2050
18cl02	2	47	0	1	2.0000	1.0000	-1.0000	0.9118	NaN	NaN	NaN	341118.1116	341118.4616	0.0000	1.0000	0.2645
18cl02	2	48	0	1	1.0000	1.0000	-1.0000	NaN	9.8633	-11.1892	14.4965	341120.9250	341121.2272	0.0000	1.0000	0.3149
18cl02	2	48	0	1	2.0000	1.0000	-1.0000	0.7854	NaN	NaN	NaN	341122.0786	341122.4308	0.0000	1.0000	0.3605
18cl02	2	49	0	1	1.0000	1.0000	1.0000	NaN	5.6062	5.2482	14.4046	341125.1638	341125.4660	0.0000	0.0000	0.4287
18cl02	2	49	0	1	2.0000	1.0000	1.0000	0.1299	NaN	NaN	NaN	341126.4312	341126.7874	1.0000	1.0000	0.4199
18cl02	2	50	0	1	1.0000	1.0000	1.0000	NaN	11.7572	13.3398	14.1423	341129.3433	341129.6456	1.0000	1.0000	1.0333
18cl02	2	50	0	1	2.0000	1.0000	1.0000	0.7896	NaN	NaN	NaN	341131.1825	341131.5371	1.0000	1.0000	0.4214
18cl02	3	1	0	1	1.0000	1.0000	-1.0000	NaN	6.6744	-7.0694	14.4351	341151.1391	341151.4414	0.0000	1.0000	0.3418
18cl02	3	1	0	1	2.0000	1.0000	-1.0000	0.8440	NaN	NaN	NaN	341152.3355	341152.6900	0.0000	1.0000	0.6932
18cl02	3	2	0	1	1.0000	1.0000	-1.0000	NaN	1.1543	-1.1589	14.6836	341155.8066	341156.1088	0.0000	1.0000	0.8737
18cl02	3	2	0	1	2.0000	1.0000	-1.0000	0.3882	NaN	NaN	NaN	341157.5352	341157.8899	1.0000	0.0000	0.3082
18cl02	3	3	0	1	1.0000	1.0000	-1.0000	NaN	1.5785	-3.3655	14.2678	341160.4484	341160.7533	0.0000	1.0000	0.4382
18cl02	3	3	0	1	2.0000	1.0000	1.0000	0.0090	NaN	NaN	NaN	341161.7466	341162.1643	1.0000	1.0000	0.3550
18cl02	3	4	0	1	1.0000	1.0000	1.0000	NaN	10.8264	10.1834	15.1892	341165.0610	341165.3659	1.0000	1.0000	0.8167
18cl02	3	4	0	1	2.0000	1.0000	1.0000	0.4703	NaN	NaN	NaN	341166.7220	341167.1479	1.0000	1.0000	0.3142
18cl02	3	5	0	1	1.0000	1.0000	1.0000	NaN	11.8868	12.8205	16.1349	341169.4474	341169.7526	1.0000	1.0000	0.3817
18cl02	3	5	0	1	2.0000	1.0000	-1.0000	0.2622	NaN	NaN	NaN	341170.6771	341171.0977	1.0000	0.0000	0.4290
18cl02	3	6	0	1	1.0000	1.0000	1.0000	NaN	0.5899	1.7560	15.6666	341173.4935	341173.7979	1.0000	1.0000	0.4333
18cl02	3	6	0	1	2.0000	1.0000	1.0000	0.1246	NaN	NaN	NaN	341174.7541	341175.1752	1.0000	1.0000	0.3361
18cl02	3	7	0	1	1.0000	1.0000	1.0000	NaN	0.6859	0.4882	14.8255	341177.6040	341177.9084	1.0000	1.0000	0.8185
18cl02	3	7	0	1	2.0000	1.0000	1.0000	0.4066	NaN	NaN	NaN	341179.2342	341179.6467	1.0000	1.0000	0.3765
18cl02	3	8	0	1	1.0000	1.0000	1.0000	NaN	1.2082	1.0855	13.5094	341182.3905	341182.6950	1.0000	1.0000	0.4957
18cl02	3	8	0	1	2.0000	1.0000	-1.0000	0.7288	NaN	NaN	NaN	341183.7144	341184.1293	0.0000	1.0000	0.3742
18cl02	3	9	0	1	1.0000	1.0000	-1.0000	NaN	3.8089	-2.2319	14.7480	341187.0758	341187.3799	0.0000	1.0000	0.4669
18cl02	3	9	0	1	2.0000	1.0000	-1.0000	0.7470	NaN	NaN	NaN	341188.3850	341188.7958	0.0000	1.0000	1.1948
18cl02	3	10	0	1	1.0000	1.0000	1.0000	NaN	11.0728	10.4915	15.1772	341192.4824	341192.7895	1.0000	1.0000	0.4646
18cl02	3	10	0	1	2.0000	1.0000	1.0000	0.1342	NaN	NaN	NaN	341193.7783	341194.1959	1.0000	1.0000	0.4026
18cl02	3	11	0	1	1.0000	1.0000	1.0000	NaN	10.6451	10.1154	12.9239	341196.4753	341196.7793	1.0000	1.0000	0.2986
18cl02	3	11	0	1	2.0000	1.0000	-1.0000	0.7582	NaN	NaN	NaN	341197.6022	341198.0119	0.0000	1.0000	1.0987
18cl02	3	12	0	1	1.0000	1.0000	-1.0000	NaN	7.2556	-8.2927	14.9494	341201.3502	341201.6562	0.0000	1.0000	0.4463
18cl02	3	12	0	1	2.0000	1.0000	1.0000	0.1178	NaN	NaN	NaN	341202.6439	341203.0503	1.0000	1.0000	0.2848
18cl02	3	13	0	1	1.0000	1.0000	1.0000	NaN	11.8400	13.0980	14.8652	341205.6417	341205.9458	1.0000	1.0000	0.3168
18cl02	3	13	0	1	2.0000	1.0000	1.0000	0.9355	NaN	NaN	NaN	341206.7857	341207.1948	1.0000	1.0000	0.2839
18cl02	3	14	0	1	1.0000	1.0000	1.0000	NaN	11.7604	11.8012	13.5639	341209.9780	341210.2828	1.0000	1.0000	0.2993
18cl02	3	14	0	1	2.0000	1.0000	1.0000	0.1995	NaN	NaN	NaN	341211.1395	341211.5623	1.0000	1.0000	0.6037
18cl02	3	15	0	1	1.0000	1.0000	1.0000	NaN	9.5928	8.7639	14.3939	341214.5368	341214.8415	1.0000	1.0000	0.2526
18cl02	3	15	0	1	2.0000	1.0000	1.0000	0.0287	NaN	NaN	NaN	341215.6348	341216.0576	1.0000	1.0000	0.4139
18cl02	3	16	0	1	1.0000	1.0000	-1.0000	NaN	7.4390	-5.6190	15.8454	341218.6882	341218.9928	1.0000	0.0000	0.2458
18cl02	3	16	0	1	2.0000	1.0000	1.0000	0.3128	NaN	NaN	NaN	341219.7621	341220.1547	1.0000	1.0000	0.3325
18cl02	3	17	0	1	1.0000	1.0000	1.0000	NaN	10.6649	8.8708	14.3530	341222.6114	341222.9135	1.0000	1.0000	0.3090
18cl02	3	17	0	1	2.0000	1.0000	1.0000	0.9175	NaN	NaN	NaN	341223.7264	341224.0825	1.0000	1.0000	0.5155
18cl02	3	18	0	1	1.0000	1.0000	1.0000	NaN	2.8203	2.7181	15.1697	341226.4069	341226.7091	1.0000	1.0000	0.4172
18cl02	3	18	0	1	2.0000	1.0000	-1.0000	0.5015	NaN	NaN	NaN	341227.6471	341228.0028	0.0000	1.0000	0.5647
18cl02	3	19	0	1	1.0000	1.0000	1.0000	NaN	11.0033	12.2488	13.3524	341230.9652	341231.2683	1.0000	1.0000	0.2750
18cl02	3	19	0	1	2.0000	1.0000	1.0000	0.0839	NaN	NaN	NaN	341232.0634	341232.4195	1.0000	1.0000	0.4831
18cl02	3	20	0	1	1.0000	1.0000	-1.0000	NaN	4.6442	-3.6387	15.1788	341234.8518	341235.1541	0.0000	1.0000	0.4693
18cl02	3	20	0	1	2.0000	1.0000	-1.0000	0.0650	NaN	NaN	NaN	341236.1587	341236.5152	1.0000	0.0000	0.3074
18cl02	3	21	0	1	1.0000	1.0000	-1.0000	NaN	9.5445	-9.0077	14.2947	341238.8482	341239.1513	0.0000	1.0000	0.5364
18cl02	3	21	0	1	2.0000	1.0000	-1.0000	0.2472	NaN	NaN	NaN	341240.2228	341240.5750	0.0000	1.0000	0.5682
18cl02	3	22	0	1	1.0000	1.0000	-1.0000	NaN	7.1282	-7.4325	14.9813	341243.6578	341243.9600	0.0000	1.0000	0.4146
18cl02	3	22	0	1	2.0000	1.0000	1.0000	0.3969	NaN	NaN	NaN	341244.9268	341245.2811	1.0000	1.0000	0.3417
18cl02	3	23	0	1	1.0000	1.0000	-1.0000	NaN	9.2288	-9.1325	15.7315	341247.6470	341247.9506	0.0000	1.0000	0.3119
18cl02	3	23	0	1	2.0000	1.0000	1.0000	0.8186	NaN	NaN	NaN	341248.8151	341249.1686	1.0000	1.0000	0.4054
18cl02	3	24	0	1	1.0000	1.0000	-1.0000	NaN	4.3288	-6.1601	13.7045	341252.1097	341252.4141	0.0000	1.0000	0.4084
18cl02	3	24	0	1	2.0000	1.0000	-1.0000	0.1767	NaN	NaN	NaN	341253.2812	341253.6930	1.0000	0.0000	0.2822
18cl02	3	25	0	1	1.0000	1.0000	-1.0000	NaN	7.4644	-8.1087	14.0199	341256.5063	341256.8112	0.0000	1.0000	0.3320
18cl02	3	25	0	1	2.0000	1.0000	-1.0000	0.9499	NaN	NaN	NaN	341257.6980	341258.1223	1.0000	0.0000	0.3001
18cl02	3	26	0	1	1.0000	1.0000	-1.0000	NaN	8.7879	-8.5603	15.3957	341260.3914	341260.6959	0.0000	1.0000	0.3672
18cl02	3	26	0	1	2.0000	1.0000	1.0000	0.5589	NaN	NaN	NaN	341261.6181	341262.0375	1.0000	1.0000	0.4332
18cl02	3	27	0	1	1.0000	1.0000	1.0000	NaN	11.7234	13.4787	14.9646	341264.7230	341265.0274	1.0000	1.0000	0.3225
18cl02	3	27	0	1	2.0000	1.0000	1.0000	0.1631	NaN	NaN	NaN	341265.8917	341266.3090	1.0000	1.0000	0.3862
18cl02	3	28	0	1	1.0000	1.0000	-1.0000	NaN	9.9222	-10.9442	15.8835	341268.8552	341269.1598	0.0000	1.0000	0.2873
18cl02	3	28	0	1	2.0000	1.0000	1.0000	0.3192	NaN	NaN	NaN	341270.0186	341270.4372	1.0000	1.0000	0.3688
18cl02	3	29	0	1	1.0000	1.0000	1.0000	NaN	8.9511	8.5777	15.2385	341272.7653	341273.0697	1.0000	1.0000	0.3449
18cl02	3	29	0	1	2.0000	1.0000	-1.0000	0.5569	NaN	NaN	NaN	341273.9413	341274.3586	1.0000	0.0000	0.3525
18cl02	3	30	0	1	1.0000	1.0000	1.0000	NaN	2.9225	2.1704	15.3062	341277.0894	341277.3939	1.0000	1.0000	0.2920
18cl02	3	30	0	1	2.0000	1.0000	-1.0000	0.2350	NaN	NaN	NaN	341278.1940	341278.6084	0.0000	1.0000	0.3896
18cl02	3	31	0	1	1.0000	1.0000	-1.0000	NaN	3.2476	-1.9013	15.6592	341280.9221	341281.2266	1.0000	0.0000	0.5566
18cl02	3	31	0	1	2.0000	1.0000	-1.0000	0.8949	NaN	NaN	NaN	341282.3075	341282.7127	0.0000	1.0000	0.2532
18cl02	3	32	0	1	1.0000	1.0000	-1.0000	NaN	10.9344	-12.4604	15.5338	341284.9495	341285.2516	0.0000	1.0000	0.4035
18cl02	3	32	0	1	2.0000	1.0000	1.0000	0.8782	NaN	NaN	NaN	341286.2065	341286.5627	1.0000	1.0000	0.2605
18cl02	3	33	0	1	1.0000	1.0000	-1.0000	NaN	7.4503	-7.0392	15.1684	341288.8960	341289.1988	0.0000	1.0000	0.3444
18cl02	3	33	0	1	2.0000	1.0000	-1.0000	0.4534	NaN	NaN	NaN	341290.0788	341290.4331	1.0000	0.0000	0.5168
18cl02	3	34	0	1	1.0000	1.0000	1.0000	NaN	5.6988	6.3093	13.1471	341292.7902	341293.0923	1.0000	1.0000	0.3388
18cl02	3	34	0	1	2.0000	1.0000	1.0000	0.6719	NaN	NaN	NaN	341293.9526	341294.3027	1.0000	1.0000	0.5683
18cl02	3	35	0	1	1.0000	1.0000	-1.0000	NaN	3.8472	-3.3803	13.6081	341297.2553	341297.5598	1.0000	0.0000	0.4308
18cl02	3	35	0	1	2.0000	1.0000	-1.0000	0.2748	NaN	NaN	NaN	341298.5293	341298.9402	0.0000	1.0000	0.6828
18cl02	3	36	0	1	1.0000	1.0000	1.0000	NaN	10.9674	11.4118	14.8258	341302.1513	341302.4560	1.0000	1.0000	0.2389
18cl02	3	36	0	1	2.0000	1.0000	-1.0000	0.6514	NaN	NaN	NaN	341303.2367	341303.6576	0.0000	1.0000	0.3017
18cl02	3	37	0	1	1.0000	1.0000	1.0000	NaN	10.9266	11.5590	14.5884	341306.0066	341306.3115	1.0000	1.0000	0.3504
18cl02	3	37	0	1	2.0000	1.0000	1.0000	0.3656	NaN	NaN	NaN	341307.2047	341307.6241	1.0000	1.0000	0.5904
18cl02	3	38	0	1	1.0000	1.0000	1.0000	NaN	8.6047	7.9924	16.7294	341310.3165	341310.6213	1.0000	1.0000	0.2818
18cl02	3	38	0	1	2.0000	1.0000	1.0000	0.8589	NaN	NaN	NaN	341311.4907	341311.9067	1.0000	1.0000	0.3559
18cl02	3	39	0	1	1.0000	1.0000	1.0000	NaN	6.1842	5.7665	14.3461	341314.4275	341314.7340	1.0000	1.0000	0.3119
18cl02	3	39	0	1	2.0000	1.0000	-1.0000	0.0264	NaN	NaN	NaN	341315.6366	341316.0565	1.0000	0.0000	0.6855
18cl02	3	40	0	1	1.0000	1.0000	-1.0000	NaN	6.2045	-6.0209	15.8636	341318.9905	341319.2960	1.0000	0.0000	0.3258
18cl02	3	40	0	1	2.0000	1.0000	-1.0000	0.0420	NaN	NaN	NaN	341320.1620	341320.5729	1.0000	0.0000	1.0176
18cl02	3	41	0	1	1.0000	1.0000	1.0000	NaN	6.7462	6.6835	14.8795	341323.9002	341324.2046	1.0000	1.0000	0.3628
18cl02	3	41	0	1	2.0000	1.0000	-1.0000	0.8830	NaN	NaN	NaN	341325.1063	341325.5222	0.0000	1.0000	0.3088
18cl02	3	42	0	1	1.0000	1.0000	1.0000	NaN	3.5635	2.3128	14.4432	341328.4938	341328.7998	0.0000	0.0000	0.5181
18cl02	3	42	0	1	2.0000	1.0000	-1.0000	0.1211	NaN	NaN	NaN	341329.8418	341330.2552	1.0000	0.0000	0.3752
18cl02	3	43	0	1	1.0000	1.0000	-1.0000	NaN	5.7925	-7.9324	15.7754	341332.7043	341333.0086	0.0000	1.0000	0.3098
18cl02	3	43	0	1	2.0000	1.0000	1.0000	0.2071	NaN	NaN	NaN	341333.8569	341334.2717	1.0000	1.0000	0.4222
18cl02	3	44	0	1	1.0000	1.0000	-1.0000	NaN	3.0211	-4.4441	14.5120	341337.1931	341337.4993	0.0000	1.0000	0.4915
18cl02	3	44	0	1	2.0000	1.0000	1.0000	0.8301	NaN	NaN	NaN	341338.5300	341338.9383	1.0000	1.0000	0.4121
18cl02	3	45	0	1	1.0000	1.0000	1.0000	NaN	0.6045	0.3462	15.4332	341341.4007	341341.7049	0.0000	0.0000	0.4141
18cl02	3	45	0	1	2.0000	1.0000	-1.0000	0.8136	NaN	NaN	NaN	341342.6738	341343.0879	0.0000	1.0000	0.8868
18cl02	3	46	0	1	1.0000	1.0000	-1.0000	NaN	1.9455	-1.5147	15.2726	341345.8032	341346.1074	0.0000	1.0000	0.3959
18cl02	3	46	0	1	2.0000	1.0000	-1.0000	0.5640	NaN	NaN	NaN	341347.0579	341347.4710	1.0000	0.0000	0.4076
18cl02	3	47	0	1	1.0000	1.0000	-1.0000	NaN	7.6742	-9.8737	14.0927	341350.1700	341350.4748	0.0000	1.0000	0.3164
18cl02	3	47	0	1	2.0000	1.0000	-1.0000	0.5295	NaN	NaN	NaN	341351.3474	341351.7719	1.0000	0.0000	0.6180
18cl02	3	48	0	1	1.0000	1.0000	1.0000	NaN	2.4255	0.0579	16.6265	341354.6291	341354.9313	1.0000	1.0000	0.3237
18cl02	3	48	0	1	2.0000	1.0000	-1.0000	0.7667	NaN	NaN	NaN	341355.7752	341356.1299	0.0000	1.0000	0.4040
18cl02	3	49	0	1	1.0000	1.0000	-1.0000	NaN	6.5417	-5.7819	13.1104	341358.8079	341359.1113	0.0000	1.0000	0.2556
18cl02	3	49	0	1	2.0000	1.0000	-1.0000	0.6599	NaN	NaN	NaN	341359.9351	341360.2923	1.0000	0.0000	0.3388
18cl02	3	50	0	1	1.0000	1.0000	-1.0000	NaN	10.2812	-10.6187	14.3550	341363.0916	341363.3949	0.0000	1.0000	0.5949
18cl02	3	50	0	1	2.0000	1.0000	-1.0000	0.8193	NaN	NaN	NaN	341364.5430	341364.8973	1.0000	0.0000	0.2766
