53zm01	1	1	0	1	1.0000	1.0000	1.0000	NaN	7.9153	9.1605	15.0034	1972.1373	1972.4390	1.0000	1.0000	0.1179
53zm01	1	1	0	1	2.0000	1.0000	-1.0000	0.1424	NaN	NaN	NaN	1973.1180	1973.4517	1.0000	0.0000	0.4978
53zm01	1	2	0	1	1.0000	1.0000	1.0000	NaN	7.8689	8.7862	13.9941	1976.1997	1976.5007	1.0000	1.0000	0.1286
53zm01	1	2	0	1	2.0000	1.0000	1.0000	0.9115	NaN	NaN	NaN	1977.1883	1977.5153	0.0000	0.0000	0.4902
53zm01	1	3	0	1	1.0000	1.0000	1.0000	NaN	4.0100	3.7764	13.9117	1980.7331	1981.0342	1.0000	1.0000	0.1228
53zm01	1	3	0	1	2.0000	1.0000	-1.0000	0.8464	NaN	NaN	NaN	1981.7170	1982.0457	0.0000	1.0000	0.4797
53zm01	1	4	0	1	1.0000	1.0000	-1.0000	NaN	8.0140	-8.0635	14.9997	1984.9640	1985.2650	0.0000	1.0000	0.3248
53zm01	1	4	0	1	2.0000	1.0000	1.0000	0.2128	NaN	NaN	NaN	1986.1415	1986.4677	1.0000	1.0000	0.9459
53zm01	1	5	0	1	1.0000	1.0000	1.0000	NaN	4.5433	5.6530	15.6781	1989.9681	1990.2691	1.0000	1.0000	0.3604
53zm01	1	5	0	1	2.0000	1.0000	-1.0000	0.6121	NaN	NaN	NaN	1991.2044	1991.5341	0.0000	1.0000	0.4236
53zm01	1	6	0	1	1.0000	1.0000	1.0000	NaN	1.2676	2.1278	16.7414	1994.2642	1994.5652	1.0000	1.0000	0.5677
53zm01	1	6	0	1	2.0000	1.0000	-1.0000	0.3089	NaN	NaN	NaN	1995.7004	1996.0277	0.0000	1.0000	0.8972
53zm01	1	7	0	1	1.0000	1.0000	1.0000	NaN	6.5666	7.9320	14.1297	1998.8796	1999.1805	1.0000	1.0000	0.3210
53zm01	1	7	0	1	2.0000	1.0000	-1.0000	0.9113	NaN	NaN	NaN	2000.0687	2000.3952	0.0000	1.0000	0.3937
53zm01	1	8	0	1	1.0000	1.0000	-1.0000	NaN	3.8253	-3.5945	15.4498	2003.3515	2003.6524	0.0000	1.0000	0.2325
53zm01	1	8	0	1	2.0000	1.0000	1.0000	0.2818	NaN	NaN	NaN	2004.4440	2004.7714	0.0000	0.0000	0.5782
53zm01	1	9	0	1	1.0000	1.0000	-1.0000	NaN	3.6762	-0.5394	15.6184	2007.2609	2007.5620	0.0000	1.0000	0.3476
53zm01	1	9	0	1	2.0000	1.0000	-1.0000	0.4244	NaN	NaN	NaN	2008.4529	2008.7805	0.0000	1.0000	0.5691
53zm01	1	10	0	1	1.0000	1.0000	1.0000	NaN	9.8115	9.2237	13.4359	2011.4625	2011.7634	1.0000	1.0000	0.4582
53zm01	1	10	0	1	2.0000	1.0000	-1.0000	0.4852	NaN	NaN	NaN	2012.8212	2013.1485	0.0000	1.0000	0.4091
53zm01	1	11	0	1	1.0000	1.0000	1.0000	NaN	5.0814	4.2677	13.9927	2016.0094	2016.3103	1.0000	1.0000	0.6632
53zm01	1	11	0	1	2.0000	1.0000	-1.0000	0.7399	NaN	NaN	NaN	2017.5486	2017.8803	0.0000	1.0000	0.5964
53zm01	1	12	0	1	1.0000	1.0000	1.0000	NaN	1.3344	1.3499	16.0529	2020.4713	2020.7724	1.0000	1.0000	1.3134
53zm01	1	12	0	1	2.0000	1.0000	1.0000	0.3508	NaN	NaN	NaN	2022.6602	2022.9863	0.0000	0.0000	0.7306
53zm01	1	13	0	1	1.0000	1.0000	1.0000	NaN	7.2238	8.0302	16.2475	2026.2510	2026.5523	1.0000	1.0000	0.3172
53zm01	1	13	0	1	2.0000	1.0000	1.0000	0.1574	NaN	NaN	NaN	2027.4762	2027.8024	0.0000	0.0000	1.6035
53zm01	1	14	0	1	1.0000	1.0000	-1.0000	NaN	1.8439	-1.2881	14.5598	2031.7829	2032.0839	1.0000	0.0000	0.3771
53zm01	1	14	0	1	2.0000	1.0000	-1.0000	0.2531	NaN	NaN	NaN	2033.0360	2033.3646	0.0000	1.0000	0.7449
53zm01	1	15	0	1	1.0000	1.0000	-1.0000	NaN	3.1465	-3.7573	15.4025	2036.2210	2036.5222	1.0000	0.0000	0.4593
53zm01	1	15	0	1	2.0000	1.0000	-1.0000	0.5652	NaN	NaN	NaN	2037.5803	2037.9079	1.0000	0.0000	0.4658
53zm01	1	16	0	1	1.0000	1.0000	1.0000	NaN	0.8159	2.1671	15.2450	2040.9648	2041.2657	1.0000	1.0000	0.3792
53zm01	1	16	0	1	2.0000	1.0000	1.0000	0.6604	NaN	NaN	NaN	2042.1883	2042.5161	0.0000	0.0000	0.4735
53zm01	1	17	0	1	1.0000	1.0000	-1.0000	NaN	8.1567	-8.5889	14.4285	2045.4517	2045.7528	0.0000	1.0000	0.4049
53zm01	1	17	0	1	2.0000	1.0000	-1.0000	0.3186	NaN	NaN	NaN	2046.7165	2047.0457	0.0000	1.0000	0.6712
53zm01	1	18	0	1	1.0000	1.0000	1.0000	NaN	3.3231	3.2563	15.8870	2050.2110	2050.5119	1.0000	1.0000	0.2937
53zm01	1	18	0	1	2.0000	1.0000	-1.0000	0.0302	NaN	NaN	NaN	2051.3640	2051.6903	0.0000	1.0000	0.6113
53zm01	1	19	0	1	1.0000	1.0000	1.0000	NaN	7.1323	7.7006	15.3740	2054.4635	2054.7645	1.0000	1.0000	0.1609
53zm01	1	19	0	1	2.0000	1.0000	-1.0000	0.2477	NaN	NaN	NaN	2055.4925	2055.8199	0.0000	1.0000	0.6496
53zm01	1	20	0	1	1.0000	1.0000	-1.0000	NaN	7.0741	-7.0222	14.4871	2058.4565	2058.7575	0.0000	1.0000	0.2554
53zm01	1	20	0	1	2.0000	1.0000	1.0000	0.1146	NaN	NaN	NaN	2059.5484	2059.8761	0.0000	0.0000	0.8175
53zm01	1	21	0	1	1.0000	1.0000	-1.0000	NaN	11.2079	-9.7050	16.6123	2062.9307	2063.2317	0.0000	1.0000	0.2620
53zm01	1	21	0	1	2.0000	1.0000	1.0000	0.8067	NaN	NaN	NaN	2064.0514	2064.3790	1.0000	1.0000	0.3635
53zm01	1	22	0	1	1.0000	1.0000	1.0000	NaN	9.0152	11.6689	15.2458	2067.1359	2067.4370	1.0000	1.0000	0.2085
53zm01	1	22	0	1	2.0000	1.0000	-1.0000	0.2126	NaN	NaN	NaN	2068.2123	2068.5398	0.0000	1.0000	0.5611
53zm01	1	23	0	1	1.0000	1.0000	1.0000	NaN	11.4923	11.4610	15.4480	2071.6213	2071.9224	1.0000	1.0000	0.2197
53zm01	1	23	0	1	2.0000	1.0000	1.0000	0.6058	NaN	NaN	NaN	2072.7100	2073.0374	0.0000	0.0000	0.2961
53zm01	1	24	0	1	1.0000	1.0000	-1.0000	NaN	4.5787	-1.9770	14.8792	2075.6056	2075.9066	0.0000	1.0000	0.3705
53zm01	1	24	0	1	2.0000	1.0000	1.0000	0.4168	NaN	NaN	NaN	2076.8365	2077.1640	0.0000	0.0000	0.7775
53zm01	1	25	0	1	1.0000	1.0000	-1.0000	NaN	3.0968	-3.3180	14.3059	2080.4012	2080.7024	0.0000	1.0000	0.3349
53zm01	1	25	0	1	2.0000	1.0000	-1.0000	0.1056	NaN	NaN	NaN	2081.6122	2081.9394	1.0000	0.0000	0.5054
53zm01	1	26	0	1	1.0000	1.0000	-1.0000	NaN	9.9766	-10.0104	15.1938	2084.5233	2084.8242	0.0000	1.0000	0.1966
53zm01	1	26	0	1	2.0000	1.0000	1.0000	0.3714	NaN	NaN	NaN	2085.5803	2085.9081	1.0000	1.0000	0.9049
53zm01	1	27	0	1	1.0000	1.0000	-1.0000	NaN	3.7526	-3.6700	13.4086	2089.0752	2089.3762	0.0000	1.0000	0.2612
53zm01	1	27	0	1	2.0000	1.0000	1.0000	0.4040	NaN	NaN	NaN	2090.2212	2090.5476	1.0000	1.0000	0.3613
53zm01	1	28	0	1	1.0000	1.0000	1.0000	NaN	6.8259	4.6682	14.8169	2093.4202	2093.7212	1.0000	1.0000	0.5476
53zm01	1	28	0	1	2.0000	1.0000	-1.0000	0.1234	NaN	NaN	NaN	2094.8364	2095.1649	1.0000	0.0000	0.8247
53zm01	1	29	0	1	1.0000	1.0000	-1.0000	NaN	7.9961	-10.7016	13.3489	2098.6006	2098.9016	0.0000	1.0000	0.2241
53zm01	1	29	0	1	2.0000	1.0000	1.0000	0.6660	NaN	NaN	NaN	2099.6759	2100.0037	1.0000	1.0000	0.4013
53zm01	1	30	0	1	1.0000	1.0000	1.0000	NaN	5.8415	6.6013	14.2694	2102.9268	2103.2280	1.0000	1.0000	0.1457
53zm01	1	30	0	1	2.0000	1.0000	1.0000	0.7369	NaN	NaN	NaN	2103.9396	2104.2663	1.0000	1.0000	0.7227
53zm01	1	31	0	1	1.0000	1.0000	-1.0000	NaN	3.7346	-2.6658	16.2023	2107.0431	2107.3443	0.0000	1.0000	0.8851
53zm01	1	31	0	1	2.0000	1.0000	1.0000	0.7546	NaN	NaN	NaN	2108.7728	2109.1004	1.0000	1.0000	0.9372
53zm01	1	32	0	1	1.0000	1.0000	1.0000	NaN	5.7591	6.1804	13.6043	2112.1177	2112.4188	1.0000	1.0000	0.2989
53zm01	1	32	0	1	2.0000	1.0000	1.0000	0.4750	NaN	NaN	NaN	2113.2927	2113.6205	1.0000	1.0000	0.5771
53zm01	1	33	0	1	1.0000	1.0000	-1.0000	NaN	7.7558	-6.5580	16.3672	2116.2689	2116.5699	0.0000	1.0000	0.2279
53zm01	1	33	0	1	2.0000	1.0000	1.0000	0.4233	NaN	NaN	NaN	2117.3562	2117.6830	1.0000	1.0000	0.4589
53zm01	1	34	0	1	1.0000	1.0000	1.0000	NaN	6.5983	8.2786	14.8981	2120.3116	2120.6126	1.0000	1.0000	0.1362
53zm01	1	34	0	1	2.0000	1.0000	-1.0000	0.5507	NaN	NaN	NaN	2121.3244	2121.6551	0.0000	1.0000	0.6304
53zm01	1	35	0	1	1.0000	1.0000	1.0000	NaN	8.5804	10.5662	16.1210	2124.6888	2124.9903	1.0000	1.0000	0.1113
53zm01	1	35	0	1	2.0000	1.0000	1.0000	0.7401	NaN	NaN	NaN	2125.6521	2125.9788	1.0000	1.0000	0.5869
53zm01	1	36	0	1	1.0000	1.0000	-1.0000	NaN	11.3374	-8.6709	14.8913	2128.8593	2129.1604	0.0000	1.0000	0.3891
53zm01	1	36	0	1	2.0000	1.0000	1.0000	0.8576	NaN	NaN	NaN	2130.1247	2130.4515	1.0000	1.0000	0.7302
53zm01	1	37	0	1	1.0000	1.0000	1.0000	NaN	1.4280	3.6168	13.8424	2133.0928	2133.3940	1.0000	1.0000	0.2278
53zm01	1	37	0	1	2.0000	1.0000	-1.0000	0.1545	NaN	NaN	NaN	2134.1802	2134.5094	0.0000	1.0000	0.5678
53zm01	1	38	0	1	1.0000	1.0000	1.0000	NaN	1.5981	0.8067	15.2499	2137.2456	2137.5466	1.0000	1.0000	0.2262
53zm01	1	38	0	1	2.0000	1.0000	1.0000	0.0793	NaN	NaN	NaN	2138.3411	2138.6680	1.0000	1.0000	1.0651
53zm01	1	39	0	1	1.0000	1.0000	-1.0000	NaN	8.3889	-7.9955	13.8254	2141.9942	2142.2953	0.0000	1.0000	0.1258
53zm01	1	39	0	1	2.0000	1.0000	1.0000	0.4807	NaN	NaN	NaN	2142.9741	2143.2997	0.0000	0.0000	1.2499
53zm01	1	40	0	1	1.0000	1.0000	-1.0000	NaN	4.0526	-3.3499	15.3434	2146.5620	2146.8629	0.0000	1.0000	0.2786
53zm01	1	40	0	1	2.0000	1.0000	1.0000	0.4648	NaN	NaN	NaN	2147.6920	2148.0194	1.0000	1.0000	0.5054
53zm01	1	41	0	1	1.0000	1.0000	1.0000	NaN	4.8914	2.7918	14.8056	2150.6036	2150.9046	1.0000	1.0000	0.5971
53zm01	1	41	0	1	2.0000	1.0000	-1.0000	0.6217	NaN	NaN	NaN	2152.0767	2152.4037	0.0000	1.0000	1.3379
53zm01	1	42	0	1	1.0000	1.0000	1.0000	NaN	11.6471	11.6227	15.2525	2156.1024	2156.4034	1.0000	1.0000	0.2337
53zm01	1	42	0	1	2.0000	1.0000	1.0000	0.1497	NaN	NaN	NaN	2157.2208	2157.5495	1.0000	1.0000	0.9034
53zm01	1	43	0	1	1.0000	1.0000	-1.0000	NaN	6.7344	-8.8010	14.4502	2160.5710	2160.8719	0.0000	1.0000	0.2137
53zm01	1	43	0	1	2.0000	1.0000	-1.0000	0.0310	NaN	NaN	NaN	2161.6603	2161.9862	1.0000	0.0000	1.2115
53zm01	1	44	0	1	1.0000	1.0000	1.0000	NaN	7.7879	8.7646	15.0519	2165.2819	2165.5829	1.0000	1.0000	0.2139
53zm01	1	44	0	1	2.0000	1.0000	-1.0000	0.9243	NaN	NaN	NaN	2166.3571	2166.6845	0.0000	1.0000	0.2724
53zm01	1	45	0	1	1.0000	1.0000	-1.0000	NaN	9.8815	-9.3280	14.8525	2169.1619	2169.4629	0.0000	1.0000	0.3427
53zm01	1	45	0	1	2.0000	1.0000	1.0000	0.0923	NaN	NaN	NaN	2170.3805	2170.7085	1.0000	1.0000	1.2405
53zm01	1	46	0	1	1.0000	1.0000	1.0000	NaN	1.1845	1.1241	13.5678	2173.9876	2174.2886	0.0000	0.0000	0.9574
53zm01	1	46	0	1	2.0000	1.0000	1.0000	0.7564	NaN	NaN	NaN	2175.8119	2176.1424	1.0000	1.0000	0.8233
53zm01	1	47	0	1	1.0000	1.0000	1.0000	NaN	9.2989	9.0880	14.3196	2179.1180	2179.4189	1.0000	1.0000	0.2109
53zm01	1	47	0	1	2.0000	1.0000	-1.0000	0.0044	NaN	NaN	NaN	2180.1962	2180.5251	1.0000	0.0000	1.4005
53zm01	1	48	0	1	1.0000	1.0000	-1.0000	NaN	10.6381	-10.3322	15.4140	2183.9872	2184.2883	0.0000	1.0000	0.1732
53zm01	1	48	0	1	2.0000	1.0000	1.0000	0.2279	NaN	NaN	NaN	2185.0282	2185.3544	1.0000	1.0000	1.1156
53zm01	1	49	0	1	1.0000	1.0000	1.0000	NaN	2.4929	3.6812	15.1067	2188.7175	2189.0185	1.0000	1.0000	0.1631
53zm01	1	49	0	1	2.0000	1.0000	1.0000	0.5577	NaN	NaN	NaN	2189.7242	2190.0522	0.0000	0.0000	0.9936
53zm01	1	50	0	1	1.0000	1.0000	1.0000	NaN	11.7966	13.6274	15.0560	2193.2887	2193.5897	1.0000	1.0000	0.1200
53zm01	1	50	0	1	2.0000	1.0000	1.0000	0.3969	NaN	NaN	NaN	2194.2441	2194.5710	1.0000	1.0000	0.5864
53zm01	2	1	0	1	1.0000	1.0000	-1.0000	NaN	2.0060	-3.8396	12.8957	2240.9832	2241.2842	0.0000	1.0000	0.3615
53zm01	2	1	0	1	2.0000	1.0000	1.0000	0.9349	NaN	NaN	NaN	2242.2295	2242.5564	1.0000	1.0000	0.4085
53zm01	2	2	0	1	1.0000	1.0000	1.0000	NaN	6.2536	4.8770	15.1741	2245.2604	2245.5614	1.0000	1.0000	0.2273
53zm01	2	2	0	1	2.0000	1.0000	1.0000	0.5195	NaN	NaN	NaN	2246.3563	2246.6836	0.0000	0.0000	0.6578
53zm01	2	3	0	1	1.0000	1.0000	1.0000	NaN	6.0057	5.3360	16.0076	2249.5284	2249.8294	1.0000	1.0000	0.1434
53zm01	2	3	0	1	2.0000	1.0000	-1.0000	0.6771	NaN	NaN	NaN	2250.5325	2250.8585	1.0000	0.0000	0.8430
53zm01	2	4	0	1	1.0000	1.0000	-1.0000	NaN	11.4196	-9.4707	15.5897	2253.9133	2254.2147	0.0000	1.0000	0.2391
53zm01	2	4	0	1	2.0000	1.0000	1.0000	0.3225	NaN	NaN	NaN	2255.0207	2255.3516	1.0000	1.0000	0.6622
53zm01	2	5	0	1	1.0000	1.0000	1.0000	NaN	4.2087	3.1763	16.3424	2258.0550	2258.3560	1.0000	1.0000	0.3770
53zm01	2	5	0	1	2.0000	1.0000	1.0000	0.5062	NaN	NaN	NaN	2259.3323	2259.6590	0.0000	0.0000	1.0659
53zm01	2	6	0	1	1.0000	1.0000	-1.0000	NaN	5.0746	-4.0529	14.1162	2263.1423	2263.4433	0.0000	1.0000	0.6503
53zm01	2	6	0	1	2.0000	1.0000	1.0000	0.1698	NaN	NaN	NaN	2264.6521	2264.9780	1.0000	1.0000	0.6037
53zm01	2	7	0	1	1.0000	1.0000	-1.0000	NaN	9.6008	-12.1630	15.4265	2267.8840	2268.1850	0.0000	1.0000	0.2046
53zm01	2	7	0	1	2.0000	1.0000	-1.0000	0.2469	NaN	NaN	NaN	2268.9883	2269.3161	0.0000	1.0000	1.2095
53zm01	2	8	0	1	1.0000	1.0000	1.0000	NaN	5.1887	5.6043	14.1218	2272.5947	2272.8957	1.0000	1.0000	0.1740
53zm01	2	8	0	1	2.0000	1.0000	-1.0000	0.4311	NaN	NaN	NaN	2273.6630	2273.9902	0.0000	1.0000	1.2313
53zm01	2	9	0	1	1.0000	1.0000	1.0000	NaN	1.5238	1.0435	16.3114	2277.2999	2277.6009	1.0000	1.0000	0.3329
53zm01	2	9	0	1	2.0000	1.0000	-1.0000	0.8605	NaN	NaN	NaN	2278.5158	2278.8428	0.0000	1.0000	1.0421
53zm01	2	10	0	1	1.0000	1.0000	-1.0000	NaN	7.3925	-7.9248	14.2338	2282.0462	2282.3472	0.0000	1.0000	0.4095
53zm01	2	10	0	1	2.0000	1.0000	1.0000	0.2385	NaN	NaN	NaN	2283.3244	2283.6518	0.0000	0.0000	0.8498
53zm01	2	11	0	1	1.0000	1.0000	1.0000	NaN	7.8823	7.3318	14.8574	2286.8046	2287.1056	1.0000	1.0000	0.1801
53zm01	2	11	0	1	2.0000	1.0000	-1.0000	0.3960	NaN	NaN	NaN	2287.8525	2288.1800	0.0000	1.0000	0.9057
53zm01	2	12	0	1	1.0000	1.0000	-1.0000	NaN	11.7797	-11.1174	14.7322	2291.2297	2291.5307	0.0000	1.0000	0.1381
53zm01	2	12	0	1	2.0000	1.0000	-1.0000	0.4377	NaN	NaN	NaN	2292.2524	2292.5783	0.0000	1.0000	1.4191
53zm01	2	13	0	1	1.0000	1.0000	-1.0000	NaN	9.8106	-8.2798	15.1714	2295.9259	2296.2269	0.0000	1.0000	0.1148
53zm01	2	13	0	1	2.0000	1.0000	-1.0000	0.7772	NaN	NaN	NaN	2296.8919	2297.2195	0.0000	1.0000	0.8020
53zm01	2	14	0	1	1.0000	1.0000	1.0000	NaN	7.4120	8.4065	15.5561	2300.1489	2300.4499	1.0000	1.0000	0.1876
53zm01	2	14	0	1	2.0000	1.0000	1.0000	0.5794	NaN	NaN	NaN	2301.2040	2301.5304	1.0000	1.0000	1.3551
53zm01	2	15	0	1	1.0000	1.0000	1.0000	NaN	6.6019	7.2260	15.2251	2305.5292	2305.8302	1.0000	1.0000	0.1832
53zm01	2	15	0	1	2.0000	1.0000	-1.0000	0.8321	NaN	NaN	NaN	2306.5877	2306.9148	0.0000	1.0000	1.6586
53zm01	2	16	0	1	1.0000	1.0000	1.0000	NaN	1.0059	0.8533	14.4097	2310.8092	2311.1102	0.0000	0.0000	0.8793
53zm01	2	16	0	1	2.0000	1.0000	1.0000	0.4280	NaN	NaN	NaN	2312.5730	2312.9000	1.0000	1.0000	0.9776
53zm01	2	17	0	1	1.0000	1.0000	-1.0000	NaN	1.8285	-1.1574	14.6596	2316.4532	2316.7542	0.0000	1.0000	0.4832
53zm01	2	17	0	1	2.0000	1.0000	1.0000	0.8677	NaN	NaN	NaN	2317.8288	2318.1566	1.0000	1.0000	1.0329
53zm01	2	18	0	1	1.0000	1.0000	1.0000	NaN	1.1705	1.9535	14.8358	2321.6586	2321.9595	1.0000	1.0000	1.2461
53zm01	2	18	0	1	2.0000	1.0000	-1.0000	0.6007	NaN	NaN	NaN	2323.7558	2324.0837	1.0000	0.0000	1.3212
53zm01	2	19	0	1	1.0000	1.0000	-1.0000	NaN	10.9888	-10.7385	16.4672	2328.0910	2328.3920	0.0000	1.0000	0.2133
53zm01	2	19	0	1	2.0000	1.0000	-1.0000	0.4007	NaN	NaN	NaN	2329.2048	2329.5302	0.0000	1.0000	0.6347
53zm01	2	20	0	1	1.0000	1.0000	-1.0000	NaN	2.0542	-4.2104	15.4417	2332.4257	2332.7269	0.0000	1.0000	0.3667
53zm01	2	20	0	1	2.0000	1.0000	-1.0000	0.6227	NaN	NaN	NaN	2333.6845	2334.0120	0.0000	1.0000	0.4736
53zm01	2	21	0	1	1.0000	1.0000	1.0000	NaN	6.9025	6.0190	14.4054	2336.6120	2336.9130	1.0000	1.0000	0.1565
53zm01	2	21	0	1	2.0000	1.0000	1.0000	0.9083	NaN	NaN	NaN	2337.6203	2337.9477	1.0000	1.0000	0.6337
53zm01	2	22	0	1	1.0000	1.0000	1.0000	NaN	5.5062	4.2439	15.8219	2340.6093	2340.9103	1.0000	1.0000	0.6385
53zm01	2	22	0	1	2.0000	1.0000	1.0000	0.2254	NaN	NaN	NaN	2342.1008	2342.4273	1.0000	1.0000	1.5938
53zm01	2	23	0	1	1.0000	1.0000	-1.0000	NaN	3.4688	-2.3501	15.6045	2346.3525	2346.6539	0.0000	1.0000	0.6639
53zm01	2	23	0	1	2.0000	1.0000	-1.0000	0.6423	NaN	NaN	NaN	2347.9250	2348.2528	0.0000	1.0000	0.6728
53zm01	2	24	0	1	1.0000	1.0000	-1.0000	NaN	6.2166	-6.1216	15.2287	2350.9357	2351.2366	0.0000	1.0000	0.8402
53zm01	2	24	0	1	2.0000	1.0000	-1.0000	0.8316	NaN	NaN	NaN	2352.6520	2352.9794	0.0000	1.0000	0.7295
53zm01	2	25	0	1	1.0000	1.0000	-1.0000	NaN	11.7920	-12.2015	15.8956	2356.2460	2356.5470	0.0000	1.0000	0.2189
53zm01	2	25	0	1	2.0000	1.0000	1.0000	0.7832	NaN	NaN	NaN	2357.3647	2357.6913	1.0000	1.0000	0.9703
53zm01	2	26	0	1	1.0000	1.0000	1.0000	NaN	10.6220	10.2541	16.1180	2361.1748	2361.4758	1.0000	1.0000	0.2657
53zm01	2	26	0	1	2.0000	1.0000	1.0000	0.0359	NaN	NaN	NaN	2362.2839	2362.6110	0.0000	0.0000	0.7539
53zm01	2	27	0	1	1.0000	1.0000	1.0000	NaN	4.4218	4.7604	14.9713	2365.9351	2366.2361	1.0000	1.0000	0.2253
53zm01	2	27	0	1	2.0000	1.0000	-1.0000	0.1743	NaN	NaN	NaN	2367.0206	2367.3485	0.0000	1.0000	1.0408
53zm01	2	28	0	1	1.0000	1.0000	-1.0000	NaN	1.0262	-2.7919	15.0835	2370.7036	2371.0046	1.0000	0.0000	0.8250
53zm01	2	28	0	1	2.0000	1.0000	-1.0000	0.4825	NaN	NaN	NaN	2372.4121	2372.7382	0.0000	1.0000	0.7796
53zm01	2	29	0	1	1.0000	1.0000	-1.0000	NaN	0.3506	-1.1422	14.9618	2375.9808	2376.2818	1.0000	0.0000	0.5001
53zm01	2	29	0	1	2.0000	1.0000	1.0000	0.7610	NaN	NaN	NaN	2377.3167	2377.6447	1.0000	1.0000	0.8167
53zm01	2	30	0	1	1.0000	1.0000	1.0000	NaN	11.6238	11.8788	14.1516	2381.0273	2381.3284	1.0000	1.0000	0.2692
53zm01	2	30	0	1	2.0000	1.0000	1.0000	0.6824	NaN	NaN	NaN	2382.1482	2382.4745	0.0000	0.0000	1.0905
53zm01	2	31	0	1	1.0000	1.0000	-1.0000	NaN	1.4798	-2.7952	13.7617	2386.0404	2386.3414	0.0000	1.0000	0.5203
53zm01	2	31	0	1	2.0000	1.0000	1.0000	0.2279	NaN	NaN	NaN	2387.4363	2387.7639	1.0000	1.0000	0.9609
53zm01	2	32	0	1	1.0000	1.0000	1.0000	NaN	6.5641	5.7056	14.2700	2391.3695	2391.6705	1.0000	1.0000	0.2792
53zm01	2	32	0	1	2.0000	1.0000	1.0000	0.4284	NaN	NaN	NaN	2392.5001	2392.8280	1.0000	1.0000	1.0089
53zm01	2	33	0	1	1.0000	1.0000	1.0000	NaN	0.5163	1.9052	15.8584	2395.7655	2396.0665	1.0000	1.0000	0.8984
53zm01	2	33	0	1	2.0000	1.0000	1.0000	0.0146	NaN	NaN	NaN	2397.5243	2397.8515	0.0000	0.0000	1.1301
53zm01	2	34	0	1	1.0000	1.0000	-1.0000	NaN	4.1998	-3.2548	15.4288	2401.4427	2401.7436	0.0000	1.0000	0.4293
53zm01	2	34	0	1	2.0000	1.0000	1.0000	0.8828	NaN	NaN	NaN	2402.7560	2403.0835	1.0000	1.0000	0.8902
53zm01	2	35	0	1	1.0000	1.0000	1.0000	NaN	7.2260	9.8447	13.7367	2406.1342	2406.4352	1.0000	1.0000	0.2985
53zm01	2	35	0	1	2.0000	1.0000	-1.0000	0.0064	NaN	NaN	NaN	2407.2840	2407.6115	1.0000	0.0000	1.0574
53zm01	2	36	0	1	1.0000	1.0000	-1.0000	NaN	3.0901	-3.2642	15.1442	2411.3789	2411.6799	0.0000	1.0000	0.4696
53zm01	2	36	0	1	2.0000	1.0000	-1.0000	0.1418	NaN	NaN	NaN	2412.7326	2413.0593	0.0000	1.0000	1.5142
53zm01	2	37	0	1	1.0000	1.0000	-1.0000	NaN	4.8217	-4.1738	14.9973	2416.9267	2417.2276	0.0000	1.0000	0.2979
53zm01	2	37	0	1	2.0000	1.0000	1.0000	0.4876	NaN	NaN	NaN	2418.1007	2418.4277	0.0000	0.0000	0.6818
53zm01	2	38	0	1	1.0000	1.0000	-1.0000	NaN	1.2811	-0.6616	15.2454	2421.4075	2421.7085	1.0000	0.0000	0.3604
53zm01	2	38	0	1	2.0000	1.0000	-1.0000	0.6852	NaN	NaN	NaN	2422.6526	2422.9798	0.0000	1.0000	0.9773
53zm01	2	39	0	1	1.0000	1.0000	-1.0000	NaN	10.5558	-12.6608	14.0897	2426.4907	2426.7918	0.0000	1.0000	0.4218
53zm01	2	39	0	1	2.0000	1.0000	-1.0000	0.8610	NaN	NaN	NaN	2427.8209	2428.1481	0.0000	1.0000	0.6255
53zm01	2	40	0	1	1.0000	1.0000	-1.0000	NaN	8.2706	-9.1537	15.7597	2431.1596	2431.4609	0.0000	1.0000	0.3043
53zm01	2	40	0	1	2.0000	1.0000	-1.0000	0.6214	NaN	NaN	NaN	2432.3322	2432.6590	1.0000	0.0000	0.6020
53zm01	2	41	0	1	1.0000	1.0000	1.0000	NaN	11.4027	10.4781	16.6700	2435.7012	2436.0023	1.0000	1.0000	0.1471
53zm01	2	41	0	1	2.0000	1.0000	1.0000	0.3012	NaN	NaN	NaN	2436.7240	2437.0512	1.0000	1.0000	2.0422
53zm01	2	42	0	1	1.0000	1.0000	-1.0000	NaN	7.4647	-7.5290	15.8308	2441.3530	2441.6539	0.0000	1.0000	0.3597
53zm01	2	42	0	1	2.0000	1.0000	-1.0000	0.8104	NaN	NaN	NaN	2442.5959	2442.9248	1.0000	0.0000	1.4963
53zm01	2	43	0	1	1.0000	1.0000	1.0000	NaN	2.7111	1.2898	14.0629	2446.9951	2447.2961	1.0000	1.0000	0.3328
53zm01	2	43	0	1	2.0000	1.0000	1.0000	0.1850	NaN	NaN	NaN	2448.1879	2448.5131	0.0000	0.0000	0.5397
53zm01	2	44	0	1	1.0000	1.0000	-1.0000	NaN	0.9103	-0.2434	14.5036	2451.2658	2451.5668	1.0000	0.0000	0.3109
53zm01	2	44	0	1	2.0000	1.0000	1.0000	0.5394	NaN	NaN	NaN	2452.4281	2452.7558	1.0000	1.0000	0.9852
53zm01	2	45	0	1	1.0000	1.0000	-1.0000	NaN	4.2379	-3.7013	14.8304	2456.4189	2456.7199	0.0000	1.0000	0.3493
53zm01	2	45	0	1	2.0000	1.0000	1.0000	0.2230	NaN	NaN	NaN	2457.6364	2457.9645	1.0000	1.0000	1.4243
53zm01	2	46	0	1	1.0000	1.0000	-1.0000	NaN	9.9699	-12.5782	14.2867	2461.7004	2462.0014	0.0000	1.0000	0.3083
53zm01	2	46	0	1	2.0000	1.0000	1.0000	0.3341	NaN	NaN	NaN	2462.9006	2463.2263	1.0000	1.0000	0.7713
53zm01	2	47	0	1	1.0000	1.0000	-1.0000	NaN	1.5837	-1.9392	14.9133	2466.2187	2466.5197	1.0000	0.0000	0.4132
53zm01	2	47	0	1	2.0000	1.0000	-1.0000	0.0916	NaN	NaN	NaN	2467.5163	2467.8438	0.0000	1.0000	0.9931
53zm01	2	48	0	1	1.0000	1.0000	-1.0000	NaN	8.7807	-8.1779	13.9072	2470.8974	2471.1987	0.0000	1.0000	0.3429
53zm01	2	48	0	1	2.0000	1.0000	1.0000	0.6167	NaN	NaN	NaN	2472.1001	2472.4286	1.0000	1.0000	0.7049
53zm01	2	49	0	1	1.0000	1.0000	1.0000	NaN	11.0063	14.2952	15.2181	2475.4102	2475.7112	1.0000	1.0000	0.3017
53zm01	2	49	0	1	2.0000	1.0000	1.0000	0.5222	NaN	NaN	NaN	2476.5647	2476.8909	1.0000	1.0000	0.8906
53zm01	2	50	0	1	1.0000	1.0000	1.0000	NaN	11.9536	10.7489	16.4074	2479.7178	2480.0189	1.0000	1.0000	0.1940
53zm01	2	50	0	1	2.0000	1.0000	-1.0000	0.5114	NaN	NaN	NaN	2480.7639	2481.0901	0.0000	1.0000	0.9476
53zm01	3	1	0	1	1.0000	1.0000	1.0000	NaN	1.0132	0.6551	15.9471	2504.1205	2504.4215	1.0000	1.0000	0.4081
53zm01	3	1	0	1	2.0000	1.0000	-1.0000	0.8253	NaN	NaN	NaN	2505.3821	2505.7089	1.0000	0.0000	1.2725
53zm01	3	2	0	1	1.0000	1.0000	1.0000	NaN	2.2852	1.4701	15.5282	2509.2602	2509.5613	1.0000	1.0000	0.7641
53zm01	3	2	0	1	2.0000	1.0000	1.0000	0.6357	NaN	NaN	NaN	2510.8683	2511.1970	1.0000	1.0000	0.6805
53zm01	3	3	0	1	1.0000	1.0000	-1.0000	NaN	7.4887	-8.5611	13.1753	2514.3078	2514.6087	0.0000	1.0000	0.3328
53zm01	3	3	0	1	2.0000	1.0000	-1.0000	0.4645	NaN	NaN	NaN	2515.5407	2515.8694	0.0000	1.0000	0.4880
53zm01	3	4	0	1	1.0000	1.0000	-1.0000	NaN	6.3257	-5.6815	13.9015	2518.4504	2518.7514	0.0000	1.0000	0.4062
53zm01	3	4	0	1	2.0000	1.0000	-1.0000	0.4181	NaN	NaN	NaN	2519.7482	2520.0741	0.0000	1.0000	0.5065
53zm01	3	5	0	1	1.0000	1.0000	-1.0000	NaN	9.0447	-8.3485	14.5860	2522.9488	2523.2498	0.0000	1.0000	0.1957
53zm01	3	5	0	1	2.0000	1.0000	-1.0000	0.7193	NaN	NaN	NaN	2524.0120	2524.3392	0.0000	1.0000	0.6426
53zm01	3	6	0	1	1.0000	1.0000	1.0000	NaN	9.7714	11.1374	14.0236	2527.1326	2527.4336	1.0000	1.0000	0.1473
53zm01	3	6	0	1	2.0000	1.0000	-1.0000	0.2416	NaN	NaN	NaN	2528.1234	2528.4488	1.0000	0.0000	0.8287
53zm01	3	7	0	1	1.0000	1.0000	-1.0000	NaN	8.1837	-8.8276	14.7204	2531.3556	2531.6569	0.0000	1.0000	0.1560
53zm01	3	7	0	1	2.0000	1.0000	-1.0000	0.0566	NaN	NaN	NaN	2532.4039	2532.7339	1.0000	0.0000	1.9838
53zm01	3	8	0	1	1.0000	1.0000	1.0000	NaN	6.9207	8.4816	14.0491	2536.6531	2536.9541	1.0000	1.0000	0.2994
53zm01	3	8	0	1	2.0000	1.0000	-1.0000	0.7652	NaN	NaN	NaN	2537.8128	2538.1412	0.0000	1.0000	0.4164
53zm01	3	9	0	1	1.0000	1.0000	1.0000	NaN	2.6610	0.7463	15.5539	2540.9856	2541.2867	0.0000	0.0000	1.3189
53zm01	3	9	0	1	2.0000	1.0000	1.0000	0.6757	NaN	NaN	NaN	2543.1659	2543.4932	1.0000	1.0000	1.4804
53zm01	3	10	0	1	1.0000	1.0000	-1.0000	NaN	6.2598	-7.9901	16.2200	2546.8872	2547.1883	0.0000	1.0000	0.4171
53zm01	3	10	0	1	2.0000	1.0000	1.0000	0.0679	NaN	NaN	NaN	2548.1965	2548.5247	1.0000	1.0000	1.5208
53zm01	3	11	0	1	1.0000	1.0000	-1.0000	NaN	4.0455	-4.1376	15.3044	2552.5334	2552.8343	0.0000	1.0000	0.6355
53zm01	3	11	0	1	2.0000	1.0000	1.0000	0.0113	NaN	NaN	NaN	2554.0524	2554.3791	1.0000	1.0000	3.2898
53zm01	3	12	0	1	1.0000	1.0000	-1.0000	NaN	2.2675	-1.7923	15.8308	2560.1061	2560.4072	1.0000	0.0000	1.4056
53zm01	3	12	0	1	2.0000	1.0000	-1.0000	0.7075	NaN	NaN	NaN	2562.3811	2562.7088	0.0000	1.0000	2.7847
53zm01	3	13	0	1	1.0000	1.0000	1.0000	NaN	8.9176	10.5366	14.4217	2568.1803	2568.4813	1.0000	1.0000	0.2282
53zm01	3	13	0	1	2.0000	1.0000	-1.0000	0.7199	NaN	NaN	NaN	2569.2600	2569.5863	0.0000	1.0000	1.8032
53zm01	3	14	0	1	1.0000	1.0000	-1.0000	NaN	2.0151	-2.0160	15.4807	2573.4590	2573.7600	0.0000	1.0000	1.0215
53zm01	3	14	0	1	2.0000	1.0000	1.0000	0.4654	NaN	NaN	NaN	2575.3567	2575.6837	1.0000	1.0000	3.2658
53zm01	3	15	0	1	1.0000	1.0000	1.0000	NaN	2.2425	2.8432	14.0126	2581.0105	2581.3115	1.0000	1.0000	1.1259
53zm01	3	15	0	1	2.0000	1.0000	1.0000	0.7554	NaN	NaN	NaN	2582.9880	2583.3134	1.0000	1.0000	0.8755
53zm01	3	16	0	1	1.0000	1.0000	1.0000	NaN	4.4092	5.9546	15.1596	2586.8256	2587.1266	1.0000	1.0000	0.2310
53zm01	3	16	0	1	2.0000	1.0000	1.0000	0.3757	NaN	NaN	NaN	2587.9164	2588.2425	1.0000	1.0000	1.7310
53zm01	3	17	0	1	1.0000	1.0000	-1.0000	NaN	5.6511	-5.9008	15.2152	2592.3159	2592.6169	0.0000	1.0000	0.3965
53zm01	3	17	0	1	2.0000	1.0000	-1.0000	0.5686	NaN	NaN	NaN	2593.6135	2593.9408	1.0000	0.0000	1.9280
53zm01	3	18	0	1	1.0000	1.0000	1.0000	NaN	0.3665	1.2951	14.6557	2598.0883	2598.3893	1.0000	1.0000	1.6081
53zm01	3	18	0	1	2.0000	1.0000	-1.0000	0.1879	NaN	NaN	NaN	2600.5885	2600.9146	0.0000	1.0000	1.1311
53zm01	3	19	0	1	1.0000	1.0000	-1.0000	NaN	6.5745	-5.6929	13.7953	2604.7148	2605.0157	0.0000	1.0000	0.4057
53zm01	3	19	0	1	2.0000	1.0000	-1.0000	0.4017	NaN	NaN	NaN	2606.0126	2606.3410	0.0000	1.0000	2.5359
53zm01	3	20	0	1	1.0000	1.0000	-1.0000	NaN	2.7659	-3.8784	14.1165	2610.9724	2611.2734	0.0000	1.0000	0.5314
53zm01	3	20	0	1	2.0000	1.0000	1.0000	0.4474	NaN	NaN	NaN	2612.3967	2612.7237	1.0000	1.0000	2.0098
53zm01	3	21	0	1	1.0000	1.0000	-1.0000	NaN	4.0846	-4.8768	15.1425	2616.7186	2617.0196	1.0000	0.0000	1.1539
53zm01	3	21	0	1	2.0000	1.0000	-1.0000	0.9118	NaN	NaN	NaN	2618.7243	2619.0512	0.0000	1.0000	1.6502
53zm01	3	22	0	1	1.0000	1.0000	-1.0000	NaN	5.1390	-5.8428	13.9593	2623.1606	2623.4617	0.0000	1.0000	0.7361
53zm01	3	22	0	1	2.0000	1.0000	1.0000	0.1814	NaN	NaN	NaN	2624.7809	2625.1083	1.0000	1.0000	0.9529
53zm01	3	23	0	1	1.0000	1.0000	-1.0000	NaN	2.3774	-4.8655	15.3890	2628.1883	2628.4893	0.0000	1.0000	0.2595
53zm01	3	23	0	1	2.0000	1.0000	-1.0000	0.3538	NaN	NaN	NaN	2629.3404	2629.6684	0.0000	1.0000	2.3125
53zm01	3	24	0	1	1.0000	1.0000	-1.0000	NaN	11.4901	-12.2050	15.2883	2634.5194	2634.8204	0.0000	1.0000	0.2484
53zm01	3	24	0	1	2.0000	1.0000	1.0000	0.5195	NaN	NaN	NaN	2635.6598	2635.9871	0.0000	0.0000	1.0511
53zm01	3	25	0	1	1.0000	1.0000	-1.0000	NaN	1.2798	-0.4758	13.9726	2639.7039	2640.0048	1.0000	0.0000	0.3928
53zm01	3	25	0	1	2.0000	1.0000	-1.0000	0.4205	NaN	NaN	NaN	2640.9639	2641.2915	1.0000	0.0000	1.6744
53zm01	3	26	0	1	1.0000	1.0000	-1.0000	NaN	5.2284	-5.5074	15.2320	2645.3066	2645.6076	0.0000	1.0000	1.0372
53zm01	3	26	0	1	2.0000	1.0000	-1.0000	0.2163	NaN	NaN	NaN	2647.2520	2647.5798	1.0000	0.0000	2.0019
53zm01	3	27	0	1	1.0000	1.0000	1.0000	NaN	9.6034	8.7813	15.7205	2652.3070	2652.6080	1.0000	1.0000	0.2614
53zm01	3	27	0	1	2.0000	1.0000	-1.0000	0.4611	NaN	NaN	NaN	2653.4437	2653.7708	0.0000	1.0000	0.1868
53zm01	3	28	0	1	1.0000	1.0000	-1.0000	NaN	3.8352	-2.7282	15.0894	2656.1760	2656.4771	0.0000	1.0000	0.2958
53zm01	3	28	0	1	2.0000	1.0000	-1.0000	0.0654	NaN	NaN	NaN	2657.3562	2657.6834	1.0000	0.0000	1.4662
53zm01	3	29	0	1	1.0000	1.0000	1.0000	NaN	7.9983	9.9811	14.5340	2661.6486	2661.9498	1.0000	1.0000	0.2230
53zm01	3	29	0	1	2.0000	1.0000	1.0000	0.6632	NaN	NaN	NaN	2662.7483	2663.0771	1.0000	1.0000	1.7843
53zm01	3	30	0	1	1.0000	1.0000	1.0000	NaN	8.8543	9.7765	15.4859	2667.2049	2667.5059	1.0000	1.0000	0.2517
53zm01	3	30	0	1	2.0000	1.0000	1.0000	0.0500	NaN	NaN	NaN	2668.3088	2668.6358	0.0000	0.0000	1.1216
53zm01	3	31	0	1	1.0000	1.0000	1.0000	NaN	4.7911	3.6262	15.4272	2672.3626	2672.6636	1.0000	1.0000	0.1422
53zm01	3	31	0	1	2.0000	1.0000	1.0000	0.0574	NaN	NaN	NaN	2673.3883	2673.7159	0.0000	0.0000	1.6330
53zm01	3	32	0	1	1.0000	1.0000	1.0000	NaN	7.6624	7.0240	13.9196	2677.7592	2678.0602	1.0000	1.0000	0.0174
53zm01	3	32	0	1	2.0000	1.0000	-1.0000	0.6649	NaN	NaN	NaN	2678.6197	2678.9448	0.0000	1.0000	1.1164
53zm01	3	33	0	1	1.0000	1.0000	-1.0000	NaN	1.6328	-2.9427	14.9039	2682.3055	2682.6065	0.0000	1.0000	0.3432
53zm01	3	33	0	1	2.0000	1.0000	1.0000	0.1383	NaN	NaN	NaN	2683.5243	2683.8512	0.0000	0.0000	1.0262
53zm01	3	34	0	1	1.0000	1.0000	-1.0000	NaN	7.7372	-6.5908	14.0458	2687.2951	2687.5960	0.0000	1.0000	0.1695
53zm01	3	34	0	1	2.0000	1.0000	-1.0000	0.8127	NaN	NaN	NaN	2688.3481	2688.6735	0.0000	1.0000	1.7161
53zm01	3	35	0	1	1.0000	1.0000	-1.0000	NaN	2.1822	-3.3152	13.6178	2693.0026	2693.3036	0.0000	1.0000	0.9897
53zm01	3	35	0	1	2.0000	1.0000	-1.0000	0.8651	NaN	NaN	NaN	2694.8524	2695.1788	0.0000	1.0000	1.0340
53zm01	3	36	0	1	1.0000	1.0000	1.0000	NaN	9.3662	7.6296	15.8891	2698.2757	2698.5766	1.0000	1.0000	0.2608
53zm01	3	36	0	1	2.0000	1.0000	1.0000	0.3272	NaN	NaN	NaN	2699.4041	2699.7318	1.0000	1.0000	1.0328
53zm01	3	37	0	1	1.0000	1.0000	1.0000	NaN	5.8633	6.1093	16.3195	2703.0434	2703.3448	1.0000	1.0000	0.1410
53zm01	3	37	0	1	2.0000	1.0000	1.0000	0.6938	NaN	NaN	NaN	2704.0444	2704.3711	0.0000	0.0000	1.0505
53zm01	3	38	0	1	1.0000	1.0000	-1.0000	NaN	6.9958	-8.7312	14.7778	2707.6557	2707.9567	0.0000	1.0000	0.4322
53zm01	3	38	0	1	2.0000	1.0000	-1.0000	0.3654	NaN	NaN	NaN	2708.9722	2709.2995	1.0000	0.0000	1.0015
53zm01	3	39	0	1	1.0000	1.0000	-1.0000	NaN	5.0072	-3.2850	14.8051	2712.3128	2712.6138	0.0000	1.0000	0.1350
53zm01	3	39	0	1	2.0000	1.0000	-1.0000	0.2280	NaN	NaN	NaN	2713.3247	2713.6503	1.0000	0.0000	1.2745
53zm01	3	40	0	1	1.0000	1.0000	1.0000	NaN	7.0088	8.4457	14.5284	2717.3020	2717.6031	1.0000	1.0000	0.1698
53zm01	3	40	0	1	2.0000	1.0000	1.0000	0.3267	NaN	NaN	NaN	2718.3567	2718.6822	0.0000	0.0000	1.0265
53zm01	3	41	0	1	1.0000	1.0000	1.0000	NaN	5.1798	5.1152	13.7657	2722.4318	2722.7330	0.0000	0.0000	1.5285
53zm01	3	41	0	1	2.0000	1.0000	-1.0000	0.2774	NaN	NaN	NaN	2724.7644	2725.0946	1.0000	0.0000	1.4471
53zm01	3	42	0	1	1.0000	1.0000	1.0000	NaN	3.3123	3.8173	14.1867	2728.8895	2729.1905	1.0000	1.0000	0.1351
53zm01	3	42	0	1	2.0000	1.0000	1.0000	0.7170	NaN	NaN	NaN	2729.8762	2730.2036	1.0000	1.0000	1.3692
53zm01	3	43	0	1	1.0000	1.0000	-1.0000	NaN	0.0138	-1.7316	14.8574	2733.8940	2734.1950	0.0000	1.0000	0.7385
53zm01	3	43	0	1	2.0000	1.0000	1.0000	0.8702	NaN	NaN	NaN	2735.5164	2735.8437	1.0000	1.0000	0.4252
53zm01	3	44	0	1	1.0000	1.0000	-1.0000	NaN	5.1625	-3.1102	17.1153	2738.6058	2738.9068	0.0000	1.0000	0.2508
53zm01	3	44	0	1	2.0000	1.0000	-1.0000	0.8772	NaN	NaN	NaN	2739.7319	2740.0599	0.0000	1.0000	0.8017
53zm01	3	45	0	1	1.0000	1.0000	1.0000	NaN	2.9003	2.7312	15.4957	2742.8725	2743.1735	1.0000	1.0000	0.2159
53zm01	3	45	0	1	2.0000	1.0000	-1.0000	0.3703	NaN	NaN	NaN	2743.9240	2744.2526	0.0000	1.0000	0.4249
53zm01	3	46	0	1	1.0000	1.0000	-1.0000	NaN	9.3500	-7.8676	14.0943	2746.7882	2747.0892	0.0000	1.0000	0.1801
53zm01	3	46	0	1	2.0000	1.0000	1.0000	0.5043	NaN	NaN	NaN	2747.8208	2748.1484	0.0000	0.0000	0.5932
53zm01	3	47	0	1	1.0000	1.0000	-1.0000	NaN	11.9890	-12.4229	16.5261	2750.9507	2751.2517	0.0000	1.0000	0.2179
53zm01	3	47	0	1	2.0000	1.0000	-1.0000	0.1216	NaN	NaN	NaN	2752.0279	2752.3557	0.0000	1.0000	0.7379
53zm01	3	48	0	1	1.0000	1.0000	-1.0000	NaN	11.7570	-12.4605	14.4126	2755.6876	2755.9889	0.0000	1.0000	0.1928
53zm01	3	48	0	1	2.0000	1.0000	1.0000	0.8596	NaN	NaN	NaN	2756.7561	2757.0822	1.0000	1.0000	0.4433
53zm01	3	49	0	1	1.0000	1.0000	-1.0000	NaN	7.4051	-7.9175	15.4567	2759.7300	2760.0310	0.0000	1.0000	0.1339
53zm01	3	49	0	1	2.0000	1.0000	1.0000	0.2759	NaN	NaN	NaN	2760.7402	2761.0690	1.0000	1.0000	0.6247
53zm01	3	50	0	1	1.0000	1.0000	1.0000	NaN	0.9735	1.1017	13.4628	2763.9635	2764.2646	0.0000	0.0000	0.9090
53zm01	3	50	0	1	2.0000	1.0000	1.0000	0.7412	NaN	NaN	NaN	2765.7645	2766.0911	1.0000	1.0000	0.4983
