28hb01	1	1	0	0	1.0000	0.0000	1.0000	0.1424	NaN	NaN	NaN	1262111.6754	1262112.0974	1.0000	1.0000	0.8322
28hb01	1	1	0	0	2.0000	0.0000	1.0000	NaN	7.9153	9.8940	16.6688	1262113.5297	1262113.8344	1.0000	1.0000	0.6318
28hb01	1	2	0	0	1.0000	0.0000	1.0000	0.9115	NaN	NaN	NaN	1262116.6349	1262117.0494	1.0000	1.0000	0.6475
28hb01	1	2	0	0	2.0000	0.0000	1.0000	NaN	7.8689	8.0499	15.6411	1262118.2801	1262118.5845	1.0000	1.0000	0.4737
28hb01	1	3	0	0	1.0000	0.0000	1.0000	0.8464	NaN	NaN	NaN	1262121.2702	1262121.6591	0.0000	0.0000	0.4545
28hb01	1	3	0	0	2.0000	0.0000	-1.0000	NaN	4.0100	-1.6707	16.7069	1262122.7045	1262123.0067	0.0000	1.0000	0.4345
28hb01	1	4	0	0	1.0000	0.0000	-1.0000	0.2128	NaN	NaN	NaN	1262125.8574	1262126.2089	0.0000	1.0000	0.7840
28hb01	1	4	0	0	2.0000	0.0000	1.0000	NaN	8.0140	6.7751	14.3965	1262127.5515	1262127.8542	1.0000	1.0000	0.4187
28hb01	1	5	0	0	1.0000	0.0000	1.0000	0.6121	NaN	NaN	NaN	1262130.7158	1262131.0698	1.0000	1.0000	0.5474
28hb01	1	5	0	0	2.0000	0.0000	-1.0000	NaN	4.5433	-2.9919	15.5144	1262132.2072	1262132.5094	0.0000	1.0000	0.4205
28hb01	1	6	0	0	1.0000	0.0000	1.0000	0.3089	NaN	NaN	NaN	1262135.4071	1262135.7584	1.0000	1.0000	0.7545
28hb01	1	6	0	0	2.0000	0.0000	1.0000	NaN	1.2676	3.2849	15.3074	1262137.1045	1262137.4067	1.0000	1.0000	0.4821
28hb01	1	7	0	0	1.0000	0.0000	1.0000	0.9113	NaN	NaN	NaN	1262140.2664	1262140.6815	1.0000	1.0000	0.6154
28hb01	1	7	0	0	2.0000	0.0000	-1.0000	NaN	6.5666	-7.2466	14.7426	1262141.8656	1262142.1711	0.0000	1.0000	0.3737
28hb01	1	8	0	0	1.0000	0.0000	-1.0000	0.2818	NaN	NaN	NaN	1262144.7351	1262145.1480	0.0000	1.0000	0.9009
28hb01	1	8	0	0	2.0000	0.0000	-1.0000	NaN	3.8253	-2.5265	14.9327	1262146.5859	1262146.8920	0.0000	1.0000	0.4048
28hb01	1	9	0	0	1.0000	0.0000	-1.0000	0.4244	NaN	NaN	NaN	1262149.4332	1262149.8477	0.0000	1.0000	0.5222
28hb01	1	9	0	0	2.0000	0.0000	-1.0000	NaN	3.6762	-2.1940	15.8932	1262150.9406	1262151.2452	0.0000	1.0000	0.4043
28hb01	1	10	0	0	1.0000	0.0000	1.0000	0.4852	NaN	NaN	NaN	1262154.1443	1262154.5408	1.0000	1.0000	0.4529
28hb01	1	10	0	0	2.0000	0.0000	1.0000	NaN	9.8115	10.9746	15.1291	1262155.5832	1262155.8856	1.0000	1.0000	0.3564
28hb01	1	11	0	0	1.0000	0.0000	1.0000	0.7399	NaN	NaN	NaN	1262158.7974	1262159.1517	1.0000	1.0000	0.9291
28hb01	1	11	0	0	2.0000	0.0000	-1.0000	NaN	5.0814	-6.7341	15.4370	1262160.6243	1262160.9266	0.0000	1.0000	0.2592
28hb01	1	12	0	0	1.0000	0.0000	1.0000	0.3508	NaN	NaN	NaN	1262163.4952	1262163.8517	1.0000	1.0000	0.6938
28hb01	1	12	0	0	2.0000	0.0000	-1.0000	NaN	1.3344	-2.5663	15.7453	1262165.1374	1262165.4396	0.0000	1.0000	0.2259
28hb01	1	13	0	0	1.0000	0.0000	1.0000	0.1574	NaN	NaN	NaN	1262168.2401	1262168.5916	0.0000	0.0000	0.5943
28hb01	1	13	0	0	2.0000	0.0000	1.0000	NaN	7.2238	9.3104	15.0041	1262169.7286	1262170.0309	1.0000	1.0000	0.2119
28hb01	1	14	0	0	1.0000	0.0000	-1.0000	0.2531	NaN	NaN	NaN	1262172.5139	1262172.8676	0.0000	1.0000	0.9588
28hb01	1	14	0	0	2.0000	0.0000	-1.0000	NaN	1.8439	-0.1014	15.5870	1262174.3373	1262174.6396	1.0000	0.0000	0.7699
28hb01	1	15	0	0	1.0000	0.0000	-1.0000	0.5652	NaN	NaN	NaN	1262177.5597	1262177.9102	0.0000	1.0000	0.5547
28hb01	1	15	0	0	2.0000	0.0000	-1.0000	NaN	3.1465	-4.7279	15.8051	1262179.0071	1262179.3093	0.0000	1.0000	0.2441
28hb01	1	16	0	0	1.0000	0.0000	1.0000	0.6604	NaN	NaN	NaN	1262181.9046	1262182.2560	1.0000	1.0000	0.3064
28hb01	1	16	0	0	2.0000	0.0000	1.0000	NaN	0.8159	0.0202	14.5978	1262183.1547	1262183.4569	0.0000	0.0000	0.5919
28hb01	1	17	0	0	1.0000	0.0000	-1.0000	0.3186	NaN	NaN	NaN	1262186.3906	1262186.8072	0.0000	1.0000	0.5217
28hb01	1	17	0	0	2.0000	0.0000	1.0000	NaN	8.1567	4.9167	14.7630	1262187.9122	1262188.2168	1.0000	1.0000	0.4092
28hb01	1	18	0	0	1.0000	0.0000	1.0000	0.0302	NaN	NaN	NaN	1262190.7601	1262191.1794	0.0000	0.0000	0.7098
28hb01	1	18	0	0	2.0000	0.0000	1.0000	NaN	3.3231	1.4130	13.4090	1262192.4423	1262192.7473	1.0000	1.0000	0.5975
28hb01	1	19	0	0	1.0000	0.0000	1.0000	0.2477	NaN	NaN	NaN	1262195.5658	1262195.9787	1.0000	1.0000	0.7594
28hb01	1	19	0	0	2.0000	0.0000	1.0000	NaN	7.1323	7.4401	14.4488	1262197.3231	1262197.6275	1.0000	1.0000	0.6453
28hb01	1	20	0	0	1.0000	0.0000	-1.0000	0.1146	NaN	NaN	NaN	1262200.1090	1262200.5284	0.0000	1.0000	0.7855
28hb01	1	20	0	0	2.0000	0.0000	1.0000	NaN	7.0741	8.6423	16.2129	1262201.8501	1262202.1559	1.0000	1.0000	0.5340
28hb01	1	21	0	0	1.0000	0.0000	-1.0000	0.8067	NaN	NaN	NaN	1262204.7505	1262205.1615	0.0000	1.0000	0.6479
28hb01	1	21	0	0	2.0000	0.0000	-1.0000	NaN	11.2079	-11.3083	13.2426	1262206.3918	1262206.6962	0.0000	1.0000	0.5060
28hb01	1	22	0	0	1.0000	0.0000	1.0000	0.2126	NaN	NaN	NaN	1262209.4462	1262209.8613	1.0000	1.0000	0.4755
28hb01	1	22	0	0	2.0000	0.0000	1.0000	NaN	9.0152	10.9059	16.0904	1262210.9224	1262211.2268	1.0000	1.0000	0.4394
28hb01	1	23	0	0	1.0000	0.0000	1.0000	0.6058	NaN	NaN	NaN	1262213.9832	1262214.3892	0.0000	0.0000	0.5248
28hb01	1	23	0	0	2.0000	0.0000	1.0000	NaN	11.4923	13.6717	15.1682	1262215.4247	1262215.7273	1.0000	1.0000	0.3547
28hb01	1	24	0	0	1.0000	0.0000	-1.0000	0.4168	NaN	NaN	NaN	1262218.5676	1262218.9208	0.0000	1.0000	0.9207
28hb01	1	24	0	0	2.0000	0.0000	1.0000	NaN	4.5787	5.9860	16.0997	1262220.3840	1262220.6862	0.0000	0.0000	0.6920
28hb01	1	25	0	0	1.0000	0.0000	-1.0000	0.1056	NaN	NaN	NaN	1262224.0085	1262224.3652	1.0000	0.0000	0.8675
28hb01	1	25	0	0	2.0000	0.0000	1.0000	NaN	3.0968	5.5273	15.0411	1262225.7926	1262226.0949	1.0000	1.0000	0.5939
28hb01	1	26	0	0	1.0000	0.0000	-1.0000	0.3714	NaN	NaN	NaN	1262228.9644	1262229.3190	0.0000	1.0000	0.3937
28hb01	1	26	0	0	2.0000	0.0000	1.0000	NaN	9.9766	11.8102	13.7103	1262230.2711	1262230.5734	1.0000	1.0000	0.2594
28hb01	1	27	0	0	1.0000	0.0000	-1.0000	0.4040	NaN	NaN	NaN	1262233.2640	1262233.6768	0.0000	1.0000	0.8532
28hb01	1	27	0	0	2.0000	0.0000	1.0000	NaN	3.7526	2.6696	14.1391	1262235.0820	1262235.3875	0.0000	0.0000	0.7267
28hb01	1	28	0	0	1.0000	0.0000	1.0000	0.1234	NaN	NaN	NaN	1262238.3801	1262238.7931	1.0000	1.0000	0.2957
28hb01	1	28	0	0	2.0000	0.0000	1.0000	NaN	6.8259	6.5793	14.2862	1262239.6896	1262239.9940	1.0000	1.0000	0.2467
28hb01	1	29	0	0	1.0000	0.0000	-1.0000	0.6660	NaN	NaN	NaN	1262242.4462	1262242.8596	0.0000	1.0000	0.5011
28hb01	1	29	0	0	2.0000	0.0000	1.0000	NaN	7.9961	8.8978	14.7420	1262243.8973	1262244.2037	1.0000	1.0000	0.6774
28hb01	1	30	0	0	1.0000	0.0000	1.0000	0.7369	NaN	NaN	NaN	1262246.7305	1262247.1427	1.0000	1.0000	0.2187
28hb01	1	30	0	0	2.0000	0.0000	1.0000	NaN	5.8415	5.8568	15.1347	1262247.8976	1262248.2035	1.0000	1.0000	0.6618
28hb01	1	31	0	0	1.0000	0.0000	-1.0000	0.7546	NaN	NaN	NaN	1262250.8263	1262251.2425	0.0000	1.0000	0.3433
28hb01	1	31	0	0	2.0000	0.0000	-1.0000	NaN	3.7346	-5.3194	14.9279	1262252.1222	1262252.4268	0.0000	1.0000	0.4539
28hb01	1	32	0	0	1.0000	0.0000	1.0000	0.4750	NaN	NaN	NaN	1262255.0884	1262255.5088	1.0000	1.0000	0.5564
28hb01	1	32	0	0	2.0000	0.0000	-1.0000	NaN	5.7591	-8.8751	14.5851	1262256.6363	1262256.9404	0.0000	1.0000	0.4851
28hb01	1	33	0	0	1.0000	0.0000	-1.0000	0.4233	NaN	NaN	NaN	1262259.3792	1262259.7915	1.0000	0.0000	0.7052
28hb01	1	33	0	0	2.0000	0.0000	1.0000	NaN	7.7558	7.9106	15.1474	1262261.0400	1262261.3422	0.0000	0.0000	1.2030
28hb01	1	34	0	0	1.0000	0.0000	1.0000	0.5507	NaN	NaN	NaN	1262264.7786	1262265.1339	1.0000	1.0000	0.5149
28hb01	1	34	0	0	2.0000	0.0000	-1.0000	NaN	6.5983	-6.3090	15.5235	1262266.2078	1262266.5101	0.0000	1.0000	0.4517
28hb01	1	35	0	0	1.0000	0.0000	1.0000	0.7401	NaN	NaN	NaN	1262269.1192	1262269.4697	1.0000	1.0000	1.1084
28hb01	1	35	0	0	2.0000	0.0000	-1.0000	NaN	8.5804	-8.5373	14.0487	1262271.1678	1262271.4700	0.0000	1.0000	0.4680
28hb01	1	36	0	0	1.0000	0.0000	-1.0000	0.8576	NaN	NaN	NaN	1262273.8455	1262274.2001	0.0000	1.0000	0.4739
28hb01	1	36	0	0	2.0000	0.0000	1.0000	NaN	11.3374	11.8486	14.2460	1262275.2493	1262275.5515	1.0000	1.0000	0.3376
28hb01	1	37	0	0	1.0000	0.0000	1.0000	0.1545	NaN	NaN	NaN	1262278.2727	1262278.6562	1.0000	1.0000	0.4805
28hb01	1	37	0	0	2.0000	0.0000	-1.0000	NaN	1.4280	-2.4904	15.4896	1262279.7111	1262280.0144	0.0000	1.0000	0.5158
28hb01	1	38	0	0	1.0000	0.0000	1.0000	0.0793	NaN	NaN	NaN	1262282.7537	1262283.1054	1.0000	1.0000	0.6078
28hb01	1	38	0	0	2.0000	0.0000	1.0000	NaN	1.5981	1.4549	14.7050	1262284.2742	1262284.5765	0.0000	0.0000	0.7213
28hb01	1	39	0	0	1.0000	0.0000	-1.0000	0.4807	NaN	NaN	NaN	1262287.0997	1262287.4507	0.0000	1.0000	0.3420
28hb01	1	39	0	0	2.0000	0.0000	-1.0000	NaN	8.3889	-6.6990	15.8265	1262288.3351	1262288.6374	0.0000	1.0000	0.5003
28hb01	1	40	0	0	1.0000	0.0000	-1.0000	0.4648	NaN	NaN	NaN	1262291.5135	1262291.8671	0.0000	1.0000	0.5030
28hb01	1	40	0	0	2.0000	0.0000	-1.0000	NaN	4.0526	-6.4212	13.2231	1262292.9124	1262293.2146	0.0000	1.0000	0.4833
28hb01	1	41	0	0	1.0000	0.0000	1.0000	0.6217	NaN	NaN	NaN	1262296.2729	1262296.6282	1.0000	1.0000	0.4284
28hb01	1	41	0	0	2.0000	0.0000	1.0000	NaN	4.8914	4.5069	15.1181	1262297.6324	1262297.9345	1.0000	1.0000	0.2746
28hb01	1	42	0	0	1.0000	0.0000	1.0000	0.1497	NaN	NaN	NaN	1262300.3736	1262300.7278	0.0000	0.0000	0.5854
28hb01	1	42	0	0	2.0000	0.0000	-1.0000	NaN	11.6471	-13.3517	16.0403	1262301.8888	1262302.1909	0.0000	1.0000	0.3870
28hb01	1	43	0	0	1.0000	0.0000	-1.0000	0.0310	NaN	NaN	NaN	1262304.8285	1262305.1817	1.0000	0.0000	0.3561
28hb01	1	43	0	0	2.0000	0.0000	1.0000	NaN	6.7344	8.5627	15.4773	1262306.0955	1262306.3976	1.0000	1.0000	0.3230
28hb01	1	44	0	0	1.0000	0.0000	1.0000	0.9243	NaN	NaN	NaN	1262308.7304	1262309.0828	0.0000	0.0000	0.3430
28hb01	1	44	0	0	2.0000	0.0000	1.0000	NaN	7.7879	6.1790	15.4780	1262309.9678	1262310.2700	1.0000	1.0000	0.5947
28hb01	1	45	0	0	1.0000	0.0000	-1.0000	0.0923	NaN	NaN	NaN	1262312.9407	1262313.2939	0.0000	1.0000	0.5632
28hb01	1	45	0	0	2.0000	0.0000	1.0000	NaN	9.8815	9.6074	14.2653	1262314.3679	1262314.6702	1.0000	1.0000	0.3713
28hb01	1	46	0	0	1.0000	0.0000	1.0000	0.7564	NaN	NaN	NaN	1262317.1060	1262317.4602	1.0000	1.0000	0.5249
28hb01	1	46	0	0	2.0000	0.0000	1.0000	NaN	1.1845	3.0579	14.6091	1262318.5627	1262318.8649	0.0000	0.0000	0.4813
28hb01	1	47	0	0	1.0000	0.0000	1.0000	0.0044	NaN	NaN	NaN	1262321.5296	1262321.8822	1.0000	1.0000	0.7744
28hb01	1	47	0	0	2.0000	0.0000	1.0000	NaN	9.2989	7.2800	15.7818	1262323.1993	1262323.5015	1.0000	1.0000	0.3551
28hb01	1	48	0	0	1.0000	0.0000	-1.0000	0.2279	NaN	NaN	NaN	1262325.9275	1262326.3267	0.0000	1.0000	0.5220
28hb01	1	48	0	0	2.0000	0.0000	1.0000	NaN	10.6381	11.5246	13.6623	1262327.3758	1262327.6794	1.0000	1.0000	0.4505
28hb01	1	49	0	0	1.0000	0.0000	1.0000	0.5577	NaN	NaN	NaN	1262330.5025	1262330.8598	1.0000	1.0000	0.5329
28hb01	1	49	0	0	2.0000	0.0000	-1.0000	NaN	2.4929	-3.4869	14.4410	1262331.9843	1262332.2866	0.0000	1.0000	0.4352
28hb01	1	50	0	0	1.0000	0.0000	1.0000	0.3969	NaN	NaN	NaN	1262335.0216	1262335.3760	1.0000	1.0000	0.5126
28hb01	1	50	0	0	2.0000	0.0000	1.0000	NaN	11.7966	11.7428	14.8752	1262336.4161	1262336.7183	1.0000	1.0000	0.3703
28hb01	2	1	0	0	1.0000	0.0000	-1.0000	0.9349	NaN	NaN	NaN	1262363.2286	1262363.5801	0.0000	1.0000	0.4373
28hb01	2	1	0	0	2.0000	0.0000	1.0000	NaN	2.0060	2.2462	15.7318	1262364.5445	1262364.8468	1.0000	1.0000	0.7231
28hb01	2	2	0	0	1.0000	0.0000	1.0000	0.5195	NaN	NaN	NaN	1262368.0523	1262368.4079	1.0000	1.0000	0.3447
28hb01	2	2	0	0	2.0000	0.0000	1.0000	NaN	6.2536	4.5279	15.0908	1262369.3118	1262369.6140	0.0000	0.0000	0.7547
28hb01	2	3	0	0	1.0000	0.0000	1.0000	0.6771	NaN	NaN	NaN	1262372.4881	1262372.9020	1.0000	1.0000	0.3159
28hb01	2	3	0	0	2.0000	0.0000	-1.0000	NaN	6.0057	-6.3530	15.0985	1262373.7823	1262374.0864	0.0000	1.0000	0.2829
28hb01	2	4	0	0	1.0000	0.0000	-1.0000	0.3225	NaN	NaN	NaN	1262376.7571	1262377.1699	0.0000	1.0000	0.4787
28hb01	2	4	0	0	2.0000	0.0000	1.0000	NaN	11.4196	11.2633	14.9822	1262378.1997	1262378.5041	1.0000	1.0000	0.3292
28hb01	2	5	0	0	1.0000	0.0000	1.0000	0.5062	NaN	NaN	NaN	1262381.0009	1262381.4072	1.0000	1.0000	0.2742
28hb01	2	5	0	0	2.0000	0.0000	1.0000	NaN	4.2087	2.5451	15.7873	1262382.2559	1262382.5592	1.0000	1.0000	0.4180
28hb01	2	6	0	0	1.0000	0.0000	-1.0000	0.1698	NaN	NaN	NaN	1262384.8534	1262385.2068	0.0000	1.0000	0.4429
28hb01	2	6	0	0	2.0000	0.0000	1.0000	NaN	5.0746	5.7888	14.7073	1262386.1767	1262386.4789	1.0000	1.0000	0.4190
28hb01	2	7	0	0	1.0000	0.0000	-1.0000	0.2469	NaN	NaN	NaN	1262388.8704	1262389.2276	0.0000	1.0000	0.4386
28hb01	2	7	0	0	2.0000	0.0000	1.0000	NaN	9.6008	9.0839	15.0677	1262390.1926	1262390.4948	1.0000	1.0000	0.3550
28hb01	2	8	0	0	1.0000	0.0000	1.0000	0.4311	NaN	NaN	NaN	1262392.8317	1262393.1832	1.0000	1.0000	0.2902
28hb01	2	8	0	0	2.0000	0.0000	1.0000	NaN	5.1887	4.9858	15.2335	1262394.0323	1262394.3346	1.0000	1.0000	0.3860
28hb01	2	9	0	0	1.0000	0.0000	1.0000	0.8605	NaN	NaN	NaN	1262397.0292	1262397.3801	1.0000	1.0000	0.2852
28hb01	2	9	0	0	2.0000	0.0000	-1.0000	NaN	1.5238	-2.0195	15.0594	1262398.2396	1262398.5426	0.0000	1.0000	0.4832
28hb01	2	10	0	0	1.0000	0.0000	-1.0000	0.2385	NaN	NaN	NaN	1262401.1267	1262401.4781	0.0000	1.0000	0.3797
28hb01	2	10	0	0	2.0000	0.0000	1.0000	NaN	7.3925	6.4336	16.7075	1262402.4010	1262402.7031	1.0000	1.0000	0.4974
28hb01	2	11	0	0	1.0000	0.0000	1.0000	0.3960	NaN	NaN	NaN	1262405.5086	1262405.8612	1.0000	1.0000	0.3164
28hb01	2	11	0	0	2.0000	0.0000	1.0000	NaN	7.8823	7.3016	15.6112	1262406.7197	1262407.0219	1.0000	1.0000	0.3867
28hb01	2	12	0	0	1.0000	0.0000	-1.0000	0.4377	NaN	NaN	NaN	1262409.6175	1262409.9722	0.0000	1.0000	0.2536
28hb01	2	12	0	0	2.0000	0.0000	1.0000	NaN	11.7797	11.9268	16.6114	1262410.7673	1262411.0696	1.0000	1.0000	0.2443
28hb01	2	13	0	0	1.0000	0.0000	-1.0000	0.7772	NaN	NaN	NaN	1262413.5709	1262413.9263	0.0000	1.0000	0.3622
28hb01	2	13	0	0	2.0000	0.0000	-1.0000	NaN	9.8106	-9.0506	15.8821	1262414.8161	1262415.1183	0.0000	1.0000	0.4662
28hb01	2	14	0	0	1.0000	0.0000	1.0000	0.5794	NaN	NaN	NaN	1262418.0099	1262418.4289	1.0000	1.0000	0.1476
28hb01	2	14	0	0	2.0000	0.0000	-1.0000	NaN	7.4120	-7.2799	15.4916	1262419.1304	1262419.4349	0.0000	1.0000	0.2456
28hb01	2	15	0	0	1.0000	0.0000	1.0000	0.8321	NaN	NaN	NaN	1262421.8426	1262422.2638	1.0000	1.0000	0.2174
28hb01	2	15	0	0	2.0000	0.0000	-1.0000	NaN	6.6019	-6.3978	14.8632	1262423.0476	1262423.3520	0.0000	1.0000	0.3453
28hb01	2	16	0	0	1.0000	0.0000	1.0000	0.4280	NaN	NaN	NaN	1262426.2108	1262426.6284	1.0000	1.0000	0.1889
28hb01	2	16	0	0	2.0000	0.0000	-1.0000	NaN	1.0059	-2.7838	15.9890	1262427.4021	1262427.7092	0.0000	1.0000	0.2765
28hb01	2	17	0	0	1.0000	0.0000	-1.0000	0.8677	NaN	NaN	NaN	1262430.0134	1262430.4333	0.0000	1.0000	0.2872
28hb01	2	17	0	0	2.0000	0.0000	1.0000	NaN	1.8285	0.3523	14.6900	1262431.3046	1262431.6108	0.0000	0.0000	0.3426
28hb01	2	18	0	0	1.0000	0.0000	1.0000	0.6007	NaN	NaN	NaN	1262434.6525	1262435.0665	1.0000	1.0000	0.1660
28hb01	2	18	0	0	2.0000	0.0000	-1.0000	NaN	1.1705	-2.1896	14.4640	1262435.8181	1262436.1250	0.0000	1.0000	0.3395
28hb01	2	19	0	0	1.0000	0.0000	-1.0000	0.4007	NaN	NaN	NaN	1262438.4457	1262438.8662	0.0000	1.0000	0.2223
28hb01	2	19	0	0	2.0000	0.0000	1.0000	NaN	10.9888	11.0851	14.2615	1262439.6273	1262439.9318	1.0000	1.0000	0.2127
28hb01	2	20	0	0	1.0000	0.0000	-1.0000	0.6227	NaN	NaN	NaN	1262442.5623	1262442.9827	1.0000	0.0000	0.1702
28hb01	2	20	0	0	2.0000	0.0000	1.0000	NaN	2.0542	1.0172	13.7767	1262443.6899	1262443.9944	0.0000	0.0000	0.3588
28hb01	2	21	0	0	1.0000	0.0000	1.0000	0.9083	NaN	NaN	NaN	1262446.7773	1262447.1799	1.0000	1.0000	0.2131
28hb01	2	21	0	0	2.0000	0.0000	1.0000	NaN	6.9025	5.9853	14.3493	1262447.9677	1262448.2699	1.0000	1.0000	0.4993
28hb01	2	22	0	0	1.0000	0.0000	1.0000	0.2254	NaN	NaN	NaN	1262451.1181	1262451.4744	1.0000	1.0000	0.4314
28hb01	2	22	0	0	2.0000	0.0000	-1.0000	NaN	5.5062	-4.3220	15.6201	1262452.4802	1262452.7824	0.0000	1.0000	0.4034
28hb01	2	23	0	0	1.0000	0.0000	-1.0000	0.6423	NaN	NaN	NaN	1262454.9238	1262455.2753	0.0000	1.0000	0.2782
28hb01	2	23	0	0	2.0000	0.0000	1.0000	NaN	3.4688	4.4638	15.4191	1262456.0966	1262456.3988	1.0000	1.0000	0.6749
28hb01	2	24	0	0	1.0000	0.0000	-1.0000	0.8316	NaN	NaN	NaN	1262459.4153	1262459.7698	0.0000	1.0000	0.2151
28hb01	2	24	0	0	2.0000	0.0000	1.0000	NaN	6.2166	7.9878	13.8454	1262460.5430	1262460.8453	1.0000	1.0000	0.2763
28hb01	2	25	0	0	1.0000	0.0000	-1.0000	0.7832	NaN	NaN	NaN	1262463.0633	1262463.4817	0.0000	1.0000	0.1828
28hb01	2	25	0	0	2.0000	0.0000	1.0000	NaN	11.7920	11.8253	15.0348	1262464.2017	1262464.5087	1.0000	1.0000	0.2928
28hb01	2	26	0	0	1.0000	0.0000	1.0000	0.0359	NaN	NaN	NaN	1262466.7744	1262467.1599	1.0000	1.0000	0.3286
28hb01	2	26	0	0	2.0000	0.0000	-1.0000	NaN	10.6220	-10.2424	14.9215	1262468.0481	1262468.3502	0.0000	1.0000	0.2106
28hb01	2	27	0	0	1.0000	0.0000	1.0000	0.1743	NaN	NaN	NaN	1262470.7037	1262471.0579	1.0000	1.0000	0.0957
28hb01	2	27	0	0	2.0000	0.0000	-1.0000	NaN	4.4218	-3.3581	15.3539	1262471.7592	1262472.0614	0.0000	1.0000	0.4675
28hb01	2	28	0	0	1.0000	0.0000	-1.0000	0.4825	NaN	NaN	NaN	1262474.9473	1262475.3022	1.0000	0.0000	0.3788
28hb01	2	28	0	0	2.0000	0.0000	1.0000	NaN	1.0262	0.5871	13.9513	1262476.2739	1262476.5762	0.0000	0.0000	0.3523
28hb01	2	29	0	0	1.0000	0.0000	-1.0000	0.7610	NaN	NaN	NaN	1262479.2083	1262479.5594	0.0000	1.0000	0.4255
28hb01	2	29	0	0	2.0000	0.0000	-1.0000	NaN	0.3506	-0.2244	14.3018	1262480.5474	1262480.8496	0.0000	1.0000	0.3679
28hb01	2	30	0	0	1.0000	0.0000	1.0000	0.6824	NaN	NaN	NaN	1262483.4093	1262483.7617	1.0000	1.0000	0.1913
28hb01	2	30	0	0	2.0000	0.0000	-1.0000	NaN	11.6238	-12.7034	14.5683	1262484.5432	1262484.8455	0.0000	1.0000	0.2590
28hb01	2	31	0	0	1.0000	0.0000	-1.0000	0.2279	NaN	NaN	NaN	1262487.3390	1262487.6904	0.0000	1.0000	0.3757
28hb01	2	31	0	0	2.0000	0.0000	-1.0000	NaN	1.4798	-1.4420	13.8861	1262488.6391	1262488.9412	0.0000	1.0000	0.7712
28hb01	2	32	0	0	1.0000	0.0000	1.0000	0.4284	NaN	NaN	NaN	1262491.7708	1262492.1235	1.0000	1.0000	0.3891
28hb01	2	32	0	0	2.0000	0.0000	1.0000	NaN	6.5641	5.3328	13.3682	1262493.0885	1262493.3908	1.0000	1.0000	0.5147
28hb01	2	33	0	0	1.0000	0.0000	1.0000	0.0146	NaN	NaN	NaN	1262496.3138	1262496.6677	1.0000	1.0000	0.4367
28hb01	2	33	0	0	2.0000	0.0000	-1.0000	NaN	0.5163	-1.6170	12.5645	1262497.6470	1262497.9493	0.0000	1.0000	0.3559
28hb01	2	34	0	0	1.0000	0.0000	-1.0000	0.8828	NaN	NaN	NaN	1262500.2467	1262500.6009	0.0000	1.0000	0.4242
28hb01	2	34	0	0	2.0000	0.0000	-1.0000	NaN	4.1998	-5.3539	14.7180	1262501.5839	1262501.8873	0.0000	1.0000	0.2894
28hb01	2	35	0	0	1.0000	0.0000	1.0000	0.0064	NaN	NaN	NaN	1262504.5520	1262504.9062	1.0000	1.0000	0.6142
28hb01	2	35	0	0	2.0000	0.0000	1.0000	NaN	7.2260	6.5985	14.5705	1262506.0957	1262506.3978	1.0000	1.0000	0.2586
28hb01	2	36	0	0	1.0000	0.0000	-1.0000	0.1418	NaN	NaN	NaN	1262508.6245	1262509.0172	0.0000	1.0000	0.4405
28hb01	2	36	0	0	2.0000	0.0000	1.0000	NaN	3.0901	4.9713	15.0249	1262510.0157	1262510.3188	1.0000	1.0000	0.2270
28hb01	2	37	0	0	1.0000	0.0000	-1.0000	0.4876	NaN	NaN	NaN	1262512.9438	1262513.3005	1.0000	0.0000	0.3960
28hb01	2	37	0	0	2.0000	0.0000	-1.0000	NaN	4.8217	-5.2794	15.4761	1262514.2395	1262514.5418	0.0000	1.0000	0.4347
28hb01	2	38	0	0	1.0000	0.0000	-1.0000	0.6852	NaN	NaN	NaN	1262517.2861	1262517.6389	0.0000	1.0000	0.3787
28hb01	2	38	0	0	2.0000	0.0000	-1.0000	NaN	1.2811	-1.7243	14.9735	1262518.6070	1262518.9092	0.0000	1.0000	0.2752
28hb01	2	39	0	0	1.0000	0.0000	-1.0000	0.8610	NaN	NaN	NaN	1262521.7605	1262522.1167	0.0000	1.0000	0.4277
28hb01	2	39	0	0	2.0000	0.0000	1.0000	NaN	10.5558	9.6483	14.7571	1262523.1039	1262523.4061	1.0000	1.0000	0.2263
28hb01	2	40	0	0	1.0000	0.0000	-1.0000	0.6214	NaN	NaN	NaN	1262526.1576	1262526.5095	0.0000	1.0000	0.2915
28hb01	2	40	0	0	2.0000	0.0000	1.0000	NaN	8.2706	9.4459	14.7751	1262527.3596	1262527.6619	1.0000	1.0000	0.3065
28hb01	2	41	0	0	1.0000	0.0000	1.0000	0.3012	NaN	NaN	NaN	1262530.0534	1262530.4049	1.0000	1.0000	0.3323
28hb01	2	41	0	0	2.0000	0.0000	1.0000	NaN	11.4027	11.0087	16.4064	1262531.3117	1262531.6139	1.0000	1.0000	0.4825
28hb01	2	42	0	0	1.0000	0.0000	-1.0000	0.8104	NaN	NaN	NaN	1262534.1558	1262534.5064	0.0000	1.0000	0.4545
28hb01	2	42	0	0	2.0000	0.0000	1.0000	NaN	7.4647	6.5919	11.7430	1262535.5033	1262535.8054	1.0000	1.0000	0.3562
28hb01	2	43	0	0	1.0000	0.0000	1.0000	0.1850	NaN	NaN	NaN	1262538.3459	1262538.6990	1.0000	1.0000	0.4548
28hb01	2	43	0	0	2.0000	0.0000	1.0000	NaN	2.7111	3.1999	14.0496	1262539.7276	1262540.0298	1.0000	1.0000	0.6599
28hb01	2	44	0	0	1.0000	0.0000	-1.0000	0.5394	NaN	NaN	NaN	1262542.8724	1262543.2227	0.0000	1.0000	0.3786
28hb01	2	44	0	0	2.0000	0.0000	1.0000	NaN	0.9103	1.9163	13.3902	1262544.1436	1262544.4459	1.0000	1.0000	0.3225
28hb01	2	45	0	0	1.0000	0.0000	-1.0000	0.2230	NaN	NaN	NaN	1262546.7526	1262547.1040	0.0000	1.0000	0.4010
28hb01	2	45	0	0	2.0000	0.0000	-1.0000	NaN	4.2379	-2.3026	14.4781	1262548.0626	1262548.3648	0.0000	1.0000	0.3091
28hb01	2	46	0	0	1.0000	0.0000	-1.0000	0.3341	NaN	NaN	NaN	1262550.9225	1262551.2751	1.0000	0.0000	0.5013
28hb01	2	46	0	0	2.0000	0.0000	-1.0000	NaN	9.9699	-10.8499	15.6582	1262552.3192	1262552.6215	0.0000	1.0000	0.3401
28hb01	2	47	0	0	1.0000	0.0000	-1.0000	0.0916	NaN	NaN	NaN	1262555.3335	1262555.7422	1.0000	0.0000	0.1633
28hb01	2	47	0	0	2.0000	0.0000	-1.0000	NaN	1.5837	-1.6021	15.8789	1262556.5040	1262556.8078	0.0000	1.0000	0.6021
28hb01	2	48	0	0	1.0000	0.0000	-1.0000	0.6167	NaN	NaN	NaN	1262559.7934	1262560.2058	0.0000	1.0000	0.2758
28hb01	2	48	0	0	2.0000	0.0000	1.0000	NaN	8.7807	5.3195	16.0012	1262561.0403	1262561.3426	1.0000	1.0000	0.1470
28hb01	2	49	0	0	1.0000	0.0000	1.0000	0.5222	NaN	NaN	NaN	1262564.0313	1262564.3852	1.0000	1.0000	0.3842
28hb01	2	49	0	0	2.0000	0.0000	-1.0000	NaN	11.0063	-11.3381	15.3770	1262565.3433	1262565.6455	0.0000	1.0000	0.1789
28hb01	2	50	0	0	1.0000	0.0000	1.0000	0.5114	NaN	NaN	NaN	1262567.9676	1262568.3196	1.0000	1.0000	0.2419
28hb01	2	50	0	0	2.0000	0.0000	1.0000	NaN	11.9536	11.9579	14.5640	1262569.1348	1262569.4370	1.0000	1.0000	0.2285
28hb01	3	1	0	0	1.0000	0.0000	1.0000	0.8253	NaN	NaN	NaN	1262603.7909	1262604.2078	1.0000	1.0000	0.1445
28hb01	3	1	0	0	2.0000	0.0000	-1.0000	NaN	1.0132	-1.7688	15.8990	1262604.9376	1262605.2421	1.0000	0.0000	0.5822
28hb01	3	2	0	0	1.0000	0.0000	1.0000	0.6357	NaN	NaN	NaN	1262608.0422	1262608.4587	1.0000	1.0000	0.1833
28hb01	3	2	0	0	2.0000	0.0000	1.0000	NaN	2.2852	2.7799	15.5075	1262609.1996	1262609.5018	0.0000	0.0000	0.2598
28hb01	3	3	0	0	1.0000	0.0000	-1.0000	0.4645	NaN	NaN	NaN	1262612.2940	1262612.6494	0.0000	1.0000	0.2152
28hb01	3	3	0	0	2.0000	0.0000	1.0000	NaN	7.4887	7.2008	14.4436	1262613.4072	1262613.7094	1.0000	1.0000	0.1793
28hb01	3	4	0	0	1.0000	0.0000	-1.0000	0.4181	NaN	NaN	NaN	1262615.8907	1262616.2452	0.0000	1.0000	0.2196
28hb01	3	4	0	0	2.0000	0.0000	1.0000	NaN	6.3257	5.0132	13.6661	1262616.9751	1262617.2774	1.0000	1.0000	0.1955
28hb01	3	5	0	0	1.0000	0.0000	-1.0000	0.7193	NaN	NaN	NaN	1262619.3654	1262619.7170	0.0000	1.0000	0.1243
28hb01	3	5	0	0	2.0000	0.0000	1.0000	NaN	9.0447	9.8625	15.0617	1262620.3831	1262620.6853	1.0000	1.0000	0.2270
28hb01	3	6	0	0	1.0000	0.0000	1.0000	0.2416	NaN	NaN	NaN	1262623.2715	1262623.6282	1.0000	1.0000	0.2121
28hb01	3	6	0	0	2.0000	0.0000	1.0000	NaN	9.7714	9.3067	15.3415	1262624.3998	1262624.7021	1.0000	1.0000	0.3702
28hb01	3	7	0	0	1.0000	0.0000	-1.0000	0.0566	NaN	NaN	NaN	1262627.4564	1262627.8112	0.0000	1.0000	0.2223
28hb01	3	7	0	0	2.0000	0.0000	1.0000	NaN	8.1837	9.0087	15.0917	1262628.6073	1262628.9096	1.0000	1.0000	0.3067
28hb01	3	8	0	0	1.0000	0.0000	1.0000	0.7652	NaN	NaN	NaN	1262631.3565	1262631.7109	0.0000	0.0000	0.1454
28hb01	3	8	0	0	2.0000	0.0000	1.0000	NaN	6.9207	8.5139	15.8197	1262632.3996	1262632.7018	1.0000	1.0000	2.0825
28hb01	3	9	0	0	1.0000	0.0000	1.0000	0.6757	NaN	NaN	NaN	1262636.7700	1262637.1210	1.0000	1.0000	0.2233
28hb01	3	9	0	0	2.0000	0.0000	-1.0000	NaN	2.6610	-1.4291	14.3902	1262637.9357	1262638.2379	0.0000	1.0000	0.4506
28hb01	3	10	0	0	1.0000	0.0000	-1.0000	0.0679	NaN	NaN	NaN	1262640.8137	1262641.1659	1.0000	0.0000	0.1316
28hb01	3	10	0	0	2.0000	0.0000	-1.0000	NaN	6.2598	-7.5329	14.9626	1262641.8717	1262642.1739	0.0000	1.0000	0.2263
28hb01	3	11	0	0	1.0000	0.0000	-1.0000	0.0113	NaN	NaN	NaN	1262644.5103	1262644.8644	1.0000	0.0000	0.1759
28hb01	3	11	0	0	2.0000	0.0000	1.0000	NaN	4.0455	3.7550	14.4589	1262645.5835	1262645.8858	0.0000	0.0000	0.3069
28hb01	3	12	0	0	1.0000	0.0000	-1.0000	0.7075	NaN	NaN	NaN	1262648.3769	1262648.7889	0.0000	1.0000	0.2834
28hb01	3	12	0	0	2.0000	0.0000	1.0000	NaN	2.2675	3.1692	14.7067	1262649.6584	1262649.9655	1.0000	1.0000	0.5001
28hb01	3	13	0	0	1.0000	0.0000	1.0000	0.7199	NaN	NaN	NaN	1262652.6942	1262653.1187	1.0000	1.0000	0.1941
28hb01	3	13	0	0	2.0000	0.0000	-1.0000	NaN	8.9176	-8.5566	14.9779	1262653.9170	1262654.2219	1.0000	0.0000	0.5795
28hb01	3	14	0	0	1.0000	0.0000	-1.0000	0.4654	NaN	NaN	NaN	1262657.0342	1262657.4551	0.0000	1.0000	0.3064
28hb01	3	14	0	0	2.0000	0.0000	1.0000	NaN	2.0151	1.5024	15.3893	1262658.3160	1262658.6205	1.0000	1.0000	0.2918
28hb01	3	15	0	0	1.0000	0.0000	1.0000	0.7554	NaN	NaN	NaN	1262661.1737	1262661.5882	1.0000	1.0000	0.4120
28hb01	3	15	0	0	2.0000	0.0000	1.0000	NaN	2.2425	2.1437	15.5386	1262662.5513	1262662.8558	1.0000	1.0000	0.6804
28hb01	3	16	0	0	1.0000	0.0000	1.0000	0.3757	NaN	NaN	NaN	1262666.1144	1262666.5330	0.0000	0.0000	0.4120
28hb01	3	16	0	0	2.0000	0.0000	-1.0000	NaN	4.4092	-4.9210	16.8045	1262667.5158	1262667.8203	0.0000	1.0000	0.5813
28hb01	3	17	0	0	1.0000	0.0000	-1.0000	0.5686	NaN	NaN	NaN	1262670.8588	1262671.2711	0.0000	1.0000	0.3299
28hb01	3	17	0	0	2.0000	0.0000	-1.0000	NaN	5.6511	-8.1875	14.6960	1262672.1675	1262672.4720	0.0000	1.0000	0.5682
28hb01	3	18	0	0	1.0000	0.0000	1.0000	0.1879	NaN	NaN	NaN	1262674.9853	1262675.4043	1.0000	1.0000	0.1493
28hb01	3	18	0	0	2.0000	0.0000	-1.0000	NaN	0.3665	-0.7366	14.7433	1262676.1126	1262676.4147	0.0000	1.0000	0.3375
28hb01	3	19	0	0	1.0000	0.0000	-1.0000	0.4017	NaN	NaN	NaN	1262679.1925	1262679.5458	0.0000	1.0000	0.3904
28hb01	3	19	0	0	2.0000	0.0000	-1.0000	NaN	6.5745	-6.2071	14.9612	1262680.5126	1262680.8148	0.0000	1.0000	0.3380
28hb01	3	20	0	0	1.0000	0.0000	-1.0000	0.4474	NaN	NaN	NaN	1262683.4853	1262683.8418	1.0000	0.0000	0.3676
28hb01	3	20	0	0	2.0000	0.0000	-1.0000	NaN	2.7659	-2.8220	14.5567	1262684.7517	1262685.0539	0.0000	1.0000	0.3550
28hb01	3	21	0	0	1.0000	0.0000	-1.0000	0.9118	NaN	NaN	NaN	1262687.9580	1262688.3125	0.0000	1.0000	0.3293
28hb01	3	21	0	0	2.0000	0.0000	-1.0000	NaN	4.0846	-4.4106	13.1481	1262689.2005	1262689.5027	0.0000	1.0000	0.2266
28hb01	3	22	0	0	1.0000	0.0000	-1.0000	0.1814	NaN	NaN	NaN	1262692.0715	1262692.4284	1.0000	0.0000	0.1638
28hb01	3	22	0	0	2.0000	0.0000	1.0000	NaN	5.1390	4.0106	13.9722	1262693.1688	1262693.4710	1.0000	1.0000	0.4660
28hb01	3	23	0	0	1.0000	0.0000	-1.0000	0.3538	NaN	NaN	NaN	1262696.1030	1262696.5199	0.0000	1.0000	0.2015
28hb01	3	23	0	0	2.0000	0.0000	1.0000	NaN	2.3774	2.4764	13.8301	1262697.2740	1262697.5806	1.0000	1.0000	0.6597
28hb01	3	24	0	0	1.0000	0.0000	-1.0000	0.5195	NaN	NaN	NaN	1262700.2768	1262700.7002	0.0000	1.0000	0.1640
28hb01	3	24	0	0	2.0000	0.0000	1.0000	NaN	11.4901	10.3122	14.4440	1262701.4164	1262701.7211	1.0000	1.0000	0.3445
28hb01	3	25	0	0	1.0000	0.0000	-1.0000	0.4205	NaN	NaN	NaN	1262704.4673	1262704.8866	0.0000	1.0000	0.1697
28hb01	3	25	0	0	2.0000	0.0000	-1.0000	NaN	1.2798	-0.7974	15.2737	1262705.6257	1262705.9307	1.0000	0.0000	0.6296
28hb01	3	26	0	0	1.0000	0.0000	-1.0000	0.2163	NaN	NaN	NaN	1262708.8154	1262709.2363	0.0000	1.0000	0.3333
28hb01	3	26	0	0	2.0000	0.0000	1.0000	NaN	5.2284	6.4547	15.0801	1262710.1388	1262710.4461	0.0000	0.0000	0.5301
28hb01	3	27	0	0	1.0000	0.0000	1.0000	0.4611	NaN	NaN	NaN	1262713.0404	1262713.4639	1.0000	1.0000	0.1843
28hb01	3	27	0	0	2.0000	0.0000	-1.0000	NaN	9.6034	-10.9605	15.0406	1262714.1999	1262714.5043	0.0000	1.0000	0.3759
28hb01	3	28	0	0	1.0000	0.0000	-1.0000	0.0654	NaN	NaN	NaN	1262717.2005	1262717.5953	1.0000	0.0000	0.2936
28hb01	3	28	0	0	2.0000	0.0000	-1.0000	NaN	3.8352	-1.3757	14.9972	1262718.4625	1262718.7647	0.0000	1.0000	0.3252
28hb01	3	29	0	0	1.0000	0.0000	1.0000	0.6632	NaN	NaN	NaN	1262721.5790	1262721.9301	1.0000	1.0000	0.3261
28hb01	3	29	0	0	2.0000	0.0000	-1.0000	NaN	7.9983	-7.8549	13.5608	1262722.8478	1262723.1500	0.0000	1.0000	0.2115
28hb01	3	30	0	0	1.0000	0.0000	1.0000	0.0500	NaN	NaN	NaN	1262725.5441	1262725.8949	1.0000	1.0000	0.2663
28hb01	3	30	0	0	2.0000	0.0000	-1.0000	NaN	8.8543	-10.4960	13.9245	1262726.6858	1262726.9881	0.0000	1.0000	0.1975
28hb01	3	31	0	0	1.0000	0.0000	1.0000	0.0574	NaN	NaN	NaN	1262729.5171	1262729.8729	1.0000	1.0000	0.2233
28hb01	3	31	0	0	2.0000	0.0000	1.0000	NaN	4.7911	5.6151	15.1359	1262730.6715	1262730.9746	1.0000	1.0000	0.2268
28hb01	3	32	0	0	1.0000	0.0000	1.0000	0.6649	NaN	NaN	NaN	1262733.6513	1262734.0057	0.0000	0.0000	0.3469
28hb01	3	32	0	0	2.0000	0.0000	-1.0000	NaN	7.6624	-7.2255	14.6211	1262734.9112	1262735.2134	0.0000	1.0000	0.2435
28hb01	3	33	0	0	1.0000	0.0000	-1.0000	0.1383	NaN	NaN	NaN	1262737.5980	1262737.9490	0.0000	1.0000	0.3885
28hb01	3	33	0	0	2.0000	0.0000	1.0000	NaN	1.6328	2.8776	15.7412	1262738.8790	1262739.1813	0.0000	0.0000	0.4350
28hb01	3	34	0	0	1.0000	0.0000	-1.0000	0.8127	NaN	NaN	NaN	1262742.0734	1262742.4841	1.0000	0.0000	0.3640
28hb01	3	34	0	0	2.0000	0.0000	-1.0000	NaN	7.7372	-7.6301	14.9141	1262743.3991	1262743.7035	0.0000	1.0000	0.1206
28hb01	3	35	0	0	1.0000	0.0000	-1.0000	0.8651	NaN	NaN	NaN	1262746.1522	1262746.5673	1.0000	0.0000	0.6496
28hb01	3	35	0	0	2.0000	0.0000	1.0000	NaN	2.1822	1.0828	15.6428	1262747.7670	1262748.0714	0.0000	0.0000	0.4096
28hb01	3	36	0	0	1.0000	0.0000	1.0000	0.3272	NaN	NaN	NaN	1262750.7464	1262751.1670	1.0000	1.0000	0.4018
28hb01	3	36	0	0	2.0000	0.0000	-1.0000	NaN	9.3662	-9.5274	15.7685	1262752.1541	1262752.4610	0.0000	1.0000	0.2433
28hb01	3	37	0	0	1.0000	0.0000	1.0000	0.6938	NaN	NaN	NaN	1262754.8526	1262755.2668	1.0000	1.0000	0.1746
28hb01	3	37	0	0	2.0000	0.0000	1.0000	NaN	5.8633	4.4441	15.7036	1262756.0610	1262756.3655	1.0000	1.0000	0.4027
28hb01	3	38	0	0	1.0000	0.0000	-1.0000	0.3654	NaN	NaN	NaN	1262759.1562	1262759.5666	0.0000	1.0000	0.1947
28hb01	3	38	0	0	2.0000	0.0000	1.0000	NaN	6.9958	6.3936	17.2002	1262760.3195	1262760.6224	1.0000	1.0000	0.6418
28hb01	3	39	0	0	1.0000	0.0000	-1.0000	0.2280	NaN	NaN	NaN	1262763.7416	1262764.0930	0.0000	1.0000	0.5641
28hb01	3	39	0	0	2.0000	0.0000	-1.0000	NaN	5.0072	-5.7694	14.1642	1262765.2157	1262765.5179	0.0000	1.0000	0.5629
28hb01	3	40	0	0	1.0000	0.0000	1.0000	0.3267	NaN	NaN	NaN	1262768.3078	1262768.6595	1.0000	1.0000	0.4127
28hb01	3	40	0	0	2.0000	0.0000	-1.0000	NaN	7.0088	-6.6344	14.3263	1262769.6316	1262769.9339	0.0000	1.0000	0.1795
28hb01	3	41	0	0	1.0000	0.0000	1.0000	0.2774	NaN	NaN	NaN	1262772.5637	1262772.9206	1.0000	1.0000	0.5835
28hb01	3	41	0	0	2.0000	0.0000	-1.0000	NaN	5.1798	-4.1611	17.2471	1262774.1108	1262774.4130	0.0000	1.0000	0.3084
28hb01	3	42	0	0	1.0000	0.0000	1.0000	0.7170	NaN	NaN	NaN	1262776.8699	1262777.2244	1.0000	1.0000	0.3918
28hb01	3	42	0	0	2.0000	0.0000	-1.0000	NaN	3.3123	-4.0550	14.5438	1262778.1595	1262778.4618	0.0000	1.0000	0.2424
28hb01	3	43	0	0	1.0000	0.0000	-1.0000	0.8702	NaN	NaN	NaN	1262780.7973	1262781.1535	0.0000	1.0000	0.5266
28hb01	3	43	0	0	2.0000	0.0000	1.0000	NaN	0.0138	0.3013	13.5991	1262782.2253	1262782.5275	0.0000	0.0000	0.2892
28hb01	3	44	0	0	1.0000	0.0000	-1.0000	0.8772	NaN	NaN	NaN	1262785.1711	1262785.5253	0.0000	1.0000	0.5721
28hb01	3	44	0	0	2.0000	0.0000	1.0000	NaN	5.1625	5.9003	13.0847	1262786.6563	1262786.9585	1.0000	1.0000	0.3376
28hb01	3	45	0	0	1.0000	0.0000	1.0000	0.3703	NaN	NaN	NaN	1262789.4573	1262789.8691	1.0000	1.0000	0.2115
28hb01	3	45	0	0	2.0000	0.0000	-1.0000	NaN	2.9003	-3.3933	13.9708	1262790.6470	1262790.9512	0.0000	1.0000	0.2009
28hb01	3	46	0	0	1.0000	0.0000	-1.0000	0.5043	NaN	NaN	NaN	1262793.4345	1262793.8195	1.0000	0.0000	0.9166
28hb01	3	46	0	0	2.0000	0.0000	-1.0000	NaN	9.3500	-8.1829	15.4998	1262795.2963	1262795.5986	0.0000	1.0000	0.5624
28hb01	3	47	0	0	1.0000	0.0000	-1.0000	0.1216	NaN	NaN	NaN	1262798.4048	1262798.7579	1.0000	0.0000	0.6032
28hb01	3	47	0	0	2.0000	0.0000	-1.0000	NaN	11.9890	-13.3234	15.2103	1262799.9030	1262800.2055	0.0000	1.0000	0.3866
28hb01	3	48	0	0	1.0000	0.0000	-1.0000	0.8596	NaN	NaN	NaN	1262803.2136	1262803.5688	1.0000	0.0000	0.3370
28hb01	3	48	0	0	2.0000	0.0000	-1.0000	NaN	11.7570	-12.6283	15.6860	1262804.4796	1262804.7817	0.0000	1.0000	0.2916
28hb01	3	49	0	0	1.0000	0.0000	-1.0000	0.2759	NaN	NaN	NaN	1262807.0156	1262807.3729	1.0000	0.0000	0.8838
28hb01	3	49	0	0	2.0000	0.0000	1.0000	NaN	7.4051	7.4761	16.0581	1262808.8306	1262809.1328	1.0000	1.0000	0.4047
28hb01	3	50	0	0	1.0000	0.0000	1.0000	0.7412	NaN	NaN	NaN	1262812.2307	1262812.5853	1.0000	1.0000	0.5196
28hb01	3	50	0	0	2.0000	0.0000	-1.0000	NaN	0.9735	-0.1577	15.7896	1262813.6957	1262813.9979	1.0000	0.0000	0.5636
