54fl02	1	1	0	1	1.0000	1.0000	-1.0000	NaN	3.2419	-4.9059	15.3150	774805.5611	774805.8623	0.0000	1.0000	0.5670
54fl02	1	1	0	1	2.0000	1.0000	1.0000	0.8706	NaN	NaN	NaN	774806.9805	774807.3090	1.0000	1.0000	0.3279
54fl02	1	2	0	1	1.0000	1.0000	1.0000	NaN	6.6023	6.4467	15.2983	774809.8945	774810.1954	1.0000	1.0000	0.5941
54fl02	1	2	0	1	2.0000	1.0000	-1.0000	0.6806	NaN	NaN	NaN	774811.3080	774811.6373	0.0000	1.0000	0.1760
54fl02	1	3	0	1	1.0000	1.0000	-1.0000	NaN	3.3259	-2.8566	14.1282	774814.2936	774814.5946	0.0000	1.0000	0.7551
54fl02	1	3	0	1	2.0000	1.0000	-1.0000	0.2261	NaN	NaN	NaN	774815.8694	774816.1990	0.0000	1.0000	0.8462
54fl02	1	4	0	1	1.0000	1.0000	-1.0000	NaN	2.8134	-3.8845	14.0996	774819.0154	774819.3166	0.0000	1.0000	0.5681
54fl02	1	4	0	1	2.0000	1.0000	-1.0000	0.7645	NaN	NaN	NaN	774820.4049	774820.7342	0.0000	1.0000	0.3193
54fl02	1	5	0	1	1.0000	1.0000	-1.0000	NaN	6.0261	-4.5788	15.3431	774823.2085	774823.5095	0.0000	1.0000	0.7594
54fl02	1	5	0	1	2.0000	1.0000	1.0000	0.3669	NaN	NaN	NaN	774824.7971	774825.1270	1.0000	1.0000	0.4385
54fl02	1	6	0	1	1.0000	1.0000	-1.0000	NaN	0.8377	-1.9551	14.4168	774827.7123	774828.0134	0.0000	1.0000	2.0722
54fl02	1	6	0	1	2.0000	1.0000	-1.0000	0.7966	NaN	NaN	NaN	774830.6357	774830.9661	0.0000	1.0000	0.4235
54fl02	1	7	0	1	1.0000	1.0000	-1.0000	NaN	6.5258	-4.9901	14.7373	774833.7783	774834.0795	0.0000	1.0000	0.5021
54fl02	1	7	0	1	2.0000	1.0000	1.0000	0.9376	NaN	NaN	NaN	774835.1084	774835.4372	1.0000	1.0000	0.3684
54fl02	1	8	0	1	1.0000	1.0000	-1.0000	NaN	3.8008	-5.2372	15.1337	774837.9910	774838.2920	0.0000	1.0000	0.3535
54fl02	1	8	0	1	2.0000	1.0000	-1.0000	0.5870	NaN	NaN	NaN	774839.1804	774839.5086	0.0000	1.0000	0.3208
54fl02	1	9	0	1	1.0000	1.0000	1.0000	NaN	1.7850	1.5929	14.8126	774841.8681	774842.1696	1.0000	1.0000	1.2042
54fl02	1	9	0	1	2.0000	1.0000	1.0000	0.0946	NaN	NaN	NaN	774843.9085	774844.2367	0.0000	0.0000	1.6645
54fl02	1	10	0	1	1.0000	1.0000	1.0000	NaN	5.2526	7.4826	13.3131	774848.2379	774848.5392	1.0000	1.0000	0.4580
54fl02	1	10	0	1	2.0000	1.0000	1.0000	0.4397	NaN	NaN	NaN	774849.5409	774849.8692	1.0000	1.0000	0.8882
54fl02	1	11	0	1	1.0000	1.0000	1.0000	NaN	8.2994	11.3091	16.2958	774852.7866	774853.0877	1.0000	1.0000	0.4296
54fl02	1	11	0	1	2.0000	1.0000	-1.0000	0.2142	NaN	NaN	NaN	774854.0609	774854.3887	0.0000	1.0000	0.5209
54fl02	1	12	0	1	1.0000	1.0000	-1.0000	NaN	0.2279	-0.1748	13.6596	774857.0962	774857.3974	1.0000	0.0000	0.4715
54fl02	1	12	0	1	2.0000	1.0000	-1.0000	0.0266	NaN	NaN	NaN	774858.4124	774858.7417	0.0000	1.0000	0.5040
54fl02	1	13	0	1	1.0000	1.0000	-1.0000	NaN	8.3212	-8.5480	13.7640	774861.8144	774862.1154	0.0000	1.0000	0.2974
54fl02	1	13	0	1	2.0000	1.0000	1.0000	0.6434	NaN	NaN	NaN	774862.9405	774863.2681	1.0000	1.0000	0.2977
54fl02	1	14	0	1	1.0000	1.0000	-1.0000	NaN	7.1929	-7.8668	14.9409	774865.7039	774866.0049	0.0000	1.0000	0.3042
54fl02	1	14	0	1	2.0000	1.0000	-1.0000	0.4046	NaN	NaN	NaN	774866.8446	774867.1731	0.0000	1.0000	0.4401
54fl02	1	15	0	1	1.0000	1.0000	-1.0000	NaN	3.5616	-3.1398	14.6979	774870.0341	774870.3351	0.0000	1.0000	2.6144
54fl02	1	15	0	1	2.0000	1.0000	-1.0000	0.4026	NaN	NaN	NaN	774873.4360	774873.7660	0.0000	1.0000	0.3514
54fl02	1	16	0	1	1.0000	1.0000	-1.0000	NaN	5.4496	-6.0750	14.5043	774876.5226	774876.8236	0.0000	1.0000	0.3420
54fl02	1	16	0	1	2.0000	1.0000	-1.0000	0.3183	NaN	NaN	NaN	774877.6918	774878.0215	0.0000	1.0000	0.3764
54fl02	1	17	0	1	1.0000	1.0000	1.0000	NaN	8.0539	9.0999	14.2134	774880.8943	774881.1952	1.0000	1.0000	0.3703
54fl02	1	17	0	1	2.0000	1.0000	1.0000	0.0115	NaN	NaN	NaN	774882.1005	774882.4282	0.0000	0.0000	0.3847
54fl02	1	18	0	1	1.0000	1.0000	-1.0000	NaN	7.8906	-7.7654	15.4724	774885.0254	774885.3264	0.0000	1.0000	0.1672
54fl02	1	18	0	1	2.0000	1.0000	-1.0000	0.1346	NaN	NaN	NaN	774886.0291	774886.3592	0.0000	1.0000	0.4230
54fl02	1	19	0	1	1.0000	1.0000	1.0000	NaN	4.2082	1.8440	16.2641	774889.2435	774889.5445	1.0000	1.0000	0.3571
54fl02	1	19	0	1	2.0000	1.0000	1.0000	0.8239	NaN	NaN	NaN	774890.4287	774890.7560	1.0000	1.0000	0.3454
54fl02	1	20	0	1	1.0000	1.0000	1.0000	NaN	3.6504	3.4512	15.3391	774893.1480	774893.4490	1.0000	1.0000	2.6125
54fl02	1	20	0	1	2.0000	1.0000	-1.0000	0.5712	NaN	NaN	NaN	774896.5961	774896.9250	0.0000	1.0000	0.2324
54fl02	1	21	0	1	1.0000	1.0000	1.0000	NaN	5.2677	5.0243	15.3786	774899.5032	774899.8042	1.0000	1.0000	0.3533
54fl02	1	21	0	1	2.0000	1.0000	-1.0000	0.0336	NaN	NaN	NaN	774900.6837	774901.0145	0.0000	1.0000	0.5587
54fl02	1	22	0	1	1.0000	1.0000	-1.0000	NaN	0.8276	-0.5308	15.1799	774904.1787	774904.4805	1.0000	0.0000	1.2523
54fl02	1	22	0	1	2.0000	1.0000	-1.0000	0.8217	NaN	NaN	NaN	774906.2523	774906.5799	0.0000	1.0000	0.2337
54fl02	1	23	0	1	1.0000	1.0000	-1.0000	NaN	2.8103	-2.8041	13.6042	774909.1560	774909.4572	0.0000	1.0000	3.2362
54fl02	1	23	0	1	2.0000	1.0000	1.0000	0.8264	NaN	NaN	NaN	774913.1965	774913.5250	1.0000	1.0000	0.3278
54fl02	1	24	0	1	1.0000	1.0000	-1.0000	NaN	4.4242	-4.4075	14.8431	774916.1094	774916.4104	0.0000	1.0000	0.9147
54fl02	1	24	0	1	2.0000	1.0000	1.0000	0.2731	NaN	NaN	NaN	774917.8451	774918.1726	1.0000	1.0000	0.5282
54fl02	1	25	0	1	1.0000	1.0000	1.0000	NaN	4.8105	2.2814	15.0833	774921.1976	774921.4985	1.0000	1.0000	0.5543
54fl02	1	25	0	1	2.0000	1.0000	1.0000	0.2619	NaN	NaN	NaN	774922.5887	774922.9160	1.0000	1.0000	0.6654
54fl02	1	26	0	1	1.0000	1.0000	1.0000	NaN	9.1645	10.0997	15.6173	774925.5441	774925.8450	1.0000	1.0000	0.2557
54fl02	1	26	0	1	2.0000	1.0000	1.0000	0.2585	NaN	NaN	NaN	774926.6441	774926.9745	1.0000	1.0000	0.5834
54fl02	1	27	0	1	1.0000	1.0000	-1.0000	NaN	3.8860	-3.7654	15.2930	774929.5533	774929.8543	0.0000	1.0000	0.4313
54fl02	1	27	0	1	2.0000	1.0000	1.0000	0.1142	NaN	NaN	NaN	774930.8043	774931.1334	0.0000	0.0000	0.5914
54fl02	1	28	0	1	1.0000	1.0000	1.0000	NaN	3.2579	0.4823	17.0583	774933.6214	774933.9228	1.0000	1.0000	0.1871
54fl02	1	28	0	1	2.0000	1.0000	-1.0000	0.4420	NaN	NaN	NaN	774934.6371	774934.9629	0.0000	1.0000	0.2349
54fl02	1	29	0	1	1.0000	1.0000	1.0000	NaN	2.2404	2.4529	13.5607	774937.5036	774937.8046	0.0000	0.0000	2.1931
54fl02	1	29	0	1	2.0000	1.0000	1.0000	0.7841	NaN	NaN	NaN	774940.5239	774940.8527	1.0000	1.0000	0.3370
54fl02	1	30	0	1	1.0000	1.0000	-1.0000	NaN	9.5911	-7.9666	14.6524	774943.5146	774943.8157	0.0000	1.0000	0.3658
54fl02	1	30	0	1	2.0000	1.0000	-1.0000	0.5874	NaN	NaN	NaN	774944.7001	774945.0275	0.0000	1.0000	0.2893
54fl02	1	31	0	1	1.0000	1.0000	1.0000	NaN	1.4502	0.9944	16.1826	774947.6385	774947.9395	0.0000	0.0000	0.3699
54fl02	1	31	0	1	2.0000	1.0000	1.0000	0.0555	NaN	NaN	NaN	774948.8278	774949.1557	1.0000	1.0000	0.4570
54fl02	1	32	0	1	1.0000	1.0000	-1.0000	NaN	11.9873	-12.6469	15.0203	774951.7337	774952.0348	0.0000	1.0000	0.2100
54fl02	1	32	0	1	2.0000	1.0000	1.0000	0.0345	NaN	NaN	NaN	774952.7558	774953.0831	1.0000	1.0000	0.8185
54fl02	1	33	0	1	1.0000	1.0000	-1.0000	NaN	11.2631	-12.0553	16.0733	774956.1886	774956.4897	0.0000	1.0000	0.2830
54fl02	1	33	0	1	2.0000	1.0000	-1.0000	0.3861	NaN	NaN	NaN	774957.2917	774957.6207	0.0000	1.0000	0.4405
54fl02	1	34	0	1	1.0000	1.0000	1.0000	NaN	9.3077	8.7468	15.4581	774960.2653	774960.5663	1.0000	1.0000	2.8866
54fl02	1	34	0	1	2.0000	1.0000	-1.0000	0.8040	NaN	NaN	NaN	774963.9565	774964.2831	0.0000	1.0000	0.2583
54fl02	1	35	0	1	1.0000	1.0000	1.0000	NaN	0.4076	0.4080	14.5435	774966.6296	774966.9310	0.0000	0.0000	0.3623
54fl02	1	35	0	1	2.0000	1.0000	-1.0000	0.4785	NaN	NaN	NaN	774967.8200	774968.1491	0.0000	1.0000	0.2326
54fl02	1	36	0	1	1.0000	1.0000	1.0000	NaN	8.8100	7.7103	14.5339	774970.7425	774971.0435	1.0000	1.0000	0.6020
54fl02	1	36	0	1	2.0000	1.0000	-1.0000	0.5786	NaN	NaN	NaN	774972.1480	774972.4771	0.0000	1.0000	0.3845
54fl02	1	37	0	1	1.0000	1.0000	-1.0000	NaN	3.6216	-3.0026	13.9804	774975.1261	774975.4271	0.0000	1.0000	0.7463
54fl02	1	37	0	1	2.0000	1.0000	-1.0000	0.1625	NaN	NaN	NaN	774976.6924	774977.0197	0.0000	1.0000	0.6811
54fl02	1	38	0	1	1.0000	1.0000	1.0000	NaN	2.2690	3.0299	15.7795	774980.0084	774980.3094	1.0000	1.0000	1.2641
54fl02	1	38	0	1	2.0000	1.0000	1.0000	0.9137	NaN	NaN	NaN	774982.1160	774982.4572	1.0000	1.0000	0.2445
54fl02	1	39	0	1	1.0000	1.0000	1.0000	NaN	1.2457	1.0392	16.5116	774984.9415	774985.2440	0.0000	0.0000	3.8976
54fl02	1	39	0	1	2.0000	1.0000	1.0000	0.1474	NaN	NaN	NaN	774989.6680	774989.9955	1.0000	1.0000	0.5541
54fl02	1	40	0	1	1.0000	1.0000	1.0000	NaN	10.7144	11.0730	13.6238	774992.9445	774993.2455	1.0000	1.0000	0.3042
54fl02	1	40	0	1	2.0000	1.0000	-1.0000	0.3728	NaN	NaN	NaN	774994.0360	774994.3643	0.0000	1.0000	0.1692
54fl02	1	41	0	1	1.0000	1.0000	1.0000	NaN	10.7863	10.8400	14.7741	774996.4546	774996.7557	1.0000	1.0000	0.1936
54fl02	1	41	0	1	2.0000	1.0000	-1.0000	0.5968	NaN	NaN	NaN	774997.4523	774997.7817	0.0000	1.0000	0.1755
54fl02	1	42	0	1	1.0000	1.0000	-1.0000	NaN	10.3188	-8.4918	15.4767	775000.3534	775000.6546	0.0000	1.0000	0.2301
54fl02	1	42	0	1	2.0000	1.0000	1.0000	0.6336	NaN	NaN	NaN	775001.4052	775001.7354	1.0000	1.0000	0.2624
54fl02	1	43	0	1	1.0000	1.0000	1.0000	NaN	5.7814	7.1380	15.3519	775004.1272	775004.4281	1.0000	1.0000	0.2254
54fl02	1	43	0	1	2.0000	1.0000	1.0000	0.5547	NaN	NaN	NaN	775005.1816	775005.5105	1.0000	1.0000	0.3509
54fl02	1	44	0	1	1.0000	1.0000	1.0000	NaN	6.9984	6.0922	14.5702	775008.2241	775008.5254	1.0000	1.0000	0.2321
54fl02	1	44	0	1	2.0000	1.0000	1.0000	0.3183	NaN	NaN	NaN	775009.3162	775009.6448	1.0000	1.0000	0.3520
54fl02	1	45	0	1	1.0000	1.0000	-1.0000	NaN	4.3645	-6.1333	15.4242	775012.0515	775012.3525	0.0000	1.0000	0.2528
54fl02	1	45	0	1	2.0000	1.0000	1.0000	0.2316	NaN	NaN	NaN	775013.1645	775013.4936	1.0000	1.0000	0.7439
54fl02	1	46	0	1	1.0000	1.0000	-1.0000	NaN	3.4982	-5.6184	16.3667	775016.3164	775016.6177	0.0000	1.0000	0.9632
54fl02	1	46	0	1	2.0000	1.0000	1.0000	0.4869	NaN	NaN	NaN	775018.1077	775018.4347	1.0000	1.0000	0.3547
54fl02	1	47	0	1	1.0000	1.0000	1.0000	NaN	10.9264	10.2941	14.9437	775021.1355	775021.4365	1.0000	1.0000	0.3449
54fl02	1	47	0	1	2.0000	1.0000	-1.0000	0.5042	NaN	NaN	NaN	775022.3013	775022.6292	0.0000	1.0000	0.3437
54fl02	1	48	0	1	1.0000	1.0000	1.0000	NaN	4.0444	5.5026	15.0829	775025.0354	775025.3367	1.0000	1.0000	0.1646
54fl02	1	48	0	1	2.0000	1.0000	1.0000	0.4279	NaN	NaN	NaN	775026.0520	775026.3791	1.0000	1.0000	0.2977
54fl02	1	49	0	1	1.0000	1.0000	-1.0000	NaN	6.3841	-5.6279	15.6211	775028.9402	775029.2413	0.0000	1.0000	0.3083
54fl02	1	49	0	1	2.0000	1.0000	-1.0000	0.1814	NaN	NaN	NaN	775030.0369	775030.3657	0.0000	1.0000	0.5836
54fl02	1	50	0	1	1.0000	1.0000	-1.0000	NaN	1.5276	-3.0259	15.4279	775033.1803	775033.4813	0.0000	1.0000	0.5482
54fl02	1	50	0	1	2.0000	1.0000	1.0000	0.2646	NaN	NaN	NaN	775034.5639	775034.8911	1.0000	1.0000	0.3544
54fl02	2	1	0	1	1.0000	1.0000	1.0000	NaN	6.4635	6.3108	15.5439	775049.2489	775049.5502	1.0000	1.0000	0.1598
54fl02	2	1	0	1	2.0000	1.0000	-1.0000	0.5977	NaN	NaN	NaN	775050.2368	775050.5654	0.0000	1.0000	0.1758
54fl02	2	2	0	1	1.0000	1.0000	-1.0000	NaN	11.1677	-12.5081	15.9843	775053.1701	775053.4710	0.0000	1.0000	0.1264
54fl02	2	2	0	1	2.0000	1.0000	1.0000	0.9258	NaN	NaN	NaN	775054.1408	775054.4687	1.0000	1.0000	0.1770
54fl02	2	3	0	1	1.0000	1.0000	1.0000	NaN	7.6452	7.8975	13.6487	775056.4985	775056.7998	1.0000	1.0000	0.2049
54fl02	2	3	0	1	2.0000	1.0000	1.0000	0.4750	NaN	NaN	NaN	775057.5241	775057.8526	1.0000	1.0000	0.1760
54fl02	2	4	0	1	1.0000	1.0000	1.0000	NaN	0.8563	0.4457	13.7967	775060.0336	775060.3346	0.0000	0.0000	0.7508
54fl02	2	4	0	1	2.0000	1.0000	1.0000	0.0082	NaN	NaN	NaN	775061.5964	775061.9251	0.0000	0.0000	1.9202
54fl02	2	5	0	1	1.0000	1.0000	-1.0000	NaN	8.0520	-8.5097	14.8343	775065.8000	775066.1010	0.0000	1.0000	0.2646
54fl02	2	5	0	1	2.0000	1.0000	-1.0000	0.8631	NaN	NaN	NaN	775066.9089	775067.2377	0.0000	1.0000	0.2957
54fl02	2	6	0	1	1.0000	1.0000	-1.0000	NaN	7.9810	-7.9289	14.4023	775070.0133	775070.3145	0.0000	1.0000	0.2423
54fl02	2	6	0	1	2.0000	1.0000	-1.0000	0.0555	NaN	NaN	NaN	775071.0762	775071.4048	0.0000	1.0000	0.5446
54fl02	2	7	0	1	1.0000	1.0000	1.0000	NaN	10.5992	10.8759	15.4622	775074.3468	775074.6483	1.0000	1.0000	0.2611
54fl02	2	7	0	1	2.0000	1.0000	-1.0000	0.1459	NaN	NaN	NaN	775075.4275	775075.7558	0.0000	1.0000	0.3216
54fl02	2	8	0	1	1.0000	1.0000	-1.0000	NaN	1.8515	-2.2471	15.6304	775078.0901	775078.3912	0.0000	1.0000	0.4134
54fl02	2	8	0	1	2.0000	1.0000	-1.0000	0.1715	NaN	NaN	NaN	775079.3398	775079.6679	0.0000	1.0000	0.6248
54fl02	2	9	0	1	1.0000	1.0000	-1.0000	NaN	8.4791	-7.9050	14.7455	775082.1056	775082.4066	0.0000	1.0000	0.3102
54fl02	2	9	0	1	2.0000	1.0000	1.0000	0.3974	NaN	NaN	NaN	775083.2040	775083.5337	1.0000	1.0000	0.3516
54fl02	2	10	0	1	1.0000	1.0000	-1.0000	NaN	0.0209	-1.0620	14.0098	775086.1718	775086.4728	0.0000	1.0000	1.5885
54fl02	2	10	0	1	2.0000	1.0000	1.0000	0.2681	NaN	NaN	NaN	775088.5887	775088.9172	1.0000	1.0000	0.7275
54fl02	2	11	0	1	1.0000	1.0000	1.0000	NaN	3.8477	4.5912	14.7947	775091.8811	775092.1823	1.0000	1.0000	0.3030
54fl02	2	11	0	1	2.0000	1.0000	-1.0000	0.0030	NaN	NaN	NaN	775093.0199	775093.3481	0.0000	1.0000	0.5052
54fl02	2	12	0	1	1.0000	1.0000	-1.0000	NaN	0.6221	-1.0507	15.4096	775096.2997	775096.6007	1.0000	0.0000	0.9963
54fl02	2	12	0	1	2.0000	1.0000	1.0000	0.4471	NaN	NaN	NaN	775098.1317	775098.4589	1.0000	1.0000	0.4099
54fl02	2	13	0	1	1.0000	1.0000	-1.0000	NaN	0.7182	-0.2288	15.4015	775101.3007	775101.6017	0.0000	1.0000	1.5638
54fl02	2	13	0	1	2.0000	1.0000	-1.0000	0.2330	NaN	NaN	NaN	775103.6943	775104.0223	0.0000	1.0000	0.3748
54fl02	2	14	0	1	1.0000	1.0000	-1.0000	NaN	10.7634	-11.3897	14.9930	775106.4273	775106.7285	0.0000	1.0000	0.2209
54fl02	2	14	0	1	2.0000	1.0000	1.0000	0.0533	NaN	NaN	NaN	775107.4683	775107.7958	0.0000	0.0000	3.3370
54fl02	2	15	0	1	1.0000	1.0000	-1.0000	NaN	1.6389	-2.4986	14.3804	775113.2586	775113.5596	0.0000	1.0000	0.2210
54fl02	2	15	0	1	2.0000	1.0000	-1.0000	0.1925	NaN	NaN	NaN	775114.3004	775114.6293	1.0000	0.0000	0.3199
54fl02	2	16	0	1	1.0000	1.0000	1.0000	NaN	6.8776	6.4894	14.8960	775117.6045	775117.9057	1.0000	1.0000	0.1635
54fl02	2	16	0	1	2.0000	1.0000	1.0000	0.0535	NaN	NaN	NaN	775118.5804	775118.9110	0.0000	0.0000	0.5503
54fl02	2	17	0	1	1.0000	1.0000	-1.0000	NaN	3.5535	-1.2186	14.2449	775121.5920	775121.8930	0.0000	1.0000	0.9845
54fl02	2	17	0	1	2.0000	1.0000	-1.0000	0.2845	NaN	NaN	NaN	775123.3887	775123.7154	0.0000	1.0000	0.3380
54fl02	2	18	0	1	1.0000	1.0000	-1.0000	NaN	10.0547	-9.6619	14.9232	775126.0733	775126.3747	0.0000	1.0000	0.2627
54fl02	2	18	0	1	2.0000	1.0000	-1.0000	0.6906	NaN	NaN	NaN	775127.1641	775127.4926	0.0000	1.0000	0.3448
54fl02	2	19	0	1	1.0000	1.0000	1.0000	NaN	7.8575	9.3300	15.3161	775129.8581	775130.1591	1.0000	1.0000	0.3744
54fl02	2	19	0	1	2.0000	1.0000	1.0000	0.3924	NaN	NaN	NaN	775131.0679	775131.3967	1.0000	1.0000	2.1688
54fl02	2	20	0	1	1.0000	1.0000	1.0000	NaN	0.6255	1.1516	15.2084	775135.5872	775135.8883	0.0000	0.0000	0.9331
54fl02	2	20	0	1	2.0000	1.0000	1.0000	0.0544	NaN	NaN	NaN	775137.3242	775137.6519	1.0000	1.0000	2.1053
54fl02	2	21	0	1	1.0000	1.0000	-1.0000	NaN	4.7477	-5.2511	14.5415	775142.1860	775142.4870	0.0000	1.0000	0.2867
54fl02	2	21	0	1	2.0000	1.0000	1.0000	0.0026	NaN	NaN	NaN	775143.3161	775143.6438	0.0000	0.0000	0.9690
54fl02	2	22	0	1	1.0000	1.0000	-1.0000	NaN	4.7840	-5.6230	14.4850	775146.5455	775146.8474	0.0000	1.0000	0.1900
54fl02	2	22	0	1	2.0000	1.0000	1.0000	0.0732	NaN	NaN	NaN	775147.5483	775147.8761	1.0000	1.0000	1.4331
54fl02	2	23	0	1	1.0000	1.0000	1.0000	NaN	5.4227	6.9354	15.2043	775151.3821	775151.6833	1.0000	1.0000	0.2900
54fl02	2	23	0	1	2.0000	1.0000	1.0000	0.3791	NaN	NaN	NaN	775152.4917	775152.8235	1.0000	1.0000	0.3977
54fl02	2	24	0	1	1.0000	1.0000	1.0000	NaN	5.2821	4.3361	14.8010	775155.3261	775155.6288	1.0000	1.0000	0.3524
54fl02	2	24	0	1	2.0000	1.0000	1.0000	0.3531	NaN	NaN	NaN	775156.5079	775156.8390	1.0000	1.0000	0.7022
54fl02	2	25	0	1	1.0000	1.0000	-1.0000	NaN	3.1225	-4.1822	13.1405	775159.7883	775160.0899	0.0000	1.0000	0.5155
54fl02	2	25	0	1	2.0000	1.0000	1.0000	0.8875	NaN	NaN	NaN	775161.1329	775161.4708	1.0000	1.0000	0.5985
54fl02	2	26	0	1	1.0000	1.0000	1.0000	NaN	2.7951	1.4793	14.6439	775164.1163	775164.4193	1.0000	1.0000	0.3143
54fl02	2	26	0	1	2.0000	1.0000	-1.0000	0.7424	NaN	NaN	NaN	775165.2704	775165.6168	0.0000	1.0000	0.1568
54fl02	2	27	0	1	1.0000	1.0000	1.0000	NaN	0.8164	0.7806	14.0308	775168.0279	775168.3297	1.0000	1.0000	1.9955
54fl02	2	27	0	1	2.0000	1.0000	1.0000	0.5761	NaN	NaN	NaN	775170.8437	775171.1715	1.0000	1.0000	0.2503
54fl02	2	28	0	1	1.0000	1.0000	-1.0000	NaN	1.0531	-0.6276	14.2660	775173.8420	775174.1432	1.0000	0.0000	2.0461
54fl02	2	28	0	1	2.0000	1.0000	-1.0000	0.2951	NaN	NaN	NaN	775176.7252	775177.0616	0.0000	1.0000	0.2318
54fl02	2	29	0	1	1.0000	1.0000	1.0000	NaN	4.6713	4.9675	14.4458	775179.4241	775179.7253	1.0000	1.0000	0.3208
54fl02	2	29	0	1	2.0000	1.0000	-1.0000	0.9240	NaN	NaN	NaN	775180.6116	775180.9424	0.0000	1.0000	0.2148
54fl02	2	30	0	1	1.0000	1.0000	1.0000	NaN	11.9339	12.1439	14.5813	775183.6288	775183.9298	1.0000	1.0000	0.3796
54fl02	2	30	0	1	2.0000	1.0000	-1.0000	0.6308	NaN	NaN	NaN	775184.8123	775185.1414	0.0000	1.0000	0.1760
54fl02	2	31	0	1	1.0000	1.0000	1.0000	NaN	0.8548	1.5239	14.9137	775187.6557	775187.9569	1.0000	1.0000	0.2085
54fl02	2	31	0	1	2.0000	1.0000	-1.0000	0.5021	NaN	NaN	NaN	775188.7165	775189.0439	0.0000	1.0000	0.1686
54fl02	2	32	0	1	1.0000	1.0000	-1.0000	NaN	5.6307	-6.0586	14.1197	775191.5170	775191.8180	0.0000	1.0000	0.4034
54fl02	2	32	0	1	2.0000	1.0000	1.0000	0.6531	NaN	NaN	NaN	775192.7559	775193.0850	1.0000	1.0000	0.2723
54fl02	2	33	0	1	1.0000	1.0000	-1.0000	NaN	2.0230	-0.9660	14.3198	775195.3111	775195.6122	0.0000	1.0000	1.1049
54fl02	2	33	0	1	2.0000	1.0000	-1.0000	0.8976	NaN	NaN	NaN	775197.2358	775197.5635	0.0000	1.0000	0.1537
54fl02	2	34	0	1	1.0000	1.0000	-1.0000	NaN	2.3688	-3.3880	14.5063	775199.7297	775200.0309	0.0000	1.0000	0.2945
54fl02	2	34	0	1	2.0000	1.0000	-1.0000	0.2113	NaN	NaN	NaN	775200.8526	775201.1798	0.0000	1.0000	1.5618
54fl02	2	35	0	1	1.0000	1.0000	-1.0000	NaN	8.4880	-8.5568	15.4652	775205.0281	775205.3297	0.0000	1.0000	0.3078
54fl02	2	35	0	1	2.0000	1.0000	-1.0000	0.7542	NaN	NaN	NaN	775206.1729	775206.5016	0.0000	1.0000	0.2550
54fl02	2	36	0	1	1.0000	1.0000	-1.0000	NaN	10.5459	-9.8869	15.6214	775208.9849	775209.2859	0.0000	1.0000	0.1916
54fl02	2	36	0	1	2.0000	1.0000	1.0000	0.7184	NaN	NaN	NaN	775210.0128	775210.3403	1.0000	1.0000	0.2089
54fl02	2	37	0	1	1.0000	1.0000	-1.0000	NaN	4.2953	-4.9974	13.6552	775212.9282	775213.2291	0.0000	1.0000	0.3845
54fl02	2	37	0	1	2.0000	1.0000	-1.0000	0.2113	NaN	NaN	NaN	775214.1482	775214.4761	0.0000	1.0000	0.3611
54fl02	2	38	0	1	1.0000	1.0000	-1.0000	NaN	5.9673	-6.8317	15.4857	775216.7752	775217.0762	0.0000	1.0000	0.3126
54fl02	2	38	0	1	2.0000	1.0000	1.0000	0.7522	NaN	NaN	NaN	775217.9324	775218.2600	1.0000	1.0000	0.6247
54fl02	2	39	0	1	1.0000	1.0000	-1.0000	NaN	5.9666	-7.7192	15.0538	775221.0469	775221.3481	0.0000	1.0000	0.2571
54fl02	2	39	0	1	2.0000	1.0000	1.0000	0.9178	NaN	NaN	NaN	775222.1322	775222.4617	1.0000	1.0000	0.2310
54fl02	2	40	0	1	1.0000	1.0000	1.0000	NaN	6.6237	6.1998	16.2469	775224.7884	775225.0895	1.0000	1.0000	0.5237
54fl02	2	40	0	1	2.0000	1.0000	-1.0000	0.0509	NaN	NaN	NaN	775226.1400	775226.4677	1.0000	0.0000	1.9697
54fl02	2	41	0	1	1.0000	1.0000	-1.0000	NaN	5.4431	-6.0605	14.3271	775230.6356	775230.9368	0.0000	1.0000	0.3006
54fl02	2	41	0	1	2.0000	1.0000	1.0000	0.6279	NaN	NaN	NaN	775231.7640	775232.0927	1.0000	1.0000	0.5923
54fl02	2	42	0	1	1.0000	1.0000	1.0000	NaN	2.9496	2.8585	15.3588	775234.5649	775234.8659	1.0000	1.0000	0.5707
54fl02	2	42	0	1	2.0000	1.0000	-1.0000	0.6987	NaN	NaN	NaN	775235.9566	775236.2838	0.0000	1.0000	0.2255
54fl02	2	43	0	1	1.0000	1.0000	-1.0000	NaN	11.7625	-11.7975	13.8361	775238.6141	775238.9151	0.0000	1.0000	0.1542
54fl02	2	43	0	1	2.0000	1.0000	-1.0000	0.0026	NaN	NaN	NaN	775239.5961	775239.9282	1.0000	0.0000	1.1573
54fl02	2	44	0	1	1.0000	1.0000	1.0000	NaN	3.1882	5.5688	14.9498	775242.9545	775243.2556	1.0000	1.0000	0.2292
54fl02	2	44	0	1	2.0000	1.0000	1.0000	0.8466	NaN	NaN	NaN	775244.0201	775244.3472	1.0000	1.0000	0.2495
54fl02	2	45	0	1	1.0000	1.0000	-1.0000	NaN	11.2458	-12.0629	15.7445	775246.6034	775246.9044	0.0000	1.0000	0.1562
54fl02	2	45	0	1	2.0000	1.0000	-1.0000	0.1295	NaN	NaN	NaN	775247.5958	775247.9236	0.0000	1.0000	0.6180
54fl02	2	46	0	1	1.0000	1.0000	1.0000	NaN	6.3194	5.0854	13.9998	775250.8540	775251.1550	1.0000	1.0000	2.0903
54fl02	2	46	0	1	2.0000	1.0000	-1.0000	0.5980	NaN	NaN	NaN	775253.7807	775254.1098	0.0000	1.0000	0.3675
54fl02	2	47	0	1	1.0000	1.0000	1.0000	NaN	7.5641	9.6061	15.3140	775256.3654	775256.6665	1.0000	1.0000	0.2110
54fl02	2	47	0	1	2.0000	1.0000	-1.0000	0.5086	NaN	NaN	NaN	775257.4043	775257.7303	0.0000	1.0000	0.2272
54fl02	2	48	0	1	1.0000	1.0000	-1.0000	NaN	6.9556	-10.7232	15.2657	775260.3701	775260.6712	0.0000	1.0000	0.2541
54fl02	2	48	0	1	2.0000	1.0000	1.0000	0.7951	NaN	NaN	NaN	775261.4529	775261.7815	1.0000	1.0000	0.2159
54fl02	2	49	0	1	1.0000	1.0000	1.0000	NaN	4.7634	2.3545	14.8766	775263.9932	775264.2945	1.0000	1.0000	0.2149
54fl02	2	49	0	1	2.0000	1.0000	-1.0000	0.8661	NaN	NaN	NaN	775265.0684	775265.3962	0.0000	1.0000	0.1763
54fl02	2	50	0	1	1.0000	1.0000	1.0000	NaN	1.8683	2.6084	15.7021	775267.8546	775268.1558	1.0000	1.0000	1.7370
54fl02	2	50	0	1	2.0000	1.0000	-1.0000	0.8960	NaN	NaN	NaN	775270.4679	775270.7949	0.0000	1.0000	0.0907
54fl02	3	1	0	1	1.0000	1.0000	1.0000	NaN	9.1688	8.6396	15.8070	775328.3085	775328.6098	1.0000	1.0000	0.2917
54fl02	3	1	0	1	2.0000	1.0000	1.0000	0.7212	NaN	NaN	NaN	775329.4686	775329.7963	1.0000	1.0000	0.3769
54fl02	3	2	0	1	1.0000	1.0000	1.0000	NaN	3.2821	2.6856	16.7037	775332.4102	775332.7115	1.0000	1.0000	0.7812
54fl02	3	2	0	1	2.0000	1.0000	1.0000	0.4082	NaN	NaN	NaN	775334.0440	775334.3729	1.0000	1.0000	0.3125
54fl02	3	3	0	1	1.0000	1.0000	-1.0000	NaN	8.5072	-7.4975	14.9291	775337.3216	775337.6228	0.0000	1.0000	0.1977
54fl02	3	3	0	1	2.0000	1.0000	-1.0000	0.6494	NaN	NaN	NaN	775338.3636	775338.6908	0.0000	1.0000	0.3465
54fl02	3	4	0	1	1.0000	1.0000	-1.0000	NaN	1.6659	-2.2214	16.2353	775341.0249	775341.3259	0.0000	1.0000	0.3513
54fl02	3	4	0	1	2.0000	1.0000	-1.0000	0.1945	NaN	NaN	NaN	775342.2206	775342.5501	0.0000	1.0000	0.3106
54fl02	3	5	0	1	1.0000	1.0000	-1.0000	NaN	8.8631	-5.5586	15.7027	775344.7492	775345.0502	0.0000	1.0000	0.2343
54fl02	3	5	0	1	2.0000	1.0000	1.0000	0.6391	NaN	NaN	NaN	775345.8442	775346.1723	1.0000	1.0000	0.1370
54fl02	3	6	0	1	1.0000	1.0000	-1.0000	NaN	8.6691	-10.2185	16.1719	775348.6540	775348.9552	0.0000	1.0000	0.1701
54fl02	3	6	0	1	2.0000	1.0000	1.0000	0.5712	NaN	NaN	NaN	775349.6436	775349.9725	1.0000	1.0000	0.1610
54fl02	3	7	0	1	1.0000	1.0000	-1.0000	NaN	10.8672	-9.8685	15.1906	775352.2627	775352.5639	0.0000	1.0000	0.1695
54fl02	3	7	0	1	2.0000	1.0000	1.0000	0.8166	NaN	NaN	NaN	775353.2602	775353.5883	1.0000	1.0000	0.1851
54fl02	3	8	0	1	1.0000	1.0000	-1.0000	NaN	11.3348	-11.9199	15.5059	775356.2178	775356.5187	0.0000	1.0000	0.1985
54fl02	3	8	0	1	2.0000	1.0000	-1.0000	0.7089	NaN	NaN	NaN	775357.2603	775357.5880	0.0000	1.0000	0.5775
54fl02	3	9	0	1	1.0000	1.0000	1.0000	NaN	7.1835	8.1578	14.4014	775360.3033	775360.6045	1.0000	1.0000	0.1527
54fl02	3	9	0	1	2.0000	1.0000	1.0000	0.4677	NaN	NaN	NaN	775361.3166	775361.6437	1.0000	1.0000	0.4329
54fl02	3	10	0	1	1.0000	1.0000	1.0000	NaN	3.8632	2.7185	15.3306	775364.3483	775364.6496	1.0000	1.0000	0.2915
54fl02	3	10	0	1	2.0000	1.0000	1.0000	0.0952	NaN	NaN	NaN	775365.5166	775365.8450	1.0000	1.0000	1.3442
54fl02	3	11	0	1	1.0000	1.0000	1.0000	NaN	2.5429	3.4030	15.0485	775369.4837	775369.7847	0.0000	0.0000	1.1568
54fl02	3	11	0	1	2.0000	1.0000	1.0000	0.0852	NaN	NaN	NaN	775371.4758	775371.8043	0.0000	0.0000	0.6331
54fl02	3	12	0	1	1.0000	1.0000	1.0000	NaN	2.2179	4.2325	14.5121	775375.0419	775375.3435	1.0000	1.0000	1.1577
54fl02	3	12	0	1	2.0000	1.0000	-1.0000	0.6051	NaN	NaN	NaN	775377.0452	775377.3727	0.0000	1.0000	0.2004
54fl02	3	13	0	1	1.0000	1.0000	1.0000	NaN	6.5181	5.4626	13.3789	775379.7019	775380.0032	1.0000	1.0000	0.2501
54fl02	3	13	0	1	2.0000	1.0000	1.0000	0.2117	NaN	NaN	NaN	775380.8283	775381.1543	1.0000	1.0000	1.5870
54fl02	3	14	0	1	1.0000	1.0000	1.0000	NaN	6.3989	5.9582	12.4884	775384.7616	775385.0626	1.0000	1.0000	0.8541
54fl02	3	14	0	1	2.0000	1.0000	-1.0000	0.1684	NaN	NaN	NaN	775386.4766	775386.8048	0.0000	1.0000	0.4886
54fl02	3	15	0	1	1.0000	1.0000	-1.0000	NaN	5.4706	-6.0815	15.9246	775389.3645	775389.6657	0.0000	1.0000	0.3074
54fl02	3	15	0	1	2.0000	1.0000	1.0000	0.8428	NaN	NaN	NaN	775390.5162	775390.8440	1.0000	1.0000	0.2326
54fl02	3	16	0	1	1.0000	1.0000	1.0000	NaN	8.8474	10.9463	14.5845	775393.2156	775393.5167	1.0000	1.0000	0.2563
54fl02	3	16	0	1	2.0000	1.0000	1.0000	0.4316	NaN	NaN	NaN	775394.3245	775394.6536	1.0000	1.0000	0.5037
54fl02	3	17	0	1	1.0000	1.0000	-1.0000	NaN	2.9734	-1.7652	14.2955	775397.2544	775397.5554	0.0000	1.0000	0.4425
54fl02	3	17	0	1	2.0000	1.0000	1.0000	0.6221	NaN	NaN	NaN	775398.5323	775398.8610	1.0000	1.0000	0.2402
54fl02	3	18	0	1	1.0000	1.0000	1.0000	NaN	10.5229	11.6940	15.2803	775401.4219	775401.7231	1.0000	1.0000	0.1782
54fl02	3	18	0	1	2.0000	1.0000	-1.0000	0.0394	NaN	NaN	NaN	775402.4278	775402.7550	0.0000	1.0000	0.8261
54fl02	3	19	0	1	1.0000	1.0000	1.0000	NaN	5.3639	5.7181	15.6966	775405.7927	775406.0938	1.0000	1.0000	0.2154
54fl02	3	19	0	1	2.0000	1.0000	1.0000	0.3912	NaN	NaN	NaN	775406.8683	775407.1959	1.0000	1.0000	0.4488
54fl02	3	20	0	1	1.0000	1.0000	1.0000	NaN	11.2403	11.9539	15.4505	775409.7739	775410.0750	1.0000	1.0000	0.2904
54fl02	3	20	0	1	2.0000	1.0000	1.0000	0.6383	NaN	NaN	NaN	775410.9406	775411.2683	1.0000	1.0000	0.3052
54fl02	3	21	0	1	1.0000	1.0000	-1.0000	NaN	5.4441	-4.5023	14.7356	775414.0683	775414.3696	0.0000	1.0000	0.2679
54fl02	3	21	0	1	2.0000	1.0000	1.0000	0.2260	NaN	NaN	NaN	775415.1714	775415.4991	1.0000	1.0000	0.3143
54fl02	3	22	0	1	1.0000	1.0000	-1.0000	NaN	3.2833	-6.5950	14.7832	775418.2917	775418.5931	0.0000	1.0000	0.1555
54fl02	3	22	0	1	2.0000	1.0000	1.0000	0.3720	NaN	NaN	NaN	775419.2678	775419.5968	1.0000	1.0000	0.2163
54fl02	3	23	0	1	1.0000	1.0000	-1.0000	NaN	10.6912	-10.4588	14.3569	775422.2232	775422.5244	0.0000	1.0000	0.1850
54fl02	3	23	0	1	2.0000	1.0000	1.0000	0.1744	NaN	NaN	NaN	775423.2598	775423.5871	1.0000	1.0000	0.3295
54fl02	3	24	0	1	1.0000	1.0000	-1.0000	NaN	9.9876	-10.8591	14.2326	775426.0545	775426.3558	0.0000	1.0000	0.0736
54fl02	3	24	0	1	2.0000	1.0000	1.0000	0.4151	NaN	NaN	NaN	775426.9510	775427.2779	1.0000	1.0000	0.1427
54fl02	3	25	0	1	1.0000	1.0000	-1.0000	NaN	11.8262	-11.0930	13.6654	775429.4690	775429.7701	0.0000	1.0000	0.1713
54fl02	3	25	0	1	2.0000	1.0000	1.0000	0.1786	NaN	NaN	NaN	775430.4999	775430.8295	1.0000	1.0000	0.4471
54fl02	3	26	0	1	1.0000	1.0000	-1.0000	NaN	6.3099	-5.7955	15.6951	775433.4310	775433.7320	0.0000	1.0000	0.1687
54fl02	3	26	0	1	2.0000	1.0000	1.0000	0.9027	NaN	NaN	NaN	775434.4360	775434.7636	1.0000	1.0000	0.0742
54fl02	3	27	0	1	1.0000	1.0000	1.0000	NaN	7.3693	8.3277	15.0620	775436.8822	775437.1834	1.0000	1.0000	0.2698
54fl02	3	27	0	1	2.0000	1.0000	1.0000	0.7412	NaN	NaN	NaN	775437.9800	775438.3093	1.0000	1.0000	0.5120
54fl02	3	28	0	1	1.0000	1.0000	1.0000	NaN	1.5384	2.9003	14.6695	775440.9844	775441.2855	1.0000	1.0000	1.0798
54fl02	3	28	0	1	2.0000	1.0000	1.0000	0.4523	NaN	NaN	NaN	775442.8999	775443.2286	1.0000	1.0000	0.6880
54fl02	3	29	0	1	1.0000	1.0000	-1.0000	NaN	5.9406	-6.0413	12.9652	775446.0465	775446.3475	0.0000	1.0000	0.1940
54fl02	3	29	0	1	2.0000	1.0000	1.0000	0.4128	NaN	NaN	NaN	775447.1004	775447.4274	1.0000	1.0000	0.3617
54fl02	3	30	0	1	1.0000	1.0000	1.0000	NaN	6.1834	7.3215	15.7639	775450.0273	775450.3287	1.0000	1.0000	0.2047
54fl02	3	30	0	1	2.0000	1.0000	-1.0000	0.7087	NaN	NaN	NaN	775451.1255	775451.4537	0.0000	1.0000	0.1828
54fl02	3	31	0	1	1.0000	1.0000	-1.0000	NaN	6.0480	-7.7947	16.7188	775454.1847	775454.4858	0.0000	1.0000	0.1990
54fl02	3	31	0	1	2.0000	1.0000	-1.0000	0.1271	NaN	NaN	NaN	775455.2198	775455.5479	0.0000	1.0000	1.0326
54fl02	3	32	0	1	1.0000	1.0000	1.0000	NaN	10.7968	12.1037	16.1581	775458.6113	775458.9124	1.0000	1.0000	0.3570
54fl02	3	32	0	1	2.0000	1.0000	1.0000	0.3382	NaN	NaN	NaN	775459.8443	775460.1716	1.0000	1.0000	0.5530
54fl02	3	33	0	1	1.0000	1.0000	-1.0000	NaN	8.2450	-7.4690	14.2287	775463.0121	775463.3135	0.0000	1.0000	0.2516
54fl02	3	33	0	1	2.0000	1.0000	1.0000	0.4021	NaN	NaN	NaN	775464.0920	775464.4204	1.0000	1.0000	0.3442
54fl02	3	34	0	1	1.0000	1.0000	-1.0000	NaN	8.3585	-8.6235	14.6410	775466.9702	775467.2714	0.0000	1.0000	0.2692
54fl02	3	34	0	1	2.0000	1.0000	-1.0000	0.7793	NaN	NaN	NaN	775468.0679	775468.3950	0.0000	1.0000	0.2337
54fl02	3	35	0	1	1.0000	1.0000	-1.0000	NaN	7.1014	-7.9902	14.4288	775470.9341	775471.2353	0.0000	1.0000	0.1221
54fl02	3	35	0	1	2.0000	1.0000	-1.0000	0.0869	NaN	NaN	NaN	775471.8598	775472.1869	0.0000	1.0000	0.7538
54fl02	3	36	0	1	1.0000	1.0000	1.0000	NaN	9.9717	10.1824	14.1632	775475.1131	775475.4140	1.0000	1.0000	0.2304
54fl02	3	36	0	1	2.0000	1.0000	1.0000	0.8486	NaN	NaN	NaN	775476.1882	775476.5145	1.0000	1.0000	0.3309
54fl02	3	37	0	1	1.0000	1.0000	1.0000	NaN	7.0719	8.8766	15.7137	775478.9412	775479.2424	1.0000	1.0000	0.2902
54fl02	3	37	0	1	2.0000	1.0000	-1.0000	0.1354	NaN	NaN	NaN	775480.0760	775480.4051	0.0000	1.0000	0.9038
54fl02	3	38	0	1	1.0000	1.0000	-1.0000	NaN	6.7974	-7.4650	14.3905	775483.7727	775484.0738	0.0000	1.0000	0.1475
54fl02	3	38	0	1	2.0000	1.0000	-1.0000	0.3235	NaN	NaN	NaN	775484.7406	775485.0700	0.0000	1.0000	0.2784
54fl02	3	39	0	1	1.0000	1.0000	-1.0000	NaN	7.3142	-7.4972	15.3300	775487.1454	775487.4463	0.0000	1.0000	0.2789
54fl02	3	39	0	1	2.0000	1.0000	-1.0000	0.0444	NaN	NaN	NaN	775488.2197	775488.5480	0.0000	1.0000	0.4177
54fl02	3	40	0	1	1.0000	1.0000	-1.0000	NaN	7.1168	-7.2892	15.3120	775491.5628	775491.8638	0.0000	1.0000	0.1654
54fl02	3	40	0	1	2.0000	1.0000	-1.0000	0.6156	NaN	NaN	NaN	775492.5573	775492.8865	0.0000	1.0000	0.2466
54fl02	3	41	0	1	1.0000	1.0000	-1.0000	NaN	9.4637	-9.3772	14.5783	775495.1890	775495.4900	0.0000	1.0000	0.2432
54fl02	3	41	0	1	2.0000	1.0000	1.0000	0.4357	NaN	NaN	NaN	775496.2523	775496.5814	1.0000	1.0000	0.2479
54fl02	3	42	0	1	1.0000	1.0000	1.0000	NaN	0.1762	0.8953	16.4784	775499.1178	775499.4190	0.0000	0.0000	1.1222
54fl02	3	42	0	1	2.0000	1.0000	-1.0000	0.3208	NaN	NaN	NaN	775501.0445	775501.3721	0.0000	1.0000	0.3052
54fl02	3	43	0	1	1.0000	1.0000	-1.0000	NaN	1.3790	-1.6162	15.3135	775503.8607	775504.1617	0.0000	1.0000	0.5150
54fl02	3	43	0	1	2.0000	1.0000	1.0000	0.3005	NaN	NaN	NaN	775505.2207	775505.5483	1.0000	1.0000	0.2169
54fl02	3	44	0	1	1.0000	1.0000	-1.0000	NaN	3.6391	-3.4669	17.7693	775507.9522	775508.2532	0.0000	1.0000	0.4082
54fl02	3	44	0	1	2.0000	1.0000	1.0000	0.8705	NaN	NaN	NaN	775509.1973	775509.5249	1.0000	1.0000	0.7524
54fl02	3	45	0	1	1.0000	1.0000	1.0000	NaN	8.7272	7.2205	13.2663	775512.4056	775512.7067	1.0000	1.0000	0.4425
54fl02	3	45	0	1	2.0000	1.0000	-1.0000	0.8271	NaN	NaN	NaN	775513.7084	775514.0380	0.0000	1.0000	0.3027
54fl02	3	46	0	1	1.0000	1.0000	-1.0000	NaN	6.9431	-6.0222	15.5702	775516.7196	775517.0209	0.0000	1.0000	0.3838
54fl02	3	46	0	1	2.0000	1.0000	1.0000	0.7460	NaN	NaN	NaN	775517.9641	775518.2906	1.0000	1.0000	0.1787
54fl02	3	47	0	1	1.0000	1.0000	-1.0000	NaN	9.0250	-11.2440	15.3195	775520.8484	775521.1496	0.0000	1.0000	0.1829
54fl02	3	47	0	1	2.0000	1.0000	1.0000	0.3338	NaN	NaN	NaN	775521.8765	775522.2069	1.0000	1.0000	0.7905
54fl02	3	48	0	1	1.0000	1.0000	-1.0000	NaN	5.4666	-7.3767	14.8380	775525.2172	775525.5183	0.0000	1.0000	0.1592
54fl02	3	48	0	1	2.0000	1.0000	-1.0000	0.8987	NaN	NaN	NaN	775526.2364	775526.5649	0.0000	1.0000	0.3127
54fl02	3	49	0	1	1.0000	1.0000	-1.0000	NaN	5.9698	-5.4139	16.9485	775529.1888	775529.4900	0.0000	1.0000	0.4905
54fl02	3	49	0	1	2.0000	1.0000	-1.0000	0.1028	NaN	NaN	NaN	775530.5166	775530.8459	0.0000	1.0000	0.8236
54fl02	3	50	0	1	1.0000	1.0000	-1.0000	NaN	11.5666	-9.7374	14.1116	775533.7020	775534.0032	0.0000	1.0000	0.2655
54fl02	3	50	0	1	2.0000	1.0000	-1.0000	0.4711	NaN	NaN	NaN	775534.8288	775535.1564	0.0000	1.0000	0.4483
