25cj01	1	1	0	1	1.0000	1.0000	1.0000	NaN	7.9153	6.9355	15.1986	1019688.5295	1019688.8316	1.0000	1.0000	0.5441
25cj01	1	1	0	1	2.0000	1.0000	1.0000	0.1424	NaN	NaN	NaN	1019689.9126	1019690.2641	0.0000	0.0000	0.7432
25cj01	1	2	0	1	1.0000	1.0000	1.0000	NaN	7.8689	8.4555	16.9959	1019692.9593	1019693.2614	1.0000	1.0000	0.2413
25cj01	1	2	0	1	2.0000	1.0000	-1.0000	0.9115	NaN	NaN	NaN	1019694.0398	1019694.3935	1.0000	0.0000	0.6292
25cj01	1	3	0	1	1.0000	1.0000	1.0000	NaN	4.0100	4.5388	15.3011	1019697.1508	1019697.4545	0.0000	0.0000	0.6574
25cj01	1	3	0	1	2.0000	1.0000	1.0000	0.8464	NaN	NaN	NaN	1019698.6181	1019699.0332	1.0000	1.0000	0.6142
25cj01	1	4	0	1	1.0000	1.0000	-1.0000	NaN	8.0140	-7.2199	15.2972	1019701.7576	1019702.0615	0.0000	1.0000	0.2584
25cj01	1	4	0	1	2.0000	1.0000	-1.0000	0.2128	NaN	NaN	NaN	1019702.8449	1019703.2646	0.0000	1.0000	0.5421
25cj01	1	5	0	1	1.0000	1.0000	1.0000	NaN	4.5433	5.1547	13.9187	1019705.8136	1019706.1184	0.0000	0.0000	0.9363
25cj01	1	5	0	1	2.0000	1.0000	1.0000	0.6121	NaN	NaN	NaN	1019707.5815	1019708.0013	1.0000	1.0000	0.5418
25cj01	1	6	0	1	1.0000	1.0000	1.0000	NaN	1.2676	0.8133	13.9284	1019710.9974	1019711.3021	0.0000	0.0000	0.6805
25cj01	1	6	0	1	2.0000	1.0000	-1.0000	0.3089	NaN	NaN	NaN	1019712.5073	1019712.9288	0.0000	1.0000	0.7659
25cj01	1	7	0	1	1.0000	1.0000	1.0000	NaN	6.5666	7.7035	15.6081	1019715.7469	1019716.0513	1.0000	1.0000	0.5717
25cj01	1	7	0	1	2.0000	1.0000	1.0000	0.9113	NaN	NaN	NaN	1019717.1497	1019717.5669	1.0000	1.0000	0.5278
25cj01	1	8	0	1	1.0000	1.0000	-1.0000	NaN	3.8253	-4.2065	13.7555	1019720.2960	1019720.6007	1.0000	0.0000	0.6782
25cj01	1	8	0	1	2.0000	1.0000	-1.0000	0.2818	NaN	NaN	NaN	1019721.8189	1019722.2335	0.0000	1.0000	1.1572
25cj01	1	9	0	1	1.0000	1.0000	-1.0000	NaN	3.6762	-4.0627	15.8728	1019725.4290	1019725.7335	0.0000	1.0000	0.4892
25cj01	1	9	0	1	2.0000	1.0000	1.0000	0.4244	NaN	NaN	NaN	1019726.7656	1019727.1830	1.0000	1.0000	0.5762
25cj01	1	10	0	1	1.0000	1.0000	1.0000	NaN	9.8115	8.2335	14.5217	1019729.8298	1019730.1341	1.0000	1.0000	0.7780
25cj01	1	10	0	1	2.0000	1.0000	1.0000	0.4852	NaN	NaN	NaN	1019731.4500	1019731.8429	1.0000	1.0000	0.5729
25cj01	1	11	0	1	1.0000	1.0000	1.0000	NaN	5.0814	4.6138	15.4181	1019734.9296	1019735.2317	0.0000	0.0000	0.7995
25cj01	1	11	0	1	2.0000	1.0000	1.0000	0.7399	NaN	NaN	NaN	1019736.5671	1019736.9206	1.0000	1.0000	0.5344
25cj01	1	12	0	1	1.0000	1.0000	1.0000	NaN	1.3344	0.8610	15.1921	1019739.5370	1019739.8401	0.0000	0.0000	0.9592
25cj01	1	12	0	1	2.0000	1.0000	-1.0000	0.3508	NaN	NaN	NaN	1019741.3350	1019741.6912	1.0000	0.0000	0.5800
25cj01	1	13	0	1	1.0000	1.0000	1.0000	NaN	7.2238	6.1309	15.7556	1019744.2582	1019744.5623	0.0000	0.0000	0.6849
25cj01	1	13	0	1	2.0000	1.0000	1.0000	0.1574	NaN	NaN	NaN	1019745.7862	1019746.1984	1.0000	1.0000	0.7136
25cj01	1	14	0	1	1.0000	1.0000	-1.0000	NaN	1.8439	-1.9294	13.8144	1019748.9438	1019749.2486	0.0000	1.0000	0.6065
25cj01	1	14	0	1	2.0000	1.0000	1.0000	0.2531	NaN	NaN	NaN	1019750.3983	1019750.8153	1.0000	1.0000	0.8474
25cj01	1	15	0	1	1.0000	1.0000	-1.0000	NaN	3.1465	-5.3535	14.4992	1019753.7349	1019754.0420	0.0000	1.0000	0.4222
25cj01	1	15	0	1	2.0000	1.0000	1.0000	0.5652	NaN	NaN	NaN	1019755.0030	1019755.3916	1.0000	1.0000	0.5430
25cj01	1	16	0	1	1.0000	1.0000	1.0000	NaN	0.8159	3.0377	15.4752	1019758.3556	1019758.6578	1.0000	1.0000	1.2609
25cj01	1	16	0	1	2.0000	1.0000	1.0000	0.6604	NaN	NaN	NaN	1019760.4391	1019760.7915	0.0000	0.0000	0.8397
25cj01	1	17	0	1	1.0000	1.0000	-1.0000	NaN	8.1567	-8.7361	15.4893	1019763.6566	1019763.9588	0.0000	1.0000	0.4239
25cj01	1	17	0	1	2.0000	1.0000	-1.0000	0.3186	NaN	NaN	NaN	1019764.9361	1019765.2900	0.0000	1.0000	0.7259
25cj01	1	18	0	1	1.0000	1.0000	1.0000	NaN	3.3231	3.3107	15.7929	1019768.2125	1019768.5147	0.0000	0.0000	1.1493
25cj01	1	18	0	1	2.0000	1.0000	-1.0000	0.0302	NaN	NaN	NaN	1019770.1839	1019770.5398	1.0000	0.0000	0.7068
25cj01	1	19	0	1	1.0000	1.0000	1.0000	NaN	7.1323	5.7893	15.4398	1019773.3125	1019773.6147	1.0000	1.0000	0.5931
25cj01	1	19	0	1	2.0000	1.0000	1.0000	0.2477	NaN	NaN	NaN	1019774.7600	1019775.1115	1.0000	1.0000	0.5681
25cj01	1	20	0	1	1.0000	1.0000	-1.0000	NaN	7.0741	-7.0194	13.7292	1019778.0530	1019778.3551	0.0000	1.0000	0.3956
25cj01	1	20	0	1	2.0000	1.0000	-1.0000	0.1146	NaN	NaN	NaN	1019779.2874	1019779.6404	1.0000	0.0000	0.7915
25cj01	1	21	0	1	1.0000	1.0000	-1.0000	NaN	11.2079	-13.7379	14.8189	1019782.7454	1019783.0476	0.0000	1.0000	0.3430
25cj01	1	21	0	1	2.0000	1.0000	1.0000	0.8067	NaN	NaN	NaN	1019783.9120	1019784.2683	1.0000	1.0000	0.6104
25cj01	1	22	0	1	1.0000	1.0000	1.0000	NaN	9.0152	8.0051	15.0422	1019787.3537	1019787.6558	1.0000	1.0000	0.4548
25cj01	1	22	0	1	2.0000	1.0000	1.0000	0.2126	NaN	NaN	NaN	1019788.6471	1019789.0012	1.0000	1.0000	0.7735
25cj01	1	23	0	1	1.0000	1.0000	1.0000	NaN	11.4923	11.9424	15.6407	1019791.8009	1019792.1073	1.0000	1.0000	0.3404
25cj01	1	23	0	1	2.0000	1.0000	1.0000	0.6058	NaN	NaN	NaN	1019793.0029	1019793.4009	1.0000	1.0000	0.7577
25cj01	1	24	0	1	1.0000	1.0000	-1.0000	NaN	4.5787	-5.8849	15.8396	1019796.1328	1019796.4362	0.0000	1.0000	0.4104
25cj01	1	24	0	1	2.0000	1.0000	-1.0000	0.4168	NaN	NaN	NaN	1019797.3838	1019797.7383	1.0000	0.0000	1.1567
25cj01	1	25	0	1	1.0000	1.0000	-1.0000	NaN	3.0968	-2.8802	15.6933	1019800.8613	1019801.1635	0.0000	1.0000	0.5151
25cj01	1	25	0	1	2.0000	1.0000	-1.0000	0.1056	NaN	NaN	NaN	1019802.1839	1019802.5380	1.0000	0.0000	0.8696
25cj01	1	26	0	1	1.0000	1.0000	-1.0000	NaN	9.9766	-9.3200	15.2930	1019806.0027	1019806.3049	0.0000	1.0000	0.2697
25cj01	1	26	0	1	2.0000	1.0000	1.0000	0.3714	NaN	NaN	NaN	1019807.0956	1019807.4503	1.0000	1.0000	0.7249
25cj01	1	27	0	1	1.0000	1.0000	-1.0000	NaN	3.7526	-4.3363	15.7563	1019810.7234	1019811.0256	0.0000	1.0000	0.2857
25cj01	1	27	0	1	2.0000	1.0000	-1.0000	0.4040	NaN	NaN	NaN	1019811.8312	1019812.1876	1.0000	0.0000	0.7565
25cj01	1	28	0	1	1.0000	1.0000	1.0000	NaN	6.8259	7.3593	14.3901	1019815.2558	1019815.5580	1.0000	1.0000	0.7126
25cj01	1	28	0	1	2.0000	1.0000	-1.0000	0.1234	NaN	NaN	NaN	1019816.7915	1019817.1436	1.0000	0.0000	1.0482
25cj01	1	29	0	1	1.0000	1.0000	-1.0000	NaN	7.9961	-9.1220	14.3851	1019820.2567	1019820.5588	0.0000	1.0000	0.2398
25cj01	1	29	0	1	2.0000	1.0000	1.0000	0.6660	NaN	NaN	NaN	1019821.3351	1019821.6884	1.0000	1.0000	0.7101
25cj01	1	30	0	1	1.0000	1.0000	1.0000	NaN	5.8415	5.3710	14.7924	1019824.2986	1019824.6021	1.0000	1.0000	0.4700
25cj01	1	30	0	1	2.0000	1.0000	-1.0000	0.7369	NaN	NaN	NaN	1019825.6233	1019825.9733	1.0000	0.0000	0.7133
25cj01	1	31	0	1	1.0000	1.0000	-1.0000	NaN	3.7346	-5.4472	14.7033	1019829.3405	1019829.6428	0.0000	1.0000	0.3398
25cj01	1	31	0	1	2.0000	1.0000	-1.0000	0.7546	NaN	NaN	NaN	1019830.5196	1019830.8713	0.0000	1.0000	1.0793
25cj01	1	32	0	1	1.0000	1.0000	1.0000	NaN	5.7591	6.6353	13.9413	1019834.1834	1019834.4856	1.0000	1.0000	0.3775
25cj01	1	32	0	1	2.0000	1.0000	1.0000	0.4750	NaN	NaN	NaN	1019835.3835	1019835.7377	1.0000	1.0000	0.7902
25cj01	1	33	0	1	1.0000	1.0000	-1.0000	NaN	7.7558	-7.4380	14.8579	1019838.5388	1019838.8424	0.0000	1.0000	0.3417
25cj01	1	33	0	1	2.0000	1.0000	-1.0000	0.4233	NaN	NaN	NaN	1019839.7079	1019840.0894	0.0000	1.0000	0.6137
25cj01	1	34	0	1	1.0000	1.0000	1.0000	NaN	6.5983	4.9528	14.9811	1019842.9610	1019843.2632	1.0000	1.0000	1.3602
25cj01	1	34	0	1	2.0000	1.0000	1.0000	0.5507	NaN	NaN	NaN	1019845.1429	1019845.4985	1.0000	1.0000	0.6130
25cj01	1	35	0	1	1.0000	1.0000	1.0000	NaN	8.5804	10.4074	14.8638	1019848.3190	1019848.6212	1.0000	1.0000	0.3385
25cj01	1	35	0	1	2.0000	1.0000	-1.0000	0.7401	NaN	NaN	NaN	1019849.4953	1019849.8524	0.0000	1.0000	0.6429
25cj01	1	36	0	1	1.0000	1.0000	-1.0000	NaN	11.3374	-10.4421	14.3931	1019852.7861	1019853.0883	0.0000	1.0000	0.3833
25cj01	1	36	0	1	2.0000	1.0000	1.0000	0.8576	NaN	NaN	NaN	1019853.9917	1019854.3481	1.0000	1.0000	0.5641
25cj01	1	37	0	1	1.0000	1.0000	1.0000	NaN	1.4280	0.3934	14.0633	1019856.8686	1019857.1708	1.0000	1.0000	1.3562
25cj01	1	37	0	1	2.0000	1.0000	-1.0000	0.1545	NaN	NaN	NaN	1019859.0633	1019859.4185	1.0000	0.0000	0.9812
25cj01	1	38	0	1	1.0000	1.0000	1.0000	NaN	1.5981	1.4182	16.1306	1019862.2074	1019862.5096	0.0000	0.0000	0.7049
25cj01	1	38	0	1	2.0000	1.0000	-1.0000	0.0793	NaN	NaN	NaN	1019863.7523	1019864.1030	1.0000	0.0000	0.7605
25cj01	1	39	0	1	1.0000	1.0000	-1.0000	NaN	8.3889	-11.1340	14.5778	1019867.0049	1019867.3072	0.0000	1.0000	0.3721
25cj01	1	39	0	1	2.0000	1.0000	1.0000	0.4807	NaN	NaN	NaN	1019868.1839	1019868.5361	1.0000	1.0000	0.7595
25cj01	1	40	0	1	1.0000	1.0000	-1.0000	NaN	4.0526	-3.9946	15.1146	1019871.2860	1019871.5882	0.0000	1.0000	0.4278
25cj01	1	40	0	1	2.0000	1.0000	-1.0000	0.4648	NaN	NaN	NaN	1019872.5370	1019872.8877	0.0000	1.0000	1.0315
25cj01	1	41	0	1	1.0000	1.0000	1.0000	NaN	4.8914	5.0479	15.5398	1019875.8353	1019876.1375	1.0000	1.0000	0.6462
25cj01	1	41	0	1	2.0000	1.0000	1.0000	0.6217	NaN	NaN	NaN	1019877.3041	1019877.6570	1.0000	1.0000	0.6135
25cj01	1	42	0	1	1.0000	1.0000	1.0000	NaN	11.6471	12.2964	14.2962	1019880.0785	1019880.3813	1.0000	1.0000	0.2747
25cj01	1	42	0	1	2.0000	1.0000	-1.0000	0.1497	NaN	NaN	NaN	1019881.1752	1019881.5299	1.0000	0.0000	0.6446
25cj01	1	43	0	1	1.0000	1.0000	-1.0000	NaN	6.7344	-5.0649	15.2367	1019884.2629	1019884.5690	0.0000	1.0000	0.3102
25cj01	1	43	0	1	2.0000	1.0000	-1.0000	0.0310	NaN	NaN	NaN	1019885.3879	1019885.7904	1.0000	0.0000	0.5926
25cj01	1	44	0	1	1.0000	1.0000	1.0000	NaN	7.7879	8.0237	14.7545	1019888.4029	1019888.7067	1.0000	1.0000	0.3174
25cj01	1	44	0	1	2.0000	1.0000	-1.0000	0.9243	NaN	NaN	NaN	1019889.5301	1019889.9423	0.0000	1.0000	0.5857
25cj01	1	45	0	1	1.0000	1.0000	-1.0000	NaN	9.8815	-10.0872	14.9304	1019892.4217	1019892.7266	0.0000	1.0000	0.2808
25cj01	1	45	0	1	2.0000	1.0000	1.0000	0.0923	NaN	NaN	NaN	1019893.5145	1019893.9420	1.0000	1.0000	0.6813
25cj01	1	46	0	1	1.0000	1.0000	1.0000	NaN	1.1845	0.2799	16.0183	1019896.6273	1019896.9345	1.0000	1.0000	0.9520
25cj01	1	46	0	1	2.0000	1.0000	1.0000	0.7564	NaN	NaN	NaN	1019898.4108	1019898.8246	1.0000	1.0000	0.5505
25cj01	1	47	0	1	1.0000	1.0000	1.0000	NaN	9.2989	7.2915	13.8080	1019901.7738	1019902.0783	1.0000	1.0000	0.3212
25cj01	1	47	0	1	2.0000	1.0000	1.0000	0.0044	NaN	NaN	NaN	1019902.9237	1019903.3411	0.0000	0.0000	0.7220
25cj01	1	48	0	1	1.0000	1.0000	-1.0000	NaN	10.6381	-12.2017	15.5214	1019906.3547	1019906.6592	0.0000	1.0000	0.3000
25cj01	1	48	0	1	2.0000	1.0000	-1.0000	0.2279	NaN	NaN	NaN	1019907.4528	1019907.8741	0.0000	1.0000	0.7489
25cj01	1	49	0	1	1.0000	1.0000	1.0000	NaN	2.4929	2.5280	16.2582	1019910.6214	1019910.9258	1.0000	1.0000	0.3851
25cj01	1	49	0	1	2.0000	1.0000	-1.0000	0.5577	NaN	NaN	NaN	1019911.8371	1019912.2214	0.0000	1.0000	0.6731
25cj01	1	50	0	1	1.0000	1.0000	1.0000	NaN	11.7966	10.2120	14.3670	1019915.3533	1019915.6554	1.0000	1.0000	0.3116
25cj01	1	50	0	1	2.0000	1.0000	-1.0000	0.3969	NaN	NaN	NaN	1019916.5037	1019916.8550	0.0000	1.0000	0.5195
25cj01	2	1	0	1	1.0000	1.0000	-1.0000	NaN	2.0060	-2.7101	14.3365	1019927.6062	1019927.9084	0.0000	1.0000	0.3300
25cj01	2	1	0	1	2.0000	1.0000	-1.0000	0.9349	NaN	NaN	NaN	1019928.7596	1019929.1152	0.0000	1.0000	0.5808
25cj01	2	2	0	1	1.0000	1.0000	1.0000	NaN	6.2536	6.6673	16.7458	1019931.8168	1019932.1212	1.0000	1.0000	0.3419
25cj01	2	2	0	1	2.0000	1.0000	1.0000	0.5195	NaN	NaN	NaN	1019932.9889	1019933.4062	1.0000	1.0000	0.5922
25cj01	2	3	0	1	1.0000	1.0000	1.0000	NaN	6.0057	4.9486	14.6267	1019936.3670	1019936.6717	1.0000	1.0000	0.2712
25cj01	2	3	0	1	2.0000	1.0000	-1.0000	0.6771	NaN	NaN	NaN	1019937.4846	1019937.8825	0.0000	1.0000	0.6925
25cj01	2	4	0	1	1.0000	1.0000	-1.0000	NaN	11.4196	-12.1984	14.8780	1019941.1512	1019941.4535	0.0000	1.0000	0.3701
25cj01	2	4	0	1	2.0000	1.0000	-1.0000	0.3225	NaN	NaN	NaN	1019942.3107	1019942.6643	0.0000	1.0000	1.1741
25cj01	2	5	0	1	1.0000	1.0000	1.0000	NaN	4.2087	4.9287	14.3422	1019946.2887	1019946.5908	1.0000	1.0000	0.4493
25cj01	2	5	0	1	2.0000	1.0000	1.0000	0.5062	NaN	NaN	NaN	1019947.5438	1019947.8975	1.0000	1.0000	0.5174
25cj01	2	6	0	1	1.0000	1.0000	-1.0000	NaN	5.0746	-3.3205	16.0163	1019951.0385	1019951.3407	0.0000	1.0000	0.4189
25cj01	2	6	0	1	2.0000	1.0000	-1.0000	0.1698	NaN	NaN	NaN	1019952.2632	1019952.6152	1.0000	0.0000	0.7441
25cj01	2	7	0	1	1.0000	1.0000	-1.0000	NaN	9.6008	-10.7546	14.2497	1019955.8771	1019956.1793	0.0000	1.0000	0.3155
25cj01	2	7	0	1	2.0000	1.0000	-1.0000	0.2469	NaN	NaN	NaN	1019957.0001	1019957.3500	0.0000	1.0000	0.7452
25cj01	2	8	0	1	1.0000	1.0000	1.0000	NaN	5.1887	6.7124	13.6487	1019959.8857	1019960.1879	1.0000	1.0000	0.2755
25cj01	2	8	0	1	2.0000	1.0000	1.0000	0.4311	NaN	NaN	NaN	1019960.9835	1019961.3357	1.0000	1.0000	0.5032
25cj01	2	9	0	1	1.0000	1.0000	1.0000	NaN	1.5238	0.6811	17.3587	1019963.6466	1019963.9489	1.0000	1.0000	0.8821
25cj01	2	9	0	1	2.0000	1.0000	-1.0000	0.8605	NaN	NaN	NaN	1019965.3349	1019965.6860	0.0000	1.0000	0.5537
25cj01	2	10	0	1	1.0000	1.0000	-1.0000	NaN	7.3925	-8.4024	14.7038	1019968.5070	1019968.8096	0.0000	1.0000	0.3900
25cj01	2	10	0	1	2.0000	1.0000	-1.0000	0.2385	NaN	NaN	NaN	1019969.7194	1019970.0757	1.0000	0.0000	0.6600
25cj01	2	11	0	1	1.0000	1.0000	1.0000	NaN	7.8823	6.2495	15.3033	1019973.0735	1019973.3759	1.0000	1.0000	0.3355
25cj01	2	11	0	1	2.0000	1.0000	1.0000	0.3960	NaN	NaN	NaN	1019974.2325	1019974.5829	0.0000	0.0000	1.0164
25cj01	2	12	0	1	1.0000	1.0000	-1.0000	NaN	11.7797	-11.8082	15.2406	1019978.2382	1019978.5426	0.0000	1.0000	0.2572
25cj01	2	12	0	1	2.0000	1.0000	-1.0000	0.4377	NaN	NaN	NaN	1019979.3053	1019979.7192	0.0000	1.0000	0.5678
25cj01	2	13	0	1	1.0000	1.0000	-1.0000	NaN	9.8106	-10.8113	14.1226	1019982.5884	1019982.8955	0.0000	1.0000	0.2560
25cj01	2	13	0	1	2.0000	1.0000	-1.0000	0.7772	NaN	NaN	NaN	1019983.6750	1019984.0994	0.0000	1.0000	0.4918
25cj01	2	14	0	1	1.0000	1.0000	1.0000	NaN	7.4120	7.8336	15.6813	1019986.7933	1019987.0979	1.0000	1.0000	0.3085
25cj01	2	14	0	1	2.0000	1.0000	-1.0000	0.5794	NaN	NaN	NaN	1019987.9010	1019988.3201	0.0000	1.0000	1.1679
25cj01	2	15	0	1	1.0000	1.0000	1.0000	NaN	6.6019	5.9184	15.3147	1019991.9640	1019992.2686	1.0000	1.0000	0.2745
25cj01	2	15	0	1	2.0000	1.0000	-1.0000	0.8321	NaN	NaN	NaN	1019993.0691	1019993.4865	0.0000	1.0000	0.5603
25cj01	2	16	0	1	1.0000	1.0000	1.0000	NaN	1.0059	1.8836	15.0789	1019996.3737	1019996.6804	0.0000	0.0000	0.7260
25cj01	2	16	0	1	2.0000	1.0000	1.0000	0.4280	NaN	NaN	NaN	1019997.9171	1019998.3362	1.0000	1.0000	0.5262
25cj01	2	17	0	1	1.0000	1.0000	-1.0000	NaN	1.8285	-3.0414	17.1617	1020001.3762	1020001.6806	0.0000	1.0000	0.3178
25cj01	2	17	0	1	2.0000	1.0000	1.0000	0.8677	NaN	NaN	NaN	1020002.5066	1020002.9194	1.0000	1.0000	0.5675
25cj01	2	18	0	1	1.0000	1.0000	1.0000	NaN	1.1705	1.1360	16.1083	1020005.9539	1020006.2604	0.0000	0.0000	0.7620
25cj01	2	18	0	1	2.0000	1.0000	-1.0000	0.6007	NaN	NaN	NaN	1020007.5331	1020007.9523	0.0000	1.0000	0.4301
25cj01	2	19	0	1	1.0000	1.0000	-1.0000	NaN	10.9888	-12.5061	13.9976	1020010.6236	1020010.9296	0.0000	1.0000	0.2688
25cj01	2	19	0	1	2.0000	1.0000	-1.0000	0.4007	NaN	NaN	NaN	1020011.7063	1020012.1184	0.0000	1.0000	0.6484
25cj01	2	20	0	1	1.0000	1.0000	-1.0000	NaN	2.0542	-2.5948	15.8521	1020015.2167	1020015.5209	0.0000	1.0000	0.8627
25cj01	2	20	0	1	2.0000	1.0000	-1.0000	0.6227	NaN	NaN	NaN	1020016.8745	1020017.2849	0.0000	1.0000	0.4586
25cj01	2	21	0	1	1.0000	1.0000	1.0000	NaN	6.9025	6.3573	15.7755	1020019.5441	1020019.8482	1.0000	1.0000	0.4071
25cj01	2	21	0	1	2.0000	1.0000	1.0000	0.9083	NaN	NaN	NaN	1020020.7810	1020021.2017	1.0000	1.0000	0.5730
25cj01	2	22	0	1	1.0000	1.0000	1.0000	NaN	5.5062	5.3651	16.0353	1020024.2235	1020024.5289	1.0000	1.0000	0.6694
25cj01	2	22	0	1	2.0000	1.0000	-1.0000	0.2254	NaN	NaN	NaN	1020025.7061	1020026.1172	0.0000	1.0000	0.4266
25cj01	2	23	0	1	1.0000	1.0000	-1.0000	NaN	3.4688	-3.8378	14.0199	1020028.4600	1020028.7621	0.0000	1.0000	0.3409
25cj01	2	23	0	1	2.0000	1.0000	-1.0000	0.6423	NaN	NaN	NaN	1020029.6264	1020030.0382	0.0000	1.0000	0.4253
25cj01	2	24	0	1	1.0000	1.0000	-1.0000	NaN	6.2166	-7.9400	15.2429	1020033.0029	1020033.3102	0.0000	1.0000	0.2732
25cj01	2	24	0	1	2.0000	1.0000	1.0000	0.8316	NaN	NaN	NaN	1020034.0910	1020034.5133	1.0000	1.0000	0.3650
25cj01	2	25	0	1	1.0000	1.0000	-1.0000	NaN	11.7920	-11.9656	15.0178	1020037.1192	1020037.4257	0.0000	1.0000	0.2056
25cj01	2	25	0	1	2.0000	1.0000	-1.0000	0.7832	NaN	NaN	NaN	1020038.1546	1020038.5677	0.0000	1.0000	0.3440
25cj01	2	26	0	1	1.0000	1.0000	1.0000	NaN	10.6220	7.4880	14.7827	1020041.3139	1020041.6184	1.0000	1.0000	0.2040
25cj01	2	26	0	1	2.0000	1.0000	-1.0000	0.0359	NaN	NaN	NaN	1020042.3334	1020042.7507	1.0000	0.0000	1.1532
25cj01	2	27	0	1	1.0000	1.0000	1.0000	NaN	4.4218	5.2917	15.3334	1020046.5667	1020046.8711	1.0000	1.0000	0.5992
25cj01	2	27	0	1	2.0000	1.0000	-1.0000	0.1743	NaN	NaN	NaN	1020047.9969	1020048.4171	0.0000	1.0000	0.5582
25cj01	2	28	0	1	1.0000	1.0000	-1.0000	NaN	1.0262	-3.3364	13.9229	1020051.0770	1020051.3814	1.0000	0.0000	1.0824
25cj01	2	28	0	1	2.0000	1.0000	-1.0000	0.4825	NaN	NaN	NaN	1020052.9699	1020053.3836	0.0000	1.0000	0.4082
25cj01	2	29	0	1	1.0000	1.0000	-1.0000	NaN	0.3506	-0.2044	14.6256	1020055.7347	1020056.0409	1.0000	0.0000	0.8061
25cj01	2	29	0	1	2.0000	1.0000	-1.0000	0.7610	NaN	NaN	NaN	1020057.3539	1020057.7666	0.0000	1.0000	0.3605
25cj01	2	30	0	1	1.0000	1.0000	1.0000	NaN	11.6238	11.9239	14.6792	1020060.2965	1020060.6008	1.0000	1.0000	0.3255
25cj01	2	30	0	1	2.0000	1.0000	1.0000	0.6824	NaN	NaN	NaN	1020061.4505	1020061.8659	1.0000	1.0000	0.6131
25cj01	2	31	0	1	1.0000	1.0000	-1.0000	NaN	1.4798	-2.2708	15.3758	1020064.6024	1020064.9094	0.0000	1.0000	1.2496
25cj01	2	31	0	1	2.0000	1.0000	-1.0000	0.2279	NaN	NaN	NaN	1020066.6504	1020067.0375	0.0000	1.0000	0.4328
25cj01	2	32	0	1	1.0000	1.0000	1.0000	NaN	6.5641	6.3963	14.9127	1020069.8372	1020070.1402	1.0000	1.0000	0.8187
25cj01	2	32	0	1	2.0000	1.0000	-1.0000	0.4284	NaN	NaN	NaN	1020071.4796	1020071.8303	0.0000	1.0000	0.5371
25cj01	2	33	0	1	1.0000	1.0000	1.0000	NaN	0.5163	1.7732	13.4474	1020074.6021	1020074.9089	1.0000	1.0000	0.4814
25cj01	2	33	0	1	2.0000	1.0000	1.0000	0.0146	NaN	NaN	NaN	1020075.8982	1020076.3157	0.0000	0.0000	0.7074
25cj01	2	34	0	1	1.0000	1.0000	-1.0000	NaN	4.1998	-3.8116	15.8216	1020079.1003	1020079.4074	0.0000	1.0000	0.4309
25cj01	2	34	0	1	2.0000	1.0000	1.0000	0.8828	NaN	NaN	NaN	1020080.3485	1020080.7654	1.0000	1.0000	0.3377
25cj01	2	35	0	1	1.0000	1.0000	1.0000	NaN	7.2260	8.6671	14.2287	1020083.3053	1020083.6097	1.0000	1.0000	0.3257
25cj01	2	35	0	1	2.0000	1.0000	1.0000	0.0064	NaN	NaN	NaN	1020084.4613	1020084.8820	1.0000	1.0000	1.0699
25cj01	2	36	0	1	1.0000	1.0000	-1.0000	NaN	3.0901	-3.1134	14.2010	1020088.2344	1020088.5369	0.0000	1.0000	0.9824
25cj01	2	36	0	1	2.0000	1.0000	-1.0000	0.1418	NaN	NaN	NaN	1020090.0236	1020090.3749	0.0000	1.0000	0.6793
25cj01	2	37	0	1	1.0000	1.0000	-1.0000	NaN	4.8217	-4.8226	15.0911	1020093.0948	1020093.3970	0.0000	1.0000	1.0825
25cj01	2	37	0	1	2.0000	1.0000	-1.0000	0.4876	NaN	NaN	NaN	1020094.9672	1020095.3233	0.0000	1.0000	0.4670
25cj01	2	38	0	1	1.0000	1.0000	-1.0000	NaN	1.2811	-1.3284	16.2589	1020098.2343	1020098.5372	1.0000	0.0000	0.8210
25cj01	2	38	0	1	2.0000	1.0000	-1.0000	0.6852	NaN	NaN	NaN	1020099.8793	1020100.2359	0.0000	1.0000	0.3864
25cj01	2	39	0	1	1.0000	1.0000	-1.0000	NaN	10.5558	-9.8841	14.6027	1020102.5068	1020102.8090	0.0000	1.0000	0.2937
25cj01	2	39	0	1	2.0000	1.0000	1.0000	0.8610	NaN	NaN	NaN	1020103.6084	1020103.9593	1.0000	1.0000	0.4869
25cj01	2	40	0	1	1.0000	1.0000	-1.0000	NaN	8.2706	-8.6244	14.0703	1020106.7050	1020107.0072	0.0000	1.0000	0.3030
25cj01	2	40	0	1	2.0000	1.0000	-1.0000	0.6214	NaN	NaN	NaN	1020107.8153	1020108.1685	0.0000	1.0000	0.6949
25cj01	2	41	0	1	1.0000	1.0000	1.0000	NaN	11.4027	10.6699	14.6574	1020110.7785	1020111.0806	1.0000	1.0000	0.2151
25cj01	2	41	0	1	2.0000	1.0000	1.0000	0.3012	NaN	NaN	NaN	1020111.8154	1020112.1720	1.0000	1.0000	0.5783
25cj01	2	42	0	1	1.0000	1.0000	-1.0000	NaN	7.4647	-10.1617	16.2266	1020115.1575	1020115.4597	0.0000	1.0000	0.2037
25cj01	2	42	0	1	2.0000	1.0000	1.0000	0.8104	NaN	NaN	NaN	1020116.1988	1020116.5557	1.0000	1.0000	0.3712
25cj01	2	43	0	1	1.0000	1.0000	1.0000	NaN	2.7111	1.3031	13.8141	1020119.1907	1020119.4954	1.0000	1.0000	0.7269
25cj01	2	43	0	1	2.0000	1.0000	-1.0000	0.1850	NaN	NaN	NaN	1020120.7300	1020121.1468	0.0000	1.0000	0.5154
25cj01	2	44	0	1	1.0000	1.0000	-1.0000	NaN	0.9103	-0.2655	16.2826	1020123.9483	1020124.2556	0.0000	1.0000	0.3506
25cj01	2	44	0	1	2.0000	1.0000	1.0000	0.5394	NaN	NaN	NaN	1020125.1148	1020125.5304	1.0000	1.0000	0.3558
25cj01	2	45	0	1	1.0000	1.0000	-1.0000	NaN	4.2379	-3.3239	15.4876	1020127.9081	1020128.2131	0.0000	1.0000	0.3141
25cj01	2	45	0	1	2.0000	1.0000	-1.0000	0.2230	NaN	NaN	NaN	1020129.0507	1020129.4631	1.0000	0.0000	1.2081
25cj01	2	46	0	1	1.0000	1.0000	-1.0000	NaN	9.9699	-8.9696	15.1772	1020133.1700	1020133.4745	0.0000	1.0000	0.2368
25cj01	2	46	0	1	2.0000	1.0000	1.0000	0.3341	NaN	NaN	NaN	1020134.2183	1020134.6060	1.0000	1.0000	0.4322
25cj01	2	47	0	1	1.0000	1.0000	-1.0000	NaN	1.5837	-2.8587	15.7582	1020137.3956	1020137.6977	0.0000	1.0000	0.2851
25cj01	2	47	0	1	2.0000	1.0000	-1.0000	0.0916	NaN	NaN	NaN	1020138.4719	1020138.8226	1.0000	0.0000	0.8877
25cj01	2	48	0	1	1.0000	1.0000	-1.0000	NaN	8.7807	-10.5430	13.6687	1020142.1420	1020142.4441	0.0000	1.0000	0.2432
25cj01	2	48	0	1	2.0000	1.0000	-1.0000	0.6167	NaN	NaN	NaN	1020143.1910	1020143.5436	0.0000	1.0000	1.2873
25cj01	2	49	0	1	1.0000	1.0000	1.0000	NaN	11.0063	11.9463	15.2935	1020146.8965	1020147.1986	1.0000	1.0000	0.1916
25cj01	2	49	0	1	2.0000	1.0000	1.0000	0.5222	NaN	NaN	NaN	1020147.9112	1020148.2668	1.0000	1.0000	0.3714
25cj01	2	50	0	1	1.0000	1.0000	1.0000	NaN	11.9536	11.5531	13.7671	1020150.9206	1020151.2229	1.0000	1.0000	0.2801
25cj01	2	50	0	1	2.0000	1.0000	1.0000	0.5114	NaN	NaN	NaN	1020152.0237	1020152.3735	1.0000	1.0000	0.6175
25cj01	3	1	0	1	1.0000	1.0000	1.0000	NaN	1.0132	2.8325	16.4546	1020162.5534	1020162.8556	1.0000	1.0000	0.2956
25cj01	3	1	0	1	2.0000	1.0000	-1.0000	0.8253	NaN	NaN	NaN	1020163.6398	1020163.9897	0.0000	1.0000	0.4251
25cj01	3	2	0	1	1.0000	1.0000	1.0000	NaN	2.2852	1.1399	14.3597	1020166.6415	1020166.9459	1.0000	1.0000	0.3012
25cj01	3	2	0	1	2.0000	1.0000	-1.0000	0.6357	NaN	NaN	NaN	1020167.7720	1020168.1893	0.0000	1.0000	0.3215
25cj01	3	3	0	1	1.0000	1.0000	-1.0000	NaN	7.4887	-7.0946	14.5402	1020171.1285	1020171.4346	0.0000	1.0000	0.2115
25cj01	3	3	0	1	2.0000	1.0000	1.0000	0.4645	NaN	NaN	NaN	1020172.1572	1020172.5424	1.0000	1.0000	0.3364
25cj01	3	4	0	1	1.0000	1.0000	-1.0000	NaN	6.3257	-6.9485	14.4532	1020175.1603	1020175.4625	0.0000	1.0000	0.7277
25cj01	3	4	0	1	2.0000	1.0000	-1.0000	0.4181	NaN	NaN	NaN	1020176.6789	1020177.0361	1.0000	0.0000	0.6581
25cj01	3	5	0	1	1.0000	1.0000	-1.0000	NaN	9.0447	-6.2957	16.6114	1020179.8582	1020180.1604	0.0000	1.0000	0.2872
25cj01	3	5	0	1	2.0000	1.0000	-1.0000	0.7193	NaN	NaN	NaN	1020180.9515	1020181.3038	0.0000	1.0000	0.3915
25cj01	3	6	0	1	1.0000	1.0000	1.0000	NaN	9.7714	8.6049	14.9490	1020184.1023	1020184.4044	1.0000	1.0000	0.2196
25cj01	3	6	0	1	2.0000	1.0000	1.0000	0.2416	NaN	NaN	NaN	1020185.1424	1020185.4983	0.0000	0.0000	0.7083
25cj01	3	7	0	1	1.0000	1.0000	-1.0000	NaN	8.1837	-8.2136	14.8457	1020188.2402	1020188.5424	0.0000	1.0000	0.2398
25cj01	3	7	0	1	2.0000	1.0000	1.0000	0.0566	NaN	NaN	NaN	1020189.3049	1020189.6552	1.0000	1.0000	0.5029
25cj01	3	8	0	1	1.0000	1.0000	1.0000	NaN	6.9207	7.3447	15.1126	1020192.4509	1020192.7530	1.0000	1.0000	0.2692
25cj01	3	8	0	1	2.0000	1.0000	-1.0000	0.7652	NaN	NaN	NaN	1020193.5113	1020193.8686	0.0000	1.0000	0.4513
25cj01	3	9	0	1	1.0000	1.0000	1.0000	NaN	2.6610	3.8657	14.2139	1020196.4596	1020196.7618	0.0000	0.0000	0.9003
25cj01	3	9	0	1	2.0000	1.0000	-1.0000	0.6757	NaN	NaN	NaN	1020198.1518	1020198.5029	0.0000	1.0000	0.3288
25cj01	3	10	0	1	1.0000	1.0000	-1.0000	NaN	6.2598	-4.9179	14.7880	1020201.2347	1020201.5369	0.0000	1.0000	0.3979
25cj01	3	10	0	1	2.0000	1.0000	1.0000	0.0679	NaN	NaN	NaN	1020202.4384	1020202.7902	1.0000	1.0000	0.5839
25cj01	3	11	0	1	1.0000	1.0000	-1.0000	NaN	4.0455	-5.3584	14.2107	1020205.7059	1020206.0080	0.0000	1.0000	0.2472
25cj01	3	11	0	1	2.0000	1.0000	-1.0000	0.0113	NaN	NaN	NaN	1020206.7752	1020207.1303	1.0000	0.0000	0.7089
25cj01	3	12	0	1	1.0000	1.0000	-1.0000	NaN	2.2675	-2.8816	15.0130	1020210.4009	1020210.7032	0.0000	1.0000	0.2709
25cj01	3	12	0	1	2.0000	1.0000	1.0000	0.7075	NaN	NaN	NaN	1020211.5111	1020211.8676	0.0000	0.0000	1.1398
25cj01	3	13	0	1	1.0000	1.0000	1.0000	NaN	8.9176	8.4241	14.0932	1020215.0429	1020215.3467	1.0000	1.0000	0.3634
25cj01	3	13	0	1	2.0000	1.0000	-1.0000	0.7199	NaN	NaN	NaN	1020216.2498	1020216.6573	0.0000	1.0000	0.3824
25cj01	3	14	0	1	1.0000	1.0000	-1.0000	NaN	2.0151	-2.1875	14.6069	1020219.4105	1020219.7166	0.0000	1.0000	0.9382
25cj01	3	14	0	1	2.0000	1.0000	1.0000	0.4654	NaN	NaN	NaN	1020221.1465	1020221.5757	1.0000	1.0000	1.3029
25cj01	3	15	0	1	1.0000	1.0000	1.0000	NaN	2.2425	3.5883	14.6994	1020225.2795	1020225.5860	1.0000	1.0000	0.7641
25cj01	3	15	0	1	2.0000	1.0000	-1.0000	0.7554	NaN	NaN	NaN	1020226.8748	1020227.2920	0.0000	1.0000	0.5949
25cj01	3	16	0	1	1.0000	1.0000	1.0000	NaN	4.4092	3.2178	15.8638	1020229.7775	1020230.0847	1.0000	1.0000	0.2986
25cj01	3	16	0	1	2.0000	1.0000	-1.0000	0.3757	NaN	NaN	NaN	1020230.8910	1020231.2845	0.0000	1.0000	0.5389
25cj01	3	17	0	1	1.0000	1.0000	-1.0000	NaN	5.6511	-6.0978	13.3372	1020233.7053	1020234.0078	0.0000	1.0000	0.2143
25cj01	3	17	0	1	2.0000	1.0000	-1.0000	0.5686	NaN	NaN	NaN	1020234.7271	1020235.0832	0.0000	1.0000	0.8029
25cj01	3	18	0	1	1.0000	1.0000	1.0000	NaN	0.3665	1.0680	16.1631	1020238.1369	1020238.4390	0.0000	0.0000	0.8396
25cj01	3	18	0	1	2.0000	1.0000	1.0000	0.1879	NaN	NaN	NaN	1020239.7681	1020240.1191	1.0000	1.0000	0.4070
25cj01	3	19	0	1	1.0000	1.0000	-1.0000	NaN	6.5745	-8.8392	14.6258	1020242.7764	1020243.0788	0.0000	1.0000	0.2633
25cj01	3	19	0	1	2.0000	1.0000	1.0000	0.4017	NaN	NaN	NaN	1020243.8470	1020244.2006	1.0000	1.0000	0.4534
25cj01	3	20	0	1	1.0000	1.0000	-1.0000	NaN	2.7659	-0.7473	13.7299	1020246.7128	1020247.0149	1.0000	0.0000	0.3912
25cj01	3	20	0	1	2.0000	1.0000	-1.0000	0.4474	NaN	NaN	NaN	1020247.9274	1020248.2823	0.0000	1.0000	0.3569
25cj01	3	21	0	1	1.0000	1.0000	-1.0000	NaN	4.0846	-4.1057	14.0329	1020250.9505	1020251.2527	0.0000	1.0000	0.2026
25cj01	3	21	0	1	2.0000	1.0000	-1.0000	0.9118	NaN	NaN	NaN	1020251.9586	1020252.3156	0.0000	1.0000	0.9305
25cj01	3	22	0	1	1.0000	1.0000	-1.0000	NaN	5.1390	-5.5068	15.2353	1020255.5305	1020255.8327	0.0000	1.0000	0.6294
25cj01	3	22	0	1	2.0000	1.0000	1.0000	0.1814	NaN	NaN	NaN	1020256.9518	1020257.3045	1.0000	1.0000	0.4862
25cj01	3	23	0	1	1.0000	1.0000	-1.0000	NaN	2.3774	-2.3412	14.1728	1020260.1208	1020260.4256	0.0000	1.0000	0.2925
25cj01	3	23	0	1	2.0000	1.0000	-1.0000	0.3538	NaN	NaN	NaN	1020261.2263	1020261.6398	1.0000	0.0000	0.9829
25cj01	3	24	0	1	1.0000	1.0000	-1.0000	NaN	11.4901	-12.1225	15.5183	1020265.2531	1020265.5580	0.0000	1.0000	0.2333
25cj01	3	24	0	1	2.0000	1.0000	-1.0000	0.5195	NaN	NaN	NaN	1020266.2853	1020266.7067	0.0000	1.0000	0.7153
25cj01	3	25	0	1	1.0000	1.0000	-1.0000	NaN	1.2798	-2.4680	15.0272	1020269.7027	1020270.0076	0.0000	1.0000	0.2465
25cj01	3	25	0	1	2.0000	1.0000	-1.0000	0.4205	NaN	NaN	NaN	1020270.7625	1020271.1893	0.0000	1.0000	0.6647
25cj01	3	26	0	1	1.0000	1.0000	-1.0000	NaN	5.2284	-4.8265	13.7412	1020274.3302	1020274.6346	0.0000	1.0000	0.2920
25cj01	3	26	0	1	2.0000	1.0000	-1.0000	0.2163	NaN	NaN	NaN	1020275.4363	1020275.8557	0.0000	1.0000	0.5263
25cj01	3	27	0	1	1.0000	1.0000	1.0000	NaN	9.6034	9.2047	14.5857	1020278.7687	1020279.0732	1.0000	1.0000	0.2528
25cj01	3	27	0	1	2.0000	1.0000	1.0000	0.4611	NaN	NaN	NaN	1020279.8213	1020280.2388	1.0000	1.0000	0.4792
25cj01	3	28	0	1	1.0000	1.0000	-1.0000	NaN	3.8352	-2.5874	14.9946	1020282.8453	1020283.1497	1.0000	0.0000	1.5690
25cj01	3	28	0	1	2.0000	1.0000	-1.0000	0.0654	NaN	NaN	NaN	1020285.2578	1020285.6715	0.0000	1.0000	0.5026
25cj01	3	29	0	1	1.0000	1.0000	1.0000	NaN	7.9983	6.6065	15.1832	1020287.9764	1020288.2824	1.0000	1.0000	0.5803
25cj01	3	29	0	1	2.0000	1.0000	-1.0000	0.6632	NaN	NaN	NaN	1020289.4041	1020289.8216	0.0000	1.0000	0.3701
25cj01	3	30	0	1	1.0000	1.0000	1.0000	NaN	8.8543	6.8388	14.4475	1020292.0060	1020292.3112	1.0000	1.0000	0.2482
25cj01	3	30	0	1	2.0000	1.0000	-1.0000	0.0500	NaN	NaN	NaN	1020293.0525	1020293.4363	1.0000	0.0000	0.6902
25cj01	3	31	0	1	1.0000	1.0000	1.0000	NaN	4.7911	6.0507	15.5808	1020296.4465	1020296.7486	1.0000	1.0000	0.2574
25cj01	3	31	0	1	2.0000	1.0000	-1.0000	0.0574	NaN	NaN	NaN	1020297.5266	1020297.8800	0.0000	1.0000	1.5748
25cj01	3	32	0	1	1.0000	1.0000	1.0000	NaN	7.6624	8.6470	16.2007	1020301.5712	1020301.8733	1.0000	1.0000	0.2687
25cj01	3	32	0	1	2.0000	1.0000	1.0000	0.6649	NaN	NaN	NaN	1020302.6484	1020302.9995	1.0000	1.0000	0.6311
25cj01	3	33	0	1	1.0000	1.0000	-1.0000	NaN	1.6328	-1.4858	15.8206	1020305.9003	1020306.2044	0.0000	1.0000	0.2736
25cj01	3	33	0	1	2.0000	1.0000	-1.0000	0.1383	NaN	NaN	NaN	1020306.9865	1020307.4042	0.0000	1.0000	1.1863
25cj01	3	34	0	1	1.0000	1.0000	-1.0000	NaN	7.7372	-8.6767	15.4640	1020310.6674	1020310.9722	0.0000	1.0000	0.2579
25cj01	3	34	0	1	2.0000	1.0000	1.0000	0.8127	NaN	NaN	NaN	1020311.7539	1020312.1698	1.0000	1.0000	0.4522
25cj01	3	35	0	1	1.0000	1.0000	-1.0000	NaN	2.1822	-1.2815	14.5520	1020314.7531	1020315.0575	0.0000	1.0000	0.3975
25cj01	3	35	0	1	2.0000	1.0000	-1.0000	0.8651	NaN	NaN	NaN	1020315.9631	1020316.3822	0.0000	1.0000	0.5598
25cj01	3	36	0	1	1.0000	1.0000	1.0000	NaN	9.3662	7.7477	15.9333	1020318.9675	1020319.2719	1.0000	1.0000	0.2301
25cj01	3	36	0	1	2.0000	1.0000	1.0000	0.3272	NaN	NaN	NaN	1020320.0097	1020320.4202	1.0000	1.0000	0.4419
25cj01	3	37	0	1	1.0000	1.0000	1.0000	NaN	5.8633	6.8158	15.2872	1020323.3547	1020323.6609	1.0000	1.0000	0.4655
25cj01	3	37	0	1	2.0000	1.0000	1.0000	0.6938	NaN	NaN	NaN	1020324.6527	1020325.0700	1.0000	1.0000	0.4160
25cj01	3	38	0	1	1.0000	1.0000	-1.0000	NaN	6.9958	-8.3357	14.2784	1020327.9018	1020328.2063	0.0000	1.0000	0.2397
25cj01	3	38	0	1	2.0000	1.0000	1.0000	0.3654	NaN	NaN	NaN	1020328.9377	1020329.3531	1.0000	1.0000	0.3089
25cj01	3	39	0	1	1.0000	1.0000	-1.0000	NaN	5.0072	-6.4263	15.5974	1020332.0861	1020332.3882	0.0000	1.0000	0.2341
25cj01	3	39	0	1	2.0000	1.0000	1.0000	0.2280	NaN	NaN	NaN	1020333.1117	1020333.4628	1.0000	1.0000	0.3917
25cj01	3	40	0	1	1.0000	1.0000	1.0000	NaN	7.0088	8.0999	14.1902	1020336.4460	1020336.7481	1.0000	1.0000	0.2418
25cj01	3	40	0	1	2.0000	1.0000	-1.0000	0.3267	NaN	NaN	NaN	1020337.5113	1020337.8626	0.0000	1.0000	0.4724
25cj01	3	41	0	1	1.0000	1.0000	1.0000	NaN	5.1798	3.6975	15.7342	1020340.7169	1020341.0190	1.0000	1.0000	0.2275
25cj01	3	41	0	1	2.0000	1.0000	-1.0000	0.2774	NaN	NaN	NaN	1020341.7509	1020342.1071	1.0000	0.0000	1.1069
25cj01	3	42	0	1	1.0000	1.0000	1.0000	NaN	3.3123	3.2589	15.1791	1020345.6327	1020345.9350	1.0000	1.0000	0.2390
25cj01	3	42	0	1	2.0000	1.0000	1.0000	0.7170	NaN	NaN	NaN	1020346.7121	1020347.0641	1.0000	1.0000	0.4076
25cj01	3	43	0	1	1.0000	1.0000	-1.0000	NaN	0.0138	-1.8640	14.8613	1020349.9598	1020350.2620	0.0000	1.0000	0.2483
25cj01	3	43	0	1	2.0000	1.0000	1.0000	0.8702	NaN	NaN	NaN	1020351.0146	1020351.3664	1.0000	1.0000	0.3916
25cj01	3	44	0	1	1.0000	1.0000	-1.0000	NaN	5.1625	-8.0556	13.7205	1020354.3126	1020354.6172	0.0000	1.0000	0.2453
25cj01	3	44	0	1	2.0000	1.0000	-1.0000	0.8772	NaN	NaN	NaN	1020355.3699	1020355.7845	0.0000	1.0000	0.3739
25cj01	3	45	0	1	1.0000	1.0000	1.0000	NaN	2.9003	3.4637	15.4517	1020358.0312	1020358.3354	1.0000	1.0000	0.2558
25cj01	3	45	0	1	2.0000	1.0000	-1.0000	0.3703	NaN	NaN	NaN	1020359.1159	1020359.5115	1.0000	0.0000	0.5511
25cj01	3	46	0	1	1.0000	1.0000	-1.0000	NaN	9.3500	-9.7026	13.6411	1020362.6003	1020362.9025	0.0000	1.0000	0.2647
25cj01	3	46	0	1	2.0000	1.0000	-1.0000	0.5043	NaN	NaN	NaN	1020363.6864	1020364.0436	0.0000	1.0000	0.7552
25cj01	3	47	0	1	1.0000	1.0000	-1.0000	NaN	11.9890	-11.3167	13.7401	1020366.9298	1020367.2321	0.0000	1.0000	0.2219
25cj01	3	47	0	1	2.0000	1.0000	1.0000	0.1216	NaN	NaN	NaN	1020367.9591	1020368.3110	1.0000	1.0000	0.4389
25cj01	3	48	0	1	1.0000	1.0000	-1.0000	NaN	11.7570	-11.8268	13.6254	1020370.8251	1020371.1272	0.0000	1.0000	0.2148
25cj01	3	48	0	1	2.0000	1.0000	1.0000	0.8596	NaN	NaN	NaN	1020371.8472	1020372.1993	1.0000	1.0000	0.4395
25cj01	3	49	0	1	1.0000	1.0000	-1.0000	NaN	7.4051	-7.6875	16.6363	1020374.7954	1020375.0976	0.0000	1.0000	0.2295
25cj01	3	49	0	1	2.0000	1.0000	-1.0000	0.2759	NaN	NaN	NaN	1020375.8153	1020376.1721	0.0000	1.0000	0.8499
25cj01	3	50	0	1	1.0000	1.0000	1.0000	NaN	0.9735	2.0553	14.8043	1020379.2981	1020379.6003	1.0000	1.0000	0.2222
25cj01	3	50	0	1	2.0000	1.0000	-1.0000	0.7412	NaN	NaN	NaN	1020380.3122	1020380.6623	0.0000	1.0000	0.6488
