50ll04	1	1	1	1	1.0000	1.0000	-1.0000	NaN	12.1129	-13.0594	16.1053	5155.1578	5155.4588	0.0000	1.0000	0.4227
50ll04	1	1	1	1	2.0000	1.0000	1.0000	0.3784	NaN	NaN	NaN	5156.4482	5156.7781	1.0000	1.0000	0.1503
50ll04	1	2	1	1	1.0000	1.0000	1.0000	NaN	3.1213	4.1542	14.5216	5159.4416	5159.7426	1.0000	1.0000	0.2994
50ll04	1	2	1	1	2.0000	1.0000	1.0000	0.1612	NaN	NaN	NaN	5160.6310	5160.9586	1.0000	1.0000	0.1691
50ll04	1	3	1	1	1.0000	1.0000	1.0000	NaN	10.9747	10.5325	15.3770	5163.4749	5163.7759	1.0000	1.0000	0.1462
50ll04	1	3	1	1	2.0000	1.0000	1.0000	0.2920	NaN	NaN	NaN	5164.4633	5164.7896	1.0000	1.0000	0.1726
50ll04	1	4	1	1	1.0000	1.0000	1.0000	NaN	13.1914	11.9434	13.6192	5167.0491	5167.3502	1.0000	1.0000	0.1391
50ll04	1	4	1	1	2.0000	1.0000	1.0000	0.6034	NaN	NaN	NaN	5168.0310	5168.3585	1.0000	1.0000	0.0007
50ll04	1	5	1	1	1.0000	1.0000	1.0000	NaN	15.3701	14.8779	14.8593	5170.6834	5170.9845	1.0000	1.0000	0.1352
50ll04	1	5	1	1	2.0000	1.0000	1.0000	0.0724	NaN	NaN	NaN	5171.6814	5172.0097	1.0000	1.0000	0.3420
50ll04	1	6	1	1	1.0000	1.0000	1.0000	NaN	4.4555	3.7041	14.6689	5174.7217	5175.0229	1.0000	1.0000	0.4108
50ll04	1	6	1	1	2.0000	1.0000	1.0000	0.2091	NaN	NaN	NaN	5175.9984	5176.3281	1.0000	1.0000	0.1445
50ll04	1	7	1	1	1.0000	1.0000	-1.0000	NaN	16.1145	-15.7642	16.2142	5178.6667	5178.9680	0.0000	1.0000	0.1217
50ll04	1	7	1	1	2.0000	1.0000	1.0000	0.3616	NaN	NaN	NaN	5179.6388	5179.9684	1.0000	1.0000	0.0010
50ll04	1	8	1	1	1.0000	1.0000	1.0000	NaN	1.2932	3.2313	14.2732	5182.1493	5182.4503	1.0000	1.0000	0.1349
50ll04	1	8	1	1	2.0000	1.0000	1.0000	0.3304	NaN	NaN	NaN	5183.1515	5183.4796	1.0000	1.0000	0.2343
50ll04	1	9	1	1	1.0000	1.0000	1.0000	NaN	18.3562	18.0723	13.4063	5185.8387	5186.1399	1.0000	1.0000	0.1257
50ll04	1	9	1	1	2.0000	1.0000	1.0000	0.3707	NaN	NaN	NaN	5186.8065	5187.1337	1.0000	1.0000	0.0007
50ll04	1	10	1	1	1.0000	1.0000	1.0000	NaN	12.0986	11.1648	15.5652	5189.5768	5189.8778	1.0000	1.0000	0.0084
50ll04	1	10	1	1	2.0000	1.0000	1.0000	0.2356	NaN	NaN	NaN	5190.4147	5190.7419	1.0000	1.0000	0.0113
50ll04	1	11	1	1	1.0000	1.0000	-1.0000	NaN	12.2168	-12.2193	15.2328	5192.6668	5192.9678	0.0000	1.0000	0.1932
50ll04	1	11	1	1	2.0000	1.0000	1.0000	0.1159	NaN	NaN	NaN	5193.7426	5194.0695	1.0000	1.0000	0.0007
50ll04	1	12	1	1	1.0000	1.0000	-1.0000	NaN	4.2093	-5.3283	14.0146	5196.1676	5196.4691	0.0000	1.0000	0.1165
50ll04	1	12	1	1	2.0000	1.0000	1.0000	0.1784	NaN	NaN	NaN	5197.1509	5197.4809	1.0000	1.0000	0.1289
50ll04	1	13	1	1	1.0000	1.0000	-1.0000	NaN	18.6784	-20.2544	14.1901	5199.7364	5200.0377	0.0000	1.0000	0.1616
50ll04	1	13	1	1	2.0000	1.0000	1.0000	0.6223	NaN	NaN	NaN	5200.7663	5201.0945	1.0000	1.0000	0.0007
50ll04	1	14	1	1	1.0000	1.0000	-1.0000	NaN	17.3952	-15.7676	13.5293	5202.8688	5203.1698	0.0000	1.0000	0.1519
50ll04	1	14	1	1	2.0000	1.0000	1.0000	0.1396	NaN	NaN	NaN	5203.8788	5204.2063	1.0000	1.0000	0.0006
50ll04	1	15	1	1	1.0000	1.0000	-1.0000	NaN	5.5578	-4.7911	14.4138	5206.5804	5206.8814	0.0000	1.0000	0.3116
50ll04	1	15	1	1	2.0000	1.0000	1.0000	0.5548	NaN	NaN	NaN	5207.7740	5208.1037	1.0000	1.0000	0.0655
50ll04	1	16	1	1	1.0000	1.0000	1.0000	NaN	1.3136	1.2310	15.2085	5210.5856	5210.8868	1.0000	1.0000	0.2344
50ll04	1	16	1	1	2.0000	1.0000	1.0000	0.3345	NaN	NaN	NaN	5211.7185	5212.0490	1.0000	1.0000	0.0407
50ll04	1	17	1	1	1.0000	1.0000	1.0000	NaN	16.8671	17.8720	13.5325	5214.3567	5214.6577	1.0000	1.0000	0.1576
50ll04	1	17	1	1	2.0000	1.0000	1.0000	0.6970	NaN	NaN	NaN	5215.3824	5215.7098	1.0000	1.0000	0.0007
50ll04	1	18	1	1	1.0000	1.0000	1.0000	NaN	17.2699	17.9814	15.5996	5217.6086	5217.9098	1.0000	1.0000	0.0736
50ll04	1	18	1	1	2.0000	1.0000	1.0000	0.2379	NaN	NaN	NaN	5218.5343	5218.8606	1.0000	1.0000	0.0006
50ll04	1	19	1	1	1.0000	1.0000	-1.0000	NaN	15.0916	-16.4853	13.9422	5221.4204	5221.7214	0.0000	1.0000	0.0721
50ll04	1	19	1	1	2.0000	1.0000	1.0000	0.2823	NaN	NaN	NaN	5222.3428	5222.6704	1.0000	1.0000	0.0007
50ll04	1	20	1	1	1.0000	1.0000	1.0000	NaN	17.4672	17.6109	15.5889	5224.8534	5225.1545	1.0000	1.0000	0.0634
50ll04	1	20	1	1	2.0000	1.0000	1.0000	0.7517	NaN	NaN	NaN	5225.7826	5226.1100	1.0000	1.0000	0.0007
50ll04	1	21	1	1	1.0000	1.0000	-1.0000	NaN	11.3732	-12.5116	16.0302	5228.6677	5228.9689	0.0000	1.0000	0.0709
50ll04	1	21	1	1	2.0000	1.0000	1.0000	0.3061	NaN	NaN	NaN	5229.5983	5229.9254	1.0000	1.0000	0.0006
50ll04	1	22	1	1	1.0000	1.0000	-1.0000	NaN	3.0667	-1.3485	14.2947	5232.2158	5232.5170	0.0000	1.0000	0.1140
50ll04	1	22	1	1	2.0000	1.0000	1.0000	0.3812	NaN	NaN	NaN	5233.2062	5233.5338	1.0000	1.0000	0.1227
50ll04	1	23	1	1	1.0000	1.0000	1.0000	NaN	2.2498	1.3350	15.3203	5235.6576	5235.9587	1.0000	1.0000	0.2644
50ll04	1	23	1	1	2.0000	1.0000	1.0000	0.7225	NaN	NaN	NaN	5236.7901	5237.1181	1.0000	1.0000	0.0911
50ll04	1	24	1	1	1.0000	1.0000	1.0000	NaN	14.1638	14.8659	15.7286	5239.1930	5239.4940	1.0000	1.0000	0.1458
50ll04	1	24	1	1	2.0000	1.0000	1.0000	0.4949	NaN	NaN	NaN	5240.1667	5240.4957	1.0000	1.0000	1.9535
50ll04	1	25	1	1	1.0000	1.0000	-1.0000	NaN	2.2207	-2.2761	15.6035	5244.3426	5244.6438	1.0000	0.0000	0.1793
50ll04	1	25	1	1	2.0000	1.0000	-1.0000	0.3660	NaN	NaN	NaN	5245.4233	5245.7525	1.0000	0.0000	0.1200
50ll04	1	26	1	1	1.0000	1.0000	1.0000	NaN	2.5621	2.4411	15.5919	5248.2175	5248.5185	0.0000	0.0000	0.2509
50ll04	1	26	1	1	2.0000	1.0000	-1.0000	0.7612	NaN	NaN	NaN	5249.3666	5249.6924	0.0000	1.0000	0.2827
50ll04	1	27	1	1	1.0000	1.0000	-1.0000	NaN	5.1933	-3.5842	15.2336	5252.0776	5252.3788	1.0000	0.0000	0.2622
50ll04	1	27	1	1	2.0000	1.0000	-1.0000	0.2302	NaN	NaN	NaN	5253.1982	5253.5270	0.0000	1.0000	0.2182
50ll04	1	28	1	1	1.0000	1.0000	1.0000	NaN	4.4185	3.9561	16.3007	5256.0280	5256.3294	1.0000	1.0000	0.2295
50ll04	1	28	1	1	2.0000	1.0000	1.0000	0.3968	NaN	NaN	NaN	5257.1341	5257.4647	1.0000	1.0000	0.1584
50ll04	1	29	1	1	1.0000	1.0000	1.0000	NaN	10.2973	10.2104	13.7128	5259.7184	5260.0194	1.0000	1.0000	0.0772
50ll04	1	29	1	1	2.0000	1.0000	1.0000	0.7802	NaN	NaN	NaN	5260.6541	5260.9819	1.0000	1.0000	0.0811
50ll04	1	30	1	1	1.0000	1.0000	-1.0000	NaN	1.6955	-1.4367	13.7394	5263.5821	5263.8832	1.0000	0.0000	0.1958
50ll04	1	30	1	1	2.0000	1.0000	-1.0000	0.5485	NaN	NaN	NaN	5264.6300	5264.9586	0.0000	1.0000	0.1603
50ll04	1	31	1	1	1.0000	1.0000	1.0000	NaN	10.3654	10.6140	16.2611	5267.8037	5268.1046	1.0000	1.0000	0.1196
50ll04	1	31	1	1	2.0000	1.0000	1.0000	0.2757	NaN	NaN	NaN	5268.7823	5269.1106	1.0000	1.0000	0.0007
50ll04	1	32	1	1	1.0000	1.0000	1.0000	NaN	9.6568	10.4588	14.7891	5271.6487	5271.9499	1.0000	1.0000	0.1789
50ll04	1	32	1	1	2.0000	1.0000	1.0000	0.6026	NaN	NaN	NaN	5272.6622	5272.9920	1.0000	1.0000	0.1513
50ll04	1	33	1	1	1.0000	1.0000	1.0000	NaN	3.3236	2.3149	15.3975	5275.4624	5275.7634	1.0000	1.0000	0.0931
50ll04	1	33	1	1	2.0000	1.0000	1.0000	0.4741	NaN	NaN	NaN	5276.3740	5276.7015	1.0000	1.0000	0.0028
50ll04	1	34	1	1	1.0000	1.0000	1.0000	NaN	6.0017	6.7171	15.3095	5279.1312	5279.4322	1.0000	1.0000	0.0086
50ll04	1	34	1	1	2.0000	1.0000	1.0000	0.5777	NaN	NaN	NaN	5279.9826	5280.3108	1.0000	1.0000	0.0007
50ll04	1	35	1	1	1.0000	1.0000	-1.0000	NaN	9.5399	-8.7429	14.9518	5282.2929	5282.5940	1.0000	0.0000	0.0630
50ll04	1	35	1	1	2.0000	1.0000	-1.0000	0.5582	NaN	NaN	NaN	5283.2140	5283.5414	0.0000	1.0000	0.1640
50ll04	1	36	1	1	1.0000	1.0000	-1.0000	NaN	7.5072	-6.5799	14.2103	5286.0128	5286.3138	0.0000	1.0000	0.3029
50ll04	1	36	1	1	2.0000	1.0000	1.0000	0.5129	NaN	NaN	NaN	5287.1982	5287.5241	1.0000	1.0000	0.0006
50ll04	1	37	1	1	1.0000	1.0000	1.0000	NaN	14.7315	14.9272	15.7265	5289.9137	5290.2149	1.0000	1.0000	0.0425
50ll04	1	37	1	1	2.0000	1.0000	1.0000	0.6397	NaN	NaN	NaN	5290.8379	5291.1639	1.0000	1.0000	0.0006
50ll04	1	38	1	1	1.0000	1.0000	-1.0000	NaN	14.2151	-14.7283	14.9388	5293.1902	5293.4913	0.0000	1.0000	0.0836
50ll04	1	38	1	1	2.0000	1.0000	1.0000	0.7535	NaN	NaN	NaN	5294.1421	5294.4698	1.0000	1.0000	0.0006
50ll04	1	39	1	1	1.0000	1.0000	1.0000	NaN	10.2525	8.5652	16.4703	5296.7442	5297.0454	1.0000	1.0000	0.0827
50ll04	1	39	1	1	2.0000	1.0000	1.0000	0.2610	NaN	NaN	NaN	5297.6781	5298.0070	1.0000	1.0000	0.0007
50ll04	1	40	1	1	1.0000	1.0000	-1.0000	NaN	9.2352	-8.5763	13.9077	5299.9463	5300.2474	0.0000	1.0000	0.0898
50ll04	1	40	1	1	2.0000	1.0000	1.0000	0.1741	NaN	NaN	NaN	5300.9021	5301.2296	1.0000	1.0000	0.0006
50ll04	1	41	1	1	1.0000	1.0000	-1.0000	NaN	8.5074	-8.7072	15.0348	5303.4440	5303.7450	0.0000	1.0000	0.0958
50ll04	1	41	1	1	2.0000	1.0000	1.0000	0.4936	NaN	NaN	NaN	5304.4055	5304.7326	1.0000	1.0000	0.0007
50ll04	1	42	1	1	1.0000	1.0000	1.0000	NaN	13.0359	14.5156	15.2313	5306.7721	5307.0734	1.0000	1.0000	0.0865
50ll04	1	42	1	1	2.0000	1.0000	1.0000	0.3835	NaN	NaN	NaN	5307.7099	5308.0371	1.0000	1.0000	0.0006
50ll04	1	43	1	1	1.0000	1.0000	-1.0000	NaN	13.5079	-11.9340	14.9670	5310.5125	5310.8135	0.0000	1.0000	0.0512
50ll04	1	43	1	1	2.0000	1.0000	1.0000	0.7135	NaN	NaN	NaN	5311.4540	5311.7831	1.0000	1.0000	0.0007
50ll04	1	44	1	1	1.0000	1.0000	1.0000	NaN	6.2963	6.3363	15.6620	5313.6878	5313.9892	1.0000	1.0000	0.5236
50ll04	1	44	1	1	2.0000	1.0000	1.0000	0.0139	NaN	NaN	NaN	5315.0861	5315.4141	0.0000	0.0000	0.2185
50ll04	1	45	1	1	1.0000	1.0000	-1.0000	NaN	11.2146	-10.8277	15.0985	5317.8434	5318.1445	1.0000	0.0000	0.2714
50ll04	1	45	1	1	2.0000	1.0000	-1.0000	0.0424	NaN	NaN	NaN	5318.9740	5319.3042	1.0000	0.0000	0.0006
50ll04	1	46	1	1	1.0000	1.0000	-1.0000	NaN	13.3819	-14.3661	15.3509	5321.5976	5321.8987	0.0000	1.0000	0.3253
50ll04	1	46	1	1	2.0000	1.0000	1.0000	0.6525	NaN	NaN	NaN	5322.8223	5323.1525	1.0000	1.0000	0.0007
50ll04	1	47	1	1	1.0000	1.0000	1.0000	NaN	10.0686	10.3929	14.6840	5325.2451	5325.5461	1.0000	1.0000	0.1249
50ll04	1	47	1	1	2.0000	1.0000	1.0000	0.4745	NaN	NaN	NaN	5326.1977	5326.5242	1.0000	1.0000	0.0006
50ll04	1	48	1	1	1.0000	1.0000	-1.0000	NaN	13.6030	-12.7559	15.3644	5328.2686	5328.5697	1.0000	0.0000	0.1827
50ll04	1	48	1	1	2.0000	1.0000	-1.0000	0.1357	NaN	NaN	NaN	5329.2774	5329.6065	0.0000	1.0000	0.0423
50ll04	1	49	1	1	1.0000	1.0000	-1.0000	NaN	17.0427	-16.8122	15.3917	5332.0725	5332.3736	0.0000	1.0000	0.1305
50ll04	1	49	1	1	2.0000	1.0000	1.0000	0.0806	NaN	NaN	NaN	5333.0855	5333.4136	1.0000	1.0000	0.0007
50ll04	1	50	1	1	1.0000	1.0000	-1.0000	NaN	16.6391	-16.9396	14.8071	5335.5373	5335.8384	0.0000	1.0000	0.1854
50ll04	1	50	1	1	2.0000	1.0000	1.0000	0.1117	NaN	NaN	NaN	5336.6133	5336.9408	1.0000	1.0000	0.0009
50ll04	2	1	1	1	1.0000	1.0000	1.0000	NaN	2.5108	2.8813	14.9643	5339.8738	5340.1748	1.0000	1.0000	0.2334
50ll04	2	1	1	1	2.0000	1.0000	1.0000	0.0789	NaN	NaN	NaN	5340.9734	5341.3024	1.0000	1.0000	0.0006
50ll04	2	2	1	1	1.0000	1.0000	-1.0000	NaN	0.4021	-0.2180	15.8244	5343.7493	5344.0505	1.0000	0.0000	0.1739
50ll04	2	2	1	1	2.0000	1.0000	-1.0000	0.5273	NaN	NaN	NaN	5344.7499	5345.0786	1.0000	0.0000	0.0006
50ll04	2	3	1	1	1.0000	1.0000	1.0000	NaN	10.2312	10.4281	16.1690	5346.9777	5347.2788	1.0000	1.0000	0.0967
50ll04	2	3	1	1	2.0000	1.0000	1.0000	0.4630	NaN	NaN	NaN	5347.9333	5348.2598	1.0000	1.0000	0.0006
50ll04	2	4	1	1	1.0000	1.0000	-1.0000	NaN	15.0743	-15.3139	14.7630	5350.0119	5350.3130	0.0000	1.0000	0.2307
50ll04	2	4	1	1	2.0000	1.0000	1.0000	0.3220	NaN	NaN	NaN	5351.1424	5351.4703	1.0000	1.0000	0.0006
50ll04	2	5	1	1	1.0000	1.0000	-1.0000	NaN	11.4599	-11.3997	15.2241	5353.9436	5354.2446	0.0000	1.0000	0.0920
50ll04	2	5	1	1	2.0000	1.0000	1.0000	0.6977	NaN	NaN	NaN	5354.8935	5355.2218	1.0000	1.0000	0.0006
50ll04	2	6	1	1	1.0000	1.0000	-1.0000	NaN	6.3534	-6.3916	14.4683	5357.5799	5357.8811	1.0000	0.0000	0.2951
50ll04	2	6	1	1	2.0000	1.0000	-1.0000	0.3027	NaN	NaN	NaN	5358.7572	5359.0855	1.0000	0.0000	0.0007
50ll04	2	7	1	1	1.0000	1.0000	1.0000	NaN	16.5209	16.3140	14.8523	5361.0577	5361.3590	1.0000	1.0000	0.1592
50ll04	2	7	1	1	2.0000	1.0000	1.0000	0.7568	NaN	NaN	NaN	5362.0934	5362.4225	1.0000	1.0000	0.0006
50ll04	2	8	1	1	1.0000	1.0000	-1.0000	NaN	6.8711	-5.9800	15.6553	5364.5034	5364.8045	1.0000	0.0000	0.4353
50ll04	2	8	1	1	2.0000	1.0000	-1.0000	0.2189	NaN	NaN	NaN	5365.7975	5366.1288	0.0000	1.0000	0.0695
50ll04	2	9	1	1	1.0000	1.0000	1.0000	NaN	3.1595	4.0466	14.4396	5368.4587	5368.7597	0.0000	0.0000	0.4474
50ll04	2	9	1	1	2.0000	1.0000	-1.0000	0.3964	NaN	NaN	NaN	5369.7890	5370.1182	1.0000	0.0000	0.0008
50ll04	2	10	1	1	1.0000	1.0000	-1.0000	NaN	16.2186	-15.3156	14.0689	5372.2910	5372.5920	0.0000	1.0000	0.2163
50ll04	2	10	1	1	2.0000	1.0000	1.0000	0.3445	NaN	NaN	NaN	5373.3651	5373.6928	1.0000	1.0000	0.0733
50ll04	2	11	1	1	1.0000	1.0000	-1.0000	NaN	3.2796	-4.6510	14.5653	5375.7023	5376.0033	1.0000	0.0000	0.3789
50ll04	2	11	1	1	2.0000	1.0000	-1.0000	0.7368	NaN	NaN	NaN	5376.9891	5377.3177	0.0000	1.0000	0.2353
50ll04	2	12	1	1	1.0000	1.0000	-1.0000	NaN	2.2257	-0.1940	16.5134	5379.4194	5379.7204	1.0000	0.0000	0.3436
50ll04	2	12	1	1	2.0000	1.0000	-1.0000	0.5646	NaN	NaN	NaN	5380.6374	5380.9647	0.0000	1.0000	0.1715
50ll04	2	13	1	1	1.0000	1.0000	1.0000	NaN	9.4378	7.4702	15.0715	5383.0033	5383.3043	1.0000	1.0000	0.0938
50ll04	2	13	1	1	2.0000	1.0000	1.0000	0.2490	NaN	NaN	NaN	5383.9655	5384.2939	1.0000	1.0000	0.1138
50ll04	2	14	1	1	1.0000	1.0000	1.0000	NaN	18.7873	18.2898	15.7592	5386.6184	5386.9195	1.0000	1.0000	0.0891
50ll04	2	14	1	1	2.0000	1.0000	1.0000	0.1002	NaN	NaN	NaN	5387.5814	5387.9099	1.0000	1.0000	0.0006
50ll04	2	15	1	1	1.0000	1.0000	1.0000	NaN	8.0443	9.8822	14.2891	5389.8486	5390.1497	1.0000	1.0000	0.0498
50ll04	2	15	1	1	2.0000	1.0000	1.0000	0.0066	NaN	NaN	NaN	5390.7490	5391.0775	0.0000	0.0000	0.1782
50ll04	2	16	1	1	1.0000	1.0000	-1.0000	NaN	15.0781	-13.6128	16.1399	5393.4479	5393.7488	0.0000	1.0000	0.1230
50ll04	2	16	1	1	2.0000	1.0000	1.0000	0.3894	NaN	NaN	NaN	5394.4133	5394.7437	1.0000	1.0000	0.0007
50ll04	2	17	1	1	1.0000	1.0000	1.0000	NaN	7.4105	6.1645	15.8770	5397.0898	5397.3909	1.0000	1.0000	0.0791
50ll04	2	17	1	1	2.0000	1.0000	1.0000	0.0078	NaN	NaN	NaN	5398.0534	5398.3814	1.0000	1.0000	0.0007
50ll04	2	18	1	1	1.0000	1.0000	-1.0000	NaN	5.3268	-4.6726	14.7495	5400.6016	5400.9028	1.0000	0.0000	0.0733
50ll04	2	18	1	1	2.0000	1.0000	-1.0000	0.4952	NaN	NaN	NaN	5401.5252	5401.8529	0.0000	1.0000	0.1077
50ll04	2	19	1	1	1.0000	1.0000	-1.0000	NaN	0.3882	-0.6743	14.8916	5404.5291	5404.8301	1.0000	0.0000	0.1541
50ll04	2	19	1	1	2.0000	1.0000	-1.0000	0.3909	NaN	NaN	NaN	5405.5893	5405.9174	1.0000	0.0000	0.0007
50ll04	2	20	1	1	1.0000	1.0000	-1.0000	NaN	7.6948	-9.9563	13.5591	5408.4988	5408.7999	0.0000	1.0000	0.0876
50ll04	2	20	1	1	2.0000	1.0000	1.0000	0.6560	NaN	NaN	NaN	5409.4773	5409.8049	1.0000	1.0000	0.0006
50ll04	2	21	1	1	1.0000	1.0000	1.0000	NaN	14.4377	13.1445	14.0246	5412.0873	5412.3884	1.0000	1.0000	0.0831
50ll04	2	21	1	1	2.0000	1.0000	1.0000	0.3972	NaN	NaN	NaN	5413.0291	5413.3571	1.0000	1.0000	0.0007
50ll04	2	22	1	1	1.0000	1.0000	-1.0000	NaN	3.1259	-2.8791	13.9589	5415.3819	5415.6833	0.0000	1.0000	0.1795
50ll04	2	22	1	1	2.0000	1.0000	1.0000	0.6955	NaN	NaN	NaN	5416.4531	5416.7813	1.0000	1.0000	0.0007
50ll04	2	23	1	1	1.0000	1.0000	-1.0000	NaN	9.2045	-10.4869	15.6071	5418.9056	5419.2068	0.0000	1.0000	0.2231
50ll04	2	23	1	1	2.0000	1.0000	1.0000	0.3900	NaN	NaN	NaN	5420.0207	5420.3469	1.0000	1.0000	0.0611
50ll04	2	24	1	1	1.0000	1.0000	-1.0000	NaN	18.7929	-19.6403	14.6587	5422.9678	5423.2688	0.0000	1.0000	0.1703
50ll04	2	24	1	1	2.0000	1.0000	1.0000	0.2036	NaN	NaN	NaN	5424.0371	5424.3664	1.0000	1.0000	0.0006
50ll04	2	25	1	1	1.0000	1.0000	-1.0000	NaN	8.7864	-10.4148	15.6502	5426.7897	5427.0909	0.0000	1.0000	0.1089
50ll04	2	25	1	1	2.0000	1.0000	1.0000	0.7559	NaN	NaN	NaN	5427.7969	5428.1249	1.0000	1.0000	0.0007
50ll04	2	26	1	1	1.0000	1.0000	-1.0000	NaN	6.2735	-5.7870	15.7554	5430.4151	5430.7161	0.0000	1.0000	0.0673
50ll04	2	26	1	1	2.0000	1.0000	1.0000	0.2792	NaN	NaN	NaN	5431.3888	5431.7168	1.0000	1.0000	0.0007
50ll04	2	27	1	1	1.0000	1.0000	1.0000	NaN	6.2715	6.0291	15.4269	5433.9993	5434.3003	1.0000	1.0000	0.2029
50ll04	2	27	1	1	2.0000	1.0000	1.0000	0.7085	NaN	NaN	NaN	5435.0768	5435.4045	1.0000	1.0000	0.1795
50ll04	2	28	1	1	1.0000	1.0000	1.0000	NaN	10.9880	11.0590	15.3661	5437.4257	5437.7268	1.0000	1.0000	0.0488
50ll04	2	28	1	1	2.0000	1.0000	1.0000	0.5292	NaN	NaN	NaN	5438.3412	5438.6695	1.0000	1.0000	0.0006
50ll04	2	29	1	1	1.0000	1.0000	1.0000	NaN	14.3305	15.8920	13.8467	5440.4187	5440.7197	1.0000	1.0000	0.0884
50ll04	2	29	1	1	2.0000	1.0000	1.0000	0.0206	NaN	NaN	NaN	5441.3730	5441.7014	1.0000	1.0000	0.0007
50ll04	2	30	1	1	1.0000	1.0000	1.0000	NaN	2.4727	1.0799	16.0445	5443.9482	5444.2494	1.0000	1.0000	0.0539
50ll04	2	30	1	1	2.0000	1.0000	1.0000	0.6123	NaN	NaN	NaN	5444.8772	5445.2065	1.0000	1.0000	0.2311
50ll04	2	31	1	1	1.0000	1.0000	1.0000	NaN	11.2061	11.3855	14.0429	5447.3570	5447.6580	1.0000	1.0000	0.1020
50ll04	2	31	1	1	2.0000	1.0000	1.0000	0.6742	NaN	NaN	NaN	5448.3410	5448.6704	1.0000	1.0000	0.0006
50ll04	2	32	1	1	1.0000	1.0000	-1.0000	NaN	9.9809	-8.9780	14.7551	5450.7672	5451.0687	1.0000	0.0000	0.2007
50ll04	2	32	1	1	2.0000	1.0000	-1.0000	0.2262	NaN	NaN	NaN	5451.8445	5452.1733	0.0000	1.0000	0.1282
50ll04	2	33	1	1	1.0000	1.0000	-1.0000	NaN	13.9748	-13.4593	14.0975	5454.8616	5455.1626	0.0000	1.0000	0.2283
50ll04	2	33	1	1	2.0000	1.0000	1.0000	0.3509	NaN	NaN	NaN	5455.9726	5456.3018	1.0000	1.0000	0.1377
50ll04	2	34	1	1	1.0000	1.0000	-1.0000	NaN	7.9079	-5.2414	14.9112	5458.6320	5458.9330	1.0000	0.0000	0.3372
50ll04	2	34	1	1	2.0000	1.0000	-1.0000	0.3827	NaN	NaN	NaN	5459.8769	5460.2048	0.0000	1.0000	0.0248
50ll04	2	35	1	1	1.0000	1.0000	1.0000	NaN	15.9628	15.9870	13.8791	5462.1898	5462.4908	1.0000	1.0000	0.0768
50ll04	2	35	1	1	2.0000	1.0000	1.0000	0.1269	NaN	NaN	NaN	5463.1409	5463.4688	1.0000	1.0000	2.6978
50ll04	2	36	1	1	1.0000	1.0000	-1.0000	NaN	5.4251	-7.2211	15.1401	5468.4611	5468.7623	0.0000	1.0000	0.1412
50ll04	2	36	1	1	2.0000	1.0000	1.0000	0.1718	NaN	NaN	NaN	5469.5088	5469.8362	1.0000	1.0000	0.1452
50ll04	2	37	1	1	1.0000	1.0000	-1.0000	NaN	7.2787	-8.9214	16.1646	5472.4258	5472.7270	0.0000	1.0000	0.2484
50ll04	2	37	1	1	2.0000	1.0000	1.0000	0.7006	NaN	NaN	NaN	5473.5648	5473.8920	1.0000	1.0000	0.0006
50ll04	2	38	1	1	1.0000	1.0000	1.0000	NaN	0.0084	1.2962	14.5802	5476.0345	5476.3354	0.0000	0.0000	0.2299
50ll04	2	38	1	1	2.0000	1.0000	-1.0000	0.5295	NaN	NaN	NaN	5477.1647	5477.4922	1.0000	0.0000	0.0007
50ll04	2	39	1	1	1.0000	1.0000	-1.0000	NaN	1.4552	-0.5927	14.6532	5479.6231	5479.9243	0.0000	1.0000	0.3052
50ll04	2	39	1	1	2.0000	1.0000	1.0000	0.7335	NaN	NaN	NaN	5480.8125	5481.1399	1.0000	1.0000	0.0006
50ll04	2	40	1	1	1.0000	1.0000	-1.0000	NaN	8.9051	-7.7545	14.9973	5483.0798	5483.3810	1.0000	0.0000	0.2563
50ll04	2	40	1	1	2.0000	1.0000	-1.0000	0.0572	NaN	NaN	NaN	5484.2047	5484.5323	0.0000	1.0000	0.1297
50ll04	2	41	1	1	1.0000	1.0000	-1.0000	NaN	4.6314	-5.2545	14.0466	5486.9808	5487.2818	0.0000	1.0000	0.3409
50ll04	2	41	1	1	2.0000	1.0000	1.0000	0.0689	NaN	NaN	NaN	5488.2120	5488.5397	1.0000	1.0000	0.0007
50ll04	2	42	1	1	1.0000	1.0000	-1.0000	NaN	6.8234	-5.9852	15.0290	5490.8324	5491.1334	0.0000	1.0000	0.2239
50ll04	2	42	1	1	2.0000	1.0000	1.0000	0.1404	NaN	NaN	NaN	5491.9649	5492.2920	1.0000	1.0000	0.0006
50ll04	2	43	1	1	1.0000	1.0000	-1.0000	NaN	1.7938	-1.3350	14.4104	5494.5511	5494.8522	0.0000	1.0000	0.2661
50ll04	2	43	1	1	2.0000	1.0000	1.0000	0.5118	NaN	NaN	NaN	5495.7166	5496.0437	1.0000	1.0000	0.0006
50ll04	2	44	1	1	1.0000	1.0000	1.0000	NaN	5.5822	5.2590	15.1354	5498.1436	5498.4446	0.0000	0.0000	0.2348
50ll04	2	44	1	1	2.0000	1.0000	-1.0000	0.4437	NaN	NaN	NaN	5499.2923	5499.6221	1.0000	0.0000	0.0006
50ll04	2	45	1	1	1.0000	1.0000	-1.0000	NaN	3.8634	-6.8703	15.2449	5501.6518	5501.9528	0.0000	1.0000	0.2684
50ll04	2	45	1	1	2.0000	1.0000	1.0000	0.3358	NaN	NaN	NaN	5502.8288	5503.1569	1.0000	1.0000	0.2253
50ll04	2	46	1	1	1.0000	1.0000	1.0000	NaN	18.3876	18.7782	15.5174	5505.6089	5505.9099	1.0000	1.0000	0.0492
50ll04	2	46	1	1	2.0000	1.0000	1.0000	0.7779	NaN	NaN	NaN	5506.5083	5506.8362	1.0000	1.0000	0.0006
50ll04	2	47	1	1	1.0000	1.0000	1.0000	NaN	11.6257	10.4265	14.6969	5509.2362	5509.5373	1.0000	1.0000	0.0617
50ll04	2	47	1	1	2.0000	1.0000	1.0000	0.7603	NaN	NaN	NaN	5510.1641	5510.4931	1.0000	1.0000	0.0007
50ll04	2	48	1	1	1.0000	1.0000	1.0000	NaN	4.3559	4.2573	16.5939	5512.6261	5512.9271	1.0000	1.0000	0.1513
50ll04	2	48	1	1	2.0000	1.0000	1.0000	0.3044	NaN	NaN	NaN	5513.6206	5513.9491	1.0000	1.0000	0.2335
50ll04	2	49	1	1	1.0000	1.0000	-1.0000	NaN	14.0891	-14.4777	15.7420	5516.4345	5516.7356	0.0000	1.0000	0.1657
50ll04	2	49	1	1	2.0000	1.0000	1.0000	0.2451	NaN	NaN	NaN	5517.5083	5517.8360	1.0000	1.0000	0.0006
50ll04	2	50	1	1	1.0000	1.0000	-1.0000	NaN	5.5194	-5.2277	15.4120	5520.2850	5520.5862	0.0000	1.0000	0.2920
50ll04	2	50	1	1	2.0000	1.0000	1.0000	0.4882	NaN	NaN	NaN	5521.4845	5521.8114	1.0000	1.0000	0.0006
50ll04	3	1	1	1	1.0000	1.0000	-1.0000	NaN	12.2774	-10.1500	15.2236	5525.3211	5525.6223	0.0000	1.0000	0.3588
50ll04	3	1	1	1	2.0000	1.0000	1.0000	0.7662	NaN	NaN	NaN	5526.5890	5526.9163	1.0000	1.0000	0.0007
50ll04	3	2	1	1	1.0000	1.0000	1.0000	NaN	15.9415	17.1206	15.4761	5529.1805	5529.4815	1.0000	1.0000	0.0515
50ll04	3	2	1	1	2.0000	1.0000	1.0000	0.3450	NaN	NaN	NaN	5530.0764	5530.4045	1.0000	1.0000	0.0007
50ll04	3	3	1	1	1.0000	1.0000	1.0000	NaN	18.3064	18.3740	14.9148	5532.7361	5533.0372	1.0000	1.0000	0.0494
50ll04	3	3	1	1	2.0000	1.0000	1.0000	0.3734	NaN	NaN	NaN	5533.6040	5533.9329	1.0000	1.0000	0.0007
50ll04	3	4	1	1	1.0000	1.0000	-1.0000	NaN	17.7946	-17.7069	15.7786	5536.1642	5536.4651	1.0000	0.0000	0.1180
50ll04	3	4	1	1	2.0000	1.0000	-1.0000	0.6281	NaN	NaN	NaN	5537.0919	5537.4201	0.0000	1.0000	0.0006
50ll04	3	5	1	1	1.0000	1.0000	-1.0000	NaN	13.9566	-12.9279	14.4290	5540.0470	5540.3480	0.0000	1.0000	0.1701
50ll04	3	5	1	1	2.0000	1.0000	1.0000	0.7786	NaN	NaN	NaN	5541.1159	5541.4433	1.0000	1.0000	0.0598
50ll04	3	6	1	1	1.0000	1.0000	1.0000	NaN	2.9383	4.4332	15.2996	5543.8210	5544.1220	1.0000	1.0000	0.1310
50ll04	3	6	1	1	2.0000	1.0000	1.0000	0.3169	NaN	NaN	NaN	5544.7801	5545.1098	1.0000	1.0000	0.0006
50ll04	3	7	1	1	1.0000	1.0000	-1.0000	NaN	18.4507	-16.9618	14.6476	5547.3038	5547.6047	0.0000	1.0000	0.1617
50ll04	3	7	1	1	2.0000	1.0000	1.0000	0.5437	NaN	NaN	NaN	5548.3641	5548.6946	1.0000	1.0000	0.0006
50ll04	3	8	1	1	1.0000	1.0000	1.0000	NaN	6.6117	6.7600	14.7866	5550.5835	5550.8846	1.0000	1.0000	0.2181
50ll04	3	8	1	1	2.0000	1.0000	1.0000	0.4702	NaN	NaN	NaN	5551.6763	5552.0040	1.0000	1.0000	0.0007
50ll04	3	9	1	1	1.0000	1.0000	1.0000	NaN	11.7795	9.9490	13.4801	5554.3274	5554.6283	1.0000	1.0000	0.0325
50ll04	3	9	1	1	2.0000	1.0000	1.0000	0.0079	NaN	NaN	NaN	5555.2282	5555.5570	1.0000	1.0000	0.0007
50ll04	3	10	1	1	1.0000	1.0000	1.0000	NaN	0.6076	0.4654	15.7641	5557.6405	5557.9414	1.0000	1.0000	0.1524
50ll04	3	10	1	1	2.0000	1.0000	1.0000	0.3712	NaN	NaN	NaN	5558.6437	5558.9702	1.0000	1.0000	0.0007
50ll04	3	11	1	1	1.0000	1.0000	1.0000	NaN	0.6442	1.3652	13.6838	5560.8379	5561.1389	1.0000	1.0000	0.0200
50ll04	3	11	1	1	2.0000	1.0000	1.0000	0.7268	NaN	NaN	NaN	5561.7240	5562.0518	1.0000	1.0000	0.0810
50ll04	3	12	1	1	1.0000	1.0000	-1.0000	NaN	12.4022	-11.0292	14.9297	5564.0440	5564.3451	0.0000	1.0000	0.1737
50ll04	3	12	1	1	2.0000	1.0000	1.0000	0.0482	NaN	NaN	NaN	5565.1079	5565.4358	1.0000	1.0000	0.0006
50ll04	3	13	1	1	1.0000	1.0000	-1.0000	NaN	16.7182	-16.6564	14.3470	5567.7681	5568.0693	0.0000	1.0000	0.0975
50ll04	3	13	1	1	2.0000	1.0000	1.0000	0.4299	NaN	NaN	NaN	5568.6919	5569.0195	1.0000	1.0000	0.0006
50ll04	3	14	1	1	1.0000	1.0000	-1.0000	NaN	11.5779	-10.5220	15.3191	5571.3926	5571.6937	0.0000	1.0000	0.0807
50ll04	3	14	1	1	2.0000	1.0000	1.0000	0.2866	NaN	NaN	NaN	5572.3321	5572.6586	1.0000	1.0000	0.0007
50ll04	3	15	1	1	1.0000	1.0000	1.0000	NaN	3.0287	3.2544	16.0159	5575.0097	5575.3107	1.0000	1.0000	0.1021
50ll04	3	15	1	1	2.0000	1.0000	1.0000	0.1711	NaN	NaN	NaN	5575.9637	5576.2909	1.0000	1.0000	0.0006
50ll04	3	16	1	1	1.0000	1.0000	-1.0000	NaN	17.5553	-17.3144	15.1923	5578.5428	5578.8438	0.0000	1.0000	0.1288
50ll04	3	16	1	1	2.0000	1.0000	1.0000	0.6025	NaN	NaN	NaN	5579.5398	5579.8679	1.0000	1.0000	0.0007
50ll04	3	17	1	1	1.0000	1.0000	1.0000	NaN	15.1019	13.6490	14.4643	5582.1929	5582.4940	1.0000	1.0000	0.0084
50ll04	3	17	1	1	2.0000	1.0000	1.0000	0.2547	NaN	NaN	NaN	5583.0355	5583.3646	1.0000	1.0000	0.0007
50ll04	3	18	1	1	1.0000	1.0000	-1.0000	NaN	13.2098	-13.2387	15.5041	5585.8361	5586.1371	1.0000	0.0000	0.0944
50ll04	3	18	1	1	2.0000	1.0000	-1.0000	0.2711	NaN	NaN	NaN	5586.7562	5587.0839	0.0000	1.0000	0.0007
50ll04	3	19	1	1	1.0000	1.0000	1.0000	NaN	5.6056	3.0970	16.9432	5589.1632	5589.4643	0.0000	0.0000	0.2204
50ll04	3	19	1	1	2.0000	1.0000	-1.0000	0.0029	NaN	NaN	NaN	5590.2439	5590.5707	1.0000	0.0000	0.3153
50ll04	3	20	1	1	1.0000	1.0000	1.0000	NaN	11.4639	12.0633	15.2213	5593.2559	5593.5570	1.0000	1.0000	0.1035
50ll04	3	20	1	1	2.0000	1.0000	1.0000	0.7117	NaN	NaN	NaN	5594.2119	5594.5395	1.0000	1.0000	0.0007
50ll04	3	21	1	1	1.0000	1.0000	1.0000	NaN	18.6079	16.8397	14.6236	5596.7461	5597.0470	1.0000	1.0000	0.0536
50ll04	3	21	1	1	2.0000	1.0000	1.0000	0.1083	NaN	NaN	NaN	5597.6594	5597.9887	1.0000	1.0000	0.0007
50ll04	3	22	1	1	1.0000	1.0000	1.0000	NaN	6.7362	5.3611	15.3147	5599.9196	5600.2208	1.0000	1.0000	0.1849
50ll04	3	22	1	1	2.0000	1.0000	1.0000	0.7484	NaN	NaN	NaN	5600.9399	5601.2682	1.0000	1.0000	0.1361
50ll04	3	23	1	1	1.0000	1.0000	-1.0000	NaN	2.4810	-4.1288	13.9069	5603.5165	5603.8177	1.0000	0.0000	0.1252
50ll04	3	23	1	1	2.0000	1.0000	-1.0000	0.6297	NaN	NaN	NaN	5604.4518	5604.7792	0.0000	1.0000	0.2668
50ll04	3	24	1	1	1.0000	1.0000	-1.0000	NaN	12.7310	-14.1710	15.5790	5607.2886	5607.5899	0.0000	1.0000	0.1906
50ll04	3	24	1	1	2.0000	1.0000	1.0000	0.5480	NaN	NaN	NaN	5608.3313	5608.6603	1.0000	1.0000	0.0822
50ll04	3	25	1	1	1.0000	1.0000	-1.0000	NaN	8.6959	-7.7130	15.2928	5610.9698	5611.2708	1.0000	0.0000	0.1980
50ll04	3	25	1	1	2.0000	1.0000	-1.0000	0.3505	NaN	NaN	NaN	5612.0118	5612.3404	0.0000	1.0000	0.1841
50ll04	3	26	1	1	1.0000	1.0000	-1.0000	NaN	1.9618	-2.0887	16.4147	5614.8601	5615.1613	1.0000	0.0000	0.0852
50ll04	3	26	1	1	2.0000	1.0000	-1.0000	0.0821	NaN	NaN	NaN	5615.7878	5616.1158	1.0000	0.0000	0.4170
50ll04	3	27	1	1	1.0000	1.0000	-1.0000	NaN	12.6099	-12.1506	15.7356	5618.8747	5619.1758	0.0000	1.0000	0.2126
50ll04	3	27	1	1	2.0000	1.0000	1.0000	0.7813	NaN	NaN	NaN	5619.9788	5620.3059	1.0000	1.0000	0.0006
50ll04	3	28	1	1	1.0000	1.0000	-1.0000	NaN	5.4580	-5.2750	15.6210	5622.7238	5623.0249	0.0000	1.0000	0.2455
50ll04	3	28	1	1	2.0000	1.0000	1.0000	0.4350	NaN	NaN	NaN	5623.8596	5624.1895	1.0000	1.0000	0.0007
50ll04	3	29	1	1	1.0000	1.0000	-1.0000	NaN	12.6549	-13.2754	15.0782	5626.1418	5626.4429	0.0000	1.0000	0.4347
50ll04	3	29	1	1	2.0000	1.0000	1.0000	0.0692	NaN	NaN	NaN	5627.4355	5627.7639	1.0000	1.0000	0.0007
50ll04	3	30	1	1	1.0000	1.0000	1.0000	NaN	17.1212	15.4232	14.5066	5630.0204	5630.3213	1.0000	1.0000	0.1159
50ll04	3	30	1	1	2.0000	1.0000	1.0000	0.6085	NaN	NaN	NaN	5630.9956	5631.3235	1.0000	1.0000	0.0006
50ll04	3	31	1	1	1.0000	1.0000	-1.0000	NaN	18.5140	-18.9680	14.0445	5633.8197	5634.1207	0.0000	1.0000	0.1653
50ll04	3	31	1	1	2.0000	1.0000	1.0000	0.0088	NaN	NaN	NaN	5634.8592	5635.1868	1.0000	1.0000	0.0007
50ll04	3	32	1	1	1.0000	1.0000	1.0000	NaN	7.5758	8.1791	14.6634	5637.5442	5637.8452	1.0000	1.0000	0.0572
50ll04	3	32	1	1	2.0000	1.0000	1.0000	0.6172	NaN	NaN	NaN	5638.4513	5638.7779	1.0000	1.0000	0.0006
50ll04	3	33	1	1	1.0000	1.0000	1.0000	NaN	0.5002	1.0071	15.1029	5640.9362	5641.2372	1.0000	1.0000	0.0167
50ll04	3	33	1	1	2.0000	1.0000	1.0000	0.4314	NaN	NaN	NaN	5641.7962	5642.1245	1.0000	1.0000	0.0006
50ll04	3	34	1	1	1.0000	1.0000	1.0000	NaN	14.4658	15.5421	15.5507	5644.4568	5644.7578	1.0000	1.0000	0.1123
50ll04	3	34	1	1	2.0000	1.0000	1.0000	0.0802	NaN	NaN	NaN	5645.4355	5645.7633	1.0000	1.0000	2.1769
50ll04	3	35	1	1	1.0000	1.0000	-1.0000	NaN	8.4246	-8.0641	16.0297	5650.0211	5650.3222	1.0000	0.0000	0.2980
50ll04	3	35	1	1	2.0000	1.0000	-1.0000	0.0398	NaN	NaN	NaN	5651.1631	5651.4921	1.0000	0.0000	0.0008
50ll04	3	36	1	1	1.0000	1.0000	1.0000	NaN	0.6080	3.2270	14.8461	5653.5225	5653.8240	1.0000	1.0000	0.0082
50ll04	3	36	1	1	2.0000	1.0000	1.0000	0.7713	NaN	NaN	NaN	5654.3549	5654.6832	1.0000	1.0000	1.6669
50ll04	3	37	1	1	1.0000	1.0000	1.0000	NaN	10.6704	11.9514	14.5477	5658.9612	5659.2625	1.0000	1.0000	0.0870
50ll04	3	37	1	1	2.0000	1.0000	1.0000	0.3368	NaN	NaN	NaN	5659.8826	5660.2111	1.0000	1.0000	1.3065
50ll04	3	38	1	1	1.0000	1.0000	1.0000	NaN	6.1343	7.7907	15.1548	5663.7363	5664.0372	1.0000	1.0000	0.1532
50ll04	3	38	1	1	2.0000	1.0000	1.0000	0.7856	NaN	NaN	NaN	5664.7076	5665.0354	1.0000	1.0000	0.0429
50ll04	3	39	1	1	1.0000	1.0000	-1.0000	NaN	12.4243	-10.3947	15.3425	5667.2298	5667.5309	0.0000	1.0000	0.1549
50ll04	3	39	1	1	2.0000	1.0000	1.0000	0.3498	NaN	NaN	NaN	5668.2750	5668.6032	1.0000	1.0000	0.0006
50ll04	3	40	1	1	1.0000	1.0000	-1.0000	NaN	18.2738	-16.2867	14.8803	5670.6773	5670.9783	0.0000	1.0000	0.1457
50ll04	3	40	1	1	2.0000	1.0000	1.0000	0.2297	NaN	NaN	NaN	5671.6994	5672.0272	1.0000	1.0000	0.1288
50ll04	3	41	1	1	1.0000	1.0000	-1.0000	NaN	4.3708	-1.9635	14.1071	5674.4924	5674.7934	1.0000	0.0000	0.4759
50ll04	3	41	1	1	2.0000	1.0000	-1.0000	0.6432	NaN	NaN	NaN	5675.8272	5676.1549	0.0000	1.0000	0.3140
50ll04	3	42	1	1	1.0000	1.0000	1.0000	NaN	15.7273	16.9133	15.8386	5679.1928	5679.4938	1.0000	1.0000	0.1102
50ll04	3	42	1	1	2.0000	1.0000	1.0000	0.0590	NaN	NaN	NaN	5680.2031	5680.5296	1.0000	1.0000	0.0006
50ll04	3	43	1	1	1.0000	1.0000	1.0000	NaN	9.3338	9.2451	14.4469	5682.4447	5682.7458	1.0000	1.0000	0.0673
50ll04	3	43	1	1	2.0000	1.0000	1.0000	0.4796	NaN	NaN	NaN	5683.3154	5683.6435	1.0000	1.0000	0.0007
50ll04	3	44	1	1	1.0000	1.0000	1.0000	NaN	11.0307	11.9697	16.0841	5685.7383	5686.0397	1.0000	1.0000	0.0698
50ll04	3	44	1	1	2.0000	1.0000	1.0000	0.1401	NaN	NaN	NaN	5686.6676	5686.9969	1.0000	1.0000	0.0006
50ll04	3	45	1	1	1.0000	1.0000	1.0000	NaN	9.6238	7.5884	15.1052	5688.8084	5689.1095	1.0000	1.0000	0.0793
50ll04	3	45	1	1	2.0000	1.0000	1.0000	0.8026	NaN	NaN	NaN	5689.7309	5690.0585	1.0000	1.0000	0.0007
50ll04	3	46	1	1	1.0000	1.0000	-1.0000	NaN	4.8739	-5.5208	16.8065	5692.3020	5692.6030	1.0000	0.0000	0.0088
50ll04	3	46	1	1	2.0000	1.0000	-1.0000	0.7480	NaN	NaN	NaN	5693.1311	5693.4584	0.0000	1.0000	0.1155
50ll04	3	47	1	1	1.0000	1.0000	1.0000	NaN	1.4060	2.3280	15.1873	5695.5980	5695.8990	1.0000	1.0000	0.0908
50ll04	3	47	1	1	2.0000	1.0000	1.0000	0.7551	NaN	NaN	NaN	5696.5232	5696.8516	1.0000	1.0000	0.0006
50ll04	3	48	1	1	1.0000	1.0000	1.0000	NaN	17.0082	17.4722	15.3920	5699.0561	5699.3575	1.0000	1.0000	0.1748
50ll04	3	48	1	1	2.0000	1.0000	1.0000	0.7820	NaN	NaN	NaN	5700.0592	5700.3864	1.0000	1.0000	0.0007
50ll04	3	49	1	1	1.0000	1.0000	-1.0000	NaN	11.2623	-10.5851	14.9071	5702.9444	5703.2454	0.0000	1.0000	0.1744
50ll04	3	49	1	1	2.0000	1.0000	1.0000	0.5587	NaN	NaN	NaN	5703.9712	5704.2977	1.0000	1.0000	0.2445
50ll04	3	50	1	1	1.0000	1.0000	1.0000	NaN	13.1067	12.9418	14.2328	5706.7268	5707.0278	1.0000	1.0000	0.0720
50ll04	3	50	1	1	2.0000	1.0000	1.0000	0.5857	NaN	NaN	NaN	5707.6431	5707.9709	1.0000	1.0000	0.0673
50ll04	4	1	1	1	1.0000	1.0000	-1.0000	NaN	12.6665	-11.9229	16.1253	5711.0497	5711.3510	1.0000	0.0000	0.0086
50ll04	4	1	1	1	2.0000	1.0000	-1.0000	0.0259	NaN	NaN	NaN	5711.8908	5712.2193	0.0000	1.0000	0.2724
50ll04	4	2	1	1	1.0000	1.0000	-1.0000	NaN	4.6284	-4.6472	16.5514	5714.7427	5715.0438	1.0000	0.0000	0.2018
50ll04	4	2	1	1	2.0000	1.0000	-1.0000	0.3621	NaN	NaN	NaN	5715.8189	5716.1464	1.0000	0.0000	0.2907
50ll04	4	3	1	1	1.0000	1.0000	-1.0000	NaN	17.5001	-16.6691	15.5846	5718.8233	5719.1244	0.0000	1.0000	0.1694
50ll04	4	3	1	1	2.0000	1.0000	1.0000	0.7430	NaN	NaN	NaN	5719.8513	5720.1792	1.0000	1.0000	0.0645
50ll04	4	4	1	1	1.0000	1.0000	-1.0000	NaN	8.0258	-6.8257	16.5914	5722.4485	5722.7495	1.0000	0.0000	0.1349
50ll04	4	4	1	1	2.0000	1.0000	-1.0000	0.4690	NaN	NaN	NaN	5723.4025	5723.7303	0.0000	1.0000	0.1784
50ll04	4	5	1	1	1.0000	1.0000	1.0000	NaN	6.8699	7.0028	15.0805	5726.1361	5726.4371	1.0000	1.0000	0.1683
50ll04	4	5	1	1	2.0000	1.0000	1.0000	0.5601	NaN	NaN	NaN	5727.1550	5727.4821	1.0000	1.0000	0.0007
50ll04	4	6	1	1	1.0000	1.0000	-1.0000	NaN	10.7624	-12.8285	15.0606	5729.4481	5729.7491	1.0000	0.0000	0.1527
50ll04	4	6	1	1	2.0000	1.0000	-1.0000	0.1768	NaN	NaN	NaN	5730.4108	5730.7384	0.0000	1.0000	0.0595
50ll04	4	7	1	1	1.0000	1.0000	-1.0000	NaN	5.6301	-4.9854	15.2510	5733.0881	5733.3891	0.0000	1.0000	0.3124
50ll04	4	7	1	1	2.0000	1.0000	1.0000	0.1961	NaN	NaN	NaN	5734.3230	5734.6513	1.0000	1.0000	0.2502
50ll04	4	8	1	1	1.0000	1.0000	1.0000	NaN	7.2213	7.2080	13.6859	5736.9101	5737.2113	1.0000	1.0000	0.0722
50ll04	4	8	1	1	2.0000	1.0000	1.0000	0.6765	NaN	NaN	NaN	5737.8589	5738.1876	1.0000	1.0000	2.2334
50ll04	4	9	1	1	1.0000	1.0000	1.0000	NaN	10.6129	10.7626	13.0912	5742.7071	5743.0082	1.0000	1.0000	0.0929
50ll04	4	9	1	1	2.0000	1.0000	1.0000	0.4283	NaN	NaN	NaN	5743.6427	5743.9703	1.0000	1.0000	0.0834
50ll04	4	10	1	1	1.0000	1.0000	1.0000	NaN	17.5422	17.8868	13.8202	5746.5216	5746.8231	1.0000	1.0000	0.0779
50ll04	4	10	1	1	2.0000	1.0000	1.0000	0.3303	NaN	NaN	NaN	5747.4667	5747.7953	1.0000	1.0000	0.0007
50ll04	4	11	1	1	1.0000	1.0000	-1.0000	NaN	17.8401	-19.1799	14.2943	5749.8524	5750.1534	0.0000	1.0000	0.2672
50ll04	4	11	1	1	2.0000	1.0000	1.0000	0.2335	NaN	NaN	NaN	5751.0273	5751.3538	1.0000	1.0000	0.1306
50ll04	4	12	1	1	1.0000	1.0000	1.0000	NaN	12.1196	13.5808	15.4060	5753.9206	5754.2216	1.0000	1.0000	0.0639
50ll04	4	12	1	1	2.0000	1.0000	1.0000	0.2947	NaN	NaN	NaN	5754.8025	5755.1295	1.0000	1.0000	0.0007
50ll04	4	13	1	1	1.0000	1.0000	1.0000	NaN	12.7795	11.3535	15.7338	5757.3137	5757.6147	1.0000	1.0000	0.0084
50ll04	4	13	1	1	2.0000	1.0000	1.0000	0.2614	NaN	NaN	NaN	5758.0744	5758.4019	1.0000	1.0000	0.0006
50ll04	4	14	1	1	1.0000	1.0000	-1.0000	NaN	14.4039	-13.6151	16.1489	5760.4033	5760.7044	0.0000	1.0000	0.1470
50ll04	4	14	1	1	2.0000	1.0000	1.0000	0.4777	NaN	NaN	NaN	5761.3943	5761.7224	1.0000	1.0000	0.1951
50ll04	4	15	1	1	1.0000	1.0000	1.0000	NaN	14.4221	16.7844	14.9487	5764.1776	5764.4786	1.0000	1.0000	0.0083
50ll04	4	15	1	1	2.0000	1.0000	1.0000	0.4025	NaN	NaN	NaN	5765.0105	5765.3377	1.0000	1.0000	0.0007
50ll04	4	16	1	1	1.0000	1.0000	1.0000	NaN	16.5994	17.2615	16.1421	5767.6060	5767.9071	1.0000	1.0000	0.0089
50ll04	4	16	1	1	2.0000	1.0000	1.0000	0.2388	NaN	NaN	NaN	5768.4425	5768.7696	1.0000	1.0000	0.0034
50ll04	4	17	1	1	1.0000	1.0000	1.0000	NaN	10.9148	10.4893	14.6967	5771.2415	5771.5425	1.0000	1.0000	0.0707
50ll04	4	17	1	1	2.0000	1.0000	1.0000	0.2031	NaN	NaN	NaN	5772.1302	5772.4597	1.0000	1.0000	0.0010
50ll04	4	18	1	1	1.0000	1.0000	1.0000	NaN	5.5642	6.2377	14.3942	5774.4727	5774.7739	1.0000	1.0000	0.0534
50ll04	4	18	1	1	2.0000	1.0000	1.0000	0.6985	NaN	NaN	NaN	5775.3708	5775.6995	1.0000	1.0000	0.1213
50ll04	4	19	1	1	1.0000	1.0000	1.0000	NaN	5.5054	6.5802	15.4580	5778.2989	5778.5999	1.0000	1.0000	0.0125
50ll04	4	19	1	1	2.0000	1.0000	1.0000	0.4129	NaN	NaN	NaN	5779.1468	5779.4742	1.0000	1.0000	0.0007
50ll04	4	20	1	1	1.0000	1.0000	-1.0000	NaN	2.1075	-3.3955	16.3745	5781.7916	5782.0926	1.0000	0.0000	0.0723
50ll04	4	20	1	1	2.0000	1.0000	-1.0000	0.2008	NaN	NaN	NaN	5782.7142	5783.0414	1.0000	0.0000	0.0337
50ll04	4	21	1	1	1.0000	1.0000	-1.0000	NaN	10.2331	-8.9441	13.3346	5785.6315	5785.9325	0.0000	1.0000	0.1442
50ll04	4	21	1	1	2.0000	1.0000	1.0000	0.2072	NaN	NaN	NaN	5786.6428	5786.9710	1.0000	1.0000	0.0340
50ll04	4	22	1	1	1.0000	1.0000	-1.0000	NaN	2.8394	-0.0374	13.4303	5789.2986	5789.5996	1.0000	0.0000	0.0676
50ll04	4	22	1	1	2.0000	1.0000	-1.0000	0.2000	NaN	NaN	NaN	5790.2183	5790.5455	1.0000	0.0000	0.0737
50ll04	4	23	1	1	1.0000	1.0000	1.0000	NaN	13.0224	11.2963	14.3469	5792.8679	5793.1690	1.0000	1.0000	0.1645
50ll04	4	23	1	1	2.0000	1.0000	1.0000	0.7676	NaN	NaN	NaN	5793.8821	5794.2109	1.0000	1.0000	0.0582
50ll04	4	24	1	1	1.0000	1.0000	-1.0000	NaN	0.2990	-1.9363	15.6201	5796.2155	5796.5169	1.0000	0.0000	0.4476
50ll04	4	24	1	1	2.0000	1.0000	-1.0000	0.6981	NaN	NaN	NaN	5797.5063	5797.8331	0.0000	1.0000	0.2276
50ll04	4	25	1	1	1.0000	1.0000	1.0000	NaN	0.9834	0.9654	13.0523	5800.4288	5800.7298	1.0000	1.0000	0.0573
50ll04	4	25	1	1	2.0000	1.0000	1.0000	0.3915	NaN	NaN	NaN	5801.3222	5801.6520	1.0000	1.0000	0.1204
50ll04	4	26	1	1	1.0000	1.0000	-1.0000	NaN	6.5628	-8.2453	14.8772	5804.1177	5804.4188	0.0000	1.0000	0.3700
50ll04	4	26	1	1	2.0000	1.0000	1.0000	0.7729	NaN	NaN	NaN	5805.3702	5805.7000	1.0000	1.0000	0.0007
50ll04	4	27	1	1	1.0000	1.0000	-1.0000	NaN	13.2392	-12.9884	13.5110	5807.7398	5808.0409	0.0000	1.0000	0.2754
50ll04	4	27	1	1	2.0000	1.0000	1.0000	0.5031	NaN	NaN	NaN	5808.8905	5809.2176	1.0000	1.0000	0.0006
50ll04	4	28	1	1	1.0000	1.0000	1.0000	NaN	1.6568	2.0192	16.2527	5811.5261	5811.8273	1.0000	1.0000	0.2476
50ll04	4	28	1	1	2.0000	1.0000	1.0000	0.5889	NaN	NaN	NaN	5812.6179	5812.9452	1.0000	1.0000	0.0522
50ll04	4	29	1	1	1.0000	1.0000	1.0000	NaN	12.9290	13.3513	12.7736	5814.8078	5815.1089	1.0000	1.0000	0.0880
50ll04	4	29	1	1	2.0000	1.0000	1.0000	0.2430	NaN	NaN	NaN	5815.7219	5816.0512	1.0000	1.0000	0.0007
50ll04	4	30	1	1	1.0000	1.0000	-1.0000	NaN	17.4910	-17.9211	16.0125	5818.5995	5818.9005	0.0000	1.0000	0.1769
50ll04	4	30	1	1	2.0000	1.0000	1.0000	0.0863	NaN	NaN	NaN	5819.6423	5819.9702	1.0000	1.0000	0.0007
50ll04	4	31	1	1	1.0000	1.0000	-1.0000	NaN	6.0191	-5.4403	14.2902	5822.2432	5822.5442	1.0000	0.0000	0.2762
50ll04	4	31	1	1	2.0000	1.0000	-1.0000	0.6602	NaN	NaN	NaN	5823.3703	5823.6975	1.0000	0.0000	0.0510
50ll04	4	32	1	1	1.0000	1.0000	-1.0000	NaN	7.6089	-6.0526	14.7724	5826.4350	5826.7360	1.0000	0.0000	0.2031
50ll04	4	32	1	1	2.0000	1.0000	-1.0000	0.2186	NaN	NaN	NaN	5827.4819	5827.8100	1.0000	0.0000	0.0007
50ll04	4	33	1	1	1.0000	1.0000	-1.0000	NaN	8.8260	-9.2976	14.6852	5830.3751	5830.6762	0.0000	1.0000	0.2227
50ll04	4	33	1	1	2.0000	1.0000	1.0000	0.1722	NaN	NaN	NaN	5831.4826	5831.8099	1.0000	1.0000	0.3784
50ll04	4	34	1	1	1.0000	1.0000	-1.0000	NaN	17.7313	-18.1792	13.7487	5834.5387	5834.8398	0.0000	1.0000	0.3389
50ll04	4	34	1	1	2.0000	1.0000	1.0000	0.4323	NaN	NaN	NaN	5835.7700	5836.0964	1.0000	1.0000	0.0922
50ll04	4	35	1	1	1.0000	1.0000	-1.0000	NaN	13.1327	-13.8924	14.9711	5838.5075	5838.8084	0.0000	1.0000	0.4841
50ll04	4	35	1	1	2.0000	1.0000	1.0000	0.2141	NaN	NaN	NaN	5839.8824	5840.2078	1.0000	1.0000	0.0006
50ll04	4	36	1	1	1.0000	1.0000	1.0000	NaN	2.4737	0.9012	16.3288	5842.2322	5842.5332	1.0000	1.0000	0.1096
50ll04	4	36	1	1	2.0000	1.0000	1.0000	0.5800	NaN	NaN	NaN	5843.1543	5843.4813	1.0000	1.0000	0.0006
50ll04	4	37	1	1	1.0000	1.0000	-1.0000	NaN	2.0511	-3.4099	14.8425	5845.2006	5845.5016	1.0000	0.0000	0.2131
50ll04	4	37	1	1	2.0000	1.0000	-1.0000	0.7828	NaN	NaN	NaN	5846.2422	5846.5691	1.0000	0.0000	0.0007
50ll04	4	38	1	1	1.0000	1.0000	-1.0000	NaN	15.0183	-14.9519	15.3311	5848.9163	5849.2174	0.0000	1.0000	0.2276
50ll04	4	38	1	1	2.0000	1.0000	1.0000	0.2817	NaN	NaN	NaN	5850.0099	5850.3387	1.0000	1.0000	1.8821
50ll04	4	39	1	1	1.0000	1.0000	1.0000	NaN	7.9243	8.0736	16.2796	5854.4880	5854.7893	1.0000	1.0000	0.2311
50ll04	4	39	1	1	2.0000	1.0000	1.0000	0.1219	NaN	NaN	NaN	5855.5217	5855.8528	0.0000	0.0000	0.2477
50ll04	4	40	1	1	1.0000	1.0000	-1.0000	NaN	16.9292	-18.1615	14.9562	5858.2232	5858.5242	0.0000	1.0000	0.2154
50ll04	4	40	1	1	2.0000	1.0000	1.0000	0.6183	NaN	NaN	NaN	5859.2896	5859.6174	1.0000	1.0000	0.0510
50ll04	4	41	1	1	1.0000	1.0000	-1.0000	NaN	11.0586	-13.2911	14.7765	5861.7544	5862.0554	0.0000	1.0000	0.2272
50ll04	4	41	1	1	2.0000	1.0000	1.0000	0.6801	NaN	NaN	NaN	5862.8257	5863.1538	1.0000	1.0000	0.0006
50ll04	4	42	1	1	1.0000	1.0000	-1.0000	NaN	3.0372	-3.5515	15.2023	5865.0339	5865.3349	1.0000	0.0000	0.3259
50ll04	4	42	1	1	2.0000	1.0000	-1.0000	0.7880	NaN	NaN	NaN	5866.1940	5866.5226	0.0000	1.0000	0.1759
50ll04	4	43	1	1	1.0000	1.0000	1.0000	NaN	15.9034	16.5293	15.8103	5869.2610	5869.5627	1.0000	1.0000	0.0341
50ll04	4	43	1	1	2.0000	1.0000	1.0000	0.1750	NaN	NaN	NaN	5870.1298	5870.4580	1.0000	1.0000	0.0007
50ll04	4	44	1	1	1.0000	1.0000	1.0000	NaN	15.5778	15.7832	13.9274	5872.7338	5873.0349	1.0000	1.0000	0.0969
50ll04	4	44	1	1	2.0000	1.0000	1.0000	0.2651	NaN	NaN	NaN	5873.6816	5874.0089	1.0000	1.0000	0.0006
50ll04	4	45	1	1	1.0000	1.0000	1.0000	NaN	14.2344	14.5776	16.0068	5876.3686	5876.6696	1.0000	1.0000	0.0690
50ll04	4	45	1	1	2.0000	1.0000	1.0000	0.5046	NaN	NaN	NaN	5877.2652	5877.5925	1.0000	1.0000	0.0006
50ll04	4	46	1	1	1.0000	1.0000	-1.0000	NaN	18.4438	-16.3379	14.5505	5879.9255	5880.2267	0.0000	1.0000	0.1119
50ll04	4	46	1	1	2.0000	1.0000	1.0000	0.6677	NaN	NaN	NaN	5880.8901	5881.2203	1.0000	1.0000	0.0006
50ll04	4	47	1	1	1.0000	1.0000	-1.0000	NaN	13.1274	-10.8465	14.7992	5883.6388	5883.9398	0.0000	1.0000	0.1691
50ll04	4	47	1	1	2.0000	1.0000	1.0000	0.3078	NaN	NaN	NaN	5884.6335	5884.9600	1.0000	1.0000	0.0364
50ll04	4	48	1	1	1.0000	1.0000	-1.0000	NaN	5.6626	-5.0735	15.1523	5887.3979	5887.6991	1.0000	0.0000	0.0974
50ll04	4	48	1	1	2.0000	1.0000	-1.0000	0.6638	NaN	NaN	NaN	5888.3541	5888.6828	1.0000	0.0000	0.0007
50ll04	4	49	1	1	1.0000	1.0000	1.0000	NaN	11.6602	12.3254	14.8502	5890.6888	5890.9899	1.0000	1.0000	0.1106
50ll04	4	49	1	1	2.0000	1.0000	1.0000	0.0519	NaN	NaN	NaN	5891.6420	5891.9688	1.0000	1.0000	0.0006
50ll04	4	50	1	1	1.0000	1.0000	-1.0000	NaN	13.3655	-14.6371	15.9719	5893.8373	5894.1383	1.0000	0.0000	0.2894
50ll04	4	50	1	1	2.0000	1.0000	-1.0000	0.3260	NaN	NaN	NaN	5894.9534	5895.2812	0.0000	1.0000	0.1557
50ll04	5	1	1	1	1.0000	1.0000	1.0000	NaN	14.0902	15.4149	15.0346	5898.6303	5898.9315	1.0000	1.0000	0.1055
50ll04	5	1	1	1	2.0000	1.0000	1.0000	0.6203	NaN	NaN	NaN	5899.5618	5899.8905	1.0000	1.0000	0.1213
50ll04	5	2	1	1	1.0000	1.0000	1.0000	NaN	8.2421	9.3952	14.7096	5902.4063	5902.7073	1.0000	1.0000	0.0550
50ll04	5	2	1	1	2.0000	1.0000	1.0000	0.0671	NaN	NaN	NaN	5903.2652	5903.5949	1.0000	1.0000	0.0008
50ll04	5	3	1	1	1.0000	1.0000	1.0000	NaN	5.9697	4.9843	14.7170	5905.9585	5906.2595	1.0000	1.0000	0.0788
50ll04	5	3	1	1	2.0000	1.0000	1.0000	0.4044	NaN	NaN	NaN	5906.8894	5907.2154	1.0000	1.0000	0.0006
50ll04	5	4	1	1	1.0000	1.0000	-1.0000	NaN	5.0041	-4.9894	15.0648	5909.0739	5909.3751	0.0000	1.0000	0.1566
50ll04	5	4	1	1	2.0000	1.0000	1.0000	0.6298	NaN	NaN	NaN	5910.0973	5910.4261	1.0000	1.0000	0.0978
50ll04	5	5	1	1	1.0000	1.0000	1.0000	NaN	2.4470	2.1244	13.1186	5912.8360	5913.1370	1.0000	1.0000	0.0732
50ll04	5	5	1	1	2.0000	1.0000	1.0000	0.7814	NaN	NaN	NaN	5913.7214	5914.0495	1.0000	1.0000	0.0007
50ll04	5	6	1	1	1.0000	1.0000	1.0000	NaN	6.1671	6.6099	13.8464	5916.0162	5916.3174	1.0000	1.0000	0.1087
50ll04	5	6	1	1	2.0000	1.0000	1.0000	0.7099	NaN	NaN	NaN	5916.9534	5917.2817	1.0000	1.0000	0.0007
50ll04	5	7	1	1	1.0000	1.0000	-1.0000	NaN	3.1582	-2.0546	12.7324	5919.5730	5919.8741	1.0000	0.0000	0.0882
50ll04	5	7	1	1	2.0000	1.0000	-1.0000	0.2578	NaN	NaN	NaN	5920.5053	5920.8337	1.0000	0.0000	0.0007
50ll04	5	8	1	1	1.0000	1.0000	-1.0000	NaN	2.5083	-1.8162	13.0862	5923.2170	5923.5180	1.0000	0.0000	0.0460
50ll04	5	8	1	1	2.0000	1.0000	-1.0000	0.7200	NaN	NaN	NaN	5924.1057	5924.4333	0.0000	1.0000	0.2500
50ll04	5	9	1	1	1.0000	1.0000	1.0000	NaN	3.2166	4.8378	15.4870	5926.7765	5927.0775	1.0000	1.0000	0.0228
50ll04	5	9	1	1	2.0000	1.0000	1.0000	0.4002	NaN	NaN	NaN	5927.6413	5927.9693	0.0000	0.0000	0.2735
50ll04	5	10	1	1	1.0000	1.0000	1.0000	NaN	8.2201	9.3002	12.6972	5930.3811	5930.6822	1.0000	1.0000	0.0499
50ll04	5	10	1	1	2.0000	1.0000	1.0000	0.1366	NaN	NaN	NaN	5931.2657	5931.5919	1.0000	1.0000	0.0006
50ll04	5	11	1	1	1.0000	1.0000	-1.0000	NaN	9.6162	-11.6673	14.9877	5933.6009	5933.9019	0.0000	1.0000	0.1507
50ll04	5	11	1	1	2.0000	1.0000	1.0000	0.7961	NaN	NaN	NaN	5934.5694	5934.8972	1.0000	1.0000	0.0017
50ll04	5	12	1	1	1.0000	1.0000	1.0000	NaN	16.8873	18.7750	16.2098	5936.9689	5937.2699	1.0000	1.0000	0.0382
50ll04	5	12	1	1	2.0000	1.0000	1.0000	0.3681	NaN	NaN	NaN	5937.8252	5938.1532	1.0000	1.0000	0.0007
50ll04	5	13	1	1	1.0000	1.0000	-1.0000	NaN	11.8105	-12.6043	15.2445	5940.4454	5940.7465	0.0000	1.0000	0.1434
50ll04	5	13	1	1	2.0000	1.0000	1.0000	0.6909	NaN	NaN	NaN	5941.4414	5941.7673	1.0000	1.0000	0.0668
50ll04	5	14	1	1	1.0000	1.0000	-1.0000	NaN	13.8093	-13.9729	14.1633	5943.9791	5944.2802	0.0000	1.0000	0.1787
50ll04	5	14	1	1	2.0000	1.0000	1.0000	0.2425	NaN	NaN	NaN	5945.0493	5945.3781	1.0000	1.0000	0.0006
50ll04	5	15	1	1	1.0000	1.0000	1.0000	NaN	17.2218	15.4802	14.5541	5947.6604	5947.9618	1.0000	1.0000	0.0162
50ll04	5	15	1	1	2.0000	1.0000	1.0000	0.0530	NaN	NaN	NaN	5948.5131	5948.8399	1.0000	1.0000	0.0007
50ll04	5	16	1	1	1.0000	1.0000	-1.0000	NaN	13.7656	-14.1499	15.8372	5951.2644	5951.5655	0.0000	1.0000	0.1506
50ll04	5	16	1	1	2.0000	1.0000	1.0000	0.4043	NaN	NaN	NaN	5952.2890	5952.6163	1.0000	1.0000	0.0007
50ll04	5	17	1	1	1.0000	1.0000	1.0000	NaN	12.2879	13.8244	14.0397	5954.7069	5955.0081	1.0000	1.0000	0.0436
50ll04	5	17	1	1	2.0000	1.0000	1.0000	0.1160	NaN	NaN	NaN	5955.5930	5955.9215	1.0000	1.0000	0.0006
50ll04	5	18	1	1	1.0000	1.0000	-1.0000	NaN	8.2889	-8.2077	15.2974	5958.2705	5958.5716	1.0000	0.0000	0.0943
50ll04	5	18	1	1	2.0000	1.0000	-1.0000	0.5816	NaN	NaN	NaN	5959.2010	5959.5295	0.0000	1.0000	0.2347
50ll04	5	19	1	1	1.0000	1.0000	-1.0000	NaN	18.0247	-17.6994	16.4855	5962.1149	5962.4160	0.0000	1.0000	0.1878
50ll04	5	19	1	1	2.0000	1.0000	1.0000	0.4532	NaN	NaN	NaN	5963.1930	5963.5214	1.0000	1.0000	0.0007
50ll04	5	20	1	1	1.0000	1.0000	-1.0000	NaN	8.5273	-6.0036	15.3078	5965.6339	5965.9348	1.0000	0.0000	0.2350
50ll04	5	20	1	1	2.0000	1.0000	-1.0000	0.5491	NaN	NaN	NaN	5966.7057	5967.0339	1.0000	0.0000	0.0006
50ll04	5	21	1	1	1.0000	1.0000	-1.0000	NaN	10.7500	-11.5718	15.3074	5969.0336	5969.3347	1.0000	0.0000	0.1564
50ll04	5	21	1	1	2.0000	1.0000	-1.0000	0.5583	NaN	NaN	NaN	5970.0171	5970.3459	0.0000	1.0000	0.0893
50ll04	5	22	1	1	1.0000	1.0000	-1.0000	NaN	9.0474	-8.5544	14.6414	5972.8851	5973.1863	1.0000	0.0000	0.2017
50ll04	5	22	1	1	2.0000	1.0000	-1.0000	0.5094	NaN	NaN	NaN	5973.9215	5974.2493	0.0000	1.0000	0.1125
50ll04	5	23	1	1	1.0000	1.0000	-1.0000	NaN	17.9148	-18.0518	14.7370	5976.7372	5977.0382	0.0000	1.0000	0.1890
50ll04	5	23	1	1	2.0000	1.0000	1.0000	0.0995	NaN	NaN	NaN	5977.8092	5978.1361	1.0000	1.0000	0.0432
50ll04	5	24	1	1	1.0000	1.0000	1.0000	NaN	2.9410	2.5451	14.7219	5980.2569	5980.5582	1.0000	1.0000	0.2688
50ll04	5	24	1	1	2.0000	1.0000	1.0000	0.4780	NaN	NaN	NaN	5981.3369	5981.6638	1.0000	1.0000	0.0034
50ll04	5	25	1	1	1.0000	1.0000	-1.0000	NaN	13.2016	-12.8955	15.7622	5983.6966	5983.9977	0.0000	1.0000	0.0922
50ll04	5	25	1	1	2.0000	1.0000	1.0000	0.1029	NaN	NaN	NaN	5984.7454	5985.0733	1.0000	1.0000	0.3142
50ll04	5	26	1	1	1.0000	1.0000	1.0000	NaN	14.9197	16.0136	14.3392	5987.4222	5987.7232	1.0000	1.0000	0.0161
50ll04	5	26	1	1	2.0000	1.0000	1.0000	0.4485	NaN	NaN	NaN	5988.2729	5988.6004	1.0000	1.0000	0.2413
50ll04	5	27	1	1	1.0000	1.0000	1.0000	NaN	5.9927	7.8086	15.7249	5991.4333	5991.7348	1.0000	1.0000	0.1166
50ll04	5	27	1	1	2.0000	1.0000	1.0000	0.6956	NaN	NaN	NaN	5992.3772	5992.7053	1.0000	1.0000	0.2004
50ll04	5	28	1	1	1.0000	1.0000	-1.0000	NaN	8.2603	-8.8366	15.4636	5995.0997	5995.4007	1.0000	0.0000	0.1530
50ll04	5	28	1	1	2.0000	1.0000	-1.0000	0.0169	NaN	NaN	NaN	5996.0970	5996.4264	1.0000	0.0000	0.2233
50ll04	5	29	1	1	1.0000	1.0000	1.0000	NaN	2.7134	2.7229	15.4619	5998.6874	5998.9884	1.0000	1.0000	0.1192
50ll04	5	29	1	1	2.0000	1.0000	1.0000	0.6916	NaN	NaN	NaN	5999.6092	5999.9363	1.0000	1.0000	0.0349
50ll04	5	30	1	1	1.0000	1.0000	1.0000	NaN	14.7550	15.2814	15.4618	6002.0669	6002.3681	1.0000	1.0000	0.0735
50ll04	5	30	1	1	2.0000	1.0000	1.0000	0.0809	NaN	NaN	NaN	6002.9448	6003.2712	1.0000	1.0000	0.0006
50ll04	5	31	1	1	1.0000	1.0000	1.0000	NaN	10.4131	10.0756	15.3995	6005.4709	6005.7719	1.0000	1.0000	0.0317
50ll04	5	31	1	1	2.0000	1.0000	1.0000	0.5637	NaN	NaN	NaN	6006.3529	6006.6813	1.0000	1.0000	0.2190
50ll04	5	32	1	1	1.0000	1.0000	-1.0000	NaN	5.8219	-4.6541	16.1299	6009.4515	6009.7526	1.0000	0.0000	0.1311
50ll04	5	32	1	1	2.0000	1.0000	-1.0000	0.0746	NaN	NaN	NaN	6010.4248	6010.7547	0.0000	1.0000	0.0641
50ll04	5	33	1	1	1.0000	1.0000	1.0000	NaN	8.5065	9.9504	14.4880	6013.4040	6013.7050	1.0000	1.0000	0.0407
50ll04	5	33	1	1	2.0000	1.0000	1.0000	0.3134	NaN	NaN	NaN	6014.2326	6014.5617	1.0000	1.0000	0.0006
50ll04	5	34	1	1	1.0000	1.0000	1.0000	NaN	16.0739	15.2577	14.8441	6016.8818	6017.1828	1.0000	1.0000	0.0667
50ll04	5	34	1	1	2.0000	1.0000	1.0000	0.5931	NaN	NaN	NaN	6017.7768	6018.1055	1.0000	1.0000	0.0006
50ll04	5	35	1	1	1.0000	1.0000	-1.0000	NaN	3.2623	-3.5494	15.4230	6020.5294	6020.8304	1.0000	0.0000	0.1251
50ll04	5	35	1	1	2.0000	1.0000	-1.0000	0.2527	NaN	NaN	NaN	6021.4727	6021.7997	0.0000	1.0000	0.0031
50ll04	5	36	1	1	1.0000	1.0000	-1.0000	NaN	12.8969	-13.3347	13.6181	6023.7964	6024.0976	1.0000	0.0000	0.1945
50ll04	5	36	1	1	2.0000	1.0000	-1.0000	0.4047	NaN	NaN	NaN	6024.8088	6025.1405	0.0000	1.0000	0.0006
50ll04	5	37	1	1	1.0000	1.0000	-1.0000	NaN	5.4483	-5.3284	15.4865	6027.3238	6027.6250	1.0000	0.0000	0.0828
50ll04	5	37	1	1	2.0000	1.0000	-1.0000	0.6776	NaN	NaN	NaN	6028.2489	6028.5764	0.0000	1.0000	0.0516
50ll04	5	38	1	1	1.0000	1.0000	-1.0000	NaN	13.9443	-13.9693	14.7173	6030.6948	6030.9959	0.0000	1.0000	0.1517
50ll04	5	38	1	1	2.0000	1.0000	1.0000	0.2616	NaN	NaN	NaN	6031.7051	6032.0327	1.0000	1.0000	0.0006
50ll04	5	39	1	1	1.0000	1.0000	-1.0000	NaN	11.2406	-10.2728	15.7359	6034.5068	6034.8078	0.0000	1.0000	0.1314
50ll04	5	39	1	1	2.0000	1.0000	1.0000	0.4994	NaN	NaN	NaN	6035.5205	6035.8488	1.0000	1.0000	0.0006
50ll04	5	40	1	1	1.0000	1.0000	-1.0000	NaN	0.3298	-0.6811	15.9978	6038.1413	6038.4423	1.0000	0.0000	0.1616
50ll04	5	40	1	1	2.0000	1.0000	-1.0000	0.0029	NaN	NaN	NaN	6039.0890	6039.4185	1.0000	0.0000	0.0009
50ll04	5	41	1	1	1.0000	1.0000	1.0000	NaN	12.0808	11.5867	15.0091	6041.8687	6042.1699	1.0000	1.0000	0.0651
50ll04	5	41	1	1	2.0000	1.0000	1.0000	0.5803	NaN	NaN	NaN	6042.7446	6043.0711	1.0000	1.0000	0.0006
50ll04	5	42	1	1	1.0000	1.0000	-1.0000	NaN	5.8976	-4.5864	15.1719	6045.1634	6045.4644	1.0000	0.0000	0.0667
50ll04	5	42	1	1	2.0000	1.0000	-1.0000	0.4016	NaN	NaN	NaN	6046.0088	6046.3363	0.0000	1.0000	0.0992
50ll04	5	43	1	1	1.0000	1.0000	1.0000	NaN	5.9753	4.9886	15.9120	6048.4781	6048.7798	1.0000	1.0000	0.0215
50ll04	5	43	1	1	2.0000	1.0000	1.0000	0.4919	NaN	NaN	NaN	6049.3199	6049.6481	1.0000	1.0000	0.0094
50ll04	5	44	1	1	1.0000	1.0000	1.0000	NaN	13.2186	12.4720	16.2974	6051.7299	6052.0311	1.0000	1.0000	0.0341
50ll04	5	44	1	1	2.0000	1.0000	1.0000	0.5968	NaN	NaN	NaN	6052.5925	6052.9208	1.0000	1.0000	1.9365
50ll04	5	45	1	1	1.0000	1.0000	-1.0000	NaN	11.3489	-12.5284	14.5579	6057.2530	6057.5541	0.0000	1.0000	0.1130
50ll04	5	45	1	1	2.0000	1.0000	1.0000	0.5604	NaN	NaN	NaN	6058.2168	6058.5457	1.0000	1.0000	0.2173
50ll04	5	46	1	1	1.0000	1.0000	-1.0000	NaN	8.4614	-7.2685	13.7424	6060.6059	6060.9069	1.0000	0.0000	0.1275
50ll04	5	46	1	1	2.0000	1.0000	-1.0000	0.7382	NaN	NaN	NaN	6061.5526	6061.8799	0.0000	1.0000	0.0335
50ll04	5	47	1	1	1.0000	1.0000	-1.0000	NaN	14.2271	-15.2564	14.7209	6064.0922	6064.3937	0.0000	1.0000	0.1215
50ll04	5	47	1	1	2.0000	1.0000	1.0000	0.5070	NaN	NaN	NaN	6065.0651	6065.3939	1.0000	1.0000	0.0007
50ll04	5	48	1	1	1.0000	1.0000	1.0000	NaN	11.5452	10.6397	15.8159	6067.3905	6067.6917	1.0000	1.0000	0.1106
50ll04	5	48	1	1	2.0000	1.0000	1.0000	0.5458	NaN	NaN	NaN	6068.3284	6068.6561	1.0000	1.0000	0.0007
50ll04	5	49	1	1	1.0000	1.0000	1.0000	NaN	0.0375	0.7022	13.3004	6070.8062	6071.1072	1.0000	1.0000	0.1357
50ll04	5	49	1	1	2.0000	1.0000	1.0000	0.1821	NaN	NaN	NaN	6071.7527	6072.0828	1.0000	1.0000	0.0233
50ll04	5	50	1	1	1.0000	1.0000	1.0000	NaN	16.7566	15.3350	15.7617	6073.9848	6074.2858	1.0000	1.0000	0.0456
50ll04	5	50	1	1	2.0000	1.0000	1.0000	0.2884	NaN	NaN	NaN	6074.8405	6075.1695	1.0000	1.0000	0.0006
50ll04	6	1	1	1	1.0000	1.0000	1.0000	NaN	17.1534	15.9068	15.5511	6078.1329	6078.4342	1.0000	1.0000	0.0794
50ll04	6	1	1	1	2.0000	1.0000	1.0000	0.5790	NaN	NaN	NaN	6079.0241	6079.3510	1.0000	1.0000	0.0006
50ll04	6	2	1	1	1.0000	1.0000	1.0000	NaN	5.9360	6.5510	14.3912	6081.4934	6081.7946	1.0000	1.0000	0.0720
50ll04	6	2	1	1	2.0000	1.0000	1.0000	0.0916	NaN	NaN	NaN	6082.4001	6082.7281	1.0000	1.0000	0.0007
50ll04	6	3	1	1	1.0000	1.0000	1.0000	NaN	13.8164	16.3021	14.7691	6085.2451	6085.5462	1.0000	1.0000	0.0308
50ll04	6	3	1	1	2.0000	1.0000	1.0000	0.4340	NaN	NaN	NaN	6086.0961	6086.4246	1.0000	1.0000	0.0006
50ll04	6	4	1	1	1.0000	1.0000	1.0000	NaN	5.6910	7.7913	14.6186	6088.5744	6088.8754	1.0000	1.0000	0.0714
50ll04	6	4	1	1	2.0000	1.0000	1.0000	0.5795	NaN	NaN	NaN	6089.4724	6089.7990	1.0000	1.0000	0.0006
50ll04	6	5	1	1	1.0000	1.0000	1.0000	NaN	8.2057	6.8632	14.9572	6091.7738	6092.0753	1.0000	1.0000	0.0313
50ll04	6	5	1	1	2.0000	1.0000	1.0000	0.6893	NaN	NaN	NaN	6092.6005	6092.9289	1.0000	1.0000	2.4329
50ll04	6	6	1	1	1.0000	1.0000	-1.0000	NaN	6.0556	-6.6522	13.5241	6097.6177	6097.9186	1.0000	0.0000	0.1641
50ll04	6	6	1	1	2.0000	1.0000	-1.0000	0.1494	NaN	NaN	NaN	6098.6321	6098.9602	0.0000	1.0000	0.0007
50ll04	6	7	1	1	1.0000	1.0000	1.0000	NaN	12.2594	12.1157	14.7451	6101.0298	6101.3309	1.0000	1.0000	0.0480
50ll04	6	7	1	1	2.0000	1.0000	1.0000	0.2122	NaN	NaN	NaN	6101.8803	6102.2082	1.0000	1.0000	0.0007
50ll04	6	8	1	1	1.0000	1.0000	-1.0000	NaN	10.6409	-12.9881	15.1174	6104.6165	6104.9176	1.0000	0.0000	0.0833
50ll04	6	8	1	1	2.0000	1.0000	-1.0000	0.0686	NaN	NaN	NaN	6105.4806	6105.8079	0.0000	1.0000	0.0006
50ll04	6	9	1	1	1.0000	1.0000	1.0000	NaN	2.6098	2.3128	14.9258	6107.7988	6108.0999	1.0000	1.0000	0.1268
50ll04	6	9	1	1	2.0000	1.0000	1.0000	0.4542	NaN	NaN	NaN	6108.7121	6109.0385	1.0000	1.0000	0.8362
50ll04	6	10	1	1	1.0000	1.0000	1.0000	NaN	4.5786	5.4038	15.7371	6112.2094	6112.5106	1.0000	1.0000	0.0204
50ll04	6	10	1	1	2.0000	1.0000	1.0000	0.1374	NaN	NaN	NaN	6113.0795	6113.4079	1.0000	1.0000	0.0007
50ll04	6	11	1	1	1.0000	1.0000	-1.0000	NaN	13.4757	-15.0645	15.6574	6115.1493	6115.4504	1.0000	0.0000	0.1043
50ll04	6	11	1	1	2.0000	1.0000	-1.0000	0.5287	NaN	NaN	NaN	6116.0886	6116.4162	0.0000	1.0000	1.8499
50ll04	6	12	1	1	1.0000	1.0000	1.0000	NaN	3.2553	2.3719	14.2818	6120.1784	6120.4794	1.0000	1.0000	0.0420
50ll04	6	12	1	1	2.0000	1.0000	1.0000	0.5778	NaN	NaN	NaN	6121.0317	6121.3582	1.0000	1.0000	1.7799
50ll04	6	13	1	1	1.0000	1.0000	1.0000	NaN	16.2754	16.8300	15.2992	6125.3833	6125.6843	1.0000	1.0000	0.0219
50ll04	6	13	1	1	2.0000	1.0000	1.0000	0.6740	NaN	NaN	NaN	6126.2474	6126.5770	1.0000	1.0000	0.0317
50ll04	6	14	1	1	1.0000	1.0000	1.0000	NaN	4.9682	4.2138	15.5348	6128.7272	6129.0283	1.0000	1.0000	0.0700
50ll04	6	14	1	1	2.0000	1.0000	1.0000	0.6719	NaN	NaN	NaN	6129.6159	6129.9431	1.0000	1.0000	0.0007
50ll04	6	15	1	1	1.0000	1.0000	-1.0000	NaN	16.9127	-16.5499	15.5527	6131.9933	6132.2945	0.0000	1.0000	0.2840
50ll04	6	15	1	1	2.0000	1.0000	1.0000	0.2702	NaN	NaN	NaN	6133.1442	6133.4713	1.0000	1.0000	0.0007
50ll04	6	16	1	1	1.0000	1.0000	-1.0000	NaN	12.4305	-12.2002	15.1645	6135.3044	6135.6054	1.0000	0.0000	0.0518
50ll04	6	16	1	1	2.0000	1.0000	-1.0000	0.7975	NaN	NaN	NaN	6136.1915	6136.5183	0.0000	1.0000	0.2592
50ll04	6	17	1	1	1.0000	1.0000	-1.0000	NaN	17.4349	-17.0515	12.3668	6139.1785	6139.4795	1.0000	0.0000	0.0352
50ll04	6	17	1	1	2.0000	1.0000	-1.0000	0.3237	NaN	NaN	NaN	6140.0720	6140.3987	0.0000	1.0000	0.0744
50ll04	6	18	1	1	1.0000	1.0000	1.0000	NaN	9.8774	11.1323	14.7873	6142.6350	6142.9360	1.0000	1.0000	0.1467
50ll04	6	18	1	1	2.0000	1.0000	1.0000	0.7122	NaN	NaN	NaN	6143.6243	6143.9517	1.0000	1.0000	0.0189
50ll04	6	19	1	1	1.0000	1.0000	-1.0000	NaN	15.1854	-13.6224	14.4595	6145.8799	6146.1809	0.0000	1.0000	0.1555
50ll04	6	19	1	1	2.0000	1.0000	1.0000	0.2546	NaN	NaN	NaN	6146.8796	6147.2066	1.0000	1.0000	0.0681
50ll04	6	20	1	1	1.0000	1.0000	1.0000	NaN	10.8829	11.7014	15.2277	6149.3841	6149.6851	1.0000	1.0000	0.0914
50ll04	6	20	1	1	2.0000	1.0000	1.0000	0.4128	NaN	NaN	NaN	6150.3275	6150.6552	1.0000	1.0000	0.0006
50ll04	6	21	1	1	1.0000	1.0000	1.0000	NaN	14.1449	15.7592	15.3970	6152.6464	6152.9476	1.0000	1.0000	0.0689
50ll04	6	21	1	1	2.0000	1.0000	1.0000	0.1654	NaN	NaN	NaN	6153.5596	6153.8865	1.0000	1.0000	0.0007
50ll04	6	22	1	1	1.0000	1.0000	-1.0000	NaN	6.5602	-7.8271	15.0597	6156.3783	6156.6797	0.0000	1.0000	0.1932
50ll04	6	22	1	1	2.0000	1.0000	1.0000	0.6548	NaN	NaN	NaN	6157.4560	6157.7840	1.0000	1.0000	0.1124
50ll04	6	23	1	1	1.0000	1.0000	1.0000	NaN	14.6745	14.5668	14.9169	6159.8257	6160.1270	1.0000	1.0000	0.0444
50ll04	6	23	1	1	2.0000	1.0000	1.0000	0.0761	NaN	NaN	NaN	6160.6956	6161.0250	1.0000	1.0000	0.0006
50ll04	6	24	1	1	1.0000	1.0000	1.0000	NaN	17.5261	16.5504	15.1674	6163.2746	6163.5757	1.0000	1.0000	0.0350
50ll04	6	24	1	1	2.0000	1.0000	1.0000	0.7304	NaN	NaN	NaN	6164.1279	6164.4540	1.0000	1.0000	1.9544
50ll04	6	25	1	1	1.0000	1.0000	-1.0000	NaN	17.9385	-18.8970	15.7206	6168.8874	6169.1887	0.0000	1.0000	0.0596
50ll04	6	25	1	1	2.0000	1.0000	1.0000	0.6835	NaN	NaN	NaN	6169.8159	6170.1439	1.0000	1.0000	0.0007
50ll04	6	26	1	1	1.0000	1.0000	1.0000	NaN	10.5540	12.4150	14.4453	6172.2429	6172.5440	1.0000	1.0000	0.1844
50ll04	6	26	1	1	2.0000	1.0000	1.0000	0.0660	NaN	NaN	NaN	6173.2396	6173.5692	1.0000	1.0000	1.5672
50ll04	6	27	1	1	1.0000	1.0000	1.0000	NaN	8.1700	10.9487	15.3310	6177.6979	6177.9989	1.0000	1.0000	0.0595
50ll04	6	27	1	1	2.0000	1.0000	1.0000	0.5450	NaN	NaN	NaN	6178.6158	6178.9435	1.0000	1.0000	0.0007
50ll04	6	28	1	1	1.0000	1.0000	-1.0000	NaN	2.7493	-2.6613	14.1680	6180.7173	6181.0183	1.0000	0.0000	0.0705
50ll04	6	28	1	1	2.0000	1.0000	-1.0000	0.7978	NaN	NaN	NaN	6181.6232	6181.9517	0.0000	1.0000	0.1227
50ll04	6	29	1	1	1.0000	1.0000	1.0000	NaN	10.7723	9.4000	16.0240	6184.3917	6184.6929	1.0000	1.0000	0.0522
50ll04	6	29	1	1	2.0000	1.0000	1.0000	0.7187	NaN	NaN	NaN	6185.3195	6185.6490	1.0000	1.0000	0.0006
50ll04	6	30	1	1	1.0000	1.0000	1.0000	NaN	8.7158	8.9261	15.2097	6187.7715	6188.0726	1.0000	1.0000	0.0660
50ll04	6	30	1	1	2.0000	1.0000	1.0000	0.6294	NaN	NaN	NaN	6188.6636	6188.9908	1.0000	1.0000	0.0438
50ll04	6	31	1	1	1.0000	1.0000	-1.0000	NaN	1.3991	-3.5511	16.3654	6190.9692	6191.2703	1.0000	0.0000	0.1636
50ll04	6	31	1	1	2.0000	1.0000	-1.0000	0.5710	NaN	NaN	NaN	6191.9593	6192.2893	0.0000	1.0000	0.0813
50ll04	6	32	1	1	1.0000	1.0000	-1.0000	NaN	3.6055	-4.0204	14.2483	6194.3701	6194.6713	1.0000	0.0000	0.2729
50ll04	6	32	1	1	2.0000	1.0000	-1.0000	0.1172	NaN	NaN	NaN	6195.4790	6195.8060	1.0000	0.0000	0.2201
50ll04	6	33	1	1	1.0000	1.0000	-1.0000	NaN	17.7268	-15.8220	15.0243	6198.5650	6198.8660	0.0000	1.0000	0.1440
50ll04	6	33	1	1	2.0000	1.0000	1.0000	0.6173	NaN	NaN	NaN	6199.5915	6199.9185	1.0000	1.0000	0.0006
50ll04	6	34	1	1	1.0000	1.0000	-1.0000	NaN	3.8774	-3.6782	14.1273	6202.3157	6202.6172	0.0000	1.0000	0.1350
50ll04	6	34	1	1	2.0000	1.0000	1.0000	0.7728	NaN	NaN	NaN	6203.3193	6203.6460	1.0000	1.0000	0.0022
50ll04	6	35	1	1	1.0000	1.0000	-1.0000	NaN	17.6092	-18.8764	15.0014	6206.0188	6206.3200	0.0000	1.0000	0.1921
50ll04	6	35	1	1	2.0000	1.0000	1.0000	0.5843	NaN	NaN	NaN	6207.0717	6207.4015	1.0000	1.0000	0.0006
50ll04	6	36	1	1	1.0000	1.0000	-1.0000	NaN	3.5089	-0.7703	14.9783	6209.2803	6209.5814	1.0000	0.0000	0.1467
50ll04	6	36	1	1	2.0000	1.0000	-1.0000	0.1781	NaN	NaN	NaN	6210.3037	6210.6315	0.0000	1.0000	0.1606
50ll04	6	37	1	1	1.0000	1.0000	-1.0000	NaN	2.6178	-2.7632	15.3311	6213.0024	6213.3035	1.0000	0.0000	0.2666
50ll04	6	37	1	1	2.0000	1.0000	-1.0000	0.2224	NaN	NaN	NaN	6214.1036	6214.4311	0.0000	1.0000	0.1469
50ll04	6	38	1	1	1.0000	1.0000	1.0000	NaN	8.9302	6.9440	13.6899	6217.0130	6217.3141	1.0000	1.0000	0.1020
50ll04	6	38	1	1	2.0000	1.0000	1.0000	0.3949	NaN	NaN	NaN	6217.9589	6218.2883	1.0000	1.0000	0.0009
50ll04	6	39	1	1	1.0000	1.0000	-1.0000	NaN	1.9315	-1.8735	14.9754	6220.6442	6220.9452	1.0000	0.0000	0.1507
50ll04	6	39	1	1	2.0000	1.0000	-1.0000	0.0062	NaN	NaN	NaN	6221.6314	6221.9580	1.0000	0.0000	0.1398
50ll04	6	40	1	1	1.0000	1.0000	1.0000	NaN	1.3826	0.8902	15.1435	6224.2854	6224.5872	1.0000	1.0000	0.1100
50ll04	6	40	1	1	2.0000	1.0000	1.0000	0.2790	NaN	NaN	NaN	6225.2474	6225.5757	1.0000	1.0000	0.1215
50ll04	6	41	1	1	1.0000	1.0000	-1.0000	NaN	1.6823	-1.7484	15.2220	6228.0497	6228.3507	0.0000	1.0000	0.3149
50ll04	6	41	1	1	2.0000	1.0000	1.0000	0.0321	NaN	NaN	NaN	6229.2796	6229.6094	1.0000	1.0000	0.3990
50ll04	6	42	1	1	1.0000	1.0000	1.0000	NaN	3.5098	3.2302	13.8146	6232.1443	6232.4453	1.0000	1.0000	0.0666
50ll04	6	42	1	1	2.0000	1.0000	1.0000	0.6166	NaN	NaN	NaN	6233.0555	6233.3830	1.0000	1.0000	0.0007
50ll04	6	43	1	1	1.0000	1.0000	-1.0000	NaN	15.8764	-16.0090	15.5311	6235.6542	6235.9553	0.0000	1.0000	0.2940
50ll04	6	43	1	1	2.0000	1.0000	1.0000	0.0870	NaN	NaN	NaN	6236.8311	6237.1584	1.0000	1.0000	0.0032
50ll04	6	44	1	1	1.0000	1.0000	-1.0000	NaN	7.0626	-8.2527	14.3109	6239.5791	6239.8803	1.0000	0.0000	0.0957
50ll04	6	44	1	1	2.0000	1.0000	-1.0000	0.6438	NaN	NaN	NaN	6240.5352	6240.8640	1.0000	0.0000	0.1199
50ll04	6	45	1	1	1.0000	1.0000	-1.0000	NaN	11.7293	-12.3278	15.8448	6242.8225	6243.1235	0.0000	1.0000	0.1426
50ll04	6	45	1	1	2.0000	1.0000	1.0000	0.6465	NaN	NaN	NaN	6243.8553	6244.1851	1.0000	1.0000	0.0162
50ll04	6	46	1	1	1.0000	1.0000	-1.0000	NaN	14.1430	-15.6894	13.6279	6246.0205	6246.3216	0.0000	1.0000	0.1821
50ll04	6	46	1	1	2.0000	1.0000	1.0000	0.3250	NaN	NaN	NaN	6247.0948	6247.4233	1.0000	1.0000	0.0006
50ll04	6	47	1	1	1.0000	1.0000	1.0000	NaN	16.3478	17.7631	13.8492	6249.3233	6249.6243	1.0000	1.0000	0.0717
50ll04	6	47	1	1	2.0000	1.0000	1.0000	0.7846	NaN	NaN	NaN	6250.2232	6250.5501	1.0000	1.0000	0.0006
50ll04	6	48	1	1	1.0000	1.0000	-1.0000	NaN	3.3260	-4.1462	13.6786	6252.4577	6252.7588	1.0000	0.0000	0.1946
50ll04	6	48	1	1	2.0000	1.0000	-1.0000	0.0363	NaN	NaN	NaN	6253.4801	6253.8080	1.0000	0.0000	0.0573
50ll04	6	49	1	1	1.0000	1.0000	1.0000	NaN	12.2220	11.3287	14.5162	6256.1402	6256.4413	1.0000	1.0000	0.0709
50ll04	6	49	1	1	2.0000	1.0000	1.0000	0.3240	NaN	NaN	NaN	6257.0389	6257.3667	1.0000	1.0000	0.0006
50ll04	6	50	1	1	1.0000	1.0000	-1.0000	NaN	2.9097	-3.5387	14.3850	6259.5979	6259.8990	1.0000	0.0000	0.0785
50ll04	6	50	1	1	2.0000	1.0000	-1.0000	0.1104	NaN	NaN	NaN	6260.5186	6260.8460	1.0000	0.0000	0.0184
