16hq01	1	1	0	0	1	0	1	0.1424	NaN	NaN	NaN	414165.4942	414165.9096	1	1	0.6291
16hq01	1	1	0	0	2	0	1	NaN	7.9153	9.894	16.6688	414167.1131	414167.4201	1	1	0.3498
16hq01	1	2	0	0	1	0	1	0.9115	NaN	NaN	NaN	414169.9062	414170.314	1	1	0.3683
16hq01	1	2	0	0	2	0	1	NaN	7.8689	8.0499	15.6411	414171.2462	414171.5495	1	1	0.3175
16hq01	1	3	0	0	1	0	1	0.8464	NaN	NaN	NaN	414174.0585	414174.4472	0	0	0.5233
16hq01	1	3	0	0	2	0	-1	NaN	4.01	-1.6707	16.7069	414175.5508	414175.8529	1	0	0.8779
16hq01	1	4	0	0	1	0	-1	0.2128	NaN	NaN	NaN	414179.1696	414179.5203	0	1	0.5066
16hq01	1	4	0	0	2	0	1	NaN	8.014	6.7751	14.3965	414180.5912	414180.8933	1	1	0.5411
16hq01	1	5	0	0	1	0	1	0.6121	NaN	NaN	NaN	414183.8597	414184.2131	1	1	0.5968
16hq01	1	5	0	0	2	0	-1	NaN	4.5433	-2.9919	15.5144	414185.3905	414185.6926	0	1	0.4468
16hq01	1	6	0	0	1	0	1	0.3089	NaN	NaN	NaN	414188.6824	414189.0351	1	1	0.9916
16hq01	1	6	0	0	2	0	1	NaN	1.2676	3.2849	15.3074	414190.6229	414190.9251	1	1	0.8129
16hq01	1	7	0	0	1	0	1	0.9113	NaN	NaN	NaN	414194.1278	414194.4833	1	1	0.4718
16hq01	1	7	0	0	2	0	-1	NaN	6.5666	-7.2466	14.7426	414195.5344	414195.8366	0	1	1.6774
16hq01	1	8	0	0	1	0	-1	0.2818	NaN	NaN	NaN	414199.6963	414200.0498	0	1	0.7127
16hq01	1	8	0	0	2	0	-1	NaN	3.8253	-2.5265	14.9327	414201.3421	414201.6443	0	1	1.3102
16hq01	1	9	0	0	1	0	-1	0.4244	NaN	NaN	NaN	414205.102	414205.4524	0	1	0.478
16hq01	1	9	0	0	2	0	-1	NaN	3.6762	-2.194	15.8932	414206.5097	414206.8119	1	0	1.8861
16hq01	1	10	0	0	1	0	1	0.4852	NaN	NaN	NaN	414211.3158	414211.6673	1	1	0.3757
16hq01	1	10	0	0	2	0	1	NaN	9.8115	10.9746	15.1291	414212.6385	414212.9407	1	1	0.6215
16hq01	1	11	0	0	1	0	1	0.7399	NaN	NaN	NaN	414216.1174	414216.4685	1	1	0.3262
16hq01	1	11	0	0	2	0	-1	NaN	5.0814	-6.7341	15.437	414217.3903	414217.6925	0	1	1.086
16hq01	1	12	0	0	1	0	1	0.3508	NaN	NaN	NaN	414221.0915	414221.4835	1	1	0.4305
16hq01	1	12	0	0	2	0	-1	NaN	1.3344	-2.5663	15.7453	414222.5097	414222.8124	0	1	1.4858
16hq01	1	13	0	0	1	0	1	0.1574	NaN	NaN	NaN	414226.8567	414227.2112	1	1	0.5926
16hq01	1	13	0	0	2	0	1	NaN	7.2238	9.3104	15.0041	414228.3823	414228.6845	1	1	0.4628
16hq01	1	14	0	0	1	0	-1	0.2531	NaN	NaN	NaN	414231.3604	414231.7149	0	1	0.3756
16hq01	1	14	0	0	2	0	-1	NaN	1.8439	-0.1014	15.587	414232.6553	414232.9574	1	0	4.0134
16hq01	1	15	0	0	1	0	-1	0.5652	NaN	NaN	NaN	414239.1644	414239.5159	0	1	0.3021
16hq01	1	15	0	0	2	0	-1	NaN	3.1465	-4.7279	15.8051	414240.3654	414240.6676	0	1	0.5264
16hq01	1	16	0	0	1	0	1	0.6604	NaN	NaN	NaN	414243.5775	414243.931	1	1	0.271
16hq01	1	16	0	0	2	0	1	NaN	0.8159	0.0202	14.5978	414244.8014	414245.1036	1	1	0.5068
16hq01	1	17	0	0	1	0	-1	0.3186	NaN	NaN	NaN	414247.9331	414248.2837	0	1	0.3503
16hq01	1	17	0	0	2	0	1	NaN	8.1567	4.9167	14.763	414249.1825	414249.4846	1	1	0.6066
16hq01	1	18	0	0	1	0	1	0.0302	NaN	NaN	NaN	414252.1729	414252.5264	1	1	1.1156
16hq01	1	18	0	0	2	0	1	NaN	3.3231	1.413	13.409	414254.2059	414254.508	1	1	1.055
16hq01	1	19	0	0	1	0	1	0.2477	NaN	NaN	NaN	414257.7849	414258.1356	1	1	0.5631
16hq01	1	19	0	0	2	0	1	NaN	7.1323	7.4401	14.4488	414259.2464	414259.5486	1	1	0.4625
16hq01	1	20	0	0	1	0	-1	0.1146	NaN	NaN	NaN	414261.8751	414262.2301	1	0	0.7079
16hq01	1	20	0	0	2	0	1	NaN	7.0741	8.6423	16.2129	414263.4871	414263.7893	1	1	0.3656
16hq01	1	21	0	0	1	0	-1	0.8067	NaN	NaN	NaN	414266.3005	414266.6925	0	1	0.3256
16hq01	1	21	0	0	2	0	-1	NaN	11.2079	-11.3083	13.2426	414267.5664	414267.8685	0	1	0.3175
16hq01	1	22	0	0	1	0	1	0.2126	NaN	NaN	NaN	414270.4453	414270.7977	1	1	0.3643
16hq01	1	22	0	0	2	0	1	NaN	9.0152	10.9059	16.0904	414271.7273	414272.0295	1	1	0.3019
16hq01	1	23	0	0	1	0	1	0.6058	NaN	NaN	NaN	414274.6449	414274.9975	1	1	0.3085
16hq01	1	23	0	0	2	0	1	NaN	11.4923	13.6717	15.1682	414275.8703	414276.1724	1	1	0.1416
16hq01	1	24	0	0	1	0	-1	0.4168	NaN	NaN	NaN	414278.7382	414279.0917	0	1	0.2463
16hq01	1	24	0	0	2	0	1	NaN	4.5787	5.986	16.0997	414279.9018	414280.2039	1	1	0.4478
16hq01	1	25	0	0	1	0	-1	0.1056	NaN	NaN	NaN	414283.2834	414283.6343	1	0	0.2329
16hq01	1	25	0	0	2	0	1	NaN	3.0968	5.5273	15.0411	414284.4463	414284.7485	1	1	0.3192
16hq01	1	26	0	0	1	0	-1	0.3714	NaN	NaN	NaN	414287.3495	414287.701	0	1	0.2146
16hq01	1	26	0	0	2	0	1	NaN	9.9766	11.8102	13.7103	414288.4621	414288.7643	1	1	0.2537
16hq01	1	27	0	0	1	0	-1	0.404	NaN	NaN	NaN	414291.4327	414291.784	0	1	0.3072
16hq01	1	27	0	0	2	0	1	NaN	3.7526	2.6696	14.1391	414292.6225	414292.9247	1	1	0.8778
16hq01	1	28	0	0	1	0	1	0.1234	NaN	NaN	NaN	414296.0351	414296.3912	1	1	0.7228
16hq01	1	28	0	0	2	0	1	NaN	6.8259	6.5793	14.2862	414297.6616	414297.9638	1	1	0.2707
16hq01	1	29	0	0	1	0	-1	0.666	NaN	NaN	NaN	414300.4331	414300.7835	0	1	0.2825
16hq01	1	29	0	0	2	0	1	NaN	7.9961	8.8978	14.742	414301.5818	414301.8839	1	1	0.2712
16hq01	1	30	0	0	1	0	1	0.7369	NaN	NaN	NaN	414304.0778	414304.4294	1	1	0.4292
16hq01	1	30	0	0	2	0	1	NaN	5.8415	5.8568	15.1347	414305.4218	414305.7242	1	1	1.0224
16hq01	1	31	0	0	1	0	-1	0.7546	NaN	NaN	NaN	414308.687	414309.0403	0	1	0.2657
16hq01	1	31	0	0	2	0	-1	NaN	3.7346	-5.3194	14.9279	414309.8213	414310.1235	0	1	1.2791
16hq01	1	32	0	0	1	0	1	0.475	NaN	NaN	NaN	414313.6049	414314.0184	1	1	0.2802
16hq01	1	32	0	0	2	0	-1	NaN	5.7591	-8.8751	14.5851	414314.8728	414315.1795	0	1	0.2066
16hq01	1	33	0	0	1	0	-1	0.4233	NaN	NaN	NaN	414317.3235	414317.7403	0	1	1.9818
16hq01	1	33	0	0	2	0	1	NaN	7.7558	7.9106	15.1474	414320.2222	414320.5254	1	1	0.1898
16hq01	1	34	0	0	1	0	1	0.5507	NaN	NaN	NaN	414322.9228	414323.277	1	1	0.3491
16hq01	1	34	0	0	2	0	-1	NaN	6.5983	-6.309	15.5235	414324.1891	414324.4926	0	1	0.3654
16hq01	1	35	0	0	1	0	1	0.7401	NaN	NaN	NaN	414326.9683	414327.3228	1	1	0.3033
16hq01	1	35	0	0	2	0	-1	NaN	8.5804	-8.5373	14.0487	414328.206	414328.5091	0	1	0.2369
16hq01	1	36	0	0	1	0	-1	0.8576	NaN	NaN	NaN	414331.0183	414331.3727	0	1	0.4293
16hq01	1	36	0	0	2	0	1	NaN	11.3374	11.8486	14.246	414332.3183	414332.6204	1	1	0.2708
16hq01	1	37	0	0	1	0	1	0.1545	NaN	NaN	NaN	414335.2393	414335.5932	0	0	1.4254
16hq01	1	37	0	0	2	0	-1	NaN	1.428	-2.4904	15.4896	414337.5344	414337.8366	0	1	0.6551
16hq01	1	38	0	0	1	0	1	0.0793	NaN	NaN	NaN	414340.6928	414341.0442	1	1	0.4863
16hq01	1	38	0	0	2	0	1	NaN	1.5981	1.4549	14.705	414342.0962	414342.3983	0	0	1.5002
16hq01	1	39	0	0	1	0	-1	0.4807	NaN	NaN	NaN	414345.6998	414346.0551	0	1	0.3882
16hq01	1	39	0	0	2	0	-1	NaN	8.3889	-6.699	15.8265	414346.9591	414347.2611	0	1	0.6381
16hq01	1	40	0	0	1	0	-1	0.4648	NaN	NaN	NaN	414350.2583	414350.6104	0	1	0.7445
16hq01	1	40	0	0	2	0	-1	NaN	4.0526	-6.4212	13.2231	414351.8534	414352.1562	0	1	1.2945
16hq01	1	41	0	0	1	0	1	0.6217	NaN	NaN	NaN	414355.9762	414356.3842	1	1	0.2995
16hq01	1	41	0	0	2	0	1	NaN	4.8914	4.5069	15.1181	414357.2729	414357.5773	1	1	0.8493
16hq01	1	42	0	0	1	0	1	0.1497	NaN	NaN	NaN	414360.5791	414360.9999	1	1	1.8108
16hq01	1	42	0	0	2	0	-1	NaN	11.6471	-13.3517	16.0403	414363.3816	414363.6865	0	1	0.1956
16hq01	1	43	0	0	1	0	-1	0.031	NaN	NaN	NaN	414366.0117	414366.4335	1	0	1.3045
16hq01	1	43	0	0	2	0	1	NaN	6.7344	8.5627	15.4773	414368.3128	414368.6176	1	1	0.2405
16hq01	1	44	0	0	1	0	1	0.9243	NaN	NaN	NaN	414370.8792	414371.3	1	1	0.3593
16hq01	1	44	0	0	2	0	1	NaN	7.7879	6.179	15.478	414372.2077	414372.5098	1	1	0.5403
16hq01	1	45	0	0	1	0	-1	0.0923	NaN	NaN	NaN	414375.0913	414375.4425	0	1	0.728
16hq01	1	45	0	0	2	0	1	NaN	9.8815	9.6074	14.2653	414376.6546	414376.9568	1	1	0.3653
16hq01	1	46	0	0	1	0	1	0.7564	NaN	NaN	NaN	414379.3707	414379.7243	1	1	0.3508
16hq01	1	46	0	0	2	0	1	NaN	1.1845	3.0579	14.6091	414380.6574	414380.9595	1	1	0.4121
16hq01	1	47	0	0	1	0	1	0.0044	NaN	NaN	NaN	414383.585	414383.9408	0	0	0.8065
16hq01	1	47	0	0	2	0	1	NaN	9.2989	7.28	15.7818	414385.278	414385.5801	1	1	0.2379
16hq01	1	48	0	0	1	0	-1	0.2279	NaN	NaN	NaN	414387.9629	414388.32	0	1	0.3464
16hq01	1	48	0	0	2	0	1	NaN	10.6381	11.5246	13.6623	414389.198	414389.5002	1	1	0.335
16hq01	1	49	0	0	1	0	1	0.5577	NaN	NaN	NaN	414392.2086	414392.5599	1	1	1.4838
16hq01	1	49	0	0	2	0	-1	NaN	2.4929	-3.4869	14.441	414394.6235	414394.9257	1	0	0.813
16hq01	1	50	0	0	1	0	1	0.3969	NaN	NaN	NaN	414398.078	414398.4288	0	0	0.9748
16hq01	1	50	0	0	2	0	1	NaN	11.7966	11.7428	14.8752	414399.9502	414400.2523	1	1	0.1754
16hq01	2	1	0	0	1	0	-1	0.9349	NaN	NaN	NaN	414421.0484	414421.4637	0	1	0.3071
16hq01	2	1	0	0	2	0	1	NaN	2.006	2.2462	15.7318	414422.3267	414422.6312	1	1	0.6269
16hq01	2	2	0	0	1	0	1	0.5195	NaN	NaN	NaN	414425.7444	414426.1635	1	1	0.3746
16hq01	2	2	0	0	2	0	1	NaN	6.2536	4.5279	15.0908	414427.0777	414427.3821	1	1	2.4046
16hq01	2	3	0	0	1	0	1	0.6771	NaN	NaN	NaN	414431.9244	414432.3417	1	1	0.2764
16hq01	2	3	0	0	2	0	-1	NaN	6.0057	-6.353	15.0985	414433.1762	414433.4806	0	1	0.2741
16hq01	2	4	0	0	1	0	-1	0.3225	NaN	NaN	NaN	414436.1583	414436.5796	0	1	0.3425
16hq01	2	4	0	0	2	0	1	NaN	11.4196	11.2633	14.9822	414437.4493	414437.7564	1	1	0.2057
16hq01	2	5	0	0	1	0	1	0.5062	NaN	NaN	NaN	414440.1463	414440.5628	1	1	0.2953
16hq01	2	5	0	0	2	0	1	NaN	4.2087	2.5451	15.7873	414441.4002	414441.7067	0	0	0.8162
16hq01	2	6	0	0	1	0	-1	0.1698	NaN	NaN	NaN	414444.4192	414444.8286	0	1	1.7255
16hq01	2	6	0	0	2	0	1	NaN	5.0746	5.7888	14.7073	414447.1252	414447.4295	1	1	0.3253
16hq01	2	7	0	0	1	0	-1	0.2469	NaN	NaN	NaN	414449.6987	414450.1117	0	1	0.6344
16hq01	2	7	0	0	2	0	1	NaN	9.6008	9.0839	15.0677	414451.2453	414451.5474	1	1	0.3027
16hq01	2	8	0	0	1	0	1	0.4311	NaN	NaN	NaN	414453.8327	414454.2449	1	1	0.2782
16hq01	2	8	0	0	2	0	1	NaN	5.1887	4.9858	15.2335	414455.0795	414455.3843	1	1	0.6263
16hq01	2	9	0	0	1	0	1	0.8605	NaN	NaN	NaN	414458.3214	414458.7206	1	1	0.3455
16hq01	2	9	0	0	2	0	-1	NaN	1.5238	-2.0195	15.0594	414459.5816	414459.8844	0	1	1.2938
16hq01	2	10	0	0	1	0	-1	0.2385	NaN	NaN	NaN	414463.2782	414463.6327	0	1	0.8268
16hq01	2	10	0	0	2	0	1	NaN	7.3925	6.4336	16.7075	414464.9264	414465.2286	1	1	0.3351
16hq01	2	11	0	0	1	0	1	0.396	NaN	NaN	NaN	414467.8542	414468.2047	1	1	0.366
16hq01	2	11	0	0	2	0	1	NaN	7.8823	7.3016	15.6112	414469.1189	414469.4211	1	1	0.3014
16hq01	2	12	0	0	1	0	-1	0.4377	NaN	NaN	NaN	414471.9295	414472.2864	0	1	0.3486
16hq01	2	12	0	0	2	0	1	NaN	11.7797	11.9268	16.6114	414473.1656	414473.4686	1	1	0.1735
16hq01	2	13	0	0	1	0	-1	0.7772	NaN	NaN	NaN	414475.9015	414476.2542	0	1	0.2212
16hq01	2	13	0	0	2	0	-1	NaN	9.8106	-9.0506	15.8821	414477.0062	414477.3084	0	1	0.2544
16hq01	2	14	0	0	1	0	1	0.5794	NaN	NaN	NaN	414480.0293	414480.386	1	1	0.2481
16hq01	2	14	0	0	2	0	-1	NaN	7.412	-7.2799	15.4916	414481.1981	414481.5015	0	1	0.3019
16hq01	2	15	0	0	1	0	1	0.8321	NaN	NaN	NaN	414483.9284	414484.2816	1	1	0.1939
16hq01	2	15	0	0	2	0	-1	NaN	6.6019	-6.3978	14.8632	414485.0226	414485.3247	0	1	0.1734
16hq01	2	16	0	0	1	0	1	0.428	NaN	NaN	NaN	414488.0067	414488.3576	1	1	0.2126
16hq01	2	16	0	0	2	0	-1	NaN	1.0059	-2.7838	15.989	414489.1354	414489.4375	0	1	0.1251
16hq01	2	17	0	0	1	0	-1	0.8677	NaN	NaN	NaN	414491.6203	414491.9715	0	1	0.1186
16hq01	2	17	0	0	2	0	1	NaN	1.8285	0.3523	14.69	414492.6216	414492.9237	1	1	0.8944
16hq01	2	18	0	0	1	0	1	0.6007	NaN	NaN	NaN	414496.4516	414496.8032	1	1	0.2794
16hq01	2	18	0	0	2	0	-1	NaN	1.1705	-2.1896	14.464	414497.6294	414497.932	0	1	0.3516
16hq01	2	19	0	0	1	0	-1	0.4007	NaN	NaN	NaN	414500.2243	414500.6431	0	1	0.7116
16hq01	2	19	0	0	2	0	1	NaN	10.9888	11.0851	14.2615	414501.8795	414502.1865	1	1	0.1287
16hq01	2	20	0	0	1	0	-1	0.6227	NaN	NaN	NaN	414504.7189	414505.1434	0	1	0.1468
16hq01	2	20	0	0	2	0	1	NaN	2.0542	1.0172	13.7767	414505.8324	414506.1374	0	0	0.8333
16hq01	2	21	0	0	1	0	1	0.9083	NaN	NaN	NaN	414509.414	414509.8181	1	1	0.176
16hq01	2	21	0	0	2	0	1	NaN	6.9025	5.9853	14.3493	414510.5424	414510.8446	1	1	2.9255
16hq01	2	22	0	0	1	0	1	0.2254	NaN	NaN	NaN	414516.1021	414516.4523	1	1	0.4859
16hq01	2	22	0	0	2	0	-1	NaN	5.5062	-4.322	15.6201	414517.4849	414517.7871	0	1	0.4791
16hq01	2	23	0	0	1	0	-1	0.6423	NaN	NaN	NaN	414520.0839	414520.4354	0	1	0.2159
16hq01	2	23	0	0	2	0	1	NaN	3.4688	4.4638	15.4191	414521.1838	414521.4859	1	1	1.6922
16hq01	2	24	0	0	1	0	-1	0.8316	NaN	NaN	NaN	414525.5202	414525.8699	0	1	0.2203
16hq01	2	24	0	0	2	0	1	NaN	6.2166	7.9878	13.8454	414526.608	414526.9101	1	1	0.332
16hq01	2	25	0	0	1	0	-1	0.7832	NaN	NaN	NaN	414529.1843	414529.5349	0	1	0.1562
16hq01	2	25	0	0	2	0	1	NaN	11.792	11.8253	15.0348	414530.2229	414530.525	1	1	0.1895
16hq01	2	26	0	0	1	0	1	0.0359	NaN	NaN	NaN	414532.713	414533.0667	1	1	1.3279
16hq01	2	26	0	0	2	0	-1	NaN	10.622	-10.2424	14.9215	414534.9743	414535.2764	0	1	0.1904
16hq01	2	27	0	0	1	0	1	0.1743	NaN	NaN	NaN	414537.5921	414537.9457	1	1	0.3524
16hq01	2	27	0	0	2	0	-1	NaN	4.4218	-3.3581	15.3539	414538.8447	414539.1479	0	1	0.4148
16hq01	2	28	0	0	1	0	-1	0.4825	NaN	NaN	NaN	414541.9781	414542.3329	0	1	0.207
16hq01	2	28	0	0	2	0	1	NaN	1.0262	0.5871	13.9513	414543.0575	414543.3597	0	0	1.2905
16hq01	2	29	0	0	1	0	-1	0.761	NaN	NaN	NaN	414546.9205	414547.3408	0	1	0.1105
16hq01	2	29	0	0	2	0	-1	NaN	0.3506	-0.2244	14.3018	414547.9972	414548.3017	0	1	0.525
16hq01	2	30	0	0	1	0	1	0.6824	NaN	NaN	NaN	414551.0055	414551.4244	1	1	0.1714
16hq01	2	30	0	0	2	0	-1	NaN	11.6238	-12.7034	14.5683	414552.186	414552.4907	0	1	0.1595
16hq01	2	31	0	0	1	0	-1	0.2279	NaN	NaN	NaN	414554.8868	414555.3076	0	1	0.3026
16hq01	2	31	0	0	2	0	-1	NaN	1.4798	-1.442	13.8861	414556.1535	414556.458	0	1	0.8962
16hq01	2	32	0	0	1	0	1	0.4284	NaN	NaN	NaN	414559.3994	414559.8183	1	1	0.3368
16hq01	2	32	0	0	2	0	1	NaN	6.5641	5.3328	13.3682	414560.7283	414561.0343	1	1	0.3846
16hq01	2	33	0	0	1	0	1	0.0146	NaN	NaN	NaN	414563.8454	414564.2566	0	0	1.7061
16hq01	2	33	0	0	2	0	-1	NaN	0.5163	-1.617	12.5645	414566.4863	414566.7908	0	1	0.3884
16hq01	2	34	0	0	1	0	-1	0.8828	NaN	NaN	NaN	414569.1411	414569.5276	0	1	0.1957
16hq01	2	34	0	0	2	0	-1	NaN	4.1998	-5.3539	14.718	414570.2717	414570.5738	0	1	0.9411
16hq01	2	35	0	0	1	0	1	0.0064	NaN	NaN	NaN	414573.8558	414574.2106	1	1	0.8564
16hq01	2	35	0	0	2	0	1	NaN	7.226	6.5985	14.5705	414575.6311	414575.9333	1	1	0.2049
16hq01	2	36	0	0	1	0	-1	0.1418	NaN	NaN	NaN	414578.1529	414578.5031	1	0	1.1391
16hq01	2	36	0	0	2	0	1	NaN	3.0901	4.9713	15.0249	414580.174	414580.476	0	0	0.5273
16hq01	2	37	0	0	1	0	-1	0.4876	NaN	NaN	NaN	414583.4135	414583.7656	0	1	0.4366
16hq01	2	37	0	0	2	0	-1	NaN	4.8217	-5.2794	15.4761	414584.7336	414585.0357	0	1	0.3519
16hq01	2	38	0	0	1	0	-1	0.6852	NaN	NaN	NaN	414587.6547	414588.0102	0	1	0.29
16hq01	2	38	0	0	2	0	-1	NaN	1.2811	-1.7243	14.9735	414588.8306	414589.1328	0	1	0.4134
16hq01	2	39	0	0	1	0	-1	0.861	NaN	NaN	NaN	414592.0763	414592.4886	0	1	0.2108
16hq01	2	39	0	0	2	0	1	NaN	10.5558	9.6483	14.7571	414593.2408	414593.548	1	1	0.3342
16hq01	2	40	0	0	1	0	-1	0.6214	NaN	NaN	NaN	414596.4253	414596.8518	0	1	0.1675
16hq01	2	40	0	0	2	0	1	NaN	8.2706	9.4459	14.7751	414597.5444	414597.8495	1	1	0.2731
16hq01	2	41	0	0	1	0	1	0.3012	NaN	NaN	NaN	414600.2396	414600.6553	0	0	0.3317
16hq01	2	41	0	0	2	0	1	NaN	11.4027	11.0087	16.4064	414601.5168	414601.8216	1	1	0.1738
16hq01	2	42	0	0	1	0	-1	0.8104	NaN	NaN	NaN	414604.1237	414604.5513	0	1	0.1647
16hq01	2	42	0	0	2	0	1	NaN	7.4647	6.5919	11.743	414605.2426	414605.549	1	1	1.0058
16hq01	2	43	0	0	1	0	1	0.185	NaN	NaN	NaN	414608.7911	414609.2157	1	1	1.4361
16hq01	2	43	0	0	2	0	1	NaN	2.7111	3.1999	14.0496	414611.2409	414611.548	1	1	1.1189
16hq01	2	44	0	0	1	0	-1	0.5394	NaN	NaN	NaN	414614.8673	414615.2514	0	1	0.1994
16hq01	2	44	0	0	2	0	1	NaN	0.9103	1.9163	13.3902	414615.9661	414616.2682	1	1	1.95
16hq01	2	45	0	0	1	0	-1	0.223	NaN	NaN	NaN	414620.2176	414620.5678	0	1	0.4984
16hq01	2	45	0	0	2	0	-1	NaN	4.2379	-2.3026	14.4781	414621.5817	414621.8838	0	1	0.9431
16hq01	2	46	0	0	1	0	-1	0.3341	NaN	NaN	NaN	414625.0286	414625.3802	1	0	0.8543
16hq01	2	46	0	0	2	0	-1	NaN	9.9699	-10.8499	15.6582	414626.7836	414627.0857	0	1	0.2365
16hq01	2	47	0	0	1	0	-1	0.0916	NaN	NaN	NaN	414629.692	414630.0453	0	1	1.0216
16hq01	2	47	0	0	2	0	-1	NaN	1.5837	-1.6021	15.8789	414631.5981	414631.9001	0	1	0.3661
16hq01	2	48	0	0	1	0	-1	0.6167	NaN	NaN	NaN	414634.5938	414634.9464	0	1	0.3446
16hq01	2	48	0	0	2	0	1	NaN	8.7807	5.3195	16.0012	414635.8064	414636.1095	1	1	0.3012
16hq01	2	49	0	0	1	0	1	0.5222	NaN	NaN	NaN	414639.0021	414639.4196	1	1	0.4805
16hq01	2	49	0	0	2	0	-1	NaN	11.0063	-11.3381	15.377	414640.4732	414640.7802	0	1	0.2547
16hq01	2	50	0	0	1	0	1	0.5114	NaN	NaN	NaN	414643.2113	414643.6321	1	1	0.2661
16hq01	2	50	0	0	2	0	1	NaN	11.9536	11.9579	14.564	414644.4892	414644.7967	1	1	0.2227
16hq01	3	1	0	0	1	0	1	0.8253	NaN	NaN	NaN	414665.0813	414665.5016	1	1	0.2058
16hq01	3	1	0	0	2	0	-1	NaN	1.0132	-1.7688	15.899	414666.2814	414666.5859	0	1	1.8254
16hq01	3	2	0	0	1	0	1	0.6357	NaN	NaN	NaN	414670.6308	414671.0513	1	1	0.2245
16hq01	3	2	0	0	2	0	1	NaN	2.2852	2.7799	15.5075	414671.8143	414672.1189	0	0	2.0679
16hq01	3	3	0	0	1	0	-1	0.4645	NaN	NaN	NaN	414676.7245	414677.1344	0	1	0.1078
16hq01	3	3	0	0	2	0	1	NaN	7.4887	7.2008	14.4436	414677.7989	414678.1033	1	1	0.3229
16hq01	3	4	0	0	1	0	-1	0.4181	NaN	NaN	NaN	414680.4467	414680.8675	0	1	0.1989
16hq01	3	4	0	0	2	0	1	NaN	6.3257	5.0132	13.6661	414681.6118	414681.9162	1	1	1.1829
16hq01	3	5	0	0	1	0	-1	0.7193	NaN	NaN	NaN	414685.0094	414685.4287	0	1	0.2136
16hq01	3	5	0	0	2	0	1	NaN	9.0447	9.8625	15.0617	414686.1818	414686.4862	1	1	0.357
16hq01	3	6	0	0	1	0	1	0.2416	NaN	NaN	NaN	414689.1877	414689.6005	1	1	0.2996
16hq01	3	6	0	0	2	0	1	NaN	9.7714	9.3067	15.3415	414690.4557	414690.7613	1	1	0.241
16hq01	3	7	0	0	1	0	-1	0.0566	NaN	NaN	NaN	414693.3741	414693.7951	1	0	1.4792
16hq01	3	7	0	0	2	0	1	NaN	8.1837	9.0087	15.0917	414695.8299	414696.1344	1	1	0.3399
16hq01	3	8	0	0	1	0	1	0.7652	NaN	NaN	NaN	414698.6196	414699.0333	1	1	0.2741
16hq01	3	8	0	0	2	0	1	NaN	6.9207	8.5139	15.8197	414699.863	414700.1675	1	1	0.2912
16hq01	3	9	0	0	1	0	1	0.6757	NaN	NaN	NaN	414702.4626	414702.8597	1	1	0.2065
16hq01	3	9	0	0	2	0	-1	NaN	2.661	-1.4291	14.3902	414703.647	414703.9491	1	0	1.4868
16hq01	3	10	0	0	1	0	-1	0.0679	NaN	NaN	NaN	414707.6025	414708.004	0	1	2.3435
16hq01	3	10	0	0	2	0	-1	NaN	6.2598	-7.5329	14.9626	414710.8771	414711.1792	0	1	0.32
16hq01	3	11	0	0	1	0	-1	0.0113	NaN	NaN	NaN	414713.623	414713.9758	1	0	3.8595
16hq01	3	11	0	0	2	0	1	NaN	4.0455	3.755	14.4589	414718.3826	414718.6848	1	1	0.2855
16hq01	3	12	0	0	1	0	-1	0.7075	NaN	NaN	NaN	414721.171	414721.5237	0	1	0.2636
16hq01	3	12	0	0	2	0	1	NaN	2.2675	3.1692	14.7067	414722.3016	414722.6041	1	1	0.5112
16hq01	3	13	0	0	1	0	1	0.7199	NaN	NaN	NaN	414725.3737	414725.7252	1	1	0.413
16hq01	3	13	0	0	2	0	-1	NaN	8.9176	-8.5566	14.9779	414726.6718	414726.974	0	1	0.3022
16hq01	3	14	0	0	1	0	-1	0.4654	NaN	NaN	NaN	414729.5325	414729.8864	0	1	0.5719
16hq01	3	14	0	0	2	0	1	NaN	2.0151	1.5024	15.3893	414730.9746	414731.2767	0	0	2.2541
16hq01	3	15	0	0	1	0	1	0.7554	NaN	NaN	NaN	414735.79	414736.1414	1	1	0.2529
16hq01	3	15	0	0	2	0	1	NaN	2.2425	2.1437	15.5386	414736.9259	414737.2281	1	1	0.3834
16hq01	3	16	0	0	1	0	1	0.3757	NaN	NaN	NaN	414740.1684	414740.5231	1	1	0.3363
16hq01	3	16	0	0	2	0	-1	NaN	4.4092	-4.921	16.8045	414741.3745	414741.6767	0	1	0.4296
16hq01	3	17	0	0	1	0	-1	0.5686	NaN	NaN	NaN	414744.4986	414744.8522	0	1	0.4077
16hq01	3	17	0	0	2	0	-1	NaN	5.6511	-8.1875	14.696	414745.7746	414746.0768	0	1	0.287
16hq01	3	18	0	0	1	0	1	0.1879	NaN	NaN	NaN	414748.321	414748.6741	1	1	0.6336
16hq01	3	18	0	0	2	0	-1	NaN	0.3665	-0.7366	14.7433	414749.855	414750.1571	0	1	1.054
16hq01	3	19	0	0	1	0	-1	0.4017	NaN	NaN	NaN	414753.5891	414754.001	0	1	0.3306
16hq01	3	19	0	0	2	0	-1	NaN	6.5745	-6.2071	14.9612	414754.8578	414755.162	0	1	1.713
16hq01	3	20	0	0	1	0	-1	0.4474	NaN	NaN	NaN	414759.1459	414759.5277	0	1	0.2746
16hq01	3	20	0	0	2	0	-1	NaN	2.7659	-2.822	14.5567	414760.3177	414760.6211	0	1	0.7656
16hq01	3	21	0	0	1	0	-1	0.9118	NaN	NaN	NaN	414763.8781	414764.2345	0	1	0.2081
16hq01	3	21	0	0	2	0	-1	NaN	4.0846	-4.4106	13.1481	414764.9901	414765.2922	0	1	0.5422
16hq01	3	22	0	0	1	0	-1	0.1814	NaN	NaN	NaN	414768.1594	414768.5104	0	1	0.7496
16hq01	3	22	0	0	2	0	1	NaN	5.139	4.0106	13.9722	414769.7591	414770.0612	1	1	0.5257
16hq01	3	23	0	0	1	0	-1	0.3538	NaN	NaN	NaN	414772.7208	414773.0729	0	1	0.2977
16hq01	3	23	0	0	2	0	1	NaN	2.3774	2.4764	13.8301	414773.888	414774.19	1	1	0.8609
16hq01	3	24	0	0	1	0	-1	0.5195	NaN	NaN	NaN	414777.0673	414777.4214	0	1	0.2064
16hq01	3	24	0	0	2	0	1	NaN	11.4901	10.3122	14.444	414778.144	414778.4461	1	1	0.3002
16hq01	3	25	0	0	1	0	-1	0.4205	NaN	NaN	NaN	414781.1295	414781.4837	0	1	0.2878
16hq01	3	25	0	0	2	0	-1	NaN	1.2798	-0.7974	15.2737	414782.2544	414782.5565	1	0	0.7184
16hq01	3	26	0	0	1	0	-1	0.2163	NaN	NaN	NaN	414785.5382	414785.889	0	1	0.3298
16hq01	3	26	0	0	2	0	1	NaN	5.2284	6.4547	15.0801	414786.718	414787.0201	1	1	0.3187
16hq01	3	27	0	0	1	0	1	0.4611	NaN	NaN	NaN	414789.3799	414789.7334	1	1	0.2934
16hq01	3	27	0	0	2	0	-1	NaN	9.6034	-10.9605	15.0406	414790.5746	414790.8767	0	1	0.1752
16hq01	3	28	0	0	1	0	-1	0.0654	NaN	NaN	NaN	414793.3667	414793.7206	0	1	2.2912
16hq01	3	28	0	0	2	0	-1	NaN	3.8352	-1.3757	14.9972	414796.514	414796.821	0	1	0.6133
16hq01	3	29	0	0	1	0	1	0.6632	NaN	NaN	NaN	414799.8224	414800.2455	1	1	0.2143
16hq01	3	29	0	0	2	0	-1	NaN	7.9983	-7.8549	13.5608	414801.0011	414801.3062	0	1	0.2098
16hq01	3	30	0	0	1	0	1	0.05	NaN	NaN	NaN	414803.6683	414804.0953	0	0	2.523
16hq01	3	30	0	0	2	0	-1	NaN	8.8543	-10.496	13.9245	414807.1593	414807.4642	0	1	0.3226
16hq01	3	31	0	0	1	0	1	0.0574	NaN	NaN	NaN	414810.1544	414810.5531	0	0	3.2172
16hq01	3	31	0	0	2	0	1	NaN	4.7911	5.6151	15.1359	414814.3029	414814.605	1	1	0.2063
16hq01	3	32	0	0	1	0	1	0.6649	NaN	NaN	NaN	414817.2846	414817.6374	1	1	1.4289
16hq01	3	32	0	0	2	0	-1	NaN	7.6624	-7.2255	14.6211	414819.6143	414819.9176	0	1	0.1728
16hq01	3	33	0	0	1	0	-1	0.1383	NaN	NaN	NaN	414822.1836	414822.5372	1	0	1.7455
16hq01	3	33	0	0	2	0	1	NaN	1.6328	2.8776	15.7412	414824.7979	414825.1013	1	1	0.5578
16hq01	3	34	0	0	1	0	-1	0.8127	NaN	NaN	NaN	414828.1113	414828.4649	0	1	0.2821
16hq01	3	34	0	0	2	0	-1	NaN	7.7372	-7.6301	14.9141	414829.2622	414829.5644	0	1	0.6865
16hq01	3	35	0	0	1	0	-1	0.8651	NaN	NaN	NaN	414832.5428	414832.8981	0	1	0.3293
16hq01	3	35	0	0	2	0	1	NaN	2.1822	1.0828	15.6428	414833.7588	414834.0609	0	0	0.5738
16hq01	3	36	0	0	1	0	1	0.3272	NaN	NaN	NaN	414836.8804	414837.235	1	1	1.1924
16hq01	3	36	0	0	2	0	-1	NaN	9.3662	-9.5274	15.7685	414838.9755	414839.2776	0	1	0.3017
16hq01	3	37	0	0	1	0	1	0.6938	NaN	NaN	NaN	414841.7526	414842.1029	1	1	0.6604
16hq01	3	37	0	0	2	0	1	NaN	5.8633	4.4441	15.7036	414843.3428	414843.645	1	1	1.1989
16hq01	3	38	0	0	1	0	-1	0.3654	NaN	NaN	NaN	414847.2446	414847.6726	0	1	0.4017
16hq01	3	38	0	0	2	0	1	NaN	6.9958	6.3936	17.2002	414848.6046	414848.9094	1	1	0.5415
16hq01	3	39	0	0	1	0	-1	0.228	NaN	NaN	NaN	414851.9613	414852.3891	0	1	1.5259
16hq01	3	39	0	0	2	0	-1	NaN	5.0072	-5.7694	14.1642	414854.4724	414854.7772	0	1	1.1709
16hq01	3	40	0	0	1	0	1	0.3267	NaN	NaN	NaN	414858.1918	414858.6088	1	1	0.5536
16hq01	3	40	0	0	2	0	-1	NaN	7.0088	-6.6344	14.3263	414859.7048	414860.0093	0	1	0.3051
16hq01	3	41	0	0	1	0	1	0.2774	NaN	NaN	NaN	414862.8022	414863.2202	1	1	0.5194
16hq01	3	41	0	0	2	0	-1	NaN	5.1798	-4.1611	17.2471	414864.2524	414864.5569	0	1	0.2855
16hq01	3	42	0	0	1	0	1	0.717	NaN	NaN	NaN	414866.9782	414867.3917	1	1	0.2667
16hq01	3	42	0	0	2	0	-1	NaN	3.3123	-4.055	14.5438	414868.2192	414868.5236	0	1	0.4639
16hq01	3	43	0	0	1	0	-1	0.8702	NaN	NaN	NaN	414871.0844	414871.495	0	1	0.1813
16hq01	3	43	0	0	2	0	1	NaN	0.0138	0.3013	13.5991	414872.2209	414872.5249	0	0	0.7193
16hq01	3	44	0	0	1	0	-1	0.8772	NaN	NaN	NaN	414875.5668	414875.9778	0	1	0.1772
16hq01	3	44	0	0	2	0	1	NaN	5.1625	5.9003	13.0847	414876.6786	414876.9851	1	1	0.2264
16hq01	3	45	0	0	1	0	1	0.3703	NaN	NaN	NaN	414879.3708	414879.7548	1	1	0.2247
16hq01	3	45	0	0	2	0	-1	NaN	2.9003	-3.3933	13.9708	414880.5109	414880.8146	0	1	0.3963
16hq01	3	46	0	0	1	0	-1	0.5043	NaN	NaN	NaN	414883.4853	414883.8355	0	1	0.2709
16hq01	3	46	0	0	2	0	-1	NaN	9.35	-8.1829	15.4998	414884.6235	414884.9256	0	1	0.3008
16hq01	3	47	0	0	1	0	-1	0.1216	NaN	NaN	NaN	414887.4847	414887.8354	0	1	0.7194
16hq01	3	47	0	0	2	0	-1	NaN	11.989	-13.3234	15.2103	414889.0705	414889.3726	0	1	0.1906
16hq01	3	48	0	0	1	0	-1	0.8596	NaN	NaN	NaN	414892.126	414892.5398	0	1	0.2071
16hq01	3	48	0	0	2	0	-1	NaN	11.757	-12.6283	15.686	414893.2701	414893.5743	0	1	0.1978
16hq01	3	49	0	0	1	0	-1	0.2759	NaN	NaN	NaN	414895.7342	414896.153	0	1	0.1464
16hq01	3	49	0	0	2	0	1	NaN	7.4051	7.4761	16.0581	414896.8218	414897.1263	1	1	0.2281
16hq01	3	50	0	0	1	0	1	0.7412	NaN	NaN	NaN	414899.9905	414900.4067	1	1	0.1963
16hq01	3	50	0	0	2	0	-1	NaN	0.9735	-0.1577	15.7896	414901.1771	414901.484	1	0	0.3344
