32ls04	1	1	1	1	1.0000	1.0000	-1.0000	NaN	0.7112	-0.0474	15.4258	161855.4993	161855.8003	1.0000	0.0000	0.5087
32ls04	1	1	1	1	2.0000	1.0000	-1.0000	0.3208	NaN	NaN	NaN	161856.8707	161857.2010	0.0000	1.0000	0.2861
32ls04	1	2	1	1	1.0000	1.0000	1.0000	NaN	0.3492	1.5407	14.9828	161859.5970	161859.8983	0.0000	0.0000	0.7327
32ls04	1	2	1	1	2.0000	1.0000	-1.0000	0.5527	NaN	NaN	NaN	161861.2213	161861.5476	1.0000	0.0000	0.6417
32ls04	1	3	1	1	1.0000	1.0000	1.0000	NaN	2.7011	1.5910	14.4559	161864.7161	161865.0171	1.0000	1.0000	0.2120
32ls04	1	3	1	1	2.0000	1.0000	1.0000	0.5486	NaN	NaN	NaN	161865.8368	161866.1635	1.0000	1.0000	0.1935
32ls04	1	4	1	1	1.0000	1.0000	-1.0000	NaN	0.9501	-0.5347	14.5117	161868.3016	161868.6026	1.0000	0.0000	0.0666
32ls04	1	4	1	1	2.0000	1.0000	-1.0000	0.3501	NaN	NaN	NaN	161869.2605	161869.5863	1.0000	0.0000	0.0108
32ls04	1	5	1	1	1.0000	1.0000	1.0000	NaN	2.1960	4.1702	15.1952	161872.1631	161872.4641	1.0000	1.0000	0.1838
32ls04	1	5	1	1	2.0000	1.0000	1.0000	0.0462	NaN	NaN	NaN	161873.2216	161873.5485	1.0000	1.0000	0.1058
32ls04	1	6	1	1	1.0000	1.0000	1.0000	NaN	1.9328	1.9703	13.8089	161875.9558	161876.2569	1.0000	1.0000	0.1413
32ls04	1	6	1	1	2.0000	1.0000	1.0000	0.2017	NaN	NaN	NaN	161876.9737	161877.3015	1.0000	1.0000	0.0394
32ls04	1	7	1	1	1.0000	1.0000	1.0000	NaN	4.7807	5.9064	16.4602	161879.5624	161879.8635	1.0000	1.0000	0.1014
32ls04	1	7	1	1	2.0000	1.0000	1.0000	0.2872	NaN	NaN	NaN	161880.5173	161880.8455	1.0000	1.0000	0.0007
32ls04	1	8	1	1	1.0000	1.0000	-1.0000	NaN	3.1869	-3.5083	15.3282	161882.7435	161883.0445	1.0000	0.0000	0.0672
32ls04	1	8	1	1	2.0000	1.0000	-1.0000	0.4242	NaN	NaN	NaN	161883.6930	161884.0204	0.0000	1.0000	0.0008
32ls04	1	9	1	1	1.0000	1.0000	1.0000	NaN	1.1496	1.4452	15.2378	161886.4299	161886.7309	1.0000	1.0000	0.1157
32ls04	1	9	1	1	2.0000	1.0000	1.0000	0.0758	NaN	NaN	NaN	161887.4130	161887.7403	1.0000	1.0000	0.0008
32ls04	1	10	1	1	1.0000	1.0000	-1.0000	NaN	0.2796	-0.2945	14.9002	161890.1210	161890.4220	1.0000	0.0000	0.0870
32ls04	1	10	1	1	2.0000	1.0000	-1.0000	0.6272	NaN	NaN	NaN	161891.0851	161891.4142	0.0000	1.0000	0.0010
32ls04	1	11	1	1	1.0000	1.0000	-1.0000	NaN	5.0978	-5.6401	14.0755	161893.4595	161893.7606	0.0000	1.0000	0.2472
32ls04	1	11	1	1	2.0000	1.0000	1.0000	0.5829	NaN	NaN	NaN	161894.5572	161894.8860	1.0000	1.0000	0.0007
32ls04	1	12	1	1	1.0000	1.0000	1.0000	NaN	5.2149	5.5373	14.4234	161897.1318	161897.4328	1.0000	1.0000	0.1830
32ls04	1	12	1	1	2.0000	1.0000	1.0000	0.3625	NaN	NaN	NaN	161898.1888	161898.5182	1.0000	1.0000	0.0711
32ls04	1	13	1	1	1.0000	1.0000	1.0000	NaN	4.1938	4.0186	15.6880	161900.7179	161901.0189	1.0000	1.0000	0.1386
32ls04	1	13	1	1	2.0000	1.0000	1.0000	0.6040	NaN	NaN	NaN	161901.7409	161902.0715	1.0000	1.0000	0.0007
32ls04	1	14	1	1	1.0000	1.0000	1.0000	NaN	2.4140	2.1602	13.8534	161904.3911	161904.6922	1.0000	1.0000	0.0810
32ls04	1	14	1	1	2.0000	1.0000	1.0000	0.3032	NaN	NaN	NaN	161905.3655	161905.6941	1.0000	1.0000	0.0008
32ls04	1	15	1	1	1.0000	1.0000	-1.0000	NaN	1.7025	-0.8548	16.9199	161908.0881	161908.3891	1.0000	0.0000	0.1367
32ls04	1	15	1	1	2.0000	1.0000	-1.0000	0.7564	NaN	NaN	NaN	161909.0935	161909.4224	1.0000	0.0000	0.0008
32ls04	1	16	1	1	1.0000	1.0000	1.0000	NaN	2.3449	4.2220	15.8489	161911.5579	161911.8588	1.0000	1.0000	0.0530
32ls04	1	16	1	1	2.0000	1.0000	1.0000	0.4827	NaN	NaN	NaN	161912.4931	161912.8200	1.0000	1.0000	0.1531
32ls04	1	17	1	1	1.0000	1.0000	-1.0000	NaN	0.4732	-1.7434	14.9447	161915.1457	161915.4466	1.0000	0.0000	0.1927
32ls04	1	17	1	1	2.0000	1.0000	-1.0000	0.6425	NaN	NaN	NaN	161916.2052	161916.5313	0.0000	1.0000	0.1164
32ls04	1	18	1	1	1.0000	1.0000	1.0000	NaN	4.4968	2.1625	15.1703	161918.9906	161919.2916	1.0000	1.0000	0.0760
32ls04	1	18	1	1	2.0000	1.0000	1.0000	0.6429	NaN	NaN	NaN	161919.9501	161920.2787	1.0000	1.0000	0.2245
32ls04	1	19	1	1	1.0000	1.0000	-1.0000	NaN	4.3529	-3.8093	16.3078	161922.6806	161922.9816	1.0000	0.0000	0.3195
32ls04	1	19	1	1	2.0000	1.0000	-1.0000	0.6245	NaN	NaN	NaN	161923.8693	161924.1963	0.0000	1.0000	0.1448
32ls04	1	20	1	1	1.0000	1.0000	1.0000	NaN	2.9092	1.6216	14.0252	161926.7620	161927.0630	1.0000	1.0000	0.1672
32ls04	1	20	1	1	2.0000	1.0000	1.0000	0.0400	NaN	NaN	NaN	161927.7894	161928.1170	1.0000	1.0000	0.0008
32ls04	1	21	1	1	1.0000	1.0000	-1.0000	NaN	1.6515	-1.1038	14.6287	161930.4259	161930.7270	1.0000	0.0000	0.0729
32ls04	1	21	1	1	2.0000	1.0000	-1.0000	0.1310	NaN	NaN	NaN	161931.3662	161931.6951	1.0000	0.0000	0.0007
32ls04	1	22	1	1	1.0000	1.0000	1.0000	NaN	1.8083	1.6640	16.1939	161934.2498	161934.5508	1.0000	1.0000	0.1264
32ls04	1	22	1	1	2.0000	1.0000	1.0000	0.2556	NaN	NaN	NaN	161935.2539	161935.5814	1.0000	1.0000	0.3276
32ls04	1	23	1	1	1.0000	1.0000	1.0000	NaN	5.3514	4.7993	14.7654	161938.4651	161938.7662	1.0000	1.0000	0.1608
32ls04	1	23	1	1	2.0000	1.0000	1.0000	0.5603	NaN	NaN	NaN	161939.4931	161939.8209	1.0000	1.0000	0.1707
32ls04	1	24	1	1	1.0000	1.0000	1.0000	NaN	5.5371	4.5945	16.1474	161942.2360	161942.5369	1.0000	1.0000	0.1160
32ls04	1	24	1	1	2.0000	1.0000	1.0000	0.6178	NaN	NaN	NaN	161943.2291	161943.5546	1.0000	1.0000	0.0007
32ls04	1	25	1	1	1.0000	1.0000	-1.0000	NaN	3.9751	-4.8587	14.1288	161945.8202	161946.1211	1.0000	0.0000	0.0703
32ls04	1	25	1	1	2.0000	1.0000	-1.0000	0.1732	NaN	NaN	NaN	161946.7494	161947.0791	0.0000	1.0000	0.0009
32ls04	1	26	1	1	1.0000	1.0000	1.0000	NaN	4.7740	6.4389	14.9231	161949.5943	161949.8955	1.0000	1.0000	0.1737
32ls04	1	26	1	1	2.0000	1.0000	1.0000	0.4110	NaN	NaN	NaN	161950.6455	161950.9724	1.0000	1.0000	0.3373
32ls04	1	27	1	1	1.0000	1.0000	-1.0000	NaN	2.9127	-3.8977	14.1807	161953.9408	161954.2418	1.0000	0.0000	0.1882
32ls04	1	27	1	1	2.0000	1.0000	-1.0000	0.6926	NaN	NaN	NaN	161954.9658	161955.2949	0.0000	1.0000	0.1201
32ls04	1	28	1	1	1.0000	1.0000	-1.0000	NaN	4.6861	-5.4612	15.1732	161957.7918	161958.0928	0.0000	1.0000	0.2986
32ls04	1	28	1	1	2.0000	1.0000	1.0000	0.3483	NaN	NaN	NaN	161958.9411	161959.2701	1.0000	1.0000	0.0007
32ls04	1	29	1	1	1.0000	1.0000	1.0000	NaN	4.0558	3.1123	15.0242	161961.4316	161961.7326	1.0000	1.0000	0.0994
32ls04	1	29	1	1	2.0000	1.0000	1.0000	0.2439	NaN	NaN	NaN	161962.3727	161962.6997	1.0000	1.0000	0.2656
32ls04	1	30	1	1	1.0000	1.0000	1.0000	NaN	0.4052	1.3949	15.5734	161965.0855	161965.3867	1.0000	1.0000	0.1791
32ls04	1	30	1	1	2.0000	1.0000	1.0000	0.6985	NaN	NaN	NaN	161966.1739	161966.5008	1.0000	1.0000	0.0342
32ls04	1	31	1	1	1.0000	1.0000	-1.0000	NaN	3.3625	-4.5702	14.4125	161968.8730	161969.1740	0.0000	1.0000	0.3112
32ls04	1	31	1	1	2.0000	1.0000	1.0000	0.4466	NaN	NaN	NaN	161970.0532	161970.3815	1.0000	1.0000	0.0173
32ls04	1	32	1	1	1.0000	1.0000	-1.0000	NaN	5.1140	-3.4156	16.7689	161972.5277	161972.8287	0.0000	1.0000	0.2165
32ls04	1	32	1	1	2.0000	1.0000	1.0000	0.4682	NaN	NaN	NaN	161973.6048	161973.9339	1.0000	1.0000	0.0009
32ls04	1	33	1	1	1.0000	1.0000	1.0000	NaN	5.1870	6.7796	14.6760	161976.1029	161976.4039	1.0000	1.0000	0.2590
32ls04	1	33	1	1	2.0000	1.0000	1.0000	0.2008	NaN	NaN	NaN	161977.1978	161977.5264	1.0000	1.0000	0.2627
32ls04	1	34	1	1	1.0000	1.0000	1.0000	NaN	2.9606	3.8168	15.2533	161979.9692	161980.2703	1.0000	1.0000	0.1437
32ls04	1	34	1	1	2.0000	1.0000	1.0000	0.7221	NaN	NaN	NaN	161980.9577	161981.2851	1.0000	1.0000	0.0078
32ls04	1	35	1	1	1.0000	1.0000	-1.0000	NaN	2.5413	-2.2683	15.2213	161983.7642	161984.0654	0.0000	1.0000	0.2839
32ls04	1	35	1	1	2.0000	1.0000	1.0000	0.4784	NaN	NaN	NaN	161984.9006	161985.2261	1.0000	1.0000	0.0771
32ls04	1	36	1	1	1.0000	1.0000	-1.0000	NaN	1.5531	-1.4197	16.0978	161987.7035	161988.0045	0.0000	1.0000	0.1286
32ls04	1	36	1	1	2.0000	1.0000	1.0000	0.7246	NaN	NaN	NaN	161988.7172	161989.0445	1.0000	1.0000	0.0726
32ls04	1	37	1	1	1.0000	1.0000	1.0000	NaN	4.1105	3.1239	12.2907	161991.1704	161991.4714	1.0000	1.0000	0.5591
32ls04	1	37	1	1	2.0000	1.0000	1.0000	0.1333	NaN	NaN	NaN	161992.5974	161992.9259	1.0000	1.0000	0.3217
32ls04	1	38	1	1	1.0000	1.0000	1.0000	NaN	2.0179	0.6371	15.3987	161995.2404	161995.5417	1.0000	1.0000	0.2899
32ls04	1	38	1	1	2.0000	1.0000	1.0000	0.2103	NaN	NaN	NaN	161996.4069	161996.7355	1.0000	1.0000	0.1197
32ls04	1	39	1	1	1.0000	1.0000	1.0000	NaN	4.0099	1.7501	14.6868	161999.5240	161999.8251	1.0000	1.0000	0.2282
32ls04	1	39	1	1	2.0000	1.0000	1.0000	0.2521	NaN	NaN	NaN	162000.6369	162000.9638	1.0000	1.0000	0.0736
32ls04	1	40	1	1	1.0000	1.0000	1.0000	NaN	0.1374	0.0866	15.0019	162003.4282	162003.7292	1.0000	1.0000	0.2069
32ls04	1	40	1	1	2.0000	1.0000	1.0000	0.2218	NaN	NaN	NaN	162004.4783	162004.8081	1.0000	1.0000	0.2857
32ls04	1	41	1	1	1.0000	1.0000	1.0000	NaN	4.7810	6.6658	15.6404	162007.5070	162007.8080	1.0000	1.0000	0.1359
32ls04	1	41	1	1	2.0000	1.0000	1.0000	0.0533	NaN	NaN	NaN	162008.5003	162008.8276	1.0000	1.0000	0.1156
32ls04	1	42	1	1	1.0000	1.0000	1.0000	NaN	0.7036	0.0423	14.2033	162011.3707	162011.6717	1.0000	1.0000	0.2233
32ls04	1	42	1	1	2.0000	1.0000	1.0000	0.0360	NaN	NaN	NaN	162012.4449	162012.7742	1.0000	1.0000	0.2230
32ls04	1	43	1	1	1.0000	1.0000	1.0000	NaN	3.3739	6.2179	15.9693	162015.2265	162015.5275	1.0000	1.0000	0.0559
32ls04	1	43	1	1	2.0000	1.0000	1.0000	0.6617	NaN	NaN	NaN	162016.1658	162016.4941	1.0000	1.0000	0.0152
32ls04	1	44	1	1	1.0000	1.0000	-1.0000	NaN	2.7557	-3.5849	13.4269	162018.7037	162019.0048	1.0000	0.0000	0.0422
32ls04	1	44	1	1	2.0000	1.0000	-1.0000	0.0241	NaN	NaN	NaN	162019.5974	162019.9243	1.0000	0.0000	0.0008
32ls04	1	45	1	1	1.0000	1.0000	1.0000	NaN	2.7832	1.4605	14.7176	162022.3556	162022.6565	1.0000	1.0000	0.1989
32ls04	1	45	1	1	2.0000	1.0000	1.0000	0.5335	NaN	NaN	NaN	162023.4064	162023.7341	1.0000	1.0000	0.2095
32ls04	1	46	1	1	1.0000	1.0000	-1.0000	NaN	4.3237	-5.3779	14.8092	162026.4626	162026.7636	1.0000	0.0000	0.1241
32ls04	1	46	1	1	2.0000	1.0000	-1.0000	0.6742	NaN	NaN	NaN	162027.4376	162027.7664	0.0000	1.0000	0.0949
32ls04	1	47	1	1	1.0000	1.0000	-1.0000	NaN	4.1592	-4.8741	14.6185	162030.2575	162030.5585	1.0000	0.0000	0.4405
32ls04	1	47	1	1	2.0000	1.0000	-1.0000	0.1969	NaN	NaN	NaN	162031.5402	162031.8673	0.0000	1.0000	0.2681
32ls04	1	48	1	1	1.0000	1.0000	1.0000	NaN	4.1043	5.1164	14.8549	162034.1277	162034.4287	1.0000	1.0000	0.1524
32ls04	1	48	1	1	2.0000	1.0000	1.0000	0.2302	NaN	NaN	NaN	162035.1336	162035.4602	1.0000	1.0000	0.1865
32ls04	1	49	1	1	1.0000	1.0000	-1.0000	NaN	2.6532	-2.9590	16.0768	162037.7735	162038.0745	1.0000	0.0000	0.2346
32ls04	1	49	1	1	2.0000	1.0000	-1.0000	0.3337	NaN	NaN	NaN	162038.9004	162039.2286	0.0000	1.0000	0.1846
32ls04	1	50	1	1	1.0000	1.0000	1.0000	NaN	0.7002	1.5925	15.1760	162041.6514	162041.9525	1.0000	1.0000	0.1406
32ls04	1	50	1	1	2.0000	1.0000	1.0000	0.6729	NaN	NaN	NaN	162042.6534	162042.9821	1.0000	1.0000	0.1922
32ls04	2	1	1	1	1.0000	1.0000	-1.0000	NaN	0.3820	-0.9236	14.4648	162047.8173	162048.1184	0.0000	1.0000	0.3620
32ls04	2	1	1	1	2.0000	1.0000	1.0000	0.4576	NaN	NaN	NaN	162049.0539	162049.3819	1.0000	1.0000	0.0008
32ls04	2	2	1	1	1.0000	1.0000	-1.0000	NaN	0.3793	-0.9522	16.1779	162051.8285	162052.1295	0.0000	1.0000	0.1476
32ls04	2	2	1	1	2.0000	1.0000	1.0000	0.6267	NaN	NaN	NaN	162052.8617	162053.1885	1.0000	1.0000	0.0007
32ls04	2	3	1	1	1.0000	1.0000	-1.0000	NaN	4.7777	-5.1487	15.4928	162055.6877	162055.9887	0.0000	1.0000	0.1784
32ls04	2	3	1	1	2.0000	1.0000	1.0000	0.3818	NaN	NaN	NaN	162056.7408	162057.0687	1.0000	1.0000	0.0174
32ls04	2	4	1	1	1.0000	1.0000	-1.0000	NaN	4.7363	-7.0283	13.5963	162059.3550	162059.6560	0.0000	1.0000	0.1042
32ls04	2	4	1	1	2.0000	1.0000	1.0000	0.4506	NaN	NaN	NaN	162060.3261	162060.6557	1.0000	1.0000	0.0010
32ls04	2	5	1	1	1.0000	1.0000	-1.0000	NaN	5.4561	-6.9402	14.3380	162062.8764	162063.1774	0.0000	1.0000	0.0771
32ls04	2	5	1	1	2.0000	1.0000	1.0000	0.2577	NaN	NaN	NaN	162063.8455	162064.1730	1.0000	1.0000	0.0007
32ls04	2	6	1	1	1.0000	1.0000	-1.0000	NaN	3.6313	-5.0091	13.9220	162066.5553	162066.8567	0.0000	1.0000	0.0550
32ls04	2	6	1	1	2.0000	1.0000	1.0000	0.0855	NaN	NaN	NaN	162067.4698	162067.7984	1.0000	1.0000	0.0007
32ls04	2	7	1	1	1.0000	1.0000	1.0000	NaN	0.0649	0.5542	15.4205	162070.1725	162070.4735	0.0000	0.0000	0.2918
32ls04	2	7	1	1	2.0000	1.0000	-1.0000	0.1626	NaN	NaN	NaN	162071.3168	162071.6443	0.0000	1.0000	0.1768
32ls04	2	8	1	1	1.0000	1.0000	-1.0000	NaN	4.0102	-5.5066	14.5425	162074.2936	162074.5946	0.0000	1.0000	0.1158
32ls04	2	8	1	1	2.0000	1.0000	1.0000	0.0385	NaN	NaN	NaN	162075.3016	162075.6327	1.0000	1.0000	0.0011
32ls04	2	9	1	1	1.0000	1.0000	-1.0000	NaN	0.0531	-0.4630	15.4154	162077.7935	162078.0944	0.0000	1.0000	0.3366
32ls04	2	9	1	1	2.0000	1.0000	1.0000	0.2881	NaN	NaN	NaN	162078.9651	162079.2928	1.0000	1.0000	0.0007
32ls04	2	10	1	1	1.0000	1.0000	1.0000	NaN	0.2108	1.3609	14.7953	162081.4147	162081.7157	0.0000	0.0000	0.2576
32ls04	2	10	1	1	2.0000	1.0000	-1.0000	0.7646	NaN	NaN	NaN	162082.5263	162082.8526	1.0000	0.0000	0.0007
32ls04	2	11	1	1	1.0000	1.0000	1.0000	NaN	3.6545	1.2845	16.3356	162085.2061	162085.5074	1.0000	1.0000	0.2979
32ls04	2	11	1	1	2.0000	1.0000	1.0000	0.6218	NaN	NaN	NaN	162086.3572	162086.6845	1.0000	1.0000	0.2349
32ls04	2	12	1	1	1.0000	1.0000	1.0000	NaN	2.4582	3.6138	16.0316	162089.1040	162089.4050	0.0000	0.0000	0.2428
32ls04	2	12	1	1	2.0000	1.0000	-1.0000	0.0311	NaN	NaN	NaN	162090.1896	162090.5168	0.0000	1.0000	0.4025
32ls04	2	13	1	1	1.0000	1.0000	-1.0000	NaN	1.9971	-2.4045	14.3298	162092.9730	162093.2741	0.0000	1.0000	0.3072
32ls04	2	13	1	1	2.0000	1.0000	1.0000	0.5949	NaN	NaN	NaN	162094.1096	162094.4369	1.0000	1.0000	0.0426
32ls04	2	14	1	1	1.0000	1.0000	-1.0000	NaN	4.8804	-4.5083	14.1515	162096.3399	162096.6410	0.0000	1.0000	0.2201
32ls04	2	14	1	1	2.0000	1.0000	1.0000	0.1302	NaN	NaN	NaN	162097.3893	162097.7198	1.0000	1.0000	0.0008
32ls04	2	15	1	1	1.0000	1.0000	-1.0000	NaN	2.4978	-2.1328	16.8093	162100.1780	162100.4790	1.0000	0.0000	0.4727
32ls04	2	15	1	1	2.0000	1.0000	-1.0000	0.0671	NaN	NaN	NaN	162101.5014	162101.8293	1.0000	0.0000	0.1616
32ls04	2	16	1	1	1.0000	1.0000	1.0000	NaN	4.4085	4.7245	14.3881	162103.9502	162104.2513	1.0000	1.0000	0.2020
32ls04	2	16	1	1	2.0000	1.0000	1.0000	0.2054	NaN	NaN	NaN	162105.0297	162105.3581	1.0000	1.0000	0.2150
32ls04	2	17	1	1	1.0000	1.0000	-1.0000	NaN	4.1479	-4.0822	13.4589	162108.0190	162108.3199	0.0000	1.0000	0.2532
32ls04	2	17	1	1	2.0000	1.0000	1.0000	0.0621	NaN	NaN	NaN	162109.0933	162109.4204	1.0000	1.0000	0.0008
32ls04	2	18	1	1	1.0000	1.0000	-1.0000	NaN	3.4433	-2.4636	15.7212	162111.5622	162111.8631	0.0000	1.0000	0.2460
32ls04	2	18	1	1	2.0000	1.0000	1.0000	0.1995	NaN	NaN	NaN	162112.6618	162112.9905	1.0000	1.0000	0.0389
32ls04	2	19	1	1	1.0000	1.0000	1.0000	NaN	1.3161	1.9709	15.4094	162115.1826	162115.4836	0.0000	0.0000	0.1616
32ls04	2	19	1	1	2.0000	1.0000	-1.0000	0.7554	NaN	NaN	NaN	162116.2134	162116.5448	0.0000	1.0000	0.0008
32ls04	2	20	1	1	1.0000	1.0000	1.0000	NaN	1.3230	1.9691	14.3082	162118.9003	162119.2013	1.0000	1.0000	0.3081
32ls04	2	20	1	1	2.0000	1.0000	1.0000	0.4862	NaN	NaN	NaN	162120.0933	162120.4212	1.0000	1.0000	0.0008
32ls04	2	21	1	1	1.0000	1.0000	-1.0000	NaN	1.3081	-2.8875	16.0907	162122.2949	162122.5959	1.0000	0.0000	0.2673
32ls04	2	21	1	1	2.0000	1.0000	-1.0000	0.4128	NaN	NaN	NaN	162123.3971	162123.7241	0.0000	1.0000	0.3297
32ls04	2	22	1	1	1.0000	1.0000	1.0000	NaN	1.5571	1.3090	15.6945	162126.3004	162126.6018	1.0000	1.0000	0.2033
32ls04	2	22	1	1	2.0000	1.0000	1.0000	0.1474	NaN	NaN	NaN	162127.3575	162127.6855	1.0000	1.0000	0.0894
32ls04	2	23	1	1	1.0000	1.0000	1.0000	NaN	3.9881	4.8206	14.8282	162129.6020	162129.9030	1.0000	1.0000	0.2485
32ls04	2	23	1	1	2.0000	1.0000	1.0000	0.7397	NaN	NaN	NaN	162130.7182	162131.0466	1.0000	1.0000	0.0308
32ls04	2	24	1	1	1.0000	1.0000	1.0000	NaN	5.5458	4.4714	17.2179	162133.1974	162133.4984	1.0000	1.0000	0.0910
32ls04	2	24	1	1	2.0000	1.0000	1.0000	0.7090	NaN	NaN	NaN	162134.1731	162134.5007	1.0000	1.0000	0.0007
32ls04	2	25	1	1	1.0000	1.0000	-1.0000	NaN	3.4750	-1.7744	13.2694	162136.5337	162136.8347	1.0000	0.0000	0.2600
32ls04	2	25	1	1	2.0000	1.0000	-1.0000	0.2331	NaN	NaN	NaN	162137.6612	162137.9919	1.0000	0.0000	0.0009
32ls04	2	26	1	1	1.0000	1.0000	1.0000	NaN	5.4654	2.3382	15.0170	162140.3821	162140.6831	1.0000	1.0000	0.1955
32ls04	2	26	1	1	2.0000	1.0000	1.0000	0.6098	NaN	NaN	NaN	162141.4449	162141.7724	1.0000	1.0000	0.2254
32ls04	2	27	1	1	1.0000	1.0000	-1.0000	NaN	4.2824	-3.1510	15.4713	162144.3356	162144.6369	1.0000	0.0000	0.4640
32ls04	2	27	1	1	2.0000	1.0000	-1.0000	0.3537	NaN	NaN	NaN	162145.6612	162145.9886	0.0000	1.0000	0.0411
32ls04	2	28	1	1	1.0000	1.0000	-1.0000	NaN	5.0828	-5.2147	14.9734	162148.2839	162148.5853	1.0000	0.0000	0.1245
32ls04	2	28	1	1	2.0000	1.0000	-1.0000	0.2439	NaN	NaN	NaN	162149.2460	162149.5732	0.0000	1.0000	0.1279
32ls04	2	29	1	1	1.0000	1.0000	1.0000	NaN	3.1864	3.2168	14.9068	162151.6450	162151.9460	1.0000	1.0000	0.3310
32ls04	2	29	1	1	2.0000	1.0000	1.0000	0.0209	NaN	NaN	NaN	162152.8696	162153.1964	0.0000	0.0000	0.4807
32ls04	2	30	1	1	1.0000	1.0000	-1.0000	NaN	2.5589	-0.6200	14.8951	162155.9054	162156.2064	1.0000	0.0000	0.5190
32ls04	2	30	1	1	2.0000	1.0000	-1.0000	0.0033	NaN	NaN	NaN	162157.2691	162157.5964	1.0000	0.0000	0.1554
32ls04	2	31	1	1	1.0000	1.0000	-1.0000	NaN	1.1438	-0.8043	12.8767	162159.9026	162160.2036	1.0000	0.0000	0.2656
32ls04	2	31	1	1	2.0000	1.0000	-1.0000	0.7597	NaN	NaN	NaN	162161.0294	162161.3573	0.0000	1.0000	0.3201
32ls04	2	32	1	1	1.0000	1.0000	-1.0000	NaN	4.7987	-4.1973	14.8383	162163.5078	162163.8088	0.0000	1.0000	0.3751
32ls04	2	32	1	1	2.0000	1.0000	1.0000	0.0281	NaN	NaN	NaN	162164.7017	162165.0297	1.0000	1.0000	0.0007
32ls04	2	33	1	1	1.0000	1.0000	1.0000	NaN	4.8379	2.7916	15.1815	162167.1431	162167.4441	1.0000	1.0000	0.1609
32ls04	2	33	1	1	2.0000	1.0000	1.0000	0.3584	NaN	NaN	NaN	162168.1495	162168.4782	1.0000	1.0000	0.0710
32ls04	2	34	1	1	1.0000	1.0000	1.0000	NaN	1.0257	2.7664	14.1019	162170.7884	162171.0894	1.0000	1.0000	0.1743
32ls04	2	34	1	1	2.0000	1.0000	1.0000	0.1834	NaN	NaN	NaN	162171.8133	162172.1410	1.0000	1.0000	0.2248
32ls04	2	35	1	1	1.0000	1.0000	-1.0000	NaN	2.7332	-0.5241	13.8978	162174.3289	162174.6299	1.0000	0.0000	0.1859
32ls04	2	35	1	1	2.0000	1.0000	-1.0000	0.5834	NaN	NaN	NaN	162175.3656	162175.6936	0.0000	1.0000	0.1784
32ls04	2	36	1	1	1.0000	1.0000	-1.0000	NaN	5.5212	-5.1280	14.2181	162178.2136	162178.5147	0.0000	1.0000	0.2691
32ls04	2	36	1	1	2.0000	1.0000	1.0000	0.0897	NaN	NaN	NaN	162179.3424	162179.6693	1.0000	1.0000	0.0007
32ls04	2	37	1	1	1.0000	1.0000	1.0000	NaN	3.5195	1.8659	15.2858	162181.5601	162181.8614	1.0000	1.0000	0.4343
32ls04	2	37	1	1	2.0000	1.0000	1.0000	0.0426	NaN	NaN	NaN	162182.8706	162183.1990	1.0000	1.0000	0.0007
32ls04	2	38	1	1	1.0000	1.0000	-1.0000	NaN	0.6903	-2.2901	14.4623	162185.5165	162185.8176	1.0000	0.0000	0.1396
32ls04	2	38	1	1	2.0000	1.0000	-1.0000	0.3071	NaN	NaN	NaN	162186.5252	162186.8539	0.0000	1.0000	0.2234
32ls04	2	39	1	1	1.0000	1.0000	-1.0000	NaN	3.1522	-3.2258	13.9125	162189.1998	162189.5008	1.0000	0.0000	0.3069
32ls04	2	39	1	1	2.0000	1.0000	-1.0000	0.0973	NaN	NaN	NaN	162190.3815	162190.7094	0.0000	1.0000	0.4506
32ls04	2	40	1	1	1.0000	1.0000	-1.0000	NaN	3.3414	-4.5693	13.9050	162193.3688	162193.6698	0.0000	1.0000	0.5302
32ls04	2	40	1	1	2.0000	1.0000	1.0000	0.7668	NaN	NaN	NaN	162194.8053	162195.1336	1.0000	1.0000	0.0008
32ls04	2	41	1	1	1.0000	1.0000	-1.0000	NaN	1.8069	-3.7567	14.9340	162197.3977	162197.6987	0.0000	1.0000	0.4026
32ls04	2	41	1	1	2.0000	1.0000	1.0000	0.5584	NaN	NaN	NaN	162198.6298	162198.9566	1.0000	1.0000	0.0007
32ls04	2	42	1	1	1.0000	1.0000	1.0000	NaN	3.8420	2.3829	15.4219	162200.8286	162201.1296	1.0000	1.0000	0.6756
32ls04	2	42	1	1	2.0000	1.0000	1.0000	0.2783	NaN	NaN	NaN	162202.3580	162202.6858	1.0000	1.0000	0.2810
32ls04	2	43	1	1	1.0000	1.0000	-1.0000	NaN	5.3150	-5.1406	12.4745	162205.3142	162205.6153	0.0000	1.0000	0.1822
32ls04	2	43	1	1	2.0000	1.0000	1.0000	0.1601	NaN	NaN	NaN	162206.3094	162206.6371	1.0000	1.0000	0.0161
32ls04	2	44	1	1	1.0000	1.0000	1.0000	NaN	3.1601	1.5638	14.9497	162208.6399	162208.9411	1.0000	1.0000	0.3785
32ls04	2	44	1	1	2.0000	1.0000	1.0000	0.5627	NaN	NaN	NaN	162209.8529	162210.1795	1.0000	1.0000	0.0007
32ls04	2	45	1	1	1.0000	1.0000	-1.0000	NaN	1.7946	-3.8582	14.5203	162212.0050	162212.3060	0.0000	1.0000	0.3020
32ls04	2	45	1	1	2.0000	1.0000	1.0000	0.4495	NaN	NaN	NaN	162213.1330	162213.4605	1.0000	1.0000	0.1206
32ls04	2	46	1	1	1.0000	1.0000	-1.0000	NaN	1.9742	-2.9046	14.2629	162215.6352	162215.9363	0.0000	1.0000	0.4531
32ls04	2	46	1	1	2.0000	1.0000	1.0000	0.5950	NaN	NaN	NaN	162216.9175	162217.2449	1.0000	1.0000	0.0826
32ls04	2	47	1	1	1.0000	1.0000	1.0000	NaN	1.4598	1.7987	15.4515	162219.5294	162219.8307	1.0000	1.0000	0.5201
32ls04	2	47	1	1	2.0000	1.0000	1.0000	0.4309	NaN	NaN	NaN	162220.9254	162221.2530	1.0000	1.0000	0.4340
32ls04	2	48	1	1	1.0000	1.0000	1.0000	NaN	2.6052	4.7729	15.8170	162223.7481	162224.0491	1.0000	1.0000	0.3083
32ls04	2	48	1	1	2.0000	1.0000	1.0000	0.3525	NaN	NaN	NaN	162224.9497	162225.2766	1.0000	1.0000	0.4739
32ls04	2	49	1	1	1.0000	1.0000	1.0000	NaN	1.7265	1.6311	14.8632	162227.8519	162228.1530	1.0000	1.0000	0.3107
32ls04	2	49	1	1	2.0000	1.0000	1.0000	0.5323	NaN	NaN	NaN	162228.9977	162229.3249	1.0000	1.0000	0.2184
32ls04	2	50	1	1	1.0000	1.0000	1.0000	NaN	0.0447	0.0882	15.8099	162231.7876	162232.0887	1.0000	1.0000	0.5913
32ls04	2	50	1	1	2.0000	1.0000	1.0000	0.0947	NaN	NaN	NaN	162233.2293	162233.5563	1.0000	1.0000	0.1210
32ls04	3	1	1	1	1.0000	1.0000	1.0000	NaN	3.1210	2.0416	14.9985	162237.8814	162238.1824	1.0000	1.0000	0.2388
32ls04	3	1	1	1	2.0000	1.0000	1.0000	0.5837	NaN	NaN	NaN	162238.9824	162239.3097	1.0000	1.0000	0.1850
32ls04	3	2	1	1	1.0000	1.0000	-1.0000	NaN	0.6893	-1.6213	14.4887	162241.4015	162241.7025	1.0000	0.0000	0.2554
32ls04	3	2	1	1	2.0000	1.0000	-1.0000	0.1563	NaN	NaN	NaN	162242.5011	162242.8286	0.0000	1.0000	0.2831
32ls04	3	3	1	1	1.0000	1.0000	1.0000	NaN	0.5384	0.2256	16.3015	162245.0654	162245.3664	1.0000	1.0000	0.1933
32ls04	3	3	1	1	2.0000	1.0000	1.0000	0.6106	NaN	NaN	NaN	162246.0933	162246.4197	1.0000	1.0000	0.1612
32ls04	3	4	1	1	1.0000	1.0000	-1.0000	NaN	3.9777	-2.8861	14.3000	162248.9450	162249.2462	1.0000	0.0000	0.2169
32ls04	3	4	1	1	2.0000	1.0000	-1.0000	0.6809	NaN	NaN	NaN	162250.0134	162250.3429	0.0000	1.0000	0.2085
32ls04	3	5	1	1	1.0000	1.0000	-1.0000	NaN	3.7468	-2.7033	13.7466	162252.9848	162253.2860	0.0000	1.0000	0.2952
32ls04	3	5	1	1	2.0000	1.0000	1.0000	0.7441	NaN	NaN	NaN	162254.1890	162254.5153	1.0000	1.0000	0.0007
32ls04	3	6	1	1	1.0000	1.0000	1.0000	NaN	3.0414	2.9026	14.3555	162256.8907	162257.1917	1.0000	1.0000	0.2555
32ls04	3	6	1	1	2.0000	1.0000	1.0000	0.1685	NaN	NaN	NaN	162257.9812	162258.3101	1.0000	1.0000	0.0007
32ls04	3	7	1	1	1.0000	1.0000	1.0000	NaN	0.6169	1.0435	14.1245	162260.3483	162260.6493	1.0000	1.0000	0.1400
32ls04	3	7	1	1	2.0000	1.0000	1.0000	0.3844	NaN	NaN	NaN	162261.3256	162261.6531	1.0000	1.0000	0.0098
32ls04	3	8	1	1	1.0000	1.0000	1.0000	NaN	1.1363	2.0265	16.0127	162264.0911	162264.3922	1.0000	1.0000	0.0928
32ls04	3	8	1	1	2.0000	1.0000	1.0000	0.1721	NaN	NaN	NaN	162265.0536	162265.3808	1.0000	1.0000	0.0009
32ls04	3	9	1	1	1.0000	1.0000	1.0000	NaN	0.3551	1.0536	14.9581	162267.8366	162268.1377	1.0000	1.0000	0.1584
32ls04	3	9	1	1	2.0000	1.0000	1.0000	0.7521	NaN	NaN	NaN	162268.8453	162269.1723	1.0000	1.0000	0.0007
32ls04	3	10	1	1	1.0000	1.0000	1.0000	NaN	0.3615	2.0621	15.1312	162271.2149	162271.5160	1.0000	1.0000	0.1067
32ls04	3	10	1	1	2.0000	1.0000	1.0000	0.2527	NaN	NaN	NaN	162272.1905	162272.5179	1.0000	1.0000	0.0007
32ls04	3	11	1	1	1.0000	1.0000	1.0000	NaN	0.6926	0.8942	14.1012	162274.7141	162275.0151	1.0000	1.0000	0.1502
32ls04	3	11	1	1	2.0000	1.0000	1.0000	0.6529	NaN	NaN	NaN	162275.7097	162276.0359	1.0000	1.0000	0.0916
32ls04	3	12	1	1	1.0000	1.0000	-1.0000	NaN	0.0228	-0.4581	15.2918	162278.6313	162278.9323	1.0000	0.0000	0.1144
32ls04	3	12	1	1	2.0000	1.0000	-1.0000	0.3059	NaN	NaN	NaN	162279.6300	162279.9575	1.0000	0.0000	0.0180
32ls04	3	13	1	1	1.0000	1.0000	-1.0000	NaN	1.2200	-1.8192	14.7258	162282.0944	162282.3955	0.0000	1.0000	0.4818
32ls04	3	13	1	1	2.0000	1.0000	1.0000	0.0402	NaN	NaN	NaN	162283.4289	162283.7557	1.0000	1.0000	0.0523
32ls04	3	14	1	1	1.0000	1.0000	-1.0000	NaN	3.0806	-1.9709	14.1117	162286.4080	162286.7090	0.0000	1.0000	0.2100
32ls04	3	14	1	1	2.0000	1.0000	1.0000	0.2870	NaN	NaN	NaN	162287.4935	162287.8210	1.0000	1.0000	0.0508
32ls04	3	15	1	1	1.0000	1.0000	-1.0000	NaN	2.4088	-1.5633	15.7801	162289.9238	162290.2250	1.0000	0.0000	0.6123
32ls04	3	15	1	1	2.0000	1.0000	-1.0000	0.6437	NaN	NaN	NaN	162291.3740	162291.7012	0.0000	1.0000	0.1691
32ls04	3	16	1	1	1.0000	1.0000	1.0000	NaN	2.8047	2.3614	14.4735	162294.0159	162294.3170	1.0000	1.0000	0.3043
32ls04	3	16	1	1	2.0000	1.0000	1.0000	0.4002	NaN	NaN	NaN	162295.1250	162295.4513	0.0000	0.0000	0.1459
32ls04	3	17	1	1	1.0000	1.0000	-1.0000	NaN	2.2747	-1.2791	14.1716	162297.9696	162298.2708	1.0000	0.0000	0.2643
32ls04	3	17	1	1	2.0000	1.0000	-1.0000	0.1178	NaN	NaN	NaN	162299.1171	162299.4455	1.0000	0.0000	0.0009
32ls04	3	18	1	1	1.0000	1.0000	1.0000	NaN	0.8283	1.5287	14.9159	162301.6472	162301.9482	1.0000	1.0000	0.1865
32ls04	3	18	1	1	2.0000	1.0000	1.0000	0.4654	NaN	NaN	NaN	162302.6932	162303.0213	1.0000	1.0000	0.0800
32ls04	3	19	1	1	1.0000	1.0000	1.0000	NaN	3.1582	2.0056	14.9259	162305.0210	162305.3221	1.0000	1.0000	0.1721
32ls04	3	19	1	1	2.0000	1.0000	1.0000	0.1966	NaN	NaN	NaN	162306.0615	162306.3882	1.0000	1.0000	0.2025
32ls04	3	20	1	1	1.0000	1.0000	-1.0000	NaN	2.1667	-1.3808	13.4354	162308.6945	162308.9956	1.0000	0.0000	0.1557
32ls04	3	20	1	1	2.0000	1.0000	-1.0000	0.6589	NaN	NaN	NaN	162309.6939	162310.0217	0.0000	1.0000	0.2642
32ls04	3	21	1	1	1.0000	1.0000	1.0000	NaN	3.2213	2.0985	14.6535	162312.3804	162312.6816	1.0000	1.0000	0.1245
32ls04	3	21	1	1	2.0000	1.0000	1.0000	0.7082	NaN	NaN	NaN	162313.3661	162313.6932	1.0000	1.0000	0.2101
32ls04	3	22	1	1	1.0000	1.0000	1.0000	NaN	1.6099	0.8740	15.0378	162316.2550	162316.5560	1.0000	1.0000	0.2836
32ls04	3	22	1	1	2.0000	1.0000	1.0000	0.5589	NaN	NaN	NaN	162317.4129	162317.7393	1.0000	1.0000	0.0285
32ls04	3	23	1	1	1.0000	1.0000	1.0000	NaN	3.0308	2.0134	14.7442	162320.2778	162320.5790	1.0000	1.0000	0.1782
32ls04	3	23	1	1	2.0000	1.0000	1.0000	0.1278	NaN	NaN	NaN	162321.3018	162321.6286	1.0000	1.0000	0.1288
32ls04	3	24	1	1	1.0000	1.0000	-1.0000	NaN	3.5772	-2.6606	14.5734	162323.8038	162324.1050	1.0000	0.0000	0.1104
32ls04	3	24	1	1	2.0000	1.0000	-1.0000	0.2814	NaN	NaN	NaN	162324.7495	162325.0783	0.0000	1.0000	0.2333
32ls04	3	25	1	1	1.0000	1.0000	-1.0000	NaN	0.9160	-0.5256	15.8017	162327.6695	162327.9704	1.0000	0.0000	0.1386
32ls04	3	25	1	1	2.0000	1.0000	-1.0000	0.4106	NaN	NaN	NaN	162328.6768	162329.0043	1.0000	0.0000	0.0008
32ls04	3	26	1	1	1.0000	1.0000	-1.0000	NaN	0.9725	-1.8749	14.5807	162331.3807	162331.6817	1.0000	0.0000	0.1657
32ls04	3	26	1	1	2.0000	1.0000	-1.0000	0.1374	NaN	NaN	NaN	162332.3896	162332.7174	0.0000	1.0000	0.0258
32ls04	3	27	1	1	1.0000	1.0000	1.0000	NaN	3.5739	1.8195	14.6155	162335.1039	162335.4049	1.0000	1.0000	0.4346
32ls04	3	27	1	1	2.0000	1.0000	1.0000	0.4383	NaN	NaN	NaN	162336.4292	162336.7570	1.0000	1.0000	0.3781
32ls04	3	28	1	1	1.0000	1.0000	1.0000	NaN	3.3998	3.5605	14.9353	162339.7782	162340.0792	1.0000	1.0000	0.2545
32ls04	3	28	1	1	2.0000	1.0000	1.0000	0.5860	NaN	NaN	NaN	162340.9036	162341.2317	1.0000	1.0000	0.3200
32ls04	3	29	1	1	1.0000	1.0000	-1.0000	NaN	1.1572	-2.7981	16.4348	162343.5359	162343.8368	1.0000	0.0000	0.3070
32ls04	3	29	1	1	2.0000	1.0000	-1.0000	0.2719	NaN	NaN	NaN	162344.7180	162345.0471	1.0000	0.0000	0.3979
32ls04	3	30	1	1	1.0000	1.0000	-1.0000	NaN	3.1596	-3.9054	15.3893	162347.7480	162348.0490	0.0000	1.0000	0.3416
32ls04	3	30	1	1	2.0000	1.0000	1.0000	0.2320	NaN	NaN	NaN	162348.9416	162349.2695	1.0000	1.0000	0.0007
32ls04	3	31	1	1	1.0000	1.0000	-1.0000	NaN	1.6960	-0.4533	15.7554	162351.6150	162351.9160	0.0000	1.0000	0.3773
32ls04	3	31	1	1	2.0000	1.0000	1.0000	0.2446	NaN	NaN	NaN	162352.8697	162353.1977	1.0000	1.0000	0.1515
32ls04	3	32	1	1	1.0000	1.0000	-1.0000	NaN	2.8661	-3.5568	14.0680	162355.7676	162356.0686	0.0000	1.0000	0.6429
32ls04	3	32	1	1	2.0000	1.0000	1.0000	0.0618	NaN	NaN	NaN	162357.3097	162357.6367	1.0000	1.0000	0.0007
32ls04	3	33	1	1	1.0000	1.0000	-1.0000	NaN	1.1005	-4.0494	14.2831	162359.7436	162360.0446	1.0000	0.0000	0.2167
32ls04	3	33	1	1	2.0000	1.0000	-1.0000	0.6504	NaN	NaN	NaN	162360.8054	162361.1321	0.0000	1.0000	0.0648
32ls04	3	34	1	1	1.0000	1.0000	-1.0000	NaN	3.5478	-5.4936	14.6353	162363.5418	162363.8429	0.0000	1.0000	0.2504
32ls04	3	34	1	1	2.0000	1.0000	1.0000	0.0123	NaN	NaN	NaN	162364.6455	162364.9745	1.0000	1.0000	0.0575
32ls04	3	35	1	1	1.0000	1.0000	1.0000	NaN	3.4651	4.7817	14.4139	162367.3420	162367.6430	1.0000	1.0000	0.5302
32ls04	3	35	1	1	2.0000	1.0000	1.0000	0.7167	NaN	NaN	NaN	162368.6936	162369.0211	1.0000	1.0000	0.1041
32ls04	3	36	1	1	1.0000	1.0000	-1.0000	NaN	5.0415	-6.2398	15.8088	162371.7792	162372.0802	0.0000	1.0000	0.3890
32ls04	3	36	1	1	2.0000	1.0000	1.0000	0.2786	NaN	NaN	NaN	162372.9967	162373.3230	1.0000	1.0000	0.0007
32ls04	3	37	1	1	1.0000	1.0000	-1.0000	NaN	1.6273	-1.7225	13.4702	162375.5640	162375.8650	0.0000	1.0000	0.3030
32ls04	3	37	1	1	2.0000	1.0000	1.0000	0.7117	NaN	NaN	NaN	162376.7252	162377.0530	1.0000	1.0000	0.0560
32ls04	3	38	1	1	1.0000	1.0000	1.0000	NaN	3.2025	4.2213	15.1844	162379.2690	162379.5701	1.0000	1.0000	0.2912
32ls04	3	38	1	1	2.0000	1.0000	1.0000	0.3932	NaN	NaN	NaN	162380.4134	162380.7409	1.0000	1.0000	0.1140
32ls04	3	39	1	1	1.0000	1.0000	-1.0000	NaN	3.0624	-4.1103	13.3779	162382.8647	162383.1658	1.0000	0.0000	0.2164
32ls04	3	39	1	1	2.0000	1.0000	-1.0000	0.5216	NaN	NaN	NaN	162383.9105	162384.2386	0.0000	1.0000	0.2305
32ls04	3	40	1	1	1.0000	1.0000	1.0000	NaN	1.6696	1.3704	15.3017	162387.0144	162387.3154	1.0000	1.0000	0.1546
32ls04	3	40	1	1	2.0000	1.0000	1.0000	0.2344	NaN	NaN	NaN	162387.9896	162388.3177	1.0000	1.0000	0.1037
32ls04	3	41	1	1	1.0000	1.0000	-1.0000	NaN	3.7897	-4.5746	14.0506	162390.2196	162390.5206	1.0000	0.0000	0.5491
32ls04	3	41	1	1	2.0000	1.0000	-1.0000	0.4204	NaN	NaN	NaN	162391.5975	162391.9238	1.0000	0.0000	0.1137
32ls04	3	42	1	1	1.0000	1.0000	-1.0000	NaN	1.0246	-0.6894	15.7611	162394.5989	162394.9001	1.0000	0.0000	0.2829
32ls04	3	42	1	1	2.0000	1.0000	-1.0000	0.6105	NaN	NaN	NaN	162395.7252	162396.0531	0.0000	1.0000	0.1628
32ls04	3	43	1	1	1.0000	1.0000	1.0000	NaN	1.0910	2.1284	14.4775	162398.4922	162398.7932	1.0000	1.0000	0.1912
32ls04	3	43	1	1	2.0000	1.0000	1.0000	0.5597	NaN	NaN	NaN	162399.5331	162399.8609	1.0000	1.0000	0.3925
32ls04	3	44	1	1	1.0000	1.0000	1.0000	NaN	3.7260	2.9133	14.7193	162402.6820	162402.9834	1.0000	1.0000	0.2055
32ls04	3	44	1	1	2.0000	1.0000	1.0000	0.2215	NaN	NaN	NaN	162403.7576	162404.0851	1.0000	1.0000	0.2247
32ls04	3	45	1	1	1.0000	1.0000	-1.0000	NaN	2.7701	-4.4334	13.8507	162406.8954	162407.1966	0.0000	1.0000	0.3067
32ls04	3	45	1	1	2.0000	1.0000	1.0000	0.7165	NaN	NaN	NaN	162408.0455	162408.3731	1.0000	1.0000	0.1138
32ls04	3	46	1	1	1.0000	1.0000	-1.0000	NaN	5.1386	-2.8677	14.2781	162410.9971	162411.2987	0.0000	1.0000	0.5808
32ls04	3	46	1	1	2.0000	1.0000	1.0000	0.6941	NaN	NaN	NaN	162412.4534	162412.7808	1.0000	1.0000	0.1284
32ls04	3	47	1	1	1.0000	1.0000	-1.0000	NaN	2.3999	-1.3703	14.7478	162415.4283	162415.7298	1.0000	0.0000	0.3797
32ls04	3	47	1	1	2.0000	1.0000	-1.0000	0.5435	NaN	NaN	NaN	162416.6933	162417.0191	0.0000	1.0000	0.1540
32ls04	3	48	1	1	1.0000	1.0000	-1.0000	NaN	3.7346	-4.1754	14.3798	162419.1359	162419.4368	0.0000	1.0000	0.4089
32ls04	3	48	1	1	2.0000	1.0000	1.0000	0.5474	NaN	NaN	NaN	162420.3894	162420.7183	1.0000	1.0000	0.0472
32ls04	3	49	1	1	1.0000	1.0000	1.0000	NaN	1.7255	1.4711	14.4152	162422.7791	162423.0807	1.0000	1.0000	0.3349
32ls04	3	49	1	1	2.0000	1.0000	1.0000	0.3232	NaN	NaN	NaN	162424.0047	162424.3321	1.0000	1.0000	0.2492
32ls04	3	50	1	1	1.0000	1.0000	-1.0000	NaN	0.9892	-0.6023	14.0645	162426.9679	162427.2689	1.0000	0.0000	0.2025
32ls04	3	50	1	1	2.0000	1.0000	-1.0000	0.4474	NaN	NaN	NaN	162428.0378	162428.3656	0.0000	1.0000	0.2023
32ls04	4	1	1	1	1.0000	1.0000	-1.0000	NaN	0.8488	-0.2910	14.4406	162440.3211	162440.6221	0.0000	1.0000	0.5450
32ls04	4	1	1	1	2.0000	1.0000	1.0000	0.6164	NaN	NaN	NaN	162441.7174	162442.0453	1.0000	1.0000	0.1300
32ls04	4	2	1	1	1.0000	1.0000	-1.0000	NaN	0.9079	-1.8800	16.5453	162444.6026	162444.9036	0.0000	1.0000	0.4137
32ls04	4	2	1	1	2.0000	1.0000	1.0000	0.1632	NaN	NaN	NaN	162445.8535	162446.1814	1.0000	1.0000	0.0007
32ls04	4	3	1	1	1.0000	1.0000	1.0000	NaN	2.1716	4.0547	15.3402	162448.2479	162448.5489	1.0000	1.0000	0.3307
32ls04	4	3	1	1	2.0000	1.0000	1.0000	0.5146	NaN	NaN	NaN	162449.4059	162449.7338	1.0000	1.0000	0.0007
32ls04	4	4	1	1	1.0000	1.0000	1.0000	NaN	2.9916	4.2791	15.7867	162451.7315	162452.0325	1.0000	1.0000	0.2064
32ls04	4	4	1	1	2.0000	1.0000	1.0000	0.7447	NaN	NaN	NaN	162452.8054	162453.1320	1.0000	1.0000	3.1317
32ls04	4	5	1	1	1.0000	1.0000	1.0000	NaN	3.2542	4.9662	14.6728	162458.4895	162458.7905	1.0000	1.0000	0.1772
32ls04	4	5	1	1	2.0000	1.0000	1.0000	0.7490	NaN	NaN	NaN	162459.5580	162459.8844	1.0000	1.0000	0.3626
32ls04	4	6	1	1	1.0000	1.0000	-1.0000	NaN	5.0669	-6.9013	14.0194	162462.6662	162462.9672	1.0000	0.0000	0.0861
32ls04	4	6	1	1	2.0000	1.0000	-1.0000	0.0266	NaN	NaN	NaN	162463.6461	162463.9740	0.0000	1.0000	0.0007
32ls04	4	7	1	1	1.0000	1.0000	-1.0000	NaN	5.0880	-7.4471	14.9944	162465.9394	162466.2406	0.0000	1.0000	0.3725
32ls04	4	7	1	1	2.0000	1.0000	1.0000	0.4216	NaN	NaN	NaN	162467.1589	162467.4874	1.0000	1.0000	0.0007
32ls04	4	8	1	1	1.0000	1.0000	-1.0000	NaN	4.2524	-3.5889	14.4959	162469.5059	162469.8069	1.0000	0.0000	0.6168
32ls04	4	8	1	1	2.0000	1.0000	-1.0000	0.0151	NaN	NaN	NaN	162470.9655	162471.2930	1.0000	0.0000	0.1360
32ls04	4	9	1	1	1.0000	1.0000	1.0000	NaN	2.0396	1.8228	14.4740	162473.8423	162474.1436	0.0000	0.0000	0.2538
32ls04	4	9	1	1	2.0000	1.0000	-1.0000	0.3797	NaN	NaN	NaN	162474.9821	162475.3093	0.0000	1.0000	0.8240
32ls04	4	10	1	1	1.0000	1.0000	1.0000	NaN	0.7974	1.2794	15.4384	162478.6876	162478.9887	1.0000	1.0000	0.2114
32ls04	4	10	1	1	2.0000	1.0000	1.0000	0.4859	NaN	NaN	NaN	162479.7652	162480.0928	1.0000	1.0000	0.2966
32ls04	4	11	1	1	1.0000	1.0000	-1.0000	NaN	4.4956	-5.8062	15.3530	162482.9353	162483.2364	0.0000	1.0000	0.6168
32ls04	4	11	1	1	2.0000	1.0000	1.0000	0.3565	NaN	NaN	NaN	162484.5019	162484.8311	1.0000	1.0000	0.0539
32ls04	4	12	1	1	1.0000	1.0000	1.0000	NaN	4.4799	5.7006	14.5686	162487.1646	162487.4656	1.0000	1.0000	0.5159
32ls04	4	12	1	1	2.0000	1.0000	1.0000	0.5920	NaN	NaN	NaN	162488.5330	162488.8600	1.0000	1.0000	0.2013
32ls04	4	13	1	1	1.0000	1.0000	-1.0000	NaN	3.0223	-3.2273	15.3586	162491.3323	162491.6333	0.0000	1.0000	0.4211
32ls04	4	13	1	1	2.0000	1.0000	1.0000	0.4412	NaN	NaN	NaN	162492.5889	162492.9156	1.0000	1.0000	0.0413
32ls04	4	14	1	1	1.0000	1.0000	1.0000	NaN	1.9002	1.2851	15.1394	162495.2684	162495.5693	0.0000	0.0000	0.7642
32ls04	4	14	1	1	2.0000	1.0000	-1.0000	0.5740	NaN	NaN	NaN	162496.9181	162497.2456	0.0000	1.0000	0.3383
32ls04	4	15	1	1	1.0000	1.0000	1.0000	NaN	3.8718	3.2677	15.1126	162499.8506	162500.1516	1.0000	1.0000	0.1660
32ls04	4	15	1	1	2.0000	1.0000	1.0000	0.1641	NaN	NaN	NaN	162500.8935	162501.2193	1.0000	1.0000	0.2899
32ls04	4	16	1	1	1.0000	1.0000	-1.0000	NaN	1.9442	-3.1281	16.7496	162503.7054	162504.0065	0.0000	1.0000	0.2550
32ls04	4	16	1	1	2.0000	1.0000	1.0000	0.6983	NaN	NaN	NaN	162504.8452	162505.1728	1.0000	1.0000	0.1204
32ls04	4	17	1	1	1.0000	1.0000	-1.0000	NaN	5.4300	-4.7549	14.9308	162507.7059	162508.0069	0.0000	1.0000	0.3528
32ls04	4	17	1	1	2.0000	1.0000	1.0000	0.3220	NaN	NaN	NaN	162508.9089	162509.2358	1.0000	1.0000	0.0819
32ls04	4	18	1	1	1.0000	1.0000	1.0000	NaN	3.1959	0.8283	15.3123	162511.6384	162511.9395	1.0000	1.0000	0.5537
32ls04	4	18	1	1	2.0000	1.0000	1.0000	0.6822	NaN	NaN	NaN	162513.0611	162513.3886	1.0000	1.0000	0.3135
32ls04	4	19	1	1	1.0000	1.0000	-1.0000	NaN	1.2244	-1.6013	14.5767	162515.6804	162515.9816	0.0000	1.0000	0.2318
32ls04	4	19	1	1	2.0000	1.0000	1.0000	0.5883	NaN	NaN	NaN	162516.7981	162517.1280	1.0000	1.0000	0.0239
32ls04	4	20	1	1	1.0000	1.0000	-1.0000	NaN	0.0496	-0.0593	14.0754	162519.7969	162520.0981	0.0000	1.0000	0.2510
32ls04	4	20	1	1	2.0000	1.0000	1.0000	0.0931	NaN	NaN	NaN	162520.9501	162521.2779	1.0000	1.0000	0.5619
32ls04	4	21	1	1	1.0000	1.0000	-1.0000	NaN	2.1277	-1.1672	15.8386	162523.7496	162524.0510	1.0000	0.0000	0.3304
32ls04	4	21	1	1	2.0000	1.0000	-1.0000	0.3714	NaN	NaN	NaN	162524.9411	162525.2693	0.0000	1.0000	0.1625
32ls04	4	22	1	1	1.0000	1.0000	-1.0000	NaN	2.2458	-2.4002	13.9021	162527.8233	162528.1243	0.0000	1.0000	0.2891
32ls04	4	22	1	1	2.0000	1.0000	1.0000	0.6889	NaN	NaN	NaN	162528.9736	162529.3034	1.0000	1.0000	0.0562
32ls04	4	23	1	1	1.0000	1.0000	-1.0000	NaN	3.9908	-6.6806	16.4739	162531.5939	162531.8949	0.0000	1.0000	0.1927
32ls04	4	23	1	1	2.0000	1.0000	1.0000	0.3067	NaN	NaN	NaN	162532.6789	162533.0064	1.0000	1.0000	0.0007
32ls04	4	24	1	1	1.0000	1.0000	1.0000	NaN	1.3491	1.3566	15.1083	162535.3622	162535.6632	0.0000	0.0000	0.2081
32ls04	4	24	1	1	2.0000	1.0000	-1.0000	0.6230	NaN	NaN	NaN	162536.4766	162536.8036	1.0000	0.0000	0.0007
32ls04	4	25	1	1	1.0000	1.0000	-1.0000	NaN	2.5953	-2.5797	15.2254	162538.7958	162539.0968	0.0000	1.0000	0.2765
32ls04	4	25	1	1	2.0000	1.0000	1.0000	0.6399	NaN	NaN	NaN	162539.9816	162540.3105	1.0000	1.0000	0.1110
32ls04	4	26	1	1	1.0000	1.0000	-1.0000	NaN	0.4744	-0.3495	14.0446	162543.0902	162543.3912	0.0000	1.0000	0.4782
32ls04	4	26	1	1	2.0000	1.0000	1.0000	0.4793	NaN	NaN	NaN	162544.4763	162544.8038	1.0000	1.0000	0.2038
32ls04	4	27	1	1	1.0000	1.0000	1.0000	NaN	0.4267	0.9572	12.9312	162547.1873	162547.4883	1.0000	1.0000	0.5094
32ls04	4	27	1	1	2.0000	1.0000	1.0000	0.7042	NaN	NaN	NaN	162548.5739	162548.9014	1.0000	1.0000	0.0008
32ls04	4	28	1	1	1.0000	1.0000	-1.0000	NaN	0.7126	-1.6225	14.6125	162550.8009	162551.1019	1.0000	0.0000	0.1381
32ls04	4	28	1	1	2.0000	1.0000	-1.0000	0.5324	NaN	NaN	NaN	162551.7972	162552.1253	1.0000	0.0000	0.0182
32ls04	4	29	1	1	1.0000	1.0000	-1.0000	NaN	3.6634	-3.7188	15.1520	162554.6418	162554.9428	1.0000	0.0000	0.4623
32ls04	4	29	1	1	2.0000	1.0000	-1.0000	0.5710	NaN	NaN	NaN	162555.9655	162556.2931	0.0000	1.0000	0.1625
32ls04	4	30	1	1	1.0000	1.0000	1.0000	NaN	1.4489	0.8652	15.5890	162558.6796	162558.9807	0.0000	0.0000	0.3390
32ls04	4	30	1	1	2.0000	1.0000	-1.0000	0.6334	NaN	NaN	NaN	162559.9012	162560.2277	0.0000	1.0000	0.2912
32ls04	4	31	1	1	1.0000	1.0000	-1.0000	NaN	3.0719	-3.7643	15.8111	162563.0468	162563.3478	0.0000	1.0000	0.1694
32ls04	4	31	1	1	2.0000	1.0000	1.0000	0.5904	NaN	NaN	NaN	162564.0937	162564.4200	1.0000	1.0000	0.0412
32ls04	4	32	1	1	1.0000	1.0000	1.0000	NaN	5.2988	7.1214	14.5442	162566.8812	162567.1822	1.0000	1.0000	0.2333
32ls04	4	32	1	1	2.0000	1.0000	1.0000	0.0661	NaN	NaN	NaN	162567.9812	162568.3097	1.0000	1.0000	0.2581
32ls04	4	33	1	1	1.0000	1.0000	1.0000	NaN	1.6151	0.6282	15.6218	162571.1535	162571.4545	1.0000	1.0000	0.2093
32ls04	4	33	1	1	2.0000	1.0000	1.0000	0.4663	NaN	NaN	NaN	162572.2136	162572.5409	1.0000	1.0000	0.1521
32ls04	4	34	1	1	1.0000	1.0000	1.0000	NaN	1.6173	1.6461	13.6845	162574.9395	162575.2405	1.0000	1.0000	0.1488
32ls04	4	34	1	1	2.0000	1.0000	1.0000	0.7506	NaN	NaN	NaN	162575.9814	162576.3091	1.0000	1.0000	0.1282
32ls04	4	35	1	1	1.0000	1.0000	1.0000	NaN	4.6385	4.8357	15.1854	162579.0168	162579.3177	1.0000	1.0000	0.2495
32ls04	4	35	1	1	2.0000	1.0000	1.0000	0.1922	NaN	NaN	NaN	162580.1815	162580.5095	1.0000	1.0000	0.1059
32ls04	4	36	1	1	1.0000	1.0000	1.0000	NaN	2.8553	3.2068	14.2439	162582.7332	162583.0342	1.0000	1.0000	0.3151
32ls04	4	36	1	1	2.0000	1.0000	1.0000	0.5493	NaN	NaN	NaN	162583.9578	162584.2851	1.0000	1.0000	0.1685
32ls04	4	37	1	1	1.0000	1.0000	1.0000	NaN	1.3805	0.3060	14.9928	162586.5650	162586.8660	1.0000	1.0000	0.5006
32ls04	4	37	1	1	2.0000	1.0000	1.0000	0.1904	NaN	NaN	NaN	162587.9091	162588.2370	1.0000	1.0000	0.3697
32ls04	4	38	1	1	1.0000	1.0000	-1.0000	NaN	3.4654	-4.6083	14.7433	162590.6829	162590.9839	1.0000	0.0000	0.3662
32ls04	4	38	1	1	2.0000	1.0000	-1.0000	0.6229	NaN	NaN	NaN	162591.9089	162592.2354	0.0000	1.0000	0.1963
32ls04	4	39	1	1	1.0000	1.0000	-1.0000	NaN	5.1955	-6.3689	13.8271	162594.8751	162595.1761	0.0000	1.0000	0.4131
32ls04	4	39	1	1	2.0000	1.0000	1.0000	0.2328	NaN	NaN	NaN	162596.1340	162596.4614	1.0000	1.0000	0.0663
32ls04	4	40	1	1	1.0000	1.0000	-1.0000	NaN	5.4644	-6.6355	14.3748	162598.9291	162599.2303	0.0000	1.0000	0.3453
32ls04	4	40	1	1	2.0000	1.0000	1.0000	0.7485	NaN	NaN	NaN	162600.1172	162600.4454	1.0000	1.0000	0.0481
32ls04	4	41	1	1	1.0000	1.0000	-1.0000	NaN	0.1525	-0.3343	14.7650	162602.4630	162602.7646	0.0000	1.0000	0.3235
32ls04	4	41	1	1	2.0000	1.0000	1.0000	0.3603	NaN	NaN	NaN	162603.6210	162603.9491	1.0000	1.0000	0.3383
32ls04	4	42	1	1	1.0000	1.0000	-1.0000	NaN	5.4698	-4.2708	17.3467	162606.4644	162606.7655	0.0000	1.0000	0.3516
32ls04	4	42	1	1	2.0000	1.0000	1.0000	0.5952	NaN	NaN	NaN	162607.6210	162607.9489	1.0000	1.0000	0.0008
32ls04	4	43	1	1	1.0000	1.0000	-1.0000	NaN	0.5606	-1.5551	15.6131	162610.2098	162610.5110	0.0000	1.0000	0.5346
32ls04	4	43	1	1	2.0000	1.0000	1.0000	0.5245	NaN	NaN	NaN	162611.5889	162611.9163	1.0000	1.0000	0.2015
32ls04	4	44	1	1	1.0000	1.0000	1.0000	NaN	2.9925	0.7543	14.6863	162614.0800	162614.3810	0.0000	0.0000	0.3284
32ls04	4	44	1	1	2.0000	1.0000	-1.0000	0.5045	NaN	NaN	NaN	162615.2856	162615.6132	1.0000	0.0000	0.0481
32ls04	4	45	1	1	1.0000	1.0000	-1.0000	NaN	2.9894	-3.9222	15.0531	162618.0243	162618.3253	0.0000	1.0000	0.3941
32ls04	4	45	1	1	2.0000	1.0000	1.0000	0.4547	NaN	NaN	NaN	162619.2697	162619.5979	1.0000	1.0000	0.2339
32ls04	4	46	1	1	1.0000	1.0000	1.0000	NaN	5.0288	6.2019	13.5526	162621.8162	162622.1172	1.0000	1.0000	0.2638
32ls04	4	46	1	1	2.0000	1.0000	1.0000	0.3957	NaN	NaN	NaN	162622.9249	162623.2530	1.0000	1.0000	0.1283
32ls04	4	47	1	1	1.0000	1.0000	-1.0000	NaN	5.4898	-6.6755	14.6233	162625.4694	162625.7704	1.0000	0.0000	0.2429
32ls04	4	47	1	1	2.0000	1.0000	-1.0000	0.3709	NaN	NaN	NaN	162626.5597	162626.8866	0.0000	1.0000	0.1610
32ls04	4	48	1	1	1.0000	1.0000	1.0000	NaN	3.1242	0.7704	16.0951	162628.9917	162629.2927	0.0000	0.0000	0.3792
32ls04	4	48	1	1	2.0000	1.0000	-1.0000	0.0522	NaN	NaN	NaN	162630.2533	162630.5811	1.0000	0.0000	0.3542
32ls04	4	49	1	1	1.0000	1.0000	1.0000	NaN	3.9952	4.1474	13.4393	162633.1453	162633.4463	1.0000	1.0000	0.1511
32ls04	4	49	1	1	2.0000	1.0000	1.0000	0.5225	NaN	NaN	NaN	162634.1272	162634.4547	1.0000	1.0000	0.0008
32ls04	4	50	1	1	1.0000	1.0000	-1.0000	NaN	1.3119	-0.8977	13.7255	162636.7547	162637.0560	1.0000	0.0000	0.3335
32ls04	4	50	1	1	2.0000	1.0000	-1.0000	0.5449	NaN	NaN	NaN	162637.9176	162638.2439	0.0000	1.0000	0.2032
32ls04	5	1	1	1	1.0000	1.0000	1.0000	NaN	0.9459	0.5010	14.6424	162645.3745	162645.6755	0.0000	0.0000	0.2019
32ls04	5	1	1	1	2.0000	1.0000	-1.0000	0.5750	NaN	NaN	NaN	162646.4466	162646.7745	0.0000	1.0000	0.0576
32ls04	5	2	1	1	1.0000	1.0000	1.0000	NaN	4.0159	4.7405	15.2399	162649.4574	162649.7584	1.0000	1.0000	0.1667
32ls04	5	2	1	1	2.0000	1.0000	1.0000	0.2987	NaN	NaN	NaN	162650.5179	162650.8454	1.0000	1.0000	0.3997
32ls04	5	3	1	1	1.0000	1.0000	-1.0000	NaN	0.8073	-2.4843	15.4396	162653.1906	162653.4916	0.0000	1.0000	0.5856
32ls04	5	3	1	1	2.0000	1.0000	1.0000	0.4697	NaN	NaN	NaN	162654.6773	162655.0052	1.0000	1.0000	0.0080
32ls04	5	4	1	1	1.0000	1.0000	-1.0000	NaN	2.1450	-1.3296	14.5535	162657.2410	162657.5420	1.0000	0.0000	0.7112
32ls04	5	4	1	1	2.0000	1.0000	-1.0000	0.0910	NaN	NaN	NaN	162658.8289	162659.1554	0.0000	1.0000	0.1458
32ls04	5	5	1	1	1.0000	1.0000	-1.0000	NaN	0.0698	-3.3287	15.7218	162661.8350	162662.1362	1.0000	0.0000	0.0874
32ls04	5	5	1	1	2.0000	1.0000	-1.0000	0.3556	NaN	NaN	NaN	162662.7810	162663.1090	0.0000	1.0000	0.1201
32ls04	5	6	1	1	1.0000	1.0000	1.0000	NaN	0.9996	0.9764	16.2387	162665.4990	162665.8005	1.0000	1.0000	0.2366
32ls04	5	6	1	1	2.0000	1.0000	1.0000	0.1520	NaN	NaN	NaN	162666.6054	162666.9325	1.0000	1.0000	0.1368
32ls04	5	7	1	1	1.0000	1.0000	1.0000	NaN	1.3134	3.0764	14.6798	162668.9071	162669.2081	1.0000	1.0000	0.1515
32ls04	5	7	1	1	2.0000	1.0000	1.0000	0.6008	NaN	NaN	NaN	162669.9014	162670.2277	1.0000	1.0000	0.1562
32ls04	5	8	1	1	1.0000	1.0000	-1.0000	NaN	5.2683	-4.4687	14.2822	162672.8174	162673.1185	0.0000	1.0000	0.2890
32ls04	5	8	1	1	2.0000	1.0000	1.0000	0.5873	NaN	NaN	NaN	162673.9892	162674.3165	1.0000	1.0000	0.0427
32ls04	5	9	1	1	1.0000	1.0000	1.0000	NaN	4.5993	6.1435	15.4536	162676.6528	162676.9539	1.0000	1.0000	0.1632
32ls04	5	9	1	1	2.0000	1.0000	1.0000	0.0837	NaN	NaN	NaN	162677.6928	162678.0195	1.0000	1.0000	0.1632
32ls04	5	10	1	1	1.0000	1.0000	1.0000	NaN	0.9499	3.1134	15.9579	162680.5045	162680.8055	1.0000	1.0000	0.2096
32ls04	5	10	1	1	2.0000	1.0000	1.0000	0.3626	NaN	NaN	NaN	162681.5814	162681.9088	1.0000	1.0000	0.1044
32ls04	5	11	1	1	1.0000	1.0000	-1.0000	NaN	0.1541	-1.9658	14.3345	162684.2695	162684.5705	1.0000	0.0000	0.1552
32ls04	5	11	1	1	2.0000	1.0000	-1.0000	0.5784	NaN	NaN	NaN	162685.3013	162685.6291	0.0000	1.0000	0.2023
32ls04	5	12	1	1	1.0000	1.0000	1.0000	NaN	2.2648	1.3928	15.7778	162688.0922	162688.3932	1.0000	1.0000	0.2120
32ls04	5	12	1	1	2.0000	1.0000	1.0000	0.0695	NaN	NaN	NaN	162689.1497	162689.4767	1.0000	1.0000	0.3154
32ls04	5	13	1	1	1.0000	1.0000	1.0000	NaN	2.9497	2.1430	14.5056	162691.8186	162692.1196	1.0000	1.0000	0.1256
32ls04	5	13	1	1	2.0000	1.0000	1.0000	0.1019	NaN	NaN	NaN	162692.7979	162693.1256	1.0000	1.0000	0.1464
32ls04	5	14	1	1	1.0000	1.0000	-1.0000	NaN	5.2430	-5.4894	13.2688	162695.8558	162696.1568	0.0000	1.0000	0.2423
32ls04	5	14	1	1	2.0000	1.0000	1.0000	0.0318	NaN	NaN	NaN	162696.9571	162697.2873	1.0000	1.0000	0.0007
32ls04	5	15	1	1	1.0000	1.0000	-1.0000	NaN	0.3823	-0.8209	15.0167	162699.7600	162700.0609	1.0000	0.0000	0.2979
32ls04	5	15	1	1	2.0000	1.0000	-1.0000	0.0218	NaN	NaN	NaN	162700.8853	162701.2124	1.0000	0.0000	0.2585
32ls04	5	16	1	1	1.0000	1.0000	1.0000	NaN	3.3264	5.3815	15.7744	162703.6589	162703.9600	1.0000	1.0000	0.2292
32ls04	5	16	1	1	2.0000	1.0000	1.0000	0.0035	NaN	NaN	NaN	162704.7410	162705.0681	1.0000	1.0000	0.1152
32ls04	5	17	1	1	1.0000	1.0000	1.0000	NaN	2.3039	4.8385	15.9147	162707.4327	162707.7338	1.0000	1.0000	0.3276
32ls04	5	17	1	1	2.0000	1.0000	1.0000	0.0920	NaN	NaN	NaN	162708.6129	162708.9392	1.0000	1.0000	0.0900
32ls04	5	18	1	1	1.0000	1.0000	1.0000	NaN	3.9283	2.6442	15.2105	162711.3235	162711.6245	1.0000	1.0000	0.2368
32ls04	5	18	1	1	2.0000	1.0000	1.0000	0.7395	NaN	NaN	NaN	162712.3732	162712.7001	1.0000	1.0000	0.0828
32ls04	5	19	1	1	1.0000	1.0000	-1.0000	NaN	4.2531	-5.6582	14.2861	162715.1098	162715.4110	0.0000	1.0000	0.2931
32ls04	5	19	1	1	2.0000	1.0000	1.0000	0.4032	NaN	NaN	NaN	162716.2451	162716.5719	1.0000	1.0000	0.0517
32ls04	5	20	1	1	1.0000	1.0000	1.0000	NaN	4.9598	4.8112	14.6948	162718.9396	162719.2407	1.0000	1.0000	0.1990
32ls04	5	20	1	1	2.0000	1.0000	1.0000	0.7328	NaN	NaN	NaN	162720.0049	162720.3327	1.0000	1.0000	0.0012
32ls04	5	21	1	1	1.0000	1.0000	1.0000	NaN	2.7022	1.1232	15.9796	162722.3791	162722.6801	1.0000	1.0000	0.3260
32ls04	5	21	1	1	2.0000	1.0000	1.0000	0.1206	NaN	NaN	NaN	162723.5489	162723.8758	1.0000	1.0000	0.0008
32ls04	5	22	1	1	1.0000	1.0000	-1.0000	NaN	2.7882	-3.9363	15.5352	162725.8830	162726.1841	1.0000	0.0000	0.3039
32ls04	5	22	1	1	2.0000	1.0000	-1.0000	0.1667	NaN	NaN	NaN	162727.0619	162727.3893	0.0000	1.0000	0.1628
32ls04	5	23	1	1	1.0000	1.0000	-1.0000	NaN	1.1579	-0.8416	14.7268	162729.6296	162729.9306	0.0000	1.0000	0.5483
32ls04	5	23	1	1	2.0000	1.0000	1.0000	0.2891	NaN	NaN	NaN	162731.0294	162731.3571	1.0000	1.0000	0.0007
32ls04	5	24	1	1	1.0000	1.0000	-1.0000	NaN	2.8346	-3.5282	14.5916	162733.2883	162733.5895	1.0000	0.0000	0.3140
32ls04	5	24	1	1	2.0000	1.0000	-1.0000	0.6139	NaN	NaN	NaN	162734.4451	162734.7735	1.0000	0.0000	0.0969
32ls04	5	25	1	1	1.0000	1.0000	-1.0000	NaN	3.9547	-4.1937	15.2184	162737.5153	162737.8164	0.0000	1.0000	0.2791
32ls04	5	25	1	1	2.0000	1.0000	1.0000	0.0520	NaN	NaN	NaN	162738.6377	162738.9653	1.0000	1.0000	0.0007
32ls04	5	26	1	1	1.0000	1.0000	1.0000	NaN	0.8652	0.9553	13.6256	162740.9356	162741.2367	1.0000	1.0000	0.5046
32ls04	5	26	1	1	2.0000	1.0000	1.0000	0.5355	NaN	NaN	NaN	162742.3014	162742.6286	1.0000	1.0000	0.0008
32ls04	5	27	1	1	1.0000	1.0000	1.0000	NaN	4.9828	4.5479	15.2597	162744.7935	162745.0946	1.0000	1.0000	0.2728
32ls04	5	27	1	1	2.0000	1.0000	1.0000	0.5567	NaN	NaN	NaN	162745.9092	162746.2363	1.0000	1.0000	0.1314
32ls04	5	28	1	1	1.0000	1.0000	1.0000	NaN	4.7208	3.7159	13.8992	162748.7775	162749.0785	1.0000	1.0000	0.1934
32ls04	5	28	1	1	2.0000	1.0000	1.0000	0.2501	NaN	NaN	NaN	162749.8377	162750.1643	1.0000	1.0000	0.0663
32ls04	5	29	1	1	1.0000	1.0000	-1.0000	NaN	5.0105	-6.1466	14.5840	162752.6079	162752.9089	1.0000	0.0000	0.1126
32ls04	5	29	1	1	2.0000	1.0000	-1.0000	0.0625	NaN	NaN	NaN	162753.5498	162753.8771	0.0000	1.0000	1.4081
32ls04	5	30	1	1	1.0000	1.0000	1.0000	NaN	2.7808	3.6931	15.0651	162757.7498	162758.0510	1.0000	1.0000	0.2363
32ls04	5	30	1	1	2.0000	1.0000	1.0000	0.5866	NaN	NaN	NaN	162758.8214	162759.1484	1.0000	1.0000	0.1131
32ls04	5	31	1	1	1.0000	1.0000	-1.0000	NaN	3.1746	-2.0425	14.8298	162761.3329	162761.6340	1.0000	0.0000	0.2056
32ls04	5	31	1	1	2.0000	1.0000	-1.0000	0.5890	NaN	NaN	NaN	162762.3888	162762.7169	0.0000	1.0000	0.0645
32ls04	5	32	1	1	1.0000	1.0000	1.0000	NaN	5.3721	6.7951	14.1932	162764.7208	162765.0218	1.0000	1.0000	0.1283
32ls04	5	32	1	1	2.0000	1.0000	1.0000	0.0473	NaN	NaN	NaN	162765.6856	162766.0136	1.0000	1.0000	0.0006
32ls04	5	33	1	1	1.0000	1.0000	-1.0000	NaN	1.3367	-2.4424	14.4101	162768.5281	162768.8291	1.0000	0.0000	0.1381
32ls04	5	33	1	1	2.0000	1.0000	-1.0000	0.2080	NaN	NaN	NaN	162769.5176	162769.8459	0.0000	1.0000	0.2816
32ls04	5	34	1	1	1.0000	1.0000	1.0000	NaN	3.0564	3.4063	14.1550	162772.3127	162772.6136	1.0000	1.0000	0.1756
32ls04	5	34	1	1	2.0000	1.0000	1.0000	0.6968	NaN	NaN	NaN	162773.3414	162773.6689	1.0000	1.0000	0.0007
32ls04	5	35	1	1	1.0000	1.0000	1.0000	NaN	4.9916	5.0689	12.2715	162775.9670	162776.2680	1.0000	1.0000	0.1213
32ls04	5	35	1	1	2.0000	1.0000	1.0000	0.2233	NaN	NaN	NaN	162776.9575	162777.2861	1.0000	1.0000	0.0008
32ls04	5	36	1	1	1.0000	1.0000	1.0000	NaN	1.4673	2.6801	14.9660	162779.0916	162779.3927	1.0000	1.0000	0.0925
32ls04	5	36	1	1	2.0000	1.0000	1.0000	0.7251	NaN	NaN	NaN	162780.0534	162780.3814	1.0000	1.0000	0.0008
32ls04	5	37	1	1	1.0000	1.0000	-1.0000	NaN	3.3306	-3.5781	16.4078	162782.5700	162782.8710	1.0000	0.0000	0.0942
32ls04	5	37	1	1	2.0000	1.0000	-1.0000	0.5757	NaN	NaN	NaN	162783.5419	162783.8703	0.0000	1.0000	0.0972
32ls04	5	38	1	1	1.0000	1.0000	1.0000	NaN	0.4338	1.1990	15.0745	162786.1932	162786.4942	1.0000	1.0000	0.0567
32ls04	5	38	1	1	2.0000	1.0000	1.0000	0.7326	NaN	NaN	NaN	162787.1272	162787.4543	1.0000	1.0000	0.0008
32ls04	5	39	1	1	1.0000	1.0000	1.0000	NaN	1.4818	0.2516	15.1631	162789.7338	162790.0348	1.0000	1.0000	0.0607
32ls04	5	39	1	1	2.0000	1.0000	1.0000	0.4184	NaN	NaN	NaN	162790.6691	162790.9967	1.0000	1.0000	0.0008
32ls04	5	40	1	1	1.0000	1.0000	1.0000	NaN	5.3801	6.5584	16.3390	162792.9775	162793.2785	1.0000	1.0000	0.0574
32ls04	5	40	1	1	2.0000	1.0000	1.0000	0.6184	NaN	NaN	NaN	162793.9089	162794.2360	1.0000	1.0000	0.0007
32ls04	5	41	1	1	1.0000	1.0000	1.0000	NaN	4.9274	7.0822	15.1334	162796.2589	162796.5600	1.0000	1.0000	0.0452
32ls04	5	41	1	1	2.0000	1.0000	1.0000	0.0466	NaN	NaN	NaN	162797.1587	162797.4856	1.0000	1.0000	0.0007
32ls04	5	42	1	1	1.0000	1.0000	-1.0000	NaN	0.6441	-2.1343	15.8102	162799.5605	162799.8615	1.0000	0.0000	0.1380
32ls04	5	42	1	1	2.0000	1.0000	-1.0000	0.2749	NaN	NaN	NaN	162800.5650	162800.8923	0.0000	1.0000	0.0007
32ls04	5	43	1	1	1.0000	1.0000	1.0000	NaN	2.4892	2.3033	15.3308	162802.9586	162803.2597	1.0000	1.0000	0.3375
32ls04	5	43	1	1	2.0000	1.0000	1.0000	0.2729	NaN	NaN	NaN	162804.1502	162804.4772	1.0000	1.0000	0.0007
32ls04	5	44	1	1	1.0000	1.0000	-1.0000	NaN	3.6811	-5.2238	14.3315	162806.9400	162807.2412	1.0000	0.0000	0.0442
32ls04	5	44	1	1	2.0000	1.0000	-1.0000	0.6242	NaN	NaN	NaN	162807.8293	162808.1568	0.0000	1.0000	0.0007
32ls04	5	45	1	1	1.0000	1.0000	-1.0000	NaN	2.5417	-1.9835	14.9665	162810.2154	162810.5164	0.0000	1.0000	0.3528
32ls04	5	45	1	1	2.0000	1.0000	1.0000	0.5610	NaN	NaN	NaN	162811.4289	162811.7561	1.0000	1.0000	0.0007
32ls04	5	46	1	1	1.0000	1.0000	1.0000	NaN	5.1796	6.5163	15.4469	162813.8881	162814.1891	1.0000	1.0000	0.2908
32ls04	5	46	1	1	2.0000	1.0000	1.0000	0.5602	NaN	NaN	NaN	162815.0618	162815.3892	1.0000	1.0000	0.0008
32ls04	5	47	1	1	1.0000	1.0000	-1.0000	NaN	1.9239	-1.9089	14.5988	162817.8917	162818.1927	1.0000	0.0000	0.0204
32ls04	5	47	1	1	2.0000	1.0000	-1.0000	0.7682	NaN	NaN	NaN	162818.7976	162819.1276	1.0000	0.0000	0.0008
32ls04	5	48	1	1	1.0000	1.0000	1.0000	NaN	3.4971	4.0008	15.3180	162821.3287	162821.6298	1.0000	1.0000	0.0717
32ls04	5	48	1	1	2.0000	1.0000	1.0000	0.4215	NaN	NaN	NaN	162822.2614	162822.5888	1.0000	1.0000	0.0172
32ls04	5	49	1	1	1.0000	1.0000	1.0000	NaN	5.4673	4.6508	16.0057	162824.9939	162825.2949	1.0000	1.0000	0.0475
32ls04	5	49	1	1	2.0000	1.0000	1.0000	0.1296	NaN	NaN	NaN	162825.9178	162826.2453	1.0000	1.0000	0.2081
32ls04	5	50	1	1	1.0000	1.0000	1.0000	NaN	1.8720	1.5193	14.2453	162828.7580	162829.0589	1.0000	1.0000	0.2050
32ls04	5	50	1	1	2.0000	1.0000	1.0000	0.6043	NaN	NaN	NaN	162829.8137	162830.1406	1.0000	1.0000	0.0581
32ls04	6	1	1	1	1.0000	1.0000	1.0000	NaN	3.4943	2.0573	14.7560	162834.2951	162834.5960	1.0000	1.0000	0.3051
32ls04	6	1	1	1	2.0000	1.0000	1.0000	0.0190	NaN	NaN	NaN	162835.4547	162835.7823	1.0000	1.0000	0.2329
32ls04	6	2	1	1	1.0000	1.0000	1.0000	NaN	5.3246	3.4371	14.6376	162838.6675	162838.9686	1.0000	1.0000	0.2381
32ls04	6	2	1	1	2.0000	1.0000	1.0000	0.0497	NaN	NaN	NaN	162839.7409	162840.0698	1.0000	1.0000	0.0007
32ls04	6	3	1	1	1.0000	1.0000	1.0000	NaN	0.7889	1.0279	15.2511	162841.8780	162842.1790	1.0000	1.0000	0.0822
32ls04	6	3	1	1	2.0000	1.0000	1.0000	0.4263	NaN	NaN	NaN	162842.8057	162843.1340	1.0000	1.0000	0.0007
32ls04	6	4	1	1	1.0000	1.0000	-1.0000	NaN	0.4422	-0.4535	15.1482	162845.1575	162845.4585	1.0000	0.0000	0.1630
32ls04	6	4	1	1	2.0000	1.0000	-1.0000	0.0867	NaN	NaN	NaN	162846.1645	162846.4924	1.0000	0.0000	0.1151
32ls04	6	5	1	1	1.0000	1.0000	-1.0000	NaN	0.1386	-1.7020	13.8210	162849.0620	162849.3630	0.0000	1.0000	0.6744
32ls04	6	5	1	1	2.0000	1.0000	1.0000	0.6530	NaN	NaN	NaN	162850.6211	162850.9482	1.0000	1.0000	0.0008
32ls04	6	6	1	1	1.0000	1.0000	-1.0000	NaN	5.4611	-7.5684	15.3310	162853.0280	162853.3290	0.0000	1.0000	0.2205
32ls04	6	6	1	1	2.0000	1.0000	1.0000	0.0524	NaN	NaN	NaN	162854.1011	162854.4283	1.0000	1.0000	0.0007
32ls04	6	7	1	1	1.0000	1.0000	-1.0000	NaN	3.9881	-3.1480	15.5905	162856.3430	162856.6440	1.0000	0.0000	0.2341
32ls04	6	7	1	1	2.0000	1.0000	-1.0000	0.2317	NaN	NaN	NaN	162857.4374	162857.7646	0.0000	1.0000	0.0513
32ls04	6	8	1	1	1.0000	1.0000	-1.0000	NaN	0.4986	-0.3592	14.7292	162859.8363	162860.1374	0.0000	1.0000	0.1824
32ls04	6	8	1	1	2.0000	1.0000	1.0000	0.0824	NaN	NaN	NaN	162860.8856	162861.2125	1.0000	1.0000	0.0007
32ls04	6	9	1	1	1.0000	1.0000	1.0000	NaN	2.2664	1.5207	14.4883	162863.6587	162863.9597	1.0000	1.0000	0.4951
32ls04	6	9	1	1	2.0000	1.0000	1.0000	0.3217	NaN	NaN	NaN	162865.0213	162865.3492	1.0000	1.0000	0.1370
32ls04	6	10	1	1	1.0000	1.0000	1.0000	NaN	5.3688	5.6252	14.2196	162867.6719	162867.9731	1.0000	1.0000	0.0563
32ls04	6	10	1	1	2.0000	1.0000	1.0000	0.0713	NaN	NaN	NaN	162868.5977	162868.9249	1.0000	1.0000	0.0007
32ls04	6	11	1	1	1.0000	1.0000	1.0000	NaN	1.8914	2.9855	13.4028	162871.2564	162871.5575	1.0000	1.0000	0.1062
32ls04	6	11	1	1	2.0000	1.0000	1.0000	0.4414	NaN	NaN	NaN	162872.2453	162872.5728	1.0000	1.0000	4.9307
32ls04	6	12	1	1	1.0000	1.0000	1.0000	NaN	1.9654	1.0141	12.8548	162879.4873	162879.7886	1.0000	1.0000	0.1044
32ls04	6	12	1	1	2.0000	1.0000	1.0000	0.4065	NaN	NaN	NaN	162880.4709	162880.8000	1.0000	1.0000	0.0020
32ls04	6	13	1	1	1.0000	1.0000	-1.0000	NaN	2.9886	-1.9293	14.5146	162882.8952	162883.1962	1.0000	0.0000	0.0490
32ls04	6	13	1	1	2.0000	1.0000	-1.0000	0.2128	NaN	NaN	NaN	162883.8213	162884.1487	1.0000	0.0000	0.0268
32ls04	6	14	1	1	1.0000	1.0000	1.0000	NaN	4.2195	2.8106	14.2451	162886.3659	162886.6670	1.0000	1.0000	0.0529
32ls04	6	14	1	1	2.0000	1.0000	1.0000	0.5014	NaN	NaN	NaN	162887.2690	162887.5967	1.0000	1.0000	0.0649
32ls04	6	15	1	1	1.0000	1.0000	-1.0000	NaN	0.1400	-1.1539	16.1682	162889.8335	162890.1345	1.0000	0.0000	0.0646
32ls04	6	15	1	1	2.0000	1.0000	-1.0000	0.1927	NaN	NaN	NaN	162890.7497	162891.0779	1.0000	0.0000	0.3131
32ls04	6	16	1	1	1.0000	1.0000	-1.0000	NaN	4.6293	-4.9643	15.9289	162893.7956	162894.0970	1.0000	0.0000	0.2204
32ls04	6	16	1	1	2.0000	1.0000	-1.0000	0.4508	NaN	NaN	NaN	162894.8703	162895.1979	0.0000	1.0000	0.0734
32ls04	6	17	1	1	1.0000	1.0000	1.0000	NaN	5.0295	6.1556	14.7515	162897.8206	162898.1218	1.0000	1.0000	0.0676
32ls04	6	17	1	1	2.0000	1.0000	1.0000	0.3402	NaN	NaN	NaN	162898.7814	162899.1087	1.0000	1.0000	0.0246
32ls04	6	18	1	1	1.0000	1.0000	-1.0000	NaN	1.4933	-1.2763	14.2839	162900.9543	162901.2552	1.0000	0.0000	0.1582
32ls04	6	18	1	1	2.0000	1.0000	-1.0000	0.6019	NaN	NaN	NaN	162901.9591	162902.2860	0.0000	1.0000	0.1539
32ls04	6	19	1	1	1.0000	1.0000	-1.0000	NaN	2.9723	-3.1467	15.2932	162904.8736	162905.1751	0.0000	1.0000	0.2384
32ls04	6	19	1	1	2.0000	1.0000	1.0000	0.3725	NaN	NaN	NaN	162905.9735	162906.3010	1.0000	1.0000	0.0241
32ls04	6	20	1	1	1.0000	1.0000	1.0000	NaN	3.7272	4.8524	15.8823	162908.6135	162908.9145	1.0000	1.0000	0.3087
32ls04	6	20	1	1	2.0000	1.0000	1.0000	0.6351	NaN	NaN	NaN	162909.8058	162910.1350	1.0000	1.0000	0.2164
32ls04	6	21	1	1	1.0000	1.0000	1.0000	NaN	1.7407	3.0821	16.7960	162913.0112	162913.3123	1.0000	1.0000	0.1035
32ls04	6	21	1	1	2.0000	1.0000	1.0000	0.5328	NaN	NaN	NaN	162913.9732	162914.3023	1.0000	1.0000	0.1295
32ls04	6	22	1	1	1.0000	1.0000	-1.0000	NaN	3.0573	-0.7331	15.8022	162916.6568	162916.9579	1.0000	0.0000	0.0083
32ls04	6	22	1	1	2.0000	1.0000	-1.0000	0.1794	NaN	NaN	NaN	162917.4933	162917.8222	0.0000	1.0000	0.2310
32ls04	6	23	1	1	1.0000	1.0000	-1.0000	NaN	4.5492	-3.1302	14.8966	162920.2068	162920.5080	1.0000	0.0000	0.0903
32ls04	6	23	1	1	2.0000	1.0000	-1.0000	0.6644	NaN	NaN	NaN	162921.1490	162921.4775	1.0000	0.0000	4.0578
32ls04	6	24	1	1	1.0000	1.0000	1.0000	NaN	5.4326	3.2795	14.5686	162927.9938	162928.2949	1.0000	1.0000	0.2622
32ls04	6	24	1	1	2.0000	1.0000	1.0000	0.7348	NaN	NaN	NaN	162929.1256	162929.4517	1.0000	1.0000	0.2580
32ls04	6	25	1	1	1.0000	1.0000	1.0000	NaN	0.1176	0.8421	15.2719	162931.8969	162932.1979	1.0000	1.0000	0.1913
32ls04	6	25	1	1	2.0000	1.0000	1.0000	0.0693	NaN	NaN	NaN	162932.9243	162933.2510	0.0000	0.0000	0.3383
32ls04	6	26	1	1	1.0000	1.0000	-1.0000	NaN	0.6194	-0.1780	15.1852	162936.3092	162936.6103	0.0000	1.0000	0.3952
32ls04	6	26	1	1	2.0000	1.0000	1.0000	0.4139	NaN	NaN	NaN	162937.6055	162937.9336	1.0000	1.0000	0.2254
32ls04	6	27	1	1	1.0000	1.0000	-1.0000	NaN	5.4045	-5.0090	14.6242	162940.1190	162940.4202	0.0000	1.0000	0.2436
32ls04	6	27	1	1	2.0000	1.0000	1.0000	0.1562	NaN	NaN	NaN	162941.2131	162941.5412	1.0000	1.0000	0.0340
32ls04	6	28	1	1	1.0000	1.0000	1.0000	NaN	4.9264	4.4774	15.8160	162943.4105	162943.7115	1.0000	1.0000	0.2323
32ls04	6	28	1	1	2.0000	1.0000	1.0000	0.2848	NaN	NaN	NaN	162944.4611	162944.7892	0.0000	0.0000	0.2001
32ls04	6	29	1	1	1.0000	1.0000	-1.0000	NaN	0.9187	-0.5373	15.7357	162947.2309	162947.5320	0.0000	1.0000	0.6040
32ls04	6	29	1	1	2.0000	1.0000	1.0000	0.4747	NaN	NaN	NaN	162948.7091	162949.0385	1.0000	1.0000	0.1429
32ls04	6	30	1	1	1.0000	1.0000	1.0000	NaN	4.4017	3.6226	15.6819	162951.2687	162951.5698	1.0000	1.0000	0.3235
32ls04	6	30	1	1	2.0000	1.0000	1.0000	0.5747	NaN	NaN	NaN	162952.4444	162952.7733	1.0000	1.0000	0.1940
32ls04	6	31	1	1	1.0000	1.0000	1.0000	NaN	1.1843	1.1103	15.0900	162955.1459	162955.4469	1.0000	1.0000	0.4250
32ls04	6	31	1	1	2.0000	1.0000	1.0000	0.2355	NaN	NaN	NaN	162956.4460	162956.7731	0.0000	0.0000	0.9520
32ls04	6	32	1	1	1.0000	1.0000	-1.0000	NaN	2.6994	-2.6027	16.6320	162959.9007	162960.2017	0.0000	1.0000	0.3898
32ls04	6	32	1	1	2.0000	1.0000	1.0000	0.6797	NaN	NaN	NaN	162961.1816	162961.5091	1.0000	1.0000	0.0404
32ls04	6	33	1	1	1.0000	1.0000	-1.0000	NaN	4.1860	-4.3867	16.4670	162963.9538	162964.2548	0.0000	1.0000	0.2888
32ls04	6	33	1	1	2.0000	1.0000	1.0000	0.7502	NaN	NaN	NaN	162965.1264	162965.4535	1.0000	1.0000	0.0007
32ls04	6	34	1	1	1.0000	1.0000	1.0000	NaN	5.1822	5.7270	15.1927	162967.3781	162967.6791	1.0000	1.0000	0.1182
32ls04	6	34	1	1	2.0000	1.0000	1.0000	0.0121	NaN	NaN	NaN	162968.3420	162968.6700	0.0000	0.0000	0.2314
32ls04	6	35	1	1	1.0000	1.0000	-1.0000	NaN	0.8077	-0.0614	16.2553	162971.4148	162971.7158	1.0000	0.0000	0.0895
32ls04	6	35	1	1	2.0000	1.0000	-1.0000	0.5904	NaN	NaN	NaN	162972.3328	162972.6596	0.0000	1.0000	0.2422
32ls04	6	36	1	1	1.0000	1.0000	1.0000	NaN	1.6448	0.4731	16.1409	162974.9388	162975.2399	1.0000	1.0000	0.6553
32ls04	6	36	1	1	2.0000	1.0000	1.0000	0.4892	NaN	NaN	NaN	162976.4773	162976.8075	1.0000	1.0000	0.0008
32ls04	6	37	1	1	1.0000	1.0000	-1.0000	NaN	3.6898	-4.5256	15.0360	162979.1931	162979.4941	0.0000	1.0000	0.2579
32ls04	6	37	1	1	2.0000	1.0000	1.0000	0.6813	NaN	NaN	NaN	162980.3171	162980.6452	1.0000	1.0000	0.1311
32ls04	6	38	1	1	1.0000	1.0000	1.0000	NaN	1.5616	0.9705	14.8634	162982.7688	162983.0698	0.0000	0.0000	0.2980
32ls04	6	38	1	1	2.0000	1.0000	-1.0000	0.4044	NaN	NaN	NaN	162983.8846	162984.2129	0.0000	1.0000	0.2404
32ls04	6	39	1	1	1.0000	1.0000	1.0000	NaN	2.2196	2.1633	14.0119	162986.5657	162986.8669	1.0000	1.0000	0.2051
32ls04	6	39	1	1	2.0000	1.0000	1.0000	0.1539	NaN	NaN	NaN	162987.6293	162987.9575	1.0000	1.0000	0.0009
32ls04	6	40	1	1	1.0000	1.0000	1.0000	NaN	1.1407	1.5070	14.0242	162990.3203	162990.6216	1.0000	1.0000	0.1437
32ls04	6	40	1	1	2.0000	1.0000	1.0000	0.3524	NaN	NaN	NaN	162991.3409	162991.6695	1.0000	1.0000	0.0400
32ls04	6	41	1	1	1.0000	1.0000	1.0000	NaN	2.1941	3.2664	16.2846	162994.0627	162994.3636	1.0000	1.0000	0.1636
32ls04	6	41	1	1	2.0000	1.0000	1.0000	0.2699	NaN	NaN	NaN	162995.1015	162995.4292	1.0000	1.0000	0.1465
32ls04	6	42	1	1	1.0000	1.0000	-1.0000	NaN	0.3380	-0.6791	14.2416	162997.7544	162998.0556	1.0000	0.0000	0.1347
32ls04	6	42	1	1	2.0000	1.0000	-1.0000	0.5045	NaN	NaN	NaN	162998.7333	162999.0612	1.0000	0.0000	0.0639
32ls04	6	43	1	1	1.0000	1.0000	1.0000	NaN	4.5842	4.8655	15.7169	163001.2732	163001.5741	1.0000	1.0000	0.2407
32ls04	6	43	1	1	2.0000	1.0000	1.0000	0.6166	NaN	NaN	NaN	163002.3410	163002.6676	1.0000	1.0000	0.1697
32ls04	6	44	1	1	1.0000	1.0000	1.0000	NaN	0.8234	1.1578	13.5865	163004.7760	163005.0769	1.0000	1.0000	0.1612
32ls04	6	44	1	1	2.0000	1.0000	1.0000	0.0600	NaN	NaN	NaN	163005.7499	163006.0789	1.0000	1.0000	0.2704
32ls04	6	45	1	1	1.0000	1.0000	-1.0000	NaN	1.0123	-2.2707	14.7524	163008.3987	163008.6999	0.0000	1.0000	0.4894
32ls04	6	45	1	1	2.0000	1.0000	1.0000	0.2982	NaN	NaN	NaN	163009.7577	163010.0872	1.0000	1.0000	0.0008
32ls04	6	46	1	1	1.0000	1.0000	-1.0000	NaN	1.5025	-2.9022	15.4509	163011.9332	163012.2342	0.0000	1.0000	0.1579
32ls04	6	46	1	1	2.0000	1.0000	1.0000	0.0003	NaN	NaN	NaN	163012.9419	163013.2686	1.0000	1.0000	0.0008
32ls04	6	47	1	1	1.0000	1.0000	-1.0000	NaN	3.2873	-4.1643	14.9267	163015.6489	163015.9499	0.0000	1.0000	0.2796
32ls04	6	47	1	1	2.0000	1.0000	1.0000	0.5111	NaN	NaN	NaN	163016.8134	163017.1413	1.0000	1.0000	0.0008
32ls04	6	48	1	1	1.0000	1.0000	-1.0000	NaN	3.3108	-3.8619	14.0587	163019.1443	163019.4453	0.0000	1.0000	0.2480
32ls04	6	48	1	1	2.0000	1.0000	1.0000	0.5671	NaN	NaN	NaN	163020.2543	163020.5823	1.0000	1.0000	0.0231
32ls04	6	49	1	1	1.0000	1.0000	1.0000	NaN	5.2721	5.0007	15.2515	163022.4598	163022.7611	1.0000	1.0000	0.0868
32ls04	6	49	1	1	2.0000	1.0000	1.0000	0.1732	NaN	NaN	NaN	163023.3730	163023.6998	1.0000	1.0000	0.0094
32ls04	6	50	1	1	1.0000	1.0000	-1.0000	NaN	0.7019	-0.0732	16.2163	163025.8822	163026.1835	1.0000	0.0000	0.2156
32ls04	6	50	1	1	2.0000	1.0000	-1.0000	0.6131	NaN	NaN	NaN	163026.9326	163027.2604	0.0000	1.0000	0.1238
