20py02	1	1	0	1	1.0000	1.0000	1.0000	NaN	1.5766	3.3378	15.9366	588634.1746	588634.4769	1.0000	1.0000	0.2228
20py02	1	1	0	1	2.0000	1.0000	1.0000	0.7837	NaN	NaN	NaN	588635.2687	588635.6220	1.0000	1.0000	0.3257
20py02	1	2	0	1	1.0000	1.0000	-1.0000	NaN	9.9430	-10.3309	13.2087	588638.4052	588638.7075	0.0000	1.0000	0.4421
20py02	1	2	0	1	2.0000	1.0000	1.0000	0.8488	NaN	NaN	NaN	588639.7162	588640.0705	1.0000	1.0000	0.1344
20py02	1	3	0	1	1.0000	1.0000	-1.0000	NaN	4.6575	-4.9023	13.6377	588642.8439	588643.1461	1.0000	0.0000	1.2656
20py02	1	3	0	1	2.0000	1.0000	1.0000	0.8318	NaN	NaN	NaN	588644.9966	588645.3536	1.0000	1.0000	0.1621
20py02	1	4	0	1	1.0000	1.0000	1.0000	NaN	2.4334	3.4702	14.2395	588648.2593	588648.5637	1.0000	1.0000	0.3766
20py02	1	4	0	1	2.0000	1.0000	-1.0000	0.6193	NaN	NaN	NaN	588649.5273	588649.9447	0.0000	1.0000	0.1166
20py02	1	5	0	1	1.0000	1.0000	-1.0000	NaN	2.8680	-2.3967	14.6954	588652.0910	588652.3955	0.0000	1.0000	0.3531
20py02	1	5	0	1	2.0000	1.0000	-1.0000	0.8320	NaN	NaN	NaN	588653.3211	588653.7450	0.0000	1.0000	0.1551
20py02	1	6	0	1	1.0000	1.0000	1.0000	NaN	11.6231	12.2058	15.4587	588656.4757	588656.7806	1.0000	1.0000	0.2398
20py02	1	6	0	1	2.0000	1.0000	1.0000	0.7663	NaN	NaN	NaN	588657.5439	588657.9599	1.0000	1.0000	0.1336
20py02	1	7	0	1	1.0000	1.0000	-1.0000	NaN	2.0037	-3.8628	15.0907	588660.3573	588660.6618	0.0000	1.0000	0.5985
20py02	1	7	0	1	2.0000	1.0000	1.0000	0.3730	NaN	NaN	NaN	588661.8161	588662.2274	1.0000	1.0000	0.2015
20py02	1	8	0	1	1.0000	1.0000	-1.0000	NaN	7.7095	-9.3918	14.9060	588664.6784	588664.9842	0.0000	1.0000	0.3074
20py02	1	8	0	1	2.0000	1.0000	1.0000	0.4535	NaN	NaN	NaN	588665.8471	588666.2372	1.0000	1.0000	0.1597
20py02	1	9	0	1	1.0000	1.0000	1.0000	NaN	3.1963	2.5795	14.6732	588668.4190	588668.7212	1.0000	1.0000	0.2199
20py02	1	9	0	1	2.0000	1.0000	1.0000	0.6334	NaN	NaN	NaN	588669.5080	588669.8651	1.0000	1.0000	0.1952
20py02	1	10	0	1	1.0000	1.0000	-1.0000	NaN	9.8397	-10.2161	15.2701	588672.4406	588672.7427	0.0000	1.0000	0.1981
20py02	1	10	0	1	2.0000	1.0000	1.0000	0.5569	NaN	NaN	NaN	588673.4927	588673.8482	1.0000	1.0000	0.1164
20py02	1	11	0	1	1.0000	1.0000	1.0000	NaN	10.1012	10.2810	15.5299	588676.2699	588676.5722	1.0000	1.0000	0.2561
20py02	1	11	0	1	2.0000	1.0000	1.0000	0.7930	NaN	NaN	NaN	588677.4291	588677.7849	1.0000	1.0000	0.2429
20py02	1	12	0	1	1.0000	1.0000	1.0000	NaN	9.7093	10.0766	16.5047	588680.1027	588680.4049	1.0000	1.0000	0.1685
20py02	1	12	0	1	2.0000	1.0000	-1.0000	0.3554	NaN	NaN	NaN	588681.1081	588681.4645	0.0000	1.0000	0.1472
20py02	1	13	0	1	1.0000	1.0000	-1.0000	NaN	1.7067	-2.1446	13.2731	588684.0892	588684.3914	1.0000	0.0000	0.1483
20py02	1	13	0	1	2.0000	1.0000	1.0000	0.4059	NaN	NaN	NaN	588685.1086	588685.4643	1.0000	1.0000	0.1322
20py02	1	14	0	1	1.0000	1.0000	-1.0000	NaN	0.3712	-1.2956	15.8737	588687.8621	588688.1647	1.0000	0.0000	0.3930
20py02	1	14	0	1	2.0000	1.0000	-1.0000	0.3944	NaN	NaN	NaN	588689.1250	588689.4807	0.0000	1.0000	0.1645
20py02	1	15	0	1	1.0000	1.0000	-1.0000	NaN	9.6959	-10.0173	14.7456	588692.0628	588692.3661	0.0000	1.0000	0.3020
20py02	1	15	0	1	2.0000	1.0000	1.0000	0.6082	NaN	NaN	NaN	588693.2210	588693.5739	1.0000	1.0000	0.1503
20py02	1	16	0	1	1.0000	1.0000	1.0000	NaN	8.4647	10.7236	15.4612	588695.8296	588696.1331	1.0000	1.0000	0.2797
20py02	1	16	0	1	2.0000	1.0000	1.0000	0.5648	NaN	NaN	NaN	588696.9849	588697.4038	1.0000	1.0000	0.1924
20py02	1	17	0	1	1.0000	1.0000	1.0000	NaN	0.9939	0.9686	14.7174	588699.8529	588700.1578	1.0000	1.0000	0.5585
20py02	1	17	0	1	2.0000	1.0000	-1.0000	0.2700	NaN	NaN	NaN	588701.2898	588701.7087	0.0000	1.0000	0.0309
20py02	1	18	0	1	1.0000	1.0000	1.0000	NaN	5.8209	4.4680	16.8958	588704.1779	588704.4850	1.0000	1.0000	0.2629
20py02	1	18	0	1	2.0000	1.0000	-1.0000	0.5848	NaN	NaN	NaN	588705.2909	588705.7085	0.0000	1.0000	0.1121
20py02	1	19	0	1	1.0000	1.0000	1.0000	NaN	1.9926	0.3396	15.0188	588708.2358	588708.5403	1.0000	1.0000	0.3993
20py02	1	19	0	1	2.0000	1.0000	1.0000	0.4683	NaN	NaN	NaN	588709.5111	588709.9250	1.0000	1.0000	0.2318
20py02	1	20	0	1	1.0000	1.0000	-1.0000	NaN	9.5876	-10.1551	15.4771	588712.6981	588713.0025	0.0000	1.0000	0.2908
20py02	1	20	0	1	2.0000	1.0000	-1.0000	0.0821	NaN	NaN	NaN	588713.8317	588714.2409	1.0000	0.0000	0.3474
20py02	1	21	0	1	1.0000	1.0000	-1.0000	NaN	8.5751	-9.2031	14.5219	588716.9566	588717.2608	0.0000	1.0000	0.3188
20py02	1	21	0	1	2.0000	1.0000	-1.0000	0.1336	NaN	NaN	NaN	588718.1062	588718.5246	1.0000	0.0000	0.7511
20py02	1	22	0	1	1.0000	1.0000	-1.0000	NaN	3.0742	-4.3021	15.6120	588721.6746	588721.9787	0.0000	1.0000	0.2410
20py02	1	22	0	1	2.0000	1.0000	1.0000	0.0795	NaN	NaN	NaN	588722.7595	588723.1737	0.0000	0.0000	1.0307
20py02	1	23	0	1	1.0000	1.0000	-1.0000	NaN	2.1050	-3.3685	15.8929	588726.3167	588726.6209	1.0000	0.0000	1.6638
20py02	1	23	0	1	2.0000	1.0000	-1.0000	0.1791	NaN	NaN	NaN	588728.8564	588729.2740	1.0000	0.0000	1.0102
20py02	1	24	0	1	1.0000	1.0000	1.0000	NaN	8.9878	6.7583	14.1478	588732.7625	588733.0678	1.0000	1.0000	0.2725
20py02	1	24	0	1	2.0000	1.0000	1.0000	0.2230	NaN	NaN	NaN	588733.9115	588734.3116	1.0000	1.0000	0.4045
20py02	1	25	0	1	1.0000	1.0000	-1.0000	NaN	0.7757	-0.8283	14.7265	588736.7971	588737.0993	1.0000	0.0000	0.4649
20py02	1	25	0	1	2.0000	1.0000	-1.0000	0.5465	NaN	NaN	NaN	588738.1185	588738.4687	0.0000	1.0000	0.3110
20py02	1	26	0	1	1.0000	1.0000	1.0000	NaN	1.6440	1.7807	13.1190	588741.1164	588741.4206	1.0000	1.0000	0.3830
20py02	1	26	0	1	2.0000	1.0000	1.0000	0.1978	NaN	NaN	NaN	588742.3593	588742.7713	1.0000	1.0000	0.4574
20py02	1	27	0	1	1.0000	1.0000	-1.0000	NaN	9.9976	-10.2981	14.3476	588745.5845	588745.8867	0.0000	1.0000	0.7009
20py02	1	27	0	1	2.0000	1.0000	1.0000	0.6893	NaN	NaN	NaN	588747.1406	588747.4943	1.0000	1.0000	0.3733
20py02	1	28	0	1	1.0000	1.0000	-1.0000	NaN	4.8707	-5.1299	14.6875	588750.2149	588750.5171	0.0000	1.0000	1.2079
20py02	1	28	0	1	2.0000	1.0000	1.0000	0.6439	NaN	NaN	NaN	588752.2762	588752.6316	1.0000	1.0000	0.2925
20py02	1	29	0	1	1.0000	1.0000	1.0000	NaN	9.5969	7.2415	16.7827	588755.3303	588755.6324	1.0000	1.0000	0.2511
20py02	1	29	0	1	2.0000	1.0000	1.0000	0.8098	NaN	NaN	NaN	588756.4524	588756.8041	1.0000	1.0000	0.4555
20py02	1	30	0	1	1.0000	1.0000	1.0000	NaN	4.6514	3.6156	14.7623	588759.8999	588760.2021	1.0000	1.0000	0.3066
20py02	1	30	0	1	2.0000	1.0000	-1.0000	0.1538	NaN	NaN	NaN	588761.0771	588761.4312	0.0000	1.0000	1.1563
20py02	1	31	0	1	1.0000	1.0000	1.0000	NaN	8.8944	7.8179	15.3561	588764.5928	588764.8964	1.0000	1.0000	0.1729
20py02	1	31	0	1	2.0000	1.0000	-1.0000	0.3441	NaN	NaN	NaN	588765.6362	588765.9935	0.0000	1.0000	0.2420
20py02	1	32	0	1	1.0000	1.0000	1.0000	NaN	9.5725	9.2645	14.5668	588768.0915	588768.3942	1.0000	1.0000	0.1306
20py02	1	32	0	1	2.0000	1.0000	-1.0000	0.8296	NaN	NaN	NaN	588769.0601	588769.4140	0.0000	1.0000	0.1976
20py02	1	33	0	1	1.0000	1.0000	-1.0000	NaN	6.4098	-9.3248	14.9435	588771.9355	588772.2377	0.0000	1.0000	0.2391
20py02	1	33	0	1	2.0000	1.0000	1.0000	0.4434	NaN	NaN	NaN	588773.0446	588773.3984	1.0000	1.0000	0.1492
20py02	1	34	0	1	1.0000	1.0000	-1.0000	NaN	10.8418	-10.5592	14.1425	588775.9129	588776.2150	0.0000	1.0000	0.2286
20py02	1	34	0	1	2.0000	1.0000	1.0000	0.5270	NaN	NaN	NaN	588776.9812	588777.3331	1.0000	1.0000	0.1024
20py02	1	35	0	1	1.0000	1.0000	-1.0000	NaN	6.3091	-8.5240	15.6683	588779.8177	588780.1198	1.0000	0.0000	0.5324
20py02	1	35	0	1	2.0000	1.0000	-1.0000	0.6431	NaN	NaN	NaN	588781.2364	588781.5927	0.0000	1.0000	0.1802
20py02	1	36	0	1	1.0000	1.0000	-1.0000	NaN	9.9882	-11.0506	17.1208	588784.0571	588784.3596	0.0000	1.0000	0.3399
20py02	1	36	0	1	2.0000	1.0000	1.0000	0.6763	NaN	NaN	NaN	588785.2365	588785.5925	1.0000	1.0000	0.1797
20py02	1	37	0	1	1.0000	1.0000	1.0000	NaN	4.3431	5.1325	16.2918	588788.1365	588788.4405	1.0000	1.0000	0.2603
20py02	1	37	0	1	2.0000	1.0000	1.0000	0.4067	NaN	NaN	NaN	588789.2878	588789.7037	1.0000	1.0000	0.1970
20py02	1	38	0	1	1.0000	1.0000	-1.0000	NaN	3.5533	-2.0082	15.1982	588792.0153	588792.3194	1.0000	0.0000	0.2041
20py02	1	38	0	1	2.0000	1.0000	1.0000	0.4483	NaN	NaN	NaN	588793.0817	588793.5046	1.0000	1.0000	0.1555
20py02	1	39	0	1	1.0000	1.0000	-1.0000	NaN	11.1426	-12.3898	15.5958	588796.3004	588796.6052	0.0000	1.0000	0.1906
20py02	1	39	0	1	2.0000	1.0000	1.0000	0.3642	NaN	NaN	NaN	588797.3202	588797.7372	1.0000	1.0000	0.0841
20py02	1	40	0	1	1.0000	1.0000	1.0000	NaN	2.9033	4.4409	17.0157	588800.1699	588800.4743	1.0000	1.0000	0.2750
20py02	1	40	0	1	2.0000	1.0000	1.0000	0.6627	NaN	NaN	NaN	588801.3038	588801.7173	1.0000	1.0000	0.1823
20py02	1	41	0	1	1.0000	1.0000	-1.0000	NaN	2.1151	-4.4411	14.4226	588803.8471	588804.1493	0.0000	1.0000	0.2942
20py02	1	41	0	1	2.0000	1.0000	1.0000	0.1243	NaN	NaN	NaN	588804.9979	588805.3486	1.0000	1.0000	0.9841
20py02	1	42	0	1	1.0000	1.0000	1.0000	NaN	5.2362	5.8100	15.3504	588808.3375	588808.6397	1.0000	1.0000	0.2366
20py02	1	42	0	1	2.0000	1.0000	1.0000	0.1254	NaN	NaN	NaN	588809.4758	588809.8299	1.0000	1.0000	0.2307
20py02	1	43	0	1	1.0000	1.0000	1.0000	NaN	0.5349	0.8854	13.5578	588812.7322	588813.0345	1.0000	1.0000	0.6410
20py02	1	43	0	1	2.0000	1.0000	1.0000	0.7762	NaN	NaN	NaN	588814.1647	588814.5148	1.0000	1.0000	0.3287
20py02	1	44	0	1	1.0000	1.0000	-1.0000	NaN	4.3237	-4.2869	16.2767	588816.9495	588817.2517	0.0000	1.0000	0.2330
20py02	1	44	0	1	2.0000	1.0000	1.0000	0.6236	NaN	NaN	NaN	588818.0366	588818.3905	1.0000	1.0000	0.1970
20py02	1	45	0	1	1.0000	1.0000	1.0000	NaN	0.9990	0.0803	14.6282	588820.7279	588821.0301	1.0000	1.0000	0.5494
20py02	1	45	0	1	2.0000	1.0000	-1.0000	0.8404	NaN	NaN	NaN	588822.1328	588822.4843	0.0000	1.0000	0.1833
20py02	1	46	0	1	1.0000	1.0000	-1.0000	NaN	8.8046	-8.1026	15.8274	588825.2005	588825.5027	0.0000	1.0000	0.3660
20py02	1	46	0	1	2.0000	1.0000	-1.0000	0.7913	NaN	NaN	NaN	588826.3891	588826.7445	0.0000	1.0000	0.2602
20py02	1	47	0	1	1.0000	1.0000	1.0000	NaN	10.2006	8.3028	15.2722	588829.0442	588829.3465	1.0000	1.0000	0.2183
20py02	1	47	0	1	2.0000	1.0000	1.0000	0.4303	NaN	NaN	NaN	588830.1003	588830.4568	1.0000	1.0000	0.2119
20py02	1	48	0	1	1.0000	1.0000	1.0000	NaN	3.3003	2.8586	15.3025	588833.0323	588833.3368	0.0000	0.0000	1.5547
20py02	1	48	0	1	2.0000	1.0000	1.0000	0.9299	NaN	NaN	NaN	588835.4507	588835.8686	1.0000	1.0000	0.2708
20py02	1	49	0	1	1.0000	1.0000	-1.0000	NaN	0.4408	-0.6869	15.1986	588838.0149	588838.3194	1.0000	0.0000	0.4761
20py02	1	49	0	1	2.0000	1.0000	-1.0000	0.9278	NaN	NaN	NaN	588839.3202	588839.7484	0.0000	1.0000	0.0245
20py02	1	50	0	1	1.0000	1.0000	1.0000	NaN	11.4084	13.8050	15.5917	588842.3256	588842.6303	1.0000	1.0000	0.4706
20py02	1	50	0	1	2.0000	1.0000	-1.0000	0.6765	NaN	NaN	NaN	588843.6880	588844.0782	0.0000	1.0000	0.4613
20py02	2	1	0	1	1.0000	1.0000	-1.0000	NaN	2.4351	-1.1804	16.8589	588847.7951	588848.0974	1.0000	0.0000	0.2672
20py02	2	1	0	1	2.0000	1.0000	-1.0000	0.6921	NaN	NaN	NaN	588848.9480	588849.2994	0.0000	1.0000	0.1053
20py02	2	2	0	1	1.0000	1.0000	-1.0000	NaN	3.0828	-5.0726	14.1826	588852.0902	588852.3924	0.0000	1.0000	0.6911
20py02	2	2	0	1	2.0000	1.0000	1.0000	0.1957	NaN	NaN	NaN	588853.6201	588853.9765	1.0000	1.0000	0.2119
20py02	2	3	0	1	1.0000	1.0000	1.0000	NaN	7.8316	6.9501	15.0064	588856.1040	588856.4068	1.0000	1.0000	0.3886
20py02	2	3	0	1	2.0000	1.0000	-1.0000	0.9462	NaN	NaN	NaN	588857.3804	588857.7322	0.0000	1.0000	0.2153
20py02	2	4	0	1	1.0000	1.0000	1.0000	NaN	7.1209	8.0991	15.0531	588860.1284	588860.4306	1.0000	1.0000	0.2379
20py02	2	4	0	1	2.0000	1.0000	-1.0000	0.9147	NaN	NaN	NaN	588861.2367	588861.5926	0.0000	1.0000	0.2601
20py02	2	5	0	1	1.0000	1.0000	1.0000	NaN	9.0559	11.9189	15.1648	588864.1589	588864.4611	1.0000	1.0000	0.2703
20py02	2	5	0	1	2.0000	1.0000	1.0000	0.7230	NaN	NaN	NaN	588865.3167	588865.6716	1.0000	1.0000	0.2611
20py02	2	6	0	1	1.0000	1.0000	-1.0000	NaN	6.7916	-7.5704	15.6436	588867.9718	588868.2746	1.0000	0.0000	0.4255
20py02	2	6	0	1	2.0000	1.0000	-1.0000	0.3720	NaN	NaN	NaN	588869.2680	588869.6214	0.0000	1.0000	0.2627
20py02	2	7	0	1	1.0000	1.0000	1.0000	NaN	5.0516	5.9186	16.2144	588872.1635	588872.4657	1.0000	1.0000	0.2657
20py02	2	7	0	1	2.0000	1.0000	-1.0000	0.7629	NaN	NaN	NaN	588873.3487	588873.7048	0.0000	1.0000	0.1479
20py02	2	8	0	1	1.0000	1.0000	1.0000	NaN	2.9635	3.2312	14.2974	588875.7841	588876.0863	1.0000	1.0000	0.3575
20py02	2	8	0	1	2.0000	1.0000	1.0000	0.7527	NaN	NaN	NaN	588876.9964	588877.3479	1.0000	1.0000	0.3762
20py02	2	9	0	1	1.0000	1.0000	-1.0000	NaN	10.9758	-9.2772	14.3962	588879.7954	588880.1002	0.0000	1.0000	0.2153
20py02	2	9	0	1	2.0000	1.0000	1.0000	0.2702	NaN	NaN	NaN	588880.8560	588881.2796	1.0000	1.0000	0.1238
20py02	2	10	0	1	1.0000	1.0000	1.0000	NaN	11.1950	11.6371	14.7631	588883.3791	588883.6839	1.0000	1.0000	0.3127
20py02	2	10	0	1	2.0000	1.0000	-1.0000	0.3897	NaN	NaN	NaN	588884.6000	588885.0166	0.0000	1.0000	0.1961
20py02	2	11	0	1	1.0000	1.0000	-1.0000	NaN	5.4655	-5.2104	14.2421	588887.4161	588887.7209	0.0000	1.0000	0.4517
20py02	2	11	0	1	2.0000	1.0000	1.0000	0.5693	NaN	NaN	NaN	588888.6986	588889.1038	1.0000	1.0000	0.0917
20py02	2	12	0	1	1.0000	1.0000	1.0000	NaN	2.5387	2.2807	14.6371	588891.4356	588891.7388	1.0000	1.0000	0.2583
20py02	2	12	0	1	2.0000	1.0000	-1.0000	0.4016	NaN	NaN	NaN	588892.5163	588892.8702	0.0000	1.0000	0.1505
20py02	2	13	0	1	1.0000	1.0000	1.0000	NaN	0.0199	1.9311	14.5225	588895.1444	588895.4466	1.0000	1.0000	0.3420
20py02	2	13	0	1	2.0000	1.0000	-1.0000	0.8798	NaN	NaN	NaN	588896.3562	588896.7088	0.0000	1.0000	0.1358
20py02	2	14	0	1	1.0000	1.0000	1.0000	NaN	3.1890	1.0504	14.6620	588899.2587	588899.5608	1.0000	1.0000	0.2106
20py02	2	14	0	1	2.0000	1.0000	-1.0000	0.6055	NaN	NaN	NaN	588900.3251	588900.6769	0.0000	1.0000	0.1185
20py02	2	15	0	1	1.0000	1.0000	1.0000	NaN	7.1035	5.6908	13.5832	588903.0284	588903.3305	1.0000	1.0000	0.2020
20py02	2	15	0	1	2.0000	1.0000	1.0000	0.5685	NaN	NaN	NaN	588904.0684	588904.4239	1.0000	1.0000	0.3246
20py02	2	16	0	1	1.0000	1.0000	1.0000	NaN	7.8866	6.4542	14.3790	588906.9616	588907.2638	1.0000	1.0000	0.2369
20py02	2	16	0	1	2.0000	1.0000	1.0000	0.7381	NaN	NaN	NaN	588908.0682	588908.4237	1.0000	1.0000	0.2757
20py02	2	17	0	1	1.0000	1.0000	-1.0000	NaN	0.0583	-0.4218	13.7319	588911.3566	588911.6587	1.0000	0.0000	0.8007
20py02	2	17	0	1	2.0000	1.0000	1.0000	0.8798	NaN	NaN	NaN	588913.0765	588913.4263	1.0000	1.0000	0.2975
20py02	2	18	0	1	1.0000	1.0000	1.0000	NaN	3.0588	3.1334	15.4132	588916.3357	588916.6388	1.0000	1.0000	0.6692
20py02	2	18	0	1	2.0000	1.0000	-1.0000	0.4494	NaN	NaN	NaN	588917.8930	588918.2458	0.0000	1.0000	0.1341
20py02	2	19	0	1	1.0000	1.0000	1.0000	NaN	11.2191	12.1349	14.1712	588920.6936	588920.9958	1.0000	1.0000	0.1995
20py02	2	19	0	1	2.0000	1.0000	-1.0000	0.4093	NaN	NaN	NaN	588921.7642	588922.1187	0.0000	1.0000	0.1980
20py02	2	20	0	1	1.0000	1.0000	1.0000	NaN	8.4491	8.9442	16.1228	588924.3642	588924.6664	1.0000	1.0000	0.2584
20py02	2	20	0	1	2.0000	1.0000	1.0000	0.6935	NaN	NaN	NaN	588925.5301	588925.9478	1.0000	1.0000	0.0796
20py02	2	21	0	1	1.0000	1.0000	-1.0000	NaN	8.2111	-7.9310	14.7999	588928.3897	588928.6919	0.0000	1.0000	0.2967
20py02	2	21	0	1	2.0000	1.0000	-1.0000	0.2954	NaN	NaN	NaN	588929.5255	588929.8753	0.0000	1.0000	0.2974
20py02	2	22	0	1	1.0000	1.0000	1.0000	NaN	7.7694	7.3334	14.0986	588932.7377	588933.0399	1.0000	1.0000	0.2040
20py02	2	22	0	1	2.0000	1.0000	1.0000	0.0758	NaN	NaN	NaN	588933.7806	588934.1348	0.0000	0.0000	0.6126
20py02	2	23	0	1	1.0000	1.0000	1.0000	NaN	2.5764	3.0129	14.6488	588936.8517	588937.1544	1.0000	1.0000	0.4741
20py02	2	23	0	1	2.0000	1.0000	1.0000	0.3648	NaN	NaN	NaN	588938.1805	588938.5346	1.0000	1.0000	0.3264
20py02	2	24	0	1	1.0000	1.0000	1.0000	NaN	8.5416	7.5117	14.5335	588941.4566	588941.7588	1.0000	1.0000	0.3325
20py02	2	24	0	1	2.0000	1.0000	-1.0000	0.6579	NaN	NaN	NaN	588942.6602	588943.0112	0.0000	1.0000	0.2654
20py02	2	25	0	1	1.0000	1.0000	1.0000	NaN	4.1701	3.9161	15.2630	588945.4151	588945.7173	1.0000	1.0000	0.3592
20py02	2	25	0	1	2.0000	1.0000	1.0000	0.4626	NaN	NaN	NaN	588946.6447	588947.0011	1.0000	1.0000	0.1311
20py02	2	26	0	1	1.0000	1.0000	-1.0000	NaN	4.5589	-3.7030	15.5983	588949.2374	588949.5396	0.0000	1.0000	0.4249
20py02	2	26	0	1	2.0000	1.0000	1.0000	0.8541	NaN	NaN	NaN	588950.4687	588950.8228	1.0000	1.0000	0.1022
20py02	2	27	0	1	1.0000	1.0000	1.0000	NaN	9.3915	8.4978	13.5699	588953.2287	588953.5310	1.0000	1.0000	0.1296
20py02	2	27	0	1	2.0000	1.0000	-1.0000	0.5670	NaN	NaN	NaN	588954.2124	588954.5671	0.0000	1.0000	0.1322
20py02	2	28	0	1	1.0000	1.0000	1.0000	NaN	3.1111	1.7957	15.0792	588956.7504	588957.0534	1.0000	1.0000	0.2380
20py02	2	28	0	1	2.0000	1.0000	1.0000	0.2017	NaN	NaN	NaN	588957.8602	588958.2171	1.0000	1.0000	0.1634
20py02	2	29	0	1	1.0000	1.0000	-1.0000	NaN	6.9124	-8.5100	15.4229	588960.7096	588961.0118	0.0000	1.0000	0.2814
20py02	2	29	0	1	2.0000	1.0000	-1.0000	0.4953	NaN	NaN	NaN	588961.8126	588962.1667	0.0000	1.0000	0.1966
20py02	2	30	0	1	1.0000	1.0000	1.0000	NaN	7.3798	7.1190	16.4680	588964.5374	588964.8395	1.0000	1.0000	0.2285
20py02	2	30	0	1	2.0000	1.0000	1.0000	0.0220	NaN	NaN	NaN	588965.6208	588965.9719	1.0000	1.0000	0.3274
20py02	2	31	0	1	1.0000	1.0000	-1.0000	NaN	3.0265	-3.7174	14.2378	588968.7313	588969.0338	0.0000	1.0000	0.3700
20py02	2	31	0	1	2.0000	1.0000	1.0000	0.2410	NaN	NaN	NaN	588969.9570	588970.3070	1.0000	1.0000	0.2804
20py02	2	32	0	1	1.0000	1.0000	-1.0000	NaN	4.3752	-4.5846	15.7152	588972.9729	588973.2767	0.0000	1.0000	0.5117
20py02	2	32	0	1	2.0000	1.0000	1.0000	0.6604	NaN	NaN	NaN	588974.2625	588974.6549	1.0000	1.0000	0.1724
20py02	2	33	0	1	1.0000	1.0000	-1.0000	NaN	9.7459	-10.2069	13.6847	588976.8499	588977.1524	0.0000	1.0000	0.3156
20py02	2	33	0	1	2.0000	1.0000	1.0000	0.8031	NaN	NaN	NaN	588977.9890	588978.3398	1.0000	1.0000	0.2967
20py02	2	34	0	1	1.0000	1.0000	-1.0000	NaN	3.4371	-0.0410	14.7845	588980.5826	588980.8855	0.0000	1.0000	0.4548
20py02	2	34	0	1	2.0000	1.0000	1.0000	0.2682	NaN	NaN	NaN	588981.8764	588982.2326	1.0000	1.0000	0.1165
20py02	2	35	0	1	1.0000	1.0000	1.0000	NaN	1.8911	1.9496	15.6823	588984.3702	588984.6725	1.0000	1.0000	0.2521
20py02	2	35	0	1	2.0000	1.0000	-1.0000	0.1723	NaN	NaN	NaN	588985.5244	588985.8760	0.0000	1.0000	0.1997
20py02	2	36	0	1	1.0000	1.0000	-1.0000	NaN	10.9890	-11.3360	13.9322	588988.2573	588988.5595	0.0000	1.0000	0.1884
20py02	2	36	0	1	2.0000	1.0000	-1.0000	0.9449	NaN	NaN	NaN	588989.2358	588989.5874	0.0000	1.0000	0.4079
20py02	2	37	0	1	1.0000	1.0000	1.0000	NaN	11.7250	12.7066	15.2861	588992.6034	588992.9057	1.0000	1.0000	0.2256
20py02	2	37	0	1	2.0000	1.0000	-1.0000	0.8517	NaN	NaN	NaN	588993.6683	588994.0205	0.0000	1.0000	0.2308
20py02	2	38	0	1	1.0000	1.0000	1.0000	NaN	11.7702	9.4017	15.3614	588996.7855	588997.0878	1.0000	1.0000	0.2688
20py02	2	38	0	1	2.0000	1.0000	1.0000	0.2549	NaN	NaN	NaN	588997.9248	588998.2814	1.0000	1.0000	0.5627
20py02	2	39	0	1	1.0000	1.0000	1.0000	NaN	1.2579	1.1158	14.8999	589001.2708	589001.5728	1.0000	1.0000	0.3111
20py02	2	39	0	1	2.0000	1.0000	-1.0000	0.0522	NaN	NaN	NaN	589002.4218	589002.7720	0.0000	1.0000	0.1833
20py02	2	40	0	1	1.0000	1.0000	-1.0000	NaN	8.8784	-6.8969	15.5568	589005.0789	589005.3812	0.0000	1.0000	0.2621
20py02	2	40	0	1	2.0000	1.0000	-1.0000	0.0899	NaN	NaN	NaN	589006.1804	589006.5353	1.0000	0.0000	0.1810
20py02	2	41	0	1	1.0000	1.0000	-1.0000	NaN	10.5939	-11.2825	14.7143	589009.4185	589009.7207	0.0000	1.0000	0.2439
20py02	2	41	0	1	2.0000	1.0000	1.0000	0.1450	NaN	NaN	NaN	589010.5326	589010.8864	1.0000	1.0000	0.2609
20py02	2	42	0	1	1.0000	1.0000	1.0000	NaN	8.4613	10.1521	14.0170	589013.5287	589013.8310	1.0000	1.0000	0.2283
20py02	2	42	0	1	2.0000	1.0000	-1.0000	0.6632	NaN	NaN	NaN	589014.6118	589014.9683	0.0000	1.0000	0.1791
20py02	2	43	0	1	1.0000	1.0000	-1.0000	NaN	0.6569	-1.6441	13.7581	589017.3041	589017.6063	0.0000	1.0000	2.2459
20py02	2	43	0	1	2.0000	1.0000	-1.0000	0.3456	NaN	NaN	NaN	589020.3916	589020.8094	0.0000	1.0000	0.2259
20py02	2	44	0	1	1.0000	1.0000	1.0000	NaN	1.0681	1.8468	15.0584	589023.1759	589023.4805	0.0000	0.0000	1.8279
20py02	2	44	0	1	2.0000	1.0000	-1.0000	0.1686	NaN	NaN	NaN	589025.8949	589026.3060	0.0000	1.0000	0.2499
20py02	2	45	0	1	1.0000	1.0000	-1.0000	NaN	7.9203	-8.1444	18.0829	589028.9054	589029.2076	0.0000	1.0000	0.2608
20py02	2	45	0	1	2.0000	1.0000	1.0000	0.0047	NaN	NaN	NaN	589030.0537	589030.4037	0.0000	0.0000	0.5516
20py02	2	46	0	1	1.0000	1.0000	-1.0000	NaN	9.3928	-8.4676	16.3646	589033.2560	589033.5582	0.0000	1.0000	0.4219
20py02	2	46	0	1	2.0000	1.0000	1.0000	0.8155	NaN	NaN	NaN	589034.5166	589034.8685	1.0000	1.0000	0.2148
20py02	2	47	0	1	1.0000	1.0000	1.0000	NaN	2.6726	2.5742	15.1730	589037.7229	589038.0250	1.0000	1.0000	0.2441
20py02	2	47	0	1	2.0000	1.0000	1.0000	0.8710	NaN	NaN	NaN	589038.8533	589039.2035	1.0000	1.0000	0.2318
20py02	2	48	0	1	1.0000	1.0000	-1.0000	NaN	4.1280	-5.3571	14.9645	589041.3826	589041.6847	0.0000	1.0000	0.5518
20py02	2	48	0	1	2.0000	1.0000	-1.0000	0.4205	NaN	NaN	NaN	589042.7568	589043.1129	0.0000	1.0000	0.2276
20py02	2	49	0	1	1.0000	1.0000	-1.0000	NaN	11.4703	-11.9172	14.4724	589045.5378	589045.8404	0.0000	1.0000	0.2032
20py02	2	49	0	1	2.0000	1.0000	-1.0000	0.8607	NaN	NaN	NaN	589046.5477	589046.9012	0.0000	1.0000	0.2140
20py02	2	50	0	1	1.0000	1.0000	-1.0000	NaN	10.7289	-12.0407	16.0008	589049.2294	589049.5321	0.0000	1.0000	0.2566
20py02	2	50	0	1	2.0000	1.0000	-1.0000	0.0640	NaN	NaN	NaN	589050.3086	589050.6622	1.0000	0.0000	0.2623
20py02	3	1	0	1	1.0000	1.0000	-1.0000	NaN	1.1847	-1.0699	16.8231	589054.3993	589054.7016	1.0000	0.0000	0.2217
20py02	3	1	0	1	2.0000	1.0000	1.0000	0.0453	NaN	NaN	NaN	589055.5244	589055.8786	0.0000	0.0000	0.7087
20py02	3	2	0	1	1.0000	1.0000	-1.0000	NaN	0.8855	-4.5734	14.9190	589058.8866	589059.1888	0.0000	1.0000	0.4390
20py02	3	2	0	1	2.0000	1.0000	1.0000	0.7325	NaN	NaN	NaN	589060.1640	589060.5172	1.0000	1.0000	0.3420
20py02	3	3	0	1	1.0000	1.0000	1.0000	NaN	1.6823	3.6559	16.2708	589063.5535	589063.8581	1.0000	1.0000	0.3624
20py02	3	3	0	1	2.0000	1.0000	-1.0000	0.6408	NaN	NaN	NaN	589064.7918	589065.2070	0.0000	1.0000	0.1817
20py02	3	4	0	1	1.0000	1.0000	-1.0000	NaN	7.4175	-9.2301	15.0172	589067.3777	589067.6811	0.0000	1.0000	0.3313
20py02	3	4	0	1	2.0000	1.0000	1.0000	0.7050	NaN	NaN	NaN	589068.5641	589068.9168	1.0000	1.0000	0.2476
20py02	3	5	0	1	1.0000	1.0000	-1.0000	NaN	4.3181	-3.9129	15.4732	589071.6351	589071.9373	0.0000	1.0000	0.2510
20py02	3	5	0	1	2.0000	1.0000	-1.0000	0.1848	NaN	NaN	NaN	589072.7404	589073.0944	0.0000	1.0000	0.5009
20py02	3	6	0	1	1.0000	1.0000	1.0000	NaN	5.2991	4.3461	16.5188	589075.6022	589075.9045	1.0000	1.0000	0.3307
20py02	3	6	0	1	2.0000	1.0000	-1.0000	0.0328	NaN	NaN	NaN	589076.8045	589077.1612	0.0000	1.0000	0.3229
20py02	3	7	0	1	1.0000	1.0000	-1.0000	NaN	3.6766	-2.9972	15.6822	589079.5236	589079.8258	1.0000	0.0000	0.5694
20py02	3	7	0	1	2.0000	1.0000	1.0000	0.7184	NaN	NaN	NaN	589080.9805	589081.3329	1.0000	1.0000	0.2784
20py02	3	8	0	1	1.0000	1.0000	-1.0000	NaN	11.0327	-12.7553	16.0386	589084.0636	589084.3657	0.0000	1.0000	0.2388
20py02	3	8	0	1	2.0000	1.0000	1.0000	0.7392	NaN	NaN	NaN	589085.1403	589085.4938	1.0000	1.0000	0.2467
20py02	3	9	0	1	1.0000	1.0000	1.0000	NaN	4.5834	5.0569	14.2633	589088.3192	589088.6214	1.0000	1.0000	0.2537
20py02	3	9	0	1	2.0000	1.0000	-1.0000	0.5298	NaN	NaN	NaN	589089.4921	589089.8475	0.0000	1.0000	0.1489
20py02	3	10	0	1	1.0000	1.0000	-1.0000	NaN	9.8556	-8.7060	14.2950	589091.8515	589092.1537	0.0000	1.0000	0.3699
20py02	3	10	0	1	2.0000	1.0000	-1.0000	0.0115	NaN	NaN	NaN	589093.1079	589093.4642	1.0000	0.0000	0.4190
20py02	3	11	0	1	1.0000	1.0000	-1.0000	NaN	10.6261	-11.0765	14.1630	589095.9651	589096.2674	0.0000	1.0000	0.2398
20py02	3	11	0	1	2.0000	1.0000	-1.0000	0.7830	NaN	NaN	NaN	589097.0443	589097.3975	0.0000	1.0000	0.2948
20py02	3	12	0	1	1.0000	1.0000	1.0000	NaN	4.1582	4.7562	13.7097	589099.8576	589100.1597	1.0000	1.0000	0.4925
20py02	3	12	0	1	2.0000	1.0000	1.0000	0.6026	NaN	NaN	NaN	589101.2683	589101.6199	1.0000	1.0000	0.3273
20py02	3	13	0	1	1.0000	1.0000	1.0000	NaN	5.6819	5.4014	14.3160	589103.9277	589104.2300	1.0000	1.0000	0.2620
20py02	3	13	0	1	2.0000	1.0000	-1.0000	0.2580	NaN	NaN	NaN	589105.0761	589105.4304	0.0000	1.0000	0.2139
20py02	3	14	0	1	1.0000	1.0000	1.0000	NaN	5.9777	5.2853	15.5776	589107.9968	589108.3007	1.0000	1.0000	0.2385
20py02	3	14	0	1	2.0000	1.0000	-1.0000	0.8909	NaN	NaN	NaN	589109.1270	589109.5262	0.0000	1.0000	0.0702
20py02	3	15	0	1	1.0000	1.0000	1.0000	NaN	9.0997	8.7654	13.1905	589111.8513	589112.1536	1.0000	1.0000	0.2416
20py02	3	15	0	1	2.0000	1.0000	1.0000	0.5002	NaN	NaN	NaN	589113.0120	589113.3646	1.0000	1.0000	0.2317
20py02	3	16	0	1	1.0000	1.0000	1.0000	NaN	9.6917	11.4116	14.6630	589115.8331	589116.1353	1.0000	1.0000	0.2131
20py02	3	16	0	1	2.0000	1.0000	1.0000	0.5972	NaN	NaN	NaN	589116.9328	589117.2829	1.0000	1.0000	0.2643
20py02	3	17	0	1	1.0000	1.0000	1.0000	NaN	2.4133	2.3325	14.8940	589119.8459	589120.1481	1.0000	1.0000	0.2320
20py02	3	17	0	1	2.0000	1.0000	-1.0000	0.4451	NaN	NaN	NaN	589121.0115	589121.3642	0.0000	1.0000	0.1842
20py02	3	18	0	1	1.0000	1.0000	1.0000	NaN	6.1706	7.1132	15.3001	589123.9853	589124.2875	1.0000	1.0000	0.2054
20py02	3	18	0	1	2.0000	1.0000	1.0000	0.4150	NaN	NaN	NaN	589125.1398	589125.4961	1.0000	1.0000	0.2110
20py02	3	19	0	1	1.0000	1.0000	1.0000	NaN	7.4792	8.0732	14.5933	589128.2614	589128.5637	1.0000	1.0000	0.2327
20py02	3	19	0	1	2.0000	1.0000	-1.0000	0.3254	NaN	NaN	NaN	589129.4135	589129.7652	0.0000	1.0000	0.2311
20py02	3	20	0	1	1.0000	1.0000	-1.0000	NaN	1.3771	-1.5773	15.0110	589132.6373	589132.9395	1.0000	0.0000	0.2729
20py02	3	20	0	1	2.0000	1.0000	1.0000	0.2069	NaN	NaN	NaN	589133.8134	589134.1653	1.0000	1.0000	0.3595
20py02	3	21	0	1	1.0000	1.0000	-1.0000	NaN	4.9477	-4.1111	14.7678	589136.6453	589136.9476	1.0000	0.0000	0.2487
20py02	3	21	0	1	2.0000	1.0000	-1.0000	0.6056	NaN	NaN	NaN	589137.7651	589138.1151	0.0000	1.0000	0.1054
20py02	3	22	0	1	1.0000	1.0000	1.0000	NaN	0.9350	1.7148	13.7951	589140.1527	589140.4549	1.0000	1.0000	0.2455
20py02	3	22	0	1	2.0000	1.0000	-1.0000	0.5598	NaN	NaN	NaN	589141.2363	589141.5910	0.0000	1.0000	0.2293
20py02	3	23	0	1	1.0000	1.0000	1.0000	NaN	5.3785	4.4161	15.8387	589144.3682	589144.6704	1.0000	1.0000	0.2219
20py02	3	23	0	1	2.0000	1.0000	1.0000	0.4017	NaN	NaN	NaN	589145.4759	589145.8296	1.0000	1.0000	0.3415
20py02	3	24	0	1	1.0000	1.0000	1.0000	NaN	8.5929	9.2542	15.7200	589148.3862	589148.6884	1.0000	1.0000	0.2348
20py02	3	24	0	1	2.0000	1.0000	-1.0000	0.9320	NaN	NaN	NaN	589149.4924	589149.8461	0.0000	1.0000	0.1828
20py02	3	25	0	1	1.0000	1.0000	-1.0000	NaN	5.9389	-6.5147	13.5966	589151.9774	589152.2796	0.0000	1.0000	0.6445
20py02	3	25	0	1	2.0000	1.0000	1.0000	0.2921	NaN	NaN	NaN	589153.4762	589153.8292	1.0000	1.0000	0.1504
20py02	3	26	0	1	1.0000	1.0000	-1.0000	NaN	9.9381	-9.7044	15.0767	589156.4722	589156.7790	0.0000	1.0000	0.3055
20py02	3	26	0	1	2.0000	1.0000	1.0000	0.5621	NaN	NaN	NaN	589157.6384	589158.0517	1.0000	1.0000	0.0394
20py02	3	27	0	1	1.0000	1.0000	-1.0000	NaN	1.7287	-1.5571	14.8120	589160.5815	589160.8836	0.0000	1.0000	0.8566
20py02	3	27	0	1	2.0000	1.0000	-1.0000	0.8608	NaN	NaN	NaN	589162.3085	589162.6621	0.0000	1.0000	0.2306
20py02	3	28	0	1	1.0000	1.0000	-1.0000	NaN	7.1201	-7.0845	15.6004	589165.2722	589165.5755	0.0000	1.0000	1.2196
20py02	3	28	0	1	2.0000	1.0000	-1.0000	0.0187	NaN	NaN	NaN	589167.3970	589167.7499	1.0000	0.0000	0.7252
20py02	3	29	0	1	1.0000	1.0000	-1.0000	NaN	8.4823	-8.8381	12.7092	589170.7163	589171.0185	0.0000	1.0000	0.1939
20py02	3	29	0	1	2.0000	1.0000	1.0000	0.7815	NaN	NaN	NaN	589171.7641	589172.1163	1.0000	1.0000	0.1678
20py02	3	30	0	1	1.0000	1.0000	-1.0000	NaN	2.5046	-3.0605	15.0925	589174.6293	589174.9315	0.0000	1.0000	0.6332
20py02	3	30	0	1	2.0000	1.0000	-1.0000	0.1987	NaN	NaN	NaN	589176.1482	589176.4993	0.0000	1.0000	0.4078
20py02	3	31	0	1	1.0000	1.0000	-1.0000	NaN	2.9204	-1.2548	14.7220	589179.1292	589179.4314	0.0000	1.0000	0.5006
20py02	3	31	0	1	2.0000	1.0000	-1.0000	0.8853	NaN	NaN	NaN	589180.5002	589180.8559	0.0000	1.0000	0.2765
20py02	3	32	0	1	1.0000	1.0000	1.0000	NaN	0.9362	0.9769	13.5639	589183.6524	589183.9547	0.0000	0.0000	0.2496
20py02	3	32	0	1	2.0000	1.0000	1.0000	0.9086	NaN	NaN	NaN	589184.8037	589185.1596	1.0000	1.0000	0.2755
20py02	3	33	0	1	1.0000	1.0000	1.0000	NaN	7.7040	6.8751	14.3939	589187.9089	589188.2111	1.0000	1.0000	0.2814
20py02	3	33	0	1	2.0000	1.0000	1.0000	0.4629	NaN	NaN	NaN	589189.0613	589189.4124	1.0000	1.0000	0.2787
20py02	3	34	0	1	1.0000	1.0000	1.0000	NaN	5.9215	7.7415	15.8454	589191.9474	589192.2496	1.0000	1.0000	0.6099
20py02	3	34	0	1	2.0000	1.0000	1.0000	0.3248	NaN	NaN	NaN	589193.4454	589193.7956	1.0000	1.0000	0.2330
20py02	3	35	0	1	1.0000	1.0000	1.0000	NaN	1.1760	0.7602	14.9717	589196.0848	589196.3870	0.0000	0.0000	0.4887
20py02	3	35	0	1	2.0000	1.0000	-1.0000	0.5727	NaN	NaN	NaN	589197.4450	589197.7954	0.0000	1.0000	0.1849
20py02	3	36	0	1	1.0000	1.0000	-1.0000	NaN	1.0308	-1.7421	14.2698	589200.3558	589200.6579	1.0000	0.0000	0.7776
20py02	3	36	0	1	2.0000	1.0000	1.0000	0.0463	NaN	NaN	NaN	589202.0364	589202.3922	0.0000	0.0000	0.3713
20py02	3	37	0	1	1.0000	1.0000	-1.0000	NaN	7.5736	-6.0359	14.7863	589204.9279	589205.2321	0.0000	1.0000	0.3155
20py02	3	37	0	1	2.0000	1.0000	1.0000	0.8662	NaN	NaN	NaN	589206.1030	589206.4880	1.0000	1.0000	0.1471
20py02	3	38	0	1	1.0000	1.0000	-1.0000	NaN	8.0909	-9.2713	14.7590	589208.7403	589209.0424	0.0000	1.0000	0.1058
20py02	3	38	0	1	2.0000	1.0000	1.0000	0.5447	NaN	NaN	NaN	589209.6841	589210.0376	1.0000	1.0000	0.1662
20py02	3	39	0	1	1.0000	1.0000	-1.0000	NaN	4.3896	-5.2048	16.4307	589212.5916	589212.8937	1.0000	0.0000	0.9258
20py02	3	39	0	1	2.0000	1.0000	1.0000	0.0468	NaN	NaN	NaN	589214.4196	589214.7747	0.0000	0.0000	0.4377
20py02	3	40	0	1	1.0000	1.0000	-1.0000	NaN	7.4785	-7.8863	14.4639	589217.7080	589218.0102	0.0000	1.0000	0.2895
20py02	3	40	0	1	2.0000	1.0000	-1.0000	0.0439	NaN	NaN	NaN	589218.8516	589219.2080	1.0000	0.0000	0.5956
20py02	3	41	0	1	1.0000	1.0000	-1.0000	NaN	3.1146	-0.9525	15.5187	589222.0246	589222.3268	0.0000	1.0000	0.9814
20py02	3	41	0	1	2.0000	1.0000	1.0000	0.7145	NaN	NaN	NaN	589223.8775	589224.2271	1.0000	1.0000	0.2169
20py02	3	42	0	1	1.0000	1.0000	1.0000	NaN	4.8746	4.7857	14.8477	589226.4885	589226.7907	1.0000	1.0000	0.3731
20py02	3	42	0	1	2.0000	1.0000	1.0000	0.6793	NaN	NaN	NaN	589227.7319	589228.0866	1.0000	1.0000	0.2613
20py02	3	43	0	1	1.0000	1.0000	1.0000	NaN	4.5482	4.6110	13.6193	589230.6698	589230.9729	1.0000	1.0000	0.2862
20py02	3	43	0	1	2.0000	1.0000	-1.0000	0.3334	NaN	NaN	NaN	589231.8603	589232.2103	0.0000	1.0000	0.2167
20py02	3	44	0	1	1.0000	1.0000	-1.0000	NaN	3.0250	-3.2454	14.0618	589234.6833	589234.9855	1.0000	0.0000	0.3055
20py02	3	44	0	1	2.0000	1.0000	-1.0000	0.6224	NaN	NaN	NaN	589235.8439	589236.1962	0.0000	1.0000	0.1200
20py02	3	45	0	1	1.0000	1.0000	1.0000	NaN	10.4042	11.3425	14.4474	589238.6284	589238.9306	1.0000	1.0000	0.2644
20py02	3	45	0	1	2.0000	1.0000	1.0000	0.8934	NaN	NaN	NaN	589239.7477	589240.1027	1.0000	1.0000	0.5483
20py02	3	46	0	1	1.0000	1.0000	-1.0000	NaN	9.3712	-8.9015	15.5585	589242.8320	589243.1342	0.0000	1.0000	0.5259
20py02	3	46	0	1	2.0000	1.0000	-1.0000	0.5589	NaN	NaN	NaN	589244.2283	589244.5796	0.0000	1.0000	0.2161
20py02	3	47	0	1	1.0000	1.0000	1.0000	NaN	10.3484	10.7503	13.6270	589246.6201	589246.9223	1.0000	1.0000	0.2568
20py02	3	47	0	1	2.0000	1.0000	1.0000	0.2538	NaN	NaN	NaN	589247.7640	589248.1188	1.0000	1.0000	0.2773
20py02	3	48	0	1	1.0000	1.0000	-1.0000	NaN	2.6105	-3.1899	16.7398	589250.4358	589250.7414	0.0000	1.0000	1.0782
20py02	3	48	0	1	2.0000	1.0000	-1.0000	0.1735	NaN	NaN	NaN	589252.3773	589252.7958	0.0000	1.0000	0.5603
20py02	3	49	0	1	1.0000	1.0000	-1.0000	NaN	11.3507	-12.0680	14.8368	589255.4184	589255.7245	0.0000	1.0000	0.4625
20py02	3	49	0	1	2.0000	1.0000	-1.0000	0.0459	NaN	NaN	NaN	589256.6970	589257.0854	1.0000	0.0000	0.6696
20py02	3	50	0	1	1.0000	1.0000	-1.0000	NaN	9.0935	-8.6803	14.9855	589259.7031	589260.0053	0.0000	1.0000	0.1657
20py02	3	50	0	1	2.0000	1.0000	-1.0000	0.7711	NaN	NaN	NaN	589260.7089	589261.0615	0.0000	1.0000	0.1975
