35ly04	1	1	1	0	1.0000	0.0000	1.0000	0.0198	NaN	NaN	NaN	35112.0846	35112.4159	1.0000	1.0000	0.3442
35ly04	1	1	1	0	2.0000	0.0000	1.0000	NaN	5.0416	6.2440	15.1127	35113.3170	35113.6180	1.0000	1.0000	0.3103
35ly04	1	2	1	0	1.0000	0.0000	1.0000	0.1001	NaN	NaN	NaN	35115.9219	35116.2483	1.0000	1.0000	0.1529
35ly04	1	2	1	0	2.0000	0.0000	1.0000	NaN	4.8545	2.6310	15.2577	35116.9313	35117.2322	0.0000	0.0000	0.1359
35ly04	1	3	1	0	1.0000	0.0000	-1.0000	0.0491	NaN	NaN	NaN	35120.0614	35120.3886	1.0000	0.0000	0.2529
35ly04	1	3	1	0	2.0000	0.0000	-1.0000	NaN	2.9152	-4.6310	14.2292	35121.1479	35121.4489	0.0000	1.0000	0.2963
35ly04	1	4	1	0	1.0000	0.0000	-1.0000	0.2139	NaN	NaN	NaN	35124.0604	35124.3889	0.0000	1.0000	0.2045
35ly04	1	4	1	0	2.0000	0.0000	1.0000	NaN	2.1160	2.3596	14.2133	35125.1311	35125.4321	1.0000	1.0000	0.0085
35ly04	1	5	1	0	1.0000	0.0000	-1.0000	0.3135	NaN	NaN	NaN	35127.2592	35127.5883	0.0000	1.0000	0.1971
35ly04	1	5	1	0	2.0000	0.0000	1.0000	NaN	4.4396	5.4416	14.9519	35128.3327	35128.6337	1.0000	1.0000	0.0089
35ly04	1	6	1	0	1.0000	0.0000	1.0000	0.1465	NaN	NaN	NaN	35130.8761	35131.2031	1.0000	1.0000	0.2523
35ly04	1	6	1	0	2.0000	0.0000	1.0000	NaN	0.3021	2.1406	14.9072	35131.9643	35132.2654	1.0000	1.0000	2.7203
35ly04	1	7	1	0	1.0000	0.0000	-1.0000	0.2561	NaN	NaN	NaN	35137.2337	35137.5595	0.0000	1.0000	0.1862
35ly04	1	7	1	0	2.0000	0.0000	1.0000	NaN	3.6733	1.4651	15.7773	35138.2841	35138.5851	1.0000	1.0000	0.0240
35ly04	1	8	1	0	1.0000	0.0000	1.0000	0.3102	NaN	NaN	NaN	35140.9411	35141.2689	1.0000	1.0000	0.2344
35ly04	1	8	1	0	2.0000	0.0000	1.0000	NaN	4.7647	3.0810	14.9619	35142.0273	35142.3283	1.0000	1.0000	0.0733
35ly04	1	9	1	0	1.0000	0.0000	-1.0000	0.2877	NaN	NaN	NaN	35144.8575	35145.1852	0.0000	1.0000	0.1343
35ly04	1	9	1	0	2.0000	0.0000	1.0000	NaN	4.3337	6.5769	16.1029	35145.8752	35146.1762	1.0000	1.0000	0.0084
35ly04	1	10	1	0	1.0000	0.0000	1.0000	0.0452	NaN	NaN	NaN	35148.2531	35148.5803	1.0000	1.0000	0.4372
35ly04	1	10	1	0	2.0000	0.0000	1.0000	NaN	0.0129	0.1282	15.2363	35149.5333	35149.8343	1.0000	1.0000	0.1595
35ly04	1	11	1	0	1.0000	0.0000	1.0000	0.0140	NaN	NaN	NaN	35151.7912	35152.1192	1.0000	1.0000	0.3067
35ly04	1	11	1	0	2.0000	0.0000	1.0000	NaN	2.3396	2.4330	15.5548	35152.9473	35153.2483	1.0000	1.0000	0.2083
35ly04	1	12	1	0	1.0000	0.0000	-1.0000	0.2481	NaN	NaN	NaN	35155.7142	35156.0411	0.0000	1.0000	0.3192
35ly04	1	12	1	0	2.0000	0.0000	1.0000	NaN	3.6239	5.1562	15.4570	35156.8910	35157.1920	1.0000	1.0000	0.0333
35ly04	1	13	1	0	1.0000	0.0000	-1.0000	0.3233	NaN	NaN	NaN	35159.4659	35159.7923	0.0000	1.0000	0.0889
35ly04	1	13	1	0	2.0000	0.0000	1.0000	NaN	1.7825	1.2555	14.2480	35160.4113	35160.7128	1.0000	1.0000	0.0487
35ly04	1	14	1	0	1.0000	0.0000	-1.0000	0.1458	NaN	NaN	NaN	35162.6267	35162.9539	0.0000	1.0000	0.1494
35ly04	1	14	1	0	2.0000	0.0000	1.0000	NaN	2.7378	0.1159	15.4701	35163.6673	35163.9682	1.0000	1.0000	0.0392
35ly04	1	15	1	0	1.0000	0.0000	1.0000	0.0210	NaN	NaN	NaN	35166.3575	35166.6833	0.0000	0.0000	0.2442
35ly04	1	15	1	0	2.0000	0.0000	-1.0000	NaN	4.9588	-5.7052	16.5678	35167.4672	35167.7683	0.0000	1.0000	0.4166
35ly04	1	16	1	0	1.0000	0.0000	-1.0000	0.2054	NaN	NaN	NaN	35170.3656	35170.6941	0.0000	1.0000	0.1543
35ly04	1	16	1	0	2.0000	0.0000	1.0000	NaN	0.2187	0.3469	15.2691	35171.3870	35171.6880	1.0000	1.0000	0.1616
35ly04	1	17	1	0	1.0000	0.0000	1.0000	0.2643	NaN	NaN	NaN	35173.6236	35173.9527	1.0000	1.0000	0.2083
35ly04	1	17	1	0	2.0000	0.0000	1.0000	NaN	3.8443	2.4146	14.6787	35174.6763	35174.9773	1.0000	1.0000	0.0392
35ly04	1	18	1	0	1.0000	0.0000	-1.0000	0.0673	NaN	NaN	NaN	35176.9734	35177.3015	1.0000	0.0000	0.0739
35ly04	1	18	1	0	2.0000	0.0000	-1.0000	NaN	4.0596	-3.8559	14.1797	35177.8996	35178.2006	0.0000	1.0000	0.4493
35ly04	1	19	1	0	1.0000	0.0000	-1.0000	0.3002	NaN	NaN	NaN	35180.6732	35180.9999	0.0000	1.0000	0.2014
35ly04	1	19	1	0	2.0000	0.0000	1.0000	NaN	5.4703	4.8975	14.7929	35181.7327	35182.0343	1.0000	1.0000	0.0953
35ly04	1	20	1	0	1.0000	0.0000	-1.0000	0.2098	NaN	NaN	NaN	35184.0182	35184.3438	0.0000	1.0000	0.1607
35ly04	1	20	1	0	2.0000	0.0000	1.0000	NaN	3.0715	3.0639	14.8051	35185.0509	35185.3519	1.0000	1.0000	0.0083
35ly04	1	21	1	0	1.0000	0.0000	1.0000	0.3065	NaN	NaN	NaN	35187.1713	35187.4978	1.0000	1.0000	0.2456
35ly04	1	21	1	0	2.0000	0.0000	1.0000	NaN	3.1745	2.8795	16.1604	35188.2677	35188.5687	1.0000	1.0000	0.0088
35ly04	1	22	1	0	1.0000	0.0000	1.0000	0.0416	NaN	NaN	NaN	35190.7010	35191.0277	0.0000	0.0000	0.2462
35ly04	1	22	1	0	2.0000	0.0000	-1.0000	NaN	1.4500	-3.0671	14.6532	35191.7874	35192.0884	1.0000	0.0000	0.0886
35ly04	1	23	1	0	1.0000	0.0000	1.0000	0.2334	NaN	NaN	NaN	35194.2861	35194.6123	1.0000	1.0000	0.1426
35ly04	1	23	1	0	2.0000	0.0000	1.0000	NaN	3.7673	3.7649	14.8917	35195.2749	35195.5759	1.0000	1.0000	0.1700
35ly04	1	24	1	0	1.0000	0.0000	1.0000	0.3290	NaN	NaN	NaN	35197.9266	35198.2524	0.0000	0.0000	0.2292
35ly04	1	24	1	0	2.0000	0.0000	-1.0000	NaN	5.0673	-5.7668	16.1051	35199.0110	35199.3121	0.0000	1.0000	0.5454
35ly04	1	25	1	0	1.0000	0.0000	1.0000	0.1232	NaN	NaN	NaN	35202.3889	35202.7161	0.0000	0.0000	0.4054
35ly04	1	25	1	0	2.0000	0.0000	-1.0000	NaN	2.6319	-2.9987	15.0005	35203.6672	35203.9682	1.0000	0.0000	0.0412
35ly04	1	26	1	0	1.0000	0.0000	-1.0000	0.2176	NaN	NaN	NaN	35205.8248	35206.1512	0.0000	1.0000	0.1763
35ly04	1	26	1	0	2.0000	0.0000	1.0000	NaN	4.2891	4.7888	14.4371	35206.8510	35207.1520	1.0000	1.0000	0.2090
35ly04	1	27	1	0	1.0000	0.0000	1.0000	0.3046	NaN	NaN	NaN	35209.3017	35209.6271	1.0000	1.0000	0.1335
35ly04	1	27	1	0	2.0000	0.0000	1.0000	NaN	5.3217	7.2366	16.5677	35210.2584	35210.5594	1.0000	1.0000	0.2344
35ly04	1	28	1	0	1.0000	0.0000	1.0000	0.2232	NaN	NaN	NaN	35212.7336	35213.0603	0.0000	0.0000	0.2694
35ly04	1	28	1	0	2.0000	0.0000	-1.0000	NaN	6.3828	-6.1827	14.3585	35213.8752	35214.1766	1.0000	0.0000	0.0397
35ly04	1	29	1	0	1.0000	0.0000	-1.0000	0.3253	NaN	NaN	NaN	35216.1586	35216.4860	0.0000	1.0000	0.1800
35ly04	1	29	1	0	2.0000	0.0000	1.0000	NaN	4.7117	4.7457	15.2342	35217.2191	35217.5201	1.0000	1.0000	0.1433
35ly04	1	30	1	0	1.0000	0.0000	-1.0000	0.3209	NaN	NaN	NaN	35220.1898	35220.5171	0.0000	1.0000	0.1476
35ly04	1	30	1	0	2.0000	0.0000	1.0000	NaN	3.9445	5.0068	16.0354	35221.2111	35221.5120	1.0000	1.0000	0.3194
35ly04	1	31	1	0	1.0000	0.0000	-1.0000	0.0827	NaN	NaN	NaN	35224.2065	35224.5335	0.0000	1.0000	0.2120
35ly04	1	31	1	0	2.0000	0.0000	1.0000	NaN	0.5939	1.5408	15.1359	35225.3168	35225.6181	1.0000	1.0000	0.5835
35ly04	1	32	1	0	1.0000	0.0000	-1.0000	0.0385	NaN	NaN	NaN	35228.4087	35228.7356	0.0000	1.0000	0.2479
35ly04	1	32	1	0	2.0000	0.0000	1.0000	NaN	4.8227	4.4205	14.9393	35229.5149	35229.8159	1.0000	1.0000	0.0420
35ly04	1	33	1	0	1.0000	0.0000	1.0000	0.1204	NaN	NaN	NaN	35232.4708	35232.7987	0.0000	0.0000	0.1631
35ly04	1	33	1	0	2.0000	0.0000	-1.0000	NaN	3.8158	-5.1899	16.6551	35233.5080	35233.8089	0.0000	1.0000	0.1843
35ly04	1	34	1	0	1.0000	0.0000	-1.0000	0.0413	NaN	NaN	NaN	35236.2987	35236.6265	1.0000	0.0000	0.2289
35ly04	1	34	1	0	2.0000	0.0000	-1.0000	NaN	2.2812	-3.3591	12.7977	35237.3712	35237.6723	1.0000	0.0000	0.2249
35ly04	1	35	1	0	1.0000	0.0000	-1.0000	0.2698	NaN	NaN	NaN	35240.4727	35240.7996	0.0000	1.0000	0.1765
35ly04	1	35	1	0	2.0000	0.0000	1.0000	NaN	1.4228	1.8106	14.3621	35241.5312	35241.8325	1.0000	1.0000	0.0565
35ly04	1	36	1	0	1.0000	0.0000	-1.0000	0.1778	NaN	NaN	NaN	35244.3212	35244.6506	0.0000	1.0000	0.3030
35ly04	1	36	1	0	2.0000	0.0000	1.0000	NaN	0.4537	0.1634	15.2278	35245.4988	35245.7999	0.0000	0.0000	0.2491
35ly04	1	37	1	0	1.0000	0.0000	1.0000	0.0008	NaN	NaN	NaN	35248.0843	35248.4113	1.0000	1.0000	0.3575
35ly04	1	37	1	0	2.0000	0.0000	1.0000	NaN	3.9504	3.4832	12.8293	35249.2673	35249.5684	1.0000	1.0000	0.1190
35ly04	1	38	1	0	1.0000	0.0000	-1.0000	0.3137	NaN	NaN	NaN	35251.7468	35252.0749	0.0000	1.0000	0.2787
35ly04	1	38	1	0	2.0000	0.0000	1.0000	NaN	5.7288	7.8654	15.5001	35252.8505	35253.1515	1.0000	1.0000	0.1142
35ly04	1	39	1	0	1.0000	0.0000	1.0000	0.1135	NaN	NaN	NaN	35255.4724	35255.7976	1.0000	1.0000	0.1777
35ly04	1	39	1	0	2.0000	0.0000	1.0000	NaN	2.5248	1.9585	15.3984	35256.4994	35256.8004	1.0000	1.0000	0.1213
35ly04	1	40	1	0	1.0000	0.0000	1.0000	0.2859	NaN	NaN	NaN	35259.3196	35259.6449	1.0000	1.0000	0.2360
35ly04	1	40	1	0	2.0000	0.0000	1.0000	NaN	5.0053	4.2298	13.7015	35260.3873	35260.6885	1.0000	1.0000	0.1364
35ly04	1	41	1	0	1.0000	0.0000	-1.0000	0.1086	NaN	NaN	NaN	35263.2240	35263.5504	1.0000	0.0000	0.1953
35ly04	1	41	1	0	2.0000	0.0000	-1.0000	NaN	6.7654	-8.2746	16.0309	35264.2683	35264.5693	0.0000	1.0000	0.1606
35ly04	1	42	1	0	1.0000	0.0000	1.0000	0.0873	NaN	NaN	NaN	35267.1105	35267.4352	0.0000	0.0000	0.2521
35ly04	1	42	1	0	2.0000	0.0000	-1.0000	NaN	2.4874	-2.2973	15.8444	35268.2508	35268.5522	0.0000	1.0000	0.1857
35ly04	1	43	1	0	1.0000	0.0000	1.0000	0.0991	NaN	NaN	NaN	35271.2931	35271.6189	1.0000	1.0000	0.1566
35ly04	1	43	1	0	2.0000	0.0000	1.0000	NaN	6.0904	8.3273	14.5167	35272.2907	35272.5920	1.0000	1.0000	0.1754
35ly04	1	44	1	0	1.0000	0.0000	1.0000	0.2367	NaN	NaN	NaN	35274.6341	35274.9600	1.0000	1.0000	0.2653
35ly04	1	44	1	0	2.0000	0.0000	1.0000	NaN	1.5194	2.4324	14.4967	35275.7488	35276.0504	1.0000	1.0000	0.3588
35ly04	1	45	1	0	1.0000	0.0000	-1.0000	0.1777	NaN	NaN	NaN	35278.5745	35278.9032	0.0000	1.0000	0.2656
35ly04	1	45	1	0	2.0000	0.0000	1.0000	NaN	3.8720	7.2840	15.8670	35279.6913	35279.9923	1.0000	1.0000	0.0149
35ly04	1	46	1	0	1.0000	0.0000	1.0000	0.0422	NaN	NaN	NaN	35282.0235	35282.3502	0.0000	0.0000	0.1212
35ly04	1	46	1	0	2.0000	0.0000	-1.0000	NaN	1.5780	-3.4063	14.1757	35283.0200	35283.3210	0.0000	1.0000	0.1025
35ly04	1	47	1	0	1.0000	0.0000	-1.0000	0.1849	NaN	NaN	NaN	35285.4630	35285.7909	0.0000	1.0000	0.2332
35ly04	1	47	1	0	2.0000	0.0000	1.0000	NaN	1.8264	1.8303	13.8696	35286.5635	35286.8645	1.0000	1.0000	0.1049
35ly04	1	48	1	0	1.0000	0.0000	1.0000	0.2899	NaN	NaN	NaN	35289.1008	35289.4288	1.0000	1.0000	0.1088
35ly04	1	48	1	0	2.0000	0.0000	1.0000	NaN	0.2882	0.1793	14.8896	35290.0632	35290.3642	0.0000	0.0000	0.2134
35ly04	1	49	1	0	1.0000	0.0000	1.0000	0.1268	NaN	NaN	NaN	35292.7132	35293.0421	1.0000	1.0000	0.1756
35ly04	1	49	1	0	2.0000	0.0000	1.0000	NaN	5.3658	6.7648	15.7034	35293.7318	35294.0329	1.0000	1.0000	0.1442
35ly04	1	50	1	0	1.0000	0.0000	1.0000	0.2986	NaN	NaN	NaN	35296.5428	35296.8709	1.0000	1.0000	0.1621
35ly04	1	50	1	0	2.0000	0.0000	1.0000	NaN	3.6476	3.7397	14.2812	35297.5631	35297.8641	1.0000	1.0000	0.2154
35ly04	2	1	1	0	1.0000	0.0000	1.0000	0.2320	NaN	NaN	NaN	35300.9244	35301.2530	1.0000	1.0000	0.1571
35ly04	2	1	1	0	2.0000	0.0000	1.0000	NaN	3.2991	4.4837	14.3099	35301.9231	35302.2241	1.0000	1.0000	0.1609
35ly04	2	2	1	0	1.0000	0.0000	1.0000	0.2328	NaN	NaN	NaN	35304.5761	35304.9031	1.0000	1.0000	0.1604
35ly04	2	2	1	0	2.0000	0.0000	1.0000	NaN	4.3843	4.8794	15.3647	35305.5947	35305.8957	1.0000	1.0000	0.0957
35ly04	2	3	1	0	1.0000	0.0000	-1.0000	0.2259	NaN	NaN	NaN	35308.3496	35308.6770	0.0000	1.0000	0.1718
35ly04	2	3	1	0	2.0000	0.0000	1.0000	NaN	0.8323	1.4669	16.1864	35309.4050	35309.7060	1.0000	1.0000	0.0082
35ly04	2	4	1	0	1.0000	0.0000	1.0000	0.0405	NaN	NaN	NaN	35312.0624	35312.3873	0.0000	0.0000	0.3023
35ly04	2	4	1	0	2.0000	0.0000	-1.0000	NaN	5.7983	-4.9347	14.8214	35313.2515	35313.5524	0.0000	1.0000	0.2469
35ly04	2	5	1	0	1.0000	0.0000	1.0000	0.2712	NaN	NaN	NaN	35316.0895	35316.4156	1.0000	1.0000	0.2262
35ly04	2	5	1	0	2.0000	0.0000	1.0000	NaN	2.7946	2.4214	14.7953	35317.1467	35317.4477	1.0000	1.0000	0.1197
35ly04	2	6	1	0	1.0000	0.0000	-1.0000	0.2980	NaN	NaN	NaN	35319.7432	35320.0697	0.0000	1.0000	0.3857
35ly04	2	6	1	0	2.0000	0.0000	1.0000	NaN	2.4701	1.3312	16.2018	35321.0030	35321.3040	1.0000	1.0000	0.2972
35ly04	2	7	1	0	1.0000	0.0000	-1.0000	0.2258	NaN	NaN	NaN	35323.4000	35323.7285	0.0000	1.0000	0.5296
35ly04	2	7	1	0	2.0000	0.0000	1.0000	NaN	0.6143	0.8386	16.3304	35324.8346	35325.1357	1.0000	1.0000	0.2337
35ly04	2	8	1	0	1.0000	0.0000	-1.0000	0.1583	NaN	NaN	NaN	35327.5838	35327.9098	0.0000	1.0000	0.1950
35ly04	2	8	1	0	2.0000	0.0000	1.0000	NaN	6.7679	6.8904	14.8916	35328.6914	35328.9927	1.0000	1.0000	0.1926
35ly04	2	9	1	0	1.0000	0.0000	1.0000	0.0106	NaN	NaN	NaN	35331.2831	35331.6100	0.0000	0.0000	0.3104
35ly04	2	9	1	0	2.0000	0.0000	-1.0000	NaN	4.4468	-3.9371	14.7554	35332.4833	35332.7843	0.0000	1.0000	0.3363
35ly04	2	10	1	0	1.0000	0.0000	-1.0000	0.1141	NaN	NaN	NaN	35335.2019	35335.5301	0.0000	1.0000	0.1911
35ly04	2	10	1	0	2.0000	0.0000	1.0000	NaN	5.3877	6.0303	14.1222	35336.2754	35336.5764	1.0000	1.0000	0.1511
35ly04	2	11	1	0	1.0000	0.0000	-1.0000	0.0525	NaN	NaN	NaN	35339.1855	35339.5126	0.0000	1.0000	0.1429
35ly04	2	11	1	0	2.0000	0.0000	1.0000	NaN	0.4206	1.3093	15.2767	35340.2633	35340.5643	1.0000	1.0000	0.2296
35ly04	2	12	1	0	1.0000	0.0000	-1.0000	0.1924	NaN	NaN	NaN	35343.1082	35343.4379	0.0000	1.0000	0.1873
35ly04	2	12	1	0	2.0000	0.0000	1.0000	NaN	2.7850	1.7637	14.9071	35344.1554	35344.4564	1.0000	1.0000	0.1591
35ly04	2	13	1	0	1.0000	0.0000	-1.0000	0.0090	NaN	NaN	NaN	35346.7081	35347.0347	0.0000	1.0000	0.1335
35ly04	2	13	1	0	2.0000	0.0000	1.0000	NaN	2.3767	3.0503	15.3285	35347.7074	35348.0084	1.0000	1.0000	0.0576
35ly04	2	14	1	0	1.0000	0.0000	-1.0000	0.2755	NaN	NaN	NaN	35349.8400	35350.1665	0.0000	1.0000	0.1449
35ly04	2	14	1	0	2.0000	0.0000	1.0000	NaN	3.7605	2.6479	15.3483	35350.8584	35351.1594	1.0000	1.0000	0.0082
35ly04	2	15	1	0	1.0000	0.0000	1.0000	0.1115	NaN	NaN	NaN	35353.2554	35353.5835	0.0000	0.0000	0.1711
35ly04	2	15	1	0	2.0000	0.0000	-1.0000	NaN	2.0368	-0.4595	17.1288	35354.2903	35354.5912	1.0000	0.0000	0.0816
35ly04	2	16	1	0	1.0000	0.0000	-1.0000	0.2426	NaN	NaN	NaN	35356.5746	35356.9022	0.0000	1.0000	0.0912
35ly04	2	16	1	0	2.0000	0.0000	1.0000	NaN	1.6273	0.7012	14.7573	35357.5559	35357.8575	1.0000	1.0000	0.0079
35ly04	2	17	1	0	1.0000	0.0000	1.0000	0.1795	NaN	NaN	NaN	35359.7885	35360.1158	0.0000	0.0000	0.1650
35ly04	2	17	1	0	2.0000	0.0000	-1.0000	NaN	1.1290	-1.1383	15.3600	35360.8110	35361.1120	1.0000	0.0000	0.1276
35ly04	2	18	1	0	1.0000	0.0000	1.0000	0.2226	NaN	NaN	NaN	35363.2561	35363.5837	1.0000	1.0000	0.2100
35ly04	2	18	1	0	2.0000	0.0000	1.0000	NaN	3.2176	2.7678	16.2808	35364.3150	35364.6160	1.0000	1.0000	0.2492
35ly04	2	19	1	0	1.0000	0.0000	-1.0000	0.1536	NaN	NaN	NaN	35367.0720	35367.3995	0.0000	1.0000	0.2253
35ly04	2	19	1	0	2.0000	0.0000	1.0000	NaN	0.2719	1.5038	15.0281	35368.1632	35368.4642	1.0000	1.0000	0.0334
35ly04	2	20	1	0	1.0000	0.0000	-1.0000	0.2631	NaN	NaN	NaN	35370.6210	35370.9481	0.0000	1.0000	0.2923
35ly04	2	20	1	0	2.0000	0.0000	1.0000	NaN	4.3532	4.2922	14.6252	35371.7873	35372.0885	1.0000	1.0000	0.1590
35ly04	2	21	1	0	1.0000	0.0000	1.0000	0.2060	NaN	NaN	NaN	35374.6477	35374.9752	0.0000	0.0000	0.2342
35ly04	2	21	1	0	2.0000	0.0000	-1.0000	NaN	3.8938	-4.6985	14.8376	35375.7550	35376.0560	1.0000	0.0000	0.1779
35ly04	2	22	1	0	1.0000	0.0000	1.0000	0.2645	NaN	NaN	NaN	35378.4657	35378.7931	1.0000	1.0000	0.1264
35ly04	2	22	1	0	2.0000	0.0000	1.0000	NaN	6.5536	5.2635	14.6858	35379.4359	35379.7369	1.0000	1.0000	0.0642
35ly04	2	23	1	0	1.0000	0.0000	1.0000	0.0075	NaN	NaN	NaN	35381.8661	35382.1928	0.0000	0.0000	0.2649
35ly04	2	23	1	0	2.0000	0.0000	-1.0000	NaN	5.8474	-5.9841	15.8972	35382.9876	35383.2886	1.0000	0.0000	0.0789
35ly04	2	24	1	0	1.0000	0.0000	-1.0000	0.0443	NaN	NaN	NaN	35385.5388	35385.8643	0.0000	1.0000	0.2972
35ly04	2	24	1	0	2.0000	0.0000	1.0000	NaN	2.9458	2.4075	15.1952	35386.6842	35386.9852	1.0000	1.0000	0.0240
35ly04	2	25	1	0	1.0000	0.0000	1.0000	0.1683	NaN	NaN	NaN	35389.1836	35389.5089	0.0000	0.0000	0.0906
35ly04	2	25	1	0	2.0000	0.0000	-1.0000	NaN	3.2417	-1.5182	15.7595	35390.1233	35390.4245	1.0000	0.0000	0.0309
35ly04	2	26	1	0	1.0000	0.0000	-1.0000	0.1112	NaN	NaN	NaN	35392.8382	35393.1644	0.0000	1.0000	0.1734
35ly04	2	26	1	0	2.0000	0.0000	1.0000	NaN	3.4756	4.4046	15.7399	35393.8751	35394.1766	1.0000	1.0000	0.0708
35ly04	2	27	1	0	1.0000	0.0000	-1.0000	0.2191	NaN	NaN	NaN	35396.6897	35397.0162	0.0000	1.0000	0.1536
35ly04	2	27	1	0	2.0000	0.0000	1.0000	NaN	4.6489	4.0134	15.4839	35397.6914	35397.9924	1.0000	1.0000	0.0085
35ly04	2	28	1	0	1.0000	0.0000	1.0000	0.0266	NaN	NaN	NaN	35400.3017	35400.6313	1.0000	1.0000	0.2101
35ly04	2	28	1	0	2.0000	0.0000	1.0000	NaN	2.4486	2.0377	15.4937	35401.3473	35401.6485	1.0000	1.0000	0.1450
35ly04	2	29	1	0	1.0000	0.0000	-1.0000	0.2206	NaN	NaN	NaN	35404.2425	35404.5697	0.0000	1.0000	0.1514
35ly04	2	29	1	0	2.0000	0.0000	1.0000	NaN	0.6326	1.4300	16.0809	35405.2835	35405.5845	1.0000	1.0000	0.0246
35ly04	2	30	1	0	1.0000	0.0000	1.0000	0.1761	NaN	NaN	NaN	35407.6823	35408.0094	1.0000	1.0000	0.1281
35ly04	2	30	1	0	2.0000	0.0000	1.0000	NaN	1.1834	0.0166	13.1092	35408.6438	35408.9449	1.0000	1.0000	0.0159
35ly04	2	31	1	0	1.0000	0.0000	1.0000	0.1331	NaN	NaN	NaN	35411.0266	35411.3544	1.0000	1.0000	0.1411
35ly04	2	31	1	0	2.0000	0.0000	1.0000	NaN	1.7466	1.1119	15.2872	35412.0032	35412.3044	1.0000	1.0000	0.0404
35ly04	2	32	1	0	1.0000	0.0000	1.0000	0.3106	NaN	NaN	NaN	35414.5858	35414.9122	1.0000	1.0000	0.3050
35ly04	2	32	1	0	2.0000	0.0000	1.0000	NaN	6.5824	7.2871	15.0354	35415.7554	35416.0564	1.0000	1.0000	0.1368
35ly04	2	33	1	0	1.0000	0.0000	1.0000	0.1991	NaN	NaN	NaN	35418.2746	35418.6021	1.0000	1.0000	0.1529
35ly04	2	33	1	0	2.0000	0.0000	1.0000	NaN	0.1226	1.1692	15.9200	35419.2928	35419.5946	1.0000	1.0000	0.1329
35ly04	2	34	1	0	1.0000	0.0000	-1.0000	0.1730	NaN	NaN	NaN	35422.0118	35422.3391	0.0000	1.0000	0.2203
35ly04	2	34	1	0	2.0000	0.0000	1.0000	NaN	1.6645	0.3032	15.6407	35423.1153	35423.4163	1.0000	1.0000	0.0249
35ly04	2	35	1	0	1.0000	0.0000	-1.0000	0.1360	NaN	NaN	NaN	35425.3224	35425.6484	0.0000	1.0000	0.1065
35ly04	2	35	1	0	2.0000	0.0000	1.0000	NaN	2.6130	1.5024	15.0202	35426.3153	35426.6163	1.0000	1.0000	0.0232
35ly04	2	36	1	0	1.0000	0.0000	1.0000	0.1792	NaN	NaN	NaN	35428.8818	35429.2112	0.0000	0.0000	0.1259
35ly04	2	36	1	0	2.0000	0.0000	-1.0000	NaN	6.7287	-8.6959	16.5645	35429.8675	35430.1687	1.0000	0.0000	0.0149
35ly04	2	37	1	0	1.0000	0.0000	-1.0000	0.0797	NaN	NaN	NaN	35432.5701	35432.8972	0.0000	1.0000	0.1501
35ly04	2	37	1	0	2.0000	0.0000	1.0000	NaN	3.3902	4.1750	15.0961	35433.6035	35433.9046	1.0000	1.0000	0.0322
35ly04	2	38	1	0	1.0000	0.0000	-1.0000	0.0995	NaN	NaN	NaN	35436.2028	35436.5289	0.0000	1.0000	0.1906
35ly04	2	38	1	0	2.0000	0.0000	1.0000	NaN	1.0293	1.3461	14.9977	35437.2834	35437.5845	1.0000	1.0000	0.0400
35ly04	2	39	1	0	1.0000	0.0000	1.0000	0.2348	NaN	NaN	NaN	35440.0069	35440.3340	0.0000	0.0000	0.1080
35ly04	2	39	1	0	2.0000	0.0000	-1.0000	NaN	3.4978	-2.2577	13.9928	35440.9796	35441.2806	1.0000	0.0000	0.0970
35ly04	2	40	1	0	1.0000	0.0000	-1.0000	0.1956	NaN	NaN	NaN	35443.3328	35443.6600	0.0000	1.0000	0.1565
35ly04	2	40	1	0	2.0000	0.0000	1.0000	NaN	4.7206	3.9609	14.3028	35444.3630	35444.6642	1.0000	1.0000	0.0084
35ly04	2	41	1	0	1.0000	0.0000	-1.0000	0.2357	NaN	NaN	NaN	35447.0066	35447.3327	0.0000	1.0000	0.1149
35ly04	2	41	1	0	2.0000	0.0000	1.0000	NaN	3.1267	6.8537	14.6436	35448.0193	35448.3204	1.0000	1.0000	0.0081
35ly04	2	42	1	0	1.0000	0.0000	-1.0000	0.0221	NaN	NaN	NaN	35450.2445	35450.5856	0.0000	1.0000	0.3514
35ly04	2	42	1	0	2.0000	0.0000	1.0000	NaN	1.3345	3.4516	14.8560	35451.4770	35451.7780	1.0000	1.0000	0.0083
35ly04	2	43	1	0	1.0000	0.0000	1.0000	0.0454	NaN	NaN	NaN	35453.8784	35454.2041	0.0000	0.0000	0.0694
35ly04	2	43	1	0	2.0000	0.0000	-1.0000	NaN	2.7102	-1.6245	16.0300	35454.8432	35455.1441	1.0000	0.0000	0.0084
35ly04	2	44	1	0	1.0000	0.0000	-1.0000	0.2597	NaN	NaN	NaN	35457.2645	35457.5909	0.0000	1.0000	0.1782
35ly04	2	44	1	0	2.0000	0.0000	1.0000	NaN	3.2658	1.9659	15.2969	35458.2917	35458.5926	1.0000	1.0000	0.0083
35ly04	2	45	1	0	1.0000	0.0000	1.0000	0.2813	NaN	NaN	NaN	35460.9273	35461.2634	1.0000	1.0000	0.1461
35ly04	2	45	1	0	2.0000	0.0000	1.0000	NaN	5.3213	5.8892	13.6884	35461.9310	35462.2320	1.0000	1.0000	0.0571
35ly04	2	46	1	0	1.0000	0.0000	-1.0000	0.0788	NaN	NaN	NaN	35464.5376	35464.8651	0.0000	1.0000	0.1602
35ly04	2	46	1	0	2.0000	0.0000	1.0000	NaN	3.9020	4.6501	15.0016	35465.5636	35465.8648	1.0000	1.0000	3.5122
35ly04	2	47	1	0	1.0000	0.0000	1.0000	0.2262	NaN	NaN	NaN	35471.3846	35471.7116	1.0000	1.0000	0.2987
35ly04	2	47	1	0	2.0000	0.0000	1.0000	NaN	2.6992	2.1770	14.0355	35472.5321	35472.8334	1.0000	1.0000	0.3270
35ly04	2	48	1	0	1.0000	0.0000	1.0000	0.0585	NaN	NaN	NaN	35475.2676	35475.5949	0.0000	0.0000	0.1967
35ly04	2	48	1	0	2.0000	0.0000	-1.0000	NaN	4.1095	-3.9573	15.3410	35476.3470	35476.6480	0.0000	1.0000	0.3297
35ly04	2	49	1	0	1.0000	0.0000	-1.0000	0.0804	NaN	NaN	NaN	35479.1737	35479.5001	1.0000	0.0000	0.1234
35ly04	2	49	1	0	2.0000	0.0000	-1.0000	NaN	6.4435	-4.2493	13.9090	35480.1556	35480.4567	1.0000	0.0000	0.2411
35ly04	2	50	1	0	1.0000	0.0000	1.0000	0.2646	NaN	NaN	NaN	35482.7966	35483.1223	1.0000	1.0000	0.3253
35ly04	2	50	1	0	2.0000	0.0000	1.0000	NaN	4.8192	7.6997	14.2076	35483.9878	35484.2889	1.0000	1.0000	0.1679
35ly04	3	1	1	0	1.0000	0.0000	-1.0000	0.1535	NaN	NaN	NaN	35487.9914	35488.3205	0.0000	1.0000	0.1990
35ly04	3	1	1	0	2.0000	0.0000	1.0000	NaN	5.0536	7.5136	15.5126	35489.0592	35489.3601	1.0000	1.0000	0.0083
35ly04	3	2	1	0	1.0000	0.0000	1.0000	0.1166	NaN	NaN	NaN	35491.2451	35491.5719	0.0000	0.0000	0.1253
35ly04	3	2	1	0	2.0000	0.0000	-1.0000	NaN	4.8374	-3.4264	15.2800	35492.2354	35492.5369	1.0000	0.0000	3.1026
35ly04	3	3	1	0	1.0000	0.0000	1.0000	0.2286	NaN	NaN	NaN	35497.7732	35498.0998	0.0000	0.0000	0.1977
35ly04	3	3	1	0	2.0000	0.0000	-1.0000	NaN	2.3484	-3.4227	14.7270	35498.8275	35499.1285	1.0000	0.0000	0.2082
35ly04	3	4	1	0	1.0000	0.0000	-1.0000	0.1783	NaN	NaN	NaN	35501.9105	35502.2367	0.0000	1.0000	0.1966
35ly04	3	4	1	0	2.0000	0.0000	1.0000	NaN	5.6875	5.7125	12.7641	35502.9879	35503.2889	1.0000	1.0000	0.0466
35ly04	3	5	1	0	1.0000	0.0000	-1.0000	0.1863	NaN	NaN	NaN	35505.9438	35506.2704	0.0000	1.0000	0.1870
35ly04	3	5	1	0	2.0000	0.0000	1.0000	NaN	5.7648	5.2556	16.8828	35506.9877	35507.2886	1.0000	1.0000	0.0243
35ly04	3	6	1	0	1.0000	0.0000	-1.0000	0.1656	NaN	NaN	NaN	35509.4698	35509.7962	0.0000	1.0000	0.1953
35ly04	3	6	1	0	2.0000	0.0000	1.0000	NaN	4.8461	5.1242	14.9797	35510.5477	35510.8487	1.0000	1.0000	0.0084
35ly04	3	7	1	0	1.0000	0.0000	-1.0000	0.0877	NaN	NaN	NaN	35513.2988	35513.6277	0.0000	1.0000	0.2053
35ly04	3	7	1	0	2.0000	0.0000	1.0000	NaN	2.6575	3.0847	14.7675	35514.3711	35514.6722	1.0000	1.0000	0.0086
35ly04	3	8	1	0	1.0000	0.0000	1.0000	0.2750	NaN	NaN	NaN	35516.6474	35516.9748	1.0000	1.0000	0.3215
35ly04	3	8	1	0	2.0000	0.0000	1.0000	NaN	2.0812	0.5215	15.2918	35517.7953	35518.0963	1.0000	1.0000	0.3192
35ly04	3	9	1	0	1.0000	0.0000	-1.0000	0.2546	NaN	NaN	NaN	35520.6668	35520.9935	0.0000	1.0000	0.2306
35ly04	3	9	1	0	2.0000	0.0000	1.0000	NaN	3.4612	2.1703	14.6956	35521.7789	35522.0799	1.0000	1.0000	0.0498
35ly04	3	10	1	0	1.0000	0.0000	1.0000	0.0351	NaN	NaN	NaN	35524.1856	35524.5139	0.0000	0.0000	0.4232
35ly04	3	10	1	0	2.0000	0.0000	-1.0000	NaN	0.0790	-1.1464	15.1350	35525.4914	35525.7926	1.0000	0.0000	3.1269
35ly04	3	11	1	0	1.0000	0.0000	-1.0000	0.2972	NaN	NaN	NaN	35531.3688	35531.6957	0.0000	1.0000	0.2017
35ly04	3	11	1	0	2.0000	0.0000	1.0000	NaN	0.5311	1.5351	15.6600	35532.4441	35532.7451	1.0000	1.0000	0.1584
35ly04	3	12	1	0	1.0000	0.0000	1.0000	0.2949	NaN	NaN	NaN	35535.5511	35535.8768	0.0000	0.0000	0.2906
35ly04	3	12	1	0	2.0000	0.0000	-1.0000	NaN	2.4615	-3.7254	15.2089	35536.6998	35537.0007	1.0000	0.0000	0.3347
35ly04	3	13	1	0	1.0000	0.0000	1.0000	0.0291	NaN	NaN	NaN	35539.8679	35540.1942	0.0000	0.0000	0.1265
35ly04	3	13	1	0	2.0000	0.0000	-1.0000	NaN	3.1233	-2.1517	14.4291	35540.8829	35541.1840	1.0000	0.0000	0.0571
35ly04	3	14	1	0	1.0000	0.0000	-1.0000	0.1584	NaN	NaN	NaN	35543.4769	35543.8035	0.0000	1.0000	0.1721
35ly04	3	14	1	0	2.0000	0.0000	1.0000	NaN	4.4341	3.9211	14.4891	35544.4992	35544.8002	1.0000	1.0000	0.3844
35ly04	3	15	1	0	1.0000	0.0000	-1.0000	0.2057	NaN	NaN	NaN	35547.4507	35547.7761	0.0000	1.0000	0.1538
35ly04	3	15	1	0	2.0000	0.0000	1.0000	NaN	3.3387	3.6792	15.8037	35548.4601	35548.7612	1.0000	1.0000	0.0784
35ly04	3	16	1	0	1.0000	0.0000	-1.0000	0.1966	NaN	NaN	NaN	35551.0488	35551.3751	0.0000	1.0000	0.2245
35ly04	3	16	1	0	2.0000	0.0000	1.0000	NaN	6.0753	8.5402	14.8605	35552.1712	35552.4724	1.0000	1.0000	2.5600
35ly04	3	17	1	0	1.0000	0.0000	-1.0000	0.0509	NaN	NaN	NaN	35557.0736	35557.4017	0.0000	1.0000	0.1915
35ly04	3	17	1	0	2.0000	0.0000	1.0000	NaN	1.6306	0.4591	15.7269	35558.1546	35558.4556	1.0000	1.0000	0.0480
35ly04	3	18	1	0	1.0000	0.0000	-1.0000	0.0128	NaN	NaN	NaN	35560.8290	35561.1565	0.0000	1.0000	0.3003
35ly04	3	18	1	0	2.0000	0.0000	1.0000	NaN	2.4457	2.5185	14.4361	35562.0273	35562.3283	1.0000	1.0000	0.1206
35ly04	3	19	1	0	1.0000	0.0000	1.0000	0.0380	NaN	NaN	NaN	35564.6894	35565.0169	0.0000	0.0000	0.3439
35ly04	3	19	1	0	2.0000	0.0000	-1.0000	NaN	5.7039	-5.5849	14.5362	35565.8914	35566.1924	0.0000	1.0000	0.4071
35ly04	3	20	1	0	1.0000	0.0000	1.0000	0.3215	NaN	NaN	NaN	35568.9324	35569.2580	1.0000	1.0000	0.3576
35ly04	3	20	1	0	2.0000	0.0000	1.0000	NaN	2.1664	1.6475	13.9851	35570.1154	35570.4164	1.0000	1.0000	0.2088
35ly04	3	21	1	0	1.0000	0.0000	1.0000	0.1452	NaN	NaN	NaN	35573.0080	35573.3356	1.0000	1.0000	0.4184
35ly04	3	21	1	0	2.0000	0.0000	1.0000	NaN	1.4547	1.0067	13.8526	35574.2528	35574.5538	1.0000	1.0000	0.1921
35ly04	3	22	1	0	1.0000	0.0000	-1.0000	0.3130	NaN	NaN	NaN	35576.9610	35577.2877	0.0000	1.0000	0.3063
35ly04	3	22	1	0	2.0000	0.0000	1.0000	NaN	5.2958	6.9770	15.0827	35578.1401	35578.4415	1.0000	1.0000	0.0231
35ly04	3	23	1	0	1.0000	0.0000	-1.0000	0.2160	NaN	NaN	NaN	35580.9138	35581.2407	0.0000	1.0000	0.3037
35ly04	3	23	1	0	2.0000	0.0000	1.0000	NaN	2.5934	0.6841	14.5685	35582.0838	35582.3851	1.0000	1.0000	0.0082
35ly04	3	24	1	0	1.0000	0.0000	1.0000	0.3203	NaN	NaN	NaN	35584.6267	35584.9529	0.0000	0.0000	0.3354
35ly04	3	24	1	0	2.0000	0.0000	-1.0000	NaN	5.2999	-3.4350	13.9940	35585.8515	35586.1526	0.0000	1.0000	2.3771
35ly04	3	25	1	0	1.0000	0.0000	1.0000	0.0552	NaN	NaN	NaN	35590.4769	35590.8034	0.0000	0.0000	0.2602
35ly04	3	25	1	0	2.0000	0.0000	-1.0000	NaN	0.9925	-1.2674	14.6871	35591.6190	35591.9200	0.0000	1.0000	0.3359
35ly04	3	26	1	0	1.0000	0.0000	-1.0000	0.3035	NaN	NaN	NaN	35594.1792	35594.5061	0.0000	1.0000	0.2492
35ly04	3	26	1	0	2.0000	0.0000	1.0000	NaN	3.8102	5.7488	15.0227	35595.2997	35595.6007	1.0000	1.0000	0.1430
35ly04	3	27	1	0	1.0000	0.0000	-1.0000	0.1970	NaN	NaN	NaN	35598.0268	35598.3547	0.0000	1.0000	0.2230
35ly04	3	27	1	0	2.0000	0.0000	1.0000	NaN	6.2150	4.6296	14.2547	35599.1160	35599.4170	1.0000	1.0000	0.0082
35ly04	3	28	1	0	1.0000	0.0000	-1.0000	0.2815	NaN	NaN	NaN	35601.4097	35601.7359	0.0000	1.0000	0.1445
35ly04	3	28	1	0	2.0000	0.0000	1.0000	NaN	6.4818	3.8171	16.4344	35602.4435	35602.7444	1.0000	1.0000	0.0085
35ly04	3	29	1	0	1.0000	0.0000	1.0000	0.3196	NaN	NaN	NaN	35604.8794	35605.2069	1.0000	1.0000	0.2416
35ly04	3	29	1	0	2.0000	0.0000	1.0000	NaN	3.4734	5.0299	14.7359	35605.9632	35606.2641	1.0000	1.0000	0.1207
35ly04	3	30	1	0	1.0000	0.0000	-1.0000	0.1700	NaN	NaN	NaN	35608.9167	35609.2447	0.0000	1.0000	0.5309
35ly04	3	30	1	0	2.0000	0.0000	1.0000	NaN	1.3324	0.1717	15.6013	35610.3303	35610.6313	1.0000	1.0000	0.0243
35ly04	3	31	1	0	1.0000	0.0000	1.0000	0.1752	NaN	NaN	NaN	35612.8484	35613.1760	0.0000	0.0000	0.4254
35ly04	3	31	1	0	2.0000	0.0000	-1.0000	NaN	2.4722	-1.3293	13.8564	35614.1313	35614.4323	1.0000	0.0000	0.0496
35ly04	3	32	1	0	1.0000	0.0000	1.0000	0.3233	NaN	NaN	NaN	35616.8499	35617.1789	1.0000	1.0000	0.1905
35ly04	3	32	1	0	2.0000	0.0000	1.0000	NaN	0.2423	0.2855	15.5044	35617.8757	35618.1770	1.0000	1.0000	0.0386
35ly04	3	33	1	0	1.0000	0.0000	1.0000	0.3151	NaN	NaN	NaN	35620.3078	35620.6354	1.0000	1.0000	0.1819
35ly04	3	33	1	0	2.0000	0.0000	1.0000	NaN	2.7028	3.6022	14.3183	35621.3314	35621.6324	1.0000	1.0000	0.2085
35ly04	3	34	1	0	1.0000	0.0000	-1.0000	0.2689	NaN	NaN	NaN	35623.9231	35624.2498	0.0000	1.0000	0.2156
35ly04	3	34	1	0	2.0000	0.0000	1.0000	NaN	3.5916	3.6546	14.2072	35625.0432	35625.3441	1.0000	1.0000	0.0087
35ly04	3	35	1	0	1.0000	0.0000	-1.0000	0.0405	NaN	NaN	NaN	35627.4694	35627.7953	0.0000	1.0000	0.0843
35ly04	3	35	1	0	2.0000	0.0000	1.0000	NaN	0.0589	0.4158	15.8494	35628.4442	35628.7452	1.0000	1.0000	0.0083
35ly04	3	36	1	0	1.0000	0.0000	-1.0000	0.3046	NaN	NaN	NaN	35630.5945	35630.9222	0.0000	1.0000	0.0956
35ly04	3	36	1	0	2.0000	0.0000	1.0000	NaN	2.8036	2.9507	14.9098	35631.5710	35631.8720	1.0000	1.0000	0.0086
35ly04	3	37	1	0	1.0000	0.0000	1.0000	0.2316	NaN	NaN	NaN	35634.0813	35634.4095	0.0000	0.0000	0.2720
35ly04	3	37	1	0	2.0000	0.0000	-1.0000	NaN	4.2102	-3.5373	16.1380	35635.2029	35635.5038	1.0000	0.0000	0.1216
35ly04	3	38	1	0	1.0000	0.0000	1.0000	0.1010	NaN	NaN	NaN	35638.0269	35638.3542	1.0000	1.0000	0.3032
35ly04	3	38	1	0	2.0000	0.0000	1.0000	NaN	3.1027	4.9818	15.0241	35639.1802	35639.4812	1.0000	1.0000	0.1208
35ly04	3	39	1	0	1.0000	0.0000	-1.0000	0.0607	NaN	NaN	NaN	35641.6252	35641.9522	0.0000	1.0000	0.1777
35ly04	3	39	1	0	2.0000	0.0000	1.0000	NaN	2.9438	5.4727	15.0786	35642.6438	35642.9449	1.0000	1.0000	0.0083
35ly04	3	40	1	0	1.0000	0.0000	-1.0000	0.0736	NaN	NaN	NaN	35644.9970	35645.3256	0.0000	1.0000	0.0924
35ly04	3	40	1	0	2.0000	0.0000	1.0000	NaN	0.0142	0.7622	16.5513	35645.9473	35646.2484	1.0000	1.0000	0.0564
35ly04	3	41	1	0	1.0000	0.0000	1.0000	0.1702	NaN	NaN	NaN	35648.3787	35648.7072	0.0000	0.0000	0.0938
35ly04	3	41	1	0	2.0000	0.0000	-1.0000	NaN	3.0938	-1.9737	15.3527	35649.3312	35649.6322	0.0000	1.0000	0.4332
35ly04	3	42	1	0	1.0000	0.0000	-1.0000	0.0038	NaN	NaN	NaN	35652.4214	35652.7485	0.0000	1.0000	0.1630
35ly04	3	42	1	0	2.0000	0.0000	1.0000	NaN	2.4330	1.5318	13.6435	35653.4280	35653.7291	1.0000	1.0000	0.2247
35ly04	3	43	1	0	1.0000	0.0000	-1.0000	0.3069	NaN	NaN	NaN	35656.3017	35656.6282	0.0000	1.0000	0.0773
35ly04	3	43	1	0	2.0000	0.0000	1.0000	NaN	4.3401	4.4709	14.6387	35657.2441	35657.5453	1.0000	1.0000	0.0085
35ly04	3	44	1	0	1.0000	0.0000	1.0000	0.2211	NaN	NaN	NaN	35659.7270	35660.0539	0.0000	0.0000	0.1238
35ly04	3	44	1	0	2.0000	0.0000	-1.0000	NaN	2.2173	-5.0363	14.7112	35660.6990	35660.9999	1.0000	0.0000	0.0253
35ly04	3	45	1	0	1.0000	0.0000	1.0000	0.0271	NaN	NaN	NaN	35663.4955	35663.8225	0.0000	0.0000	0.1610
35ly04	3	45	1	0	2.0000	0.0000	-1.0000	NaN	4.4726	-5.7057	13.4829	35664.5397	35664.8407	0.0000	1.0000	0.2549
35ly04	3	46	1	0	1.0000	0.0000	1.0000	0.3268	NaN	NaN	NaN	35667.0536	35667.3813	1.0000	1.0000	0.0503
35ly04	3	46	1	0	2.0000	0.0000	1.0000	NaN	6.4067	6.1073	15.7441	35667.9557	35668.2567	1.0000	1.0000	0.1688
35ly04	3	47	1	0	1.0000	0.0000	1.0000	0.0804	NaN	NaN	NaN	35670.7738	35671.1005	1.0000	1.0000	0.0990
35ly04	3	47	1	0	2.0000	0.0000	1.0000	NaN	2.3421	3.6332	13.9504	35671.7315	35672.0326	1.0000	1.0000	0.0957
35ly04	3	48	1	0	1.0000	0.0000	-1.0000	0.0756	NaN	NaN	NaN	35674.5111	35674.8390	0.0000	1.0000	0.1867
35ly04	3	48	1	0	2.0000	0.0000	1.0000	NaN	4.4844	4.6395	15.0143	35675.5713	35675.8723	1.0000	1.0000	0.0169
35ly04	3	49	1	0	1.0000	0.0000	-1.0000	0.0756	NaN	NaN	NaN	35677.9214	35678.2477	0.0000	1.0000	0.0978
35ly04	3	49	1	0	2.0000	0.0000	1.0000	NaN	1.1091	1.6432	15.5299	35678.8530	35679.1539	1.0000	1.0000	0.0227
35ly04	3	50	1	0	1.0000	0.0000	1.0000	0.2570	NaN	NaN	NaN	35681.5338	35681.8617	1.0000	1.0000	0.2338
35ly04	3	50	1	0	2.0000	0.0000	1.0000	NaN	1.6253	1.2405	14.6083	35682.6354	35682.9364	1.0000	1.0000	0.0791
35ly04	4	1	1	0	1.0000	0.0000	-1.0000	0.0977	NaN	NaN	NaN	35686.2572	35686.5824	0.0000	1.0000	0.1317
35ly04	4	1	1	0	2.0000	0.0000	1.0000	NaN	1.5965	1.1202	15.2143	35687.2451	35687.5460	1.0000	1.0000	2.3894
35ly04	4	2	1	0	1.0000	0.0000	-1.0000	0.2847	NaN	NaN	NaN	35692.3187	35692.6465	0.0000	1.0000	0.2036
35ly04	4	2	1	0	2.0000	0.0000	1.0000	NaN	3.6611	5.2037	13.1917	35693.4198	35693.7207	1.0000	1.0000	0.0082
35ly04	4	3	1	0	1.0000	0.0000	-1.0000	0.0682	NaN	NaN	NaN	35696.0649	35696.3929	0.0000	1.0000	0.2388
35ly04	4	3	1	0	2.0000	0.0000	1.0000	NaN	4.5923	5.0870	15.6231	35697.1469	35697.4479	1.0000	1.0000	0.0082
35ly04	4	4	1	0	1.0000	0.0000	-1.0000	0.1038	NaN	NaN	NaN	35699.4981	35699.8257	0.0000	1.0000	0.2638
35ly04	4	4	1	0	2.0000	0.0000	1.0000	NaN	5.8328	4.8621	14.1974	35700.6190	35700.9200	1.0000	1.0000	0.0497
35ly04	4	5	1	0	1.0000	0.0000	1.0000	0.0735	NaN	NaN	NaN	35703.3064	35703.6331	0.0000	0.0000	0.1445
35ly04	4	5	1	0	2.0000	0.0000	-1.0000	NaN	3.6735	-2.1517	14.2177	35704.3154	35704.6164	0.0000	1.0000	0.2551
35ly04	4	6	1	0	1.0000	0.0000	-1.0000	0.0587	NaN	NaN	NaN	35707.3618	35707.6892	1.0000	0.0000	0.0960
35ly04	4	6	1	0	2.0000	0.0000	-1.0000	NaN	4.4504	-5.6605	12.6629	35708.3234	35708.6245	0.0000	1.0000	0.1517
35ly04	4	7	1	0	1.0000	0.0000	1.0000	0.2802	NaN	NaN	NaN	35711.1750	35711.5031	1.0000	1.0000	0.2735
35ly04	4	7	1	0	2.0000	0.0000	1.0000	NaN	3.1587	2.3728	14.9054	35712.3074	35712.6085	1.0000	1.0000	0.4009
35ly04	4	8	1	0	1.0000	0.0000	1.0000	0.2673	NaN	NaN	NaN	35715.2912	35715.6171	1.0000	1.0000	0.1378
35ly04	4	8	1	0	2.0000	0.0000	1.0000	NaN	3.5602	3.3877	14.1016	35716.2673	35716.5684	1.0000	1.0000	0.1672
35ly04	4	9	1	0	1.0000	0.0000	1.0000	0.3195	NaN	NaN	NaN	35718.9262	35719.2544	0.0000	0.0000	0.1958
35ly04	4	9	1	0	2.0000	0.0000	-1.0000	NaN	0.3838	-1.0002	14.4267	35719.9881	35720.2891	1.0000	0.0000	0.1745
35ly04	4	10	1	0	1.0000	0.0000	1.0000	0.1022	NaN	NaN	NaN	35722.9284	35723.2553	1.0000	1.0000	0.1303
35ly04	4	10	1	0	2.0000	0.0000	1.0000	NaN	5.1003	5.0246	14.4811	35723.9233	35724.2244	0.0000	0.0000	0.2014
35ly04	4	11	1	0	1.0000	0.0000	1.0000	0.2080	NaN	NaN	NaN	35726.9922	35727.3192	0.0000	0.0000	0.2029
35ly04	4	11	1	0	2.0000	0.0000	-1.0000	NaN	2.2208	-2.7459	14.1110	35728.0516	35728.3528	1.0000	0.0000	0.0084
35ly04	4	12	1	0	1.0000	0.0000	1.0000	0.1377	NaN	NaN	NaN	35730.7844	35731.1121	1.0000	1.0000	0.3850
35ly04	4	12	1	0	2.0000	0.0000	1.0000	NaN	3.3917	5.3210	17.1715	35732.0033	35732.3042	1.0000	1.0000	0.2253
35ly04	4	13	1	0	1.0000	0.0000	-1.0000	0.2207	NaN	NaN	NaN	35735.1204	35735.4496	0.0000	1.0000	0.2140
35ly04	4	13	1	0	2.0000	0.0000	1.0000	NaN	1.8989	1.8139	13.5807	35736.1874	35736.4885	1.0000	1.0000	0.0083
35ly04	4	14	1	0	1.0000	0.0000	-1.0000	0.1275	NaN	NaN	NaN	35738.5537	35738.8798	0.0000	1.0000	0.2318
35ly04	4	14	1	0	2.0000	0.0000	1.0000	NaN	0.1900	1.1026	15.9016	35739.6592	35739.9602	1.0000	1.0000	0.0740
35ly04	4	15	1	0	1.0000	0.0000	-1.0000	0.2589	NaN	NaN	NaN	35741.8562	35742.1847	0.0000	1.0000	0.1129
35ly04	4	15	1	0	2.0000	0.0000	1.0000	NaN	3.7093	2.5597	15.6698	35742.8279	35743.1291	1.0000	1.0000	0.0095
35ly04	4	16	1	0	1.0000	0.0000	1.0000	0.2492	NaN	NaN	NaN	35745.4345	35745.7603	0.0000	0.0000	0.5275
35ly04	4	16	1	0	2.0000	0.0000	-1.0000	NaN	6.2329	-7.8283	14.7717	35746.8190	35747.1200	0.0000	1.0000	0.1917
35ly04	4	17	1	0	1.0000	0.0000	-1.0000	0.3117	NaN	NaN	NaN	35749.6197	35749.9462	0.0000	1.0000	0.1974
35ly04	4	17	1	0	2.0000	0.0000	1.0000	NaN	5.6967	6.3391	16.3203	35750.7153	35751.0163	1.0000	1.0000	0.0084
35ly04	4	18	1	0	1.0000	0.0000	1.0000	0.3218	NaN	NaN	NaN	35753.5999	35753.9275	1.0000	1.0000	0.2182
35ly04	4	18	1	0	2.0000	0.0000	1.0000	NaN	4.1500	3.9245	15.3800	35754.6762	35754.9774	1.0000	1.0000	0.2002
35ly04	4	19	1	0	1.0000	0.0000	-1.0000	0.2978	NaN	NaN	NaN	35757.2587	35757.5846	0.0000	1.0000	0.1208
35ly04	4	19	1	0	2.0000	0.0000	1.0000	NaN	0.3075	0.9186	14.5104	35758.2199	35758.5210	1.0000	1.0000	0.1039
35ly04	4	20	1	0	1.0000	0.0000	1.0000	0.1311	NaN	NaN	NaN	35760.6830	35761.0118	1.0000	1.0000	0.2837
35ly04	4	20	1	0	2.0000	0.0000	1.0000	NaN	1.1150	0.8688	16.7933	35761.8195	35762.1205	1.0000	1.0000	0.1852
35ly04	4	21	1	0	1.0000	0.0000	-1.0000	0.3049	NaN	NaN	NaN	35764.5869	35764.9134	0.0000	1.0000	0.0965
35ly04	4	21	1	0	2.0000	0.0000	1.0000	NaN	0.5148	1.6367	14.9392	35765.5729	35765.8740	1.0000	1.0000	0.0136
35ly04	4	22	1	0	1.0000	0.0000	1.0000	0.1363	NaN	NaN	NaN	35768.4804	35768.8082	1.0000	1.0000	0.2257
35ly04	4	22	1	0	2.0000	0.0000	1.0000	NaN	2.8892	1.8937	16.1490	35769.5560	35769.8571	1.0000	1.0000	0.0545
35ly04	4	23	1	0	1.0000	0.0000	1.0000	0.3276	NaN	NaN	NaN	35772.5116	35772.8380	1.0000	1.0000	0.1856
35ly04	4	23	1	0	2.0000	0.0000	1.0000	NaN	5.8211	5.4615	15.1766	35773.5477	35773.8487	1.0000	1.0000	0.0084
35ly04	4	24	1	0	1.0000	0.0000	1.0000	0.2504	NaN	NaN	NaN	35776.4078	35776.7352	1.0000	1.0000	0.1224
35ly04	4	24	1	0	2.0000	0.0000	1.0000	NaN	5.0365	3.0966	15.7077	35777.3714	35777.6724	1.0000	1.0000	0.0498
35ly04	4	25	1	0	1.0000	0.0000	-1.0000	0.1812	NaN	NaN	NaN	35779.5199	35779.8465	0.0000	1.0000	0.1718
35ly04	4	25	1	0	2.0000	0.0000	1.0000	NaN	3.3287	3.1786	14.3530	35780.5632	35780.8642	1.0000	1.0000	0.0084
35ly04	4	26	1	0	1.0000	0.0000	1.0000	0.0661	NaN	NaN	NaN	35782.8238	35783.1490	1.0000	1.0000	0.0826
35ly04	4	26	1	0	2.0000	0.0000	1.0000	NaN	0.6834	0.2723	15.4908	35783.7472	35784.0482	1.0000	1.0000	2.0475
35ly04	4	27	1	0	1.0000	0.0000	-1.0000	0.2952	NaN	NaN	NaN	35788.5118	35788.8383	0.0000	1.0000	0.1470
35ly04	4	27	1	0	2.0000	0.0000	1.0000	NaN	1.3440	0.0008	14.8498	35789.5235	35789.8245	1.0000	1.0000	0.0085
35ly04	4	28	1	0	1.0000	0.0000	-1.0000	0.1432	NaN	NaN	NaN	35791.8892	35792.2172	1.0000	0.0000	0.1984
35ly04	4	28	1	0	2.0000	0.0000	-1.0000	NaN	5.5731	-5.7063	15.1005	35792.9161	35793.2173	0.0000	1.0000	0.2310
35ly04	4	29	1	0	1.0000	0.0000	1.0000	0.0481	NaN	NaN	NaN	35795.2805	35795.6070	0.0000	0.0000	0.2010
35ly04	4	29	1	0	2.0000	0.0000	-1.0000	NaN	3.0106	-4.6622	15.6035	35796.3474	35796.6484	0.0000	1.0000	0.1527
35ly04	4	30	1	0	1.0000	0.0000	-1.0000	0.0290	NaN	NaN	NaN	35799.1482	35799.4753	1.0000	0.0000	0.1904
35ly04	4	30	1	0	2.0000	0.0000	-1.0000	NaN	5.3627	-4.1474	15.4156	35800.2033	35800.5044	0.0000	1.0000	0.6152
35ly04	4	31	1	0	1.0000	0.0000	1.0000	0.0123	NaN	NaN	NaN	35803.4450	35803.7729	1.0000	1.0000	0.3561
35ly04	4	31	1	0	2.0000	0.0000	1.0000	NaN	2.8166	3.8621	15.4183	35804.6667	35804.9677	1.0000	1.0000	0.2739
35ly04	4	32	1	0	1.0000	0.0000	-1.0000	0.0479	NaN	NaN	NaN	35807.1469	35807.4732	0.0000	1.0000	0.1849
35ly04	4	32	1	0	2.0000	0.0000	1.0000	NaN	4.9410	3.6759	14.6056	35808.2113	35808.5123	1.0000	1.0000	0.0895
35ly04	4	33	1	0	1.0000	0.0000	1.0000	0.1495	NaN	NaN	NaN	35810.6408	35810.9694	1.0000	1.0000	0.3448
35ly04	4	33	1	0	2.0000	0.0000	1.0000	NaN	5.7949	5.4311	16.3508	35811.8354	35812.1365	0.0000	0.0000	0.1052
35ly04	4	34	1	0	1.0000	0.0000	-1.0000	0.1216	NaN	NaN	NaN	35814.0903	35814.4173	0.0000	1.0000	0.1903
35ly04	4	34	1	0	2.0000	0.0000	1.0000	NaN	6.7126	5.0531	17.0339	35815.1398	35815.4408	1.0000	1.0000	0.0726
35ly04	4	35	1	0	1.0000	0.0000	1.0000	0.1976	NaN	NaN	NaN	35817.8282	35818.1544	0.0000	0.0000	0.1428
35ly04	4	35	1	0	2.0000	0.0000	-1.0000	NaN	2.4007	-2.2766	14.8610	35818.8676	35819.1686	1.0000	0.0000	0.1368
35ly04	4	36	1	0	1.0000	0.0000	-1.0000	0.2927	NaN	NaN	NaN	35821.2125	35821.5389	0.0000	1.0000	0.1246
35ly04	4	36	1	0	2.0000	0.0000	1.0000	NaN	5.5511	7.5626	15.9667	35822.2272	35822.5282	1.0000	1.0000	0.1914
35ly04	4	37	1	0	1.0000	0.0000	-1.0000	0.0466	NaN	NaN	NaN	35825.1703	35825.4997	0.0000	1.0000	0.3580
35ly04	4	37	1	0	2.0000	0.0000	1.0000	NaN	5.1221	2.8290	15.2484	35826.3800	35826.6811	1.0000	1.0000	0.1526
35ly04	4	38	1	0	1.0000	0.0000	1.0000	0.1223	NaN	NaN	NaN	35829.0978	35829.4243	0.0000	0.0000	0.2972
35ly04	4	38	1	0	2.0000	0.0000	-1.0000	NaN	0.4309	-0.1513	15.0850	35830.2585	35830.5598	1.0000	0.0000	0.2969
35ly04	4	39	1	0	1.0000	0.0000	-1.0000	0.0989	NaN	NaN	NaN	35833.2487	35833.5761	0.0000	1.0000	0.3357
35ly04	4	39	1	0	2.0000	0.0000	1.0000	NaN	3.7950	4.6442	14.3961	35834.4595	35834.7605	1.0000	1.0000	0.1031
35ly04	4	40	1	0	1.0000	0.0000	-1.0000	0.3324	NaN	NaN	NaN	35837.3968	35837.7247	0.0000	1.0000	0.2349
35ly04	4	40	1	0	2.0000	0.0000	1.0000	NaN	3.5762	3.6747	14.7677	35838.5236	35838.8246	1.0000	1.0000	0.2006
35ly04	4	41	1	0	1.0000	0.0000	-1.0000	0.3037	NaN	NaN	NaN	35841.2748	35841.6009	0.0000	1.0000	0.2320
35ly04	4	41	1	0	2.0000	0.0000	1.0000	NaN	0.9957	1.8288	16.9846	35842.3800	35842.6810	1.0000	1.0000	0.1527
35ly04	4	42	1	0	1.0000	0.0000	1.0000	0.0329	NaN	NaN	NaN	35844.9896	35845.3170	0.0000	0.0000	0.3171
35ly04	4	42	1	0	2.0000	0.0000	-1.0000	NaN	5.1308	-4.9976	15.2936	35846.1561	35846.4571	0.0000	1.0000	0.5045
35ly04	4	43	1	0	1.0000	0.0000	-1.0000	0.1131	NaN	NaN	NaN	35849.3604	35849.6875	0.0000	1.0000	0.2184
35ly04	4	43	1	0	2.0000	0.0000	1.0000	NaN	4.5169	6.3824	14.8144	35850.4602	35850.7611	1.0000	1.0000	0.1844
35ly04	4	44	1	0	1.0000	0.0000	1.0000	0.2725	NaN	NaN	NaN	35852.9769	35853.3048	1.0000	1.0000	0.2808
35ly04	4	44	1	0	2.0000	0.0000	1.0000	NaN	3.3818	0.4636	15.2308	35854.0993	35854.4003	1.0000	1.0000	0.0888
35ly04	4	45	1	0	1.0000	0.0000	-1.0000	0.1162	NaN	NaN	NaN	35856.8200	35857.1470	0.0000	1.0000	0.1260
35ly04	4	45	1	0	2.0000	0.0000	1.0000	NaN	2.7436	6.1601	15.4119	35857.8197	35858.1207	1.0000	1.0000	0.0572
35ly04	4	46	1	0	1.0000	0.0000	1.0000	0.3330	NaN	NaN	NaN	35860.3008	35860.6275	0.0000	0.0000	0.3002
35ly04	4	46	1	0	2.0000	0.0000	-1.0000	NaN	3.7757	-4.4131	13.8596	35861.4605	35861.7615	0.0000	1.0000	0.1680
35ly04	4	47	1	0	1.0000	0.0000	-1.0000	0.0195	NaN	NaN	NaN	35864.1005	35864.4275	1.0000	0.0000	0.1101
35ly04	4	47	1	0	2.0000	0.0000	-1.0000	NaN	5.6761	-6.0585	14.1395	35865.0512	35865.3522	0.0000	1.0000	0.1697
35ly04	4	48	1	0	1.0000	0.0000	-1.0000	0.0231	NaN	NaN	NaN	35867.7360	35868.0618	0.0000	1.0000	0.3379
35ly04	4	48	1	0	2.0000	0.0000	1.0000	NaN	6.5945	7.1887	14.3338	35868.9393	35869.2405	1.0000	1.0000	0.2169
35ly04	4	49	1	0	1.0000	0.0000	-1.0000	0.1474	NaN	NaN	NaN	35871.8309	35872.1574	0.0000	1.0000	0.1563
35ly04	4	49	1	0	2.0000	0.0000	1.0000	NaN	6.5247	4.7659	13.8019	35872.8593	35873.1603	1.0000	1.0000	0.0636
35ly04	4	50	1	0	1.0000	0.0000	1.0000	0.0298	NaN	NaN	NaN	35875.2577	35875.5848	0.0000	0.0000	0.2788
35ly04	4	50	1	0	2.0000	0.0000	-1.0000	NaN	2.8924	-3.0171	13.2694	35876.4115	35876.7124	1.0000	0.0000	0.0256
35ly04	5	1	1	0	1.0000	0.0000	-1.0000	0.2872	NaN	NaN	NaN	35879.4101	35879.7405	0.0000	1.0000	0.1722
35ly04	5	1	1	0	2.0000	0.0000	1.0000	NaN	6.4800	8.6592	16.3364	35880.4674	35880.7686	1.0000	1.0000	0.0081
35ly04	5	2	1	0	1.0000	0.0000	1.0000	0.2444	NaN	NaN	NaN	35883.0846	35883.4116	1.0000	1.0000	0.1400
35ly04	5	2	1	0	2.0000	0.0000	1.0000	NaN	5.3427	7.1392	16.4843	35884.0756	35884.3766	1.0000	1.0000	0.0087
35ly04	5	3	1	0	1.0000	0.0000	1.0000	0.0777	NaN	NaN	NaN	35886.4247	35886.7522	0.0000	0.0000	0.2418
35ly04	5	3	1	0	2.0000	0.0000	-1.0000	NaN	3.2490	-3.5582	14.3209	35887.5318	35887.8329	0.0000	1.0000	0.2468
35ly04	5	4	1	0	1.0000	0.0000	1.0000	0.2684	NaN	NaN	NaN	35889.9122	35890.2377	1.0000	1.0000	0.1476
35ly04	5	4	1	0	2.0000	0.0000	1.0000	NaN	1.3539	2.4581	15.1252	35890.9077	35891.2087	0.0000	0.0000	0.2573
35ly04	5	5	1	0	1.0000	0.0000	-1.0000	0.3253	NaN	NaN	NaN	35893.6576	35893.9828	1.0000	0.0000	0.1789
35ly04	5	5	1	0	2.0000	0.0000	-1.0000	NaN	5.7961	-6.2461	16.9629	35894.6758	35894.9768	1.0000	0.0000	0.0149
35ly04	5	6	1	0	1.0000	0.0000	-1.0000	0.0816	NaN	NaN	NaN	35897.2360	35897.5624	0.0000	1.0000	0.2050
35ly04	5	6	1	0	2.0000	0.0000	1.0000	NaN	5.3709	5.2438	15.5984	35898.3151	35898.6161	1.0000	1.0000	0.0087
35ly04	5	7	1	0	1.0000	0.0000	1.0000	0.1294	NaN	NaN	NaN	35900.6508	35900.9780	1.0000	1.0000	0.6152
35ly04	5	7	1	0	2.0000	0.0000	1.0000	NaN	2.4485	3.1268	17.1042	35902.1160	35902.4170	1.0000	1.0000	0.0167
35ly04	5	8	1	0	1.0000	0.0000	1.0000	0.3230	NaN	NaN	NaN	35905.0319	35905.3604	1.0000	1.0000	0.1272
35ly04	5	8	1	0	2.0000	0.0000	1.0000	NaN	6.3859	4.0517	16.1988	35905.9952	35906.2962	1.0000	1.0000	0.0496
35ly04	5	9	1	0	1.0000	0.0000	1.0000	0.0623	NaN	NaN	NaN	35908.2941	35908.6207	1.0000	1.0000	0.3006
35ly04	5	9	1	0	2.0000	0.0000	1.0000	NaN	1.4467	1.9719	16.3059	35909.4263	35909.7275	1.0000	1.0000	0.4675
35ly04	5	10	1	0	1.0000	0.0000	1.0000	0.2235	NaN	NaN	NaN	35912.4508	35912.7770	1.0000	1.0000	0.1266
35ly04	5	10	1	0	2.0000	0.0000	1.0000	NaN	6.4572	5.4618	15.9022	35913.4116	35913.7126	1.0000	1.0000	0.0949
35ly04	5	11	1	0	1.0000	0.0000	-1.0000	0.0253	NaN	NaN	NaN	35915.9335	35916.2591	1.0000	0.0000	0.1666
35ly04	5	11	1	0	2.0000	0.0000	-1.0000	NaN	2.3495	-2.0521	15.7130	35916.9474	35917.2484	0.0000	1.0000	0.3672
35ly04	5	12	1	0	1.0000	0.0000	1.0000	0.2214	NaN	NaN	NaN	35919.6976	35920.0236	0.0000	0.0000	0.2187
35ly04	5	12	1	0	2.0000	0.0000	-1.0000	NaN	4.1493	-3.9087	15.1723	35920.7799	35921.0809	1.0000	0.0000	0.0803
35ly04	5	13	1	0	1.0000	0.0000	-1.0000	0.0702	NaN	NaN	NaN	35923.3311	35923.6588	0.0000	1.0000	0.2705
35ly04	5	13	1	0	2.0000	0.0000	1.0000	NaN	2.3769	1.2690	14.6838	35924.4832	35924.7850	1.0000	1.0000	0.1202
35ly04	5	14	1	0	1.0000	0.0000	1.0000	0.0087	NaN	NaN	NaN	35927.1369	35927.4634	0.0000	0.0000	0.1461
35ly04	5	14	1	0	2.0000	0.0000	-1.0000	NaN	4.2681	-3.0372	15.5334	35928.1311	35928.4321	1.0000	0.0000	0.1140
35ly04	5	15	1	0	1.0000	0.0000	-1.0000	0.0189	NaN	NaN	NaN	35930.7747	35931.1031	0.0000	1.0000	0.1939
35ly04	5	15	1	0	2.0000	0.0000	1.0000	NaN	5.4688	5.1790	15.1100	35931.8606	35932.1616	1.0000	1.0000	0.0482
35ly04	5	16	1	0	1.0000	0.0000	1.0000	0.1111	NaN	NaN	NaN	35934.6580	35934.9846	1.0000	1.0000	0.3276
35ly04	5	16	1	0	2.0000	0.0000	1.0000	NaN	6.0117	5.9919	14.8993	35935.8517	35936.1527	1.0000	1.0000	0.0150
35ly04	5	17	1	0	1.0000	0.0000	1.0000	0.2032	NaN	NaN	NaN	35938.7599	35939.0880	0.0000	0.0000	0.1620
35ly04	5	17	1	0	2.0000	0.0000	-1.0000	NaN	2.6362	-3.7042	14.7620	35939.7792	35940.0804	1.0000	0.0000	0.0332
35ly04	5	18	1	0	1.0000	0.0000	1.0000	0.0446	NaN	NaN	NaN	35942.2696	35942.5969	0.0000	0.0000	0.4205
35ly04	5	18	1	0	2.0000	0.0000	-1.0000	NaN	4.3660	-5.2319	14.8721	35943.5413	35943.8423	1.0000	0.0000	0.0478
35ly04	5	19	1	0	1.0000	0.0000	1.0000	0.1336	NaN	NaN	NaN	35945.8301	35946.1563	0.0000	0.0000	0.2610
35ly04	5	19	1	0	2.0000	0.0000	-1.0000	NaN	1.0689	-2.8384	14.5590	35946.9647	35947.2657	0.0000	1.0000	0.7510
35ly04	5	20	1	0	1.0000	0.0000	-1.0000	0.0881	NaN	NaN	NaN	35949.9406	35950.2685	0.0000	1.0000	0.3319
35ly04	5	20	1	0	2.0000	0.0000	1.0000	NaN	6.1311	7.9487	14.4492	35951.1315	35951.4325	1.0000	1.0000	0.1671
35ly04	5	21	1	0	1.0000	0.0000	-1.0000	0.0923	NaN	NaN	NaN	35953.6826	35954.0094	0.0000	1.0000	0.3761
35ly04	5	21	1	0	2.0000	0.0000	1.0000	NaN	5.8002	4.4523	14.2537	35954.9156	35955.2167	1.0000	1.0000	0.1769
35ly04	5	22	1	0	1.0000	0.0000	-1.0000	0.0905	NaN	NaN	NaN	35957.5002	35957.8289	0.0000	1.0000	0.2611
35ly04	5	22	1	0	2.0000	0.0000	1.0000	NaN	3.6149	2.9644	15.3070	35958.6279	35958.9289	1.0000	1.0000	0.1996
35ly04	5	23	1	0	1.0000	0.0000	1.0000	0.2098	NaN	NaN	NaN	35961.5948	35961.9244	1.0000	1.0000	0.2525
35ly04	5	23	1	0	2.0000	0.0000	1.0000	NaN	0.2010	0.3900	14.3469	35962.7151	35963.0162	1.0000	1.0000	0.1930
35ly04	5	24	1	0	1.0000	0.0000	1.0000	0.1959	NaN	NaN	NaN	35965.5748	35965.9018	1.0000	1.0000	0.2499
35ly04	5	24	1	0	2.0000	0.0000	1.0000	NaN	2.4714	1.2723	14.8336	35966.6360	35966.9370	1.0000	1.0000	0.0489
35ly04	5	25	1	0	1.0000	0.0000	1.0000	0.2528	NaN	NaN	NaN	35969.0016	35969.3286	1.0000	1.0000	0.2549
35ly04	5	25	1	0	2.0000	0.0000	1.0000	NaN	4.7465	6.7135	15.9484	35970.0915	35970.3925	1.0000	1.0000	0.0084
35ly04	5	26	1	0	1.0000	0.0000	1.0000	0.1531	NaN	NaN	NaN	35972.6751	35973.0017	1.0000	1.0000	0.2700
35ly04	5	26	1	0	2.0000	0.0000	1.0000	NaN	4.4966	5.2738	15.9198	35973.7790	35974.0800	1.0000	1.0000	0.2020
35ly04	5	27	1	0	1.0000	0.0000	1.0000	0.0853	NaN	NaN	NaN	35976.5721	35976.8991	1.0000	1.0000	0.1987
35ly04	5	27	1	0	2.0000	0.0000	1.0000	NaN	3.4754	0.3740	14.7605	35977.6198	35977.9208	1.0000	1.0000	0.1110
35ly04	5	28	1	0	1.0000	0.0000	-1.0000	0.2467	NaN	NaN	NaN	35980.2647	35980.5926	0.0000	1.0000	0.1592
35ly04	5	28	1	0	2.0000	0.0000	1.0000	NaN	4.9286	4.6955	17.2718	35981.2997	35981.6006	1.0000	1.0000	0.0082
35ly04	5	29	1	0	1.0000	0.0000	-1.0000	0.0127	NaN	NaN	NaN	35984.0186	35984.3455	0.0000	1.0000	0.1444
35ly04	5	29	1	0	2.0000	0.0000	1.0000	NaN	6.1341	6.6729	14.8311	35985.0593	35985.3604	1.0000	1.0000	0.0176
35ly04	5	30	1	0	1.0000	0.0000	-1.0000	0.0550	NaN	NaN	NaN	35987.7837	35988.1102	0.0000	1.0000	0.4357
35ly04	5	30	1	0	2.0000	0.0000	1.0000	NaN	6.1483	7.2357	15.7333	35989.1231	35989.4241	1.0000	1.0000	0.1115
35ly04	5	31	1	0	1.0000	0.0000	-1.0000	0.1569	NaN	NaN	NaN	35991.8269	35992.1527	0.0000	1.0000	0.1849
35ly04	5	31	1	0	2.0000	0.0000	1.0000	NaN	4.8789	4.6442	16.4197	35992.8996	35993.2006	1.0000	1.0000	0.0415
35ly04	5	32	1	0	1.0000	0.0000	1.0000	0.2282	NaN	NaN	NaN	35995.1150	35995.4402	0.0000	0.0000	0.6494
35ly04	5	32	1	0	2.0000	0.0000	-1.0000	NaN	2.9078	-3.1834	14.6324	35996.5721	35996.8732	0.0000	1.0000	0.4484
35ly04	5	33	1	0	1.0000	0.0000	1.0000	0.1161	NaN	NaN	NaN	35999.7190	36000.0455	1.0000	1.0000	0.1798
35ly04	5	33	1	0	2.0000	0.0000	1.0000	NaN	4.3848	3.5373	15.1968	36000.7314	36001.0324	1.0000	1.0000	0.1288
35ly04	5	34	1	0	1.0000	0.0000	1.0000	0.2908	NaN	NaN	NaN	36002.9607	36003.2887	1.0000	1.0000	0.6402
35ly04	5	34	1	0	2.0000	0.0000	1.0000	NaN	2.8259	3.6787	13.7696	36004.4201	36004.7210	1.0000	1.0000	0.2627
35ly04	5	35	1	0	1.0000	0.0000	1.0000	0.1111	NaN	NaN	NaN	36007.0666	36007.3921	0.0000	0.0000	0.3630
35ly04	5	35	1	0	2.0000	0.0000	-1.0000	NaN	4.6630	-6.1403	13.7936	36008.3073	36008.6084	0.0000	1.0000	0.3613
35ly04	5	36	1	0	1.0000	0.0000	1.0000	0.2872	NaN	NaN	NaN	36010.8588	36011.1873	1.0000	1.0000	0.1495
35ly04	5	36	1	0	2.0000	0.0000	1.0000	NaN	5.2276	6.2750	15.1014	36011.8674	36012.1685	1.0000	1.0000	0.1208
35ly04	5	37	1	0	1.0000	0.0000	-1.0000	0.2465	NaN	NaN	NaN	36014.3455	36014.6725	0.0000	1.0000	0.1924
35ly04	5	37	1	0	2.0000	0.0000	1.0000	NaN	2.1693	0.4669	15.4181	36015.4112	36015.7122	1.0000	1.0000	0.1537
35ly04	5	38	1	0	1.0000	0.0000	1.0000	0.0516	NaN	NaN	NaN	36017.6638	36017.9904	1.0000	1.0000	0.8989
35ly04	5	38	1	0	2.0000	0.0000	1.0000	NaN	2.7394	4.7455	13.4965	36019.4038	36019.7051	0.0000	0.0000	0.1106
35ly04	5	39	1	0	1.0000	0.0000	-1.0000	0.2702	NaN	NaN	NaN	36021.8924	36022.2229	0.0000	1.0000	0.1849
35ly04	5	39	1	0	2.0000	0.0000	1.0000	NaN	5.6344	2.8436	14.7683	36022.9636	36023.2648	1.0000	1.0000	0.0084
35ly04	5	40	1	0	1.0000	0.0000	-1.0000	0.1538	NaN	NaN	NaN	36025.4048	36025.7321	0.0000	1.0000	0.1818
35ly04	5	40	1	0	2.0000	0.0000	1.0000	NaN	6.0923	5.7343	14.1143	36026.4597	36026.7607	1.0000	1.0000	0.0483
35ly04	5	41	1	0	1.0000	0.0000	-1.0000	0.1920	NaN	NaN	NaN	36029.2571	36029.5854	0.0000	1.0000	0.1583
35ly04	5	41	1	0	2.0000	0.0000	1.0000	NaN	2.4871	3.2605	15.2756	36030.3004	36030.6014	1.0000	1.0000	0.0646
35ly04	5	42	1	0	1.0000	0.0000	-1.0000	0.2946	NaN	NaN	NaN	36032.5976	36032.9232	0.0000	1.0000	0.1575
35ly04	5	42	1	0	2.0000	0.0000	1.0000	NaN	4.5188	2.9449	14.9642	36033.6113	36033.9124	1.0000	1.0000	0.1287
35ly04	5	43	1	0	1.0000	0.0000	1.0000	0.1145	NaN	NaN	NaN	36036.2973	36036.6240	1.0000	1.0000	0.1541
35ly04	5	43	1	0	2.0000	0.0000	1.0000	NaN	1.0866	1.4848	15.6438	36037.3091	36037.6101	1.0000	1.0000	0.0376
35ly04	5	44	1	0	1.0000	0.0000	-1.0000	0.2750	NaN	NaN	NaN	36039.8128	36040.1395	0.0000	1.0000	0.1802
35ly04	5	44	1	0	2.0000	0.0000	1.0000	NaN	6.2907	5.1764	14.2270	36040.8509	36041.1519	1.0000	1.0000	0.0085
35ly04	5	45	1	0	1.0000	0.0000	1.0000	0.0598	NaN	NaN	NaN	36043.5032	36043.8318	1.0000	1.0000	0.1380
35ly04	5	45	1	0	2.0000	0.0000	1.0000	NaN	4.4552	2.9901	15.9196	36044.4924	36044.7935	1.0000	1.0000	0.1283
35ly04	5	46	1	0	1.0000	0.0000	1.0000	0.2502	NaN	NaN	NaN	36047.5198	36047.8454	0.0000	0.0000	0.4048
35ly04	5	46	1	0	2.0000	0.0000	-1.0000	NaN	1.4512	-0.1216	13.9598	36048.8033	36049.1046	1.0000	0.0000	0.0150
35ly04	5	47	1	0	1.0000	0.0000	1.0000	0.0527	NaN	NaN	NaN	36050.9540	36051.2820	1.0000	1.0000	0.1752
35ly04	5	47	1	0	2.0000	0.0000	1.0000	NaN	3.9654	3.0933	15.2853	36051.9554	36052.2564	1.0000	1.0000	0.2732
35ly04	5	48	1	0	1.0000	0.0000	1.0000	0.2273	NaN	NaN	NaN	36054.3955	36054.7216	0.0000	0.0000	0.1601
35ly04	5	48	1	0	2.0000	0.0000	-1.0000	NaN	2.7724	-4.1143	14.5566	36055.4036	36055.7048	1.0000	0.0000	0.0408
35ly04	5	49	1	0	1.0000	0.0000	-1.0000	0.0479	NaN	NaN	NaN	36058.1990	36058.5255	1.0000	0.0000	0.2924
35ly04	5	49	1	0	2.0000	0.0000	-1.0000	NaN	1.6846	-1.6847	14.3363	36059.3316	36059.6326	1.0000	0.0000	0.2409
35ly04	5	50	1	0	1.0000	0.0000	1.0000	0.2508	NaN	NaN	NaN	36062.2825	36062.6082	0.0000	0.0000	0.2168
35ly04	5	50	1	0	2.0000	0.0000	-1.0000	NaN	5.6819	-5.8615	14.5122	36063.3563	36063.6574	0.0000	1.0000	0.2962
35ly04	6	1	1	0	1.0000	0.0000	-1.0000	0.1463	NaN	NaN	NaN	36066.9585	36067.2864	0.0000	1.0000	0.1781
35ly04	6	1	1	0	2.0000	0.0000	1.0000	NaN	0.5817	2.1571	15.2553	36068.0134	36068.3144	1.0000	1.0000	0.0084
35ly04	6	2	1	0	1.0000	0.0000	-1.0000	0.2289	NaN	NaN	NaN	36070.6979	36071.0261	0.0000	1.0000	0.1677
35ly04	6	2	1	0	2.0000	0.0000	1.0000	NaN	2.2488	2.4629	16.3687	36071.7476	36072.0486	1.0000	1.0000	0.0086
35ly04	6	3	1	0	1.0000	0.0000	1.0000	0.0821	NaN	NaN	NaN	36074.5491	36074.8762	1.0000	1.0000	0.4139
35ly04	6	3	1	0	2.0000	0.0000	1.0000	NaN	1.3551	0.1988	12.2106	36075.8201	36076.1211	1.0000	1.0000	0.0085
35ly04	6	4	1	0	1.0000	0.0000	1.0000	0.0783	NaN	NaN	NaN	36077.9198	36078.2463	0.0000	0.0000	0.3227
35ly04	6	4	1	0	2.0000	0.0000	-1.0000	NaN	2.6747	-2.5590	14.7754	36079.1397	36079.4409	0.0000	1.0000	0.2569
35ly04	6	5	1	0	1.0000	0.0000	-1.0000	0.0065	NaN	NaN	NaN	36081.9532	36082.2824	1.0000	0.0000	0.2309
35ly04	6	5	1	0	2.0000	0.0000	-1.0000	NaN	0.8163	-0.6428	14.2877	36083.0513	36083.3523	1.0000	0.0000	0.3455
35ly04	6	6	1	0	1.0000	0.0000	-1.0000	0.2991	NaN	NaN	NaN	36086.1166	36086.4425	0.0000	1.0000	0.1810
35ly04	6	6	1	0	2.0000	0.0000	1.0000	NaN	3.0191	1.7372	15.7379	36087.1873	36087.4884	1.0000	1.0000	0.0085
35ly04	6	7	1	0	1.0000	0.0000	-1.0000	0.2027	NaN	NaN	NaN	36089.6229	36089.9496	0.0000	1.0000	0.1403
35ly04	6	7	1	0	2.0000	0.0000	1.0000	NaN	2.0704	1.9568	15.4309	36090.5718	36090.8729	1.0000	1.0000	0.0086
35ly04	6	8	1	0	1.0000	0.0000	-1.0000	0.2076	NaN	NaN	NaN	36093.1551	36093.4824	0.0000	1.0000	0.1188
35ly04	6	8	1	0	2.0000	0.0000	1.0000	NaN	6.4138	5.7885	16.2291	36094.1312	36094.4323	1.0000	1.0000	0.0085
35ly04	6	9	1	0	1.0000	0.0000	-1.0000	0.3125	NaN	NaN	NaN	36096.5829	36096.9091	0.0000	1.0000	0.1147
35ly04	6	9	1	0	2.0000	0.0000	1.0000	NaN	4.0371	6.8741	15.3668	36097.5559	36097.8569	1.0000	1.0000	0.0088
35ly04	6	10	1	0	1.0000	0.0000	-1.0000	0.1022	NaN	NaN	NaN	36099.7728	36100.1011	0.0000	1.0000	0.0918
35ly04	6	10	1	0	2.0000	0.0000	1.0000	NaN	1.7974	2.6195	14.6729	36100.7241	36101.0250	1.0000	1.0000	0.0083
35ly04	6	11	1	0	1.0000	0.0000	1.0000	0.3106	NaN	NaN	NaN	36103.4578	36103.7847	0.0000	0.0000	0.1352
35ly04	6	11	1	0	2.0000	0.0000	-1.0000	NaN	5.2929	-3.1935	13.6596	36104.4675	36104.7685	1.0000	0.0000	0.2252
35ly04	6	12	1	0	1.0000	0.0000	-1.0000	0.2233	NaN	NaN	NaN	36107.1440	36107.4704	0.0000	1.0000	0.2038
35ly04	6	12	1	0	2.0000	0.0000	1.0000	NaN	3.7580	5.8810	15.9024	36108.2431	36108.5441	1.0000	1.0000	0.0726
35ly04	6	13	1	0	1.0000	0.0000	-1.0000	0.0459	NaN	NaN	NaN	36110.8995	36111.2259	0.0000	1.0000	0.0480
35ly04	6	13	1	0	2.0000	0.0000	1.0000	NaN	5.3592	4.9878	14.4465	36111.8279	36112.1289	1.0000	1.0000	0.0324
35ly04	6	14	1	0	1.0000	0.0000	1.0000	0.2544	NaN	NaN	NaN	36114.4268	36114.7546	0.0000	0.0000	0.0631
35ly04	6	14	1	0	2.0000	0.0000	-1.0000	NaN	5.0730	-2.4601	16.0175	36115.3636	36115.6646	1.0000	0.0000	0.0334
35ly04	6	15	1	0	1.0000	0.0000	1.0000	0.2335	NaN	NaN	NaN	36118.2806	36118.6066	0.0000	0.0000	0.2171
35ly04	6	15	1	0	2.0000	0.0000	-1.0000	NaN	5.8441	-6.5038	15.2117	36119.3551	36119.6562	1.0000	0.0000	0.1047
35ly04	6	16	1	0	1.0000	0.0000	-1.0000	0.3299	NaN	NaN	NaN	36122.2874	36122.6132	0.0000	1.0000	0.1419
35ly04	6	16	1	0	2.0000	0.0000	1.0000	NaN	3.1675	4.7802	13.9772	36123.2998	36123.6008	1.0000	1.0000	0.0249
35ly04	6	17	1	0	1.0000	0.0000	-1.0000	0.2587	NaN	NaN	NaN	36125.7657	36126.0920	0.0000	1.0000	0.1181
35ly04	6	17	1	0	2.0000	0.0000	1.0000	NaN	4.0210	2.6206	14.9803	36126.7239	36127.0248	1.0000	1.0000	2.1920
35ly04	6	18	1	0	1.0000	0.0000	1.0000	0.2844	NaN	NaN	NaN	36131.2159	36131.5423	1.0000	1.0000	0.1236
35ly04	6	18	1	0	2.0000	0.0000	1.0000	NaN	4.0331	5.2189	15.2775	36132.1956	36132.4967	1.0000	1.0000	0.1531
35ly04	6	19	1	0	1.0000	0.0000	1.0000	0.0799	NaN	NaN	NaN	36135.0487	36135.3762	0.0000	0.0000	0.1378
35ly04	6	19	1	0	2.0000	0.0000	-1.0000	NaN	3.8717	-4.0029	14.8135	36136.0683	36136.3693	1.0000	0.0000	0.0729
35ly04	6	20	1	0	1.0000	0.0000	1.0000	0.1843	NaN	NaN	NaN	36138.5922	36138.9181	0.0000	0.0000	0.2736
35ly04	6	20	1	0	2.0000	0.0000	-1.0000	NaN	2.6057	-1.7608	16.1861	36139.7393	36140.0404	0.0000	1.0000	0.3614
35ly04	6	21	1	0	1.0000	0.0000	1.0000	0.1591	NaN	NaN	NaN	36142.3071	36142.6343	0.0000	0.0000	0.1354
35ly04	6	21	1	0	2.0000	0.0000	-1.0000	NaN	0.6165	-0.2699	15.5330	36143.3154	36143.6164	0.0000	1.0000	0.1834
35ly04	6	22	1	0	1.0000	0.0000	1.0000	0.2403	NaN	NaN	NaN	36146.2831	36146.6133	1.0000	1.0000	0.1009
35ly04	6	22	1	0	2.0000	0.0000	1.0000	NaN	1.2304	1.9854	15.5729	36147.2302	36147.5312	1.0000	1.0000	0.0786
35ly04	6	23	1	0	1.0000	0.0000	-1.0000	0.1260	NaN	NaN	NaN	36149.5070	36149.8350	0.0000	1.0000	0.1807
35ly04	6	23	1	0	2.0000	0.0000	1.0000	NaN	3.8609	4.5414	14.8883	36150.5397	36150.8407	1.0000	1.0000	0.0082
35ly04	6	24	1	0	1.0000	0.0000	-1.0000	0.2421	NaN	NaN	NaN	36153.1155	36153.4418	0.0000	1.0000	0.0879
35ly04	6	24	1	0	2.0000	0.0000	1.0000	NaN	3.6573	5.1485	17.9027	36154.0754	36154.3764	1.0000	1.0000	0.0085
35ly04	6	25	1	0	1.0000	0.0000	1.0000	0.0006	NaN	NaN	NaN	36156.7022	36157.0297	0.0000	0.0000	0.0825
35ly04	6	25	1	0	2.0000	0.0000	-1.0000	NaN	4.3334	-4.7679	14.6901	36157.6759	36157.9772	1.0000	0.0000	0.0081
35ly04	6	26	1	0	1.0000	0.0000	1.0000	0.0999	NaN	NaN	NaN	36159.8202	36160.1490	0.0000	0.0000	0.0997
35ly04	6	26	1	0	2.0000	0.0000	-1.0000	NaN	2.3191	-5.0546	13.8056	36160.7875	36161.0886	1.0000	0.0000	0.0659
35ly04	6	27	1	0	1.0000	0.0000	1.0000	0.0080	NaN	NaN	NaN	36163.6089	36163.9354	0.0000	0.0000	0.2722
35ly04	6	27	1	0	2.0000	0.0000	-1.0000	NaN	6.6529	-8.4812	14.2573	36164.7482	36165.0493	0.0000	1.0000	0.2001
35ly04	6	28	1	0	1.0000	0.0000	-1.0000	0.1575	NaN	NaN	NaN	36167.6480	36167.9742	0.0000	1.0000	0.3156
35ly04	6	28	1	0	2.0000	0.0000	1.0000	NaN	0.9741	1.5273	13.5078	36168.8356	36169.1366	1.0000	1.0000	0.1840
35ly04	6	29	1	0	1.0000	0.0000	1.0000	0.2572	NaN	NaN	NaN	36171.9199	36172.2461	0.0000	0.0000	0.1558
35ly04	6	29	1	0	2.0000	0.0000	-1.0000	NaN	4.2180	-4.2533	14.8429	36172.9476	36173.2488	0.0000	1.0000	0.2152
35ly04	6	30	1	0	1.0000	0.0000	-1.0000	0.2668	NaN	NaN	NaN	36175.8286	36176.1552	0.0000	1.0000	0.1565
35ly04	6	30	1	0	2.0000	0.0000	1.0000	NaN	4.7942	4.1011	14.6661	36176.8356	36177.1365	1.0000	1.0000	3.1111
35ly04	6	31	1	0	1.0000	0.0000	-1.0000	0.0046	NaN	NaN	NaN	36182.8717	36183.1986	0.0000	1.0000	0.1396
35ly04	6	31	1	0	2.0000	0.0000	1.0000	NaN	3.8186	4.4287	14.3384	36183.8750	36184.1760	1.0000	1.0000	0.0084
35ly04	6	32	1	0	1.0000	0.0000	-1.0000	0.3079	NaN	NaN	NaN	36186.3364	36186.6646	0.0000	1.0000	0.1138
35ly04	6	32	1	0	2.0000	0.0000	1.0000	NaN	6.1026	7.5452	15.0622	36187.2923	36187.5933	1.0000	1.0000	0.0085
35ly04	6	33	1	0	1.0000	0.0000	1.0000	0.0006	NaN	NaN	NaN	36189.9279	36190.2537	0.0000	0.0000	0.1880
35ly04	6	33	1	0	2.0000	0.0000	-1.0000	NaN	2.4739	-1.3454	15.2729	36190.9961	36191.2971	1.0000	0.0000	0.0866
35ly04	6	34	1	0	1.0000	0.0000	1.0000	0.0604	NaN	NaN	NaN	36193.6316	36193.9590	0.0000	0.0000	0.2256
35ly04	6	34	1	0	2.0000	0.0000	-1.0000	NaN	1.5449	-0.0056	15.1431	36194.7485	36195.0495	1.0000	0.0000	0.2404
35ly04	6	35	1	0	1.0000	0.0000	-1.0000	0.1059	NaN	NaN	NaN	36197.6810	36198.0065	0.0000	1.0000	0.1558
35ly04	6	35	1	0	2.0000	0.0000	1.0000	NaN	1.3503	1.2303	15.4690	36198.6931	36198.9941	1.0000	1.0000	0.0456
35ly04	6	36	1	0	1.0000	0.0000	1.0000	0.0884	NaN	NaN	NaN	36201.1992	36201.5255	0.0000	0.0000	0.1083
35ly04	6	36	1	0	2.0000	0.0000	-1.0000	NaN	0.2989	-1.6272	15.3446	36202.1877	36202.4887	1.0000	0.0000	0.0631
35ly04	6	37	1	0	1.0000	0.0000	1.0000	0.1457	NaN	NaN	NaN	36204.7949	36205.1224	0.0000	0.0000	0.3434
35ly04	6	37	1	0	2.0000	0.0000	-1.0000	NaN	5.9176	-5.8174	16.0587	36206.0117	36206.3128	0.0000	1.0000	0.2883
35ly04	6	38	1	0	1.0000	0.0000	-1.0000	0.0308	NaN	NaN	NaN	36208.6662	36208.9941	0.0000	1.0000	0.3598
35ly04	6	38	1	0	2.0000	0.0000	1.0000	NaN	6.6839	6.1185	13.4562	36209.8995	36210.2006	1.0000	1.0000	0.1375
35ly04	6	39	1	0	1.0000	0.0000	-1.0000	0.1970	NaN	NaN	NaN	36212.5361	36212.8622	0.0000	1.0000	0.1955
35ly04	6	39	1	0	2.0000	0.0000	1.0000	NaN	5.5997	6.1908	15.1744	36213.6121	36213.9131	1.0000	1.0000	0.1440
35ly04	6	40	1	0	1.0000	0.0000	1.0000	0.0095	NaN	NaN	NaN	36216.2562	36216.5839	0.0000	0.0000	0.1718
35ly04	6	40	1	0	2.0000	0.0000	-1.0000	NaN	0.6833	-0.7155	12.9425	36217.3173	36217.6183	0.0000	1.0000	0.3588
35ly04	6	41	1	0	1.0000	0.0000	-1.0000	0.1104	NaN	NaN	NaN	36220.3421	36220.6688	0.0000	1.0000	0.3095
35ly04	6	41	1	0	2.0000	0.0000	1.0000	NaN	5.4561	5.0772	14.0235	36221.4995	36221.8006	1.0000	1.0000	0.2012
35ly04	6	42	1	0	1.0000	0.0000	-1.0000	0.0193	NaN	NaN	NaN	36223.8159	36224.1416	0.0000	1.0000	0.1573
35ly04	6	42	1	0	2.0000	0.0000	1.0000	NaN	4.2894	3.1256	13.7963	36224.8989	36225.2000	1.0000	1.0000	0.1374
35ly04	6	43	1	0	1.0000	0.0000	-1.0000	0.1080	NaN	NaN	NaN	36227.4267	36227.7527	0.0000	1.0000	0.0894
35ly04	6	43	1	0	2.0000	0.0000	1.0000	NaN	5.9023	7.3284	15.5935	36228.4197	36228.7207	1.0000	1.0000	0.0341
35ly04	6	44	1	0	1.0000	0.0000	-1.0000	0.0898	NaN	NaN	NaN	36231.0856	36231.4125	0.0000	1.0000	0.1806
35ly04	6	44	1	0	2.0000	0.0000	1.0000	NaN	2.3710	2.4995	14.1365	36232.1479	36232.4489	1.0000	1.0000	0.0389
35ly04	6	45	1	0	1.0000	0.0000	-1.0000	0.1687	NaN	NaN	NaN	36234.6970	36235.0248	0.0000	1.0000	0.0968
35ly04	6	45	1	0	2.0000	0.0000	1.0000	NaN	3.3150	4.2391	13.8244	36235.6674	36235.9690	1.0000	1.0000	0.0083
35ly04	6	46	1	0	1.0000	0.0000	1.0000	0.1100	NaN	NaN	NaN	36238.0757	36238.4023	0.0000	0.0000	0.1200
35ly04	6	46	1	0	2.0000	0.0000	-1.0000	NaN	5.7274	-5.4896	13.8928	36239.0912	36239.3923	0.0000	1.0000	0.2018
35ly04	6	47	1	0	1.0000	0.0000	-1.0000	0.1542	NaN	NaN	NaN	36241.8566	36242.1820	0.0000	1.0000	0.3559
35ly04	6	47	1	0	2.0000	0.0000	1.0000	NaN	5.0441	2.8418	14.6106	36243.0835	36243.3845	1.0000	1.0000	0.1129
35ly04	6	48	1	0	1.0000	0.0000	1.0000	0.3297	NaN	NaN	NaN	36245.6460	36245.9726	0.0000	0.0000	0.1332
35ly04	6	48	1	0	2.0000	0.0000	-1.0000	NaN	3.2924	-4.8607	14.4423	36246.6919	36246.9929	0.0000	1.0000	0.0082
35ly04	6	49	1	0	1.0000	0.0000	1.0000	0.2876	NaN	NaN	NaN	36248.9484	36249.2756	1.0000	1.0000	0.1739
35ly04	6	49	1	0	2.0000	0.0000	1.0000	NaN	4.7487	5.7158	14.9701	36249.9640	36250.2651	1.0000	1.0000	0.0969
35ly04	6	50	1	0	1.0000	0.0000	-1.0000	0.2579	NaN	NaN	NaN	36252.7268	36253.0528	0.0000	1.0000	0.1483
35ly04	6	50	1	0	2.0000	0.0000	1.0000	NaN	0.4342	0.1038	14.2115	36253.7398	36254.0408	1.0000	1.0000	0.0084
