14lh01	1	1	0	0	1.0000	0.0000	1.0000	0.1424	NaN	NaN	NaN	239410.1789	239410.5322	0.0000	0.0000	1.5773	1.7214
14lh01	1	1	0	0	2.0000	0.0000	1.0000	NaN	7.9153	9.8940	16.6688	239412.6886	239412.9908	0.0000	0.0000	1.4866	1.7746
14lh01	1	2	0	0	1.0000	0.0000	1.0000	0.9115	NaN	NaN	NaN	239416.8041	239417.1556	1.0000	1.0000	0.6657	0.8102
14lh01	1	2	0	0	2.0000	0.0000	1.0000	NaN	7.8689	8.0499	15.6411	239418.4018	239418.7041	1.0000	1.0000	1.2767	1.5497
14lh01	1	3	0	0	1.0000	0.0000	1.0000	0.8464	NaN	NaN	NaN	239422.2993	239422.6538	0.0000	0.0000	0.7039	0.8962
14lh01	1	3	0	0	2.0000	0.0000	-1.0000	NaN	4.0100	-1.6707	16.7069	239423.9856	239424.2879	1.0000	0.0000	1.5649	1.7740
14lh01	1	4	0	0	1.0000	0.0000	-1.0000	0.2128	NaN	NaN	NaN	239428.3301	239428.7440	0.0000	1.0000	0.6781	0.8382
14lh01	1	4	0	0	2.0000	0.0000	1.0000	NaN	8.0140	6.7751	14.3965	239430.0182	239430.3205	1.0000	1.0000	1.0696	1.3094
14lh01	1	5	0	0	1.0000	0.0000	1.0000	0.6121	NaN	NaN	NaN	239433.9269	239434.2811	0.0000	0.0000	1.2370	1.3814
14lh01	1	5	0	0	2.0000	0.0000	-1.0000	NaN	4.5433	-2.9919	15.5144	239436.0965	239436.3996	0.0000	1.0000	1.2305	1.4547
14lh01	1	6	0	0	1.0000	0.0000	1.0000	0.3089	NaN	NaN	NaN	239440.2917	239440.6477	0.0000	0.0000	1.4943	1.6548
14lh01	1	6	0	0	2.0000	0.0000	1.0000	NaN	1.2676	3.2849	15.3074	239442.7371	239443.0394	1.0000	1.0000	1.1338	1.3743
14lh01	1	7	0	0	1.0000	0.0000	1.0000	0.9113	NaN	NaN	NaN	239446.7000	239447.0525	0.0000	0.0000	0.9455	1.1048
14lh01	1	7	0	0	2.0000	0.0000	-1.0000	NaN	6.5666	-7.2466	14.7426	239448.5920	239448.8943	0.0000	1.0000	1.6945	1.8555
14lh01	1	8	0	0	1.0000	0.0000	-1.0000	0.2818	NaN	NaN	NaN	239452.8599	239453.2135	0.0000	1.0000	1.0553	1.1845
14lh01	1	8	0	0	2.0000	0.0000	-1.0000	NaN	3.8253	-2.5265	14.9327	239454.8340	239455.1362	1.0000	0.0000	1.4526	1.6780
14lh01	1	9	0	0	1.0000	0.0000	-1.0000	0.4244	NaN	NaN	NaN	239458.8511	239459.2020	0.0000	1.0000	0.6353	0.8286
14lh01	1	9	0	0	2.0000	0.0000	-1.0000	NaN	3.6762	-2.1940	15.8932	239460.4666	239460.7687	1.0000	0.0000	1.0364	1.3087
14lh01	1	10	0	0	1.0000	0.0000	1.0000	0.4852	NaN	NaN	NaN	239464.5117	239464.8671	0.0000	0.0000	1.2110	1.3394
14lh01	1	10	0	0	2.0000	0.0000	1.0000	NaN	9.8115	10.9746	15.1291	239466.6413	239466.9435	1.0000	1.0000	0.8142	0.9590
14lh01	1	11	0	0	1.0000	0.0000	1.0000	0.7399	NaN	NaN	NaN	239470.3379	239470.7581	1.0000	1.0000	0.6637	0.8240
14lh01	1	11	0	0	2.0000	0.0000	-1.0000	NaN	5.0814	-6.7341	15.4370	239472.0273	239472.3345	1.0000	0.0000	1.2144	1.5037
14lh01	1	12	0	0	1.0000	0.0000	1.0000	0.3508	NaN	NaN	NaN	239476.0812	239476.4701	1.0000	1.0000	1.1587	1.3204
14lh01	1	12	0	0	2.0000	0.0000	-1.0000	NaN	1.3344	-2.5663	15.7453	239478.2251	239478.5274	0.0000	1.0000	1.0858	1.2783
14lh01	1	13	0	0	1.0000	0.0000	1.0000	0.1574	NaN	NaN	NaN	239482.2504	239482.6009	0.0000	0.0000	1.2839	1.4933
14lh01	1	13	0	0	2.0000	0.0000	1.0000	NaN	7.2238	9.3104	15.0041	239484.5292	239484.8316	1.0000	1.0000	0.9898	1.2778
14lh01	1	14	0	0	1.0000	0.0000	-1.0000	0.2531	NaN	NaN	NaN	239488.2199	239488.5723	0.0000	1.0000	0.8816	1.0583
14lh01	1	14	0	0	2.0000	0.0000	-1.0000	NaN	1.8439	-0.1014	15.5870	239490.0658	239490.3680	0.0000	1.0000	0.9732	1.1665
14lh01	1	15	0	0	1.0000	0.0000	-1.0000	0.5652	NaN	NaN	NaN	239493.5542	239493.9115	0.0000	1.0000	0.6454	0.8065
14lh01	1	15	0	0	2.0000	0.0000	-1.0000	NaN	3.1465	-4.7279	15.8051	239495.1524	239495.4546	0.0000	1.0000	0.7990	0.9749
14lh01	1	16	0	0	1.0000	0.0000	1.0000	0.6604	NaN	NaN	NaN	239498.6991	239499.0500	1.0000	1.0000	0.8508	1.0119
14lh01	1	16	0	0	2.0000	0.0000	1.0000	NaN	0.8159	0.0202	14.5978	239500.4992	239500.8014	0.0000	0.0000	1.5320	1.6771
14lh01	1	17	0	0	1.0000	0.0000	-1.0000	0.3186	NaN	NaN	NaN	239504.7206	239505.0777	0.0000	1.0000	0.7437	0.8560
14lh01	1	17	0	0	2.0000	0.0000	1.0000	NaN	8.1567	4.9167	14.7630	239506.3690	239506.6712	0.0000	0.0000	1.4857	1.6628
14lh01	1	18	0	0	1.0000	0.0000	1.0000	0.0302	NaN	NaN	NaN	239510.3503	239510.7014	0.0000	0.0000	1.1679	1.3281
14lh01	1	18	0	0	2.0000	0.0000	1.0000	NaN	3.3231	1.4130	13.4090	239512.4646	239512.7668	0.0000	0.0000	1.3900	1.5669
14lh01	1	19	0	0	1.0000	0.0000	1.0000	0.2477	NaN	NaN	NaN	239516.4688	239516.8893	1.0000	1.0000	1.0915	1.2850
14lh01	1	19	0	0	2.0000	0.0000	1.0000	NaN	7.1323	7.4401	14.4488	239518.6184	239518.9226	1.0000	1.0000	0.9623	1.1240
14lh01	1	20	0	0	1.0000	0.0000	-1.0000	0.1146	NaN	NaN	NaN	239521.7693	239522.1888	0.0000	1.0000	1.2813	1.4258
14lh01	1	20	0	0	2.0000	0.0000	1.0000	NaN	7.0741	8.6423	16.2129	239524.0593	239524.3660	1.0000	1.0000	0.5908	0.7523
14lh01	1	21	0	0	1.0000	0.0000	-1.0000	0.8067	NaN	NaN	NaN	239527.0656	239527.4760	0.0000	1.0000	0.7455	0.8735
14lh01	1	21	0	0	2.0000	0.0000	-1.0000	NaN	11.2079	-11.3083	13.2426	239528.7927	239529.0991	0.0000	1.0000	0.6097	0.7545
14lh01	1	22	0	0	1.0000	0.0000	1.0000	0.2126	NaN	NaN	NaN	239532.0008	239532.4216	0.0000	0.0000	1.0792	1.2400
14lh01	1	22	0	0	2.0000	0.0000	1.0000	NaN	9.0152	10.9059	16.0904	239534.1043	239534.4086	1.0000	1.0000	0.5976	0.8212
14lh01	1	23	0	0	1.0000	0.0000	1.0000	0.6058	NaN	NaN	NaN	239537.4424	239537.8543	1.0000	1.0000	0.7198	0.8632
14lh01	1	23	0	0	2.0000	0.0000	1.0000	NaN	11.4923	13.6717	15.1682	239539.1653	239539.4693	1.0000	1.0000	0.7200	0.9130
14lh01	1	24	0	0	1.0000	0.0000	-1.0000	0.4168	NaN	NaN	NaN	239542.6797	239543.0915	0.0000	1.0000	0.7304	0.8906
14lh01	1	24	0	0	2.0000	0.0000	1.0000	NaN	4.5787	5.9860	16.0997	239544.4253	239544.7317	1.0000	1.0000	0.3703	0.6428
14lh01	1	25	0	0	1.0000	0.0000	-1.0000	0.1056	NaN	NaN	NaN	239547.8996	239548.3079	1.0000	0.0000	1.3529	1.5457
14lh01	1	25	0	0	2.0000	0.0000	1.0000	NaN	3.0968	5.5273	15.0411	239550.2981	239550.6023	1.0000	1.0000	0.7874	0.9963
14lh01	1	26	0	0	1.0000	0.0000	-1.0000	0.3714	NaN	NaN	NaN	239553.7659	239554.1669	0.0000	1.0000	1.0311	1.1757
14lh01	1	26	0	0	2.0000	0.0000	1.0000	NaN	9.9766	11.8102	13.7103	239555.7790	239556.0812	1.0000	1.0000	0.6529	0.8611
14lh01	1	27	0	0	1.0000	0.0000	-1.0000	0.4040	NaN	NaN	NaN	239559.2123	239559.5638	1.0000	0.0000	1.1063	1.2339
14lh01	1	27	0	0	2.0000	0.0000	1.0000	NaN	3.7526	2.6696	14.1391	239561.2325	239561.5347	1.0000	1.0000	0.7821	0.9921
14lh01	1	28	0	0	1.0000	0.0000	1.0000	0.1234	NaN	NaN	NaN	239564.6984	239565.1165	1.0000	1.0000	1.0889	1.2017
14lh01	1	28	0	0	2.0000	0.0000	1.0000	NaN	6.8259	6.5793	14.2862	239566.7654	239567.0702	1.0000	1.0000	0.6401	0.8806
14lh01	1	29	0	0	1.0000	0.0000	-1.0000	0.6660	NaN	NaN	NaN	239570.0247	239570.4287	0.0000	1.0000	0.5768	0.7217
14lh01	1	29	0	0	2.0000	0.0000	1.0000	NaN	7.9961	8.8978	14.7420	239571.5854	239571.8876	1.0000	1.0000	0.2698	0.5269
14lh01	1	30	0	0	1.0000	0.0000	1.0000	0.7369	NaN	NaN	NaN	239574.2092	239574.5630	1.0000	1.0000	1.1939	1.4036
14lh01	1	30	0	0	2.0000	0.0000	1.0000	NaN	5.8415	5.8568	15.1347	239576.4023	239576.7045	1.0000	1.0000	0.9244	1.2298
14lh01	1	31	0	0	1.0000	0.0000	-1.0000	0.7546	NaN	NaN	NaN	239579.7789	239580.1293	0.0000	1.0000	0.7004	0.8449
14lh01	1	31	0	0	2.0000	0.0000	-1.0000	NaN	3.7346	-5.3194	14.9279	239581.4102	239581.7124	0.0000	1.0000	0.8451	1.0056
14lh01	1	32	0	0	1.0000	0.0000	1.0000	0.4750	NaN	NaN	NaN	239584.8376	239585.1945	1.0000	1.0000	0.6596	0.8362
14lh01	1	32	0	0	2.0000	0.0000	-1.0000	NaN	5.7591	-8.8751	14.5851	239586.4664	239586.7687	0.0000	1.0000	0.7482	0.8939
14lh01	1	33	0	0	1.0000	0.0000	-1.0000	0.4233	NaN	NaN	NaN	239589.5322	239589.8837	0.0000	1.0000	1.0092	1.1545
14lh01	1	33	0	0	2.0000	0.0000	1.0000	NaN	7.7558	7.9106	15.1474	239591.4726	239591.7763	1.0000	1.0000	0.6691	0.8939
14lh01	1	34	0	0	1.0000	0.0000	1.0000	0.5507	NaN	NaN	NaN	239594.7648	239595.1170	1.0000	1.0000	0.8325	1.0093
14lh01	1	34	0	0	2.0000	0.0000	-1.0000	NaN	6.5983	-6.3090	15.5235	239596.5605	239596.8628	0.0000	1.0000	0.6715	0.8632
14lh01	1	35	0	0	1.0000	0.0000	1.0000	0.7401	NaN	NaN	NaN	239599.7706	239600.1271	1.0000	1.0000	0.7978	0.9755
14lh01	1	35	0	0	2.0000	0.0000	-1.0000	NaN	8.5804	-8.5373	14.0487	239601.5372	239601.8394	0.0000	1.0000	0.5106	0.7031
14lh01	1	36	0	0	1.0000	0.0000	-1.0000	0.8576	NaN	NaN	NaN	239604.3370	239604.6936	0.0000	1.0000	0.6968	0.8728
14lh01	1	36	0	0	2.0000	0.0000	1.0000	NaN	11.3374	11.8486	14.2460	239606.0010	239606.3032	1.0000	1.0000	0.5257	0.7036
14lh01	1	37	0	0	1.0000	0.0000	1.0000	0.1545	NaN	NaN	NaN	239609.2310	239609.6520	0.0000	0.0000	0.8568	1.0024
14lh01	1	37	0	0	2.0000	0.0000	-1.0000	NaN	1.4280	-2.4904	15.4896	239611.0976	239611.4022	0.0000	1.0000	0.5787	0.8042
14lh01	1	38	0	0	1.0000	0.0000	1.0000	0.0793	NaN	NaN	NaN	239614.3474	239614.7679	1.0000	1.0000	0.7824	0.9102
14lh01	1	38	0	0	2.0000	0.0000	1.0000	NaN	1.5981	1.4549	14.7050	239616.1272	239616.4316	1.0000	1.0000	0.9413	1.1180
14lh01	1	39	0	0	1.0000	0.0000	-1.0000	0.4807	NaN	NaN	NaN	239619.2724	239619.6718	1.0000	0.0000	0.7587	0.9023
14lh01	1	39	0	0	2.0000	0.0000	-1.0000	NaN	8.3889	-6.6990	15.8265	239621.0093	239621.3114	0.0000	1.0000	0.4618	0.6712
14lh01	1	40	0	0	1.0000	0.0000	-1.0000	0.4648	NaN	NaN	NaN	239624.3229	239624.6771	0.0000	1.0000	0.9528	1.1603
14lh01	1	40	0	0	2.0000	0.0000	-1.0000	NaN	4.0526	-6.4212	13.2231	239626.2723	239626.5747	0.0000	1.0000	0.7827	0.9427
14lh01	1	41	0	0	1.0000	0.0000	1.0000	0.6217	NaN	NaN	NaN	239629.9621	239630.3121	1.0000	1.0000	0.8225	0.9333
14lh01	1	41	0	0	2.0000	0.0000	1.0000	NaN	4.8914	4.5069	15.1181	239631.6833	239631.9854	0.0000	0.0000	1.2440	1.4372
14lh01	1	42	0	0	1.0000	0.0000	1.0000	0.1497	NaN	NaN	NaN	239635.4595	239635.8099	1.0000	1.0000	1.3076	1.4523
14lh01	1	42	0	0	2.0000	0.0000	-1.0000	NaN	11.6471	-13.3517	16.0403	239637.6980	239638.0002	0.0000	1.0000	0.6061	0.7987
14lh01	1	43	0	0	1.0000	0.0000	-1.0000	0.0310	NaN	NaN	NaN	239640.8435	239641.1948	1.0000	0.0000	0.8506	0.9956
14lh01	1	43	0	0	2.0000	0.0000	1.0000	NaN	6.7344	8.5627	15.4773	239642.6249	239642.9271	1.0000	1.0000	0.5904	0.7513
14lh01	1	44	0	0	1.0000	0.0000	1.0000	0.9243	NaN	NaN	NaN	239645.5413	239645.8928	1.0000	1.0000	1.1921	1.3532
14lh01	1	44	0	0	2.0000	0.0000	1.0000	NaN	7.7879	6.1790	15.4780	239647.6817	239647.9839	1.0000	1.0000	1.2299	1.5022
14lh01	1	45	0	0	1.0000	0.0000	-1.0000	0.0923	NaN	NaN	NaN	239651.4322	239651.7871	1.0000	0.0000	0.8179	0.9629
14lh01	1	45	0	0	2.0000	0.0000	1.0000	NaN	9.8815	9.6074	14.2653	239653.1846	239653.4867	1.0000	1.0000	0.6554	0.9599
14lh01	1	46	0	0	1.0000	0.0000	1.0000	0.7564	NaN	NaN	NaN	239656.3869	239656.7990	0.0000	0.0000	0.7185	0.8797
14lh01	1	46	0	0	2.0000	0.0000	1.0000	NaN	1.1845	3.0579	14.6091	239658.1286	239658.4332	1.0000	1.0000	0.7003	0.9403
14lh01	1	47	0	0	1.0000	0.0000	1.0000	0.0044	NaN	NaN	NaN	239661.4868	239661.8988	0.0000	0.0000	1.0901	1.2198
14lh01	1	47	0	0	2.0000	0.0000	1.0000	NaN	9.2989	7.2800	15.7818	239663.5618	239663.8663	1.0000	1.0000	0.8027	1.1400
14lh01	1	48	0	0	1.0000	0.0000	-1.0000	0.2279	NaN	NaN	NaN	239667.0264	239667.4433	1.0000	0.0000	0.9222	1.0820
14lh01	1	48	0	0	2.0000	0.0000	1.0000	NaN	10.6381	11.5246	13.6623	239668.9698	239669.2759	1.0000	1.0000	0.6093	0.8030
14lh01	1	49	0	0	1.0000	0.0000	1.0000	0.5577	NaN	NaN	NaN	239672.3669	239672.7693	0.0000	0.0000	0.6036	0.7655
14lh01	1	49	0	0	2.0000	0.0000	-1.0000	NaN	2.4929	-3.4869	14.4410	239673.9697	239674.2724	0.0000	1.0000	0.6050	0.7651
14lh01	1	50	0	0	1.0000	0.0000	1.0000	0.3969	NaN	NaN	NaN	239677.2481	239677.6025	1.0000	1.0000	0.8585	1.0193
14lh01	1	50	0	0	2.0000	0.0000	1.0000	NaN	11.7966	11.7428	14.8752	239679.0565	239679.3587	1.0000	1.0000	0.6062	0.8315
14lh01	2	1	0	0	1.0000	0.0000	-1.0000	0.9349	NaN	NaN	NaN	239685.5764	239685.9291	0.0000	1.0000	0.5162	0.7406
14lh01	2	1	0	0	2.0000	0.0000	1.0000	NaN	2.0060	2.2462	15.7318	239687.1058	239687.4080	1.0000	1.0000	1.0209	1.1973
14lh01	2	2	0	0	1.0000	0.0000	1.0000	0.5195	NaN	NaN	NaN	239690.9749	239691.3256	1.0000	1.0000	0.5602	0.7044
14lh01	2	2	0	0	2.0000	0.0000	1.0000	NaN	6.2536	4.5279	15.0908	239692.4643	239692.7665	1.0000	1.0000	0.6385	0.8483
14lh01	2	3	0	0	1.0000	0.0000	1.0000	0.6771	NaN	NaN	NaN	239695.6345	239695.9890	1.0000	1.0000	1.1280	1.2567
14lh01	2	3	0	0	2.0000	0.0000	-1.0000	NaN	6.0057	-6.3530	15.0985	239697.6805	239697.9827	0.0000	1.0000	0.6234	0.8318
14lh01	2	4	0	0	1.0000	0.0000	-1.0000	0.3225	NaN	NaN	NaN	239701.1340	239701.5301	0.0000	1.0000	1.1403	1.2686
14lh01	2	4	0	0	2.0000	0.0000	1.0000	NaN	11.4196	11.2633	14.9822	239703.2431	239703.5476	1.0000	1.0000	0.5778	0.7700
14lh01	2	5	0	0	1.0000	0.0000	1.0000	0.5062	NaN	NaN	NaN	239706.3429	239706.7637	1.0000	1.0000	1.0740	1.2183
14lh01	2	5	0	0	2.0000	0.0000	1.0000	NaN	4.2087	2.5451	15.7873	239708.4165	239708.7197	1.0000	1.0000	0.8292	1.0228
14lh01	2	6	0	0	1.0000	0.0000	-1.0000	0.1698	NaN	NaN	NaN	239711.5371	239711.8895	0.0000	1.0000	1.5647	1.6767
14lh01	2	6	0	0	2.0000	0.0000	1.0000	NaN	5.0746	5.7888	14.7073	239714.0011	239714.3038	0.0000	0.0000	0.9587	1.1189
14lh01	2	7	0	0	1.0000	0.0000	-1.0000	0.2469	NaN	NaN	NaN	239717.2850	239717.6393	1.0000	0.0000	1.1897	1.3505
14lh01	2	7	0	0	2.0000	0.0000	1.0000	NaN	9.6008	9.0839	15.0677	239719.4238	239719.7261	1.0000	1.0000	0.7516	0.9123
14lh01	2	8	0	0	1.0000	0.0000	1.0000	0.4311	NaN	NaN	NaN	239722.5249	239722.8767	1.0000	1.0000	1.3923	1.5856
14lh01	2	8	0	0	2.0000	0.0000	1.0000	NaN	5.1887	4.9858	15.2335	239724.8969	239725.1992	1.0000	1.0000	0.9265	1.1031
14lh01	2	9	0	0	1.0000	0.0000	1.0000	0.8605	NaN	NaN	NaN	239728.4968	239728.8540	1.0000	1.0000	0.9361	1.0965
14lh01	2	9	0	0	2.0000	0.0000	-1.0000	NaN	1.5238	-2.0195	15.0594	239730.3865	239730.6887	1.0000	0.0000	0.8769	1.0857
14lh01	2	10	0	0	1.0000	0.0000	-1.0000	0.2385	NaN	NaN	NaN	239733.8115	239734.1663	0.0000	1.0000	1.3204	1.4484
14lh01	2	10	0	0	2.0000	0.0000	1.0000	NaN	7.3925	6.4336	16.7075	239736.0495	239736.3526	1.0000	1.0000	1.3095	1.4860
14lh01	2	11	0	0	1.0000	0.0000	1.0000	0.3960	NaN	NaN	NaN	239740.0333	239740.3868	1.0000	1.0000	0.8907	1.0198
14lh01	2	11	0	0	2.0000	0.0000	1.0000	NaN	7.8823	7.3016	15.6112	239741.8427	239742.1450	1.0000	1.0000	0.9254	1.0698
14lh01	2	12	0	0	1.0000	0.0000	-1.0000	0.4377	NaN	NaN	NaN	239745.3093	239745.6660	0.0000	1.0000	0.5710	0.7320
14lh01	2	12	0	0	2.0000	0.0000	1.0000	NaN	11.7797	11.9268	16.6114	239746.8321	239747.1354	1.0000	1.0000	0.6856	0.8948
14lh01	2	13	0	0	1.0000	0.0000	-1.0000	0.7772	NaN	NaN	NaN	239750.1774	239750.5824	0.0000	1.0000	0.6465	0.7602
14lh01	2	13	0	0	2.0000	0.0000	-1.0000	NaN	9.8106	-9.0506	15.8821	239751.7771	239752.0793	0.0000	1.0000	0.6537	0.8468
14lh01	2	14	0	0	1.0000	0.0000	1.0000	0.5794	NaN	NaN	NaN	239755.2958	239755.6529	1.0000	1.0000	0.6801	0.8092
14lh01	2	14	0	0	2.0000	0.0000	-1.0000	NaN	7.4120	-7.2799	15.4916	239756.8966	239757.1991	0.0000	1.0000	0.6070	0.7833
14lh01	2	15	0	0	1.0000	0.0000	1.0000	0.8321	NaN	NaN	NaN	239760.0274	239760.3817	1.0000	1.0000	0.6397	0.7681
14lh01	2	15	0	0	2.0000	0.0000	-1.0000	NaN	6.6019	-6.3978	14.8632	239761.5856	239761.8878	0.0000	1.0000	0.3184	0.4785
14lh01	2	16	0	0	1.0000	0.0000	1.0000	0.4280	NaN	NaN	NaN	239764.7610	239765.1149	1.0000	1.0000	0.6581	0.8034
14lh01	2	16	0	0	2.0000	0.0000	-1.0000	NaN	1.0059	-2.7838	15.9890	239766.3528	239766.6551	0.0000	1.0000	0.6709	0.8311
14lh01	2	17	0	0	1.0000	0.0000	-1.0000	0.8677	NaN	NaN	NaN	239769.4307	239769.7854	0.0000	1.0000	0.6605	0.8214
14lh01	2	17	0	0	2.0000	0.0000	1.0000	NaN	1.8285	0.3523	14.6900	239771.0418	239771.3440	1.0000	1.0000	1.1338	1.3266
14lh01	2	18	0	0	1.0000	0.0000	1.0000	0.6007	NaN	NaN	NaN	239775.1903	239775.5413	1.0000	1.0000	0.6644	0.8245
14lh01	2	18	0	0	2.0000	0.0000	-1.0000	NaN	1.1705	-2.1896	14.4640	239776.8017	239777.1039	0.0000	1.0000	1.1971	1.3583
14lh01	2	19	0	0	1.0000	0.0000	-1.0000	0.4007	NaN	NaN	NaN	239780.3067	239780.6643	0.0000	1.0000	0.7088	0.8375
14lh01	2	19	0	0	2.0000	0.0000	1.0000	NaN	10.9888	11.0851	14.2615	239781.9364	239782.2387	1.0000	1.0000	0.5598	0.7517
14lh01	2	20	0	0	1.0000	0.0000	-1.0000	0.6227	NaN	NaN	NaN	239785.2600	239785.6138	0.0000	1.0000	0.6080	0.6878
14lh01	2	20	0	0	2.0000	0.0000	1.0000	NaN	2.0542	1.0172	13.7767	239786.7363	239787.0385	1.0000	1.0000	1.0399	1.2005
14lh01	2	21	0	0	1.0000	0.0000	1.0000	0.9083	NaN	NaN	NaN	239790.5335	239790.8857	1.0000	1.0000	0.7124	0.8568
14lh01	2	21	0	0	2.0000	0.0000	1.0000	NaN	6.9025	5.9853	14.3493	239792.1770	239792.4792	1.0000	1.0000	0.8308	1.0237
14lh01	2	22	0	0	1.0000	0.0000	1.0000	0.2254	NaN	NaN	NaN	239795.7247	239796.1404	1.0000	1.0000	0.6893	0.8180
14lh01	2	22	0	0	2.0000	0.0000	-1.0000	NaN	5.5062	-4.3220	15.6201	239797.4022	239797.7061	0.0000	1.0000	0.8196	0.9640
14lh01	2	23	0	0	1.0000	0.0000	-1.0000	0.6423	NaN	NaN	NaN	239800.3931	239800.8134	0.0000	1.0000	0.6876	0.8489
14lh01	2	23	0	0	2.0000	0.0000	1.0000	NaN	3.4688	4.4638	15.4191	239802.0975	239802.3997	1.0000	1.0000	0.5573	0.7511
14lh01	2	24	0	0	1.0000	0.0000	-1.0000	0.8316	NaN	NaN	NaN	239805.3953	239805.7504	0.0000	1.0000	0.5357	0.6965
14lh01	2	24	0	0	2.0000	0.0000	1.0000	NaN	6.2166	7.9878	13.8454	239806.8829	239807.1851	1.0000	1.0000	0.5092	0.7493
14lh01	2	25	0	0	1.0000	0.0000	-1.0000	0.7832	NaN	NaN	NaN	239809.7791	239810.1334	0.0000	1.0000	0.4556	0.6164
14lh01	2	25	0	0	2.0000	0.0000	1.0000	NaN	11.7920	11.8253	15.0348	239811.1846	239811.4868	1.0000	1.0000	0.5583	0.7829
14lh01	2	26	0	0	1.0000	0.0000	1.0000	0.0359	NaN	NaN	NaN	239814.1392	239814.4959	0.0000	0.0000	0.4618	0.6070
14lh01	2	26	0	0	2.0000	0.0000	-1.0000	NaN	10.6220	-10.2424	14.9215	239815.5388	239815.8410	0.0000	1.0000	0.4760	0.6693
14lh01	2	27	0	0	1.0000	0.0000	1.0000	0.1743	NaN	NaN	NaN	239818.6009	239818.9529	1.0000	1.0000	0.5978	0.7261
14lh01	2	27	0	0	2.0000	0.0000	-1.0000	NaN	4.4218	-3.3581	15.3539	239820.1142	239820.4164	0.0000	1.0000	0.6206	0.7661
14lh01	2	28	0	0	1.0000	0.0000	-1.0000	0.4825	NaN	NaN	NaN	239823.5021	239823.8525	0.0000	1.0000	0.4495	0.5620
14lh01	2	28	0	0	2.0000	0.0000	1.0000	NaN	1.0262	0.5871	13.9513	239824.8516	239825.1538	1.0000	1.0000	0.9392	1.0681
14lh01	2	29	0	0	1.0000	0.0000	-1.0000	0.7610	NaN	NaN	NaN	239828.3415	239828.6949	0.0000	1.0000	0.3267	0.4555
14lh01	2	29	0	0	2.0000	0.0000	-1.0000	NaN	0.3506	-0.2244	14.3018	239829.5886	239829.8908	1.0000	0.0000	0.7953	1.0201
14lh01	2	30	0	0	1.0000	0.0000	1.0000	0.6824	NaN	NaN	NaN	239833.0468	239833.4002	1.0000	1.0000	0.5980	0.7584
14lh01	2	30	0	0	2.0000	0.0000	-1.0000	NaN	11.6238	-12.7034	14.5683	239834.5927	239834.8952	0.0000	1.0000	0.4458	0.6237
14lh01	2	31	0	0	1.0000	0.0000	-1.0000	0.2279	NaN	NaN	NaN	239837.6385	239837.9948	0.0000	1.0000	0.5947	0.7555
14lh01	2	31	0	0	2.0000	0.0000	-1.0000	NaN	1.4798	-1.4420	13.8861	239839.1850	239839.4871	1.0000	0.0000	0.6699	0.8466
14lh01	2	32	0	0	1.0000	0.0000	1.0000	0.4284	NaN	NaN	NaN	239842.2980	239842.7099	1.0000	1.0000	0.5831	0.7284
14lh01	2	32	0	0	2.0000	0.0000	1.0000	NaN	6.5641	5.3328	13.3682	239843.8836	239844.1879	0.0000	0.0000	0.8502	0.9788
14lh01	2	33	0	0	1.0000	0.0000	1.0000	0.0146	NaN	NaN	NaN	239847.5109	239847.9229	0.0000	0.0000	1.3221	1.4359
14lh01	2	33	0	0	2.0000	0.0000	-1.0000	NaN	0.5163	-1.6170	12.5645	239849.8025	239850.1071	0.0000	1.0000	0.5787	0.7556
14lh01	2	34	0	0	1.0000	0.0000	-1.0000	0.8828	NaN	NaN	NaN	239852.7520	239853.1492	0.0000	1.0000	0.7359	0.9128
14lh01	2	34	0	0	2.0000	0.0000	-1.0000	NaN	4.1998	-5.3539	14.7180	239854.4978	239854.8000	0.0000	1.0000	0.5423	0.7177
14lh01	2	35	0	0	1.0000	0.0000	1.0000	0.0064	NaN	NaN	NaN	239857.7636	239858.1157	1.0000	1.0000	0.6661	0.7939
14lh01	2	35	0	0	2.0000	0.0000	1.0000	NaN	7.2260	6.5985	14.5705	239859.3444	239859.6466	1.0000	1.0000	0.5424	0.7034
14lh01	2	36	0	0	1.0000	0.0000	-1.0000	0.1418	NaN	NaN	NaN	239862.2195	239862.5769	1.0000	0.0000	0.8446	0.9728
14lh01	2	36	0	0	2.0000	0.0000	1.0000	NaN	3.0901	4.9713	15.0249	239863.9852	239864.2875	0.0000	0.0000	0.2867	0.4310
14lh01	2	37	0	0	1.0000	0.0000	-1.0000	0.4876	NaN	NaN	NaN	239867.0338	239867.3835	0.0000	1.0000	0.6781	0.8070
14lh01	2	37	0	0	2.0000	0.0000	-1.0000	NaN	4.8217	-5.2794	15.4761	239868.6253	239868.9284	0.0000	1.0000	0.5566	0.7339
14lh01	2	38	0	0	1.0000	0.0000	-1.0000	0.6852	NaN	NaN	NaN	239871.8319	239872.1834	0.0000	1.0000	0.5502	0.6944
14lh01	2	38	0	0	2.0000	0.0000	-1.0000	NaN	1.2811	-1.7243	14.9735	239873.3136	239873.6158	0.0000	1.0000	0.5099	0.6867
14lh01	2	39	0	0	1.0000	0.0000	-1.0000	0.8610	NaN	NaN	NaN	239876.7470	239877.0981	0.0000	1.0000	0.5316	0.6595
14lh01	2	39	0	0	2.0000	0.0000	1.0000	NaN	10.5558	9.6483	14.7571	239878.1924	239878.4956	1.0000	1.0000	0.4621	0.6061
14lh01	2	40	0	0	1.0000	0.0000	-1.0000	0.6214	NaN	NaN	NaN	239881.4964	239881.8478	0.0000	1.0000	0.5335	0.6624
14lh01	2	40	0	0	2.0000	0.0000	1.0000	NaN	8.2706	9.4459	14.7751	239882.9455	239883.2477	1.0000	1.0000	0.5266	0.6859
14lh01	2	41	0	0	1.0000	0.0000	1.0000	0.3012	NaN	NaN	NaN	239885.9031	239886.2588	1.0000	1.0000	0.6342	0.7635
14lh01	2	41	0	0	2.0000	0.0000	1.0000	NaN	11.4027	11.0087	16.4064	239887.4570	239887.7596	1.0000	1.0000	0.4937	0.6552
14lh01	2	42	0	0	1.0000	0.0000	-1.0000	0.8104	NaN	NaN	NaN	239890.3594	239890.7708	0.0000	1.0000	0.6502	0.8274
14lh01	2	42	0	0	2.0000	0.0000	1.0000	NaN	7.4647	6.5919	11.7430	239892.0335	239892.3358	1.0000	1.0000	0.4933	0.6704
14lh01	2	43	0	0	1.0000	0.0000	1.0000	0.1850	NaN	NaN	NaN	239895.1261	239895.4805	1.0000	1.0000	0.5805	0.7098
14lh01	2	43	0	0	2.0000	0.0000	1.0000	NaN	2.7111	3.1999	14.0496	239896.6251	239896.9280	1.0000	1.0000	0.5423	0.7029
14lh01	2	44	0	0	1.0000	0.0000	-1.0000	0.5394	NaN	NaN	NaN	239899.7009	239900.0513	0.0000	1.0000	0.5218	0.6029
14lh01	2	44	0	0	2.0000	0.0000	1.0000	NaN	0.9103	1.9163	13.3902	239901.0891	239901.3913	0.0000	0.0000	0.7510	0.8795
14lh01	2	45	0	0	1.0000	0.0000	-1.0000	0.2230	NaN	NaN	NaN	239904.1577	239904.5122	0.0000	1.0000	0.6536	0.7507
14lh01	2	45	0	0	2.0000	0.0000	-1.0000	NaN	4.2379	-2.3026	14.4781	239905.6968	239905.9989	1.0000	0.0000	0.8794	0.9594
14lh01	2	46	0	0	1.0000	0.0000	-1.0000	0.3341	NaN	NaN	NaN	239909.1230	239909.4785	0.0000	1.0000	0.7270	0.8397
14lh01	2	46	0	0	2.0000	0.0000	-1.0000	NaN	9.9699	-10.8499	15.6582	239910.7532	239911.0553	0.0000	1.0000	0.5268	0.7035
14lh01	2	47	0	0	1.0000	0.0000	-1.0000	0.0916	NaN	NaN	NaN	239913.9534	239914.3074	0.0000	1.0000	0.9057	1.0350
14lh01	2	47	0	0	2.0000	0.0000	-1.0000	NaN	1.5837	-1.6021	15.8789	239915.7782	239916.0803	1.0000	0.0000	1.0220	1.1503
14lh01	2	48	0	0	1.0000	0.0000	-1.0000	0.6167	NaN	NaN	NaN	239919.5157	239919.8672	0.0000	1.0000	0.5790	0.6911
14lh01	2	48	0	0	2.0000	0.0000	1.0000	NaN	8.7807	5.3195	16.0012	239920.9944	239921.2965	1.0000	1.0000	0.5580	0.7012
14lh01	2	49	0	0	1.0000	0.0000	1.0000	0.5222	NaN	NaN	NaN	239924.4423	239924.7958	1.0000	1.0000	1.0573	1.2032
14lh01	2	49	0	0	2.0000	0.0000	-1.0000	NaN	11.0063	-11.3381	15.3770	239926.4345	239926.7366	0.0000	1.0000	0.6216	0.7972
14lh01	2	50	0	0	1.0000	0.0000	1.0000	0.5114	NaN	NaN	NaN	239929.5785	239929.9288	1.0000	1.0000	1.2537	1.3976
14lh01	2	50	0	0	2.0000	0.0000	1.0000	NaN	11.9536	11.9579	14.5640	239931.7608	239932.0629	1.0000	1.0000	0.5268	0.7035
14lh01	3	1	0	0	1.0000	0.0000	1.0000	0.8253	NaN	NaN	NaN	239940.3480	239940.7564	1.0000	1.0000	0.7137	0.8421
14lh01	3	1	0	0	2.0000	0.0000	-1.0000	NaN	1.0132	-1.7688	15.8990	239942.0343	239942.3365	1.0000	0.0000	1.1495	1.3419
14lh01	3	2	0	0	1.0000	0.0000	1.0000	0.6357	NaN	NaN	NaN	239945.8442	239946.1947	1.0000	1.0000	1.0038	1.0997
14lh01	3	2	0	0	2.0000	0.0000	1.0000	NaN	2.2852	2.7799	15.5075	239947.7292	239948.0314	0.0000	0.0000	0.5576	0.7189
14lh01	3	3	0	0	1.0000	0.0000	-1.0000	0.4645	NaN	NaN	NaN	239951.1849	239951.5390	0.0000	1.0000	0.7314	0.8269
14lh01	3	3	0	0	2.0000	0.0000	1.0000	NaN	7.4887	7.2008	14.4436	239952.8006	239953.1028	1.0000	1.0000	0.6383	0.7988
14lh01	3	4	0	0	1.0000	0.0000	-1.0000	0.4181	NaN	NaN	NaN	239955.8213	239956.1764	0.0000	1.0000	0.5414	0.6705
14lh01	3	4	0	0	2.0000	0.0000	1.0000	NaN	6.3257	5.0132	13.6661	239957.2823	239957.5845	1.0000	1.0000	0.2525	0.4139
14lh01	3	5	0	0	1.0000	0.0000	-1.0000	0.7193	NaN	NaN	NaN	239959.7929	239960.1440	0.0000	1.0000	0.5738	0.7338
14lh01	3	5	0	0	2.0000	0.0000	1.0000	NaN	9.0447	9.8625	15.0617	239961.3120	239961.6142	1.0000	1.0000	0.3041	0.4966
14lh01	3	6	0	0	1.0000	0.0000	1.0000	0.2416	NaN	NaN	NaN	239964.3557	239964.7093	1.0000	1.0000	1.0163	1.1133
14lh01	3	6	0	0	2.0000	0.0000	1.0000	NaN	9.7714	9.3067	15.3415	239966.2585	239966.5607	1.0000	1.0000	0.6684	0.8298
14lh01	3	7	0	0	1.0000	0.0000	-1.0000	0.0566	NaN	NaN	NaN	239969.6600	239970.0120	0.0000	1.0000	0.6097	0.7219
14lh01	3	7	0	0	2.0000	0.0000	1.0000	NaN	8.1837	9.0087	15.0917	239971.1685	239971.4708	1.0000	1.0000	0.6071	0.7836
14lh01	3	8	0	0	1.0000	0.0000	1.0000	0.7652	NaN	NaN	NaN	239974.2489	239974.6047	1.0000	1.0000	0.8972	1.0092
14lh01	3	8	0	0	2.0000	0.0000	1.0000	NaN	6.9207	8.5139	15.8197	239976.0493	239976.3515	1.0000	1.0000	0.7188	0.8471
14lh01	3	9	0	0	1.0000	0.0000	1.0000	0.6757	NaN	NaN	NaN	239979.0682	239979.4251	1.0000	1.0000	1.0680	1.2444
14lh01	3	9	0	0	2.0000	0.0000	-1.0000	NaN	2.6610	-1.4291	14.3902	239981.1046	239981.4073	0.0000	1.0000	0.7024	0.8145
14lh01	3	10	0	0	1.0000	0.0000	-1.0000	0.0679	NaN	NaN	NaN	239984.2197	239984.6311	0.0000	1.0000	0.6948	0.8396
14lh01	3	10	0	0	2.0000	0.0000	-1.0000	NaN	6.2598	-7.5329	14.9626	239985.9052	239986.2074	0.0000	1.0000	0.5899	0.7835
14lh01	3	11	0	0	1.0000	0.0000	-1.0000	0.0113	NaN	NaN	NaN	239988.9856	239989.3414	0.0000	1.0000	0.9437	1.0250
14lh01	3	11	0	0	2.0000	0.0000	1.0000	NaN	4.0455	3.7550	14.4589	239990.8011	239991.1032	1.0000	1.0000	0.5424	0.7027
14lh01	3	12	0	0	1.0000	0.0000	-1.0000	0.7075	NaN	NaN	NaN	239993.8755	239994.2257	0.0000	1.0000	0.7320	0.8611
14lh01	3	12	0	0	2.0000	0.0000	1.0000	NaN	2.2675	3.1692	14.7067	239995.5224	239995.8246	1.0000	1.0000	0.6210	0.7654
14lh01	3	13	0	0	1.0000	0.0000	1.0000	0.7199	NaN	NaN	NaN	239998.7346	239999.0907	1.0000	1.0000	0.7156	0.8282
14lh01	3	13	0	0	2.0000	0.0000	-1.0000	NaN	8.9176	-8.5566	14.9779	240000.3536	240000.6562	0.0000	1.0000	0.4459	0.5746
14lh01	3	14	0	0	1.0000	0.0000	-1.0000	0.4654	NaN	NaN	NaN	240003.3756	240003.7269	0.0000	1.0000	1.3262	1.4232
14lh01	3	14	0	0	2.0000	0.0000	1.0000	NaN	2.0151	1.5024	15.3893	240005.5848	240005.8877	1.0000	1.0000	0.6854	0.7829
14lh01	3	15	0	0	1.0000	0.0000	1.0000	0.7554	NaN	NaN	NaN	240008.8151	240009.1695	1.0000	1.0000	0.6531	0.7005
14lh01	3	15	0	0	2.0000	0.0000	1.0000	NaN	2.2425	2.1437	15.5386	240010.3049	240010.6071	1.0000	1.0000	0.7673	0.8951
14lh01	3	16	0	0	1.0000	0.0000	1.0000	0.3757	NaN	NaN	NaN	240013.9481	240014.3025	1.0000	1.0000	0.6720	0.7523
14lh01	3	16	0	0	2.0000	0.0000	-1.0000	NaN	4.4092	-4.9210	16.8045	240015.4900	240015.7922	0.0000	1.0000	0.4142	0.5101
14lh01	3	17	0	0	1.0000	0.0000	-1.0000	0.5686	NaN	NaN	NaN	240018.5980	240018.9523	0.0000	1.0000	0.6448	0.7582
14lh01	3	17	0	0	2.0000	0.0000	-1.0000	NaN	5.6511	-8.1875	14.6960	240020.1461	240020.4483	0.0000	1.0000	0.5088	0.6545
14lh01	3	18	0	0	1.0000	0.0000	1.0000	0.1879	NaN	NaN	NaN	240022.9475	240023.3022	1.0000	1.0000	0.6635	0.7927
14lh01	3	18	0	0	2.0000	0.0000	-1.0000	NaN	0.3665	-0.7366	14.7433	240024.5302	240024.8325	0.0000	1.0000	0.6526	0.7983
14lh01	3	19	0	0	1.0000	0.0000	-1.0000	0.4017	NaN	NaN	NaN	240027.9254	240028.2757	0.0000	1.0000	0.6505	0.6989
14lh01	3	19	0	0	2.0000	0.0000	-1.0000	NaN	6.5745	-6.2071	14.9612	240029.4094	240029.7117	0.0000	1.0000	0.5264	0.6866
14lh01	3	20	0	0	1.0000	0.0000	-1.0000	0.4474	NaN	NaN	NaN	240032.5707	240032.9799	0.0000	1.0000	0.5853	0.7310
14lh01	3	20	0	0	2.0000	0.0000	-1.0000	NaN	2.7659	-2.8220	14.5567	240034.1575	240034.4616	0.0000	1.0000	0.8475	0.9608
14lh01	3	21	0	0	1.0000	0.0000	-1.0000	0.9118	NaN	NaN	NaN	240037.8227	240038.2437	0.0000	1.0000	0.3626	0.5066
14lh01	3	21	0	0	2.0000	0.0000	-1.0000	NaN	4.0846	-4.4106	13.1481	240039.1940	240039.4987	1.0000	0.0000	0.7071	0.8358
14lh01	3	22	0	0	1.0000	0.0000	-1.0000	0.1814	NaN	NaN	NaN	240042.6264	240043.0467	0.0000	1.0000	1.1432	1.2402
14lh01	3	22	0	0	2.0000	0.0000	1.0000	NaN	5.1390	4.0106	13.9722	240044.7316	240045.0385	0.0000	0.0000	0.5111	0.6247
14lh01	3	23	0	0	1.0000	0.0000	-1.0000	0.3538	NaN	NaN	NaN	240047.7057	240048.1248	0.0000	1.0000	0.5128	0.6582
14lh01	3	23	0	0	2.0000	0.0000	1.0000	NaN	2.3774	2.4764	13.8301	240049.2261	240049.5305	1.0000	1.0000	0.4359	0.5480
14lh01	3	24	0	0	1.0000	0.0000	-1.0000	0.5195	NaN	NaN	NaN	240052.0010	240052.4128	0.0000	1.0000	0.5449	0.6738
14lh01	3	24	0	0	2.0000	0.0000	1.0000	NaN	11.4901	10.3122	14.4440	240053.5215	240053.8236	1.0000	1.0000	0.4781	0.6070
14lh01	3	25	0	0	1.0000	0.0000	-1.0000	0.4205	NaN	NaN	NaN	240056.7001	240057.0545	0.0000	1.0000	0.6227	0.7514
14lh01	3	25	0	0	2.0000	0.0000	-1.0000	NaN	1.2798	-0.7974	15.2737	240058.2400	240058.5420	0.0000	1.0000	0.6559	0.7840
14lh01	3	26	0	0	1.0000	0.0000	-1.0000	0.2163	NaN	NaN	NaN	240061.4209	240061.7723	0.0000	1.0000	0.3221	0.4340
14lh01	3	26	0	0	2.0000	0.0000	1.0000	NaN	5.2284	6.4547	15.0801	240062.6415	240062.9436	1.0000	1.0000	0.3826	0.5275
14lh01	3	27	0	0	1.0000	0.0000	1.0000	0.4611	NaN	NaN	NaN	240065.4157	240065.7709	1.0000	1.0000	0.4835	0.5637
14lh01	3	27	0	0	2.0000	0.0000	-1.0000	NaN	9.6034	-10.9605	15.0406	240066.7706	240067.0727	0.0000	1.0000	0.6849	0.7502
14lh01	3	28	0	0	1.0000	0.0000	-1.0000	0.0654	NaN	NaN	NaN	240070.0425	240070.3937	1.0000	0.0000	0.6607	0.7733
14lh01	3	28	0	0	2.0000	0.0000	-1.0000	NaN	3.8352	-1.3757	14.9972	240071.6031	240071.9052	0.0000	1.0000	0.5412	0.6693
14lh01	3	29	0	0	1.0000	0.0000	1.0000	0.6632	NaN	NaN	NaN	240074.9351	240075.2883	1.0000	1.0000	0.3729	0.5023
14lh01	3	29	0	0	2.0000	0.0000	-1.0000	NaN	7.9983	-7.8549	13.5608	240076.2264	240076.5287	0.0000	1.0000	0.7174	0.8622
14lh01	3	30	0	0	1.0000	0.0000	1.0000	0.0500	NaN	NaN	NaN	240079.4660	240079.8660	1.0000	1.0000	0.6125	0.7088
14lh01	3	30	0	0	2.0000	0.0000	-1.0000	NaN	8.8543	-10.4960	13.9245	240081.0098	240081.3120	0.0000	1.0000	0.6222	0.7188
14lh01	3	31	0	0	1.0000	0.0000	1.0000	0.0574	NaN	NaN	NaN	240084.2513	240084.6045	1.0000	1.0000	0.5459	0.6253
14lh01	3	31	0	0	2.0000	0.0000	1.0000	NaN	4.7911	5.6151	15.1359	240085.6645	240085.9677	1.0000	1.0000	0.7023	0.8472
14lh01	3	32	0	0	1.0000	0.0000	1.0000	0.6649	NaN	NaN	NaN	240089.1345	240089.4876	1.0000	1.0000	0.6382	0.7188
14lh01	3	32	0	0	2.0000	0.0000	-1.0000	NaN	7.6624	-7.2255	14.6211	240090.6422	240090.9443	0.0000	1.0000	0.5568	0.7022
14lh01	3	33	0	0	1.0000	0.0000	-1.0000	0.1383	NaN	NaN	NaN	240093.6411	240093.9921	1.0000	0.0000	0.7571	0.8544
14lh01	3	33	0	0	2.0000	0.0000	1.0000	NaN	1.6328	2.8776	15.7412	240095.2812	240095.5849	0.0000	0.0000	0.5883	0.7020
14lh01	3	34	0	0	1.0000	0.0000	-1.0000	0.8127	NaN	NaN	NaN	240098.6274	240098.9818	0.0000	1.0000	0.7754	0.8732
14lh01	3	34	0	0	2.0000	0.0000	-1.0000	NaN	7.7372	-7.6301	14.9141	240100.2904	240100.5926	0.0000	1.0000	0.6846	0.8451
14lh01	3	35	0	0	1.0000	0.0000	-1.0000	0.8651	NaN	NaN	NaN	240103.6323	240103.9858	0.0000	1.0000	0.5241	0.6048
14lh01	3	35	0	0	2.0000	0.0000	1.0000	NaN	2.1822	1.0828	15.6428	240105.0254	240105.3276	0.0000	0.0000	0.5416	0.6549
14lh01	3	36	0	0	1.0000	0.0000	1.0000	0.3272	NaN	NaN	NaN	240108.1472	240108.5022	1.0000	1.0000	0.4566	0.5529
14lh01	3	36	0	0	2.0000	0.0000	-1.0000	NaN	9.3662	-9.5274	15.7685	240109.4911	240109.7933	0.0000	1.0000	0.5248	0.6205
14lh01	3	37	0	0	1.0000	0.0000	1.0000	0.6938	NaN	NaN	NaN	240112.4599	240112.8143	1.0000	1.0000	0.4320	0.5286
14lh01	3	37	0	0	2.0000	0.0000	1.0000	NaN	5.8633	4.4441	15.7036	240113.7775	240114.0798	0.0000	0.0000	0.9581	1.0541
14lh01	3	38	0	0	1.0000	0.0000	-1.0000	0.3654	NaN	NaN	NaN	240117.4487	240117.8030	0.0000	1.0000	0.8022	0.9000
14lh01	3	38	0	0	2.0000	0.0000	1.0000	NaN	6.9958	6.3936	17.2002	240119.1377	240119.4398	1.0000	1.0000	0.5911	0.7663
14lh01	3	39	0	0	1.0000	0.0000	-1.0000	0.2280	NaN	NaN	NaN	240122.6013	240122.9527	0.0000	1.0000	0.9486	1.0302
14lh01	3	39	0	0	2.0000	0.0000	-1.0000	NaN	5.0072	-5.7694	14.1642	240124.4179	240124.7202	0.0000	1.0000	0.6695	0.8148
14lh01	3	40	0	0	1.0000	0.0000	1.0000	0.3267	NaN	NaN	NaN	240127.6849	240128.0886	1.0000	1.0000	0.4542	0.5505
14lh01	3	40	0	0	2.0000	0.0000	-1.0000	NaN	7.0088	-6.6344	14.3263	240129.0741	240129.3763	0.0000	1.0000	0.5249	0.6383
14lh01	3	41	0	0	1.0000	0.0000	1.0000	0.2774	NaN	NaN	NaN	240132.3841	240132.7355	1.0000	1.0000	0.6857	0.7666
14lh01	3	41	0	0	2.0000	0.0000	-1.0000	NaN	5.1798	-4.1611	17.2471	240133.9368	240134.2390	0.0000	1.0000	0.5112	0.6707
14lh01	3	42	0	0	1.0000	0.0000	1.0000	0.7170	NaN	NaN	NaN	240136.9294	240137.2840	1.0000	1.0000	0.3939	0.4749
14lh01	3	42	0	0	2.0000	0.0000	-1.0000	NaN	3.3123	-4.0550	14.5438	240138.1936	240138.4957	0.0000	1.0000	0.6215	0.7031
14lh01	3	43	0	0	1.0000	0.0000	-1.0000	0.8702	NaN	NaN	NaN	240141.1934	240141.5506	0.0000	1.0000	0.3826	0.4474
14lh01	3	43	0	0	2.0000	0.0000	1.0000	NaN	0.0138	0.3013	13.5991	240142.4347	240142.7370	1.0000	1.0000	0.4769	0.5895
14lh01	3	44	0	0	1.0000	0.0000	-1.0000	0.8772	NaN	NaN	NaN	240145.5209	240145.8730	1.0000	0.0000	0.3003	0.4134
14lh01	3	44	0	0	2.0000	0.0000	1.0000	NaN	5.1625	5.9003	13.0847	240146.7206	240147.0227	1.0000	1.0000	0.5276	0.6722
14lh01	3	45	0	0	1.0000	0.0000	1.0000	0.3703	NaN	NaN	NaN	240149.7862	240150.1363	1.0000	1.0000	0.4061	0.5983
14lh01	3	45	0	0	2.0000	0.0000	-1.0000	NaN	2.9003	-3.3933	13.9708	240151.1693	240151.4714	0.0000	1.0000	0.4627	0.6551
14lh01	3	46	0	0	1.0000	0.0000	-1.0000	0.5043	NaN	NaN	NaN	240154.3215	240154.6727	0.0000	1.0000	0.6206	0.7181
14lh01	3	46	0	0	2.0000	0.0000	-1.0000	NaN	9.3500	-8.1829	15.4998	240155.8255	240156.1278	0.0000	1.0000	0.4618	0.6384
14lh01	3	47	0	0	1.0000	0.0000	-1.0000	0.1216	NaN	NaN	NaN	240158.9107	240159.2662	0.0000	1.0000	0.5083	0.6049
14lh01	3	47	0	0	2.0000	0.0000	-1.0000	NaN	11.9890	-13.3234	15.2103	240160.3067	240160.6089	0.0000	1.0000	0.6215	0.7173
14lh01	3	48	0	0	1.0000	0.0000	-1.0000	0.8596	NaN	NaN	NaN	240163.7714	240164.1288	0.0000	1.0000	0.4609	0.5416
14lh01	3	48	0	0	2.0000	0.0000	-1.0000	NaN	11.7570	-12.6283	15.6860	240165.1062	240165.4083	0.0000	1.0000	0.5101	0.6542
14lh01	3	49	0	0	1.0000	0.0000	-1.0000	0.2759	NaN	NaN	NaN	240167.9072	240168.2616	0.0000	1.0000	0.4236	0.5212
14lh01	3	49	0	0	2.0000	0.0000	1.0000	NaN	7.4051	7.4761	16.0581	240169.2168	240169.5190	1.0000	1.0000	0.4785	0.6557
14lh01	3	50	0	0	1.0000	0.0000	1.0000	0.7412	NaN	NaN	NaN	240172.6997	240173.1079	1.0000	1.0000	0.3778	0.4743
14lh01	3	50	0	0	2.0000	0.0000	-1.0000	NaN	0.9735	-0.1577	15.7896	240174.0278	240174.3343	0.0000	1.0000	0.7995	0.9120
