11wh04	1	1	1	0	1.0000	0.0000	-1.0000	0.2823	NaN	NaN	NaN	25459.5747	25459.9309	0.0000	1.0000	0.2148
11wh04	1	1	1	0	2.0000	0.0000	1.0000	NaN	2.3418	3.5159	16.2822	25460.6882	25460.9904	1.0000	1.0000	0.1637
11wh04	1	2	1	0	1.0000	0.0000	-1.0000	0.0465	NaN	NaN	NaN	25463.5471	25463.8986	0.0000	1.0000	0.6793
11wh04	1	2	1	0	2.0000	0.0000	1.0000	NaN	0.6593	0.0745	16.3778	25465.1212	25465.4234	0.0000	0.0000	0.0814
11wh04	1	3	1	0	1.0000	0.0000	-1.0000	0.3770	NaN	NaN	NaN	25467.7069	25468.0637	0.0000	1.0000	0.3211
11wh04	1	3	1	0	2.0000	0.0000	1.0000	NaN	7.6369	7.8974	14.5621	25468.8970	25469.1992	1.0000	1.0000	0.0061
11wh04	1	4	1	0	1.0000	0.0000	-1.0000	0.8786	NaN	NaN	NaN	25471.1447	25471.4981	0.0000	1.0000	0.1674
11wh04	1	4	1	0	2.0000	0.0000	1.0000	NaN	6.6087	5.9626	15.5763	25472.2237	25472.5260	1.0000	1.0000	0.0061
11wh04	1	5	1	0	1.0000	0.0000	1.0000	0.3253	NaN	NaN	NaN	25474.7244	25475.0801	1.0000	1.0000	0.2487
11wh04	1	5	1	0	2.0000	0.0000	1.0000	NaN	8.1913	7.1008	14.8386	25475.8557	25476.1579	1.0000	1.0000	0.0198
11wh04	1	6	1	0	1.0000	0.0000	1.0000	0.4637	NaN	NaN	NaN	25477.9798	25478.3867	0.0000	0.0000	0.3025
11wh04	1	6	1	0	2.0000	0.0000	-1.0000	NaN	8.5102	-9.3014	15.5684	25479.2246	25479.5313	0.0000	1.0000	0.0387
11wh04	1	7	1	0	1.0000	0.0000	-1.0000	0.1121	NaN	NaN	NaN	25481.9915	25482.4032	0.0000	1.0000	0.1589
11wh04	1	7	1	0	2.0000	0.0000	1.0000	NaN	2.4436	2.0002	14.9383	25483.1142	25483.4181	1.0000	1.0000	0.0711
11wh04	1	8	1	0	1.0000	0.0000	-1.0000	0.6123	NaN	NaN	NaN	25485.6506	25486.0713	0.0000	1.0000	0.0748
11wh04	1	8	1	0	2.0000	0.0000	1.0000	NaN	2.9755	2.3142	15.9831	25486.6995	25487.0043	1.0000	1.0000	0.0062
11wh04	1	9	1	0	1.0000	0.0000	-1.0000	0.6149	NaN	NaN	NaN	25489.0984	25489.5206	1.0000	0.0000	0.0006
11wh04	1	9	1	0	2.0000	0.0000	-1.0000	NaN	2.1390	-3.3761	14.8154	25490.0588	25490.3648	0.0000	1.0000	0.0061
11wh04	1	10	1	0	1.0000	0.0000	-1.0000	0.5461	NaN	NaN	NaN	25492.7167	25493.1371	0.0000	1.0000	0.4958
11wh04	1	10	1	0	2.0000	0.0000	1.0000	NaN	1.3398	2.8862	15.3657	25494.1670	25494.4715	1.0000	1.0000	0.0061
11wh04	1	11	1	0	1.0000	0.0000	-1.0000	0.5778	NaN	NaN	NaN	25496.8358	25497.2536	0.0000	1.0000	0.0119
11wh04	1	11	1	0	2.0000	0.0000	1.0000	NaN	6.0884	4.9149	15.6706	25497.7840	25498.0884	1.0000	1.0000	0.0061
11wh04	1	12	1	0	1.0000	0.0000	1.0000	0.4382	NaN	NaN	NaN	25499.9973	25500.4153	1.0000	1.0000	0.1946
11wh04	1	12	1	0	2.0000	0.0000	1.0000	NaN	3.8246	4.7165	13.4385	25501.1478	25501.4523	1.0000	1.0000	0.2142
11wh04	1	13	1	0	1.0000	0.0000	-1.0000	0.4923	NaN	NaN	NaN	25503.7471	25504.1647	0.0000	1.0000	0.0761
11wh04	1	13	1	0	2.0000	0.0000	1.0000	NaN	0.3761	2.2174	15.1831	25504.7829	25505.0875	0.0000	0.0000	0.0345
11wh04	1	14	1	0	1.0000	0.0000	1.0000	0.2374	NaN	NaN	NaN	25507.4925	25507.9031	1.0000	1.0000	0.0508
11wh04	1	14	1	0	2.0000	0.0000	1.0000	NaN	4.9685	2.9651	14.6303	25508.5065	25508.8136	1.0000	1.0000	0.0202
11wh04	1	15	1	0	1.0000	0.0000	1.0000	0.0273	NaN	NaN	NaN	25511.4218	25511.8128	1.0000	1.0000	0.1572
11wh04	1	15	1	0	2.0000	0.0000	1.0000	NaN	6.5322	5.9857	16.1538	25512.4955	25512.7977	1.0000	1.0000	0.1328
11wh04	1	16	1	0	1.0000	0.0000	1.0000	0.1298	NaN	NaN	NaN	25515.5631	25515.9144	1.0000	1.0000	0.1511
11wh04	1	16	1	0	2.0000	0.0000	1.0000	NaN	5.8135	4.7234	16.0273	25516.6082	25516.9103	1.0000	1.0000	0.2904
11wh04	1	17	1	0	1.0000	0.0000	-1.0000	0.1910	NaN	NaN	NaN	25519.6524	25520.0069	0.0000	1.0000	0.2349
11wh04	1	17	1	0	2.0000	0.0000	1.0000	NaN	2.8617	4.4194	16.3344	25520.8005	25521.1028	1.0000	1.0000	0.1299
11wh04	1	18	1	0	1.0000	0.0000	1.0000	0.5650	NaN	NaN	NaN	25523.3941	25523.8056	1.0000	1.0000	0.0831
11wh04	1	18	1	0	2.0000	0.0000	1.0000	NaN	7.1008	6.5135	15.8975	25524.4231	25524.7295	1.0000	1.0000	0.0233
11wh04	1	19	1	0	1.0000	0.0000	1.0000	0.0187	NaN	NaN	NaN	25526.7737	25527.1849	1.0000	1.0000	0.1119
11wh04	1	19	1	0	2.0000	0.0000	1.0000	NaN	0.4289	1.2702	16.0694	25527.7991	25528.1033	1.0000	1.0000	0.1375
11wh04	1	20	1	0	1.0000	0.0000	-1.0000	0.0070	NaN	NaN	NaN	25530.5309	25530.9523	1.0000	0.0000	0.1694
11wh04	1	20	1	0	2.0000	0.0000	-1.0000	NaN	1.6714	-1.3586	14.2888	25531.6585	25531.9633	1.0000	0.0000	0.1815
11wh04	1	21	1	0	1.0000	0.0000	1.0000	0.0866	NaN	NaN	NaN	25534.6667	25535.0850	1.0000	1.0000	0.1805
11wh04	1	21	1	0	2.0000	0.0000	1.0000	NaN	2.6648	3.9017	15.9715	25535.8000	25536.1044	1.0000	1.0000	0.1364
11wh04	1	22	1	0	1.0000	0.0000	1.0000	0.7625	NaN	NaN	NaN	25538.1704	25538.5837	1.0000	1.0000	0.0890
11wh04	1	22	1	0	2.0000	0.0000	1.0000	NaN	6.3814	6.8944	14.4416	25539.1842	25539.4865	1.0000	1.0000	0.1636
11wh04	1	23	1	0	1.0000	0.0000	-1.0000	0.6644	NaN	NaN	NaN	25541.7005	25542.0560	0.0000	1.0000	0.1371
11wh04	1	23	1	0	2.0000	0.0000	1.0000	NaN	8.0544	7.8558	15.8513	25542.7511	25543.0533	1.0000	1.0000	0.1486
11wh04	1	24	1	0	1.0000	0.0000	-1.0000	0.0615	NaN	NaN	NaN	25545.5364	25545.8932	0.0000	1.0000	0.9236
11wh04	1	24	1	0	2.0000	0.0000	1.0000	NaN	5.6207	4.9819	15.4401	25547.3598	25547.6620	1.0000	1.0000	0.1319
11wh04	1	25	1	0	1.0000	0.0000	1.0000	0.7130	NaN	NaN	NaN	25549.8110	25550.1625	1.0000	1.0000	0.1593
11wh04	1	25	1	0	2.0000	0.0000	1.0000	NaN	4.1983	4.3679	14.1085	25550.8489	25551.1511	1.0000	1.0000	0.0061
11wh04	1	26	1	0	1.0000	0.0000	1.0000	0.0185	NaN	NaN	NaN	25553.1388	25553.4926	0.0000	0.0000	0.5722
11wh04	1	26	1	0	2.0000	0.0000	-1.0000	NaN	1.5724	-1.1077	15.5179	25554.6091	25554.9112	1.0000	0.0000	0.0826
11wh04	1	27	1	0	1.0000	0.0000	1.0000	0.4271	NaN	NaN	NaN	25556.8549	25557.2092	1.0000	1.0000	0.1516
11wh04	1	27	1	0	2.0000	0.0000	1.0000	NaN	8.5372	7.3390	15.8521	25557.8876	25558.1913	1.0000	1.0000	0.0351
11wh04	1	28	1	0	1.0000	0.0000	-1.0000	0.9241	NaN	NaN	NaN	25560.1018	25560.4591	0.0000	1.0000	0.1501
11wh04	1	28	1	0	2.0000	0.0000	1.0000	NaN	4.0752	3.7852	15.4414	25561.1506	25561.4527	1.0000	1.0000	0.0061
11wh04	1	29	1	0	1.0000	0.0000	-1.0000	0.4194	NaN	NaN	NaN	25563.6180	25563.9712	0.0000	1.0000	0.1901
11wh04	1	29	1	0	2.0000	0.0000	1.0000	NaN	3.9803	3.1680	15.0184	25564.7193	25565.0217	1.0000	1.0000	0.0061
11wh04	1	30	1	0	1.0000	0.0000	-1.0000	0.9351	NaN	NaN	NaN	25567.6104	25567.9616	0.0000	1.0000	0.1351
11wh04	1	30	1	0	2.0000	0.0000	1.0000	NaN	1.7115	0.6198	14.8138	25568.6085	25568.9107	1.0000	1.0000	0.0061
11wh04	1	31	1	0	1.0000	0.0000	-1.0000	0.5855	NaN	NaN	NaN	25571.0748	25571.4948	0.0000	1.0000	0.0420
11wh04	1	31	1	0	2.0000	0.0000	1.0000	NaN	3.0933	2.0299	14.6455	25572.0773	25572.3817	1.0000	1.0000	0.0520
11wh04	1	32	1	0	1.0000	0.0000	1.0000	0.2470	NaN	NaN	NaN	25575.0372	25575.4496	1.0000	1.0000	0.4231
11wh04	1	32	1	0	2.0000	0.0000	1.0000	NaN	5.3194	4.0411	15.2707	25576.4273	25576.7317	1.0000	1.0000	0.0061
11wh04	1	33	1	0	1.0000	0.0000	-1.0000	0.5315	NaN	NaN	NaN	25578.5288	25578.9260	0.0000	1.0000	0.2107
11wh04	1	33	1	0	2.0000	0.0000	1.0000	NaN	6.6477	4.8080	15.8106	25579.6641	25579.9662	1.0000	1.0000	0.0832
11wh04	1	34	1	0	1.0000	0.0000	1.0000	0.7084	NaN	NaN	NaN	25582.4847	25582.8412	1.0000	1.0000	0.0886
11wh04	1	34	1	0	2.0000	0.0000	1.0000	NaN	6.5540	6.8426	14.6150	25583.4571	25583.7593	1.0000	1.0000	0.0061
11wh04	1	35	1	0	1.0000	0.0000	-1.0000	0.7937	NaN	NaN	NaN	25585.7123	25586.0637	0.0000	1.0000	0.0982
11wh04	1	35	1	0	2.0000	0.0000	1.0000	NaN	0.7767	1.4362	14.1911	25586.6732	25586.9753	1.0000	1.0000	0.0061
11wh04	1	36	1	0	1.0000	0.0000	1.0000	0.6995	NaN	NaN	NaN	25589.0789	25589.4301	1.0000	1.0000	0.1231
11wh04	1	36	1	0	2.0000	0.0000	1.0000	NaN	4.9248	6.0188	14.5163	25590.0968	25590.3990	1.0000	1.0000	0.0061
11wh04	1	37	1	0	1.0000	0.0000	1.0000	0.0407	NaN	NaN	NaN	25592.5047	25592.8586	1.0000	1.0000	0.1340
11wh04	1	37	1	0	2.0000	0.0000	1.0000	NaN	1.7699	1.4676	16.9973	25593.4733	25593.7755	1.0000	1.0000	0.0061
11wh04	1	38	1	0	1.0000	0.0000	-1.0000	0.3441	NaN	NaN	NaN	25595.9893	25596.3418	0.0000	1.0000	0.0440
11wh04	1	38	1	0	2.0000	0.0000	1.0000	NaN	2.6793	3.5028	14.9348	25596.9433	25597.2454	1.0000	1.0000	0.0061
11wh04	1	39	1	0	1.0000	0.0000	-1.0000	0.2733	NaN	NaN	NaN	25599.8022	25600.1571	0.0000	1.0000	0.1652
11wh04	1	39	1	0	2.0000	0.0000	1.0000	NaN	5.3736	5.4719	15.1589	25600.8809	25601.1831	1.0000	1.0000	0.0062
11wh04	1	40	1	0	1.0000	0.0000	1.0000	0.3905	NaN	NaN	NaN	25603.3456	25603.7024	0.0000	0.0000	0.0263
11wh04	1	40	1	0	2.0000	0.0000	-1.0000	NaN	2.8565	-4.5264	15.2980	25604.2566	25604.5587	0.0000	1.0000	0.0061
11wh04	1	41	1	0	1.0000	0.0000	-1.0000	0.7420	NaN	NaN	NaN	25606.7987	25607.1524	0.0000	1.0000	0.4015
11wh04	1	41	1	0	2.0000	0.0000	1.0000	NaN	6.9827	6.8565	13.0222	25608.0969	25608.3992	1.0000	1.0000	0.0061
11wh04	1	42	1	0	1.0000	0.0000	-1.0000	0.5336	NaN	NaN	NaN	25610.8844	25611.2397	0.0000	1.0000	0.0902
11wh04	1	42	1	0	2.0000	0.0000	1.0000	NaN	1.6935	4.7520	14.8743	25611.8563	25612.1584	1.0000	1.0000	0.0060
11wh04	1	43	1	0	1.0000	0.0000	1.0000	0.8999	NaN	NaN	NaN	25614.5968	25614.9523	1.0000	1.0000	1.8492
11wh04	1	43	1	0	2.0000	0.0000	1.0000	NaN	6.0164	4.6402	15.7669	25617.3284	25617.6322	1.0000	1.0000	0.0061
11wh04	1	44	1	0	1.0000	0.0000	1.0000	0.0584	NaN	NaN	NaN	25620.1789	25620.5624	1.0000	1.0000	1.4549
11wh04	1	44	1	0	2.0000	0.0000	1.0000	NaN	0.9457	0.7643	14.4015	25622.5293	25622.8314	0.0000	0.0000	0.1133
11wh04	1	45	1	0	1.0000	0.0000	1.0000	0.0519	NaN	NaN	NaN	25624.9222	25625.2736	1.0000	1.0000	0.6310
11wh04	1	45	1	0	2.0000	0.0000	1.0000	NaN	4.7459	5.0740	15.7241	25626.4321	25626.7343	1.0000	1.0000	0.0344
11wh04	1	46	1	0	1.0000	0.0000	-1.0000	0.1228	NaN	NaN	NaN	25629.0468	25629.4012	1.0000	0.0000	0.3766
11wh04	1	46	1	0	2.0000	0.0000	-1.0000	NaN	3.0890	-3.4539	14.8386	25630.2887	25630.5909	0.0000	1.0000	0.2258
11wh04	1	47	1	0	1.0000	0.0000	-1.0000	0.1175	NaN	NaN	NaN	25632.9348	25633.2886	0.0000	1.0000	0.2801
11wh04	1	47	1	0	2.0000	0.0000	1.0000	NaN	6.0083	7.1548	13.8759	25634.1128	25634.4149	1.0000	1.0000	0.1152
11wh04	1	48	1	0	1.0000	0.0000	-1.0000	0.1191	NaN	NaN	NaN	25636.9140	25637.2675	1.0000	0.0000	1.2776
11wh04	1	48	1	0	2.0000	0.0000	-1.0000	NaN	3.2164	-5.1317	15.1050	25639.0229	25639.3251	0.0000	1.0000	0.0686
11wh04	1	49	1	0	1.0000	0.0000	1.0000	0.5301	NaN	NaN	NaN	25641.6623	25642.0172	1.0000	1.0000	1.0241
11wh04	1	49	1	0	2.0000	0.0000	1.0000	NaN	2.0779	2.9795	14.5398	25643.5680	25643.8703	0.0000	0.0000	0.5634
11wh04	1	50	1	0	1.0000	0.0000	1.0000	0.7990	NaN	NaN	NaN	25646.2205	25646.5725	1.0000	1.0000	0.2282
11wh04	1	50	1	0	2.0000	0.0000	1.0000	NaN	3.1229	3.4637	14.5392	25647.3287	25647.6310	1.0000	1.0000	0.0188
11wh04	2	1	1	0	1.0000	0.0000	1.0000	0.7148	NaN	NaN	NaN	25650.3421	25650.6937	1.0000	1.0000	0.1069
11wh04	2	1	1	0	2.0000	0.0000	1.0000	NaN	7.2930	5.2323	14.4879	25651.3284	25651.6306	1.0000	1.0000	0.0061
11wh04	2	2	1	0	1.0000	0.0000	1.0000	0.5716	NaN	NaN	NaN	25653.6346	25653.9888	1.0000	1.0000	0.1091
11wh04	2	2	1	0	2.0000	0.0000	1.0000	NaN	4.9802	4.4575	15.5525	25654.6239	25654.9260	1.0000	1.0000	0.0358
11wh04	2	3	1	0	1.0000	0.0000	1.0000	0.6632	NaN	NaN	NaN	25657.2375	25657.5887	1.0000	1.0000	0.1252
11wh04	2	3	1	0	2.0000	0.0000	1.0000	NaN	6.5791	5.2137	14.3300	25658.2394	25658.5415	1.0000	1.0000	0.0511
11wh04	2	4	1	0	1.0000	0.0000	1.0000	0.9788	NaN	NaN	NaN	25660.5037	25660.8551	1.0000	1.0000	0.0005
11wh04	2	4	1	0	2.0000	0.0000	1.0000	NaN	6.5435	7.0856	14.2298	25661.3608	25661.6631	1.0000	1.0000	0.0061
11wh04	2	5	1	0	1.0000	0.0000	-1.0000	0.5261	NaN	NaN	NaN	25664.1420	25664.5618	0.0000	1.0000	0.0148
11wh04	2	5	1	0	2.0000	0.0000	1.0000	NaN	5.9696	7.7493	14.6656	25665.1429	25665.4470	1.0000	1.0000	0.1376
11wh04	2	6	1	0	1.0000	0.0000	1.0000	0.9037	NaN	NaN	NaN	25667.7156	25668.1282	1.0000	1.0000	0.0495
11wh04	2	6	1	0	2.0000	0.0000	1.0000	NaN	7.2416	6.8525	16.3345	25668.7611	25669.0656	1.0000	1.0000	0.1363
11wh04	2	7	1	0	1.0000	0.0000	-1.0000	0.0268	NaN	NaN	NaN	25671.4562	25671.8588	1.0000	0.0000	0.0778
11wh04	2	7	1	0	2.0000	0.0000	-1.0000	NaN	5.6529	-5.8565	13.4059	25672.4959	25672.7982	0.0000	1.0000	0.1797
11wh04	2	8	1	0	1.0000	0.0000	1.0000	0.9375	NaN	NaN	NaN	25675.2364	25675.5877	1.0000	1.0000	0.1580
11wh04	2	8	1	0	2.0000	0.0000	1.0000	NaN	2.1144	1.1671	14.5686	25676.3197	25676.6219	1.0000	1.0000	0.1958
11wh04	2	9	1	0	1.0000	0.0000	-1.0000	0.9787	NaN	NaN	NaN	25678.8497	25679.2028	0.0000	1.0000	0.4307
11wh04	2	9	1	0	2.0000	0.0000	1.0000	NaN	8.6475	7.5444	13.6695	25680.1929	25680.4952	1.0000	1.0000	0.0061
11wh04	2	10	1	0	1.0000	0.0000	-1.0000	0.2076	NaN	NaN	NaN	25682.5556	25682.9058	1.0000	0.0000	0.2954
11wh04	2	10	1	0	2.0000	0.0000	-1.0000	NaN	2.3054	-0.9930	14.1836	25683.7765	25684.0787	1.0000	0.0000	0.0061
11wh04	2	11	1	0	1.0000	0.0000	-1.0000	0.2503	NaN	NaN	NaN	25686.7125	25687.0692	1.0000	0.0000	0.0355
11wh04	2	11	1	0	2.0000	0.0000	-1.0000	NaN	0.5966	-0.5379	14.1503	25687.6980	25688.0013	0.0000	1.0000	0.2884
11wh04	2	12	1	0	1.0000	0.0000	1.0000	0.0841	NaN	NaN	NaN	25690.6977	25691.0524	1.0000	1.0000	0.9162
11wh04	2	12	1	0	2.0000	0.0000	1.0000	NaN	1.4229	2.2643	14.4550	25692.5112	25692.8133	1.0000	1.0000	0.2766
11wh04	2	13	1	0	1.0000	0.0000	1.0000	0.6684	NaN	NaN	NaN	25695.1813	25695.5355	1.0000	1.0000	0.1931
11wh04	2	13	1	0	2.0000	0.0000	1.0000	NaN	8.2194	7.0211	15.3855	25696.2571	25696.5592	1.0000	1.0000	0.0503
11wh04	2	14	1	0	1.0000	0.0000	-1.0000	0.9806	NaN	NaN	NaN	25699.1017	25699.4532	0.0000	1.0000	0.1162
11wh04	2	14	1	0	2.0000	0.0000	1.0000	NaN	7.6674	7.2387	15.4551	25700.1433	25700.4456	1.0000	1.0000	0.1963
11wh04	2	15	1	0	1.0000	0.0000	-1.0000	0.3973	NaN	NaN	NaN	25702.8669	25703.2196	1.0000	0.0000	0.2385
11wh04	2	15	1	0	2.0000	0.0000	-1.0000	NaN	5.6659	-5.5250	15.1865	25703.9196	25704.2219	0.0000	1.0000	0.0199
11wh04	2	16	1	0	1.0000	0.0000	-1.0000	0.8442	NaN	NaN	NaN	25706.7966	25707.1515	0.0000	1.0000	0.1617
11wh04	2	16	1	0	2.0000	0.0000	1.0000	NaN	2.2723	2.4732	16.0091	25707.8880	25708.1902	1.0000	1.0000	0.0515
11wh04	2	17	1	0	1.0000	0.0000	-1.0000	0.5545	NaN	NaN	NaN	25710.5904	25711.0093	0.0000	1.0000	0.0473
11wh04	2	17	1	0	2.0000	0.0000	1.0000	NaN	3.1566	3.4215	14.8343	25711.6231	25711.9276	1.0000	1.0000	0.0902
11wh04	2	18	1	0	1.0000	0.0000	-1.0000	0.7138	NaN	NaN	NaN	25714.4218	25714.8429	0.0000	1.0000	0.0217
11wh04	2	18	1	0	2.0000	0.0000	1.0000	NaN	3.1880	5.6768	14.3544	25715.4375	25715.7423	1.0000	1.0000	0.0835
11wh04	2	19	1	0	1.0000	0.0000	-1.0000	0.8775	NaN	NaN	NaN	25718.0304	25718.4597	0.0000	1.0000	0.0005
11wh04	2	19	1	0	2.0000	0.0000	1.0000	NaN	7.6568	10.5752	15.5012	25719.0209	25719.3257	1.0000	1.0000	0.0062
11wh04	2	20	1	0	1.0000	0.0000	-1.0000	0.1345	NaN	NaN	NaN	25721.4840	25721.9055	0.0000	1.0000	0.0642
11wh04	2	20	1	0	2.0000	0.0000	1.0000	NaN	3.2427	2.1713	14.9784	25722.5388	25722.8438	1.0000	1.0000	0.1023
11wh04	2	21	1	0	1.0000	0.0000	1.0000	0.6673	NaN	NaN	NaN	25724.8893	25725.3085	1.0000	1.0000	0.0214
11wh04	2	21	1	0	2.0000	0.0000	1.0000	NaN	5.8114	7.8835	15.5420	25725.8816	25726.1862	1.0000	1.0000	0.0864
11wh04	2	22	1	0	1.0000	0.0000	-1.0000	0.8658	NaN	NaN	NaN	25728.1096	25728.5251	0.0000	1.0000	0.0535
11wh04	2	22	1	0	2.0000	0.0000	1.0000	NaN	7.5851	8.2050	14.9540	25729.1299	25729.4359	1.0000	1.0000	0.0061
11wh04	2	23	1	0	1.0000	0.0000	-1.0000	0.8502	NaN	NaN	NaN	25731.4626	25731.8749	0.0000	1.0000	0.1096
11wh04	2	23	1	0	2.0000	0.0000	1.0000	NaN	4.2507	4.1763	13.5253	25732.5693	25732.8737	1.0000	1.0000	0.0061
11wh04	2	24	1	0	1.0000	0.0000	-1.0000	0.4351	NaN	NaN	NaN	25735.1419	25735.5580	0.0000	1.0000	0.0917
11wh04	2	24	1	0	2.0000	0.0000	1.0000	NaN	5.3994	3.3816	14.4259	25736.2358	25736.5401	1.0000	1.0000	0.0061
11wh04	2	25	1	0	1.0000	0.0000	-1.0000	0.2023	NaN	NaN	NaN	25738.5771	25738.9908	1.0000	0.0000	0.0978
11wh04	2	25	1	0	2.0000	0.0000	-1.0000	NaN	2.5264	-3.1534	15.2932	25739.6236	25739.9278	1.0000	0.0000	0.0904
11wh04	2	26	1	0	1.0000	0.0000	-1.0000	0.3769	NaN	NaN	NaN	25742.1546	25742.5744	1.0000	0.0000	0.0822
11wh04	2	26	1	0	2.0000	0.0000	-1.0000	NaN	2.5918	-2.1793	15.0076	25743.2551	25743.5593	0.0000	1.0000	0.0061
11wh04	2	27	1	0	1.0000	0.0000	1.0000	0.6338	NaN	NaN	NaN	25745.7719	25746.1908	1.0000	1.0000	0.0829
11wh04	2	27	1	0	2.0000	0.0000	1.0000	NaN	7.9464	8.0998	15.2148	25746.8540	25747.1581	1.0000	1.0000	0.0274
11wh04	2	28	1	0	1.0000	0.0000	1.0000	0.0709	NaN	NaN	NaN	25749.4033	25749.8241	0.0000	0.0000	0.6573
11wh04	2	28	1	0	2.0000	0.0000	-1.0000	NaN	1.7674	-0.4259	14.4277	25751.0844	25751.3885	0.0000	1.0000	0.1973
11wh04	2	29	1	0	1.0000	0.0000	1.0000	0.8385	NaN	NaN	NaN	25753.7210	25754.1404	1.0000	1.0000	0.1493
11wh04	2	29	1	0	2.0000	0.0000	1.0000	NaN	1.2840	2.7676	16.9995	25754.8709	25755.1750	0.0000	0.0000	0.1695
11wh04	2	30	1	0	1.0000	0.0000	-1.0000	0.8899	NaN	NaN	NaN	25757.5010	25757.9104	0.0000	1.0000	0.1073
11wh04	2	30	1	0	2.0000	0.0000	1.0000	NaN	5.4631	4.6070	14.2241	25758.6014	25758.9054	1.0000	1.0000	0.0062
11wh04	2	31	1	0	1.0000	0.0000	-1.0000	0.0922	NaN	NaN	NaN	25761.4608	25761.8448	1.0000	0.0000	0.9883
11wh04	2	31	1	0	2.0000	0.0000	-1.0000	NaN	1.0516	-1.3396	14.4671	25763.4077	25763.7099	0.0000	1.0000	0.6272
11wh04	2	32	1	0	1.0000	0.0000	1.0000	0.4907	NaN	NaN	NaN	25766.3390	25766.7565	1.0000	1.0000	1.1641
11wh04	2	32	1	0	2.0000	0.0000	1.0000	NaN	3.2553	1.8915	14.1889	25768.5028	25768.8073	1.0000	1.0000	0.4892
11wh04	2	33	1	0	1.0000	0.0000	-1.0000	0.2410	NaN	NaN	NaN	25771.2430	25771.6327	0.0000	1.0000	0.5438
11wh04	2	33	1	0	2.0000	0.0000	1.0000	NaN	1.0996	1.9499	14.5097	25772.7680	25773.0703	1.0000	1.0000	0.4506
11wh04	2	34	1	0	1.0000	0.0000	-1.0000	0.2263	NaN	NaN	NaN	25775.8376	25776.1940	0.0000	1.0000	0.3681
11wh04	2	34	1	0	2.0000	0.0000	1.0000	NaN	1.5757	2.1880	15.4828	25777.1531	25777.4553	1.0000	1.0000	0.2412
11wh04	2	35	1	0	1.0000	0.0000	-1.0000	0.4070	NaN	NaN	NaN	25780.0469	25780.3990	0.0000	1.0000	0.2256
11wh04	2	35	1	0	2.0000	0.0000	1.0000	NaN	0.8691	3.1232	14.7065	25781.2027	25781.5049	1.0000	1.0000	0.0156
11wh04	2	36	1	0	1.0000	0.0000	-1.0000	0.3705	NaN	NaN	NaN	25783.6956	25784.0488	0.0000	1.0000	0.2409
11wh04	2	36	1	0	2.0000	0.0000	1.0000	NaN	1.9931	1.3156	14.6551	25784.8474	25785.1495	1.0000	1.0000	0.0061
11wh04	2	37	1	0	1.0000	0.0000	1.0000	0.5789	NaN	NaN	NaN	25787.4130	25787.7653	1.0000	1.0000	0.1247
11wh04	2	37	1	0	2.0000	0.0000	1.0000	NaN	7.7344	6.5424	13.7545	25788.4318	25788.7340	1.0000	1.0000	0.0839
11wh04	2	38	1	0	1.0000	0.0000	-1.0000	0.3133	NaN	NaN	NaN	25791.3913	25791.7470	0.0000	1.0000	0.3335
11wh04	2	38	1	0	2.0000	0.0000	1.0000	NaN	7.5416	7.5769	15.2176	25792.6552	25792.9575	1.0000	1.0000	0.0830
11wh04	2	39	1	0	1.0000	0.0000	1.0000	0.1036	NaN	NaN	NaN	25795.0902	25795.4470	1.0000	1.0000	0.1231
11wh04	2	39	1	0	2.0000	0.0000	1.0000	NaN	3.2989	5.7022	15.5714	25796.1293	25796.4315	1.0000	1.0000	0.0061
11wh04	2	40	1	0	1.0000	0.0000	-1.0000	0.3952	NaN	NaN	NaN	25798.7345	25799.0861	1.0000	0.0000	0.0510
11wh04	2	40	1	0	2.0000	0.0000	-1.0000	NaN	7.7855	-7.3227	15.1921	25799.6800	25799.9822	0.0000	1.0000	0.2264
11wh04	2	41	1	0	1.0000	0.0000	1.0000	0.4740	NaN	NaN	NaN	25802.6586	25803.0133	1.0000	1.0000	0.0603
11wh04	2	41	1	0	2.0000	0.0000	1.0000	NaN	1.2871	2.2089	13.3796	25803.6310	25803.9333	1.0000	1.0000	0.0848
11wh04	2	42	1	0	1.0000	0.0000	-1.0000	0.5245	NaN	NaN	NaN	25806.1162	25806.4691	0.0000	1.0000	0.2201
11wh04	2	42	1	0	2.0000	0.0000	1.0000	NaN	8.1422	9.4392	15.3735	25807.2638	25807.5661	1.0000	1.0000	0.0185
11wh04	2	43	1	0	1.0000	0.0000	1.0000	0.1170	NaN	NaN	NaN	25809.7596	25810.1586	1.0000	1.0000	0.0511
11wh04	2	43	1	0	2.0000	0.0000	1.0000	NaN	1.7859	2.3402	14.1593	25810.7688	25811.0711	1.0000	1.0000	0.2895
11wh04	2	44	1	0	1.0000	0.0000	-1.0000	0.0797	NaN	NaN	NaN	25813.9203	25814.2753	1.0000	0.0000	0.1583
11wh04	2	44	1	0	2.0000	0.0000	-1.0000	NaN	6.9126	-5.9664	15.8127	25815.0237	25815.3267	1.0000	0.0000	0.0818
11wh04	2	45	1	0	1.0000	0.0000	-1.0000	0.7746	NaN	NaN	NaN	25817.3790	25817.7304	0.0000	1.0000	0.2392
11wh04	2	45	1	0	2.0000	0.0000	1.0000	NaN	3.8973	6.4005	15.1655	25818.5447	25818.8470	1.0000	1.0000	0.0656
11wh04	2	46	1	0	1.0000	0.0000	-1.0000	0.5519	NaN	NaN	NaN	25821.5038	25821.8580	1.0000	0.0000	0.2065
11wh04	2	46	1	0	2.0000	0.0000	-1.0000	NaN	7.0903	-7.8012	14.5276	25822.5902	25822.8933	0.0000	1.0000	0.1649
11wh04	2	47	1	0	1.0000	0.0000	1.0000	0.8502	NaN	NaN	NaN	25825.2061	25825.5622	0.0000	0.0000	0.6943
11wh04	2	47	1	0	2.0000	0.0000	-1.0000	NaN	6.7423	-6.1677	13.6392	25826.8476	25827.1499	0.0000	1.0000	0.1146
11wh04	2	48	1	0	1.0000	0.0000	1.0000	0.3422	NaN	NaN	NaN	25829.9466	25830.2981	1.0000	1.0000	0.1035
11wh04	2	48	1	0	2.0000	0.0000	1.0000	NaN	1.7313	3.1278	14.3860	25830.9772	25831.2795	1.0000	1.0000	0.0983
11wh04	2	49	1	0	1.0000	0.0000	1.0000	0.9650	NaN	NaN	NaN	25833.7030	25834.0576	1.0000	1.0000	0.1520
11wh04	2	49	1	0	2.0000	0.0000	1.0000	NaN	7.1158	4.8496	14.9018	25834.7683	25835.0705	1.0000	1.0000	0.0513
11wh04	2	50	1	0	1.0000	0.0000	-1.0000	0.8093	NaN	NaN	NaN	25837.3542	25837.7114	0.0000	1.0000	0.0811
11wh04	2	50	1	0	2.0000	0.0000	1.0000	NaN	4.1605	2.1596	15.1730	25838.3840	25838.6863	1.0000	1.0000	0.1635
11wh04	3	1	1	0	1.0000	0.0000	1.0000	0.7756	NaN	NaN	NaN	25855.1320	25855.4831	1.0000	1.0000	0.1174
11wh04	3	1	1	0	2.0000	0.0000	1.0000	NaN	3.5985	3.0707	14.0689	25856.1436	25856.4458	1.0000	1.0000	0.0061
11wh04	3	2	1	0	1.0000	0.0000	-1.0000	0.0049	NaN	NaN	NaN	25858.9421	25859.3512	1.0000	0.0000	0.0892
11wh04	3	2	1	0	2.0000	0.0000	-1.0000	NaN	8.3504	-10.5080	15.7343	25860.0011	25860.3033	0.0000	1.0000	0.3064
11wh04	3	3	1	0	1.0000	0.0000	-1.0000	0.7221	NaN	NaN	NaN	25863.1337	25863.4895	0.0000	1.0000	0.1589
11wh04	3	3	1	0	2.0000	0.0000	1.0000	NaN	3.8576	3.9004	14.6769	25864.2235	25864.5257	1.0000	1.0000	0.1320
11wh04	3	4	1	0	1.0000	0.0000	1.0000	0.2933	NaN	NaN	NaN	25866.9651	25867.3158	1.0000	1.0000	0.2532
11wh04	3	4	1	0	2.0000	0.0000	1.0000	NaN	7.9545	9.4899	15.1701	25868.1271	25868.4293	1.0000	1.0000	0.1312
11wh04	3	5	1	0	1.0000	0.0000	1.0000	0.7661	NaN	NaN	NaN	25870.7594	25871.1110	1.0000	1.0000	0.0735
11wh04	3	5	1	0	2.0000	0.0000	1.0000	NaN	8.3744	10.0828	14.1022	25871.7598	25872.0621	1.0000	1.0000	0.0509
11wh04	3	6	1	0	1.0000	0.0000	-1.0000	0.3795	NaN	NaN	NaN	25874.0717	25874.4263	0.0000	1.0000	0.1187
11wh04	3	6	1	0	2.0000	0.0000	1.0000	NaN	2.2765	3.0981	15.7106	25875.1030	25875.4051	1.0000	1.0000	0.0359
11wh04	3	7	1	0	1.0000	0.0000	1.0000	0.8129	NaN	NaN	NaN	25877.6917	25878.0440	1.0000	1.0000	0.0696
11wh04	3	7	1	0	2.0000	0.0000	1.0000	NaN	7.7383	5.6580	13.4416	25878.6872	25878.9903	1.0000	1.0000	0.0190
11wh04	3	8	1	0	1.0000	0.0000	-1.0000	0.0122	NaN	NaN	NaN	25881.1172	25881.4716	0.0000	1.0000	0.0651
11wh04	3	8	1	0	2.0000	0.0000	1.0000	NaN	1.7782	1.4062	16.8054	25882.0952	25882.3974	1.0000	1.0000	0.0682
11wh04	3	9	1	0	1.0000	0.0000	1.0000	0.8106	NaN	NaN	NaN	25885.0554	25885.4089	1.0000	1.0000	0.0795
11wh04	3	9	1	0	2.0000	0.0000	1.0000	NaN	0.1979	0.4056	14.5806	25886.0488	25886.3510	1.0000	1.0000	0.0186
11wh04	3	10	1	0	1.0000	0.0000	-1.0000	0.2665	NaN	NaN	NaN	25888.9754	25889.3267	0.0000	1.0000	0.2750
11wh04	3	10	1	0	2.0000	0.0000	1.0000	NaN	2.7405	1.7441	15.1958	25890.1594	25890.4617	1.0000	1.0000	0.0190
11wh04	3	11	1	0	1.0000	0.0000	1.0000	0.5739	NaN	NaN	NaN	25892.4244	25892.7765	1.0000	1.0000	0.2959
11wh04	3	11	1	0	2.0000	0.0000	1.0000	NaN	5.6860	6.8701	15.1335	25893.6479	25893.9501	1.0000	1.0000	0.0061
11wh04	3	12	1	0	1.0000	0.0000	1.0000	0.9089	NaN	NaN	NaN	25896.3185	25896.6752	1.0000	1.0000	0.0144
11wh04	3	12	1	0	2.0000	0.0000	1.0000	NaN	0.7654	0.8189	13.7910	25897.2957	25897.5979	1.0000	1.0000	0.0062
11wh04	3	13	1	0	1.0000	0.0000	-1.0000	0.8998	NaN	NaN	NaN	25899.7795	25900.1311	0.0000	1.0000	0.0454
11wh04	3	13	1	0	2.0000	0.0000	1.0000	NaN	1.4340	2.7984	13.2528	25900.7355	25901.0380	1.0000	1.0000	0.0061
11wh04	3	14	1	0	1.0000	0.0000	1.0000	0.1937	NaN	NaN	NaN	25903.2975	25903.6542	1.0000	1.0000	0.2674
11wh04	3	14	1	0	2.0000	0.0000	1.0000	NaN	8.4442	9.6687	15.0389	25904.4807	25904.7828	1.0000	1.0000	0.0512
11wh04	3	15	1	0	1.0000	0.0000	1.0000	0.0443	NaN	NaN	NaN	25906.8755	25907.2831	1.0000	1.0000	0.2230
11wh04	3	15	1	0	2.0000	0.0000	1.0000	NaN	2.8553	2.7028	16.6428	25908.1195	25908.4262	1.0000	1.0000	0.1662
11wh04	3	16	1	0	1.0000	0.0000	-1.0000	0.3921	NaN	NaN	NaN	25910.8267	25911.2329	0.0000	1.0000	0.0005
11wh04	3	16	1	0	2.0000	0.0000	1.0000	NaN	4.0777	4.1956	16.4113	25911.7839	25912.0891	1.0000	1.0000	0.0061
11wh04	3	17	1	0	1.0000	0.0000	1.0000	0.1674	NaN	NaN	NaN	25914.4758	25914.8743	1.0000	1.0000	0.0073
11wh04	3	17	1	0	2.0000	0.0000	1.0000	NaN	0.2288	1.1024	16.2276	25915.4600	25915.7622	1.0000	1.0000	0.0061
11wh04	3	18	1	0	1.0000	0.0000	-1.0000	0.3588	NaN	NaN	NaN	25917.7284	25918.0799	0.0000	1.0000	0.1606
11wh04	3	18	1	0	2.0000	0.0000	1.0000	NaN	0.6184	1.5625	15.6084	25918.8150	25919.1171	1.0000	1.0000	0.0061
11wh04	3	19	1	0	1.0000	0.0000	-1.0000	0.4949	NaN	NaN	NaN	25921.1654	25921.5197	0.0000	1.0000	0.1768
11wh04	3	19	1	0	2.0000	0.0000	1.0000	NaN	2.6988	0.4060	14.6180	25922.2564	25922.5585	1.0000	1.0000	0.0061
11wh04	3	20	1	0	1.0000	0.0000	-1.0000	0.2474	NaN	NaN	NaN	25924.8055	25925.1582	0.0000	1.0000	0.1869
11wh04	3	20	1	0	2.0000	0.0000	1.0000	NaN	3.5675	3.8344	15.6405	25925.9189	25926.2225	1.0000	1.0000	0.0061
11wh04	3	21	1	0	1.0000	0.0000	1.0000	0.6886	NaN	NaN	NaN	25928.3514	25928.7069	1.0000	1.0000	0.0615
11wh04	3	21	1	0	2.0000	0.0000	1.0000	NaN	8.3332	9.8482	15.4859	25929.3287	25929.6309	1.0000	1.0000	0.0061
11wh04	3	22	1	0	1.0000	0.0000	-1.0000	0.9649	NaN	NaN	NaN	25931.5523	25931.9067	0.0000	1.0000	0.0310
11wh04	3	22	1	0	2.0000	0.0000	1.0000	NaN	3.7789	4.0413	15.9221	25932.4969	25932.7991	1.0000	1.0000	0.0061
11wh04	3	23	1	0	1.0000	0.0000	-1.0000	0.4277	NaN	NaN	NaN	25935.2006	25935.5566	0.0000	1.0000	0.0770
11wh04	3	23	1	0	2.0000	0.0000	1.0000	NaN	7.6341	8.2608	14.7048	25936.1915	25936.4936	1.0000	1.0000	0.0060
11wh04	3	24	1	0	1.0000	0.0000	1.0000	0.8942	NaN	NaN	NaN	25938.6324	25938.9896	1.0000	1.0000	0.1164
11wh04	3	24	1	0	2.0000	0.0000	1.0000	NaN	2.7292	2.6554	13.1710	25939.6955	25939.9977	1.0000	1.0000	0.0061
11wh04	3	25	1	0	1.0000	0.0000	1.0000	0.3807	NaN	NaN	NaN	25942.1635	25942.5186	1.0000	1.0000	0.0418
11wh04	3	25	1	0	2.0000	0.0000	1.0000	NaN	2.2366	1.4618	16.1207	25943.1358	25943.4383	1.0000	1.0000	0.0061
11wh04	3	26	1	0	1.0000	0.0000	1.0000	0.5708	NaN	NaN	NaN	25945.7010	25946.0557	1.0000	1.0000	0.0586
11wh04	3	26	1	0	2.0000	0.0000	1.0000	NaN	4.0814	5.1769	15.0931	25946.6558	25946.9580	1.0000	1.0000	0.0061
11wh04	3	27	1	0	1.0000	0.0000	1.0000	0.9009	NaN	NaN	NaN	25949.4699	25949.8236	1.0000	1.0000	0.1939
11wh04	3	27	1	0	2.0000	0.0000	1.0000	NaN	7.7366	9.1132	14.0273	25950.5755	25950.8777	1.0000	1.0000	0.0061
11wh04	3	28	1	0	1.0000	0.0000	-1.0000	0.9127	NaN	NaN	NaN	25953.2304	25953.6457	0.0000	1.0000	0.0005
11wh04	3	28	1	0	2.0000	0.0000	1.0000	NaN	2.1348	2.5753	14.5027	25954.2164	25954.5238	1.0000	1.0000	0.0217
11wh04	3	29	1	0	1.0000	0.0000	-1.0000	0.3620	NaN	NaN	NaN	25956.6422	25957.0472	0.0000	1.0000	0.1378
11wh04	3	29	1	0	2.0000	0.0000	1.0000	NaN	2.0370	2.1138	13.8747	25957.7668	25958.0735	1.0000	1.0000	0.1509
11wh04	3	30	1	0	1.0000	0.0000	-1.0000	0.3688	NaN	NaN	NaN	25960.2926	25960.7127	1.0000	0.0000	0.0005
11wh04	3	30	1	0	2.0000	0.0000	-1.0000	NaN	2.6797	-3.5361	15.9783	25961.1996	25961.5025	0.0000	1.0000	0.0061
11wh04	3	31	1	0	1.0000	0.0000	1.0000	0.9503	NaN	NaN	NaN	25963.4404	25963.7913	1.0000	1.0000	0.1142
11wh04	3	31	1	0	2.0000	0.0000	1.0000	NaN	7.6746	7.7233	14.9830	25964.4796	25964.7818	1.0000	1.0000	0.0062
11wh04	3	32	1	0	1.0000	0.0000	-1.0000	0.5028	NaN	NaN	NaN	25966.9879	25967.3394	0.0000	1.0000	0.1015
11wh04	3	32	1	0	2.0000	0.0000	1.0000	NaN	5.2190	2.3631	14.3690	25968.0154	25968.3176	1.0000	1.0000	0.0061
11wh04	3	33	1	0	1.0000	0.0000	-1.0000	0.4178	NaN	NaN	NaN	25970.1065	25970.4577	1.0000	0.0000	0.0563
11wh04	3	33	1	0	2.0000	0.0000	-1.0000	NaN	0.8834	-0.5179	15.4540	25970.9941	25971.2963	1.0000	0.0000	0.0492
11wh04	3	34	1	0	1.0000	0.0000	1.0000	0.6171	NaN	NaN	NaN	25973.5793	25973.9337	1.0000	1.0000	0.0364
11wh04	3	34	1	0	2.0000	0.0000	1.0000	NaN	8.6321	9.0846	15.2243	25974.4794	25974.7815	1.0000	1.0000	0.0061
11wh04	3	35	1	0	1.0000	0.0000	-1.0000	0.1353	NaN	NaN	NaN	25976.9542	25977.3056	0.0000	1.0000	0.0564
11wh04	3	35	1	0	2.0000	0.0000	1.0000	NaN	8.1737	7.4955	15.2674	25977.9525	25978.2547	1.0000	1.0000	0.0988
11wh04	3	36	1	0	1.0000	0.0000	1.0000	0.8458	NaN	NaN	NaN	25980.2457	25980.6000	1.0000	1.0000	0.0564
11wh04	3	36	1	0	2.0000	0.0000	1.0000	NaN	8.0965	7.3485	14.6399	25981.1992	25981.5028	1.0000	1.0000	0.0060
11wh04	3	37	1	0	1.0000	0.0000	1.0000	0.1488	NaN	NaN	NaN	25983.7634	25984.1207	1.0000	1.0000	0.4397
11wh04	3	37	1	0	2.0000	0.0000	1.0000	NaN	7.9158	10.7918	14.4606	25985.1523	25985.4544	1.0000	1.0000	0.1317
11wh04	3	38	1	0	1.0000	0.0000	1.0000	0.6917	NaN	NaN	NaN	25987.6849	25988.0384	1.0000	1.0000	0.1230
11wh04	3	38	1	0	2.0000	0.0000	1.0000	NaN	3.5551	4.0507	14.0071	25988.7201	25989.0223	1.0000	1.0000	0.2741
11wh04	3	39	1	0	1.0000	0.0000	-1.0000	0.6958	NaN	NaN	NaN	25991.6213	25991.9715	0.0000	1.0000	0.1100
11wh04	3	39	1	0	2.0000	0.0000	1.0000	NaN	0.2744	1.3960	15.1678	25992.6393	25992.9415	1.0000	1.0000	0.0348
11wh04	3	40	1	0	1.0000	0.0000	-1.0000	0.6115	NaN	NaN	NaN	25995.2614	25995.6160	0.0000	1.0000	0.1292
11wh04	3	40	1	0	2.0000	0.0000	1.0000	NaN	4.6691	5.9543	14.4383	25996.3531	25996.6553	1.0000	1.0000	0.0506
11wh04	3	41	1	0	1.0000	0.0000	-1.0000	0.0370	NaN	NaN	NaN	25998.9975	25999.4100	1.0000	0.0000	0.0795
11wh04	3	41	1	0	2.0000	0.0000	-1.0000	NaN	4.0531	-4.9049	15.0847	26000.0402	26000.3442	0.0000	1.0000	0.2009
11wh04	3	42	1	0	1.0000	0.0000	1.0000	0.9228	NaN	NaN	NaN	26002.4277	26002.8434	1.0000	1.0000	0.0055
11wh04	3	42	1	0	2.0000	0.0000	1.0000	NaN	6.0413	5.8996	14.8764	26003.4311	26003.7379	1.0000	1.0000	0.0716
11wh04	3	43	1	0	1.0000	0.0000	-1.0000	0.2450	NaN	NaN	NaN	26006.0296	26006.4433	0.0000	1.0000	0.0381
11wh04	3	43	1	0	2.0000	0.0000	1.0000	NaN	5.6871	7.6952	16.0651	26007.0801	26007.3869	1.0000	1.0000	0.0386
11wh04	3	44	1	0	1.0000	0.0000	-1.0000	0.2655	NaN	NaN	NaN	26009.6175	26010.0267	0.0000	1.0000	0.1347
11wh04	3	44	1	0	2.0000	0.0000	1.0000	NaN	1.1683	0.1653	13.9232	26010.7298	26011.0368	0.0000	0.0000	0.3081
11wh04	3	45	1	0	1.0000	0.0000	1.0000	0.5720	NaN	NaN	NaN	26013.7581	26014.1776	1.0000	1.0000	0.0147
11wh04	3	45	1	0	2.0000	0.0000	1.0000	NaN	1.7166	3.4572	13.7803	26014.7628	26015.0700	1.0000	1.0000	0.0061
11wh04	3	46	1	0	1.0000	0.0000	-1.0000	0.7196	NaN	NaN	NaN	26017.2557	26017.6419	0.0000	1.0000	0.0224
11wh04	3	46	1	0	2.0000	0.0000	1.0000	NaN	6.4677	5.6509	14.9109	26018.2409	26018.5432	1.0000	1.0000	0.0663
11wh04	3	47	1	0	1.0000	0.0000	-1.0000	0.7464	NaN	NaN	NaN	26020.6671	26021.0200	0.0000	1.0000	0.0860
11wh04	3	47	1	0	2.0000	0.0000	1.0000	NaN	4.0694	2.8806	14.8493	26021.6629	26021.9656	1.0000	1.0000	0.0062
11wh04	3	48	1	0	1.0000	0.0000	1.0000	0.4684	NaN	NaN	NaN	26024.1109	26024.4644	1.0000	1.0000	0.0971
11wh04	3	48	1	0	2.0000	0.0000	1.0000	NaN	0.3463	1.1215	16.1288	26025.1237	26025.4263	1.0000	1.0000	0.0061
11wh04	3	49	1	0	1.0000	0.0000	-1.0000	0.2976	NaN	NaN	NaN	26027.8083	26028.1645	0.0000	1.0000	0.0770
11wh04	3	49	1	0	2.0000	0.0000	1.0000	NaN	5.0727	5.4810	15.2431	26028.8163	26029.1186	1.0000	1.0000	0.1467
11wh04	3	50	1	0	1.0000	0.0000	1.0000	0.6807	NaN	NaN	NaN	26031.5642	26031.9183	1.0000	1.0000	0.0180
11wh04	3	50	1	0	2.0000	0.0000	1.0000	NaN	8.1082	9.6761	14.8241	26032.4797	26032.7831	1.0000	1.0000	0.0061
11wh04	4	1	1	0	1.0000	0.0000	-1.0000	0.8220	NaN	NaN	NaN	26067.7476	26068.1748	0.0000	1.0000	0.4342
11wh04	4	1	1	0	2.0000	0.0000	1.0000	NaN	4.1979	2.0757	14.4841	26069.2101	26069.5175	1.0000	1.0000	0.0828
11wh04	4	2	1	0	1.0000	0.0000	1.0000	0.0466	NaN	NaN	NaN	26071.9289	26072.3329	1.0000	1.0000	0.0525
11wh04	4	2	1	0	2.0000	0.0000	1.0000	NaN	6.9442	7.1143	14.2257	26072.9435	26073.2463	1.0000	1.0000	0.0061
11wh04	4	3	1	0	1.0000	0.0000	-1.0000	0.8552	NaN	NaN	NaN	26075.3325	26075.6839	0.0000	1.0000	0.1084
11wh04	4	3	1	0	2.0000	0.0000	1.0000	NaN	2.4059	3.6444	14.7487	26076.3355	26076.6376	1.0000	1.0000	0.0061
11wh04	4	4	1	0	1.0000	0.0000	-1.0000	0.8949	NaN	NaN	NaN	26078.8172	26079.1690	0.0000	1.0000	0.1277
11wh04	4	4	1	0	2.0000	0.0000	1.0000	NaN	7.5195	6.2372	14.7237	26079.8564	26080.1586	1.0000	1.0000	0.0061
11wh04	4	5	1	0	1.0000	0.0000	-1.0000	0.7577	NaN	NaN	NaN	26082.0377	26082.3949	0.0000	1.0000	0.0711
11wh04	4	5	1	0	2.0000	0.0000	1.0000	NaN	2.4409	4.3258	14.9275	26083.0074	26083.3096	1.0000	1.0000	0.0060
11wh04	4	6	1	0	1.0000	0.0000	-1.0000	0.9874	NaN	NaN	NaN	26085.5004	26085.8519	0.0000	1.0000	0.1324
11wh04	4	6	1	0	2.0000	0.0000	1.0000	NaN	7.3623	9.1419	13.2206	26086.5423	26086.8445	1.0000	1.0000	3.5725
11wh04	4	7	1	0	1.0000	0.0000	-1.0000	0.2252	NaN	NaN	NaN	26092.9788	26093.4013	1.0000	0.0000	0.2156
11wh04	4	7	1	0	2.0000	0.0000	-1.0000	NaN	3.9524	-1.3600	15.6305	26094.1861	26094.4906	1.0000	0.0000	0.0063
11wh04	4	8	1	0	1.0000	0.0000	-1.0000	0.4673	NaN	NaN	NaN	26096.3690	26096.7895	1.0000	0.0000	0.0318
11wh04	4	8	1	0	2.0000	0.0000	-1.0000	NaN	2.5715	-2.1204	13.6614	26097.4077	26097.7100	0.0000	1.0000	0.0983
11wh04	4	9	1	0	1.0000	0.0000	-1.0000	0.2562	NaN	NaN	NaN	26100.1084	26100.4646	0.0000	1.0000	0.3526
11wh04	4	9	1	0	2.0000	0.0000	1.0000	NaN	2.6078	4.1403	14.9762	26101.3754	26101.6781	1.0000	1.0000	0.0988
11wh04	4	10	1	0	1.0000	0.0000	1.0000	0.2644	NaN	NaN	NaN	26103.6093	26103.9646	1.0000	1.0000	0.0836
11wh04	4	10	1	0	2.0000	0.0000	1.0000	NaN	6.4308	5.4344	14.7353	26104.5755	26104.8784	0.0000	0.0000	0.0514
11wh04	4	11	1	0	1.0000	0.0000	1.0000	0.2741	NaN	NaN	NaN	26106.7641	26107.1157	1.0000	1.0000	0.1013
11wh04	4	11	1	0	2.0000	0.0000	1.0000	NaN	0.3671	1.9677	15.1302	26107.7452	26108.0474	0.0000	0.0000	0.2100
11wh04	4	12	1	0	1.0000	0.0000	1.0000	0.7397	NaN	NaN	NaN	26110.7882	26111.1435	1.0000	1.0000	0.1064
11wh04	4	12	1	0	2.0000	0.0000	1.0000	NaN	4.1958	5.5607	15.2167	26111.8718	26112.1741	1.0000	1.0000	0.0195
11wh04	4	13	1	0	1.0000	0.0000	-1.0000	0.0343	NaN	NaN	NaN	26114.6010	26114.9534	1.0000	0.0000	0.1206
11wh04	4	13	1	0	2.0000	0.0000	-1.0000	NaN	1.7760	-2.8235	15.5411	26115.6473	26115.9495	0.0000	1.0000	0.5956
11wh04	4	14	1	0	1.0000	0.0000	-1.0000	0.6276	NaN	NaN	NaN	26118.9533	26119.3097	0.0000	1.0000	0.1791
11wh04	4	14	1	0	2.0000	0.0000	1.0000	NaN	6.1610	7.2721	15.4615	26120.0637	26120.3659	1.0000	1.0000	0.0354
11wh04	4	15	1	0	1.0000	0.0000	1.0000	0.5505	NaN	NaN	NaN	26122.9162	26123.2666	1.0000	1.0000	0.1107
11wh04	4	15	1	0	2.0000	0.0000	1.0000	NaN	7.4354	5.8754	15.1280	26123.9502	26124.2525	1.0000	1.0000	0.0691
11wh04	4	16	1	0	1.0000	0.0000	1.0000	0.3864	NaN	NaN	NaN	26126.1860	26126.5427	1.0000	1.0000	0.0495
11wh04	4	16	1	0	2.0000	0.0000	1.0000	NaN	2.3039	0.8929	15.1945	26127.1359	26127.4381	1.0000	1.0000	0.0061
11wh04	4	17	1	0	1.0000	0.0000	-1.0000	0.1432	NaN	NaN	NaN	26129.6652	26130.0163	1.0000	0.0000	0.1279
11wh04	4	17	1	0	2.0000	0.0000	-1.0000	NaN	4.9363	-2.7122	15.4645	26130.7205	26131.0228	1.0000	0.0000	0.5139
11wh04	4	18	1	0	1.0000	0.0000	-1.0000	0.3617	NaN	NaN	NaN	26134.2323	26134.5828	0.0000	1.0000	0.3147
11wh04	4	18	1	0	2.0000	0.0000	1.0000	NaN	0.8704	0.4999	16.1376	26135.4555	26135.7577	1.0000	1.0000	0.0185
11wh04	4	19	1	0	1.0000	0.0000	1.0000	0.2170	NaN	NaN	NaN	26137.6114	26137.9974	1.0000	1.0000	0.9948
11wh04	4	19	1	0	2.0000	0.0000	1.0000	NaN	1.1983	0.4186	15.2655	26139.5523	26139.8545	1.0000	1.0000	0.2425
11wh04	4	20	1	0	1.0000	0.0000	-1.0000	0.1969	NaN	NaN	NaN	26142.2460	26142.5971	1.0000	0.0000	0.2351
11wh04	4	20	1	0	2.0000	0.0000	-1.0000	NaN	6.2563	-6.9510	15.3540	26143.3905	26143.6937	0.0000	1.0000	0.1305
11wh04	4	21	1	0	1.0000	0.0000	1.0000	0.4844	NaN	NaN	NaN	26146.2079	26146.5623	1.0000	1.0000	0.1584
11wh04	4	21	1	0	2.0000	0.0000	1.0000	NaN	7.8092	6.0761	16.1661	26147.2788	26147.5810	1.0000	1.0000	0.0363
11wh04	4	22	1	0	1.0000	0.0000	-1.0000	0.1180	NaN	NaN	NaN	26150.0983	26150.4486	0.0000	1.0000	1.0236
11wh04	4	22	1	0	2.0000	0.0000	1.0000	NaN	3.3983	3.3266	14.3674	26152.0311	26152.3333	1.0000	1.0000	0.1647
11wh04	4	23	1	0	1.0000	0.0000	1.0000	0.0485	NaN	NaN	NaN	26154.9300	26155.2817	1.0000	1.0000	0.0785
11wh04	4	23	1	0	2.0000	0.0000	1.0000	NaN	0.8520	1.9333	14.4249	26155.9360	26156.2382	1.0000	1.0000	0.0512
11wh04	4	24	1	0	1.0000	0.0000	-1.0000	0.6505	NaN	NaN	NaN	26158.2144	26158.5647	0.0000	1.0000	0.1881
11wh04	4	24	1	0	2.0000	0.0000	1.0000	NaN	5.8343	4.6836	13.1731	26159.3280	26159.6302	1.0000	1.0000	0.0061
11wh04	4	25	1	0	1.0000	0.0000	1.0000	0.0716	NaN	NaN	NaN	26161.6984	26162.0510	1.0000	1.0000	0.1732
11wh04	4	25	1	0	2.0000	0.0000	1.0000	NaN	6.2744	6.8934	15.9480	26162.7840	26163.0862	1.0000	1.0000	0.0340
11wh04	4	26	1	0	1.0000	0.0000	1.0000	0.5958	NaN	NaN	NaN	26165.4607	26165.8126	1.0000	1.0000	0.1087
11wh04	4	26	1	0	2.0000	0.0000	1.0000	NaN	2.2999	3.2287	13.7287	26166.4796	26166.7818	1.0000	1.0000	0.0061
11wh04	4	27	1	0	1.0000	0.0000	1.0000	0.3528	NaN	NaN	NaN	26169.2452	26169.5958	1.0000	1.0000	0.0524
11wh04	4	27	1	0	2.0000	0.0000	1.0000	NaN	3.4996	3.5266	15.4342	26170.2231	26170.5266	1.0000	1.0000	0.0501
11wh04	4	28	1	0	1.0000	0.0000	-1.0000	0.1055	NaN	NaN	NaN	26172.9181	26173.2737	1.0000	0.0000	0.1039
11wh04	4	28	1	0	2.0000	0.0000	-1.0000	NaN	2.8746	-3.1670	14.1585	26173.8875	26174.1897	1.0000	0.0000	0.1465
11wh04	4	29	1	0	1.0000	0.0000	-1.0000	0.0737	NaN	NaN	NaN	26176.4879	26176.8441	1.0000	0.0000	0.0851
11wh04	4	29	1	0	2.0000	0.0000	-1.0000	NaN	3.7740	-3.4604	13.8592	26177.5037	26177.8058	0.0000	1.0000	0.1791
11wh04	4	30	1	0	1.0000	0.0000	-1.0000	0.9149	NaN	NaN	NaN	26180.1181	26180.4732	0.0000	1.0000	0.1830
11wh04	4	30	1	0	2.0000	0.0000	1.0000	NaN	6.4242	4.7984	14.8980	26181.2462	26181.5483	1.0000	1.0000	0.0061
11wh04	4	31	1	0	1.0000	0.0000	-1.0000	0.5771	NaN	NaN	NaN	26184.0453	26184.4300	0.0000	1.0000	0.0822
11wh04	4	31	1	0	2.0000	0.0000	1.0000	NaN	3.8160	3.1356	14.7125	26185.1036	26185.4057	1.0000	1.0000	0.0061
11wh04	4	32	1	0	1.0000	0.0000	1.0000	0.1147	NaN	NaN	NaN	26187.5352	26187.8894	1.0000	1.0000	0.0480
11wh04	4	32	1	0	2.0000	0.0000	1.0000	NaN	7.1142	6.1814	14.0099	26188.5113	26188.8136	1.0000	1.0000	0.0061
11wh04	4	33	1	0	1.0000	0.0000	1.0000	0.3216	NaN	NaN	NaN	26191.0264	26191.3780	1.0000	1.0000	0.1279
11wh04	4	33	1	0	2.0000	0.0000	1.0000	NaN	7.9124	6.7959	17.1596	26192.0642	26192.3663	0.0000	0.0000	0.0189
11wh04	4	34	1	0	1.0000	0.0000	-1.0000	0.7397	NaN	NaN	NaN	26194.5516	26194.9058	0.0000	1.0000	0.2149
11wh04	4	34	1	0	2.0000	0.0000	1.0000	NaN	6.9717	8.6694	14.2814	26195.6792	26195.9813	1.0000	1.0000	0.0061
11wh04	4	35	1	0	1.0000	0.0000	1.0000	0.6352	NaN	NaN	NaN	26197.9853	26198.3389	1.0000	1.0000	0.0613
11wh04	4	35	1	0	2.0000	0.0000	1.0000	NaN	7.3395	7.7025	15.2639	26198.9269	26199.2290	1.0000	1.0000	0.1803
11wh04	4	36	1	0	1.0000	0.0000	1.0000	0.9156	NaN	NaN	NaN	26201.9087	26202.2607	1.0000	1.0000	0.0594
11wh04	4	36	1	0	2.0000	0.0000	1.0000	NaN	3.2588	5.0576	14.2035	26202.8321	26203.1343	1.0000	1.0000	0.0061
11wh04	4	37	1	0	1.0000	0.0000	-1.0000	0.4849	NaN	NaN	NaN	26205.0718	26205.4260	0.0000	1.0000	0.1746
11wh04	4	37	1	0	2.0000	0.0000	1.0000	NaN	4.6914	5.2399	14.8432	26206.1759	26206.4780	1.0000	1.0000	0.0060
11wh04	4	38	1	0	1.0000	0.0000	1.0000	0.5795	NaN	NaN	NaN	26208.9594	26209.3104	1.0000	1.0000	0.0024
11wh04	4	38	1	0	2.0000	0.0000	1.0000	NaN	6.2064	6.5735	16.0062	26209.8557	26210.1580	1.0000	1.0000	0.0061
11wh04	4	39	1	0	1.0000	0.0000	1.0000	0.0076	NaN	NaN	NaN	26212.6870	26213.0424	1.0000	1.0000	0.4464
11wh04	4	39	1	0	2.0000	0.0000	1.0000	NaN	2.1642	3.2880	14.2189	26214.0483	26214.3505	1.0000	1.0000	0.1148
11wh04	4	40	1	0	1.0000	0.0000	-1.0000	0.2941	NaN	NaN	NaN	26216.3141	26216.6649	0.0000	1.0000	0.2963
11wh04	4	40	1	0	2.0000	0.0000	1.0000	NaN	6.9909	6.8701	14.0828	26217.5191	26217.8211	1.0000	1.0000	0.0061
11wh04	4	41	1	0	1.0000	0.0000	1.0000	0.7596	NaN	NaN	NaN	26219.9171	26220.2712	1.0000	1.0000	0.0181
11wh04	4	41	1	0	2.0000	0.0000	1.0000	NaN	5.4942	5.4382	15.0659	26220.8483	26221.1504	1.0000	1.0000	0.0061
11wh04	4	42	1	0	1.0000	0.0000	1.0000	0.6008	NaN	NaN	NaN	26223.5970	26223.9476	1.0000	1.0000	0.0205
11wh04	4	42	1	0	2.0000	0.0000	1.0000	NaN	6.1999	5.8858	15.7191	26224.5756	26224.8777	1.0000	1.0000	0.0062
11wh04	4	43	1	0	1.0000	0.0000	-1.0000	0.3940	NaN	NaN	NaN	26226.9092	26227.2595	0.0000	1.0000	0.1499
11wh04	4	43	1	0	2.0000	0.0000	1.0000	NaN	2.6202	2.5927	14.3399	26227.9831	26228.2853	1.0000	1.0000	0.0060
11wh04	4	44	1	0	1.0000	0.0000	-1.0000	0.4553	NaN	NaN	NaN	26230.2260	26230.6362	1.0000	0.0000	0.0039
11wh04	4	44	1	0	2.0000	0.0000	-1.0000	NaN	5.4978	-3.9938	14.4869	26231.1932	26231.4974	0.0000	1.0000	0.0227
11wh04	4	45	1	0	1.0000	0.0000	-1.0000	0.6475	NaN	NaN	NaN	26234.1005	26234.5293	0.0000	1.0000	0.1589
11wh04	4	45	1	0	2.0000	0.0000	1.0000	NaN	1.8842	3.0741	14.3709	26235.3054	26235.6104	1.0000	1.0000	0.0061
11wh04	4	46	1	0	1.0000	0.0000	1.0000	0.4361	NaN	NaN	NaN	26237.6420	26238.0675	1.0000	1.0000	0.0006
11wh04	4	46	1	0	2.0000	0.0000	1.0000	NaN	0.2248	0.4387	14.2353	26238.6015	26238.9087	1.0000	1.0000	0.1154
11wh04	4	47	1	0	1.0000	0.0000	1.0000	0.2742	NaN	NaN	NaN	26241.1615	26241.5822	1.0000	1.0000	0.2103
11wh04	4	47	1	0	2.0000	0.0000	1.0000	NaN	5.5907	6.3471	15.1038	26242.3778	26242.6822	1.0000	1.0000	0.0061
11wh04	4	48	1	0	1.0000	0.0000	1.0000	0.1926	NaN	NaN	NaN	26245.2531	26245.6653	1.0000	1.0000	0.0151
11wh04	4	48	1	0	2.0000	0.0000	1.0000	NaN	3.7952	4.4518	15.8926	26246.2480	26246.5526	1.0000	1.0000	0.0061
11wh04	4	49	1	0	1.0000	0.0000	-1.0000	0.6364	NaN	NaN	NaN	26248.5306	26248.9131	0.0000	1.0000	0.0801
11wh04	4	49	1	0	2.0000	0.0000	1.0000	NaN	3.0752	2.7785	14.2031	26249.5835	26249.8856	1.0000	1.0000	0.0061
11wh04	4	50	1	0	1.0000	0.0000	1.0000	0.8688	NaN	NaN	NaN	26252.4420	26252.7932	1.0000	1.0000	0.0560
11wh04	4	50	1	0	2.0000	0.0000	1.0000	NaN	3.9366	4.3934	16.3888	26253.3747	26253.6770	1.0000	1.0000	0.0061
11wh04	5	1	1	0	1.0000	0.0000	1.0000	0.0608	NaN	NaN	NaN	26257.1064	26257.4579	1.0000	1.0000	0.1262
11wh04	5	1	1	0	2.0000	0.0000	1.0000	NaN	1.1243	2.5830	14.6605	26258.1594	26258.4617	1.0000	1.0000	0.0358
11wh04	5	2	1	0	1.0000	0.0000	-1.0000	0.6483	NaN	NaN	NaN	26260.5474	26260.9024	0.0000	1.0000	0.2177
11wh04	5	2	1	0	2.0000	0.0000	1.0000	NaN	5.8426	7.6426	14.1647	26261.6795	26261.9818	1.0000	1.0000	0.0060
11wh04	5	3	1	0	1.0000	0.0000	-1.0000	0.0784	NaN	NaN	NaN	26264.0270	26264.3790	1.0000	0.0000	0.4216
11wh04	5	3	1	0	2.0000	0.0000	-1.0000	NaN	7.4047	-6.0260	16.3115	26265.3755	26265.6778	1.0000	0.0000	0.0359
11wh04	5	4	1	0	1.0000	0.0000	-1.0000	0.0309	NaN	NaN	NaN	26267.6893	26268.0408	0.0000	1.0000	0.6954
11wh04	5	4	1	0	2.0000	0.0000	1.0000	NaN	2.2459	3.6815	14.8250	26269.2963	26269.5985	1.0000	1.0000	0.0348
11wh04	5	5	1	0	1.0000	0.0000	1.0000	0.0842	NaN	NaN	NaN	26271.6160	26271.9726	1.0000	1.0000	0.6042
11wh04	5	5	1	0	2.0000	0.0000	1.0000	NaN	4.8743	6.9153	15.1193	26273.1506	26273.4537	0.0000	0.0000	0.0996
11wh04	5	6	1	0	1.0000	0.0000	-1.0000	0.6800	NaN	NaN	NaN	26275.5598	26275.9803	0.0000	1.0000	0.4055
11wh04	5	6	1	0	2.0000	0.0000	1.0000	NaN	3.9428	3.3752	14.8155	26276.9520	26277.2578	1.0000	1.0000	0.1023
11wh04	5	7	1	0	1.0000	0.0000	-1.0000	0.1240	NaN	NaN	NaN	26279.8742	26280.2938	1.0000	0.0000	0.2349
11wh04	5	7	1	0	2.0000	0.0000	-1.0000	NaN	5.2333	-5.2926	15.0362	26281.0805	26281.3860	0.0000	1.0000	0.2951
11wh04	5	8	1	0	1.0000	0.0000	-1.0000	0.9666	NaN	NaN	NaN	26283.6076	26284.0300	0.0000	1.0000	0.0501
11wh04	5	8	1	0	2.0000	0.0000	1.0000	NaN	0.8424	2.1292	15.2988	26284.6812	26284.9874	1.0000	1.0000	0.0537
11wh04	5	9	1	0	1.0000	0.0000	-1.0000	0.1979	NaN	NaN	NaN	26287.4175	26287.8290	0.0000	1.0000	0.1551
11wh04	5	9	1	0	2.0000	0.0000	1.0000	NaN	7.2917	4.9505	14.1727	26288.5599	26288.8621	1.0000	1.0000	0.0825
11wh04	5	10	1	0	1.0000	0.0000	1.0000	0.2414	NaN	NaN	NaN	26291.3041	26291.6562	1.0000	1.0000	0.1526
11wh04	5	10	1	0	2.0000	0.0000	1.0000	NaN	6.5181	4.7192	15.7578	26292.4302	26292.7324	1.0000	1.0000	0.0061
11wh04	5	11	1	0	1.0000	0.0000	1.0000	0.0523	NaN	NaN	NaN	26295.0379	26295.3894	1.0000	1.0000	0.0998
11wh04	5	11	1	0	2.0000	0.0000	1.0000	NaN	7.9341	6.8627	16.1403	26296.0795	26296.3818	1.0000	1.0000	0.0513
11wh04	5	12	1	0	1.0000	0.0000	-1.0000	0.4510	NaN	NaN	NaN	26299.0069	26299.3576	0.0000	1.0000	0.2271
11wh04	5	12	1	0	2.0000	0.0000	1.0000	NaN	6.0447	6.7383	12.9451	26300.1441	26300.4463	1.0000	1.0000	0.0190
11wh04	5	13	1	0	1.0000	0.0000	-1.0000	0.6835	NaN	NaN	NaN	26303.0818	26303.4376	0.0000	1.0000	0.1949
11wh04	5	13	1	0	2.0000	0.0000	1.0000	NaN	4.2529	3.2374	15.5444	26304.1921	26304.4943	1.0000	1.0000	0.0061
11wh04	5	14	1	0	1.0000	0.0000	1.0000	0.3422	NaN	NaN	NaN	26306.9302	26307.2876	1.0000	1.0000	0.0885
11wh04	5	14	1	0	2.0000	0.0000	1.0000	NaN	7.5649	10.4582	16.3477	26307.9528	26308.2548	1.0000	1.0000	0.0061
11wh04	5	15	1	0	1.0000	0.0000	1.0000	0.4138	NaN	NaN	NaN	26310.8468	26311.2039	1.0000	1.0000	0.1409
11wh04	5	15	1	0	2.0000	0.0000	1.0000	NaN	3.0203	1.8133	14.1589	26311.9371	26312.2392	1.0000	1.0000	0.0061
11wh04	5	16	1	0	1.0000	0.0000	1.0000	0.5417	NaN	NaN	NaN	26314.2918	26314.6430	1.0000	1.0000	0.1258
11wh04	5	16	1	0	2.0000	0.0000	1.0000	NaN	2.4076	2.0659	14.8694	26315.3279	26315.6301	1.0000	1.0000	0.0061
11wh04	5	17	1	0	1.0000	0.0000	1.0000	0.8136	NaN	NaN	NaN	26317.7501	26318.1035	1.0000	1.0000	0.1532
11wh04	5	17	1	0	2.0000	0.0000	1.0000	NaN	8.1565	8.3867	14.7953	26318.7837	26319.0859	1.0000	1.0000	0.0061
11wh04	5	18	1	0	1.0000	0.0000	1.0000	0.9837	NaN	NaN	NaN	26321.3373	26321.7424	1.0000	1.0000	0.0005
11wh04	5	18	1	0	2.0000	0.0000	1.0000	NaN	7.8698	6.9297	14.7553	26322.2875	26322.5897	1.0000	1.0000	0.0061
11wh04	5	19	1	0	1.0000	0.0000	1.0000	0.1263	NaN	NaN	NaN	26324.8781	26325.2323	1.0000	1.0000	0.7845
11wh04	5	19	1	0	2.0000	0.0000	1.0000	NaN	7.3219	6.9573	15.8661	26326.6074	26326.9096	1.0000	1.0000	0.1465
11wh04	5	20	1	0	1.0000	0.0000	1.0000	0.8191	NaN	NaN	NaN	26329.5380	26329.8894	1.0000	1.0000	0.2081
11wh04	5	20	1	0	2.0000	0.0000	1.0000	NaN	6.2435	7.3925	15.5882	26330.6394	26330.9416	1.0000	1.0000	0.0061
11wh04	5	21	1	0	1.0000	0.0000	1.0000	0.7237	NaN	NaN	NaN	26333.3614	26333.7153	1.0000	1.0000	0.7014
11wh04	5	21	1	0	2.0000	0.0000	1.0000	NaN	0.3773	0.5532	16.1229	26334.9762	26335.2783	1.0000	1.0000	0.0061
11wh04	5	22	1	0	1.0000	0.0000	-1.0000	0.6690	NaN	NaN	NaN	26337.2320	26337.5860	0.0000	1.0000	0.1757
11wh04	5	22	1	0	2.0000	0.0000	1.0000	NaN	0.2768	1.1087	13.7446	26338.3192	26338.6214	1.0000	1.0000	0.0359
11wh04	5	23	1	0	1.0000	0.0000	-1.0000	0.4513	NaN	NaN	NaN	26341.0591	26341.4151	0.0000	1.0000	0.1863
11wh04	5	23	1	0	2.0000	0.0000	1.0000	NaN	1.5944	1.8824	14.9264	26342.1919	26342.4940	1.0000	1.0000	0.0061
11wh04	5	24	1	0	1.0000	0.0000	-1.0000	0.1667	NaN	NaN	NaN	26345.0387	26345.3920	0.0000	1.0000	0.2569
11wh04	5	24	1	0	2.0000	0.0000	1.0000	NaN	0.8624	0.0113	15.3094	26346.2231	26346.5253	1.0000	1.0000	0.0061
11wh04	5	25	1	0	1.0000	0.0000	1.0000	0.6796	NaN	NaN	NaN	26348.6051	26348.9549	1.0000	1.0000	0.0705
11wh04	5	25	1	0	2.0000	0.0000	1.0000	NaN	0.1665	1.3158	14.0047	26349.5853	26349.8874	1.0000	1.0000	0.0061
11wh04	5	26	1	0	1.0000	0.0000	-1.0000	0.4465	NaN	NaN	NaN	26352.2920	26352.6478	0.0000	1.0000	0.2014
11wh04	5	26	1	0	2.0000	0.0000	1.0000	NaN	4.3907	1.2475	15.6438	26353.4082	26353.7105	1.0000	1.0000	0.0496
11wh04	5	27	1	0	1.0000	0.0000	-1.0000	0.7062	NaN	NaN	NaN	26356.0278	26356.3849	0.0000	1.0000	0.1439
11wh04	5	27	1	0	2.0000	0.0000	1.0000	NaN	7.5867	8.6016	14.1896	26357.0871	26357.3893	1.0000	1.0000	0.0061
11wh04	5	28	1	0	1.0000	0.0000	-1.0000	0.4336	NaN	NaN	NaN	26359.5961	26359.9516	0.0000	1.0000	0.1932
11wh04	5	28	1	0	2.0000	0.0000	1.0000	NaN	1.5067	1.8443	15.4091	26360.7025	26361.0047	0.0000	0.0000	0.3246
11wh04	5	29	1	0	1.0000	0.0000	1.0000	0.5118	NaN	NaN	NaN	26363.5502	26363.9025	1.0000	1.0000	0.0665
11wh04	5	29	1	0	2.0000	0.0000	1.0000	NaN	7.2281	7.5846	14.7358	26364.5262	26364.8283	1.0000	1.0000	0.0060
11wh04	5	30	1	0	1.0000	0.0000	-1.0000	0.5867	NaN	NaN	NaN	26367.3759	26367.7919	0.0000	1.0000	0.0172
11wh04	5	30	1	0	2.0000	0.0000	1.0000	NaN	6.5287	7.7315	15.6950	26368.3923	26368.6964	1.0000	1.0000	0.0062
11wh04	5	31	1	0	1.0000	0.0000	-1.0000	0.2970	NaN	NaN	NaN	26371.0096	26371.4251	0.0000	1.0000	0.0006
11wh04	5	31	1	0	2.0000	0.0000	1.0000	NaN	4.3385	3.4773	15.6186	26371.9788	26372.2861	0.0000	0.0000	0.0980
11wh04	5	32	1	0	1.0000	0.0000	-1.0000	0.9789	NaN	NaN	NaN	26374.9217	26375.3426	0.0000	1.0000	0.0023
11wh04	5	32	1	0	2.0000	0.0000	1.0000	NaN	8.4609	7.9605	15.4895	26375.9149	26376.2198	1.0000	1.0000	0.0061
11wh04	5	33	1	0	1.0000	0.0000	1.0000	0.2375	NaN	NaN	NaN	26378.3559	26378.7752	1.0000	1.0000	0.0583
11wh04	5	33	1	0	2.0000	0.0000	1.0000	NaN	6.3980	7.6180	15.6172	26379.4194	26379.7240	1.0000	1.0000	0.1330
11wh04	5	34	1	0	1.0000	0.0000	-1.0000	0.8733	NaN	NaN	NaN	26381.9115	26382.3249	0.0000	1.0000	0.0599
11wh04	5	34	1	0	2.0000	0.0000	1.0000	NaN	5.5630	6.3941	14.6279	26382.9586	26383.2607	1.0000	1.0000	0.0060
11wh04	5	35	1	0	1.0000	0.0000	1.0000	0.8886	NaN	NaN	NaN	26385.7091	26386.0625	1.0000	1.0000	0.0026
11wh04	5	35	1	0	2.0000	0.0000	1.0000	NaN	2.7998	3.3515	14.3954	26386.6242	26386.9264	1.0000	1.0000	0.0061
11wh04	5	36	1	0	1.0000	0.0000	1.0000	0.7355	NaN	NaN	NaN	26389.1211	26389.4725	1.0000	1.0000	0.0328
11wh04	5	36	1	0	2.0000	0.0000	1.0000	NaN	3.7982	5.4585	15.4668	26390.0791	26390.3821	1.0000	1.0000	0.0061
11wh04	5	37	1	0	1.0000	0.0000	1.0000	0.4905	NaN	NaN	NaN	26392.8041	26393.1559	1.0000	1.0000	0.0293
11wh04	5	37	1	0	2.0000	0.0000	1.0000	NaN	0.9153	4.8035	14.9617	26393.7590	26394.0612	1.0000	1.0000	0.0061
11wh04	5	38	1	0	1.0000	0.0000	-1.0000	0.0146	NaN	NaN	NaN	26396.0074	26396.3621	1.0000	0.0000	0.1191
11wh04	5	38	1	0	2.0000	0.0000	-1.0000	NaN	6.9493	-6.7396	16.1703	26397.0713	26397.3735	0.0000	1.0000	3.0105
11wh04	5	39	1	0	1.0000	0.0000	1.0000	0.0046	NaN	NaN	NaN	26402.6604	26403.0158	1.0000	1.0000	0.2807
11wh04	5	39	1	0	2.0000	0.0000	1.0000	NaN	2.7666	3.2338	15.4875	26403.8554	26404.1575	0.0000	0.0000	0.1785
11wh04	5	40	1	0	1.0000	0.0000	1.0000	0.5967	NaN	NaN	NaN	26406.6769	26407.0325	1.0000	1.0000	0.0730
11wh04	5	40	1	0	2.0000	0.0000	1.0000	NaN	3.0640	1.5668	14.6796	26407.6955	26407.9979	1.0000	1.0000	0.0061
11wh04	5	41	1	0	1.0000	0.0000	1.0000	0.8694	NaN	NaN	NaN	26410.5109	26410.8654	1.0000	1.0000	0.0312
11wh04	5	41	1	0	2.0000	0.0000	1.0000	NaN	6.8014	5.7094	15.1051	26411.4722	26411.7744	1.0000	1.0000	0.0061
11wh04	5	42	1	0	1.0000	0.0000	-1.0000	0.3246	NaN	NaN	NaN	26413.7350	26414.1566	0.0000	1.0000	0.1164
11wh04	5	42	1	0	2.0000	0.0000	1.0000	NaN	1.7536	2.3774	16.1543	26414.8873	26415.1918	1.0000	1.0000	0.0082
11wh04	5	43	1	0	1.0000	0.0000	-1.0000	0.3653	NaN	NaN	NaN	26417.1871	26417.6065	1.0000	0.0000	0.0006
11wh04	5	43	1	0	2.0000	0.0000	-1.0000	NaN	2.4299	-2.0761	16.5961	26418.2015	26418.5060	0.0000	1.0000	0.0061
11wh04	5	44	1	0	1.0000	0.0000	-1.0000	0.5156	NaN	NaN	NaN	26420.8426	26421.2513	0.0000	1.0000	0.1580
11wh04	5	44	1	0	2.0000	0.0000	1.0000	NaN	5.5817	6.2789	15.0350	26421.9992	26422.3014	1.0000	1.0000	0.0061
11wh04	5	45	1	0	1.0000	0.0000	1.0000	0.8847	NaN	NaN	NaN	26424.6537	26425.0105	1.0000	1.0000	0.1254
11wh04	5	45	1	0	2.0000	0.0000	1.0000	NaN	0.3940	0.2202	15.4093	26425.6950	26425.9971	1.0000	1.0000	0.0061
11wh04	5	46	1	0	1.0000	0.0000	1.0000	0.7456	NaN	NaN	NaN	26428.0180	26428.3704	1.0000	1.0000	0.1580
11wh04	5	46	1	0	2.0000	0.0000	1.0000	NaN	1.1398	0.9209	16.4477	26429.0716	26429.3737	1.0000	1.0000	0.0061
11wh04	5	47	1	0	1.0000	0.0000	-1.0000	0.4477	NaN	NaN	NaN	26431.2869	26431.6438	1.0000	0.0000	0.0052
11wh04	5	47	1	0	2.0000	0.0000	-1.0000	NaN	1.2652	-1.3799	16.3100	26432.2398	26432.5419	0.0000	1.0000	0.0061
11wh04	5	48	1	0	1.0000	0.0000	1.0000	0.7015	NaN	NaN	NaN	26434.7892	26435.1434	1.0000	1.0000	0.0566
11wh04	5	48	1	0	2.0000	0.0000	1.0000	NaN	3.8285	3.5947	15.1797	26435.7262	26436.0297	1.0000	1.0000	0.0061
11wh04	5	49	1	0	1.0000	0.0000	1.0000	0.8007	NaN	NaN	NaN	26438.4925	26438.8474	1.0000	1.0000	0.0971
11wh04	5	49	1	0	2.0000	0.0000	1.0000	NaN	4.2909	5.0258	14.4548	26439.5038	26439.8060	1.0000	1.0000	0.0061
11wh04	5	50	1	0	1.0000	0.0000	-1.0000	0.6934	NaN	NaN	NaN	26441.5939	26441.9472	0.0000	1.0000	0.0528
11wh04	5	50	1	0	2.0000	0.0000	1.0000	NaN	8.6415	7.2797	14.8785	26442.5911	26442.8935	1.0000	1.0000	0.0061
11wh04	6	1	1	0	1.0000	0.0000	1.0000	0.0668	NaN	NaN	NaN	26450.4007	26450.7529	1.0000	1.0000	0.4477
11wh04	6	1	1	0	2.0000	0.0000	1.0000	NaN	7.0210	5.1896	13.6001	26451.7747	26452.0779	1.0000	1.0000	0.0195
11wh04	6	2	1	0	1.0000	0.0000	1.0000	0.6580	NaN	NaN	NaN	26454.0214	26454.3757	1.0000	1.0000	0.1528
11wh04	6	2	1	0	2.0000	0.0000	1.0000	NaN	2.9636	2.5631	15.1112	26455.1039	26455.4060	1.0000	1.0000	0.0996
11wh04	6	3	1	0	1.0000	0.0000	-1.0000	0.6792	NaN	NaN	NaN	26457.5630	26457.9144	1.0000	0.0000	0.0224
11wh04	6	3	1	0	2.0000	0.0000	-1.0000	NaN	5.9134	-6.2718	15.3838	26458.5119	26458.8140	0.0000	1.0000	0.0061
11wh04	6	4	1	0	1.0000	0.0000	-1.0000	0.9672	NaN	NaN	NaN	26461.0495	26461.4709	0.0000	1.0000	0.0986
11wh04	6	4	1	0	2.0000	0.0000	1.0000	NaN	3.5533	2.2615	14.5044	26462.1840	26462.4885	1.0000	1.0000	0.0062
11wh04	6	5	1	0	1.0000	0.0000	-1.0000	0.7859	NaN	NaN	NaN	26464.8582	26465.2841	0.0000	1.0000	0.0772
11wh04	6	5	1	0	2.0000	0.0000	1.0000	NaN	4.3182	2.4156	14.1430	26465.9638	26466.2685	1.0000	1.0000	0.0061
11wh04	6	6	1	0	1.0000	0.0000	1.0000	0.1521	NaN	NaN	NaN	26468.6930	26469.1173	1.0000	1.0000	0.0667
11wh04	6	6	1	0	2.0000	0.0000	1.0000	NaN	7.1751	8.1114	13.3476	26469.7509	26470.0558	1.0000	1.0000	0.0061
11wh04	6	7	1	0	1.0000	0.0000	-1.0000	0.4974	NaN	NaN	NaN	26472.3217	26472.7371	0.0000	1.0000	0.1109
11wh04	6	7	1	0	2.0000	0.0000	1.0000	NaN	3.9670	3.5401	13.4802	26473.4172	26473.7217	1.0000	1.0000	0.2302
11wh04	6	8	1	0	1.0000	0.0000	-1.0000	0.1412	NaN	NaN	NaN	26476.3227	26476.7368	1.0000	0.0000	0.4958
11wh04	6	8	1	0	2.0000	0.0000	-1.0000	NaN	2.8166	-2.0219	13.6546	26477.8331	26478.1377	0.0000	1.0000	0.2622
11wh04	6	9	1	0	1.0000	0.0000	1.0000	0.5227	NaN	NaN	NaN	26480.2796	26480.6980	1.0000	1.0000	0.0396
11wh04	6	9	1	0	2.0000	0.0000	1.0000	NaN	7.8825	8.9295	15.8695	26481.3043	26481.6095	1.0000	1.0000	0.0061
11wh04	6	10	1	0	1.0000	0.0000	-1.0000	0.3838	NaN	NaN	NaN	26483.8572	26484.2576	0.0000	1.0000	0.0150
11wh04	6	10	1	0	2.0000	0.0000	1.0000	NaN	3.4093	5.3078	14.6258	26484.8630	26485.1652	1.0000	1.0000	0.2118
11wh04	6	11	1	0	1.0000	0.0000	-1.0000	0.6673	NaN	NaN	NaN	26487.3328	26487.6843	0.0000	1.0000	0.1396
11wh04	6	11	1	0	2.0000	0.0000	1.0000	NaN	7.9218	8.2244	15.5013	26488.4003	26488.7025	1.0000	1.0000	0.0062
11wh04	6	12	1	0	1.0000	0.0000	1.0000	0.1553	NaN	NaN	NaN	26491.1190	26491.4738	1.0000	1.0000	0.1114
11wh04	6	12	1	0	2.0000	0.0000	1.0000	NaN	0.7937	0.0875	14.7252	26492.1607	26492.4627	1.0000	1.0000	0.0172
11wh04	6	13	1	0	1.0000	0.0000	1.0000	0.7546	NaN	NaN	NaN	26494.6138	26494.9645	1.0000	1.0000	0.1395
11wh04	6	13	1	0	2.0000	0.0000	1.0000	NaN	8.0381	9.9337	15.0374	26495.6944	26495.9967	1.0000	1.0000	0.0062
11wh04	6	14	1	0	1.0000	0.0000	1.0000	0.3812	NaN	NaN	NaN	26498.0942	26498.4456	1.0000	1.0000	0.2595
11wh04	6	14	1	0	2.0000	0.0000	1.0000	NaN	2.5946	3.0702	15.1648	26499.2472	26499.5495	1.0000	1.0000	0.0061
11wh04	6	15	1	0	1.0000	0.0000	-1.0000	0.5604	NaN	NaN	NaN	26501.9274	26502.2788	0.0000	1.0000	0.1051
11wh04	6	15	1	0	2.0000	0.0000	1.0000	NaN	0.2917	0.0424	16.8271	26502.9445	26503.2466	1.0000	1.0000	0.0061
11wh04	6	16	1	0	1.0000	0.0000	1.0000	0.8769	NaN	NaN	NaN	26505.8179	26506.1733	1.0000	1.0000	0.0042
11wh04	6	16	1	0	2.0000	0.0000	1.0000	NaN	6.8688	5.9952	15.5053	26506.7680	26507.0701	1.0000	1.0000	0.0061
11wh04	6	17	1	0	1.0000	0.0000	1.0000	0.8062	NaN	NaN	NaN	26508.8434	26509.2555	1.0000	1.0000	0.0739
11wh04	6	17	1	0	2.0000	0.0000	1.0000	NaN	4.5820	4.0798	14.8238	26509.9126	26510.2167	1.0000	1.0000	0.0062
11wh04	6	18	1	0	1.0000	0.0000	1.0000	0.2260	NaN	NaN	NaN	26512.2896	26512.7009	1.0000	1.0000	0.0519
11wh04	6	18	1	0	2.0000	0.0000	1.0000	NaN	1.7170	2.9328	14.4373	26513.3219	26513.6291	1.0000	1.0000	0.0062
11wh04	6	19	1	0	1.0000	0.0000	1.0000	0.2056	NaN	NaN	NaN	26516.2374	26516.6515	1.0000	1.0000	0.0005
11wh04	6	19	1	0	2.0000	0.0000	1.0000	NaN	6.5436	5.3173	13.8270	26517.2126	26517.5172	1.0000	1.0000	0.0347
11wh04	6	20	1	0	1.0000	0.0000	-1.0000	0.9377	NaN	NaN	NaN	26519.6435	26520.0627	0.0000	1.0000	0.1307
11wh04	6	20	1	0	2.0000	0.0000	1.0000	NaN	2.3239	3.5847	13.4228	26520.8121	26521.1165	1.0000	1.0000	0.0061
11wh04	6	21	1	0	1.0000	0.0000	-1.0000	0.0485	NaN	NaN	NaN	26523.2315	26523.6511	1.0000	0.0000	0.0005
11wh04	6	21	1	0	2.0000	0.0000	-1.0000	NaN	0.2288	-0.6866	16.3287	26524.2145	26524.5189	1.0000	0.0000	0.0061
11wh04	6	22	1	0	1.0000	0.0000	1.0000	0.5179	NaN	NaN	NaN	26526.7052	26527.1147	1.0000	1.0000	0.0212
11wh04	6	22	1	0	2.0000	0.0000	1.0000	NaN	3.4884	4.0429	15.2624	26527.7106	26528.0128	1.0000	1.0000	0.0061
11wh04	6	23	1	0	1.0000	0.0000	1.0000	0.3395	NaN	NaN	NaN	26530.0609	26530.4125	1.0000	1.0000	0.0845
11wh04	6	23	1	0	2.0000	0.0000	1.0000	NaN	6.1012	9.5131	15.4385	26531.0711	26531.3748	1.0000	1.0000	0.0061
11wh04	6	24	1	0	1.0000	0.0000	-1.0000	0.2779	NaN	NaN	NaN	26533.2528	26533.6093	0.0000	1.0000	0.1517
11wh04	6	24	1	0	2.0000	0.0000	1.0000	NaN	6.3941	7.2619	14.7670	26534.3029	26534.6053	1.0000	1.0000	0.0359
11wh04	6	25	1	0	1.0000	0.0000	1.0000	0.3292	NaN	NaN	NaN	26536.5987	26536.9551	1.0000	1.0000	0.1168
11wh04	6	25	1	0	2.0000	0.0000	1.0000	NaN	5.1541	6.1756	15.0174	26537.6482	26537.9503	1.0000	1.0000	0.0178
11wh04	6	26	1	0	1.0000	0.0000	-1.0000	0.8331	NaN	NaN	NaN	26540.5579	26540.9102	0.0000	1.0000	0.0824
11wh04	6	26	1	0	2.0000	0.0000	1.0000	NaN	1.2468	0.7343	15.2340	26541.5667	26541.8689	1.0000	1.0000	0.0062
11wh04	6	27	1	0	1.0000	0.0000	-1.0000	0.3734	NaN	NaN	NaN	26544.1990	26544.5547	0.0000	1.0000	0.1978
11wh04	6	27	1	0	2.0000	0.0000	1.0000	NaN	6.3678	7.0462	13.0722	26545.3420	26545.6442	1.0000	1.0000	2.0997
11wh04	6	28	1	0	1.0000	0.0000	1.0000	0.1162	NaN	NaN	NaN	26550.1339	26550.4875	1.0000	1.0000	0.2644
11wh04	6	28	1	0	2.0000	0.0000	1.0000	NaN	0.2169	2.2146	15.6775	26551.3459	26551.6482	1.0000	1.0000	0.1128
11wh04	6	29	1	0	1.0000	0.0000	-1.0000	0.5579	NaN	NaN	NaN	26553.9340	26554.3489	0.0000	1.0000	0.1310
11wh04	6	29	1	0	2.0000	0.0000	1.0000	NaN	7.3960	9.1720	15.1303	26555.0298	26555.3339	1.0000	1.0000	0.0112
11wh04	6	30	1	0	1.0000	0.0000	-1.0000	0.5741	NaN	NaN	NaN	26557.6195	26558.0327	0.0000	1.0000	0.0005
11wh04	6	30	1	0	2.0000	0.0000	1.0000	NaN	6.4486	5.4719	14.1039	26558.5697	26558.8769	1.0000	1.0000	0.0061
11wh04	6	31	1	0	1.0000	0.0000	1.0000	0.3984	NaN	NaN	NaN	26561.0577	26561.4775	1.0000	1.0000	0.0006
11wh04	6	31	1	0	2.0000	0.0000	1.0000	NaN	8.3235	8.2930	15.0805	26562.0595	26562.3640	1.0000	1.0000	0.0062
11wh04	6	32	1	0	1.0000	0.0000	-1.0000	0.4241	NaN	NaN	NaN	26564.6506	26565.0656	0.0000	1.0000	0.0702
11wh04	6	32	1	0	2.0000	0.0000	1.0000	NaN	6.5802	6.2771	15.1701	26565.7044	26566.0098	1.0000	1.0000	0.0062
11wh04	6	33	1	0	1.0000	0.0000	1.0000	0.3482	NaN	NaN	NaN	26567.8655	26568.2822	1.0000	1.0000	0.1017
11wh04	6	33	1	0	2.0000	0.0000	1.0000	NaN	0.6488	1.9933	15.8965	26569.0042	26569.3096	1.0000	1.0000	0.0061
11wh04	6	34	1	0	1.0000	0.0000	1.0000	0.6370	NaN	NaN	NaN	26571.7615	26572.1819	1.0000	1.0000	0.0005
11wh04	6	34	1	0	2.0000	0.0000	1.0000	NaN	0.2748	0.1440	13.9473	26572.7446	26573.0486	1.0000	1.0000	0.0061
11wh04	6	35	1	0	1.0000	0.0000	1.0000	0.0374	NaN	NaN	NaN	26574.9397	26575.3518	0.0000	0.0000	0.2000
11wh04	6	35	1	0	2.0000	0.0000	-1.0000	NaN	2.7601	-4.6611	17.2421	26576.1194	26576.4256	1.0000	0.0000	0.0061
11wh04	6	36	1	0	1.0000	0.0000	-1.0000	0.8966	NaN	NaN	NaN	26578.3148	26578.7311	0.0000	1.0000	0.0535
11wh04	6	36	1	0	2.0000	0.0000	1.0000	NaN	1.2903	2.1347	15.2778	26579.3276	26579.6317	1.0000	1.0000	0.0061
11wh04	6	37	1	0	1.0000	0.0000	-1.0000	0.8218	NaN	NaN	NaN	26581.9974	26582.4142	0.0000	1.0000	0.0825
11wh04	6	37	1	0	2.0000	0.0000	1.0000	NaN	8.2411	8.2853	15.2364	26583.0462	26583.3504	1.0000	1.0000	0.0061
11wh04	6	38	1	0	1.0000	0.0000	1.0000	0.1926	NaN	NaN	NaN	26585.5103	26585.9363	1.0000	1.0000	0.0007
11wh04	6	38	1	0	2.0000	0.0000	1.0000	NaN	7.3521	6.4387	13.7366	26586.5186	26586.8251	1.0000	1.0000	0.0061
11wh04	6	39	1	0	1.0000	0.0000	-1.0000	0.7798	NaN	NaN	NaN	26588.6663	26589.0806	0.0000	1.0000	0.0406
11wh04	6	39	1	0	2.0000	0.0000	1.0000	NaN	0.5845	1.5770	15.8470	26589.6583	26589.9624	1.0000	1.0000	0.0062
11wh04	6	40	1	0	1.0000	0.0000	-1.0000	0.9836	NaN	NaN	NaN	26592.0247	26592.4345	0.0000	1.0000	0.0625
11wh04	6	40	1	0	2.0000	0.0000	1.0000	NaN	2.0355	0.6062	14.2870	26593.0005	26593.3075	1.0000	1.0000	2.5646
11wh04	6	41	1	0	1.0000	0.0000	1.0000	0.4596	NaN	NaN	NaN	26597.7846	26598.1968	1.0000	1.0000	0.0123
11wh04	6	41	1	0	2.0000	0.0000	1.0000	NaN	0.5963	0.4380	14.6706	26598.7920	26599.0962	1.0000	1.0000	0.0061
11wh04	6	42	1	0	1.0000	0.0000	-1.0000	0.9457	NaN	NaN	NaN	26601.5358	26601.9465	0.0000	1.0000	0.1016
11wh04	6	42	1	0	2.0000	0.0000	1.0000	NaN	7.7910	8.5611	14.3839	26602.6328	26602.9398	1.0000	1.0000	0.0062
11wh04	6	43	1	0	1.0000	0.0000	1.0000	0.4636	NaN	NaN	NaN	26604.8662	26605.2851	1.0000	1.0000	0.0007
11wh04	6	43	1	0	2.0000	0.0000	1.0000	NaN	1.4513	3.7862	13.9341	26605.8400	26606.1422	1.0000	1.0000	0.0061
11wh04	6	44	1	0	1.0000	0.0000	-1.0000	0.6433	NaN	NaN	NaN	26608.0066	26608.4252	0.0000	1.0000	0.1032
11wh04	6	44	1	0	2.0000	0.0000	1.0000	NaN	1.6186	1.8169	14.1484	26609.1110	26609.4154	1.0000	1.0000	0.0061
11wh04	6	45	1	0	1.0000	0.0000	-1.0000	0.4774	NaN	NaN	NaN	26611.3343	26611.7232	0.0000	1.0000	0.0846
11wh04	6	45	1	0	2.0000	0.0000	1.0000	NaN	7.2312	8.0073	15.8499	26612.3358	26612.6379	1.0000	1.0000	0.0062
11wh04	6	46	1	0	1.0000	0.0000	1.0000	0.7502	NaN	NaN	NaN	26615.2735	26615.6249	1.0000	1.0000	0.1349
11wh04	6	46	1	0	2.0000	0.0000	1.0000	NaN	4.3239	4.6905	16.0911	26616.2883	26616.5905	1.0000	1.0000	0.0061
11wh04	6	47	1	0	1.0000	0.0000	-1.0000	0.9160	NaN	NaN	NaN	26618.8527	26619.2061	0.0000	1.0000	0.1863
11wh04	6	47	1	0	2.0000	0.0000	1.0000	NaN	0.0824	0.7495	16.0633	26619.9048	26620.2069	0.0000	0.0000	2.9136
11wh04	6	48	1	0	1.0000	0.0000	-1.0000	0.2654	NaN	NaN	NaN	26625.1709	26625.5225	1.0000	0.0000	0.4305
11wh04	6	48	1	0	2.0000	0.0000	-1.0000	NaN	1.0545	-1.5821	15.6705	26626.5279	26626.8302	1.0000	0.0000	0.0976
11wh04	6	49	1	0	1.0000	0.0000	1.0000	0.8270	NaN	NaN	NaN	26629.2239	26629.5740	1.0000	1.0000	0.1218
11wh04	6	49	1	0	2.0000	0.0000	1.0000	NaN	1.5891	3.2198	16.6139	26630.2546	26630.5568	1.0000	1.0000	0.0670
11wh04	6	50	1	0	1.0000	0.0000	1.0000	0.4596	NaN	NaN	NaN	26633.0166	26633.3708	1.0000	1.0000	0.1338
11wh04	6	50	1	0	2.0000	0.0000	1.0000	NaN	4.4074	4.0520	15.9157	26634.0632	26634.3654	1.0000	1.0000	0.1315
