26qz02	1	1	0	1	1.0000	1.0000	-1.0000	NaN	3.2419	-4.9059	15.3150	911225.8416	911226.1439	0.0000	1.0000	0.8060
26qz02	1	1	0	1	2.0000	1.0000	1.0000	0.8706	NaN	NaN	NaN	911227.4693	911227.8224	1.0000	1.0000	0.4868
26qz02	1	2	0	1	1.0000	1.0000	1.0000	NaN	6.6023	6.4467	15.2983	911230.6327	911230.9363	1.0000	1.0000	0.3962
26qz02	1	2	0	1	2.0000	1.0000	-1.0000	0.6806	NaN	NaN	NaN	911231.8540	911232.2054	0.0000	1.0000	0.3271
26qz02	1	3	0	1	1.0000	1.0000	-1.0000	NaN	3.3259	-2.8566	14.1282	911235.0353	911235.3397	0.0000	1.0000	0.5379
26qz02	1	3	0	1	2.0000	1.0000	-1.0000	0.2261	NaN	NaN	NaN	911236.4487	911236.8619	0.0000	1.0000	0.6146
26qz02	1	4	0	1	1.0000	1.0000	-1.0000	NaN	2.8134	-3.8845	14.0996	911239.4367	911239.7411	1.0000	0.0000	0.7928
26qz02	1	4	0	1	2.0000	1.0000	-1.0000	0.7645	NaN	NaN	NaN	911241.0904	911241.4998	0.0000	1.0000	0.4088
26qz02	1	5	0	1	1.0000	1.0000	-1.0000	NaN	6.0261	-4.5788	15.3431	911244.0999	911244.4025	0.0000	1.0000	0.5781
26qz02	1	5	0	1	2.0000	1.0000	1.0000	0.3669	NaN	NaN	NaN	911245.5175	911245.8714	1.0000	1.0000	0.9981
26qz02	1	6	0	1	1.0000	1.0000	-1.0000	NaN	0.8377	-1.9551	14.4168	911249.0032	911249.3055	1.0000	0.0000	0.5881
26qz02	1	6	0	1	2.0000	1.0000	-1.0000	0.7966	NaN	NaN	NaN	911250.4458	911250.7990	0.0000	1.0000	0.5182
26qz02	1	7	0	1	1.0000	1.0000	-1.0000	NaN	6.5258	-4.9901	14.7373	911253.7777	911254.0798	0.0000	1.0000	0.4207
26qz02	1	7	0	1	2.0000	1.0000	1.0000	0.9376	NaN	NaN	NaN	911255.0391	911255.3892	1.0000	1.0000	0.6313
26qz02	1	8	0	1	1.0000	1.0000	-1.0000	NaN	3.8008	-5.2372	15.1337	911258.1861	911258.4883	0.0000	1.0000	0.5562
26qz02	1	8	0	1	2.0000	1.0000	-1.0000	0.5870	NaN	NaN	NaN	911259.5974	911259.9528	0.0000	1.0000	0.9157
26qz02	1	9	0	1	1.0000	1.0000	1.0000	NaN	1.7850	1.5929	14.8126	911262.8859	911263.1880	1.0000	1.0000	0.5297
26qz02	1	9	0	1	2.0000	1.0000	1.0000	0.0946	NaN	NaN	NaN	911264.2862	911264.6371	1.0000	1.0000	1.1920
26qz02	1	10	0	1	1.0000	1.0000	1.0000	NaN	5.2526	7.4826	13.3131	911268.1189	911268.4210	1.0000	1.0000	0.4961
26qz02	1	10	0	1	2.0000	1.0000	1.0000	0.4397	NaN	NaN	NaN	911269.5177	911269.8702	1.0000	1.0000	0.9509
26qz02	1	11	0	1	1.0000	1.0000	1.0000	NaN	8.2994	11.3091	16.2958	911272.9179	911273.2202	1.0000	1.0000	0.4819
26qz02	1	11	0	1	2.0000	1.0000	-1.0000	0.2142	NaN	NaN	NaN	911274.2703	911274.6218	0.0000	1.0000	0.8241
26qz02	1	12	0	1	1.0000	1.0000	-1.0000	NaN	0.2279	-0.1748	13.6596	911277.6117	911277.9139	1.0000	0.0000	1.0186
26qz02	1	12	0	1	2.0000	1.0000	-1.0000	0.0266	NaN	NaN	NaN	911279.5008	911279.8530	1.0000	0.0000	0.6160
26qz02	1	13	0	1	1.0000	1.0000	-1.0000	NaN	8.3212	-8.5480	13.7640	911283.0405	911283.3426	0.0000	1.0000	0.9034
26qz02	1	13	0	1	2.0000	1.0000	1.0000	0.6434	NaN	NaN	NaN	911284.7852	911285.1712	1.0000	1.0000	0.9140
26qz02	1	14	0	1	1.0000	1.0000	-1.0000	NaN	7.1929	-7.8668	14.9409	911288.2806	911288.5835	0.0000	1.0000	0.5103
26qz02	1	14	0	1	2.0000	1.0000	-1.0000	0.4046	NaN	NaN	NaN	911289.6133	911289.9680	0.0000	1.0000	0.9485
26qz02	1	15	0	1	1.0000	1.0000	-1.0000	NaN	3.5616	-3.1398	14.6979	911293.3559	911293.6580	0.0000	1.0000	1.0355
26qz02	1	15	0	1	2.0000	1.0000	-1.0000	0.4026	NaN	NaN	NaN	911295.2607	911295.6178	0.0000	1.0000	0.6427
26qz02	1	16	0	1	1.0000	1.0000	-1.0000	NaN	5.4496	-6.0750	14.5043	911298.7338	911299.0359	0.0000	1.0000	0.9525
26qz02	1	16	0	1	2.0000	1.0000	-1.0000	0.3183	NaN	NaN	NaN	911300.5577	911300.9131	0.0000	1.0000	0.6913
26qz02	1	17	0	1	1.0000	1.0000	1.0000	NaN	8.0539	9.0999	14.2134	911304.1507	911304.4529	1.0000	1.0000	0.4635
26qz02	1	17	0	1	2.0000	1.0000	1.0000	0.0115	NaN	NaN	NaN	911305.4868	911305.8369	0.0000	0.0000	0.5523
26qz02	1	18	0	1	1.0000	1.0000	-1.0000	NaN	7.8906	-7.7654	15.4724	911308.6129	911308.9158	0.0000	1.0000	0.4974
26qz02	1	18	0	1	2.0000	1.0000	-1.0000	0.1346	NaN	NaN	NaN	911309.9500	911310.3015	0.0000	1.0000	0.6644
26qz02	1	19	0	1	1.0000	1.0000	1.0000	NaN	4.2082	1.8440	16.2641	911313.4541	911313.7563	1.0000	1.0000	1.1442
26qz02	1	19	0	1	2.0000	1.0000	1.0000	0.8239	NaN	NaN	NaN	911315.4698	911315.8198	1.0000	1.0000	0.4886
26qz02	1	20	0	1	1.0000	1.0000	1.0000	NaN	3.6504	3.4512	15.3391	911318.4147	911318.7168	1.0000	1.0000	1.1437
26qz02	1	20	0	1	2.0000	1.0000	-1.0000	0.5712	NaN	NaN	NaN	911320.4129	911320.7665	0.0000	1.0000	0.7918
26qz02	1	21	0	1	1.0000	1.0000	1.0000	NaN	5.2677	5.0243	15.3786	911323.9211	911324.2233	0.0000	0.0000	1.7011
26qz02	1	21	0	1	2.0000	1.0000	-1.0000	0.0336	NaN	NaN	NaN	911326.4928	911326.8493	0.0000	1.0000	0.9157
26qz02	1	22	0	1	1.0000	1.0000	-1.0000	NaN	0.8276	-0.5308	15.1799	911330.4708	911330.7746	1.0000	0.0000	1.6459
26qz02	1	22	0	1	2.0000	1.0000	-1.0000	0.8217	NaN	NaN	NaN	911333.0086	911333.4243	0.0000	1.0000	0.4685
26qz02	1	23	0	1	1.0000	1.0000	-1.0000	NaN	2.8103	-2.8041	13.6042	911336.2526	911336.5574	0.0000	1.0000	0.7607
26qz02	1	23	0	1	2.0000	1.0000	1.0000	0.8264	NaN	NaN	NaN	911337.8731	911338.2902	1.0000	1.0000	0.3383
26qz02	1	24	0	1	1.0000	1.0000	-1.0000	NaN	4.4242	-4.4075	14.8431	911340.9185	911341.2207	0.0000	1.0000	1.1692
26qz02	1	24	0	1	2.0000	1.0000	1.0000	0.2731	NaN	NaN	NaN	911342.9410	911343.2942	1.0000	1.0000	0.5022
26qz02	1	25	0	1	1.0000	1.0000	1.0000	NaN	4.8105	2.2814	15.0833	911346.3119	911346.6141	1.0000	1.0000	0.8149
26qz02	1	25	0	1	2.0000	1.0000	1.0000	0.2619	NaN	NaN	NaN	911347.9827	911348.3330	1.0000	1.0000	0.6794
26qz02	1	26	0	1	1.0000	1.0000	1.0000	NaN	9.1645	10.0997	15.6173	911350.9933	911351.2969	1.0000	1.0000	1.0442
26qz02	1	26	0	1	2.0000	1.0000	1.0000	0.2585	NaN	NaN	NaN	911352.8924	911353.2482	1.0000	1.0000	0.6602
26qz02	1	27	0	1	1.0000	1.0000	-1.0000	NaN	3.8860	-3.7654	15.2930	911355.9166	911356.2189	0.0000	1.0000	0.4907
26qz02	1	27	0	1	2.0000	1.0000	1.0000	0.1142	NaN	NaN	NaN	911357.2609	911357.6144	0.0000	0.0000	1.4471
26qz02	1	28	0	1	1.0000	1.0000	1.0000	NaN	3.2579	0.4823	17.0583	911360.9936	911361.2966	1.0000	1.0000	0.5003
26qz02	1	28	0	1	2.0000	1.0000	-1.0000	0.4420	NaN	NaN	NaN	911362.3662	911362.7174	0.0000	1.0000	0.3125
26qz02	1	29	0	1	1.0000	1.0000	1.0000	NaN	2.2404	2.4529	13.5607	911365.3358	911365.6380	0.0000	0.0000	0.5277
26qz02	1	29	0	1	2.0000	1.0000	1.0000	0.7841	NaN	NaN	NaN	911366.7178	911367.0696	1.0000	1.0000	0.3107
26qz02	1	30	0	1	1.0000	1.0000	-1.0000	NaN	9.5911	-7.9666	14.6524	911369.6796	911369.9818	0.0000	1.0000	1.5111
26qz02	1	30	0	1	2.0000	1.0000	-1.0000	0.5874	NaN	NaN	NaN	911372.0296	911372.3817	0.0000	1.0000	1.3827
26qz02	1	31	0	1	1.0000	1.0000	1.0000	NaN	1.4502	0.9944	16.1826	911376.1181	911376.4225	1.0000	1.0000	1.0383
26qz02	1	31	0	1	2.0000	1.0000	1.0000	0.0555	NaN	NaN	NaN	911378.0186	911378.4259	1.0000	1.0000	0.2515
26qz02	1	32	0	1	1.0000	1.0000	-1.0000	NaN	11.9873	-12.6469	15.0203	911380.7508	911381.0531	0.0000	1.0000	0.5201
26qz02	1	32	0	1	2.0000	1.0000	1.0000	0.0345	NaN	NaN	NaN	911382.0931	911382.4467	1.0000	1.0000	0.9817
26qz02	1	33	0	1	1.0000	1.0000	-1.0000	NaN	11.2631	-12.0553	16.0733	911385.7345	911386.0365	0.0000	1.0000	0.4639
26qz02	1	33	0	1	2.0000	1.0000	-1.0000	0.3861	NaN	NaN	NaN	911387.0377	911387.3922	1.0000	0.0000	0.4847
26qz02	1	34	0	1	1.0000	1.0000	1.0000	NaN	9.3077	8.7468	15.4581	911390.1497	911390.4519	1.0000	1.0000	0.7381
26qz02	1	34	0	1	2.0000	1.0000	-1.0000	0.8040	NaN	NaN	NaN	911391.7574	911392.1129	0.0000	1.0000	0.3875
26qz02	1	35	0	1	1.0000	1.0000	1.0000	NaN	0.4076	0.4080	14.5435	911394.5759	911394.8782	0.0000	0.0000	0.9677
26qz02	1	35	0	1	2.0000	1.0000	-1.0000	0.4785	NaN	NaN	NaN	911396.3494	911396.7019	0.0000	1.0000	1.6710
26qz02	1	36	0	1	1.0000	1.0000	1.0000	NaN	8.8100	7.7103	14.5339	911400.7576	911401.0612	1.0000	1.0000	0.6392
26qz02	1	36	0	1	2.0000	1.0000	-1.0000	0.5786	NaN	NaN	NaN	911402.2687	911402.6249	0.0000	1.0000	0.7241
26qz02	1	37	0	1	1.0000	1.0000	-1.0000	NaN	3.6216	-3.0026	13.9804	911405.6232	911405.9261	0.0000	1.0000	1.6320
26qz02	1	37	0	1	2.0000	1.0000	-1.0000	0.1625	NaN	NaN	NaN	911408.1098	911408.4633	0.0000	1.0000	1.1091
26qz02	1	38	0	1	1.0000	1.0000	1.0000	NaN	2.2690	3.0299	15.7795	911411.8973	911412.1994	1.0000	1.0000	0.7495
26qz02	1	38	0	1	2.0000	1.0000	1.0000	0.9137	NaN	NaN	NaN	911413.5175	911413.8744	1.0000	1.0000	0.3074
26qz02	1	39	0	1	1.0000	1.0000	1.0000	NaN	1.2457	1.0392	16.5116	911416.4485	911416.7507	1.0000	1.0000	1.2546
26qz02	1	39	0	1	2.0000	1.0000	1.0000	0.1474	NaN	NaN	NaN	911418.5888	911418.9450	1.0000	1.0000	0.7561
26qz02	1	40	0	1	1.0000	1.0000	1.0000	NaN	10.7144	11.0730	13.6238	911422.0452	911422.3490	1.0000	1.0000	0.4718
26qz02	1	40	0	1	2.0000	1.0000	-1.0000	0.3728	NaN	NaN	NaN	911423.3433	911423.7511	0.0000	1.0000	0.9907
26qz02	1	41	0	1	1.0000	1.0000	1.0000	NaN	10.7863	10.8400	14.7741	911426.7135	911427.0183	1.0000	1.0000	0.5074
26qz02	1	41	0	1	2.0000	1.0000	-1.0000	0.5968	NaN	NaN	NaN	911428.0837	911428.5023	0.0000	1.0000	0.4621
26qz02	1	42	0	1	1.0000	1.0000	-1.0000	NaN	10.3188	-8.4918	15.4767	911431.3986	911431.7031	0.0000	1.0000	0.3813
26qz02	1	42	0	1	2.0000	1.0000	1.0000	0.6336	NaN	NaN	NaN	911432.6087	911432.9901	1.0000	1.0000	0.3903
26qz02	1	43	0	1	1.0000	1.0000	1.0000	NaN	5.7814	7.1380	15.3519	911435.5716	911435.8744	1.0000	1.0000	0.4979
26qz02	1	43	0	1	2.0000	1.0000	1.0000	0.5547	NaN	NaN	NaN	911436.8931	911437.2452	1.0000	1.0000	0.5835
26qz02	1	44	0	1	1.0000	1.0000	1.0000	NaN	6.9984	6.0922	14.5702	911440.1857	911440.4879	0.0000	0.0000	0.7019
26qz02	1	44	0	1	2.0000	1.0000	1.0000	0.3183	NaN	NaN	NaN	911441.7250	911442.0783	1.0000	1.0000	0.4071
26qz02	1	45	0	1	1.0000	1.0000	-1.0000	NaN	4.3645	-6.1333	15.4242	911444.5355	911444.8377	0.0000	1.0000	0.8146
26qz02	1	45	0	1	2.0000	1.0000	1.0000	0.2316	NaN	NaN	NaN	911446.1573	911446.5113	0.0000	0.0000	1.2706
26qz02	1	46	0	1	1.0000	1.0000	-1.0000	NaN	3.4982	-5.6184	16.3667	911449.8969	911450.1992	0.0000	1.0000	0.6063
26qz02	1	46	0	1	2.0000	1.0000	1.0000	0.4869	NaN	NaN	NaN	911451.3099	911451.6611	1.0000	1.0000	0.7432
26qz02	1	47	0	1	1.0000	1.0000	1.0000	NaN	10.9264	10.2941	14.9437	911454.7683	911455.0704	1.0000	1.0000	0.5024
26qz02	1	47	0	1	2.0000	1.0000	-1.0000	0.5042	NaN	NaN	NaN	911456.1085	911456.4608	0.0000	1.0000	0.4715
26qz02	1	48	0	1	1.0000	1.0000	1.0000	NaN	4.0444	5.5026	15.0829	911458.9916	911459.2937	1.0000	1.0000	1.9592
26qz02	1	48	0	1	2.0000	1.0000	1.0000	0.4279	NaN	NaN	NaN	911461.8053	911462.1592	1.0000	1.0000	0.4376
26qz02	1	49	0	1	1.0000	1.0000	-1.0000	NaN	6.3841	-5.6279	15.6211	911464.9029	911465.2052	0.0000	1.0000	0.5276
26qz02	1	49	0	1	2.0000	1.0000	-1.0000	0.1814	NaN	NaN	NaN	911466.2850	911466.6424	0.0000	1.0000	0.7059
26qz02	1	50	0	1	1.0000	1.0000	-1.0000	NaN	1.5276	-3.0259	15.4279	911469.6004	911469.9048	0.0000	1.0000	0.6595
26qz02	1	50	0	1	2.0000	1.0000	1.0000	0.2646	NaN	NaN	NaN	911471.1203	911471.5335	0.0000	0.0000	0.7443
26qz02	2	1	0	1	1.0000	1.0000	1.0000	NaN	6.4635	6.3108	15.5439	911479.8139	911480.1188	1.0000	1.0000	0.5258
26qz02	2	1	0	1	2.0000	1.0000	-1.0000	0.5977	NaN	NaN	NaN	911481.1848	911481.5997	0.0000	1.0000	0.3413
26qz02	2	2	0	1	1.0000	1.0000	-1.0000	NaN	11.1677	-12.5081	15.9843	911484.3931	911484.6975	0.0000	1.0000	0.3478
26qz02	2	2	0	1	2.0000	1.0000	1.0000	0.9258	NaN	NaN	NaN	911485.5844	911485.9994	1.0000	1.0000	0.4539
26qz02	2	3	0	1	1.0000	1.0000	1.0000	NaN	7.6452	7.8975	13.6487	911488.4422	911488.7466	0.0000	0.0000	0.8910
26qz02	2	3	0	1	2.0000	1.0000	1.0000	0.4750	NaN	NaN	NaN	911490.1949	911490.5806	1.0000	1.0000	1.1036
26qz02	2	4	0	1	1.0000	1.0000	1.0000	NaN	0.8563	0.4457	13.7967	911493.7413	911494.0434	0.0000	0.0000	2.0089
26qz02	2	4	0	1	2.0000	1.0000	1.0000	0.0082	NaN	NaN	NaN	911496.5736	911496.9255	0.0000	0.0000	0.5522
26qz02	2	5	0	1	1.0000	1.0000	-1.0000	NaN	8.0520	-8.5097	14.8343	911499.4435	911499.7457	0.0000	1.0000	0.5323
26qz02	2	5	0	1	2.0000	1.0000	-1.0000	0.8631	NaN	NaN	NaN	911500.7973	911501.1533	0.0000	1.0000	0.3555
26qz02	2	6	0	1	1.0000	1.0000	-1.0000	NaN	7.9810	-7.9289	14.4023	911504.0071	911504.3093	0.0000	1.0000	0.6554
26qz02	2	6	0	1	2.0000	1.0000	-1.0000	0.0555	NaN	NaN	NaN	911505.5015	911505.8571	0.0000	1.0000	0.4192
26qz02	2	7	0	1	1.0000	1.0000	1.0000	NaN	10.5992	10.8759	15.4622	911508.6847	911508.9877	1.0000	1.0000	0.3303
26qz02	2	7	0	1	2.0000	1.0000	-1.0000	0.1459	NaN	NaN	NaN	911509.8534	911510.2069	0.0000	1.0000	2.0213
26qz02	2	8	0	1	1.0000	1.0000	-1.0000	NaN	1.8515	-2.2471	15.6304	911514.2370	911514.5390	0.0000	1.0000	0.5532
26qz02	2	8	0	1	2.0000	1.0000	-1.0000	0.1715	NaN	NaN	NaN	911515.6289	911516.0479	1.0000	0.0000	0.8363
26qz02	2	9	0	1	1.0000	1.0000	-1.0000	NaN	8.4791	-7.9050	14.7455	911518.7659	911519.0724	0.0000	1.0000	0.3878
26qz02	2	9	0	1	2.0000	1.0000	1.0000	0.3974	NaN	NaN	NaN	911520.0005	911520.4143	1.0000	1.0000	0.4073
26qz02	2	10	0	1	1.0000	1.0000	-1.0000	NaN	0.0209	-1.0620	14.0098	911523.1789	911523.4838	1.0000	0.0000	0.8735
26qz02	2	10	0	1	2.0000	1.0000	1.0000	0.2681	NaN	NaN	NaN	911524.8971	911525.3275	1.0000	1.0000	1.1573
26qz02	2	11	0	1	1.0000	1.0000	1.0000	NaN	3.8477	4.5912	14.7947	911528.7960	911529.1008	1.0000	1.0000	1.0634
26qz02	2	11	0	1	2.0000	1.0000	-1.0000	0.0030	NaN	NaN	NaN	911530.7211	911531.1425	0.0000	1.0000	1.1828
26qz02	2	12	0	1	1.0000	1.0000	-1.0000	NaN	0.6221	-1.0507	15.4096	911534.8246	911535.1290	0.0000	1.0000	2.2208
26qz02	2	12	0	1	2.0000	1.0000	1.0000	0.4471	NaN	NaN	NaN	911537.9354	911538.3466	1.0000	1.0000	0.9536
26qz02	2	13	0	1	1.0000	1.0000	-1.0000	NaN	0.7182	-0.2288	15.4015	911541.7186	911542.0209	1.0000	0.0000	0.7997
26qz02	2	13	0	1	2.0000	1.0000	-1.0000	0.2330	NaN	NaN	NaN	911543.3740	911543.7248	0.0000	1.0000	0.6809
26qz02	2	14	0	1	1.0000	1.0000	-1.0000	NaN	10.7634	-11.3897	14.9930	911546.4878	911546.7900	0.0000	1.0000	0.4462
26qz02	2	14	0	1	2.0000	1.0000	1.0000	0.0533	NaN	NaN	NaN	911547.7746	911548.1248	1.0000	1.0000	0.6963
26qz02	2	15	0	1	1.0000	1.0000	-1.0000	NaN	1.6389	-2.4986	14.3804	911550.9617	911551.2639	1.0000	0.0000	1.2687
26qz02	2	15	0	1	2.0000	1.0000	-1.0000	0.1925	NaN	NaN	NaN	911553.1015	911553.4560	1.0000	0.0000	0.7090
26qz02	2	16	0	1	1.0000	1.0000	1.0000	NaN	6.8776	6.4894	14.8960	911556.8655	911557.1683	1.0000	1.0000	0.8684
26qz02	2	16	0	1	2.0000	1.0000	1.0000	0.0535	NaN	NaN	NaN	911558.5905	911558.9408	1.0000	1.0000	1.1114
26qz02	2	17	0	1	1.0000	1.0000	-1.0000	NaN	3.5535	-1.2186	14.2449	911562.1955	911562.4999	1.0000	0.0000	1.3458
26qz02	2	17	0	1	2.0000	1.0000	-1.0000	0.2845	NaN	NaN	NaN	911564.3675	911564.7788	1.0000	0.0000	0.6666
26qz02	2	18	0	1	1.0000	1.0000	-1.0000	NaN	10.0547	-9.6619	14.9232	911567.5096	911567.8144	0.0000	1.0000	0.4625
26qz02	2	18	0	1	2.0000	1.0000	-1.0000	0.6906	NaN	NaN	NaN	911568.8166	911569.2414	0.0000	1.0000	0.4748
26qz02	2	19	0	1	1.0000	1.0000	1.0000	NaN	7.8575	9.3300	15.3161	911571.7590	911572.0634	1.0000	1.0000	0.5013
26qz02	2	19	0	1	2.0000	1.0000	1.0000	0.3924	NaN	NaN	NaN	911573.1065	911573.5283	0.0000	0.0000	0.5403
26qz02	2	20	0	1	1.0000	1.0000	1.0000	NaN	0.6255	1.1516	15.2084	911576.1419	911576.4463	1.0000	1.0000	1.2074
26qz02	2	20	0	1	2.0000	1.0000	1.0000	0.0544	NaN	NaN	NaN	911578.1774	911578.5914	1.0000	1.0000	2.5487
26qz02	2	21	0	1	1.0000	1.0000	-1.0000	NaN	4.7477	-5.2511	14.5415	911583.6107	911583.9129	0.0000	1.0000	0.3633
26qz02	2	21	0	1	2.0000	1.0000	1.0000	0.0026	NaN	NaN	NaN	911584.7968	911585.1531	0.0000	0.0000	0.8351
26qz02	2	22	0	1	1.0000	1.0000	-1.0000	NaN	4.7840	-5.6230	14.4850	911587.9405	911588.2427	0.0000	1.0000	0.4346
26qz02	2	22	0	1	2.0000	1.0000	1.0000	0.0732	NaN	NaN	NaN	911589.1972	911589.5529	1.0000	1.0000	0.3399
26qz02	2	23	0	1	1.0000	1.0000	1.0000	NaN	5.4227	6.9354	15.2043	911592.0479	911592.3516	1.0000	1.0000	0.2935
26qz02	2	23	0	1	2.0000	1.0000	1.0000	0.3791	NaN	NaN	NaN	911593.1325	911593.4860	1.0000	1.0000	0.4391
26qz02	2	24	0	1	1.0000	1.0000	1.0000	NaN	5.2821	4.3361	14.8010	911596.0491	911596.3515	1.0000	1.0000	0.9646
26qz02	2	24	0	1	2.0000	1.0000	1.0000	0.3531	NaN	NaN	NaN	911597.8377	911598.1891	1.0000	1.0000	0.5035
26qz02	2	25	0	1	1.0000	1.0000	-1.0000	NaN	3.1225	-4.1822	13.1405	911600.9517	911601.2540	0.0000	1.0000	0.3662
26qz02	2	25	0	1	2.0000	1.0000	1.0000	0.8875	NaN	NaN	NaN	911602.1095	911602.4649	1.0000	1.0000	0.4512
26qz02	2	26	0	1	1.0000	1.0000	1.0000	NaN	2.7951	1.4793	14.6439	911604.9322	911605.2343	1.0000	1.0000	1.1063
26qz02	2	26	0	1	2.0000	1.0000	-1.0000	0.7424	NaN	NaN	NaN	911606.9254	911607.2814	0.0000	1.0000	0.3713
26qz02	2	27	0	1	1.0000	1.0000	1.0000	NaN	0.8164	0.7806	14.0308	911609.8932	911610.1976	0.0000	0.0000	0.7991
26qz02	2	27	0	1	2.0000	1.0000	1.0000	0.5761	NaN	NaN	NaN	911611.5231	911611.9198	1.0000	1.0000	0.3244
26qz02	2	28	0	1	1.0000	1.0000	-1.0000	NaN	1.0531	-0.6276	14.2660	911614.6956	911614.9981	1.0000	0.0000	1.5677
26qz02	2	28	0	1	2.0000	1.0000	-1.0000	0.2951	NaN	NaN	NaN	911617.1172	911617.4695	0.0000	1.0000	0.4867
26qz02	2	29	0	1	1.0000	1.0000	1.0000	NaN	4.6713	4.9675	14.4458	911620.0971	911620.4002	1.0000	1.0000	0.5319
26qz02	2	29	0	1	2.0000	1.0000	-1.0000	0.9240	NaN	NaN	NaN	911621.5175	911621.8692	0.0000	1.0000	0.7765
26qz02	2	30	0	1	1.0000	1.0000	1.0000	NaN	11.9339	12.1439	14.5813	911625.1422	911625.4443	1.0000	1.0000	0.4332
26qz02	2	30	0	1	2.0000	1.0000	-1.0000	0.6308	NaN	NaN	NaN	911626.4295	911626.7843	0.0000	1.0000	0.4850
26qz02	2	31	0	1	1.0000	1.0000	1.0000	NaN	0.8548	1.5239	14.9137	911629.5841	911629.8864	1.0000	1.0000	0.9337
26qz02	2	31	0	1	2.0000	1.0000	-1.0000	0.5021	NaN	NaN	NaN	911631.3573	911631.7135	0.0000	1.0000	0.3562
26qz02	2	32	0	1	1.0000	1.0000	-1.0000	NaN	5.6307	-6.0586	14.1197	911634.3600	911634.6622	0.0000	1.0000	0.3819
26qz02	2	32	0	1	2.0000	1.0000	1.0000	0.6531	NaN	NaN	NaN	911635.5802	911635.9339	1.0000	1.0000	0.2947
26qz02	2	33	0	1	1.0000	1.0000	-1.0000	NaN	2.0230	-0.9660	14.3198	911638.1927	911638.4948	1.0000	0.0000	0.7908
26qz02	2	33	0	1	2.0000	1.0000	-1.0000	0.8976	NaN	NaN	NaN	911639.8205	911640.1730	0.0000	1.0000	0.3443
26qz02	2	34	0	1	1.0000	1.0000	-1.0000	NaN	2.3688	-3.3880	14.5063	911642.5404	911642.8427	0.0000	1.0000	0.3789
26qz02	2	34	0	1	2.0000	1.0000	-1.0000	0.2113	NaN	NaN	NaN	911643.7249	911644.0792	1.0000	0.0000	0.4852
26qz02	2	35	0	1	1.0000	1.0000	-1.0000	NaN	8.4880	-8.5568	15.4652	911646.8459	911647.1489	0.0000	1.0000	0.5831
26qz02	2	35	0	1	2.0000	1.0000	-1.0000	0.7542	NaN	NaN	NaN	911648.2369	911648.5891	0.0000	1.0000	0.3119
26qz02	2	36	0	1	1.0000	1.0000	-1.0000	NaN	10.5459	-9.8869	15.6214	911651.0756	911651.3778	0.0000	1.0000	1.0433
26qz02	2	36	0	1	2.0000	1.0000	1.0000	0.7184	NaN	NaN	NaN	911652.9413	911653.2955	1.0000	1.0000	0.4525
26qz02	2	37	0	1	1.0000	1.0000	-1.0000	NaN	4.2953	-4.9974	13.6552	911656.0699	911656.3738	1.0000	0.0000	0.9268
26qz02	2	37	0	1	2.0000	1.0000	-1.0000	0.2113	NaN	NaN	NaN	911657.8394	911658.2550	0.0000	1.0000	0.9011
26qz02	2	38	0	1	1.0000	1.0000	-1.0000	NaN	5.9673	-6.8317	15.4857	911661.1435	911661.4507	0.0000	1.0000	0.4259
26qz02	2	38	0	1	2.0000	1.0000	1.0000	0.7522	NaN	NaN	NaN	911662.4015	911662.8244	1.0000	1.0000	0.1405
26qz02	2	39	0	1	1.0000	1.0000	-1.0000	NaN	5.9666	-7.7192	15.0538	911665.0680	911665.3728	0.0000	1.0000	0.8072
26qz02	2	39	0	1	2.0000	1.0000	1.0000	0.9178	NaN	NaN	NaN	911666.7234	911667.1403	1.0000	1.0000	0.2717
26qz02	2	40	0	1	1.0000	1.0000	1.0000	NaN	6.6237	6.1998	16.2469	911669.4640	911669.7685	1.0000	1.0000	2.5241
26qz02	2	40	0	1	2.0000	1.0000	-1.0000	0.0509	NaN	NaN	NaN	911672.8337	911673.2520	0.0000	1.0000	0.8496
26qz02	2	41	0	1	1.0000	1.0000	-1.0000	NaN	5.4431	-6.0605	14.3271	911676.3019	911676.6064	0.0000	1.0000	0.4860
26qz02	2	41	0	1	2.0000	1.0000	1.0000	0.6279	NaN	NaN	NaN	911677.6175	911678.0348	1.0000	1.0000	0.1939
26qz02	2	42	0	1	1.0000	1.0000	1.0000	NaN	2.9496	2.8585	15.3588	911680.0702	911680.3746	1.0000	1.0000	0.8623
26qz02	2	42	0	1	2.0000	1.0000	-1.0000	0.6987	NaN	NaN	NaN	911681.7917	911682.2062	0.0000	1.0000	0.4706
26qz02	2	43	0	1	1.0000	1.0000	-1.0000	NaN	11.7625	-11.7975	13.8361	911684.7692	911685.0737	0.0000	1.0000	0.5629
26qz02	2	43	0	1	2.0000	1.0000	-1.0000	0.0026	NaN	NaN	NaN	911686.1597	911686.5723	1.0000	0.0000	1.3843
26qz02	2	44	0	1	1.0000	1.0000	1.0000	NaN	3.1882	5.5688	14.9498	911689.8072	911690.1132	1.0000	1.0000	3.4921
26qz02	2	44	0	1	2.0000	1.0000	1.0000	0.8466	NaN	NaN	NaN	911694.1439	911694.5551	1.0000	1.0000	1.5129
26qz02	2	45	0	1	1.0000	1.0000	-1.0000	NaN	11.2458	-12.0629	15.7445	911698.1182	911698.4223	0.0000	1.0000	0.5424
26qz02	2	45	0	1	2.0000	1.0000	-1.0000	0.1295	NaN	NaN	NaN	911699.5043	911699.9220	0.0000	1.0000	0.6752
26qz02	2	46	0	1	1.0000	1.0000	1.0000	NaN	6.3194	5.0854	13.9998	911702.9277	911703.2325	1.0000	1.0000	0.7235
26qz02	2	46	0	1	2.0000	1.0000	-1.0000	0.5980	NaN	NaN	NaN	911704.5114	911704.9213	0.0000	1.0000	0.3959
26qz02	2	47	0	1	1.0000	1.0000	1.0000	NaN	7.5641	9.6061	15.3140	911707.2377	911707.5425	1.0000	1.0000	0.5110
26qz02	2	47	0	1	2.0000	1.0000	-1.0000	0.5086	NaN	NaN	NaN	911708.5765	911709.0017	0.0000	1.0000	0.3310
26qz02	2	48	0	1	1.0000	1.0000	-1.0000	NaN	6.9556	-10.7232	15.2657	911711.7682	911712.0729	0.0000	1.0000	0.4591
26qz02	2	48	0	1	2.0000	1.0000	1.0000	0.7951	NaN	NaN	NaN	911713.0400	911713.4547	1.0000	1.0000	0.4053
26qz02	2	49	0	1	1.0000	1.0000	1.0000	NaN	4.7634	2.3545	14.8766	911715.8447	911716.1490	1.0000	1.0000	1.0564
26qz02	2	49	0	1	2.0000	1.0000	-1.0000	0.8661	NaN	NaN	NaN	911717.7764	911718.1856	0.0000	1.0000	0.3624
26qz02	2	50	0	1	1.0000	1.0000	1.0000	NaN	1.8683	2.6084	15.7021	911720.8465	911721.1510	1.0000	1.0000	0.8699
26qz02	2	50	0	1	2.0000	1.0000	-1.0000	0.8960	NaN	NaN	NaN	911722.5762	911722.9875	0.0000	1.0000	0.4410
26qz02	3	1	0	1	1.0000	1.0000	1.0000	NaN	9.1688	8.6396	15.8070	911732.0717	911732.3782	1.0000	1.0000	0.4915
26qz02	3	1	0	1	2.0000	1.0000	1.0000	0.7212	NaN	NaN	NaN	911733.4400	911733.8303	0.0000	0.0000	1.3417
26qz02	3	2	0	1	1.0000	1.0000	1.0000	NaN	3.2821	2.6856	16.7037	911737.4603	911737.7625	1.0000	1.0000	0.4021
26qz02	3	2	0	1	2.0000	1.0000	1.0000	0.4082	NaN	NaN	NaN	911738.7007	911739.0512	1.0000	1.0000	0.2338
26qz02	3	3	0	1	1.0000	1.0000	-1.0000	NaN	8.5072	-7.4975	14.9291	911741.8911	911742.1941	0.0000	1.0000	0.4499
26qz02	3	3	0	1	2.0000	1.0000	-1.0000	0.6494	NaN	NaN	NaN	911743.1652	911743.5179	0.0000	1.0000	0.5034
26qz02	3	4	0	1	1.0000	1.0000	-1.0000	NaN	1.6659	-2.2214	16.2353	911745.9468	911746.2489	1.0000	0.0000	0.6995
26qz02	3	4	0	1	2.0000	1.0000	-1.0000	0.1945	NaN	NaN	NaN	911747.5332	911747.8847	0.0000	1.0000	0.4091
26qz02	3	5	0	1	1.0000	1.0000	-1.0000	NaN	8.8631	-5.5586	15.7027	911750.1772	911750.4792	0.0000	1.0000	0.9664
26qz02	3	5	0	1	2.0000	1.0000	1.0000	0.6391	NaN	NaN	NaN	911751.9491	911752.3009	1.0000	1.0000	0.2797
26qz02	3	6	0	1	1.0000	1.0000	-1.0000	NaN	8.6691	-10.2185	16.1719	911754.9029	911755.2051	0.0000	1.0000	0.5593
26qz02	3	6	0	1	2.0000	1.0000	1.0000	0.5712	NaN	NaN	NaN	911756.2682	911756.6238	1.0000	1.0000	0.3572
26qz02	3	7	0	1	1.0000	1.0000	-1.0000	NaN	10.8672	-9.8685	15.1906	911759.0944	911759.3966	0.0000	1.0000	0.5593
26qz02	3	7	0	1	2.0000	1.0000	1.0000	0.8166	NaN	NaN	NaN	911760.4618	911760.8122	1.0000	1.0000	0.7612
26qz02	3	8	0	1	1.0000	1.0000	-1.0000	NaN	11.3348	-11.9199	15.5059	911763.9561	911764.2597	0.0000	1.0000	0.5129
26qz02	3	8	0	1	2.0000	1.0000	-1.0000	0.7089	NaN	NaN	NaN	911765.2931	911765.6453	0.0000	1.0000	0.4884
26qz02	3	9	0	1	1.0000	1.0000	1.0000	NaN	7.1835	8.1578	14.4014	911768.2481	911768.5519	1.0000	1.0000	0.6208
26qz02	3	9	0	1	2.0000	1.0000	1.0000	0.4677	NaN	NaN	NaN	911769.6972	911770.0785	1.0000	1.0000	0.4860
26qz02	3	10	0	1	1.0000	1.0000	1.0000	NaN	3.8632	2.7185	15.3306	911772.8217	911773.1248	1.0000	1.0000	0.6716
26qz02	3	10	0	1	2.0000	1.0000	1.0000	0.0952	NaN	NaN	NaN	911774.3648	911774.7162	0.0000	0.0000	0.4557
26qz02	3	11	0	1	1.0000	1.0000	1.0000	NaN	2.5429	3.4030	15.0485	911777.4548	911777.7580	1.0000	1.0000	0.3099
26qz02	3	11	0	1	2.0000	1.0000	1.0000	0.0852	NaN	NaN	NaN	911778.5890	911778.9434	1.0000	1.0000	1.6850
26qz02	3	12	0	1	1.0000	1.0000	1.0000	NaN	2.2179	4.2325	14.5121	911783.1765	911783.4787	1.0000	1.0000	0.5576
26qz02	3	12	0	1	2.0000	1.0000	-1.0000	0.6051	NaN	NaN	NaN	911784.5732	911784.9264	0.0000	1.0000	0.4695
26qz02	3	13	0	1	1.0000	1.0000	1.0000	NaN	6.5181	5.4626	13.3789	911787.4878	911787.7913	1.0000	1.0000	0.7567
26qz02	3	13	0	1	2.0000	1.0000	1.0000	0.2117	NaN	NaN	NaN	911789.1171	911789.4720	0.0000	0.0000	0.6439
26qz02	3	14	0	1	1.0000	1.0000	1.0000	NaN	6.3989	5.9582	12.4884	911792.1428	911792.4450	1.0000	1.0000	0.3914
26qz02	3	14	0	1	2.0000	1.0000	-1.0000	0.1684	NaN	NaN	NaN	911793.3571	911793.7106	1.0000	0.0000	0.9173
26qz02	3	15	0	1	1.0000	1.0000	-1.0000	NaN	5.4706	-6.0815	15.9246	911796.6780	911796.9803	0.0000	1.0000	0.5448
26qz02	3	15	0	1	2.0000	1.0000	1.0000	0.8428	NaN	NaN	NaN	911798.0781	911798.4287	1.0000	1.0000	1.5117
26qz02	3	16	0	1	1.0000	1.0000	1.0000	NaN	8.8474	10.9463	14.5845	911802.0797	911802.3819	1.0000	1.0000	0.4713
26qz02	3	16	0	1	2.0000	1.0000	1.0000	0.4316	NaN	NaN	NaN	911803.3411	911803.6935	1.0000	1.0000	1.0474
26qz02	3	17	0	1	1.0000	1.0000	-1.0000	NaN	2.9734	-1.7652	14.2955	911806.8551	911807.1576	0.0000	1.0000	0.4943
26qz02	3	17	0	1	2.0000	1.0000	1.0000	0.6221	NaN	NaN	NaN	911808.1893	911808.5432	1.0000	1.0000	0.5654
26qz02	3	18	0	1	1.0000	1.0000	1.0000	NaN	10.5229	11.6940	15.2803	911811.4147	911811.7170	1.0000	1.0000	0.3669
26qz02	3	18	0	1	2.0000	1.0000	-1.0000	0.0394	NaN	NaN	NaN	911812.6523	911813.0084	0.0000	1.0000	1.7800
26qz02	3	19	0	1	1.0000	1.0000	1.0000	NaN	5.3639	5.7181	15.6966	911816.9944	911817.2981	1.0000	1.0000	1.1708
26qz02	3	19	0	1	2.0000	1.0000	1.0000	0.3912	NaN	NaN	NaN	911819.0098	911819.4274	1.0000	1.0000	1.2970
26qz02	3	20	0	1	1.0000	1.0000	1.0000	NaN	11.2403	11.9539	15.4505	911822.8585	911823.1629	1.0000	1.0000	0.5850
26qz02	3	20	0	1	2.0000	1.0000	1.0000	0.6383	NaN	NaN	NaN	911824.3037	911824.7158	1.0000	1.0000	1.7853
26qz02	3	21	0	1	1.0000	1.0000	-1.0000	NaN	5.4441	-4.5023	14.7356	911828.9975	911829.2998	0.0000	1.0000	0.4332
26qz02	3	21	0	1	2.0000	1.0000	1.0000	0.2260	NaN	NaN	NaN	911830.2851	911830.6408	0.0000	0.0000	0.4831
26qz02	3	22	0	1	1.0000	1.0000	-1.0000	NaN	3.2833	-6.5950	14.7832	911833.6615	911833.9636	0.0000	1.0000	0.3762
26qz02	3	22	0	1	2.0000	1.0000	1.0000	0.3720	NaN	NaN	NaN	911834.8610	911835.2131	1.0000	1.0000	0.3600
26qz02	3	23	0	1	1.0000	1.0000	-1.0000	NaN	10.6912	-10.4588	14.3569	911837.9291	911838.2313	0.0000	1.0000	0.3656
26qz02	3	23	0	1	2.0000	1.0000	1.0000	0.1744	NaN	NaN	NaN	911839.1167	911839.4737	1.0000	1.0000	0.6270
26qz02	3	24	0	1	1.0000	1.0000	-1.0000	NaN	9.9876	-10.8591	14.2326	911842.2332	911842.5355	0.0000	1.0000	0.4284
26qz02	3	24	0	1	2.0000	1.0000	1.0000	0.4151	NaN	NaN	NaN	911843.4845	911843.8399	1.0000	1.0000	0.5809
26qz02	3	25	0	1	1.0000	1.0000	-1.0000	NaN	11.8262	-11.0930	13.6654	911846.4530	911846.7556	0.0000	1.0000	0.3210
26qz02	3	25	0	1	2.0000	1.0000	1.0000	0.1786	NaN	NaN	NaN	911847.5961	911847.9526	1.0000	1.0000	0.5473
26qz02	3	26	0	1	1.0000	1.0000	-1.0000	NaN	6.3099	-5.7955	15.6951	911850.6484	911850.9506	0.0000	1.0000	0.4615
26qz02	3	26	0	1	2.0000	1.0000	1.0000	0.9027	NaN	NaN	NaN	911851.9329	911852.2897	1.0000	1.0000	0.5959
26qz02	3	27	0	1	1.0000	1.0000	1.0000	NaN	7.3693	8.3277	15.0620	911854.9172	911855.2201	1.0000	1.0000	0.3203
26qz02	3	27	0	1	2.0000	1.0000	1.0000	0.7412	NaN	NaN	NaN	911856.0611	911856.4120	1.0000	1.0000	0.6638
26qz02	3	28	0	1	1.0000	1.0000	1.0000	NaN	1.5384	2.9003	14.6695	911859.2344	911859.5381	1.0000	1.0000	1.3309
26qz02	3	28	0	1	2.0000	1.0000	1.0000	0.4523	NaN	NaN	NaN	911861.4051	911861.7571	1.0000	1.0000	0.5524
26qz02	3	29	0	1	1.0000	1.0000	-1.0000	NaN	5.9406	-6.0413	12.9652	911864.4159	911864.7230	0.0000	1.0000	0.4813
26qz02	3	29	0	1	2.0000	1.0000	1.0000	0.4128	NaN	NaN	NaN	911865.7130	911866.1306	1.0000	1.0000	0.5612
26qz02	3	30	0	1	1.0000	1.0000	1.0000	NaN	6.1834	7.3215	15.7639	911868.9426	911869.2448	1.0000	1.0000	1.0150
26qz02	3	30	0	1	2.0000	1.0000	-1.0000	0.7087	NaN	NaN	NaN	911870.7965	911871.1512	0.0000	1.0000	0.5498
26qz02	3	31	0	1	1.0000	1.0000	-1.0000	NaN	6.0480	-7.7947	16.7188	911874.2651	911874.5674	0.0000	1.0000	0.6852
26qz02	3	31	0	1	2.0000	1.0000	-1.0000	0.1271	NaN	NaN	NaN	911875.7745	911876.1250	1.0000	0.0000	0.5828
26qz02	3	32	0	1	1.0000	1.0000	1.0000	NaN	10.7968	12.1037	16.1581	911878.7583	911879.0605	1.0000	1.0000	0.3843
26qz02	3	32	0	1	2.0000	1.0000	1.0000	0.3382	NaN	NaN	NaN	911879.9806	911880.3341	1.0000	1.0000	0.6628
26qz02	3	33	0	1	1.0000	1.0000	-1.0000	NaN	8.2450	-7.4690	14.2287	911883.2872	911883.5894	0.0000	1.0000	0.3836
26qz02	3	33	0	1	2.0000	1.0000	1.0000	0.4021	NaN	NaN	NaN	911884.5091	911884.8605	1.0000	1.0000	1.0160
26qz02	3	34	0	1	1.0000	1.0000	-1.0000	NaN	8.3585	-8.6235	14.6410	911888.0690	911888.3712	0.0000	1.0000	1.1851
26qz02	3	34	0	1	2.0000	1.0000	-1.0000	0.7793	NaN	NaN	NaN	911890.1086	911890.4603	0.0000	1.0000	0.5522
26qz02	3	35	0	1	1.0000	1.0000	-1.0000	NaN	7.1014	-7.9902	14.4288	911893.3208	911893.6230	0.0000	1.0000	0.3336
26qz02	3	35	0	1	2.0000	1.0000	-1.0000	0.0869	NaN	NaN	NaN	911894.4601	911894.8170	0.0000	1.0000	1.6361
26qz02	3	36	0	1	1.0000	1.0000	1.0000	NaN	9.9717	10.1824	14.1632	911898.6498	911898.9529	1.0000	1.0000	0.5075
26qz02	3	36	0	1	2.0000	1.0000	1.0000	0.8486	NaN	NaN	NaN	911899.9966	911900.3498	0.0000	0.0000	2.6786
26qz02	3	37	0	1	1.0000	1.0000	1.0000	NaN	7.0719	8.8766	15.7137	911905.1701	911905.4724	1.0000	1.0000	0.2445
26qz02	3	37	0	1	2.0000	1.0000	-1.0000	0.1354	NaN	NaN	NaN	911906.2532	911906.6050	0.0000	1.0000	1.7828
26qz02	3	38	0	1	1.0000	1.0000	-1.0000	NaN	6.7974	-7.4650	14.3905	911910.8620	911911.1657	0.0000	1.0000	0.5660
26qz02	3	38	0	1	2.0000	1.0000	-1.0000	0.3235	NaN	NaN	NaN	911912.2728	911912.6952	0.0000	1.0000	0.4766
26qz02	3	39	0	1	1.0000	1.0000	-1.0000	NaN	7.3142	-7.4972	15.3300	911914.9911	911915.2959	0.0000	1.0000	0.5801
26qz02	3	39	0	1	2.0000	1.0000	-1.0000	0.0444	NaN	NaN	NaN	911916.4319	911916.8445	0.0000	1.0000	0.7124
26qz02	3	40	0	1	1.0000	1.0000	-1.0000	NaN	7.1168	-7.2892	15.3120	911920.1908	911920.4953	1.0000	0.0000	1.2525
26qz02	3	40	0	1	2.0000	1.0000	-1.0000	0.6156	NaN	NaN	NaN	911922.3067	911922.7275	0.0000	1.0000	0.6528
26qz02	3	41	0	1	1.0000	1.0000	-1.0000	NaN	9.4637	-9.3772	14.5783	911925.5151	911925.8182	0.0000	1.0000	0.3935
26qz02	3	41	0	1	2.0000	1.0000	1.0000	0.4357	NaN	NaN	NaN	911926.7485	911927.1027	1.0000	1.0000	0.4371
26qz02	3	42	0	1	1.0000	1.0000	1.0000	NaN	0.1762	0.8953	16.4784	911929.8491	911930.1513	1.0000	1.0000	0.9416
26qz02	3	42	0	1	2.0000	1.0000	-1.0000	0.3208	NaN	NaN	NaN	911931.6450	911931.9982	0.0000	1.0000	1.4461
26qz02	3	43	0	1	1.0000	1.0000	-1.0000	NaN	1.3790	-1.6162	15.3135	911935.6079	911935.9102	0.0000	1.0000	0.6216
26qz02	3	43	0	1	2.0000	1.0000	1.0000	0.3005	NaN	NaN	NaN	911937.0377	911937.3885	1.0000	1.0000	1.0152
26qz02	3	44	0	1	1.0000	1.0000	-1.0000	NaN	3.6391	-3.4669	17.7693	911940.6016	911940.9038	0.0000	1.0000	0.5719
26qz02	3	44	0	1	2.0000	1.0000	1.0000	0.8705	NaN	NaN	NaN	911942.0125	911942.3686	1.0000	1.0000	0.9158
26qz02	3	45	0	1	1.0000	1.0000	1.0000	NaN	8.7272	7.2205	13.2663	911945.3906	911945.6928	1.0000	1.0000	0.3446
26qz02	3	45	0	1	2.0000	1.0000	-1.0000	0.8271	NaN	NaN	NaN	911946.5728	911946.9242	0.0000	1.0000	0.9530
26qz02	3	46	0	1	1.0000	1.0000	-1.0000	NaN	6.9431	-6.0222	15.5702	911950.2512	911950.5534	0.0000	1.0000	0.5232
26qz02	3	46	0	1	2.0000	1.0000	1.0000	0.7460	NaN	NaN	NaN	911951.5958	911951.9513	1.0000	1.0000	0.5655
26qz02	3	47	0	1	1.0000	1.0000	-1.0000	NaN	9.0250	-11.2440	15.3195	911954.9204	911955.2248	0.0000	1.0000	0.3161
26qz02	3	47	0	1	2.0000	1.0000	1.0000	0.3338	NaN	NaN	NaN	911956.0960	911956.4805	1.0000	1.0000	0.5799
26qz02	3	48	0	1	1.0000	1.0000	-1.0000	NaN	5.4666	-7.3767	14.8380	911959.2677	911959.5698	0.0000	1.0000	0.4023
26qz02	3	48	0	1	2.0000	1.0000	-1.0000	0.8987	NaN	NaN	NaN	911960.4919	911960.8467	0.0000	1.0000	1.2694
26qz02	3	49	0	1	1.0000	1.0000	-1.0000	NaN	5.9698	-5.4139	16.9485	911964.4162	911964.7185	0.0000	1.0000	0.6950
26qz02	3	49	0	1	2.0000	1.0000	-1.0000	0.1028	NaN	NaN	NaN	911965.9640	911966.3173	1.0000	0.0000	0.9190
26qz02	3	50	0	1	1.0000	1.0000	-1.0000	NaN	11.5666	-9.7374	14.1116	911969.3338	911969.6360	0.0000	1.0000	0.2717
26qz02	3	50	0	1	2.0000	1.0000	-1.0000	0.4711	NaN	NaN	NaN	911970.4291	911970.7838	0.0000	1.0000	0.7091
