31zt02	1	1	0	0	1.0000	0.0000	-1.0000	0.7959	NaN	NaN	NaN	504212.7744	504213.1146	0.0000	1.0000	0.3549
31zt02	1	1	0	0	2.0000	0.0000	1.0000	NaN	11.9829	12.2160	16.8850	504214.0850	504214.3861	1.0000	1.0000	0.2382
31zt02	1	2	0	0	1.0000	0.0000	1.0000	0.8625	NaN	NaN	NaN	504217.0612	504217.3908	1.0000	1.0000	0.9606
31zt02	1	2	0	0	2.0000	0.0000	1.0000	NaN	3.9143	2.2799	13.7847	504218.9708	504219.2717	0.0000	0.0000	0.2135
31zt02	1	3	0	0	1.0000	0.0000	-1.0000	0.4358	NaN	NaN	NaN	504221.9928	504222.3202	0.0000	1.0000	0.2626
31zt02	1	3	0	0	2.0000	0.0000	-1.0000	NaN	0.4294	-0.1508	15.6671	504223.1865	504223.4876	0.0000	1.0000	0.3921
31zt02	1	4	0	0	1.0000	0.0000	-1.0000	0.0544	NaN	NaN	NaN	504226.1664	504226.4939	0.0000	1.0000	0.9461
31zt02	1	4	0	0	2.0000	0.0000	-1.0000	NaN	8.1259	-7.9695	14.5560	504228.0421	504228.3430	0.0000	1.0000	0.3262
31zt02	1	5	0	0	1.0000	0.0000	-1.0000	0.3108	NaN	NaN	NaN	504231.3522	504231.6801	0.0000	1.0000	1.1650
31zt02	1	5	0	0	2.0000	0.0000	-1.0000	NaN	4.2225	-3.9662	13.8800	504233.4506	504233.7516	0.0000	1.0000	0.2566
31zt02	1	6	0	0	1.0000	0.0000	-1.0000	0.2476	NaN	NaN	NaN	504236.4787	504236.8058	0.0000	1.0000	1.1843
31zt02	1	6	0	0	2.0000	0.0000	-1.0000	NaN	10.6138	-8.5874	13.8861	504238.5617	504238.8627	0.0000	1.0000	0.4305
31zt02	1	7	0	0	1.0000	0.0000	1.0000	0.3259	NaN	NaN	NaN	504241.5994	504241.9263	0.0000	0.0000	0.3989
31zt02	1	7	0	0	2.0000	0.0000	-1.0000	NaN	10.4392	-11.1571	15.4215	504242.9308	504243.2319	0.0000	1.0000	0.3195
31zt02	1	8	0	0	1.0000	0.0000	-1.0000	0.6626	NaN	NaN	NaN	504245.7643	504246.0934	0.0000	1.0000	0.4815
31zt02	1	8	0	0	2.0000	0.0000	-1.0000	NaN	3.9726	-3.9487	15.2351	504247.1775	504247.4789	0.0000	1.0000	0.6650
31zt02	1	9	0	0	1.0000	0.0000	-1.0000	0.8997	NaN	NaN	NaN	504250.3299	504250.6567	0.0000	1.0000	0.3243
31zt02	1	9	0	0	2.0000	0.0000	1.0000	NaN	9.7073	9.1078	15.3873	504251.5715	504251.8725	1.0000	1.0000	0.4448
31zt02	1	10	0	0	1.0000	0.0000	-1.0000	0.7273	NaN	NaN	NaN	504254.6479	504254.9746	0.0000	1.0000	0.2485
31zt02	1	10	0	0	2.0000	0.0000	1.0000	NaN	7.8540	7.3912	15.8348	504255.8515	504256.1526	1.0000	1.0000	0.3727
31zt02	1	11	0	0	1.0000	0.0000	-1.0000	0.6903	NaN	NaN	NaN	504258.6147	504258.9415	0.0000	1.0000	0.1858
31zt02	1	11	0	0	2.0000	0.0000	-1.0000	NaN	10.1494	-11.7516	12.6606	504259.7302	504260.0315	0.0000	1.0000	0.3042
31zt02	1	12	0	0	1.0000	0.0000	-1.0000	0.1438	NaN	NaN	NaN	504262.7642	504263.0925	0.0000	1.0000	0.5227
31zt02	1	12	0	0	2.0000	0.0000	1.0000	NaN	2.1650	2.4638	13.8964	504264.2118	504264.5128	1.0000	1.0000	0.8853
31zt02	1	13	0	0	1.0000	0.0000	-1.0000	0.2180	NaN	NaN	NaN	504268.0871	504268.4150	0.0000	1.0000	1.8622
31zt02	1	13	0	0	2.0000	0.0000	1.0000	NaN	8.9368	9.1553	13.4393	504270.8838	504271.1853	1.0000	1.0000	0.3984
31zt02	1	14	0	0	1.0000	0.0000	1.0000	0.1085	NaN	NaN	NaN	504273.6864	504274.0134	0.0000	0.0000	0.9941
31zt02	1	14	0	0	2.0000	0.0000	-1.0000	NaN	0.4388	-0.1541	15.9356	504275.6034	504275.9044	0.0000	1.0000	1.2392
31zt02	1	15	0	0	1.0000	0.0000	-1.0000	0.7720	NaN	NaN	NaN	504279.1682	504279.4955	0.0000	1.0000	0.2538
31zt02	1	15	0	0	2.0000	0.0000	1.0000	NaN	2.9672	4.4988	13.3700	504280.3470	504280.6481	1.0000	1.0000	0.5891
31zt02	1	16	0	0	1.0000	0.0000	-1.0000	0.8998	NaN	NaN	NaN	504283.8411	504284.1684	0.0000	1.0000	0.2689
31zt02	1	16	0	0	2.0000	0.0000	-1.0000	NaN	2.7903	-2.8197	15.1381	504285.0503	504285.3513	1.0000	0.0000	1.7766
31zt02	1	17	0	0	1.0000	0.0000	-1.0000	0.3639	NaN	NaN	NaN	504289.3042	504289.6316	0.0000	1.0000	1.3749
31zt02	1	17	0	0	2.0000	0.0000	1.0000	NaN	4.1801	3.2042	14.1305	504291.5774	504291.8785	0.0000	0.0000	1.4729
31zt02	1	18	0	0	1.0000	0.0000	-1.0000	0.4077	NaN	NaN	NaN	504295.7376	504296.0653	0.0000	1.0000	1.3502
31zt02	1	18	0	0	2.0000	0.0000	1.0000	NaN	1.7243	0.5030	15.4279	504298.0230	504298.3241	0.0000	0.0000	0.9716
31zt02	1	19	0	0	1.0000	0.0000	1.0000	0.7004	NaN	NaN	NaN	504301.6164	504301.9427	1.0000	1.0000	1.5292
31zt02	1	19	0	0	2.0000	0.0000	-1.0000	NaN	6.3811	-5.8198	14.5726	504304.1241	504304.4251	0.0000	1.0000	0.7500
31zt02	1	20	0	0	1.0000	0.0000	-1.0000	0.9124	NaN	NaN	NaN	504307.8551	504308.1831	0.0000	1.0000	0.3684
31zt02	1	20	0	0	2.0000	0.0000	-1.0000	NaN	0.7224	-0.1241	14.3621	504309.1789	504309.4799	0.0000	1.0000	0.4459
31zt02	1	21	0	0	1.0000	0.0000	1.0000	0.3502	NaN	NaN	NaN	504312.3644	504312.6919	1.0000	1.0000	1.3477
31zt02	1	21	0	0	2.0000	0.0000	-1.0000	NaN	3.5086	-3.5018	13.8514	504314.6905	504314.9916	0.0000	1.0000	1.5177
31zt02	1	22	0	0	1.0000	0.0000	-1.0000	0.8253	NaN	NaN	NaN	504318.6081	504318.9352	0.0000	1.0000	0.4722
31zt02	1	22	0	0	2.0000	0.0000	-1.0000	NaN	11.9382	-14.8084	14.0311	504319.9701	504320.2712	0.0000	1.0000	0.3364
31zt02	1	23	0	0	1.0000	0.0000	-1.0000	0.5706	NaN	NaN	NaN	504322.5855	504322.9124	0.0000	1.0000	0.3409
31zt02	1	23	0	0	2.0000	0.0000	1.0000	NaN	10.4479	11.2588	15.8968	504323.8587	504324.1598	1.0000	1.0000	0.4228
31zt02	1	24	0	0	1.0000	0.0000	1.0000	0.2932	NaN	NaN	NaN	504326.5529	504326.8797	0.0000	0.0000	0.8399
31zt02	1	24	0	0	2.0000	0.0000	-1.0000	NaN	2.5824	-2.4259	14.6255	504328.3000	504328.6011	0.0000	1.0000	0.4602
31zt02	1	25	0	0	1.0000	0.0000	1.0000	0.4779	NaN	NaN	NaN	504331.3449	504331.6735	1.0000	1.0000	0.8697
31zt02	1	25	0	0	2.0000	0.0000	-1.0000	NaN	0.5166	-0.6805	13.7054	504333.1619	504333.4633	0.0000	1.0000	1.6408
31zt02	1	26	0	0	1.0000	0.0000	1.0000	0.9204	NaN	NaN	NaN	504337.6166	504337.9445	1.0000	1.0000	0.7412
31zt02	1	26	0	0	2.0000	0.0000	-1.0000	NaN	7.3277	-7.2774	14.5671	504339.2894	504339.5906	0.0000	1.0000	0.4883
31zt02	1	27	0	0	1.0000	0.0000	-1.0000	0.1134	NaN	NaN	NaN	504342.4004	504342.7297	0.0000	1.0000	0.9246
31zt02	1	27	0	0	2.0000	0.0000	1.0000	NaN	5.1789	5.4283	13.6610	504344.2430	504344.5439	1.0000	1.0000	0.4934
31zt02	1	28	0	0	1.0000	0.0000	1.0000	0.6685	NaN	NaN	NaN	504347.5841	504347.9118	1.0000	1.0000	0.8061
31zt02	1	28	0	0	2.0000	0.0000	1.0000	NaN	5.1320	4.5808	14.2340	504349.3306	504349.6318	1.0000	1.0000	0.5576
31zt02	1	29	0	0	1.0000	0.0000	-1.0000	0.6653	NaN	NaN	NaN	504352.6099	504352.9369	0.0000	1.0000	0.3482
31zt02	1	29	0	0	2.0000	0.0000	-1.0000	NaN	1.2747	-1.2758	13.2716	504353.8847	504354.1858	1.0000	0.0000	1.1581
31zt02	1	30	0	0	1.0000	0.0000	-1.0000	0.6328	NaN	NaN	NaN	504357.5228	504357.8499	1.0000	0.0000	0.7235
31zt02	1	30	0	0	2.0000	0.0000	-1.0000	NaN	3.9504	-4.2063	15.6292	504359.1861	504359.4872	1.0000	0.0000	0.6461
31zt02	1	31	0	0	1.0000	0.0000	1.0000	0.5844	NaN	NaN	NaN	504362.4144	504362.7414	1.0000	1.0000	0.7065
31zt02	1	31	0	0	2.0000	0.0000	1.0000	NaN	7.0623	5.7923	14.7210	504364.0670	504364.3681	1.0000	1.0000	1.2227
31zt02	1	32	0	0	1.0000	0.0000	1.0000	0.0604	NaN	NaN	NaN	504367.6785	504368.0063	1.0000	1.0000	1.5272
31zt02	1	32	0	0	2.0000	0.0000	1.0000	NaN	7.9825	7.0153	15.8217	504370.1786	504370.4796	1.0000	1.0000	0.6618
31zt02	1	33	0	0	1.0000	0.0000	-1.0000	0.8166	NaN	NaN	NaN	504373.5542	504373.8832	0.0000	1.0000	0.6420
31zt02	1	33	0	0	2.0000	0.0000	-1.0000	NaN	1.6817	-1.2874	16.5588	504375.1147	504375.4158	0.0000	1.0000	0.8695
31zt02	1	34	0	0	1.0000	0.0000	1.0000	0.4095	NaN	NaN	NaN	504378.6083	504378.9363	1.0000	1.0000	0.6050
31zt02	1	34	0	0	2.0000	0.0000	-1.0000	NaN	1.3367	-2.4463	15.0989	504380.1377	504380.4388	0.0000	1.0000	0.6223
31zt02	1	35	0	0	1.0000	0.0000	-1.0000	0.7635	NaN	NaN	NaN	504383.5179	504383.8460	0.0000	1.0000	0.2154
31zt02	1	35	0	0	2.0000	0.0000	1.0000	NaN	3.2858	3.6883	15.7114	504384.6495	504384.9506	1.0000	1.0000	0.4579
31zt02	1	36	0	0	1.0000	0.0000	-1.0000	0.9369	NaN	NaN	NaN	504387.6188	504387.9455	0.0000	1.0000	0.2617
31zt02	1	36	0	0	2.0000	0.0000	1.0000	NaN	10.6460	11.2969	14.0381	504388.7955	504389.0966	1.0000	1.0000	0.2872
31zt02	1	37	0	0	1.0000	0.0000	-1.0000	0.5084	NaN	NaN	NaN	504391.4704	504391.7980	0.0000	1.0000	0.1674
31zt02	1	37	0	0	2.0000	0.0000	1.0000	NaN	7.8393	6.8408	14.9435	504392.5147	504392.8158	1.0000	1.0000	0.5201
31zt02	1	38	0	0	1.0000	0.0000	-1.0000	0.2802	NaN	NaN	NaN	504395.8552	504396.1858	0.0000	1.0000	0.0997
31zt02	1	38	0	0	2.0000	0.0000	1.0000	NaN	1.5443	2.0598	15.7672	504396.8919	504397.1930	0.0000	0.0000	0.5481
31zt02	1	39	0	0	1.0000	0.0000	1.0000	0.1593	NaN	NaN	NaN	504400.1979	504400.5248	1.0000	1.0000	0.6325
31zt02	1	39	0	0	2.0000	0.0000	-1.0000	NaN	2.7130	-2.3667	15.2946	504401.7549	504402.0560	1.0000	0.0000	1.1912
31zt02	1	40	0	0	1.0000	0.0000	1.0000	0.5781	NaN	NaN	NaN	504405.5109	504405.8382	1.0000	1.0000	0.7753
31zt02	1	40	0	0	2.0000	0.0000	1.0000	NaN	10.1793	11.3532	16.6652	504407.2101	504407.5112	1.0000	1.0000	0.6060
31zt02	1	41	0	0	1.0000	0.0000	1.0000	0.2131	NaN	NaN	NaN	504410.6049	504410.9313	1.0000	1.0000	1.0898
31zt02	1	41	0	0	2.0000	0.0000	1.0000	NaN	9.7813	8.6878	14.5825	504412.6273	504412.9284	1.0000	1.0000	0.4855
31zt02	1	42	0	0	1.0000	0.0000	-1.0000	0.6703	NaN	NaN	NaN	504415.4597	504415.7867	0.0000	1.0000	0.3476
31zt02	1	42	0	0	2.0000	0.0000	-1.0000	NaN	11.0637	-12.7026	13.7839	504416.7393	504417.0404	0.0000	1.0000	0.3569
31zt02	1	43	0	0	1.0000	0.0000	-1.0000	0.9062	NaN	NaN	NaN	504419.7376	504420.0650	0.0000	1.0000	0.2380
31zt02	1	43	0	0	2.0000	0.0000	-1.0000	NaN	6.8522	-7.7487	16.0579	504420.8750	504421.1763	0.0000	1.0000	0.8632
31zt02	1	44	0	0	1.0000	0.0000	1.0000	0.4194	NaN	NaN	NaN	504424.1782	504424.5057	0.0000	0.0000	2.1820
31zt02	1	44	0	0	2.0000	0.0000	-1.0000	NaN	0.1122	-1.8194	15.4055	504427.2655	504427.5669	0.0000	1.0000	0.4970
31zt02	1	45	0	0	1.0000	0.0000	1.0000	0.3855	NaN	NaN	NaN	504430.7040	504431.0303	0.0000	0.0000	0.4069
31zt02	1	45	0	0	2.0000	0.0000	1.0000	NaN	0.7792	2.3128	16.4550	504432.0257	504432.3268	1.0000	1.0000	0.8064
31zt02	1	46	0	0	1.0000	0.0000	1.0000	0.4561	NaN	NaN	NaN	504435.3989	504435.7267	1.0000	1.0000	1.5670
31zt02	1	46	0	0	2.0000	0.0000	1.0000	NaN	1.9351	2.5117	15.1247	504437.8913	504438.1923	1.0000	1.0000	0.8050
31zt02	1	47	0	0	1.0000	0.0000	1.0000	0.4098	NaN	NaN	NaN	504441.1440	504441.4714	1.0000	1.0000	1.7922
31zt02	1	47	0	0	2.0000	0.0000	1.0000	NaN	3.0483	2.0897	15.4963	504443.8893	504444.1903	0.0000	0.0000	0.6151
31zt02	1	48	0	0	1.0000	0.0000	-1.0000	0.3135	NaN	NaN	NaN	504446.9436	504447.2717	0.0000	1.0000	1.4721
31zt02	1	48	0	0	2.0000	0.0000	1.0000	NaN	8.0274	8.3017	13.2278	504449.3305	504449.6316	1.0000	1.0000	0.5361
31zt02	1	49	0	0	1.0000	0.0000	-1.0000	0.2202	NaN	NaN	NaN	504452.3218	504452.6493	0.0000	1.0000	1.1881
31zt02	1	49	0	0	2.0000	0.0000	-1.0000	NaN	10.9755	-9.7836	15.0165	504454.4259	504454.7269	0.0000	1.0000	0.5102
31zt02	1	50	0	0	1.0000	0.0000	-1.0000	0.0333	NaN	NaN	NaN	504457.4441	504457.7712	0.0000	1.0000	1.6662
31zt02	1	50	0	0	2.0000	0.0000	-1.0000	NaN	0.9829	-0.1537	15.8628	504459.9859	504460.2871	0.0000	1.0000	0.4965
31zt02	2	1	0	0	1.0000	0.0000	-1.0000	0.7175	NaN	NaN	NaN	504466.3017	504466.6303	0.0000	1.0000	0.5590
31zt02	2	1	0	0	2.0000	0.0000	-1.0000	NaN	11.4691	-11.8520	15.4558	504467.7948	504468.0959	0.0000	1.0000	0.3356
31zt02	2	2	0	0	1.0000	0.0000	-1.0000	0.9053	NaN	NaN	NaN	504470.8437	504471.1717	0.0000	1.0000	0.2817
31zt02	2	2	0	0	2.0000	0.0000	1.0000	NaN	8.7549	8.7594	15.7485	504472.0427	504472.3438	1.0000	1.0000	0.3733
31zt02	2	3	0	0	1.0000	0.0000	-1.0000	0.3581	NaN	NaN	NaN	504475.3473	504475.6757	0.0000	1.0000	1.2496
31zt02	2	3	0	0	2.0000	0.0000	1.0000	NaN	5.1192	5.3651	16.0178	504477.5144	504477.8155	1.0000	1.0000	0.4081
31zt02	2	4	0	0	1.0000	0.0000	1.0000	0.1658	NaN	NaN	NaN	504480.5921	504480.9201	0.0000	0.0000	1.7027
31zt02	2	4	0	0	2.0000	0.0000	-1.0000	NaN	3.7094	-3.3658	15.3031	504483.2187	504483.5199	0.0000	1.0000	0.6159
31zt02	2	5	0	0	1.0000	0.0000	-1.0000	0.0367	NaN	NaN	NaN	504486.6839	504487.0115	0.0000	1.0000	0.9300
31zt02	2	5	0	0	2.0000	0.0000	1.0000	NaN	11.7206	10.7982	15.1496	504488.5144	504488.8156	1.0000	1.0000	0.6307
31zt02	2	6	0	0	1.0000	0.0000	-1.0000	0.3993	NaN	NaN	NaN	504491.7666	504492.0941	0.0000	1.0000	0.5933
31zt02	2	6	0	0	2.0000	0.0000	-1.0000	NaN	0.3564	-0.6884	15.6165	504493.2777	504493.5787	0.0000	1.0000	0.4848
31zt02	2	7	0	0	1.0000	0.0000	-1.0000	0.0392	NaN	NaN	NaN	504496.2175	504496.5444	0.0000	1.0000	0.7021
31zt02	2	7	0	0	2.0000	0.0000	1.0000	NaN	10.9019	8.9668	16.3900	504497.8423	504498.1433	1.0000	1.0000	0.4461
31zt02	2	8	0	0	1.0000	0.0000	-1.0000	0.2348	NaN	NaN	NaN	504500.7375	504501.0647	0.0000	1.0000	0.5726
31zt02	2	8	0	0	2.0000	0.0000	1.0000	NaN	10.1413	9.5170	16.5826	504502.2187	504502.5198	1.0000	1.0000	0.3735
31zt02	2	9	0	0	1.0000	0.0000	-1.0000	0.5900	NaN	NaN	NaN	504505.5993	504505.9276	0.0000	1.0000	0.1922
31zt02	2	9	0	0	2.0000	0.0000	-1.0000	NaN	5.2973	-4.5504	13.2612	504506.7232	504507.0242	0.0000	1.0000	0.3198
31zt02	2	10	0	0	1.0000	0.0000	-1.0000	0.0615	NaN	NaN	NaN	504509.8812	504510.2082	0.0000	1.0000	0.6955
31zt02	2	10	0	0	2.0000	0.0000	1.0000	NaN	5.6448	6.4077	15.0817	504511.4594	504511.7604	1.0000	1.0000	0.3588
31zt02	2	11	0	0	1.0000	0.0000	-1.0000	0.2966	NaN	NaN	NaN	504514.7563	504515.0835	0.0000	1.0000	0.4097
31zt02	2	11	0	0	2.0000	0.0000	1.0000	NaN	2.5540	5.0248	14.6106	504516.0675	504516.3685	1.0000	1.0000	0.3089
31zt02	2	12	0	0	1.0000	0.0000	1.0000	0.5869	NaN	NaN	NaN	504519.2492	504519.5760	0.0000	0.0000	0.3761
31zt02	2	12	0	0	2.0000	0.0000	-1.0000	NaN	11.9775	-10.1907	15.2177	504520.5384	504520.8395	0.0000	1.0000	0.2076
31zt02	2	13	0	0	1.0000	0.0000	-1.0000	0.0716	NaN	NaN	NaN	504523.4838	504523.8122	0.0000	1.0000	0.8175
31zt02	2	13	0	0	2.0000	0.0000	1.0000	NaN	7.9499	7.3100	14.8828	504525.1850	504525.4860	1.0000	1.0000	0.3528
31zt02	2	14	0	0	1.0000	0.0000	-1.0000	0.1076	NaN	NaN	NaN	504528.3187	504528.6463	0.0000	1.0000	0.8807
31zt02	2	14	0	0	2.0000	0.0000	1.0000	NaN	6.5921	4.0042	15.3216	504530.1073	504530.4083	1.0000	1.0000	0.3674
31zt02	2	15	0	0	1.0000	0.0000	1.0000	0.7522	NaN	NaN	NaN	504533.2264	504533.5538	1.0000	1.0000	1.4533
31zt02	2	15	0	0	2.0000	0.0000	1.0000	NaN	4.0880	2.7047	16.4246	504535.6193	504535.9204	1.0000	1.0000	0.6132
31zt02	2	16	0	0	1.0000	0.0000	-1.0000	0.0509	NaN	NaN	NaN	504538.5726	504538.8992	0.0000	1.0000	0.4418
31zt02	2	16	0	0	2.0000	0.0000	1.0000	NaN	9.4337	8.6273	14.9469	504539.9317	504540.2330	1.0000	1.0000	0.3504
31zt02	2	17	0	0	1.0000	0.0000	1.0000	0.0965	NaN	NaN	NaN	504542.7621	504543.0883	0.0000	0.0000	0.6209
31zt02	2	17	0	0	2.0000	0.0000	1.0000	NaN	0.5885	1.8804	14.2896	504544.2909	504544.5919	1.0000	1.0000	0.9651
31zt02	2	18	0	0	1.0000	0.0000	-1.0000	0.6240	NaN	NaN	NaN	504547.6074	504547.9353	0.0000	1.0000	0.9501
31zt02	2	18	0	0	2.0000	0.0000	-1.0000	NaN	11.1098	-9.3682	15.0925	504549.4899	504549.7909	0.0000	1.0000	0.3603
31zt02	2	19	0	0	1.0000	0.0000	1.0000	0.7609	NaN	NaN	NaN	504552.5958	504552.9238	1.0000	1.0000	0.4974
31zt02	2	19	0	0	2.0000	0.0000	-1.0000	NaN	8.7071	-9.2349	15.8531	504554.0274	504554.3285	0.0000	1.0000	0.3836
31zt02	2	20	0	0	1.0000	0.0000	1.0000	0.0371	NaN	NaN	NaN	504557.1906	504557.5179	1.0000	1.0000	1.4713
31zt02	2	20	0	0	2.0000	0.0000	1.0000	NaN	3.3618	2.5393	16.0089	504559.6023	504559.9034	1.0000	1.0000	0.7286
31zt02	2	21	0	0	1.0000	0.0000	1.0000	0.4304	NaN	NaN	NaN	504562.9004	504563.2274	1.0000	1.0000	3.4818
31zt02	2	21	0	0	2.0000	0.0000	-1.0000	NaN	11.9456	-13.5076	15.4931	504567.3304	504567.6315	0.0000	1.0000	0.3337
31zt02	2	22	0	0	1.0000	0.0000	-1.0000	0.3520	NaN	NaN	NaN	504570.3878	504570.7164	0.0000	1.0000	0.5869
31zt02	2	22	0	0	2.0000	0.0000	-1.0000	NaN	0.4498	-0.1048	14.1347	504571.9064	504572.2075	0.0000	1.0000	0.4398
31zt02	2	23	0	0	1.0000	0.0000	-1.0000	0.5848	NaN	NaN	NaN	504574.9911	504575.3185	0.0000	1.0000	0.3933
31zt02	2	23	0	0	2.0000	0.0000	-1.0000	NaN	1.0866	-0.3894	14.9791	504576.3159	504576.6170	1.0000	0.0000	0.8781
31zt02	2	24	0	0	1.0000	0.0000	-1.0000	0.9428	NaN	NaN	NaN	504579.6915	504580.0183	0.0000	1.0000	0.2607
31zt02	2	24	0	0	2.0000	0.0000	1.0000	NaN	6.8765	7.1012	15.6043	504580.8905	504581.1916	1.0000	1.0000	1.4157
31zt02	2	25	0	0	1.0000	0.0000	1.0000	0.0985	NaN	NaN	NaN	504584.8946	504585.2223	0.0000	0.0000	0.8325
31zt02	2	25	0	0	2.0000	0.0000	-1.0000	NaN	1.8300	-3.4472	15.2464	504586.6526	504586.9536	0.0000	1.0000	1.5256
31zt02	2	26	0	0	1.0000	0.0000	-1.0000	0.0740	NaN	NaN	NaN	504590.3351	504590.6631	1.0000	0.0000	1.6307
31zt02	2	26	0	0	2.0000	0.0000	1.0000	NaN	11.1518	11.0969	14.2986	504592.8967	504593.1977	1.0000	1.0000	0.4982
31zt02	2	27	0	0	1.0000	0.0000	-1.0000	0.7417	NaN	NaN	NaN	504596.1422	504596.4696	0.0000	1.0000	0.3119
31zt02	2	27	0	0	2.0000	0.0000	-1.0000	NaN	1.7670	-4.1569	15.6615	504597.3866	504597.6877	0.0000	1.0000	1.7121
31zt02	2	28	0	0	1.0000	0.0000	-1.0000	0.5831	NaN	NaN	NaN	504601.3634	504601.6918	0.0000	1.0000	0.4334
31zt02	2	28	0	0	2.0000	0.0000	-1.0000	NaN	9.3432	-8.2645	17.0905	504602.7390	504603.0401	0.0000	1.0000	0.4934
31zt02	2	29	0	0	1.0000	0.0000	1.0000	0.0709	NaN	NaN	NaN	504605.5648	504605.8923	0.0000	0.0000	0.7717
31zt02	2	29	0	0	2.0000	0.0000	1.0000	NaN	5.5997	5.1897	14.0772	504607.2576	504607.5587	1.0000	1.0000	0.4173
31zt02	2	30	0	0	1.0000	0.0000	-1.0000	0.1121	NaN	NaN	NaN	504610.0364	504610.3638	0.0000	1.0000	0.4588
31zt02	2	30	0	0	2.0000	0.0000	1.0000	NaN	0.4399	3.4853	15.4064	504611.4113	504611.7123	0.0000	0.0000	1.5090
31zt02	2	31	0	0	1.0000	0.0000	1.0000	0.4392	NaN	NaN	NaN	504615.4787	504615.8063	1.0000	1.0000	0.3991
31zt02	2	31	0	0	2.0000	0.0000	-1.0000	NaN	9.5182	-9.1303	15.3680	504616.8184	504617.1195	0.0000	1.0000	0.2061
31zt02	2	32	0	0	1.0000	0.0000	1.0000	0.2009	NaN	NaN	NaN	504619.3243	504619.6549	1.0000	1.0000	0.9104
31zt02	2	32	0	0	2.0000	0.0000	1.0000	NaN	2.4013	2.0993	16.0318	504621.1628	504621.4639	0.0000	0.0000	0.7679
31zt02	2	33	0	0	1.0000	0.0000	-1.0000	0.4313	NaN	NaN	NaN	504624.8049	504625.1324	0.0000	1.0000	0.3073
31zt02	2	33	0	0	2.0000	0.0000	-1.0000	NaN	11.7749	-10.6129	14.6887	504626.0269	504626.3279	0.0000	1.0000	0.5193
31zt02	2	34	0	0	1.0000	0.0000	-1.0000	0.7258	NaN	NaN	NaN	504629.3099	504629.6393	0.0000	1.0000	0.2540
31zt02	2	34	0	0	2.0000	0.0000	1.0000	NaN	10.8657	9.7762	14.0982	504630.4997	504630.8007	1.0000	1.0000	0.4368
31zt02	2	35	0	0	1.0000	0.0000	1.0000	0.4564	NaN	NaN	NaN	504633.7945	504634.1228	0.0000	0.0000	0.8771
31zt02	2	35	0	0	2.0000	0.0000	-1.0000	NaN	4.3723	-6.0239	15.6220	504635.5699	504635.8710	0.0000	1.0000	0.4244
31zt02	2	36	0	0	1.0000	0.0000	-1.0000	0.9343	NaN	NaN	NaN	504638.4446	504638.7741	0.0000	1.0000	0.2313
31zt02	2	36	0	0	2.0000	0.0000	1.0000	NaN	0.8744	0.3272	15.2447	504639.6120	504639.9131	0.0000	0.0000	0.4842
31zt02	2	37	0	0	1.0000	0.0000	1.0000	0.8955	NaN	NaN	NaN	504642.7089	504643.0371	1.0000	1.0000	0.3308
31zt02	2	37	0	0	2.0000	0.0000	1.0000	NaN	11.7154	11.9165	14.4760	504643.9705	504644.2716	1.0000	1.0000	0.3843
31zt02	2	38	0	0	1.0000	0.0000	-1.0000	0.6146	NaN	NaN	NaN	504646.6827	504647.0107	0.0000	1.0000	0.2685
31zt02	2	38	0	0	2.0000	0.0000	-1.0000	NaN	2.4658	-2.8005	14.2628	504647.8438	504648.1448	0.0000	1.0000	0.2763
31zt02	2	39	0	0	1.0000	0.0000	1.0000	0.8077	NaN	NaN	NaN	504650.5129	504650.8399	1.0000	1.0000	0.3439
31zt02	2	39	0	0	2.0000	0.0000	1.0000	NaN	4.4004	4.3067	16.8542	504651.7779	504652.0790	0.0000	0.0000	1.9102
31zt02	2	40	0	0	1.0000	0.0000	1.0000	0.6012	NaN	NaN	NaN	504656.1045	504656.4331	1.0000	1.0000	1.1747
31zt02	2	40	0	0	2.0000	0.0000	-1.0000	NaN	2.4416	-2.2192	15.5803	504658.2092	504658.5103	0.0000	1.0000	1.0890
31zt02	2	41	0	0	1.0000	0.0000	-1.0000	0.7346	NaN	NaN	NaN	504661.7808	504662.1079	0.0000	1.0000	0.2575
31zt02	2	41	0	0	2.0000	0.0000	1.0000	NaN	1.4128	2.8106	14.4324	504662.9554	504663.2565	0.0000	0.0000	0.5749
31zt02	2	42	0	0	1.0000	0.0000	1.0000	0.0864	NaN	NaN	NaN	504666.1726	504666.5011	0.0000	0.0000	0.8586
31zt02	2	42	0	0	2.0000	0.0000	-1.0000	NaN	2.2535	-2.8493	15.0896	504667.9370	504668.2381	0.0000	1.0000	0.5056
31zt02	2	43	0	0	1.0000	0.0000	-1.0000	0.7306	NaN	NaN	NaN	504671.3471	504671.6749	0.0000	1.0000	0.2600
31zt02	2	43	0	0	2.0000	0.0000	1.0000	NaN	1.8003	1.2377	14.7328	504672.5375	504672.8387	1.0000	1.0000	0.4639
31zt02	2	44	0	0	1.0000	0.0000	-1.0000	0.3231	NaN	NaN	NaN	504675.3056	504675.6343	0.0000	1.0000	0.2296
31zt02	2	44	0	0	2.0000	0.0000	1.0000	NaN	3.6568	3.8341	13.2157	504676.4666	504676.7676	1.0000	1.0000	0.4059
31zt02	2	45	0	0	1.0000	0.0000	-1.0000	0.6832	NaN	NaN	NaN	504679.2554	504679.5827	0.0000	1.0000	0.1691
31zt02	2	45	0	0	2.0000	0.0000	-1.0000	NaN	0.0190	-1.6041	16.3483	504680.3384	504680.6395	1.0000	0.0000	0.6473
31zt02	2	46	0	0	1.0000	0.0000	-1.0000	0.6475	NaN	NaN	NaN	504683.6081	504683.9373	0.0000	1.0000	0.1640
31zt02	2	46	0	0	2.0000	0.0000	1.0000	NaN	7.6533	8.3626	14.8774	504684.6927	504684.9937	1.0000	1.0000	0.3089
31zt02	2	47	0	0	1.0000	0.0000	-1.0000	0.8784	NaN	NaN	NaN	504687.9312	504688.2588	0.0000	1.0000	0.2344
31zt02	2	47	0	0	2.0000	0.0000	-1.0000	NaN	8.1379	-6.4730	15.5604	504689.0746	504689.3757	0.0000	1.0000	0.3038
31zt02	2	48	0	0	1.0000	0.0000	-1.0000	0.3699	NaN	NaN	NaN	504691.9092	504692.2361	0.0000	1.0000	1.0753
31zt02	2	48	0	0	2.0000	0.0000	1.0000	NaN	10.7747	11.2608	13.7679	504693.8587	504694.1598	1.0000	1.0000	0.3842
31zt02	2	49	0	0	1.0000	0.0000	-1.0000	0.9362	NaN	NaN	NaN	504696.5730	504696.9023	0.0000	1.0000	0.1911
31zt02	2	49	0	0	2.0000	0.0000	1.0000	NaN	8.4695	7.4555	15.0711	504697.6742	504697.9753	1.0000	1.0000	0.2407
31zt02	2	50	0	0	1.0000	0.0000	-1.0000	0.2249	NaN	NaN	NaN	504700.8942	504701.2208	0.0000	1.0000	0.8086
31zt02	2	50	0	0	2.0000	0.0000	1.0000	NaN	2.4766	1.9959	16.0585	504702.5780	504702.8791	0.0000	0.0000	0.4302
31zt02	3	1	0	0	1.0000	0.0000	1.0000	0.1807	NaN	NaN	NaN	504708.1780	504708.5046	1.0000	1.0000	1.0390
31zt02	3	1	0	0	2.0000	0.0000	1.0000	NaN	11.1021	10.0713	14.3073	504710.1554	504710.4566	1.0000	1.0000	0.4395
31zt02	3	2	0	0	1.0000	0.0000	1.0000	0.4132	NaN	NaN	NaN	504713.3737	504713.7001	0.0000	0.0000	0.1789
31zt02	3	2	0	0	2.0000	0.0000	1.0000	NaN	8.9084	10.8764	15.5875	504714.4501	504714.7511	1.0000	1.0000	0.3043
31zt02	3	3	0	0	1.0000	0.0000	-1.0000	0.4289	NaN	NaN	NaN	504717.2071	504717.5350	0.0000	1.0000	0.2807
31zt02	3	3	0	0	2.0000	0.0000	-1.0000	NaN	6.8568	-6.6405	15.1287	504718.4108	504718.7118	0.0000	1.0000	0.4078
31zt02	3	4	0	0	1.0000	0.0000	-1.0000	0.9237	NaN	NaN	NaN	504721.2751	504721.6011	0.0000	1.0000	0.1564
31zt02	3	4	0	0	2.0000	0.0000	1.0000	NaN	4.4111	4.1402	14.6189	504722.3471	504722.6485	1.0000	1.0000	0.5263
31zt02	3	5	0	0	1.0000	0.0000	1.0000	0.2567	NaN	NaN	NaN	504725.4562	504725.7859	0.0000	0.0000	0.3021
31zt02	3	5	0	0	2.0000	0.0000	-1.0000	NaN	7.5116	-6.2146	16.3807	504726.6509	504726.9519	0.0000	1.0000	0.3182
31zt02	3	6	0	0	1.0000	0.0000	1.0000	0.4380	NaN	NaN	NaN	504729.6783	504730.0059	1.0000	1.0000	0.6250
31zt02	3	6	0	0	2.0000	0.0000	1.0000	NaN	8.2023	8.7321	14.1929	504731.2189	504731.5199	1.0000	1.0000	0.4553
31zt02	3	7	0	0	1.0000	0.0000	-1.0000	0.2443	NaN	NaN	NaN	504734.4052	504734.7316	0.0000	1.0000	0.2896
31zt02	3	7	0	0	2.0000	0.0000	-1.0000	NaN	8.1145	-8.1353	16.0889	504735.6107	504735.9118	0.0000	1.0000	0.2136
31zt02	3	8	0	0	1.0000	0.0000	1.0000	0.4299	NaN	NaN	NaN	504738.6577	504738.9860	1.0000	1.0000	0.3794
31zt02	3	8	0	0	2.0000	0.0000	1.0000	NaN	6.8756	8.5057	16.2118	504739.9889	504740.2900	1.0000	1.0000	0.4134
31zt02	3	9	0	0	1.0000	0.0000	1.0000	0.4616	NaN	NaN	NaN	504743.0658	504743.3927	0.0000	0.0000	0.5578
31zt02	3	9	0	0	2.0000	0.0000	1.0000	NaN	0.0438	0.7619	16.2287	504744.5070	504744.8081	1.0000	1.0000	0.7279
31zt02	3	10	0	0	1.0000	0.0000	1.0000	0.8204	NaN	NaN	NaN	504747.7879	504748.1157	0.0000	0.0000	0.2816
31zt02	3	10	0	0	2.0000	0.0000	1.0000	NaN	11.8909	12.7349	13.6610	504748.9707	504749.2718	1.0000	1.0000	0.3442
31zt02	3	11	0	0	1.0000	0.0000	1.0000	0.3915	NaN	NaN	NaN	504751.8099	504752.1365	0.0000	0.0000	0.6928
31zt02	3	11	0	0	2.0000	0.0000	1.0000	NaN	10.7161	9.1569	14.5489	504753.4018	504753.7028	1.0000	1.0000	0.4307
31zt02	3	12	0	0	1.0000	0.0000	1.0000	0.6066	NaN	NaN	NaN	504756.3895	504756.7187	1.0000	1.0000	0.6305
31zt02	3	12	0	0	2.0000	0.0000	1.0000	NaN	2.8159	1.8205	13.3381	504757.9712	504758.2724	0.0000	0.0000	1.3570
31zt02	3	13	0	0	1.0000	0.0000	1.0000	0.3352	NaN	NaN	NaN	504761.9265	504762.2535	1.0000	1.0000	0.7211
31zt02	3	13	0	0	2.0000	0.0000	-1.0000	NaN	10.2485	-9.1333	16.4250	504763.5617	504763.8629	0.0000	1.0000	0.4785
31zt02	3	14	0	0	1.0000	0.0000	1.0000	0.4230	NaN	NaN	NaN	504766.7816	504767.1089	1.0000	1.0000	0.6755
31zt02	3	14	0	0	2.0000	0.0000	-1.0000	NaN	1.9558	-1.0968	15.4068	504768.3632	504768.6643	0.0000	1.0000	0.6291
31zt02	3	15	0	0	1.0000	0.0000	1.0000	0.7070	NaN	NaN	NaN	504771.2923	504771.6197	1.0000	1.0000	0.7636
31zt02	3	15	0	0	2.0000	0.0000	-1.0000	NaN	1.8764	-4.1361	14.0322	504772.9947	504773.2957	0.0000	1.0000	0.4377
31zt02	3	16	0	0	1.0000	0.0000	1.0000	0.0022	NaN	NaN	NaN	504776.0480	504776.3759	1.0000	1.0000	0.6472
31zt02	3	16	0	0	2.0000	0.0000	1.0000	NaN	0.6022	2.9320	14.7624	504777.6050	504777.9060	0.0000	0.0000	0.3717
31zt02	3	17	0	0	1.0000	0.0000	-1.0000	0.6322	NaN	NaN	NaN	504780.9213	504781.2494	0.0000	1.0000	0.3012
31zt02	3	17	0	0	2.0000	0.0000	-1.0000	NaN	10.7465	-10.5001	13.9994	504782.1554	504782.4566	0.0000	1.0000	0.2388
31zt02	3	18	0	0	1.0000	0.0000	1.0000	0.9026	NaN	NaN	NaN	504784.7994	504785.1273	1.0000	1.0000	0.2567
31zt02	3	18	0	0	2.0000	0.0000	1.0000	NaN	0.2396	1.2682	14.6369	504785.9874	504786.2885	0.0000	0.0000	0.2529
31zt02	3	19	0	0	1.0000	0.0000	-1.0000	0.5103	NaN	NaN	NaN	504789.0938	504789.4210	0.0000	1.0000	0.2483
31zt02	3	19	0	0	2.0000	0.0000	1.0000	NaN	3.2744	5.2358	15.3758	504790.2511	504790.5522	1.0000	1.0000	0.3661
31zt02	3	20	0	0	1.0000	0.0000	-1.0000	0.0698	NaN	NaN	NaN	504793.6151	504793.9434	1.0000	0.0000	1.9761
31zt02	3	20	0	0	2.0000	0.0000	-1.0000	NaN	7.5058	-7.7684	15.8420	504796.4991	504796.8001	0.0000	1.0000	0.3330
31zt02	3	21	0	0	1.0000	0.0000	-1.0000	0.9140	NaN	NaN	NaN	504799.3731	504799.6999	0.0000	1.0000	0.2654
31zt02	3	21	0	0	2.0000	0.0000	-1.0000	NaN	5.9388	-5.5022	17.0724	504800.5459	504800.8469	0.0000	1.0000	0.3826
31zt02	3	22	0	0	1.0000	0.0000	-1.0000	0.5223	NaN	NaN	NaN	504803.5786	504803.9056	0.0000	1.0000	0.3158
31zt02	3	22	0	0	2.0000	0.0000	1.0000	NaN	0.1759	1.3551	15.4292	504804.7862	504805.0875	0.0000	0.0000	1.9018
31zt02	3	23	0	0	1.0000	0.0000	1.0000	0.3261	NaN	NaN	NaN	504808.8397	504809.1666	1.0000	1.0000	0.4786
31zt02	3	23	0	0	2.0000	0.0000	-1.0000	NaN	3.4367	-2.9337	16.0749	504810.2506	504810.5517	0.0000	1.0000	0.9736
31zt02	3	24	0	0	1.0000	0.0000	-1.0000	0.2990	NaN	NaN	NaN	504813.4831	504813.8098	1.0000	0.0000	0.7656
31zt02	3	24	0	0	2.0000	0.0000	1.0000	NaN	10.6451	9.9739	16.2400	504815.1461	504815.4471	1.0000	1.0000	0.3743
31zt02	3	25	0	0	1.0000	0.0000	-1.0000	0.6768	NaN	NaN	NaN	504818.2967	504818.6257	0.0000	1.0000	0.1955
31zt02	3	25	0	0	2.0000	0.0000	-1.0000	NaN	8.4241	-8.9636	14.7369	504819.4111	504819.7122	0.0000	1.0000	0.2852
31zt02	3	26	0	0	1.0000	0.0000	1.0000	0.6129	NaN	NaN	NaN	504822.0873	504822.4144	1.0000	1.0000	0.2095
31zt02	3	26	0	0	2.0000	0.0000	1.0000	NaN	0.6565	0.5523	15.0268	504823.2038	504823.5048	0.0000	0.0000	1.5579
31zt02	3	27	0	0	1.0000	0.0000	1.0000	0.5946	NaN	NaN	NaN	504827.3532	504827.6809	1.0000	1.0000	0.2364
31zt02	3	27	0	0	2.0000	0.0000	1.0000	NaN	3.4491	1.6522	15.7338	504828.5342	504828.8353	1.0000	1.0000	1.1727
31zt02	3	28	0	0	1.0000	0.0000	-1.0000	0.9113	NaN	NaN	NaN	504832.2038	504832.5323	0.0000	1.0000	0.3145
31zt02	3	28	0	0	2.0000	0.0000	1.0000	NaN	1.1129	1.2653	15.2953	504833.4028	504833.7039	1.0000	1.0000	0.3031
31zt02	3	29	0	0	1.0000	0.0000	-1.0000	0.2302	NaN	NaN	NaN	504836.5877	504836.9148	0.0000	1.0000	0.8289
31zt02	3	29	0	0	2.0000	0.0000	-1.0000	NaN	8.5070	-7.2226	14.7854	504838.3073	504838.6083	0.0000	1.0000	0.4932
31zt02	3	30	0	0	1.0000	0.0000	1.0000	0.9062	NaN	NaN	NaN	504841.4932	504841.8274	1.0000	1.0000	0.5080
31zt02	3	30	0	0	2.0000	0.0000	-1.0000	NaN	9.3157	-9.1659	16.0687	504842.9307	504843.2321	0.0000	1.0000	0.1995
31zt02	3	31	0	0	1.0000	0.0000	1.0000	0.1459	NaN	NaN	NaN	504845.3532	504845.6807	0.0000	0.0000	1.8930
31zt02	3	31	0	0	2.0000	0.0000	-1.0000	NaN	0.8145	-0.3763	14.9433	504848.1229	504848.4240	0.0000	1.0000	0.6777
31zt02	3	32	0	0	1.0000	0.0000	1.0000	0.7765	NaN	NaN	NaN	504851.5479	504851.8791	1.0000	1.0000	0.4398
31zt02	3	32	0	0	2.0000	0.0000	1.0000	NaN	9.7381	7.4646	14.6547	504852.9157	504853.2168	1.0000	1.0000	1.7083
31zt02	3	33	0	0	1.0000	0.0000	-1.0000	0.3731	NaN	NaN	NaN	504857.4731	504857.8019	0.0000	1.0000	0.3819
31zt02	3	33	0	0	2.0000	0.0000	-1.0000	NaN	1.2138	-2.2304	13.9696	504858.7470	504859.0480	0.0000	1.0000	0.4854
31zt02	3	34	0	0	1.0000	0.0000	1.0000	0.6284	NaN	NaN	NaN	504861.5895	504861.9164	1.0000	1.0000	0.3554
31zt02	3	34	0	0	2.0000	0.0000	1.0000	NaN	5.9414	6.4155	14.6970	504862.8736	504863.1750	1.0000	1.0000	0.4063
31zt02	3	35	0	0	1.0000	0.0000	1.0000	0.2048	NaN	NaN	NaN	504865.6039	504865.9304	0.0000	0.0000	0.8057
31zt02	3	35	0	0	2.0000	0.0000	-1.0000	NaN	1.2219	-2.6675	14.4626	504867.3153	504867.6164	0.0000	1.0000	0.4395
31zt02	3	36	0	0	1.0000	0.0000	1.0000	0.4746	NaN	NaN	NaN	504870.6352	504870.9623	1.0000	1.0000	0.6684
31zt02	3	36	0	0	2.0000	0.0000	1.0000	NaN	7.8669	6.9733	14.1673	504872.2328	504872.5338	1.0000	1.0000	1.0953
31zt02	3	37	0	0	1.0000	0.0000	-1.0000	0.6128	NaN	NaN	NaN	504875.7193	504876.0475	0.0000	1.0000	0.2554
31zt02	3	37	0	0	2.0000	0.0000	-1.0000	NaN	7.3218	-7.4459	14.5694	504876.8740	504877.1751	0.0000	1.0000	0.1768
31zt02	3	38	0	0	1.0000	0.0000	1.0000	0.6158	NaN	NaN	NaN	504879.1987	504879.5277	1.0000	1.0000	0.2802
31zt02	3	38	0	0	2.0000	0.0000	-1.0000	NaN	4.5020	-5.2876	14.6595	504880.4274	504880.7283	0.0000	1.0000	0.1412
31zt02	3	39	0	0	1.0000	0.0000	1.0000	0.6444	NaN	NaN	NaN	504883.4596	504883.7868	1.0000	1.0000	0.3961
31zt02	3	39	0	0	2.0000	0.0000	1.0000	NaN	2.0317	3.7581	15.5032	504884.7799	504885.0809	1.0000	1.0000	0.7184
31zt02	3	40	0	0	1.0000	0.0000	-1.0000	0.6760	NaN	NaN	NaN	504888.2541	504888.5802	0.0000	1.0000	0.1931
31zt02	3	40	0	0	2.0000	0.0000	1.0000	NaN	9.9674	9.3520	13.1409	504889.3551	504889.6562	1.0000	1.0000	0.3037
31zt02	3	41	0	0	1.0000	0.0000	-1.0000	0.4382	NaN	NaN	NaN	504892.0046	504892.3326	0.0000	1.0000	0.2252
31zt02	3	41	0	0	2.0000	0.0000	-1.0000	NaN	11.7548	-14.3090	14.1034	504893.1147	504893.4157	0.0000	1.0000	0.2395
31zt02	3	42	0	0	1.0000	0.0000	1.0000	0.3014	NaN	NaN	NaN	504895.9620	504896.2904	0.0000	0.0000	1.5093
31zt02	3	42	0	0	2.0000	0.0000	1.0000	NaN	1.1736	3.4420	14.9547	504898.3551	504898.6562	0.0000	0.0000	0.2932
31zt02	3	43	0	0	1.0000	0.0000	1.0000	0.4300	NaN	NaN	NaN	504901.0234	504901.3504	1.0000	1.0000	0.3671
31zt02	3	43	0	0	2.0000	0.0000	-1.0000	NaN	2.9699	-3.6951	14.5114	504902.3146	504902.6158	0.0000	1.0000	0.2075
31zt02	3	44	0	0	1.0000	0.0000	1.0000	0.7674	NaN	NaN	NaN	504905.3372	504905.6653	1.0000	1.0000	0.2385
31zt02	3	44	0	0	2.0000	0.0000	-1.0000	NaN	0.2678	-2.5354	14.7429	504906.5355	504906.8365	0.0000	1.0000	0.2353
31zt02	3	45	0	0	1.0000	0.0000	-1.0000	0.8568	NaN	NaN	NaN	504909.6192	504909.9457	0.0000	1.0000	0.1877
31zt02	3	45	0	0	2.0000	0.0000	1.0000	NaN	6.9711	8.5428	14.6793	504910.7077	504911.0088	1.0000	1.0000	0.2625
31zt02	3	46	0	0	1.0000	0.0000	-1.0000	0.0527	NaN	NaN	NaN	504913.1819	504913.5083	0.0000	1.0000	0.5470
31zt02	3	46	0	0	2.0000	0.0000	-1.0000	NaN	1.7711	-0.9339	14.4344	504914.5952	504914.8962	0.0000	1.0000	0.2949
31zt02	3	47	0	0	1.0000	0.0000	-1.0000	0.7159	NaN	NaN	NaN	504917.0302	504917.3574	0.0000	1.0000	0.1865
31zt02	3	47	0	0	2.0000	0.0000	1.0000	NaN	5.4757	5.8350	14.1664	504918.1236	504918.4246	1.0000	1.0000	0.2048
31zt02	3	48	0	0	1.0000	0.0000	1.0000	0.8566	NaN	NaN	NaN	504920.9189	504921.2469	1.0000	1.0000	0.2490
31zt02	3	48	0	0	2.0000	0.0000	-1.0000	NaN	8.5490	-10.4526	14.9743	504922.0997	504922.4007	0.0000	1.0000	0.1909
31zt02	3	49	0	0	1.0000	0.0000	-1.0000	0.7078	NaN	NaN	NaN	504924.7729	504925.1015	0.0000	1.0000	0.2578
31zt02	3	49	0	0	2.0000	0.0000	1.0000	NaN	4.6611	5.0989	14.8222	504925.9228	504926.2241	1.0000	1.0000	0.2565
31zt02	3	50	0	0	1.0000	0.0000	-1.0000	0.8306	NaN	NaN	NaN	504928.9748	504929.3020	0.0000	1.0000	0.0554
31zt02	3	50	0	0	2.0000	0.0000	1.0000	NaN	4.4228	4.0758	15.6357	504929.9307	504930.2317	1.0000	1.0000	0.2726
