11wh03	1	1	1	1	1.0000	1.0000	1.0000	NaN	0.9666	2.2139	15.4111	24165.0430	24165.3597	1.0000	1.0000	0.1465
11wh03	1	1	1	1	2.0000	1.0000	1.0000	0.0900	NaN	NaN	NaN	24166.0796	24166.5929	1.0000	1.0000	2.3378
11wh03	1	2	1	1	1.0000	1.0000	1.0000	NaN	6.7538	6.0511	14.2135	24171.3347	24171.6369	1.0000	1.0000	0.2222
11wh03	1	2	1	1	2.0000	1.0000	1.0000	0.3445	NaN	NaN	NaN	24172.4113	24172.7981	1.0000	1.0000	0.0008
11wh03	1	3	1	1	1.0000	1.0000	-1.0000	NaN	2.6508	-3.3303	13.7105	24175.0214	24175.3236	0.0000	1.0000	0.1034
11wh03	1	3	1	1	2.0000	1.0000	1.0000	0.4468	NaN	NaN	NaN	24175.9650	24176.3165	1.0000	1.0000	0.0008
11wh03	1	4	1	1	1.0000	1.0000	-1.0000	NaN	5.0445	-3.6531	15.4602	24178.3095	24178.6121	0.0000	1.0000	0.2544
11wh03	1	4	1	1	2.0000	1.0000	1.0000	0.3846	NaN	NaN	NaN	24179.4039	24179.7588	1.0000	1.0000	1.9875
11wh03	1	5	1	1	1.0000	1.0000	-1.0000	NaN	5.3306	-5.2083	15.0840	24183.7177	24184.0198	0.0000	1.0000	0.1758
11wh03	1	5	1	1	2.0000	1.0000	1.0000	0.2511	NaN	NaN	NaN	24184.7328	24185.0975	1.0000	1.0000	0.2014
11wh03	1	6	1	1	1.0000	1.0000	1.0000	NaN	5.7075	4.7856	13.6543	24187.5837	24187.8859	1.0000	1.0000	0.2923
11wh03	1	6	1	1	2.0000	1.0000	1.0000	0.1499	NaN	NaN	NaN	24188.7156	24189.0667	1.0000	1.0000	0.0723
11wh03	1	7	1	1	1.0000	1.0000	-1.0000	NaN	1.3296	-1.2257	15.4469	24191.3371	24191.6393	0.0000	1.0000	0.1236
11wh03	1	7	1	1	2.0000	1.0000	1.0000	0.2665	NaN	NaN	NaN	24192.3156	24192.6650	1.0000	1.0000	0.2497
11wh03	1	8	1	1	1.0000	1.0000	1.0000	NaN	6.8303	7.7562	14.3487	24194.9537	24195.2559	1.0000	1.0000	0.0747
11wh03	1	8	1	1	2.0000	1.0000	1.0000	0.5979	NaN	NaN	NaN	24195.8340	24196.1839	1.0000	1.0000	0.0116
11wh03	1	9	1	1	1.0000	1.0000	1.0000	NaN	2.0913	2.5880	16.1257	24198.5955	24198.8976	1.0000	1.0000	0.2889
11wh03	1	9	1	1	2.0000	1.0000	1.0000	0.3897	NaN	NaN	NaN	24199.7065	24200.0620	1.0000	1.0000	0.0007
11wh03	1	10	1	1	1.0000	1.0000	-1.0000	NaN	4.9859	-4.0426	14.1959	24202.3767	24202.6789	0.0000	1.0000	0.1398
11wh03	1	10	1	1	2.0000	1.0000	1.0000	0.0911	NaN	NaN	NaN	24203.3388	24203.6951	1.0000	1.0000	0.0681
11wh03	1	11	1	1	1.0000	1.0000	1.0000	NaN	5.0428	7.0540	14.6157	24206.2615	24206.5635	1.0000	1.0000	0.1115
11wh03	1	11	1	1	2.0000	1.0000	1.0000	0.6967	NaN	NaN	NaN	24207.1640	24207.5145	1.0000	1.0000	0.0082
11wh03	1	12	1	1	1.0000	1.0000	1.0000	NaN	1.7823	2.7978	14.6874	24209.5143	24209.8164	1.0000	1.0000	0.1696
11wh03	1	12	1	1	2.0000	1.0000	1.0000	0.4170	NaN	NaN	NaN	24210.5230	24210.8779	1.0000	1.0000	0.0006
11wh03	1	13	1	1	1.0000	1.0000	-1.0000	NaN	4.8560	-4.4807	16.5519	24212.6426	24212.9447	0.0000	1.0000	0.3216
11wh03	1	13	1	1	2.0000	1.0000	1.0000	0.0326	NaN	NaN	NaN	24213.8180	24214.1737	1.0000	1.0000	0.0007
11wh03	1	14	1	1	1.0000	1.0000	-1.0000	NaN	6.5598	-7.3104	15.8358	24216.4543	24216.7566	0.0000	1.0000	0.1264
11wh03	1	14	1	1	2.0000	1.0000	1.0000	0.6948	NaN	NaN	NaN	24217.3732	24217.7850	1.0000	1.0000	0.0006
11wh03	1	15	1	1	1.0000	1.0000	-1.0000	NaN	1.5325	-1.1864	15.2747	24219.9366	24220.2408	1.0000	0.0000	0.2410
11wh03	1	15	1	1	2.0000	1.0000	-1.0000	0.0542	NaN	NaN	NaN	24220.9740	24221.3851	1.0000	0.0000	3.2087
11wh03	1	16	1	1	1.0000	1.0000	1.0000	NaN	0.2643	2.1561	15.4582	24227.2134	24227.5172	1.0000	1.0000	0.1975
11wh03	1	16	1	1	2.0000	1.0000	1.0000	0.1978	NaN	NaN	NaN	24228.2525	24228.6674	1.0000	1.0000	0.0560
11wh03	1	17	1	1	1.0000	1.0000	-1.0000	NaN	2.2689	-0.8171	15.2273	24230.7512	24231.0549	0.0000	1.0000	0.2750
11wh03	1	17	1	1	2.0000	1.0000	1.0000	0.5949	NaN	NaN	NaN	24231.8848	24232.3019	1.0000	1.0000	0.0006
11wh03	1	18	1	1	1.0000	1.0000	1.0000	NaN	0.5883	2.0507	14.9919	24234.3324	24234.6369	1.0000	1.0000	0.2294
11wh03	1	18	1	1	2.0000	1.0000	1.0000	0.6951	NaN	NaN	NaN	24235.4056	24235.8182	1.0000	1.0000	0.0006
11wh03	1	19	1	1	1.0000	1.0000	1.0000	NaN	3.8281	4.6366	15.2203	24237.8141	24238.1187	1.0000	1.0000	0.1083
11wh03	1	19	1	1	2.0000	1.0000	1.0000	0.2428	NaN	NaN	NaN	24238.7674	24239.1842	1.0000	1.0000	0.0005
11wh03	1	20	1	1	1.0000	1.0000	-1.0000	NaN	4.4827	-4.1484	13.4789	24241.2648	24241.5691	0.0000	1.0000	0.3061
11wh03	1	20	1	1	2.0000	1.0000	1.0000	0.8754	NaN	NaN	NaN	24242.4169	24242.7992	1.0000	1.0000	0.0037
11wh03	1	21	1	1	1.0000	1.0000	-1.0000	NaN	5.7658	-5.5260	14.8786	24245.2764	24245.5786	0.0000	1.0000	0.1516
11wh03	1	21	1	1	2.0000	1.0000	1.0000	0.7011	NaN	NaN	NaN	24246.2346	24246.5889	1.0000	1.0000	0.0007
11wh03	1	22	1	1	1.0000	1.0000	1.0000	NaN	0.7306	2.1887	14.4776	24248.8705	24249.1733	1.0000	1.0000	0.0926
11wh03	1	22	1	1	2.0000	1.0000	1.0000	0.8687	NaN	NaN	NaN	24249.7869	24250.1430	1.0000	1.0000	0.0006
11wh03	1	23	1	1	1.0000	1.0000	-1.0000	NaN	4.8887	-4.3792	15.2037	24252.3471	24252.6494	0.0000	1.0000	0.1050
11wh03	1	23	1	1	2.0000	1.0000	1.0000	0.2085	NaN	NaN	NaN	24253.2910	24253.6439	1.0000	1.0000	0.0005
11wh03	1	24	1	1	1.0000	1.0000	-1.0000	NaN	2.4390	-2.0966	14.4141	24255.6953	24255.9975	0.0000	1.0000	0.0856
11wh03	1	24	1	1	2.0000	1.0000	1.0000	0.6352	NaN	NaN	NaN	24256.6030	24256.9592	1.0000	1.0000	0.0006
11wh03	1	25	1	1	1.0000	1.0000	1.0000	NaN	7.2875	8.5066	15.5325	24259.3721	24259.6746	1.0000	1.0000	0.2480
11wh03	1	25	1	1	2.0000	1.0000	1.0000	0.0252	NaN	NaN	NaN	24260.4591	24260.8103	1.0000	1.0000	0.0005
11wh03	1	26	1	1	1.0000	1.0000	-1.0000	NaN	1.3185	-1.9156	14.2389	24262.7132	24263.0155	1.0000	0.0000	0.0744
11wh03	1	26	1	1	2.0000	1.0000	-1.0000	0.9133	NaN	NaN	NaN	24263.6119	24263.9621	1.0000	0.0000	0.0005
11wh03	1	27	1	1	1.0000	1.0000	1.0000	NaN	3.6838	4.0839	14.5682	24266.3805	24266.6827	0.0000	0.0000	0.5203
11wh03	1	27	1	1	2.0000	1.0000	-1.0000	0.5466	NaN	NaN	NaN	24267.7386	24268.0920	1.0000	0.0000	0.0551
11wh03	1	28	1	1	1.0000	1.0000	-1.0000	NaN	1.0650	-0.9753	14.8229	24270.4292	24270.7315	1.0000	0.0000	0.1837
11wh03	1	28	1	1	2.0000	1.0000	-1.0000	0.1925	NaN	NaN	NaN	24271.4353	24271.7919	0.0000	1.0000	0.4339
11wh03	1	29	1	1	1.0000	1.0000	-1.0000	NaN	3.0558	-4.3281	14.6845	24274.1610	24274.4651	0.0000	1.0000	0.3687
11wh03	1	29	1	1	2.0000	1.0000	1.0000	0.2348	NaN	NaN	NaN	24275.3736	24275.7707	1.0000	1.0000	0.0883
11wh03	1	30	1	1	1.0000	1.0000	-1.0000	NaN	0.8797	-2.1976	14.3525	24278.1078	24278.4100	0.0000	1.0000	0.1525
11wh03	1	30	1	1	2.0000	1.0000	1.0000	0.4561	NaN	NaN	NaN	24279.0831	24279.4373	1.0000	1.0000	0.0007
11wh03	1	31	1	1	1.0000	1.0000	-1.0000	NaN	3.0284	-3.2474	14.4047	24281.9912	24282.2934	0.0000	1.0000	0.2696
11wh03	1	31	1	1	2.0000	1.0000	1.0000	0.9293	NaN	NaN	NaN	24283.0987	24283.4536	1.0000	1.0000	0.0854
11wh03	1	32	1	1	1.0000	1.0000	1.0000	NaN	1.4472	0.6196	14.9686	24285.8278	24286.1299	0.0000	0.0000	0.2239
11wh03	1	32	1	1	2.0000	1.0000	-1.0000	0.7689	NaN	NaN	NaN	24286.8441	24287.1969	0.0000	1.0000	0.3585
11wh03	1	33	1	1	1.0000	1.0000	-1.0000	NaN	1.8080	-2.9043	15.4860	24289.8947	24290.1969	0.0000	1.0000	0.1744
11wh03	1	33	1	1	2.0000	1.0000	1.0000	0.1757	NaN	NaN	NaN	24290.9075	24291.2586	1.0000	1.0000	0.1043
11wh03	1	34	1	1	1.0000	1.0000	-1.0000	NaN	0.0677	-1.3763	14.3747	24293.8239	24294.1260	0.0000	1.0000	0.1490
11wh03	1	34	1	1	2.0000	1.0000	1.0000	0.0924	NaN	NaN	NaN	24294.8110	24295.1630	1.0000	1.0000	0.1040
11wh03	1	35	1	1	1.0000	1.0000	-1.0000	NaN	1.6592	-3.0036	14.3737	24297.3495	24297.6518	0.0000	1.0000	0.2714
11wh03	1	35	1	1	2.0000	1.0000	1.0000	0.6074	NaN	NaN	NaN	24298.3951	24298.7461	1.0000	1.0000	0.1197
11wh03	1	36	1	1	1.0000	1.0000	1.0000	NaN	5.4666	4.9722	15.4917	24301.0644	24301.3666	1.0000	1.0000	0.1712
11wh03	1	36	1	1	2.0000	1.0000	1.0000	0.1088	NaN	NaN	NaN	24302.0599	24302.4100	1.0000	1.0000	0.0005
11wh03	1	37	1	1	1.0000	1.0000	-1.0000	NaN	7.0742	-5.9656	13.7765	24304.6015	24304.9048	0.0000	1.0000	0.0410
11wh03	1	37	1	1	2.0000	1.0000	1.0000	0.8181	NaN	NaN	NaN	24305.4829	24305.8401	1.0000	1.0000	0.0023
11wh03	1	38	1	1	1.0000	1.0000	-1.0000	NaN	3.6106	-2.1211	14.9378	24307.9979	24308.3001	1.0000	0.0000	0.0388
11wh03	1	38	1	1	2.0000	1.0000	-1.0000	0.2400	NaN	NaN	NaN	24308.8595	24309.2093	1.0000	0.0000	0.0098
11wh03	1	39	1	1	1.0000	1.0000	1.0000	NaN	6.9248	4.8810	14.1486	24311.8073	24312.1095	1.0000	1.0000	0.1178
11wh03	1	39	1	1	2.0000	1.0000	1.0000	0.4854	NaN	NaN	NaN	24312.7629	24313.1186	1.0000	1.0000	0.0365
11wh03	1	40	1	1	1.0000	1.0000	1.0000	NaN	5.6741	5.4309	15.1586	24315.2200	24315.5221	1.0000	1.0000	0.2080
11wh03	1	40	1	1	2.0000	1.0000	1.0000	0.9595	NaN	NaN	NaN	24316.2510	24316.6062	1.0000	1.0000	0.0047
11wh03	1	41	1	1	1.0000	1.0000	1.0000	NaN	4.7605	5.7378	17.6528	24318.4338	24318.7369	1.0000	1.0000	0.1300
11wh03	1	41	1	1	2.0000	1.0000	1.0000	0.8759	NaN	NaN	NaN	24319.3871	24319.7405	1.0000	1.0000	0.0006
11wh03	1	42	1	1	1.0000	1.0000	-1.0000	NaN	1.1774	-1.4071	16.1603	24322.2834	24322.5905	0.0000	1.0000	0.1805
11wh03	1	42	1	1	2.0000	1.0000	1.0000	0.1455	NaN	NaN	NaN	24323.3128	24323.7303	0.0000	0.0000	0.3996
11wh03	1	43	1	1	1.0000	1.0000	-1.0000	NaN	1.5735	-0.2995	14.2572	24326.7937	24327.0984	1.0000	0.0000	0.1525
11wh03	1	43	1	1	2.0000	1.0000	-1.0000	0.9106	NaN	NaN	NaN	24327.7770	24328.1849	1.0000	0.0000	0.0741
11wh03	1	44	1	1	1.0000	1.0000	-1.0000	NaN	1.4465	-2.5809	14.1159	24330.5176	24330.8208	1.0000	0.0000	0.2380
11wh03	1	44	1	1	2.0000	1.0000	-1.0000	0.9841	NaN	NaN	NaN	24331.5951	24331.9511	0.0000	1.0000	0.1471
11wh03	1	45	1	1	1.0000	1.0000	-1.0000	NaN	7.4650	-7.5331	13.7197	24334.4457	24334.7479	0.0000	1.0000	0.1505
11wh03	1	45	1	1	2.0000	1.0000	1.0000	0.1209	NaN	NaN	NaN	24335.4187	24335.7731	1.0000	1.0000	0.0047
11wh03	1	46	1	1	1.0000	1.0000	1.0000	NaN	0.5486	1.9953	15.4955	24337.7297	24338.0318	0.0000	0.0000	0.1788
11wh03	1	46	1	1	2.0000	1.0000	-1.0000	0.7378	NaN	NaN	NaN	24338.7306	24339.0841	0.0000	1.0000	0.2308
11wh03	1	47	1	1	1.0000	1.0000	-1.0000	NaN	8.6450	-8.5702	15.1514	24341.4881	24341.7902	0.0000	1.0000	0.1648
11wh03	1	47	1	1	2.0000	1.0000	1.0000	0.1280	NaN	NaN	NaN	24342.4749	24342.8269	1.0000	1.0000	0.0389
11wh03	1	48	1	1	1.0000	1.0000	1.0000	NaN	0.7020	2.0735	15.6228	24344.7822	24345.0849	1.0000	1.0000	0.2936
11wh03	1	48	1	1	2.0000	1.0000	1.0000	0.7802	NaN	NaN	NaN	24345.8993	24346.2545	1.0000	1.0000	0.0836
11wh03	1	49	1	1	1.0000	1.0000	-1.0000	NaN	1.6325	-1.7553	14.2116	24348.5378	24348.8399	0.0000	1.0000	0.2179
11wh03	1	49	1	1	2.0000	1.0000	1.0000	0.7655	NaN	NaN	NaN	24349.5629	24349.9169	1.0000	1.0000	0.0214
11wh03	1	50	1	1	1.0000	1.0000	-1.0000	NaN	1.6360	-1.6101	15.4835	24352.2538	24352.5559	0.0000	1.0000	0.1826
11wh03	1	50	1	1	2.0000	1.0000	1.0000	0.1465	NaN	NaN	NaN	24353.2430	24353.6002	1.0000	1.0000	0.2735
11wh03	2	1	1	1	1.0000	1.0000	1.0000	NaN	3.7414	3.5756	14.5469	24357.3373	24357.6395	0.0000	0.0000	0.1716
11wh03	2	1	1	1	2.0000	1.0000	-1.0000	0.4538	NaN	NaN	NaN	24358.3470	24358.7045	0.0000	1.0000	0.1625
11wh03	2	2	1	1	1.0000	1.0000	1.0000	NaN	1.0724	1.1974	14.1768	24361.1553	24361.4575	1.0000	1.0000	0.0483
11wh03	2	2	1	1	2.0000	1.0000	1.0000	0.4452	NaN	NaN	NaN	24362.0431	24362.3998	1.0000	1.0000	0.1300
11wh03	2	3	1	1	1.0000	1.0000	1.0000	NaN	4.4422	6.0173	14.6151	24364.5944	24364.8966	1.0000	1.0000	0.1451
11wh03	2	3	1	1	2.0000	1.0000	1.0000	0.7856	NaN	NaN	NaN	24365.5786	24365.9328	1.0000	1.0000	0.0060
11wh03	2	4	1	1	1.0000	1.0000	1.0000	NaN	6.7052	4.9717	15.6301	24368.2941	24368.5979	1.0000	1.0000	0.0932
11wh03	2	4	1	1	2.0000	1.0000	1.0000	0.0046	NaN	NaN	NaN	24369.2291	24369.6435	1.0000	1.0000	0.0006
11wh03	2	5	1	1	1.0000	1.0000	-1.0000	NaN	3.7956	-5.4871	15.9570	24371.6503	24371.9550	0.0000	1.0000	0.0787
11wh03	2	5	1	1	2.0000	1.0000	1.0000	0.6713	NaN	NaN	NaN	24372.5600	24372.9768	1.0000	1.0000	0.0006
11wh03	2	6	1	1	1.0000	1.0000	1.0000	NaN	7.9384	7.4341	14.1212	24375.2464	24375.5535	1.0000	1.0000	0.1134
11wh03	2	6	1	1	2.0000	1.0000	1.0000	0.2428	NaN	NaN	NaN	24376.1758	24376.5942	1.0000	1.0000	0.0006
11wh03	2	7	1	1	1.0000	1.0000	-1.0000	NaN	4.7407	-4.5407	15.8602	24378.6383	24378.9424	0.0000	1.0000	0.1164
11wh03	2	7	1	1	2.0000	1.0000	1.0000	0.4228	NaN	NaN	NaN	24379.5973	24380.0242	1.0000	1.0000	0.0007
11wh03	2	8	1	1	1.0000	1.0000	-1.0000	NaN	1.4531	-0.7240	15.3250	24382.3455	24382.6524	0.0000	1.0000	0.1334
11wh03	2	8	1	1	2.0000	1.0000	1.0000	0.4899	NaN	NaN	NaN	24383.3270	24383.7431	1.0000	1.0000	0.0005
11wh03	2	9	1	1	1.0000	1.0000	-1.0000	NaN	4.9725	-5.8085	15.3723	24385.9743	24386.2788	0.0000	1.0000	0.0109
11wh03	2	9	1	1	2.0000	1.0000	1.0000	0.9009	NaN	NaN	NaN	24386.8140	24387.2271	1.0000	1.0000	0.0007
11wh03	2	10	1	1	1.0000	1.0000	1.0000	NaN	8.3816	7.3884	16.2339	24389.3616	24389.6678	1.0000	1.0000	0.1272
11wh03	2	10	1	1	2.0000	1.0000	1.0000	0.7184	NaN	NaN	NaN	24390.3333	24390.7436	1.0000	1.0000	0.0005
11wh03	2	11	1	1	1.0000	1.0000	-1.0000	NaN	2.2330	-3.5164	14.6194	24392.8230	24393.1253	0.0000	1.0000	0.1244
11wh03	2	11	1	1	2.0000	1.0000	1.0000	0.1111	NaN	NaN	NaN	24393.7386	24394.0919	1.0000	1.0000	0.0005
11wh03	2	12	1	1	1.0000	1.0000	-1.0000	NaN	6.7660	-7.5583	16.9908	24396.4886	24396.7908	1.0000	0.0000	0.0061
11wh03	2	12	1	1	2.0000	1.0000	-1.0000	0.1518	NaN	NaN	NaN	24397.3066	24397.6584	0.0000	1.0000	0.0074
11wh03	2	13	1	1	1.0000	1.0000	1.0000	NaN	5.0195	7.2783	16.1557	24399.6242	24399.9264	1.0000	1.0000	0.2046
11wh03	2	13	1	1	2.0000	1.0000	1.0000	0.9283	NaN	NaN	NaN	24400.6826	24401.0364	1.0000	1.0000	0.0005
11wh03	2	14	1	1	1.0000	1.0000	-1.0000	NaN	2.9171	-3.3348	16.5500	24403.1594	24403.4616	0.0000	1.0000	0.1093
11wh03	2	14	1	1	2.0000	1.0000	1.0000	0.0119	NaN	NaN	NaN	24404.0905	24404.4481	1.0000	1.0000	0.0006
11wh03	2	15	1	1	1.0000	1.0000	1.0000	NaN	6.6537	8.5802	15.3751	24406.4079	24406.7101	1.0000	1.0000	0.0447
11wh03	2	15	1	1	2.0000	1.0000	1.0000	0.4876	NaN	NaN	NaN	24407.3069	24407.6641	1.0000	1.0000	0.0007
11wh03	2	16	1	1	1.0000	1.0000	1.0000	NaN	4.5211	4.3303	15.1699	24410.1348	24410.4369	0.0000	0.0000	0.1260
11wh03	2	16	1	1	2.0000	1.0000	-1.0000	0.7210	NaN	NaN	NaN	24411.0667	24411.4191	0.0000	1.0000	0.1666
11wh03	2	17	1	1	1.0000	1.0000	-1.0000	NaN	2.7655	-2.9665	13.6952	24413.9587	24414.2632	0.0000	1.0000	0.2357
11wh03	2	17	1	1	2.0000	1.0000	1.0000	0.0688	NaN	NaN	NaN	24415.0402	24415.4590	1.0000	1.0000	0.0006
11wh03	2	18	1	1	1.0000	1.0000	1.0000	NaN	4.2122	5.2194	15.7937	24417.6842	24417.9865	1.0000	1.0000	0.0633
11wh03	2	18	1	1	2.0000	1.0000	1.0000	0.7757	NaN	NaN	NaN	24418.5873	24418.9402	1.0000	1.0000	0.0005
11wh03	2	19	1	1	1.0000	1.0000	-1.0000	NaN	3.7225	-3.9237	16.1507	24421.0278	24421.3302	0.0000	1.0000	0.1125
11wh03	2	19	1	1	2.0000	1.0000	1.0000	0.9234	NaN	NaN	NaN	24421.9633	24422.3174	1.0000	1.0000	0.0058
11wh03	2	20	1	1	1.0000	1.0000	-1.0000	NaN	8.2344	-9.0855	14.4442	24424.6207	24424.9229	0.0000	1.0000	0.1028
11wh03	2	20	1	1	2.0000	1.0000	1.0000	0.3395	NaN	NaN	NaN	24425.5460	24425.9006	1.0000	1.0000	0.0006
11wh03	2	21	1	1	1.0000	1.0000	1.0000	NaN	5.0705	5.6358	14.8192	24428.2650	24428.5671	1.0000	1.0000	0.0918
11wh03	2	21	1	1	2.0000	1.0000	1.0000	0.7386	NaN	NaN	NaN	24429.1951	24429.5504	0.0000	0.0000	0.0006
11wh03	2	22	1	1	1.0000	1.0000	1.0000	NaN	5.5251	5.3175	15.6056	24431.6403	24431.9425	0.0000	0.0000	0.3483
11wh03	2	22	1	1	2.0000	1.0000	-1.0000	0.6999	NaN	NaN	NaN	24432.7784	24433.1335	0.0000	1.0000	0.0848
11wh03	2	23	1	1	1.0000	1.0000	1.0000	NaN	5.5547	5.7142	14.8046	24435.4253	24435.7275	1.0000	1.0000	0.1474
11wh03	2	23	1	1	2.0000	1.0000	1.0000	0.2290	NaN	NaN	NaN	24436.3941	24436.7499	1.0000	1.0000	0.0006
11wh03	2	24	1	1	1.0000	1.0000	1.0000	NaN	2.7327	3.2836	15.5389	24439.1885	24439.4906	0.0000	0.0000	0.0061
11wh03	2	24	1	1	2.0000	1.0000	-1.0000	0.0594	NaN	NaN	NaN	24439.9948	24440.3499	0.0000	1.0000	0.0006
11wh03	2	25	1	1	1.0000	1.0000	-1.0000	NaN	7.1891	-6.8269	14.9762	24442.7958	24443.0984	0.0000	1.0000	0.1353
11wh03	2	25	1	1	2.0000	1.0000	1.0000	0.3517	NaN	NaN	NaN	24443.7707	24444.1225	1.0000	1.0000	0.0005
11wh03	2	26	1	1	1.0000	1.0000	-1.0000	NaN	7.1253	-5.9320	14.7061	24446.2973	24446.5994	0.0000	1.0000	0.0061
11wh03	2	26	1	1	2.0000	1.0000	1.0000	0.0971	NaN	NaN	NaN	24447.1150	24447.4673	1.0000	1.0000	0.0005
11wh03	2	27	1	1	1.0000	1.0000	1.0000	NaN	0.9155	0.5403	14.4231	24449.4992	24449.8014	0.0000	0.0000	0.4089
11wh03	2	27	1	1	2.0000	1.0000	-1.0000	0.2187	NaN	NaN	NaN	24450.7306	24451.0837	1.0000	0.0000	0.0005
11wh03	2	28	1	1	1.0000	1.0000	1.0000	NaN	2.3884	2.6556	14.8204	24453.3866	24453.6888	1.0000	1.0000	0.1689
11wh03	2	28	1	1	2.0000	1.0000	1.0000	0.7547	NaN	NaN	NaN	24454.3787	24454.7324	1.0000	1.0000	0.4699
11wh03	2	29	1	1	1.0000	1.0000	1.0000	NaN	4.4513	3.7447	14.7766	24457.4516	24457.7538	1.0000	1.0000	0.2016
11wh03	2	29	1	1	2.0000	1.0000	1.0000	0.9899	NaN	NaN	NaN	24458.4908	24458.8447	1.0000	1.0000	0.0007
11wh03	2	30	1	1	1.0000	1.0000	1.0000	NaN	8.0576	9.1279	15.6290	24460.8820	24461.1842	1.0000	1.0000	0.5621
11wh03	2	30	1	1	2.0000	1.0000	1.0000	0.0521	NaN	NaN	NaN	24462.2880	24462.7053	1.0000	1.0000	0.0804
11wh03	2	31	1	1	1.0000	1.0000	-1.0000	NaN	5.3999	-3.9975	15.8318	24465.1911	24465.4960	0.0000	1.0000	0.1537
11wh03	2	31	1	1	2.0000	1.0000	1.0000	0.4889	NaN	NaN	NaN	24466.1895	24466.6050	1.0000	1.0000	3.4926
11wh03	2	32	1	1	1.0000	1.0000	1.0000	NaN	7.9364	6.7743	13.4200	24472.2525	24472.5573	1.0000	1.0000	0.2444
11wh03	2	32	1	1	2.0000	1.0000	1.0000	0.5497	NaN	NaN	NaN	24473.3262	24473.7398	1.0000	1.0000	0.0005
11wh03	2	33	1	1	1.0000	1.0000	1.0000	NaN	0.4192	0.3823	16.4053	24475.7184	24476.0228	0.0000	0.0000	0.0759
11wh03	2	33	1	1	2.0000	1.0000	-1.0000	0.0103	NaN	NaN	NaN	24476.6218	24477.0393	0.0000	1.0000	0.0007
11wh03	2	34	1	1	1.0000	1.0000	-1.0000	NaN	6.3315	-6.8392	12.6998	24478.9355	24479.2400	0.0000	1.0000	0.1388
11wh03	2	34	1	1	2.0000	1.0000	1.0000	0.6491	NaN	NaN	NaN	24479.9202	24480.3390	1.0000	1.0000	0.0006
11wh03	2	35	1	1	1.0000	1.0000	-1.0000	NaN	6.4822	-8.3115	13.1616	24482.5744	24482.8816	0.0000	1.0000	0.0654
11wh03	2	35	1	1	2.0000	1.0000	1.0000	0.6538	NaN	NaN	NaN	24483.4881	24483.8821	1.0000	1.0000	0.0005
11wh03	2	36	1	1	1.0000	1.0000	-1.0000	NaN	6.7508	-5.7676	16.3826	24486.0250	24486.3277	0.0000	1.0000	0.0752
11wh03	2	36	1	1	2.0000	1.0000	1.0000	0.0616	NaN	NaN	NaN	24486.9386	24487.2932	1.0000	1.0000	0.0007
11wh03	2	37	1	1	1.0000	1.0000	-1.0000	NaN	5.5925	-5.3195	16.0454	24489.2740	24489.5762	0.0000	1.0000	0.0061
11wh03	2	37	1	1	2.0000	1.0000	1.0000	0.4456	NaN	NaN	NaN	24490.1069	24490.4639	1.0000	1.0000	0.0006
11wh03	2	38	1	1	1.0000	1.0000	1.0000	NaN	4.1488	5.9519	14.2656	24492.9826	24493.2849	0.0000	0.0000	0.0140
11wh03	2	38	1	1	2.0000	1.0000	-1.0000	0.6456	NaN	NaN	NaN	24493.8347	24494.1867	0.0000	1.0000	2.4395
11wh03	2	39	1	1	1.0000	1.0000	1.0000	NaN	8.5179	9.2143	14.7976	24499.0259	24499.3290	1.0000	1.0000	0.3059
11wh03	2	39	1	1	2.0000	1.0000	1.0000	0.9344	NaN	NaN	NaN	24500.1706	24500.5261	1.0000	1.0000	0.0007
11wh03	2	40	1	1	1.0000	1.0000	-1.0000	NaN	3.8222	-3.7022	15.4169	24502.8055	24503.1077	0.0000	1.0000	0.1099
11wh03	2	40	1	1	2.0000	1.0000	1.0000	0.0538	NaN	NaN	NaN	24503.7389	24504.0922	1.0000	1.0000	0.4534
11wh03	2	41	1	1	1.0000	1.0000	1.0000	NaN	7.6818	8.8642	14.0809	24506.7389	24507.0451	0.0000	0.0000	0.1738
11wh03	2	41	1	1	2.0000	1.0000	-1.0000	0.4299	NaN	NaN	NaN	24507.7417	24508.1491	0.0000	1.0000	0.3966
11wh03	2	42	1	1	1.0000	1.0000	-1.0000	NaN	8.4940	-7.3557	15.9969	24510.6684	24510.9705	0.0000	1.0000	0.1360
11wh03	2	42	1	1	2.0000	1.0000	1.0000	0.4607	NaN	NaN	NaN	24511.6430	24511.9973	1.0000	1.0000	0.0005
11wh03	2	43	1	1	1.0000	1.0000	-1.0000	NaN	0.9497	-2.6962	14.9770	24514.2781	24514.5803	0.0000	1.0000	0.1732
11wh03	2	43	1	1	2.0000	1.0000	1.0000	0.6555	NaN	NaN	NaN	24515.3068	24515.6628	1.0000	1.0000	0.0006
11wh03	2	44	1	1	1.0000	1.0000	-1.0000	NaN	1.4813	-1.1782	14.1638	24517.7389	24518.0411	1.0000	0.0000	0.1537
11wh03	2	44	1	1	2.0000	1.0000	-1.0000	0.6555	NaN	NaN	NaN	24518.6988	24519.0489	0.0000	1.0000	0.0418
11wh03	2	45	1	1	1.0000	1.0000	1.0000	NaN	1.4381	2.7611	16.3397	24521.4812	24521.7834	1.0000	1.0000	0.4422
11wh03	2	45	1	1	2.0000	1.0000	1.0000	0.3134	NaN	NaN	NaN	24522.7643	24523.1152	1.0000	1.0000	0.0704
11wh03	2	46	1	1	1.0000	1.0000	1.0000	NaN	1.0331	3.3098	14.9926	24525.5767	24525.8788	1.0000	1.0000	0.2200
11wh03	2	46	1	1	2.0000	1.0000	1.0000	0.2362	NaN	NaN	NaN	24526.6341	24526.9912	1.0000	1.0000	0.0007
11wh03	2	47	1	1	1.0000	1.0000	-1.0000	NaN	2.8629	-2.5443	13.7870	24529.2192	24529.5214	1.0000	0.0000	0.0973
11wh03	2	47	1	1	2.0000	1.0000	-1.0000	0.0196	NaN	NaN	NaN	24530.1552	24530.5117	0.0000	1.0000	0.2754
11wh03	2	48	1	1	1.0000	1.0000	1.0000	NaN	4.9903	6.4300	15.3724	24533.0005	24533.3028	0.0000	0.0000	0.1074
11wh03	2	48	1	1	2.0000	1.0000	-1.0000	0.8055	NaN	NaN	NaN	24533.9479	24534.2981	0.0000	1.0000	0.0251
11wh03	2	49	1	1	1.0000	1.0000	-1.0000	NaN	0.7499	-0.6023	13.9030	24536.8860	24537.1881	0.0000	1.0000	0.1907
11wh03	2	49	1	1	2.0000	1.0000	1.0000	0.2060	NaN	NaN	NaN	24537.8988	24538.2506	1.0000	1.0000	0.0005
11wh03	2	50	1	1	1.0000	1.0000	1.0000	NaN	6.5006	6.2619	14.5571	24540.6813	24540.9835	1.0000	1.0000	0.2191
11wh03	2	50	1	1	2.0000	1.0000	1.0000	0.2238	NaN	NaN	NaN	24541.7386	24542.0946	1.0000	1.0000	0.5642
11wh03	3	1	1	1	1.0000	1.0000	-1.0000	NaN	4.7551	-3.8993	14.0692	24545.9704	24546.2726	0.0000	1.0000	0.2090
11wh03	3	1	1	1	2.0000	1.0000	1.0000	0.1279	NaN	NaN	NaN	24547.0185	24547.3734	1.0000	1.0000	0.0007
11wh03	3	2	1	1	1.0000	1.0000	-1.0000	NaN	1.6981	-3.3575	16.0168	24549.6477	24549.9499	0.0000	1.0000	0.1801
11wh03	3	2	1	1	2.0000	1.0000	1.0000	0.1683	NaN	NaN	NaN	24550.6508	24551.0067	1.0000	1.0000	0.0007
11wh03	3	3	1	1	1.0000	1.0000	-1.0000	NaN	7.1939	-6.2141	16.3463	24553.1459	24553.4481	0.0000	1.0000	0.1375
11wh03	3	3	1	1	2.0000	1.0000	1.0000	0.3909	NaN	NaN	NaN	24554.1093	24554.5180	1.0000	1.0000	0.0005
11wh03	3	4	1	1	1.0000	1.0000	1.0000	NaN	8.5063	10.0137	16.7274	24556.4236	24556.7290	1.0000	1.0000	0.2017
11wh03	3	4	1	1	2.0000	1.0000	1.0000	0.4177	NaN	NaN	NaN	24557.4377	24557.8634	0.0000	0.0000	0.0006
11wh03	3	5	1	1	1.0000	1.0000	1.0000	NaN	8.5570	7.7775	14.8748	24559.7973	24560.1018	1.0000	1.0000	0.1566
11wh03	3	5	1	1	2.0000	1.0000	1.0000	0.8790	NaN	NaN	NaN	24560.7842	24561.2015	1.0000	1.0000	0.0008
11wh03	3	6	1	1	1.0000	1.0000	-1.0000	NaN	7.9238	-7.7312	14.0873	24563.1694	24563.4759	0.0000	1.0000	0.1430
11wh03	3	6	1	1	2.0000	1.0000	1.0000	0.4218	NaN	NaN	NaN	24564.1578	24564.5680	1.0000	1.0000	0.0005
11wh03	3	7	1	1	1.0000	1.0000	1.0000	NaN	5.1429	3.6777	14.9397	24566.5716	24566.8754	0.0000	0.0000	0.2628
11wh03	3	7	1	1	2.0000	1.0000	-1.0000	0.2607	NaN	NaN	NaN	24567.6586	24568.0111	1.0000	0.0000	0.0005
11wh03	3	8	1	1	1.0000	1.0000	-1.0000	NaN	3.7056	-3.1990	14.9399	24570.3548	24570.6585	0.0000	1.0000	0.1911
11wh03	3	8	1	1	2.0000	1.0000	1.0000	0.1909	NaN	NaN	NaN	24571.3711	24571.7263	1.0000	1.0000	0.0515
11wh03	3	9	1	1	1.0000	1.0000	-1.0000	NaN	4.5138	-2.3196	14.9654	24573.8510	24574.1533	0.0000	1.0000	0.1862
11wh03	3	9	1	1	2.0000	1.0000	1.0000	0.0714	NaN	NaN	NaN	24574.8592	24575.2108	1.0000	1.0000	0.0005
11wh03	3	10	1	1	1.0000	1.0000	1.0000	NaN	4.0536	3.7764	15.2369	24577.5215	24577.8248	1.0000	1.0000	0.1139
11wh03	3	10	1	1	2.0000	1.0000	1.0000	0.6754	NaN	NaN	NaN	24578.4436	24578.7938	1.0000	1.0000	0.0006
11wh03	3	11	1	1	1.0000	1.0000	1.0000	NaN	3.9704	4.9322	14.3540	24580.6703	24580.9733	0.0000	0.0000	0.1168
11wh03	3	11	1	1	2.0000	1.0000	-1.0000	0.2373	NaN	NaN	NaN	24581.6284	24581.9789	0.0000	1.0000	3.2235
11wh03	3	12	1	1	1.0000	1.0000	1.0000	NaN	3.0102	2.2190	16.3212	24587.3355	24587.6377	1.0000	1.0000	0.3010
11wh03	3	12	1	1	2.0000	1.0000	1.0000	0.8541	NaN	NaN	NaN	24588.5063	24588.8600	1.0000	1.0000	0.0005
11wh03	3	13	1	1	1.0000	1.0000	-1.0000	NaN	6.7254	-7.5610	14.8906	24591.1751	24591.4772	0.0000	1.0000	0.0923
11wh03	3	13	1	1	2.0000	1.0000	1.0000	0.0809	NaN	NaN	NaN	24592.0751	24592.4265	1.0000	1.0000	0.0005
11wh03	3	14	1	1	1.0000	1.0000	-1.0000	NaN	1.6350	-3.8768	15.4932	24594.7418	24595.0440	0.0000	1.0000	0.1587
11wh03	3	14	1	1	2.0000	1.0000	1.0000	0.7447	NaN	NaN	NaN	24595.7225	24596.0763	1.0000	1.0000	0.0005
11wh03	3	15	1	1	1.0000	1.0000	-1.0000	NaN	8.2852	-7.8138	15.0066	24598.1397	24598.4419	0.0000	1.0000	0.1049
11wh03	3	15	1	1	2.0000	1.0000	1.0000	0.5469	NaN	NaN	NaN	24599.0855	24599.4996	1.0000	1.0000	0.0005
11wh03	3	16	1	1	1.0000	1.0000	1.0000	NaN	1.0988	0.7910	15.2022	24601.7165	24602.0214	0.0000	0.0000	0.1093
11wh03	3	16	1	1	2.0000	1.0000	-1.0000	0.9058	NaN	NaN	NaN	24602.6538	24603.0797	1.0000	0.0000	0.0006
11wh03	3	17	1	1	1.0000	1.0000	1.0000	NaN	3.9693	1.4322	13.9837	24605.2914	24605.5962	1.0000	1.0000	0.1824
11wh03	3	17	1	1	2.0000	1.0000	1.0000	0.4501	NaN	NaN	NaN	24606.3179	24606.7206	1.0000	1.0000	0.0341
11wh03	3	18	1	1	1.0000	1.0000	1.0000	NaN	8.0719	8.3579	16.2137	24608.7446	24609.0468	0.0000	0.0000	0.1883
11wh03	3	18	1	1	2.0000	1.0000	-1.0000	0.7720	NaN	NaN	NaN	24609.7227	24610.0756	0.0000	1.0000	0.3430
11wh03	3	19	1	1	1.0000	1.0000	-1.0000	NaN	8.2142	-8.5735	16.7363	24612.7412	24613.0434	0.0000	1.0000	0.2395
11wh03	3	19	1	1	2.0000	1.0000	1.0000	0.7904	NaN	NaN	NaN	24613.8187	24614.1744	1.0000	1.0000	0.0006
11wh03	3	20	1	1	1.0000	1.0000	1.0000	NaN	0.6307	1.7649	15.5271	24616.2857	24616.5891	0.0000	0.0000	0.2444
11wh03	3	20	1	1	2.0000	1.0000	-1.0000	0.0513	NaN	NaN	NaN	24617.3866	24617.7419	1.0000	0.0000	0.3397
11wh03	3	21	1	1	1.0000	1.0000	1.0000	NaN	3.1885	1.2688	14.6141	24620.2736	24620.5758	0.0000	0.0000	0.3391
11wh03	3	21	1	1	2.0000	1.0000	-1.0000	0.1835	NaN	NaN	NaN	24621.4661	24621.8196	1.0000	0.0000	0.1026
11wh03	3	22	1	1	1.0000	1.0000	1.0000	NaN	4.2279	4.1259	14.1060	24624.3402	24624.6423	1.0000	1.0000	0.8647
11wh03	3	22	1	1	2.0000	1.0000	1.0000	0.7303	NaN	NaN	NaN	24626.0106	24626.3628	1.0000	1.0000	0.2152
11wh03	3	23	1	1	1.0000	1.0000	1.0000	NaN	5.6157	7.4325	13.9342	24628.4944	24628.7965	1.0000	1.0000	0.2781
11wh03	3	23	1	1	2.0000	1.0000	1.0000	0.9730	NaN	NaN	NaN	24629.5949	24629.9461	1.0000	1.0000	0.0407
11wh03	3	24	1	1	1.0000	1.0000	-1.0000	NaN	2.9453	-4.2992	14.7258	24632.0516	24632.3554	0.0000	1.0000	0.1902
11wh03	3	24	1	1	2.0000	1.0000	1.0000	0.9597	NaN	NaN	NaN	24633.0507	24633.4064	1.0000	1.0000	0.0006
11wh03	3	25	1	1	1.0000	1.0000	-1.0000	NaN	2.2282	-0.4098	15.1248	24635.5100	24635.8123	1.0000	0.0000	0.7498
11wh03	3	25	1	1	2.0000	1.0000	-1.0000	0.1493	NaN	NaN	NaN	24637.1140	24637.4688	1.0000	0.0000	0.0379
11wh03	3	26	1	1	1.0000	1.0000	1.0000	NaN	7.0459	7.7142	16.4500	24639.8953	24640.1976	1.0000	1.0000	0.4295
11wh03	3	26	1	1	2.0000	1.0000	1.0000	0.2543	NaN	NaN	NaN	24641.1304	24641.4851	1.0000	1.0000	0.0205
11wh03	3	27	1	1	1.0000	1.0000	-1.0000	NaN	4.6724	-4.2881	15.1472	24643.4059	24643.7081	0.0000	1.0000	0.1985
11wh03	3	27	1	1	2.0000	1.0000	1.0000	0.9884	NaN	NaN	NaN	24644.4264	24644.8477	1.0000	1.0000	0.0005
11wh03	3	28	1	1	1.0000	1.0000	-1.0000	NaN	3.7701	-2.6601	15.5554	24647.2492	24647.5565	0.0000	1.0000	0.1101
11wh03	3	28	1	1	2.0000	1.0000	1.0000	0.2277	NaN	NaN	NaN	24648.2075	24648.6253	1.0000	1.0000	2.4966
11wh03	3	29	1	1	1.0000	1.0000	1.0000	NaN	2.8915	4.9159	14.7864	24653.5488	24653.8558	1.0000	1.0000	0.2583
11wh03	3	29	1	1	2.0000	1.0000	1.0000	0.8909	NaN	NaN	NaN	24654.6858	24655.0916	1.0000	1.0000	0.0005
11wh03	3	30	1	1	1.0000	1.0000	1.0000	NaN	1.4747	0.7744	15.3602	24657.2432	24657.5453	0.0000	0.0000	0.5375
11wh03	3	30	1	1	2.0000	1.0000	-1.0000	0.9879	NaN	NaN	NaN	24658.6347	24658.9886	0.0000	1.0000	0.1975
11wh03	3	31	1	1	1.0000	1.0000	1.0000	NaN	2.3032	3.1597	14.7682	24661.4259	24661.7282	1.0000	1.0000	0.4333
11wh03	3	31	1	1	2.0000	1.0000	1.0000	0.1875	NaN	NaN	NaN	24662.6503	24663.0049	1.0000	1.0000	0.2777
11wh03	3	32	1	1	1.0000	1.0000	1.0000	NaN	3.5271	4.8906	15.8239	24665.5462	24665.8484	0.0000	0.0000	0.1703
11wh03	3	32	1	1	2.0000	1.0000	-1.0000	0.6544	NaN	NaN	NaN	24666.5077	24666.8577	0.0000	1.0000	0.0005
11wh03	3	33	1	1	1.0000	1.0000	1.0000	NaN	1.0297	0.6215	14.4958	24669.2571	24669.5593	0.0000	0.0000	0.1702
11wh03	3	33	1	1	2.0000	1.0000	-1.0000	0.1626	NaN	NaN	NaN	24670.2663	24670.6212	0.0000	1.0000	0.4203
11wh03	3	34	1	1	1.0000	1.0000	1.0000	NaN	3.2656	3.1977	14.8015	24673.3753	24673.6775	1.0000	1.0000	0.2768
11wh03	3	34	1	1	2.0000	1.0000	1.0000	0.7551	NaN	NaN	NaN	24674.4909	24674.8409	1.0000	1.0000	0.0089
11wh03	3	35	1	1	1.0000	1.0000	1.0000	NaN	4.9220	3.1512	14.6042	24677.1234	24677.4256	1.0000	1.0000	0.3039
11wh03	3	35	1	1	2.0000	1.0000	1.0000	0.1299	NaN	NaN	NaN	24678.2824	24678.6374	1.0000	1.0000	0.1814
11wh03	3	36	1	1	1.0000	1.0000	-1.0000	NaN	0.9229	-1.9982	14.4628	24680.7197	24681.0220	0.0000	1.0000	0.3084
11wh03	3	36	1	1	2.0000	1.0000	1.0000	0.4427	NaN	NaN	NaN	24681.9146	24682.2706	1.0000	1.0000	0.0006
11wh03	3	37	1	1	1.0000	1.0000	1.0000	NaN	6.3145	6.7235	14.5713	24684.5988	24684.9021	1.0000	1.0000	0.2199
11wh03	3	37	1	1	2.0000	1.0000	1.0000	0.6609	NaN	NaN	NaN	24685.6264	24685.9832	1.0000	1.0000	0.0007
11wh03	3	38	1	1	1.0000	1.0000	1.0000	NaN	1.5412	0.3810	13.8047	24687.9777	24688.2799	0.0000	0.0000	0.1227
11wh03	3	38	1	1	2.0000	1.0000	-1.0000	0.1002	NaN	NaN	NaN	24689.0027	24689.4035	1.0000	0.0000	3.2059
11wh03	3	39	1	1	1.0000	1.0000	1.0000	NaN	1.8347	1.2077	16.4188	24694.9688	24695.2710	0.0000	0.0000	0.1233
11wh03	3	39	1	1	2.0000	1.0000	-1.0000	0.1844	NaN	NaN	NaN	24695.9467	24696.3034	0.0000	1.0000	0.0006
11wh03	3	40	1	1	1.0000	1.0000	1.0000	NaN	4.3188	5.1560	15.1877	24698.2797	24698.5819	0.0000	0.0000	0.2044
11wh03	3	40	1	1	2.0000	1.0000	-1.0000	0.6952	NaN	NaN	NaN	24699.3555	24699.7062	0.0000	1.0000	0.2959
11wh03	3	41	1	1	1.0000	1.0000	-1.0000	NaN	8.1598	-6.4373	14.7622	24702.0518	24702.3540	0.0000	1.0000	0.1453
11wh03	3	41	1	1	2.0000	1.0000	1.0000	0.7984	NaN	NaN	NaN	24703.0506	24703.4042	1.0000	1.0000	0.0005
11wh03	3	42	1	1	1.0000	1.0000	1.0000	NaN	7.7745	6.5866	14.8961	24705.3255	24705.6277	1.0000	1.0000	0.1031
11wh03	3	42	1	1	2.0000	1.0000	1.0000	0.3308	NaN	NaN	NaN	24706.2506	24706.6040	1.0000	1.0000	0.0695
11wh03	3	43	1	1	1.0000	1.0000	-1.0000	NaN	6.0849	-6.4885	15.7744	24708.6467	24708.9495	0.0000	1.0000	0.0760
11wh03	3	43	1	1	2.0000	1.0000	1.0000	0.8929	NaN	NaN	NaN	24709.5787	24709.9359	1.0000	1.0000	0.0006
11wh03	3	44	1	1	1.0000	1.0000	-1.0000	NaN	5.8816	-6.0446	14.5750	24712.0446	24712.3467	0.0000	1.0000	0.1360
11wh03	3	44	1	1	2.0000	1.0000	1.0000	0.3354	NaN	NaN	NaN	24713.0197	24713.3703	1.0000	1.0000	0.0005
11wh03	3	45	1	1	1.0000	1.0000	-1.0000	NaN	1.1589	-1.8647	14.7083	24715.8601	24716.1622	0.0000	1.0000	0.1752
11wh03	3	45	1	1	2.0000	1.0000	1.0000	0.3986	NaN	NaN	NaN	24716.8905	24717.2415	1.0000	1.0000	0.0005
11wh03	3	46	1	1	1.0000	1.0000	1.0000	NaN	0.3847	0.3993	14.2611	24719.8734	24720.1757	0.0000	0.0000	0.0061
11wh03	3	46	1	1	2.0000	1.0000	-1.0000	0.2621	NaN	NaN	NaN	24720.7307	24721.0853	0.0000	1.0000	1.6847
11wh03	3	47	1	1	1.0000	1.0000	-1.0000	NaN	3.4768	-2.9213	14.6673	24725.0348	24725.3370	0.0000	1.0000	0.1857
11wh03	3	47	1	1	2.0000	1.0000	1.0000	0.5132	NaN	NaN	NaN	24726.0744	24726.4311	1.0000	1.0000	0.0036
11wh03	3	48	1	1	1.0000	1.0000	1.0000	NaN	0.3723	0.6789	14.6984	24728.8731	24729.1753	1.0000	1.0000	0.2673
11wh03	3	48	1	1	2.0000	1.0000	1.0000	0.0154	NaN	NaN	NaN	24729.9625	24730.3182	1.0000	1.0000	0.0033
11wh03	3	49	1	1	1.0000	1.0000	-1.0000	NaN	6.6065	-4.9846	15.1651	24732.4452	24732.7477	0.0000	1.0000	0.1178
11wh03	3	49	1	1	2.0000	1.0000	1.0000	0.3658	NaN	NaN	NaN	24733.3876	24733.7379	1.0000	1.0000	0.0005
11wh03	3	50	1	1	1.0000	1.0000	-1.0000	NaN	4.0749	-4.3189	14.2223	24735.8286	24736.1312	0.0000	1.0000	0.1749
11wh03	3	50	1	1	2.0000	1.0000	1.0000	0.5985	NaN	NaN	NaN	24736.8284	24737.2430	0.0000	0.0000	0.0005
11wh03	4	1	1	1	1.0000	1.0000	1.0000	NaN	8.2222	8.7657	15.4851	24743.9973	24744.2997	1.0000	1.0000	0.1177
11wh03	4	1	1	1	2.0000	1.0000	1.0000	0.3171	NaN	NaN	NaN	24744.9539	24745.3070	1.0000	1.0000	0.0005
11wh03	4	2	1	1	1.0000	1.0000	-1.0000	NaN	3.9883	-4.2561	16.9193	24747.5964	24747.8995	0.0000	1.0000	0.3426
11wh03	4	2	1	1	2.0000	1.0000	1.0000	0.4243	NaN	NaN	NaN	24748.7942	24749.1507	1.0000	1.0000	0.0006
11wh03	4	3	1	1	1.0000	1.0000	-1.0000	NaN	4.5613	-4.9864	14.1085	24751.3933	24751.6954	0.0000	1.0000	0.2107
11wh03	4	3	1	1	2.0000	1.0000	1.0000	0.4401	NaN	NaN	NaN	24752.4100	24752.7670	1.0000	1.0000	0.0024
11wh03	4	4	1	1	1.0000	1.0000	-1.0000	NaN	2.9223	-3.6317	13.7853	24755.0846	24755.3867	0.0000	1.0000	0.1994
11wh03	4	4	1	1	2.0000	1.0000	1.0000	0.4893	NaN	NaN	NaN	24756.1066	24756.4629	1.0000	1.0000	0.0007
11wh03	4	5	1	1	1.0000	1.0000	1.0000	NaN	4.7332	3.7062	14.7335	24758.7166	24759.0187	1.0000	1.0000	0.0547
11wh03	4	5	1	1	2.0000	1.0000	1.0000	0.4509	NaN	NaN	NaN	24759.5946	24759.9501	1.0000	1.0000	0.0006
11wh03	4	6	1	1	1.0000	1.0000	-1.0000	NaN	4.8168	-4.6513	15.3887	24762.1370	24762.4392	0.0000	1.0000	0.2035
11wh03	4	6	1	1	2.0000	1.0000	1.0000	0.6925	NaN	NaN	NaN	24763.1777	24763.5332	1.0000	1.0000	0.0006
11wh03	4	7	1	1	1.0000	1.0000	-1.0000	NaN	6.4140	-5.4372	14.6306	24765.8706	24766.1727	0.0000	1.0000	0.0527
11wh03	4	7	1	1	2.0000	1.0000	1.0000	0.6714	NaN	NaN	NaN	24766.7626	24767.1160	1.0000	1.0000	0.0542
11wh03	4	8	1	1	1.0000	1.0000	1.0000	NaN	4.5523	6.7982	14.9228	24769.4285	24769.7316	1.0000	1.0000	0.0951
11wh03	4	8	1	1	2.0000	1.0000	1.0000	0.6035	NaN	NaN	NaN	24770.3463	24770.7007	1.0000	1.0000	0.0219
11wh03	4	9	1	1	1.0000	1.0000	1.0000	NaN	0.9147	2.2459	15.0428	24772.9703	24773.2726	0.0000	0.0000	0.1065
11wh03	4	9	1	1	2.0000	1.0000	-1.0000	0.0821	NaN	NaN	NaN	24773.9145	24774.2672	1.0000	0.0000	0.0702
11wh03	4	10	1	1	1.0000	1.0000	-1.0000	NaN	6.0490	-8.5088	14.5670	24776.4244	24776.7267	0.0000	1.0000	0.1558
11wh03	4	10	1	1	2.0000	1.0000	1.0000	0.5060	NaN	NaN	NaN	24777.4188	24777.7688	1.0000	1.0000	0.0005
11wh03	4	11	1	1	1.0000	1.0000	1.0000	NaN	3.7350	2.7981	14.3793	24780.0643	24780.3664	1.0000	1.0000	0.3238
11wh03	4	11	1	1	2.0000	1.0000	1.0000	0.2920	NaN	NaN	NaN	24781.2104	24781.5656	1.0000	1.0000	0.0998
11wh03	4	12	1	1	1.0000	1.0000	-1.0000	NaN	3.6592	-5.1573	15.1596	24783.7224	24784.0247	0.0000	1.0000	0.2007
11wh03	4	12	1	1	2.0000	1.0000	1.0000	0.1788	NaN	NaN	NaN	24784.7354	24785.1413	1.0000	1.0000	3.5167
11wh03	4	13	1	1	1.0000	1.0000	1.0000	NaN	1.9549	1.4940	15.9143	24790.9354	24791.2403	0.0000	0.0000	0.1222
11wh03	4	13	1	1	2.0000	1.0000	-1.0000	0.1948	NaN	NaN	NaN	24791.9044	24792.3235	1.0000	0.0000	0.2065
11wh03	4	14	1	1	1.0000	1.0000	1.0000	NaN	4.1954	5.1582	14.4004	24794.7785	24795.0840	1.0000	1.0000	0.1344
11wh03	4	14	1	1	2.0000	1.0000	1.0000	0.8611	NaN	NaN	NaN	24795.7419	24796.1328	1.0000	1.0000	0.0005
11wh03	4	15	1	1	1.0000	1.0000	1.0000	NaN	1.2979	3.2228	14.8925	24798.3646	24798.6668	1.0000	1.0000	0.1346
11wh03	4	15	1	1	2.0000	1.0000	1.0000	0.3477	NaN	NaN	NaN	24799.3223	24799.6771	1.0000	1.0000	0.0006
11wh03	4	16	1	1	1.0000	1.0000	-1.0000	NaN	0.8531	-2.8604	15.9652	24802.2731	24802.5753	0.0000	1.0000	0.1312
11wh03	4	16	1	1	2.0000	1.0000	1.0000	0.1343	NaN	NaN	NaN	24803.2427	24803.5978	1.0000	1.0000	0.0006
11wh03	4	17	1	1	1.0000	1.0000	-1.0000	NaN	6.7876	-6.4316	15.0618	24805.5773	24805.8799	0.0000	1.0000	0.2188
11wh03	4	17	1	1	2.0000	1.0000	1.0000	0.1123	NaN	NaN	NaN	24806.6345	24806.9870	1.0000	1.0000	0.0063
11wh03	4	18	1	1	1.0000	1.0000	1.0000	NaN	1.6170	3.1700	17.0812	24809.3111	24809.6133	1.0000	1.0000	0.5970
11wh03	4	18	1	1	2.0000	1.0000	1.0000	0.7952	NaN	NaN	NaN	24810.7311	24811.0820	1.0000	1.0000	0.0005
11wh03	4	19	1	1	1.0000	1.0000	1.0000	NaN	1.2017	0.7663	14.1130	24813.0461	24813.3483	0.0000	0.0000	0.2861
11wh03	4	19	1	1	2.0000	1.0000	-1.0000	0.1920	NaN	NaN	NaN	24814.1862	24814.5432	0.0000	1.0000	0.2273
11wh03	4	20	1	1	1.0000	1.0000	-1.0000	NaN	5.9010	-5.9711	13.6482	24817.0185	24817.3207	0.0000	1.0000	0.1694
11wh03	4	20	1	1	2.0000	1.0000	1.0000	0.0596	NaN	NaN	NaN	24818.0267	24818.3804	1.0000	1.0000	0.0006
11wh03	4	21	1	1	1.0000	1.0000	1.0000	NaN	5.8755	6.3792	14.8366	24820.4463	24820.7486	1.0000	1.0000	0.2932
11wh03	4	21	1	1	2.0000	1.0000	1.0000	0.6476	NaN	NaN	NaN	24821.5783	24821.9314	1.0000	1.0000	0.0005
11wh03	4	22	1	1	1.0000	1.0000	-1.0000	NaN	2.7059	-0.0883	15.0971	24824.1733	24824.4755	1.0000	0.0000	0.3742
11wh03	4	22	1	1	2.0000	1.0000	-1.0000	0.4253	NaN	NaN	NaN	24825.3860	24825.7427	1.0000	0.0000	0.0358
11wh03	4	23	1	1	1.0000	1.0000	-1.0000	NaN	0.6183	-3.8616	12.7857	24827.6793	24827.9815	0.0000	1.0000	1.0771
11wh03	4	23	1	1	2.0000	1.0000	1.0000	0.8949	NaN	NaN	NaN	24829.5946	24829.9477	1.0000	1.0000	0.1349
11wh03	4	24	1	1	1.0000	1.0000	-1.0000	NaN	6.4140	-7.6147	15.6005	24831.9994	24832.3016	0.0000	1.0000	0.1653
11wh03	4	24	1	1	2.0000	1.0000	1.0000	0.6079	NaN	NaN	NaN	24833.0026	24833.4209	1.0000	1.0000	0.0005
11wh03	4	25	1	1	1.0000	1.0000	1.0000	NaN	8.3984	7.8142	14.3222	24835.4353	24835.7376	1.0000	1.0000	0.1518
11wh03	4	25	1	1	2.0000	1.0000	1.0000	0.1576	NaN	NaN	NaN	24836.4103	24836.7640	1.0000	1.0000	0.1666
11wh03	4	26	1	1	1.0000	1.0000	1.0000	NaN	6.6543	5.8969	16.0906	24839.1364	24839.4387	1.0000	1.0000	0.1478
11wh03	4	26	1	1	2.0000	1.0000	1.0000	0.9823	NaN	NaN	NaN	24840.1222	24840.4791	1.0000	1.0000	0.0022
11wh03	4	27	1	1	1.0000	1.0000	1.0000	NaN	3.5072	3.2544	16.8431	24842.3997	24842.7019	1.0000	1.0000	0.2761
11wh03	4	27	1	1	2.0000	1.0000	1.0000	0.0915	NaN	NaN	NaN	24843.4987	24843.8486	1.0000	1.0000	0.1207
11wh03	4	28	1	1	1.0000	1.0000	1.0000	NaN	1.3215	0.5233	14.0468	24846.3444	24846.6465	1.0000	1.0000	0.2028
11wh03	4	28	1	1	2.0000	1.0000	1.0000	0.4735	NaN	NaN	NaN	24847.3865	24847.7413	1.0000	1.0000	0.0531
11wh03	4	29	1	1	1.0000	1.0000	-1.0000	NaN	5.1010	-4.8787	14.5400	24850.0834	24850.3854	0.0000	1.0000	0.1445
11wh03	4	29	1	1	2.0000	1.0000	1.0000	0.1206	NaN	NaN	NaN	24851.0662	24851.4180	1.0000	1.0000	0.0005
11wh03	4	30	1	1	1.0000	1.0000	-1.0000	NaN	4.0415	-4.6266	15.7895	24853.7009	24854.0031	0.0000	1.0000	0.0793
11wh03	4	30	1	1	2.0000	1.0000	1.0000	0.3329	NaN	NaN	NaN	24854.6025	24854.9576	1.0000	1.0000	0.0007
11wh03	4	31	1	1	1.0000	1.0000	1.0000	NaN	5.3446	4.0444	14.4850	24857.4024	24857.7046	1.0000	1.0000	0.1848
11wh03	4	31	1	1	2.0000	1.0000	1.0000	0.6099	NaN	NaN	NaN	24858.4265	24858.7796	1.0000	1.0000	0.0065
11wh03	4	32	1	1	1.0000	1.0000	-1.0000	NaN	0.9238	-1.7366	14.1212	24861.4108	24861.7130	0.0000	1.0000	0.1124
11wh03	4	32	1	1	2.0000	1.0000	1.0000	0.7212	NaN	NaN	NaN	24862.3311	24862.6814	1.0000	1.0000	0.0079
11wh03	4	33	1	1	1.0000	1.0000	1.0000	NaN	5.7674	5.4928	15.4019	24865.0807	24865.3828	1.0000	1.0000	0.1879
11wh03	4	33	1	1	2.0000	1.0000	1.0000	0.6981	NaN	NaN	NaN	24866.1227	24866.4777	1.0000	1.0000	0.0201
11wh03	4	34	1	1	1.0000	1.0000	-1.0000	NaN	0.2528	-0.8884	14.5873	24868.5057	24868.8089	1.0000	0.0000	0.1684
11wh03	4	34	1	1	2.0000	1.0000	-1.0000	0.8010	NaN	NaN	NaN	24869.4980	24869.8503	0.0000	1.0000	0.0401
11wh03	4	35	1	1	1.0000	1.0000	-1.0000	NaN	0.4011	-1.7745	15.9543	24871.7301	24872.0323	1.0000	0.0000	0.1622
11wh03	4	35	1	1	2.0000	1.0000	-1.0000	0.2982	NaN	NaN	NaN	24872.7307	24873.0806	0.0000	1.0000	0.0567
11wh03	4	36	1	1	1.0000	1.0000	1.0000	NaN	4.3305	3.9130	15.4252	24875.5450	24875.8472	1.0000	1.0000	0.1381
11wh03	4	36	1	1	2.0000	1.0000	1.0000	0.7127	NaN	NaN	NaN	24876.5221	24876.8774	1.0000	1.0000	0.0686
11wh03	4	37	1	1	1.0000	1.0000	-1.0000	NaN	6.5219	-5.6608	14.4488	24879.4193	24879.7246	0.0000	1.0000	0.2927
11wh03	4	37	1	1	2.0000	1.0000	1.0000	0.7572	NaN	NaN	NaN	24880.5882	24881.0012	1.0000	1.0000	0.0005
11wh03	4	38	1	1	1.0000	1.0000	1.0000	NaN	3.2761	0.2418	14.8110	24883.1356	24883.4378	1.0000	1.0000	0.1008
11wh03	4	38	1	1	2.0000	1.0000	1.0000	0.6443	NaN	NaN	NaN	24884.0903	24884.4437	1.0000	1.0000	0.1028
11wh03	4	39	1	1	1.0000	1.0000	-1.0000	NaN	8.3451	-9.5148	16.8111	24887.0460	24887.3481	0.0000	1.0000	0.2052
11wh03	4	39	1	1	2.0000	1.0000	1.0000	0.6035	NaN	NaN	NaN	24888.1060	24888.4603	1.0000	1.0000	0.0006
11wh03	4	40	1	1	1.0000	1.0000	-1.0000	NaN	5.5791	-6.6827	15.6534	24890.3634	24890.6655	0.0000	1.0000	0.2482
11wh03	4	40	1	1	2.0000	1.0000	1.0000	0.8555	NaN	NaN	NaN	24891.4500	24891.8059	1.0000	1.0000	0.0007
11wh03	4	41	1	1	1.0000	1.0000	1.0000	NaN	5.6011	6.0029	14.0043	24893.7674	24894.0696	1.0000	1.0000	0.0437
11wh03	4	41	1	1	2.0000	1.0000	1.0000	0.5447	NaN	NaN	NaN	24894.6344	24894.9888	1.0000	1.0000	0.0007
11wh03	4	42	1	1	1.0000	1.0000	1.0000	NaN	3.3597	3.9372	13.6482	24897.3194	24897.6217	1.0000	1.0000	0.1236
11wh03	4	42	1	1	2.0000	1.0000	1.0000	0.2057	NaN	NaN	NaN	24898.2664	24898.6222	1.0000	1.0000	0.0007
11wh03	4	43	1	1	1.0000	1.0000	1.0000	NaN	4.7579	6.9740	15.2107	24900.7335	24901.0357	1.0000	1.0000	0.0869
11wh03	4	43	1	1	2.0000	1.0000	1.0000	0.5797	NaN	NaN	NaN	24901.6430	24901.9939	1.0000	1.0000	0.0005
11wh03	4	44	1	1	1.0000	1.0000	-1.0000	NaN	2.7584	-1.4063	13.9726	24903.7781	24904.0802	1.0000	0.0000	0.0971
11wh03	4	44	1	1	2.0000	1.0000	-1.0000	0.2967	NaN	NaN	NaN	24904.6985	24905.0553	0.0000	1.0000	0.1150
11wh03	4	45	1	1	1.0000	1.0000	-1.0000	NaN	0.7224	-3.2966	16.1437	24907.6679	24907.9701	0.0000	1.0000	0.1443
11wh03	4	45	1	1	2.0000	1.0000	1.0000	0.6664	NaN	NaN	NaN	24908.6345	24908.9881	1.0000	1.0000	0.0007
11wh03	4	46	1	1	1.0000	1.0000	1.0000	NaN	5.3082	6.6621	15.0402	24911.1261	24911.4284	0.0000	0.0000	0.2381
11wh03	4	46	1	1	2.0000	1.0000	-1.0000	0.2564	NaN	NaN	NaN	24912.1544	24912.5088	0.0000	1.0000	0.0685
11wh03	4	47	1	1	1.0000	1.0000	1.0000	NaN	0.9622	2.1775	15.1965	24914.6939	24914.9962	1.0000	1.0000	0.0942
11wh03	4	47	1	1	2.0000	1.0000	1.0000	0.3692	NaN	NaN	NaN	24915.5786	24915.9315	1.0000	1.0000	0.0005
11wh03	4	48	1	1	1.0000	1.0000	-1.0000	NaN	3.5008	-2.8286	13.8842	24918.3475	24918.6496	0.0000	1.0000	0.1209
11wh03	4	48	1	1	2.0000	1.0000	1.0000	0.0636	NaN	NaN	NaN	24919.2588	24919.6098	1.0000	1.0000	0.0246
11wh03	4	49	1	1	1.0000	1.0000	1.0000	NaN	8.6195	6.2131	15.0389	24922.2742	24922.5765	1.0000	1.0000	0.2738
11wh03	4	49	1	1	2.0000	1.0000	1.0000	0.5383	NaN	NaN	NaN	24923.3700	24923.7250	1.0000	1.0000	0.0006
11wh03	4	50	1	1	1.0000	1.0000	1.0000	NaN	5.2105	4.0015	16.1598	24925.8959	24926.1981	1.0000	1.0000	0.1729
11wh03	4	50	1	1	2.0000	1.0000	1.0000	0.0067	NaN	NaN	NaN	24926.8798	24927.2979	1.0000	1.0000	0.0006
11wh03	5	1	1	1	1.0000	1.0000	1.0000	NaN	2.3962	3.0580	15.4375	24930.4497	24930.7535	1.0000	1.0000	0.1770
11wh03	5	1	1	1	2.0000	1.0000	1.0000	0.0318	NaN	NaN	NaN	24931.4523	24931.8653	1.0000	1.0000	0.0005
11wh03	5	2	1	1	1.0000	1.0000	1.0000	NaN	2.7562	2.9474	14.7927	24933.8286	24934.1328	1.0000	1.0000	0.2700
11wh03	5	2	1	1	2.0000	1.0000	1.0000	0.7900	NaN	NaN	NaN	24934.9281	24935.3495	1.0000	1.0000	0.0005
11wh03	5	3	1	1	1.0000	1.0000	1.0000	NaN	6.2537	7.7983	15.0387	24937.5620	24937.8668	1.0000	1.0000	0.2625
11wh03	5	3	1	1	2.0000	1.0000	1.0000	0.1321	NaN	NaN	NaN	24938.6540	24939.0771	1.0000	1.0000	0.0006
11wh03	5	4	1	1	1.0000	1.0000	-1.0000	NaN	1.0671	-3.2532	12.8002	24941.2304	24941.5348	0.0000	1.0000	0.4505
11wh03	5	4	1	1	2.0000	1.0000	1.0000	0.2399	NaN	NaN	NaN	24942.5268	24942.9435	1.0000	1.0000	0.0006
11wh03	5	5	1	1	1.0000	1.0000	1.0000	NaN	4.5660	4.3219	14.8125	24945.1957	24945.5001	1.0000	1.0000	0.0703
11wh03	5	5	1	1	2.0000	1.0000	1.0000	0.9900	NaN	NaN	NaN	24946.1121	24946.5318	1.0000	1.0000	0.0006
11wh03	5	6	1	1	1.0000	1.0000	-1.0000	NaN	2.0540	-1.9716	15.0144	24948.7937	24949.0981	0.0000	1.0000	0.1671
11wh03	5	6	1	1	2.0000	1.0000	1.0000	0.2941	NaN	NaN	NaN	24949.8054	24950.2184	1.0000	1.0000	0.0005
11wh03	5	7	1	1	1.0000	1.0000	1.0000	NaN	1.1606	1.5310	16.9873	24952.5444	24952.8484	1.0000	1.0000	0.0499
11wh03	5	7	1	1	2.0000	1.0000	1.0000	0.2999	NaN	NaN	NaN	24953.4213	24953.8309	0.0000	0.0000	0.2509
11wh03	5	8	1	1	1.0000	1.0000	-1.0000	NaN	0.3222	-2.3381	14.8746	24956.3783	24956.6826	1.0000	0.0000	0.1355
11wh03	5	8	1	1	2.0000	1.0000	-1.0000	0.2729	NaN	NaN	NaN	24957.3275	24957.7477	0.0000	1.0000	0.0006
11wh03	5	9	1	1	1.0000	1.0000	-1.0000	NaN	0.7400	-0.1097	15.6619	24959.5928	24959.8970	1.0000	0.0000	0.2497
11wh03	5	9	1	1	2.0000	1.0000	-1.0000	0.5079	NaN	NaN	NaN	24960.6691	24961.0804	0.0000	1.0000	0.0583
11wh03	5	10	1	1	1.0000	1.0000	1.0000	NaN	6.3715	5.6346	15.0000	24963.3959	24963.7000	1.0000	1.0000	0.2542
11wh03	5	10	1	1	2.0000	1.0000	1.0000	0.3592	NaN	NaN	NaN	24964.5121	24964.9309	1.0000	1.0000	0.0144
11wh03	5	11	1	1	1.0000	1.0000	1.0000	NaN	1.6478	0.6143	14.2825	24967.0935	24967.3978	1.0000	1.0000	0.3475
11wh03	5	11	1	1	2.0000	1.0000	1.0000	0.6692	NaN	NaN	NaN	24968.2692	24968.6795	1.0000	1.0000	0.0108
11wh03	5	12	1	1	1.0000	1.0000	1.0000	NaN	1.1523	3.8389	14.4374	24970.7892	24971.0914	1.0000	1.0000	0.1418
11wh03	5	12	1	1	2.0000	1.0000	1.0000	0.0835	NaN	NaN	NaN	24971.7890	24972.2006	1.0000	1.0000	0.0005
11wh03	5	13	1	1	1.0000	1.0000	1.0000	NaN	1.3391	0.3078	15.8694	24974.3855	24974.6909	0.0000	0.0000	0.1441
11wh03	5	13	1	1	2.0000	1.0000	-1.0000	0.5880	NaN	NaN	NaN	24975.3441	24975.7685	1.0000	0.0000	0.0006
11wh03	5	14	1	1	1.0000	1.0000	-1.0000	NaN	1.9715	-1.7067	15.6261	24978.2095	24978.5136	1.0000	0.0000	0.2563
11wh03	5	14	1	1	2.0000	1.0000	-1.0000	0.8013	NaN	NaN	NaN	24979.2952	24979.7134	0.0000	1.0000	0.1279
11wh03	5	15	1	1	1.0000	1.0000	1.0000	NaN	2.5729	1.3972	14.6166	24982.0986	24982.4058	0.0000	0.0000	0.1079
11wh03	5	15	1	1	2.0000	1.0000	-1.0000	0.3321	NaN	NaN	NaN	24983.0535	24983.4553	0.0000	1.0000	0.2746
11wh03	5	16	1	1	1.0000	1.0000	1.0000	NaN	1.0845	0.9787	13.6321	24986.0039	24986.3060	0.0000	0.0000	0.2072
11wh03	5	16	1	1	2.0000	1.0000	-1.0000	0.6964	NaN	NaN	NaN	24987.0181	24987.3716	0.0000	1.0000	0.1668
11wh03	5	17	1	1	1.0000	1.0000	1.0000	NaN	5.6837	6.8512	15.3345	24989.9269	24990.2291	1.0000	1.0000	0.0761
11wh03	5	17	1	1	2.0000	1.0000	1.0000	0.4168	NaN	NaN	NaN	24990.8421	24991.1943	1.0000	1.0000	0.0081
11wh03	5	18	1	1	1.0000	1.0000	1.0000	NaN	7.5015	9.6520	16.0009	24993.8582	24994.1604	1.0000	1.0000	0.1940
11wh03	5	18	1	1	2.0000	1.0000	1.0000	0.9706	NaN	NaN	NaN	24994.8910	24995.2409	1.0000	1.0000	0.1050
11wh03	5	19	1	1	1.0000	1.0000	-1.0000	NaN	5.9637	-3.7469	14.9477	24997.3779	24997.6802	0.0000	1.0000	0.3863
11wh03	5	19	1	1	2.0000	1.0000	1.0000	0.6541	NaN	NaN	NaN	24998.6345	24998.9879	1.0000	1.0000	0.0071
11wh03	5	20	1	1	1.0000	1.0000	1.0000	NaN	4.7350	6.2113	15.1388	25001.2836	25001.5865	1.0000	1.0000	0.1120
11wh03	5	20	1	1	2.0000	1.0000	1.0000	0.9593	NaN	NaN	NaN	25002.2505	25002.6043	1.0000	1.0000	0.0006
11wh03	5	21	1	1	1.0000	1.0000	1.0000	NaN	0.7253	0.0809	16.3056	25004.6210	25004.9231	0.0000	0.0000	0.4060
11wh03	5	21	1	1	2.0000	1.0000	-1.0000	0.4505	NaN	NaN	NaN	25005.8500	25006.2041	0.0000	1.0000	0.0006
11wh03	5	22	1	1	1.0000	1.0000	1.0000	NaN	5.0539	6.2317	14.2531	25008.0763	25008.3784	1.0000	1.0000	0.1679
11wh03	5	22	1	1	2.0000	1.0000	1.0000	0.3439	NaN	NaN	NaN	25009.0665	25009.4208	1.0000	1.0000	0.0006
11wh03	5	23	1	1	1.0000	1.0000	1.0000	NaN	4.9772	6.3882	14.8781	25012.0651	25012.3682	1.0000	1.0000	0.2902
11wh03	5	23	1	1	2.0000	1.0000	1.0000	0.9561	NaN	NaN	NaN	25013.1943	25013.5497	1.0000	1.0000	0.1155
11wh03	5	24	1	1	1.0000	1.0000	1.0000	NaN	0.9445	2.8991	15.5230	25016.0454	25016.3499	1.0000	1.0000	0.2445
11wh03	5	24	1	1	2.0000	1.0000	1.0000	0.5338	NaN	NaN	NaN	25017.0392	25017.4484	1.0000	1.0000	0.1687
11wh03	5	25	1	1	1.0000	1.0000	1.0000	NaN	4.5463	3.6374	15.7652	25019.4659	25019.7719	1.0000	1.0000	0.1973
11wh03	5	25	1	1	2.0000	1.0000	1.0000	0.0938	NaN	NaN	NaN	25020.5270	25020.9581	0.0000	0.0000	0.3871
11wh03	5	26	1	1	1.0000	1.0000	-1.0000	NaN	8.4777	-8.4864	13.5358	25023.7256	25024.0304	0.0000	1.0000	0.2279
11wh03	5	26	1	1	2.0000	1.0000	1.0000	0.9049	NaN	NaN	NaN	25024.7815	25025.1822	1.0000	1.0000	0.0007
11wh03	5	27	1	1	1.0000	1.0000	-1.0000	NaN	6.9133	-5.6052	16.3130	25027.1754	25027.4776	0.0000	1.0000	0.2043
11wh03	5	27	1	1	2.0000	1.0000	1.0000	0.8905	NaN	NaN	NaN	25028.2185	25028.5709	1.0000	1.0000	0.0074
11wh03	5	28	1	1	1.0000	1.0000	-1.0000	NaN	8.0818	-7.4630	12.8954	25030.6187	25030.9208	0.0000	1.0000	0.1691
11wh03	5	28	1	1	2.0000	1.0000	1.0000	0.8491	NaN	NaN	NaN	25031.6100	25031.9682	1.0000	1.0000	0.0009
11wh03	5	29	1	1	1.0000	1.0000	1.0000	NaN	5.2089	4.8239	14.3246	25034.1161	25034.4183	1.0000	1.0000	0.3036
11wh03	5	29	1	1	2.0000	1.0000	1.0000	0.1656	NaN	NaN	NaN	25035.2745	25035.6251	1.0000	1.0000	0.2172
11wh03	5	30	1	1	1.0000	1.0000	-1.0000	NaN	2.6929	-2.7704	15.6772	25038.1156	25038.4180	0.0000	1.0000	0.3679
11wh03	5	30	1	1	2.0000	1.0000	1.0000	0.7943	NaN	NaN	NaN	25039.3713	25039.7220	1.0000	1.0000	0.1204
11wh03	5	31	1	1	1.0000	1.0000	-1.0000	NaN	1.0316	-3.4542	14.7922	25042.1391	25042.4412	0.0000	1.0000	0.2651
11wh03	5	31	1	1	2.0000	1.0000	1.0000	0.3181	NaN	NaN	NaN	25043.2583	25043.6148	1.0000	1.0000	0.0355
11wh03	5	32	1	1	1.0000	1.0000	1.0000	NaN	0.2768	2.7799	15.1886	25045.7895	25046.0917	0.0000	0.0000	0.1494
11wh03	5	32	1	1	2.0000	1.0000	-1.0000	0.6299	NaN	NaN	NaN	25046.7944	25047.1478	1.0000	0.0000	0.0865
11wh03	5	33	1	1	1.0000	1.0000	1.0000	NaN	1.9188	0.5395	15.0550	25049.1675	25049.4697	1.0000	1.0000	0.1488
11wh03	5	33	1	1	2.0000	1.0000	1.0000	0.7112	NaN	NaN	NaN	25050.1710	25050.5215	1.0000	1.0000	0.0557
11wh03	5	34	1	1	1.0000	1.0000	-1.0000	NaN	4.8505	-5.2279	14.8255	25052.9514	25053.2537	0.0000	1.0000	0.1571
11wh03	5	34	1	1	2.0000	1.0000	1.0000	0.8507	NaN	NaN	NaN	25053.9143	25054.2683	1.0000	1.0000	0.0006
11wh03	5	35	1	1	1.0000	1.0000	-1.0000	NaN	5.3731	-3.6312	13.4615	25056.6819	25056.9840	0.0000	1.0000	0.3615
11wh03	5	35	1	1	2.0000	1.0000	1.0000	0.1665	NaN	NaN	NaN	25057.8033	25058.1544	1.0000	1.0000	0.0005
11wh03	5	36	1	1	1.0000	1.0000	-1.0000	NaN	6.4785	-6.0733	14.8742	25060.0880	25060.3901	0.0000	1.0000	0.0920
11wh03	5	36	1	1	2.0000	1.0000	1.0000	0.4070	NaN	NaN	NaN	25060.9875	25061.3682	1.0000	1.0000	0.0006
11wh03	5	37	1	1	1.0000	1.0000	-1.0000	NaN	0.0100	-0.1338	14.0379	25063.8059	25064.1081	1.0000	0.0000	0.2451
11wh03	5	37	1	1	2.0000	1.0000	-1.0000	0.9160	NaN	NaN	NaN	25064.8744	25065.2304	0.0000	1.0000	0.0668
11wh03	5	38	1	1	1.0000	1.0000	1.0000	NaN	7.6593	7.3247	15.1112	25067.4137	25067.7165	1.0000	1.0000	0.3338
11wh03	5	38	1	1	2.0000	1.0000	1.0000	0.0377	NaN	NaN	NaN	25068.5382	25068.8899	1.0000	1.0000	0.0005
11wh03	5	39	1	1	1.0000	1.0000	-1.0000	NaN	1.9944	-1.1670	15.9845	25071.3651	25071.6674	0.0000	1.0000	0.2225
11wh03	5	39	1	1	2.0000	1.0000	1.0000	0.4709	NaN	NaN	NaN	25072.4105	25072.7676	1.0000	1.0000	0.0006
11wh03	5	40	1	1	1.0000	1.0000	-1.0000	NaN	8.5029	-7.5829	14.3142	25075.1626	25075.4660	0.0000	1.0000	0.2638
11wh03	5	40	1	1	2.0000	1.0000	1.0000	0.8244	NaN	NaN	NaN	25076.2188	25076.5701	1.0000	1.0000	0.0005
11wh03	5	41	1	1	1.0000	1.0000	1.0000	NaN	8.2868	7.9583	14.5280	25078.7604	25079.0626	1.0000	1.0000	0.1717
11wh03	5	41	1	1	2.0000	1.0000	1.0000	0.6377	NaN	NaN	NaN	25079.7383	25080.0897	1.0000	1.0000	0.0005
11wh03	5	42	1	1	1.0000	1.0000	1.0000	NaN	0.9140	0.8086	15.4252	25082.3549	25082.6571	0.0000	0.0000	0.2729
11wh03	5	42	1	1	2.0000	1.0000	-1.0000	0.3251	NaN	NaN	NaN	25083.3866	25083.7363	1.0000	0.0000	0.0005
11wh03	5	43	1	1	1.0000	1.0000	-1.0000	NaN	1.8826	-1.2409	14.5679	25085.9065	25086.2086	0.0000	1.0000	0.0978
11wh03	5	43	1	1	2.0000	1.0000	1.0000	0.3164	NaN	NaN	NaN	25086.8420	25087.1959	1.0000	1.0000	0.0213
11wh03	5	44	1	1	1.0000	1.0000	-1.0000	NaN	1.1420	-1.2576	14.9735	25089.4001	25089.7024	0.0000	1.0000	0.2040
11wh03	5	44	1	1	2.0000	1.0000	1.0000	0.0965	NaN	NaN	NaN	25090.4423	25090.7953	1.0000	1.0000	0.0009
11wh03	5	45	1	1	1.0000	1.0000	-1.0000	NaN	6.6104	-5.1172	14.4967	25092.7455	25093.0485	0.0000	1.0000	0.2017
11wh03	5	45	1	1	2.0000	1.0000	1.0000	0.4648	NaN	NaN	NaN	25093.7541	25094.1056	1.0000	1.0000	0.0006
11wh03	5	46	1	1	1.0000	1.0000	-1.0000	NaN	7.6116	-9.3263	14.2544	25096.2158	25096.5180	0.0000	1.0000	0.1071
11wh03	5	46	1	1	2.0000	1.0000	1.0000	0.9063	NaN	NaN	NaN	25097.1300	25097.4839	1.0000	1.0000	0.0005
11wh03	5	47	1	1	1.0000	1.0000	1.0000	NaN	3.1794	3.4198	13.7746	25099.9401	25100.2422	1.0000	1.0000	0.2069
11wh03	5	47	1	1	2.0000	1.0000	1.0000	0.3955	NaN	NaN	NaN	25100.9856	25101.3380	1.0000	1.0000	0.0005
11wh03	5	48	1	1	1.0000	1.0000	1.0000	NaN	4.5093	3.4224	14.7886	25103.8274	25104.1311	1.0000	1.0000	0.1116
11wh03	5	48	1	1	2.0000	1.0000	1.0000	0.5468	NaN	NaN	NaN	25104.7299	25105.0836	1.0000	1.0000	0.0713
11wh03	5	49	1	1	1.0000	1.0000	-1.0000	NaN	6.9229	-6.4548	14.9928	25107.6364	25107.9406	1.0000	0.0000	0.0457
11wh03	5	49	1	1	2.0000	1.0000	-1.0000	0.2599	NaN	NaN	NaN	25108.4933	25108.9062	0.0000	1.0000	2.6795
11wh03	5	50	1	1	1.0000	1.0000	-1.0000	NaN	1.8120	-0.0908	13.7083	25113.7256	25114.0327	0.0000	1.0000	2.3851
11wh03	5	50	1	1	2.0000	1.0000	1.0000	0.8449	NaN	NaN	NaN	25116.9579	25117.3736	1.0000	1.0000	0.1008
11wh03	6	1	1	1	1.0000	1.0000	-1.0000	NaN	3.3016	-2.8236	14.2621	25121.0981	25121.4029	0.0000	1.0000	0.2472
11wh03	6	1	1	1	2.0000	1.0000	1.0000	0.4387	NaN	NaN	NaN	25122.1579	25122.5733	1.0000	1.0000	0.0005
11wh03	6	2	1	1	1.0000	1.0000	1.0000	NaN	5.4606	3.5656	14.9637	25124.6810	25124.9858	1.0000	1.0000	0.0884
11wh03	6	2	1	1	2.0000	1.0000	1.0000	0.7614	NaN	NaN	NaN	25125.6298	25126.0564	1.0000	1.0000	0.0577
11wh03	6	3	1	1	1.0000	1.0000	1.0000	NaN	2.5437	0.4311	13.0341	25128.4318	25128.7365	1.0000	1.0000	0.2255
11wh03	6	3	1	1	2.0000	1.0000	1.0000	0.3381	NaN	NaN	NaN	25129.4887	25129.9173	1.0000	1.0000	0.0006
11wh03	6	4	1	1	1.0000	1.0000	-1.0000	NaN	6.2554	-7.2795	14.2048	25132.2233	25132.5296	0.0000	1.0000	0.3689
11wh03	6	4	1	1	2.0000	1.0000	1.0000	0.6556	NaN	NaN	NaN	25133.3894	25133.8055	0.0000	0.0000	0.0005
11wh03	6	5	1	1	1.0000	1.0000	1.0000	NaN	2.0319	1.5678	14.0586	25136.1186	25136.4230	1.0000	1.0000	0.3467
11wh03	6	5	1	1	2.0000	1.0000	1.0000	0.7400	NaN	NaN	NaN	25137.2935	25137.6767	1.0000	1.0000	0.1335
11wh03	6	6	1	1	1.0000	1.0000	1.0000	NaN	3.4547	3.7830	15.1655	25140.2646	25140.5668	0.0000	0.0000	0.4266
11wh03	6	6	1	1	2.0000	1.0000	-1.0000	0.0605	NaN	NaN	NaN	25141.5464	25141.8983	0.0000	1.0000	0.3268
11wh03	6	7	1	1	1.0000	1.0000	-1.0000	NaN	4.2847	-4.2365	15.8262	25144.5554	25144.8576	0.0000	1.0000	0.2805
11wh03	6	7	1	1	2.0000	1.0000	1.0000	0.6787	NaN	NaN	NaN	25145.6743	25146.0302	1.0000	1.0000	0.0037
11wh03	6	8	1	1	1.0000	1.0000	1.0000	NaN	0.8541	1.5283	16.4723	25148.1973	25148.4995	1.0000	1.0000	0.3660
11wh03	6	8	1	1	2.0000	1.0000	1.0000	0.7962	NaN	NaN	NaN	25149.4341	25149.7863	1.0000	1.0000	0.0707
11wh03	6	9	1	1	1.0000	1.0000	1.0000	NaN	3.9089	5.7444	14.8410	25152.0232	25152.3255	1.0000	1.0000	0.3004
11wh03	6	9	1	1	2.0000	1.0000	1.0000	0.4296	NaN	NaN	NaN	25153.1782	25153.5311	1.0000	1.0000	0.2786
11wh03	6	10	1	1	1.0000	1.0000	1.0000	NaN	4.1527	5.4820	15.3761	25156.3130	25156.6174	1.0000	1.0000	0.1996
11wh03	6	10	1	1	2.0000	1.0000	1.0000	0.5000	NaN	NaN	NaN	25157.3575	25157.7587	1.0000	1.0000	0.0343
11wh03	6	11	1	1	1.0000	1.0000	1.0000	NaN	6.4303	4.8782	15.8519	25159.8588	25160.1617	1.0000	1.0000	0.1124
11wh03	6	11	1	1	2.0000	1.0000	1.0000	0.7577	NaN	NaN	NaN	25160.8262	25161.1795	1.0000	1.0000	0.0696
11wh03	6	12	1	1	1.0000	1.0000	-1.0000	NaN	6.1151	-3.6502	15.2534	25163.4991	25163.8012	0.0000	1.0000	0.1999
11wh03	6	12	1	1	2.0000	1.0000	1.0000	0.9138	NaN	NaN	NaN	25164.5374	25164.8917	1.0000	1.0000	0.0230
11wh03	6	13	1	1	1.0000	1.0000	1.0000	NaN	6.7903	6.7852	15.4379	25167.3025	25167.6048	1.0000	1.0000	0.1257
11wh03	6	13	1	1	2.0000	1.0000	1.0000	0.3225	NaN	NaN	NaN	25168.2987	25168.6515	1.0000	1.0000	0.0387
11wh03	6	14	1	1	1.0000	1.0000	-1.0000	NaN	3.4334	-3.5904	15.9848	25170.8468	25171.1490	1.0000	0.0000	0.1332
11wh03	6	14	1	1	2.0000	1.0000	-1.0000	0.7691	NaN	NaN	NaN	25171.8338	25172.1848	0.0000	1.0000	0.1367
11wh03	6	15	1	1	1.0000	1.0000	-1.0000	NaN	5.3826	-5.1305	14.4445	25174.8282	25175.1304	0.0000	1.0000	0.2626
11wh03	6	15	1	1	2.0000	1.0000	1.0000	0.8530	NaN	NaN	NaN	25175.9477	25176.2985	1.0000	1.0000	0.0718
11wh03	6	16	1	1	1.0000	1.0000	-1.0000	NaN	4.5158	-3.0228	15.2690	25178.8446	25179.1467	0.0000	1.0000	0.1183
11wh03	6	16	1	1	2.0000	1.0000	1.0000	0.0567	NaN	NaN	NaN	25179.8341	25180.1912	1.0000	1.0000	0.3699
11wh03	6	17	1	1	1.0000	1.0000	-1.0000	NaN	7.5620	-8.7904	13.9519	25182.9436	25183.2458	0.0000	1.0000	0.2273
11wh03	6	17	1	1	2.0000	1.0000	1.0000	0.8530	NaN	NaN	NaN	25184.0256	25184.3795	1.0000	1.0000	0.0226
11wh03	6	18	1	1	1.0000	1.0000	-1.0000	NaN	1.5218	-2.9272	14.4644	25186.5227	25186.8257	0.0000	1.0000	0.3113
11wh03	6	18	1	1	2.0000	1.0000	1.0000	0.0358	NaN	NaN	NaN	25187.7057	25188.0614	1.0000	1.0000	0.0997
11wh03	6	19	1	1	1.0000	1.0000	-1.0000	NaN	2.6072	-4.2197	14.7806	25190.4511	25190.7533	0.0000	1.0000	0.0969
11wh03	6	19	1	1	2.0000	1.0000	1.0000	0.9391	NaN	NaN	NaN	25191.4019	25191.7573	1.0000	1.0000	0.0689
11wh03	6	20	1	1	1.0000	1.0000	-1.0000	NaN	5.3396	-4.4092	15.5899	25194.1979	25194.5002	0.0000	1.0000	0.1888
11wh03	6	20	1	1	2.0000	1.0000	1.0000	0.2904	NaN	NaN	NaN	25195.2578	25195.6111	1.0000	1.0000	0.0006
11wh03	6	21	1	1	1.0000	1.0000	1.0000	NaN	1.5938	3.5416	14.7483	25197.8682	25198.1705	1.0000	1.0000	0.1037
11wh03	6	21	1	1	2.0000	1.0000	1.0000	0.5619	NaN	NaN	NaN	25198.8260	25199.1788	1.0000	1.0000	0.0228
11wh03	6	22	1	1	1.0000	1.0000	1.0000	NaN	1.7976	2.0008	15.1394	25201.4755	25201.7778	1.0000	1.0000	0.1925
11wh03	6	22	1	1	2.0000	1.0000	1.0000	0.5870	NaN	NaN	NaN	25202.5245	25202.9343	1.0000	1.0000	0.0006
11wh03	6	23	1	1	1.0000	1.0000	-1.0000	NaN	1.2772	-0.7851	13.4854	25204.8856	25205.1894	0.0000	1.0000	0.2356
11wh03	6	23	1	1	2.0000	1.0000	1.0000	0.4950	NaN	NaN	NaN	25205.9828	25206.4023	1.0000	1.0000	0.0005
11wh03	6	24	1	1	1.0000	1.0000	1.0000	NaN	7.0749	6.0295	15.0499	25208.4992	25208.8041	1.0000	1.0000	0.0784
11wh03	6	24	1	1	2.0000	1.0000	1.0000	0.5108	NaN	NaN	NaN	25209.4376	25209.8649	1.0000	1.0000	0.0007
11wh03	6	25	1	1	1.0000	1.0000	1.0000	NaN	6.3846	6.4354	14.5367	25212.3189	25212.6251	1.0000	1.0000	0.0816
11wh03	6	25	1	1	2.0000	1.0000	1.0000	0.0527	NaN	NaN	NaN	25213.2640	25213.6847	1.0000	1.0000	0.0005
11wh03	6	26	1	1	1.0000	1.0000	1.0000	NaN	6.4511	4.8566	13.9704	25215.9601	25216.2646	1.0000	1.0000	0.1044
11wh03	6	26	1	1	2.0000	1.0000	1.0000	0.1040	NaN	NaN	NaN	25216.9253	25217.3321	1.0000	1.0000	0.0005
11wh03	6	27	1	1	1.0000	1.0000	1.0000	NaN	3.0348	1.7243	16.2196	25219.1203	25219.4227	1.0000	1.0000	0.1476
11wh03	6	27	1	1	2.0000	1.0000	1.0000	0.5328	NaN	NaN	NaN	25220.1219	25220.4763	1.0000	1.0000	0.0699
11wh03	6	28	1	1	1.0000	1.0000	1.0000	NaN	0.4286	0.5363	13.8835	25222.3850	25222.6873	1.0000	1.0000	0.2102
11wh03	6	28	1	1	2.0000	1.0000	1.0000	0.3624	NaN	NaN	NaN	25223.4503	25223.8056	1.0000	1.0000	0.0195
11wh03	6	29	1	1	1.0000	1.0000	-1.0000	NaN	6.7421	-9.0934	14.4314	25225.8968	25226.1991	0.0000	1.0000	1.2744
11wh03	6	29	1	1	2.0000	1.0000	1.0000	0.5308	NaN	NaN	NaN	25228.0425	25228.3940	1.0000	1.0000	0.0403
11wh03	6	30	1	1	1.0000	1.0000	-1.0000	NaN	0.8079	-1.0503	15.2118	25231.0091	25231.3112	0.0000	1.0000	0.1626
11wh03	6	30	1	1	2.0000	1.0000	1.0000	0.1967	NaN	NaN	NaN	25232.0420	25232.3938	1.0000	1.0000	0.2312
11wh03	6	31	1	1	1.0000	1.0000	-1.0000	NaN	5.7787	-8.5946	16.0364	25234.5412	25234.8434	0.0000	1.0000	0.3588
11wh03	6	31	1	1	2.0000	1.0000	1.0000	0.2240	NaN	NaN	NaN	25235.7701	25236.1255	1.0000	1.0000	0.0046
11wh03	6	32	1	1	1.0000	1.0000	1.0000	NaN	1.8079	1.3047	16.0100	25238.4095	25238.7118	0.0000	0.0000	0.1389
11wh03	6	32	1	1	2.0000	1.0000	-1.0000	0.9452	NaN	NaN	NaN	25239.3855	25239.7421	0.0000	1.0000	0.0830
11wh03	6	33	1	1	1.0000	1.0000	1.0000	NaN	7.2851	7.0812	16.0682	25241.9810	25242.2832	1.0000	1.0000	0.1018
11wh03	6	33	1	1	2.0000	1.0000	1.0000	0.4162	NaN	NaN	NaN	25242.9063	25243.2599	1.0000	1.0000	0.0863
11wh03	6	34	1	1	1.0000	1.0000	1.0000	NaN	6.1871	6.9915	16.1781	25245.9683	25246.2706	1.0000	1.0000	0.1639
11wh03	6	34	1	1	2.0000	1.0000	1.0000	0.7791	NaN	NaN	NaN	25246.9700	25247.3249	1.0000	1.0000	0.1169
11wh03	6	35	1	1	1.0000	1.0000	-1.0000	NaN	8.1752	-7.3312	14.1356	25249.5128	25249.8150	0.0000	1.0000	0.2025
11wh03	6	35	1	1	2.0000	1.0000	1.0000	0.9027	NaN	NaN	NaN	25250.5888	25250.9995	1.0000	1.0000	0.0005
11wh03	6	36	1	1	1.0000	1.0000	-1.0000	NaN	3.1946	-4.0077	16.1053	25253.2356	25253.5427	0.0000	1.0000	0.3316
11wh03	6	36	1	1	2.0000	1.0000	1.0000	0.3664	NaN	NaN	NaN	25254.4156	25254.8326	1.0000	1.0000	0.0335
11wh03	6	37	1	1	1.0000	1.0000	-1.0000	NaN	0.6564	-2.4876	15.2645	25257.1797	25257.4841	0.0000	1.0000	0.2609
11wh03	6	37	1	1	2.0000	1.0000	1.0000	0.5678	NaN	NaN	NaN	25258.3162	25258.7282	1.0000	1.0000	0.0007
11wh03	6	38	1	1	1.0000	1.0000	-1.0000	NaN	1.7143	-3.3603	15.6197	25260.9027	25261.2063	0.0000	1.0000	0.1707
11wh03	6	38	1	1	2.0000	1.0000	1.0000	0.3724	NaN	NaN	NaN	25261.9131	25262.2703	1.0000	1.0000	0.0007
11wh03	6	39	1	1	1.0000	1.0000	-1.0000	NaN	0.6403	-1.4811	15.3465	25264.3970	25264.6992	0.0000	1.0000	0.1035
11wh03	6	39	1	1	2.0000	1.0000	1.0000	0.3968	NaN	NaN	NaN	25265.3384	25265.6920	1.0000	1.0000	0.0005
11wh03	6	40	1	1	1.0000	1.0000	-1.0000	NaN	1.7051	-2.5382	15.2788	25267.8373	25268.1395	0.0000	1.0000	0.0695
11wh03	6	40	1	1	2.0000	1.0000	1.0000	0.2703	NaN	NaN	NaN	25268.7778	25269.1300	1.0000	1.0000	0.0005
11wh03	6	41	1	1	1.0000	1.0000	-1.0000	NaN	5.5441	-4.4429	16.1015	25271.0099	25271.3119	0.0000	1.0000	0.1788
11wh03	6	41	1	1	2.0000	1.0000	1.0000	0.1175	NaN	NaN	NaN	25272.0596	25272.4102	1.0000	1.0000	0.0005
11wh03	6	42	1	1	1.0000	1.0000	1.0000	NaN	6.7612	5.4529	15.1355	25274.5632	25274.8655	0.0000	0.0000	0.0970
11wh03	6	42	1	1	2.0000	1.0000	-1.0000	0.7073	NaN	NaN	NaN	25275.4978	25275.8527	0.0000	1.0000	0.0203
11wh03	6	43	1	1	1.0000	1.0000	1.0000	NaN	0.8440	1.0698	14.5396	25278.0554	25278.3576	1.0000	1.0000	0.1087
11wh03	6	43	1	1	2.0000	1.0000	1.0000	0.6324	NaN	NaN	NaN	25279.0342	25279.3901	1.0000	1.0000	0.0040
11wh03	6	44	1	1	1.0000	1.0000	1.0000	NaN	3.0304	3.6738	14.6199	25281.8399	25282.1421	1.0000	1.0000	0.0840
11wh03	6	44	1	1	2.0000	1.0000	1.0000	0.7703	NaN	NaN	NaN	25282.8096	25283.1622	1.0000	1.0000	0.0006
11wh03	6	45	1	1	1.0000	1.0000	1.0000	NaN	3.6641	4.2401	14.7797	25285.4735	25285.7755	1.0000	1.0000	0.1307
11wh03	6	45	1	1	2.0000	1.0000	1.0000	0.7788	NaN	NaN	NaN	25286.4593	25286.8095	1.0000	1.0000	0.0095
11wh03	6	46	1	1	1.0000	1.0000	1.0000	NaN	7.5275	5.9116	13.9529	25289.0141	25289.3162	1.0000	1.0000	0.1098
11wh03	6	46	1	1	2.0000	1.0000	1.0000	0.5407	NaN	NaN	NaN	25289.9779	25290.3289	1.0000	1.0000	0.0418
11wh03	6	47	1	1	1.0000	1.0000	-1.0000	NaN	2.5012	-2.5520	15.1422	25292.8004	25293.1034	0.0000	1.0000	0.2262
11wh03	6	47	1	1	2.0000	1.0000	1.0000	0.6761	NaN	NaN	NaN	25293.8820	25294.2351	1.0000	1.0000	0.0007
11wh03	6	48	1	1	1.0000	1.0000	-1.0000	NaN	6.0921	-6.9595	14.7463	25296.0649	25296.3670	1.0000	0.0000	0.1465
11wh03	6	48	1	1	2.0000	1.0000	-1.0000	0.6834	NaN	NaN	NaN	25296.9858	25297.3971	0.0000	1.0000	0.0005
11wh03	6	49	1	1	1.0000	1.0000	-1.0000	NaN	7.6709	-6.2927	15.5107	25299.7101	25300.0149	0.0000	1.0000	0.1633
11wh03	6	49	1	1	2.0000	1.0000	1.0000	0.2399	NaN	NaN	NaN	25300.7171	25301.1437	1.0000	1.0000	0.0006
11wh03	6	50	1	1	1.0000	1.0000	1.0000	NaN	2.4907	1.7697	14.7301	25303.5908	25303.8956	1.0000	1.0000	0.2333
11wh03	6	50	1	1	2.0000	1.0000	1.0000	0.9995	NaN	NaN	NaN	25304.6855	25305.1099	1.0000	1.0000	0.0006
