24cz03	1	1	1	0	1.0000	0.0000	-1.0000	0.6296	NaN	NaN	NaN	757816.8981	757817.3070	0.0000	1.0000	0.1938
24cz03	1	1	1	0	2.0000	0.0000	1.0000	NaN	6.2847	6.3013	14.2032	757818.0607	757818.3629	1.0000	1.0000	1.5074
24cz03	1	2	1	0	1.0000	0.0000	1.0000	0.4402	NaN	NaN	NaN	757821.9711	757822.3273	1.0000	1.0000	0.3585
24cz03	1	2	1	0	2.0000	0.0000	1.0000	NaN	0.5144	0.9000	14.7637	757823.2606	757823.5627	1.0000	1.0000	0.3059
24cz03	1	3	1	0	1.0000	0.0000	-1.0000	0.9359	NaN	NaN	NaN	757825.9591	757826.3117	1.0000	0.0000	0.3729
24cz03	1	3	1	0	2.0000	0.0000	-1.0000	NaN	5.0572	-3.0283	15.0840	757827.2770	757827.5791	1.0000	0.0000	0.2895
24cz03	1	4	1	0	1.0000	0.0000	-1.0000	0.6134	NaN	NaN	NaN	757830.5818	757830.9328	0.0000	1.0000	0.3122
24cz03	1	4	1	0	2.0000	0.0000	1.0000	NaN	2.8662	2.9102	15.1461	757831.7876	757832.0902	1.0000	1.0000	0.0997
24cz03	1	5	1	0	1.0000	0.0000	1.0000	0.6154	NaN	NaN	NaN	757834.7643	757835.1161	1.0000	1.0000	0.3371
24cz03	1	5	1	0	2.0000	0.0000	1.0000	NaN	4.7313	5.1192	14.6239	757836.0271	757836.3294	1.0000	1.0000	0.1965
24cz03	1	6	1	0	1.0000	0.0000	1.0000	0.5165	NaN	NaN	NaN	757839.0968	757839.4491	1.0000	1.0000	0.4355
24cz03	1	6	1	0	2.0000	0.0000	1.0000	NaN	9.4307	10.0164	14.7895	757840.4440	757840.7462	1.0000	1.0000	0.1794
24cz03	1	7	1	0	1.0000	0.0000	1.0000	0.1003	NaN	NaN	NaN	757842.7429	757843.0942	0.0000	0.0000	0.5344
24cz03	1	7	1	0	2.0000	0.0000	-1.0000	NaN	0.7298	-0.1191	15.3616	757844.1721	757844.4752	0.0000	1.0000	0.0494
24cz03	1	8	1	0	1.0000	0.0000	-1.0000	0.1929	NaN	NaN	NaN	757847.0653	757847.4221	0.0000	1.0000	0.4318
24cz03	1	8	1	0	2.0000	0.0000	1.0000	NaN	3.7482	3.6624	16.1206	757848.3952	757848.6975	1.0000	1.0000	0.0510
24cz03	1	9	1	0	1.0000	0.0000	1.0000	0.8871	NaN	NaN	NaN	757851.1046	757851.4591	1.0000	1.0000	0.1054
24cz03	1	9	1	0	2.0000	0.0000	1.0000	NaN	0.6891	0.1882	15.4052	757852.1244	757852.4267	1.0000	1.0000	0.0831
24cz03	1	10	1	0	1.0000	0.0000	-1.0000	0.8434	NaN	NaN	NaN	757854.6926	757855.0436	0.0000	1.0000	0.3939
24cz03	1	10	1	0	2.0000	0.0000	1.0000	NaN	0.7044	2.7019	13.5529	757855.9787	757856.2810	1.0000	1.0000	0.1973
24cz03	1	11	1	0	1.0000	0.0000	1.0000	0.3115	NaN	NaN	NaN	757858.7693	757859.1257	1.0000	1.0000	0.1993
24cz03	1	11	1	0	2.0000	0.0000	1.0000	NaN	7.4685	8.5410	16.9863	757859.8677	757860.1700	1.0000	1.0000	0.1466
24cz03	1	12	1	0	1.0000	0.0000	1.0000	0.8870	NaN	NaN	NaN	757862.7845	757863.1986	1.0000	1.0000	0.1579
24cz03	1	12	1	0	2.0000	0.0000	1.0000	NaN	1.7502	3.5320	13.9575	757863.9100	757864.2138	1.0000	1.0000	0.2627
24cz03	1	13	1	0	1.0000	0.0000	1.0000	0.9150	NaN	NaN	NaN	757866.8465	757867.2645	1.0000	1.0000	0.0921
24cz03	1	13	1	0	2.0000	0.0000	1.0000	NaN	8.6094	7.5146	16.9834	757867.9090	757868.2127	1.0000	1.0000	0.1678
24cz03	1	14	1	0	1.0000	0.0000	1.0000	0.6856	NaN	NaN	NaN	757870.5869	757870.9761	1.0000	1.0000	0.1250
24cz03	1	14	1	0	2.0000	0.0000	1.0000	NaN	1.9539	1.8655	15.0784	757871.6269	757871.9290	1.0000	1.0000	0.0526
24cz03	1	15	1	0	1.0000	0.0000	1.0000	0.7448	NaN	NaN	NaN	757874.0664	757874.4205	1.0000	1.0000	0.2968
24cz03	1	15	1	0	2.0000	0.0000	1.0000	NaN	8.5632	9.8162	14.6033	757875.2594	757875.5616	1.0000	1.0000	0.0360
24cz03	1	16	1	0	1.0000	0.0000	-1.0000	0.3922	NaN	NaN	NaN	757877.5993	757877.9536	0.0000	1.0000	0.2841
24cz03	1	16	1	0	2.0000	0.0000	1.0000	NaN	6.2066	5.5578	14.8385	757878.7650	757879.0672	1.0000	1.0000	0.1468
24cz03	1	17	1	0	1.0000	0.0000	-1.0000	0.6588	NaN	NaN	NaN	757881.5806	757881.9370	0.0000	1.0000	0.4276
24cz03	1	17	1	0	2.0000	0.0000	1.0000	NaN	10.8924	11.5050	14.0998	757882.8916	757883.1937	1.0000	1.0000	0.0527
24cz03	1	18	1	0	1.0000	0.0000	1.0000	0.4817	NaN	NaN	NaN	757885.8033	757886.1576	1.0000	1.0000	0.0790
24cz03	1	18	1	0	2.0000	0.0000	1.0000	NaN	6.8140	8.0501	13.8169	757886.7801	757887.0822	1.0000	1.0000	0.0674
24cz03	1	19	1	0	1.0000	0.0000	1.0000	0.2588	NaN	NaN	NaN	757889.3322	757889.6866	0.0000	0.0000	0.5179
24cz03	1	19	1	0	2.0000	0.0000	-1.0000	NaN	4.8338	-3.5815	14.9801	757890.7315	757891.0337	1.0000	0.0000	0.0062
24cz03	1	20	1	0	1.0000	0.0000	1.0000	0.0570	NaN	NaN	NaN	757893.5518	757893.9070	1.0000	1.0000	0.4574
24cz03	1	20	1	0	2.0000	0.0000	1.0000	NaN	11.0430	11.1604	16.1168	757894.9076	757895.2098	1.0000	1.0000	0.0837
24cz03	1	21	1	0	1.0000	0.0000	-1.0000	0.4961	NaN	NaN	NaN	757897.3693	757897.7236	0.0000	1.0000	0.3219
24cz03	1	21	1	0	2.0000	0.0000	1.0000	NaN	3.1451	4.6108	14.8057	757898.5892	757898.8914	1.0000	1.0000	0.0982
24cz03	1	22	1	0	1.0000	0.0000	1.0000	0.4133	NaN	NaN	NaN	757901.3815	757901.7359	1.0000	1.0000	0.3090
24cz03	1	22	1	0	2.0000	0.0000	1.0000	NaN	3.2608	2.2742	16.8068	757902.5880	757902.8901	1.0000	1.0000	0.0184
24cz03	1	23	1	0	1.0000	0.0000	1.0000	0.5816	NaN	NaN	NaN	757905.1943	757905.5459	1.0000	1.0000	0.2426
24cz03	1	23	1	0	2.0000	0.0000	1.0000	NaN	6.0709	7.4101	14.5540	757906.3320	757906.6343	1.0000	1.0000	0.2269
24cz03	1	24	1	0	1.0000	0.0000	-1.0000	0.0296	NaN	NaN	NaN	757909.2467	757909.6620	1.0000	0.0000	0.2076
24cz03	1	24	1	0	2.0000	0.0000	-1.0000	NaN	1.5217	-2.4023	15.8408	757910.4213	757910.7250	0.0000	1.0000	0.1687
24cz03	1	25	1	0	1.0000	0.0000	1.0000	0.1766	NaN	NaN	NaN	757913.4378	757913.8646	0.0000	0.0000	0.4039
24cz03	1	25	1	0	2.0000	0.0000	-1.0000	NaN	6.7683	-7.6557	16.0810	757914.8260	757915.1308	1.0000	0.0000	0.0187
24cz03	1	26	1	0	1.0000	0.0000	1.0000	0.9768	NaN	NaN	NaN	757917.6143	757918.0439	1.0000	1.0000	0.0178
24cz03	1	26	1	0	2.0000	0.0000	1.0000	NaN	3.0831	2.3512	15.6755	757918.6127	757918.9176	1.0000	1.0000	0.2641
24cz03	1	27	1	0	1.0000	0.0000	-1.0000	0.1421	NaN	NaN	NaN	757921.5771	757921.9977	0.0000	1.0000	0.2391
24cz03	1	27	1	0	2.0000	0.0000	1.0000	NaN	2.8862	2.0935	15.0394	757922.7580	757923.0625	1.0000	1.0000	0.0063
24cz03	1	28	1	0	1.0000	0.0000	1.0000	0.7486	NaN	NaN	NaN	757925.0144	757925.4067	1.0000	1.0000	0.1428
24cz03	1	28	1	0	2.0000	0.0000	1.0000	NaN	3.3746	3.1520	14.5492	757926.0602	757926.3624	1.0000	1.0000	0.1956
24cz03	1	29	1	0	1.0000	0.0000	-1.0000	0.7476	NaN	NaN	NaN	757928.4173	757928.7721	0.0000	1.0000	0.3443
24cz03	1	29	1	0	2.0000	0.0000	1.0000	NaN	3.9252	2.3170	16.2285	757929.6603	757929.9625	1.0000	1.0000	0.0358
24cz03	1	30	1	0	1.0000	0.0000	-1.0000	0.6128	NaN	NaN	NaN	757932.3661	757932.7216	1.0000	0.0000	0.5563
24cz03	1	30	1	0	2.0000	0.0000	-1.0000	NaN	7.7202	-8.4186	15.6557	757933.8367	757934.1389	1.0000	0.0000	0.0061
24cz03	1	31	1	0	1.0000	0.0000	-1.0000	0.1514	NaN	NaN	NaN	757936.2225	757936.5747	0.0000	1.0000	0.3828
24cz03	1	31	1	0	2.0000	0.0000	1.0000	NaN	2.7616	5.0055	15.0014	757937.4994	757937.8027	1.0000	1.0000	0.0061
24cz03	1	32	1	0	1.0000	0.0000	-1.0000	0.9687	NaN	NaN	NaN	757940.2406	757940.5908	0.0000	1.0000	0.2861
24cz03	1	32	1	0	2.0000	0.0000	1.0000	NaN	0.8135	0.4548	16.6960	757941.4210	757941.7232	1.0000	1.0000	0.0663
24cz03	1	33	1	0	1.0000	0.0000	-1.0000	0.3183	NaN	NaN	NaN	757943.7742	757944.1243	0.0000	1.0000	0.6093
24cz03	1	33	1	0	2.0000	0.0000	1.0000	NaN	3.5282	4.1084	16.0593	757945.2606	757945.5628	0.0000	0.0000	0.0668
24cz03	1	34	1	0	1.0000	0.0000	1.0000	0.5831	NaN	NaN	NaN	757947.9527	757948.3056	1.0000	1.0000	0.2833
24cz03	1	34	1	0	2.0000	0.0000	1.0000	NaN	10.4566	7.5383	15.9762	757949.1152	757949.4180	1.0000	1.0000	0.0519
24cz03	1	35	1	0	1.0000	0.0000	-1.0000	0.2028	NaN	NaN	NaN	757951.9290	757952.2834	0.0000	1.0000	0.3690
24cz03	1	35	1	0	2.0000	0.0000	1.0000	NaN	1.8600	0.4835	13.9493	757953.1793	757953.4814	1.0000	1.0000	0.0362
24cz03	1	36	1	0	1.0000	0.0000	1.0000	0.5714	NaN	NaN	NaN	757955.7435	757956.1619	1.0000	1.0000	0.2510
24cz03	1	36	1	0	2.0000	0.0000	1.0000	NaN	2.9702	4.6336	15.8657	757956.9497	757957.2561	1.0000	1.0000	0.1963
24cz03	1	37	1	0	1.0000	0.0000	-1.0000	0.6130	NaN	NaN	NaN	757959.7328	757960.1584	0.0000	1.0000	0.5580
24cz03	1	37	1	0	2.0000	0.0000	1.0000	NaN	8.4313	8.9479	14.8524	757961.2404	757961.5451	1.0000	1.0000	0.0062
24cz03	1	38	1	0	1.0000	0.0000	1.0000	0.0491	NaN	NaN	NaN	757963.7038	757964.1250	0.0000	0.0000	0.3681
24cz03	1	38	1	0	2.0000	0.0000	-1.0000	NaN	1.2898	-0.2192	13.9309	757965.0454	757965.3512	1.0000	0.0000	0.0692
24cz03	1	39	1	0	1.0000	0.0000	1.0000	0.9713	NaN	NaN	NaN	757967.3024	757967.7237	1.0000	1.0000	0.2572
24cz03	1	39	1	0	2.0000	0.0000	1.0000	NaN	9.4461	9.2462	14.9828	757968.5162	757968.8221	1.0000	1.0000	0.2317
24cz03	1	40	1	0	1.0000	0.0000	1.0000	0.7666	NaN	NaN	NaN	757971.2673	757971.6778	1.0000	1.0000	0.2717
24cz03	1	40	1	0	2.0000	0.0000	1.0000	NaN	3.7464	2.6049	14.6669	757972.5053	757972.8098	1.0000	1.0000	0.2117
24cz03	1	41	1	0	1.0000	0.0000	1.0000	0.2694	NaN	NaN	NaN	757975.1074	757975.5276	0.0000	0.0000	0.4216
24cz03	1	41	1	0	2.0000	0.0000	-1.0000	NaN	3.0289	-2.6923	15.2792	757976.5049	757976.8094	1.0000	0.0000	0.0365
24cz03	1	42	1	0	1.0000	0.0000	-1.0000	0.6189	NaN	NaN	NaN	757979.3814	757979.7941	0.0000	1.0000	0.1883
24cz03	1	42	1	0	2.0000	0.0000	1.0000	NaN	4.9043	4.3211	14.0739	757980.5332	757980.8383	1.0000	1.0000	0.1501
24cz03	1	43	1	0	1.0000	0.0000	1.0000	0.4494	NaN	NaN	NaN	757983.5182	757983.9246	1.0000	1.0000	0.2968
24cz03	1	43	1	0	2.0000	0.0000	1.0000	NaN	2.5898	1.8163	13.0618	757984.7639	757985.0671	1.0000	1.0000	0.1933
24cz03	1	44	1	0	1.0000	0.0000	1.0000	0.3080	NaN	NaN	NaN	757987.3033	757987.6537	0.0000	0.0000	0.3751
24cz03	1	44	1	0	2.0000	0.0000	-1.0000	NaN	7.0826	-7.2046	14.9999	757988.5546	757988.8568	1.0000	0.0000	0.4528
24cz03	1	45	1	0	1.0000	0.0000	-1.0000	0.9175	NaN	NaN	NaN	757991.7471	757992.1021	0.0000	1.0000	0.2474
24cz03	1	45	1	0	2.0000	0.0000	1.0000	NaN	8.3527	8.9584	14.6252	757992.8923	757993.1945	1.0000	1.0000	0.0182
24cz03	1	46	1	0	1.0000	0.0000	1.0000	0.6879	NaN	NaN	NaN	757995.3873	757995.7380	1.0000	1.0000	0.2583
24cz03	1	46	1	0	2.0000	0.0000	1.0000	NaN	7.6495	7.2606	14.3858	757996.5246	757996.8268	1.0000	1.0000	0.0347
24cz03	1	47	1	0	1.0000	0.0000	1.0000	0.3335	NaN	NaN	NaN	757999.4783	757999.8350	1.0000	1.0000	0.4813
24cz03	1	47	1	0	2.0000	0.0000	1.0000	NaN	0.0007	2.5772	16.3156	758000.8277	758001.1300	1.0000	1.0000	0.1624
24cz03	1	48	1	0	1.0000	0.0000	-1.0000	0.8148	NaN	NaN	NaN	758003.8190	758004.2377	0.0000	1.0000	0.3186
24cz03	1	48	1	0	2.0000	0.0000	1.0000	NaN	8.1142	6.5908	17.2269	758005.0938	758005.3997	1.0000	1.0000	0.0062
24cz03	1	49	1	0	1.0000	0.0000	-1.0000	0.9082	NaN	NaN	NaN	758007.7373	758008.1593	0.0000	1.0000	0.1095
24cz03	1	49	1	0	2.0000	0.0000	1.0000	NaN	11.0972	12.5343	15.2633	758008.7891	758009.0936	1.0000	1.0000	0.0559
24cz03	1	50	1	0	1.0000	0.0000	1.0000	0.2085	NaN	NaN	NaN	758011.3443	758011.7358	1.0000	1.0000	0.2291
24cz03	1	50	1	0	2.0000	0.0000	1.0000	NaN	11.1066	9.3709	16.6598	758012.4918	758012.7941	1.0000	1.0000	0.0502
24cz03	2	1	1	0	1.0000	0.0000	1.0000	0.1251	NaN	NaN	NaN	758026.0665	758026.4183	1.0000	1.0000	0.4100
24cz03	2	1	1	0	2.0000	0.0000	1.0000	NaN	1.6653	2.3360	13.9544	758027.3244	758027.6267	1.0000	1.0000	0.2271
24cz03	2	2	1	0	1.0000	0.0000	1.0000	0.3188	NaN	NaN	NaN	758030.2884	758030.6397	1.0000	1.0000	0.3348
24cz03	2	2	1	0	2.0000	0.0000	1.0000	NaN	3.7770	4.5601	16.7888	758031.4834	758031.7856	1.0000	1.0000	0.2603
24cz03	2	3	1	0	1.0000	0.0000	-1.0000	0.0004	NaN	NaN	NaN	758034.1209	758034.4726	1.0000	0.0000	0.5157
24cz03	2	3	1	0	2.0000	0.0000	-1.0000	NaN	1.7848	-2.6491	14.2796	758035.5166	758035.8187	1.0000	0.0000	0.0667
24cz03	2	4	1	0	1.0000	0.0000	1.0000	0.9014	NaN	NaN	NaN	758038.1495	758038.5011	1.0000	1.0000	0.2636
24cz03	2	4	1	0	2.0000	0.0000	1.0000	NaN	2.3633	2.3524	14.6659	758039.2909	758039.5931	1.0000	1.0000	0.0832
24cz03	2	5	1	0	1.0000	0.0000	1.0000	0.3509	NaN	NaN	NaN	758041.6283	758041.9830	1.0000	1.0000	0.4299
24cz03	2	5	1	0	2.0000	0.0000	1.0000	NaN	6.1672	7.0406	14.5405	758042.9074	758043.2096	1.0000	1.0000	0.1787
24cz03	2	6	1	0	1.0000	0.0000	-1.0000	0.6831	NaN	NaN	NaN	758045.4558	758045.8121	0.0000	1.0000	0.2494
24cz03	2	6	1	0	2.0000	0.0000	1.0000	NaN	6.9410	7.0927	16.1052	758046.6041	758046.9063	1.0000	1.0000	0.0660
24cz03	2	7	1	0	1.0000	0.0000	1.0000	0.8055	NaN	NaN	NaN	758049.0658	758049.4855	1.0000	1.0000	0.0639
24cz03	2	7	1	0	2.0000	0.0000	1.0000	NaN	6.2051	7.0612	14.2453	758050.0863	758050.3909	1.0000	1.0000	0.1334
24cz03	2	8	1	0	1.0000	0.0000	1.0000	0.1670	NaN	NaN	NaN	758052.8053	758053.1950	1.0000	1.0000	0.4505
24cz03	2	8	1	0	2.0000	0.0000	1.0000	NaN	2.6225	2.3042	15.0172	758054.1718	758054.4739	1.0000	1.0000	0.0061
24cz03	2	9	1	0	1.0000	0.0000	1.0000	0.0008	NaN	NaN	NaN	758056.4282	758056.7822	0.0000	0.0000	0.4633
24cz03	2	9	1	0	2.0000	0.0000	-1.0000	NaN	9.6769	-11.2090	15.1988	758057.7882	758058.0903	1.0000	0.0000	0.0061
24cz03	2	10	1	0	1.0000	0.0000	-1.0000	0.6197	NaN	NaN	NaN	758060.1548	758060.5113	1.0000	0.0000	0.3825
24cz03	2	10	1	0	2.0000	0.0000	-1.0000	NaN	6.0306	-6.5645	14.0316	758061.4208	758061.7230	1.0000	0.0000	0.0333
24cz03	2	11	1	0	1.0000	0.0000	-1.0000	0.5102	NaN	NaN	NaN	758064.1404	758064.4942	1.0000	0.0000	0.3359
24cz03	2	11	1	0	2.0000	0.0000	-1.0000	NaN	0.6881	-0.6158	16.2070	758065.3559	758065.6582	1.0000	0.0000	0.0673
24cz03	2	12	1	0	1.0000	0.0000	1.0000	0.6079	NaN	NaN	NaN	758068.0715	758068.4276	1.0000	1.0000	0.2420
24cz03	2	12	1	0	2.0000	0.0000	1.0000	NaN	7.2863	7.8414	16.2070	758069.2122	758069.5144	1.0000	1.0000	0.1469
24cz03	2	13	1	0	1.0000	0.0000	-1.0000	0.7335	NaN	NaN	NaN	758071.5388	758071.8942	0.0000	1.0000	0.1836
24cz03	2	13	1	0	2.0000	0.0000	1.0000	NaN	2.2466	0.8694	15.6050	758072.6520	758072.9542	1.0000	1.0000	0.0192
24cz03	2	14	1	0	1.0000	0.0000	-1.0000	0.7696	NaN	NaN	NaN	758075.0833	758075.4343	1.0000	0.0000	0.3391
24cz03	2	14	1	0	2.0000	0.0000	-1.0000	NaN	3.7208	-4.5705	15.7020	758076.2830	758076.5852	1.0000	0.0000	0.0363
24cz03	2	15	1	0	1.0000	0.0000	1.0000	0.1137	NaN	NaN	NaN	758078.9723	758079.3269	0.0000	0.0000	0.4144
24cz03	2	15	1	0	2.0000	0.0000	-1.0000	NaN	7.2866	-7.0990	13.3625	758080.2993	758080.6015	1.0000	0.0000	0.0507
24cz03	2	16	1	0	1.0000	0.0000	1.0000	0.3495	NaN	NaN	NaN	758082.9283	758083.2821	1.0000	1.0000	0.2346
24cz03	2	16	1	0	2.0000	0.0000	1.0000	NaN	5.9551	3.6471	14.7079	758084.0587	758084.3619	1.0000	1.0000	0.1155
24cz03	2	17	1	0	1.0000	0.0000	-1.0000	0.6106	NaN	NaN	NaN	758086.6527	758087.0097	0.0000	1.0000	0.3635
24cz03	2	17	1	0	2.0000	0.0000	1.0000	NaN	7.6472	7.3729	15.8792	758087.9313	758088.2334	1.0000	1.0000	0.0061
24cz03	2	18	1	0	1.0000	0.0000	-1.0000	0.4527	NaN	NaN	NaN	758090.2042	758090.5598	0.0000	1.0000	0.2215
24cz03	2	18	1	0	2.0000	0.0000	1.0000	NaN	10.1441	9.3579	15.3874	758091.3237	758091.6259	1.0000	1.0000	0.0198
24cz03	2	19	1	0	1.0000	0.0000	-1.0000	0.0825	NaN	NaN	NaN	758093.7792	758094.1764	1.0000	0.0000	0.2850
24cz03	2	19	1	0	2.0000	0.0000	-1.0000	NaN	3.1174	-3.9395	15.0730	758095.0038	758095.3060	1.0000	0.0000	0.0182
24cz03	2	20	1	0	1.0000	0.0000	-1.0000	0.3501	NaN	NaN	NaN	758097.7663	758098.1165	0.0000	1.0000	0.3757
24cz03	2	20	1	0	2.0000	0.0000	1.0000	NaN	5.0626	7.2795	15.0968	758099.0360	758099.3381	1.0000	1.0000	0.0061
24cz03	2	21	1	0	1.0000	0.0000	1.0000	0.7945	NaN	NaN	NaN	758101.8956	758102.2479	1.0000	1.0000	0.2614
24cz03	2	21	1	0	2.0000	0.0000	1.0000	NaN	2.4777	0.8436	13.9790	758103.0686	758103.3708	1.0000	1.0000	0.0335
24cz03	2	22	1	0	1.0000	0.0000	-1.0000	0.3881	NaN	NaN	NaN	758105.5703	758105.9258	0.0000	1.0000	0.3111
24cz03	2	22	1	0	2.0000	0.0000	1.0000	NaN	3.9534	5.8465	14.9047	758106.7631	758107.0653	1.0000	1.0000	0.1002
24cz03	2	23	1	0	1.0000	0.0000	-1.0000	0.3675	NaN	NaN	NaN	758109.1072	758109.4629	0.0000	1.0000	0.3093
24cz03	2	23	1	0	2.0000	0.0000	1.0000	NaN	5.5203	5.1696	14.6098	758110.2987	758110.6009	1.0000	1.0000	0.0993
24cz03	2	24	1	0	1.0000	0.0000	1.0000	0.2635	NaN	NaN	NaN	758112.8700	758113.2254	1.0000	1.0000	0.1634
24cz03	2	24	1	0	2.0000	0.0000	1.0000	NaN	7.6098	9.4462	14.8227	758113.8986	758114.2008	1.0000	1.0000	0.0061
24cz03	2	25	1	0	1.0000	0.0000	-1.0000	0.7102	NaN	NaN	NaN	758116.5224	758116.8792	0.0000	1.0000	0.2382
24cz03	2	25	1	0	2.0000	0.0000	1.0000	NaN	4.7460	3.3871	15.3918	758117.6283	758117.9304	1.0000	1.0000	0.1949
24cz03	2	26	1	0	1.0000	0.0000	-1.0000	0.2323	NaN	NaN	NaN	758120.0347	758120.3917	0.0000	1.0000	0.3740
24cz03	2	26	1	0	2.0000	0.0000	1.0000	NaN	5.9938	6.3986	14.4281	758121.2914	758121.5946	1.0000	1.0000	0.1953
24cz03	2	27	1	0	1.0000	0.0000	1.0000	0.0198	NaN	NaN	NaN	758123.8742	758124.2286	0.0000	0.0000	0.4556
24cz03	2	27	1	0	2.0000	0.0000	-1.0000	NaN	3.0447	-3.7891	13.4905	758125.2121	758125.5142	1.0000	0.0000	0.0061
24cz03	2	28	1	0	1.0000	0.0000	-1.0000	0.0042	NaN	NaN	NaN	758128.0196	758128.3744	1.0000	0.0000	0.2796
24cz03	2	28	1	0	2.0000	0.0000	-1.0000	NaN	1.2357	-0.4347	14.7271	758129.1952	758129.4975	1.0000	0.0000	0.0839
24cz03	2	29	1	0	1.0000	0.0000	-1.0000	0.6720	NaN	NaN	NaN	758131.6900	758132.0451	0.0000	1.0000	0.4151
24cz03	2	29	1	0	2.0000	0.0000	1.0000	NaN	6.3580	4.2731	14.2705	758133.0029	758133.3051	1.0000	1.0000	0.0061
24cz03	2	30	1	0	1.0000	0.0000	1.0000	0.6629	NaN	NaN	NaN	758135.2461	758135.5979	1.0000	1.0000	0.1755
24cz03	2	30	1	0	2.0000	0.0000	1.0000	NaN	6.9507	5.5308	15.4160	758136.3000	758136.6022	1.0000	1.0000	0.0061
24cz03	2	31	1	0	1.0000	0.0000	-1.0000	0.8900	NaN	NaN	NaN	758139.1473	758139.5476	0.0000	1.0000	0.1623
24cz03	2	31	1	0	2.0000	0.0000	1.0000	NaN	4.2722	3.2601	13.7690	758140.2522	758140.5544	1.0000	1.0000	0.0348
24cz03	2	32	1	0	1.0000	0.0000	-1.0000	0.0372	NaN	NaN	NaN	758143.0972	758143.4477	1.0000	0.0000	0.4365
24cz03	2	32	1	0	2.0000	0.0000	-1.0000	NaN	0.7099	-0.5862	13.3871	758144.4129	758144.7151	0.0000	1.0000	0.0061
24cz03	2	33	1	0	1.0000	0.0000	1.0000	0.1312	NaN	NaN	NaN	758146.6112	758146.9623	1.0000	1.0000	0.2511
24cz03	2	33	1	0	2.0000	0.0000	1.0000	NaN	6.6934	6.0354	16.1115	758147.7546	758148.0575	1.0000	1.0000	0.0191
24cz03	2	34	1	0	1.0000	0.0000	-1.0000	0.0932	NaN	NaN	NaN	758150.5772	758150.9288	1.0000	0.0000	0.5074
24cz03	2	34	1	0	2.0000	0.0000	-1.0000	NaN	11.1701	-10.0513	15.1171	758151.9472	758152.2494	0.0000	1.0000	3.4114
24cz03	2	35	1	0	1.0000	0.0000	-1.0000	0.8695	NaN	NaN	NaN	758157.9530	758158.3062	0.0000	1.0000	0.2188
24cz03	2	35	1	0	2.0000	0.0000	1.0000	NaN	5.4993	6.9399	14.0982	758159.0840	758159.3863	1.0000	1.0000	0.1139
24cz03	2	36	1	0	1.0000	0.0000	1.0000	0.6813	NaN	NaN	NaN	758161.7601	758162.1116	1.0000	1.0000	0.2530
24cz03	2	36	1	0	2.0000	0.0000	1.0000	NaN	3.3454	3.7751	14.5050	758162.9078	758163.2100	1.0000	1.0000	0.3861
24cz03	2	37	1	0	1.0000	0.0000	-1.0000	0.6312	NaN	NaN	NaN	758165.9049	758166.2603	0.0000	1.0000	0.1682
24cz03	2	37	1	0	2.0000	0.0000	1.0000	NaN	1.9447	2.1776	13.8845	758166.9709	758167.2738	1.0000	1.0000	0.0984
24cz03	2	38	1	0	1.0000	0.0000	-1.0000	0.1367	NaN	NaN	NaN	758170.0065	758170.3598	0.0000	1.0000	0.3404
24cz03	2	38	1	0	2.0000	0.0000	1.0000	NaN	10.1355	9.2351	15.8866	758171.2431	758171.5453	1.0000	1.0000	0.1629
24cz03	2	39	1	0	1.0000	0.0000	-1.0000	0.0925	NaN	NaN	NaN	758173.8262	758174.1776	1.0000	0.0000	0.2828
24cz03	2	39	1	0	2.0000	0.0000	-1.0000	NaN	2.8782	-2.6884	14.9720	758175.0193	758175.3215	1.0000	0.0000	0.0506
24cz03	2	40	1	0	1.0000	0.0000	1.0000	0.0797	NaN	NaN	NaN	758177.6542	758178.0095	1.0000	1.0000	0.3396
24cz03	2	40	1	0	2.0000	0.0000	1.0000	NaN	8.6123	5.8000	14.4087	758178.8760	758179.1781	1.0000	1.0000	0.1145
24cz03	2	41	1	0	1.0000	0.0000	1.0000	0.8107	NaN	NaN	NaN	758181.1849	758181.5384	1.0000	1.0000	0.2189
24cz03	2	41	1	0	2.0000	0.0000	1.0000	NaN	2.5419	4.6707	15.3146	758182.3167	758182.6189	1.0000	1.0000	0.1624
24cz03	2	42	1	0	1.0000	0.0000	1.0000	0.1005	NaN	NaN	NaN	758184.8744	758185.2824	0.0000	0.0000	0.4264
24cz03	2	42	1	0	2.0000	0.0000	-1.0000	NaN	7.5065	-8.1500	14.9747	758186.2997	758186.6019	0.0000	1.0000	0.0061
24cz03	2	43	1	0	1.0000	0.0000	1.0000	0.9000	NaN	NaN	NaN	758188.6876	758189.0422	1.0000	1.0000	0.2023
24cz03	2	43	1	0	2.0000	0.0000	1.0000	NaN	10.1765	9.9252	13.2587	758189.7867	758190.0898	1.0000	1.0000	0.1314
24cz03	2	44	1	0	1.0000	0.0000	-1.0000	0.5881	NaN	NaN	NaN	758192.2200	758192.5754	0.0000	1.0000	0.2374
24cz03	2	44	1	0	2.0000	0.0000	1.0000	NaN	5.6510	5.0711	14.3686	758193.3394	758193.6416	1.0000	1.0000	0.0681
24cz03	2	45	1	0	1.0000	0.0000	1.0000	0.2195	NaN	NaN	NaN	758196.1421	758196.4931	1.0000	1.0000	0.3190
24cz03	2	45	1	0	2.0000	0.0000	1.0000	NaN	6.7057	6.1857	15.4466	758197.3560	758197.6582	1.0000	1.0000	0.1779
24cz03	2	46	1	0	1.0000	0.0000	-1.0000	0.4359	NaN	NaN	NaN	758200.0039	758200.3583	0.0000	1.0000	0.2788
24cz03	2	46	1	0	2.0000	0.0000	1.0000	NaN	8.2708	7.6273	14.3690	758201.1958	758201.4980	1.0000	1.0000	0.0352
24cz03	2	47	1	0	1.0000	0.0000	-1.0000	0.4538	NaN	NaN	NaN	758203.6232	758203.9761	0.0000	1.0000	0.3727
24cz03	2	47	1	0	2.0000	0.0000	1.0000	NaN	10.8755	11.9059	15.1394	758204.8913	758205.1936	1.0000	1.0000	0.0836
24cz03	2	48	1	0	1.0000	0.0000	1.0000	0.9119	NaN	NaN	NaN	758207.8354	758208.1914	1.0000	1.0000	0.1733
24cz03	2	48	1	0	2.0000	0.0000	1.0000	NaN	0.4028	0.9653	15.0573	758208.9243	758209.2265	0.0000	0.0000	0.2430
24cz03	2	49	1	0	1.0000	0.0000	-1.0000	0.7804	NaN	NaN	NaN	758211.6432	758211.9942	1.0000	0.0000	0.4510
24cz03	2	49	1	0	2.0000	0.0000	-1.0000	NaN	10.9904	-11.2241	14.3508	758213.0033	758213.3066	0.0000	1.0000	0.0182
24cz03	2	50	1	0	1.0000	0.0000	-1.0000	0.9383	NaN	NaN	NaN	758215.6327	758215.9867	0.0000	1.0000	0.2341
24cz03	2	50	1	0	2.0000	0.0000	1.0000	NaN	7.0396	8.0500	15.0779	758216.7799	758217.0821	1.0000	1.0000	0.0500
24cz03	3	1	1	0	1.0000	0.0000	-1.0000	0.1292	NaN	NaN	NaN	758287.7609	758288.1499	0.0000	1.0000	0.4548
24cz03	3	1	1	0	2.0000	0.0000	1.0000	NaN	5.8555	5.9483	15.2640	758289.1145	758289.4172	1.0000	1.0000	0.0361
24cz03	3	2	1	0	1.0000	0.0000	-1.0000	0.2840	NaN	NaN	NaN	758291.6201	758291.9926	1.0000	0.0000	0.4848
24cz03	3	2	1	0	2.0000	0.0000	-1.0000	NaN	1.7690	-4.0928	16.5504	758292.9873	758293.2894	1.0000	0.0000	0.1158
24cz03	3	3	1	0	1.0000	0.0000	-1.0000	0.7911	NaN	NaN	NaN	758295.6649	758296.0202	0.0000	1.0000	0.2009
24cz03	3	3	1	0	2.0000	0.0000	1.0000	NaN	1.2792	0.3208	15.8557	758296.7466	758297.0487	1.0000	1.0000	0.1633
24cz03	3	4	1	0	1.0000	0.0000	1.0000	0.9649	NaN	NaN	NaN	758299.5960	758299.9533	1.0000	1.0000	0.2356
24cz03	3	4	1	0	2.0000	0.0000	1.0000	NaN	0.8703	0.9534	15.2957	758300.7319	758301.0354	1.0000	1.0000	0.4337
24cz03	3	5	1	0	1.0000	0.0000	1.0000	0.1979	NaN	NaN	NaN	758303.7196	758304.0711	1.0000	1.0000	0.5009
24cz03	3	5	1	0	2.0000	0.0000	1.0000	NaN	6.9620	8.0333	14.0031	758305.0686	758305.3708	0.0000	0.0000	0.0061
24cz03	3	6	1	0	1.0000	0.0000	-1.0000	0.2133	NaN	NaN	NaN	758307.7573	758308.1088	0.0000	1.0000	0.3192
24cz03	3	6	1	0	2.0000	0.0000	1.0000	NaN	0.8638	1.9538	14.5599	758308.9713	758309.2735	1.0000	1.0000	0.0677
24cz03	3	7	1	0	1.0000	0.0000	-1.0000	0.0194	NaN	NaN	NaN	758311.4183	758311.7707	0.0000	1.0000	0.4190
24cz03	3	7	1	0	2.0000	0.0000	1.0000	NaN	4.5372	4.2283	16.0186	758312.7153	758313.0182	1.0000	1.0000	0.0670
24cz03	3	8	1	0	1.0000	0.0000	1.0000	0.8339	NaN	NaN	NaN	758315.4111	758315.7651	0.0000	0.0000	0.3589
24cz03	3	8	1	0	2.0000	0.0000	-1.0000	NaN	11.2117	-11.2159	13.6125	758316.6674	758316.9696	1.0000	0.0000	0.1796
24cz03	3	9	1	0	1.0000	0.0000	-1.0000	0.3132	NaN	NaN	NaN	758319.6302	758319.9855	0.0000	1.0000	0.3305
24cz03	3	9	1	0	2.0000	0.0000	1.0000	NaN	6.5851	6.3779	14.5474	758320.8270	758321.1292	1.0000	1.0000	0.2437
24cz03	3	10	1	0	1.0000	0.0000	1.0000	0.9144	NaN	NaN	NaN	758323.7472	758324.1022	1.0000	1.0000	0.2458
24cz03	3	10	1	0	2.0000	0.0000	1.0000	NaN	10.8722	12.0006	14.8532	758324.9243	758325.2265	1.0000	1.0000	0.1953
24cz03	3	11	1	0	1.0000	0.0000	-1.0000	0.7998	NaN	NaN	NaN	758327.7698	758328.1216	0.0000	1.0000	0.1956
24cz03	3	11	1	0	2.0000	0.0000	1.0000	NaN	3.7167	3.0477	16.2207	758328.8264	758329.1287	1.0000	1.0000	0.1485
24cz03	3	12	1	0	1.0000	0.0000	1.0000	0.6255	NaN	NaN	NaN	758331.4777	758331.8309	1.0000	1.0000	0.3260
24cz03	3	12	1	0	2.0000	0.0000	1.0000	NaN	3.8099	1.9186	14.9651	758332.6848	758332.9870	1.0000	1.0000	0.1620
24cz03	3	13	1	0	1.0000	0.0000	-1.0000	0.1085	NaN	NaN	NaN	758335.5427	758335.8974	0.0000	1.0000	0.4037
24cz03	3	13	1	0	2.0000	0.0000	1.0000	NaN	9.2260	10.1846	14.7359	758336.8104	758337.1127	1.0000	1.0000	0.1481
24cz03	3	14	1	0	1.0000	0.0000	1.0000	0.9384	NaN	NaN	NaN	758339.7520	758340.1405	1.0000	1.0000	0.2074
24cz03	3	14	1	0	2.0000	0.0000	1.0000	NaN	3.3136	1.5041	15.2654	758340.9299	758341.2364	1.0000	1.0000	0.3448
24cz03	3	15	1	0	1.0000	0.0000	1.0000	0.3495	NaN	NaN	NaN	758343.5848	758343.9806	1.0000	1.0000	0.2881
24cz03	3	15	1	0	2.0000	0.0000	1.0000	NaN	5.8769	5.5679	14.5343	758344.8272	758345.1294	1.0000	1.0000	0.2276
24cz03	3	16	1	0	1.0000	0.0000	1.0000	0.9737	NaN	NaN	NaN	758347.6253	758347.9801	1.0000	1.0000	0.2239
24cz03	3	16	1	0	2.0000	0.0000	1.0000	NaN	9.4308	7.4380	15.9810	758348.7790	758349.0822	1.0000	1.0000	0.0664
24cz03	3	17	1	0	1.0000	0.0000	-1.0000	0.3944	NaN	NaN	NaN	758351.5493	758351.9020	0.0000	1.0000	0.3345
24cz03	3	17	1	0	2.0000	0.0000	1.0000	NaN	1.1980	1.0823	14.9553	758352.7471	758353.0496	1.0000	1.0000	0.0183
24cz03	3	18	1	0	1.0000	0.0000	1.0000	0.0777	NaN	NaN	NaN	758355.3676	758355.7185	1.0000	1.0000	0.3747
24cz03	3	18	1	0	2.0000	0.0000	1.0000	NaN	1.7430	2.1376	16.2753	758356.6346	758356.9367	1.0000	1.0000	0.2444
24cz03	3	19	1	0	1.0000	0.0000	1.0000	0.7535	NaN	NaN	NaN	758359.6409	758359.9962	1.0000	1.0000	0.2877
24cz03	3	19	1	0	2.0000	0.0000	1.0000	NaN	8.3121	8.1391	15.4618	758360.8112	758361.1139	1.0000	1.0000	0.0512
24cz03	3	20	1	0	1.0000	0.0000	-1.0000	0.3489	NaN	NaN	NaN	758363.3088	758363.6626	0.0000	1.0000	0.3500
24cz03	3	20	1	0	2.0000	0.0000	1.0000	NaN	5.2552	4.8569	15.9655	758364.5235	758364.8258	1.0000	1.0000	0.1786
24cz03	3	21	1	0	1.0000	0.0000	-1.0000	0.2930	NaN	NaN	NaN	758366.8209	758367.1729	1.0000	0.0000	0.5683
24cz03	3	21	1	0	2.0000	0.0000	-1.0000	NaN	11.0505	-11.8458	15.9039	758368.2508	758368.5530	0.0000	1.0000	0.0364
24cz03	3	22	1	0	1.0000	0.0000	-1.0000	0.3861	NaN	NaN	NaN	758371.0496	758371.4011	0.0000	1.0000	0.5160
24cz03	3	22	1	0	2.0000	0.0000	1.0000	NaN	6.7904	5.4562	14.2023	758372.4592	758372.7615	1.0000	1.0000	0.1624
24cz03	3	23	1	0	1.0000	0.0000	1.0000	0.4232	NaN	NaN	NaN	758375.2166	758375.5675	1.0000	1.0000	0.2055
24cz03	3	23	1	0	2.0000	0.0000	1.0000	NaN	1.0808	1.1312	14.2414	758376.3158	758376.6180	1.0000	1.0000	0.3233
24cz03	3	24	1	0	1.0000	0.0000	1.0000	0.1375	NaN	NaN	NaN	758379.5727	758379.9287	1.0000	1.0000	0.3716
24cz03	3	24	1	0	2.0000	0.0000	1.0000	NaN	10.8184	13.6115	14.1441	758380.8270	758381.1298	1.0000	1.0000	0.1636
24cz03	3	25	1	0	1.0000	0.0000	-1.0000	0.8594	NaN	NaN	NaN	758383.6436	758383.9991	0.0000	1.0000	0.1576
24cz03	3	25	1	0	2.0000	0.0000	1.0000	NaN	5.0469	7.8016	14.4405	758384.6832	758384.9854	1.0000	1.0000	0.1465
24cz03	3	26	1	0	1.0000	0.0000	1.0000	0.7570	NaN	NaN	NaN	758387.2333	758387.6390	1.0000	1.0000	0.1330
24cz03	3	26	1	0	2.0000	0.0000	1.0000	NaN	10.2706	11.2740	15.6999	758388.3362	758388.6401	1.0000	1.0000	0.1570
24cz03	3	27	1	0	1.0000	0.0000	-1.0000	0.1155	NaN	NaN	NaN	758390.9755	758391.3888	1.0000	0.0000	0.4161
24cz03	3	27	1	0	2.0000	0.0000	-1.0000	NaN	10.2834	-8.7488	15.3723	758392.3204	758392.6241	0.0000	1.0000	0.1719
24cz03	3	28	1	0	1.0000	0.0000	-1.0000	0.5431	NaN	NaN	NaN	758395.4021	758395.8232	1.0000	0.0000	0.2847
24cz03	3	28	1	0	2.0000	0.0000	-1.0000	NaN	5.4594	-5.7800	14.5501	758396.6614	758396.9673	1.0000	0.0000	0.4211
24cz03	3	29	1	0	1.0000	0.0000	1.0000	0.7856	NaN	NaN	NaN	758399.6030	758400.0230	1.0000	1.0000	0.2289
24cz03	3	29	1	0	2.0000	0.0000	1.0000	NaN	7.8031	8.1205	17.6506	758400.7717	758401.0761	1.0000	1.0000	0.2169
24cz03	3	30	1	0	1.0000	0.0000	-1.0000	0.2150	NaN	NaN	NaN	758403.8242	758404.2396	0.0000	1.0000	0.3655
24cz03	3	30	1	0	2.0000	0.0000	1.0000	NaN	10.2174	10.4750	15.5085	758405.1101	758405.4168	1.0000	1.0000	0.1808
24cz03	3	31	1	0	1.0000	0.0000	1.0000	0.1995	NaN	NaN	NaN	758407.5687	758407.9659	1.0000	1.0000	0.2060
24cz03	3	31	1	0	2.0000	0.0000	1.0000	NaN	3.6641	5.9488	14.5447	758408.6829	758408.9851	1.0000	1.0000	0.2279
24cz03	3	32	1	0	1.0000	0.0000	-1.0000	0.2981	NaN	NaN	NaN	758411.3567	758411.7103	0.0000	1.0000	0.5749
24cz03	3	32	1	0	2.0000	0.0000	1.0000	NaN	0.9651	1.6511	15.0715	758412.8275	758413.1299	1.0000	1.0000	0.0060
24cz03	3	33	1	0	1.0000	0.0000	-1.0000	0.5041	NaN	NaN	NaN	758415.5930	758415.9475	1.0000	0.0000	0.4975
24cz03	3	33	1	0	2.0000	0.0000	-1.0000	NaN	7.2222	-7.6179	15.5198	758416.9713	758417.2735	1.0000	0.0000	0.3069
24cz03	3	34	1	0	1.0000	0.0000	-1.0000	0.5756	NaN	NaN	NaN	758419.3517	758419.7033	0.0000	1.0000	0.5174
24cz03	3	34	1	0	2.0000	0.0000	1.0000	NaN	0.7337	0.7492	14.6487	758420.7472	758421.0494	0.0000	0.0000	0.0061
24cz03	3	35	1	0	1.0000	0.0000	-1.0000	0.9141	NaN	NaN	NaN	758423.0372	758423.3931	0.0000	1.0000	0.5075
24cz03	3	35	1	0	2.0000	0.0000	1.0000	NaN	3.6962	4.5850	15.2609	758424.4590	758424.7626	1.0000	1.0000	0.0184
24cz03	3	36	1	0	1.0000	0.0000	1.0000	0.1829	NaN	NaN	NaN	758426.9230	758427.2763	1.0000	1.0000	0.2556
24cz03	3	36	1	0	2.0000	0.0000	1.0000	NaN	1.6424	2.9807	14.3125	758428.0750	758428.3783	1.0000	1.0000	0.1467
24cz03	3	37	1	0	1.0000	0.0000	1.0000	0.1697	NaN	NaN	NaN	758430.6324	758430.9830	1.0000	1.0000	2.7889
24cz03	3	37	1	0	2.0000	0.0000	1.0000	NaN	0.8332	0.7924	15.9401	758434.2677	758434.5722	1.0000	1.0000	0.4328
24cz03	3	38	1	0	1.0000	0.0000	1.0000	0.7425	NaN	NaN	NaN	758437.3009	758437.7211	1.0000	1.0000	0.1633
24cz03	3	38	1	0	2.0000	0.0000	1.0000	NaN	10.0647	10.9525	15.2785	758438.4342	758438.7383	1.0000	1.0000	0.5547
24cz03	3	39	1	0	1.0000	0.0000	1.0000	0.0903	NaN	NaN	NaN	758441.5532	758441.9422	1.0000	1.0000	0.4226
24cz03	3	39	1	0	2.0000	0.0000	1.0000	NaN	4.6904	4.1147	15.0220	758442.8909	758443.1942	1.0000	1.0000	0.0992
24cz03	3	40	1	0	1.0000	0.0000	1.0000	0.2719	NaN	NaN	NaN	758445.1109	758445.4640	1.0000	1.0000	0.3884
24cz03	3	40	1	0	2.0000	0.0000	1.0000	NaN	3.6088	4.5332	15.1488	758446.3467	758446.6489	1.0000	1.0000	0.2429
24cz03	3	41	1	0	1.0000	0.0000	-1.0000	0.0843	NaN	NaN	NaN	758449.4789	758449.8305	1.0000	0.0000	0.5022
24cz03	3	41	1	0	2.0000	0.0000	-1.0000	NaN	9.8438	-10.6204	14.6458	758450.8583	758451.1614	1.0000	0.0000	0.1642
24cz03	3	42	1	0	1.0000	0.0000	-1.0000	0.3527	NaN	NaN	NaN	758453.3437	758453.6969	0.0000	1.0000	0.8109
24cz03	3	42	1	0	2.0000	0.0000	1.0000	NaN	8.3651	8.5433	14.4079	758455.0197	758455.3220	1.0000	1.0000	0.0978
24cz03	3	43	1	0	1.0000	0.0000	1.0000	0.7849	NaN	NaN	NaN	758457.5537	758457.9079	1.0000	1.0000	0.2170
24cz03	3	43	1	0	2.0000	0.0000	1.0000	NaN	6.7547	5.2934	14.8371	758458.6845	758458.9867	1.0000	1.0000	0.1612
24cz03	3	44	1	0	1.0000	0.0000	-1.0000	0.8505	NaN	NaN	NaN	758460.9662	758461.3183	0.0000	1.0000	0.4705
24cz03	3	44	1	0	2.0000	0.0000	1.0000	NaN	10.9237	9.6451	14.1039	758462.3467	758462.6488	1.0000	1.0000	0.0061
24cz03	3	45	1	0	1.0000	0.0000	1.0000	0.8102	NaN	NaN	NaN	758464.5901	758464.9450	1.0000	1.0000	0.2515
24cz03	3	45	1	0	2.0000	0.0000	1.0000	NaN	7.1088	7.3017	15.4966	758465.7065	758466.0099	1.0000	1.0000	0.2751
24cz03	3	46	1	0	1.0000	0.0000	1.0000	0.0169	NaN	NaN	NaN	758468.4104	758468.7628	0.0000	0.0000	0.7056
24cz03	3	46	1	0	2.0000	0.0000	-1.0000	NaN	7.9748	-9.1533	13.9483	758470.0279	758470.3302	1.0000	0.0000	0.0508
24cz03	3	47	1	0	1.0000	0.0000	1.0000	0.7014	NaN	NaN	NaN	758472.7647	758473.1174	1.0000	1.0000	0.2225
24cz03	3	47	1	0	2.0000	0.0000	1.0000	NaN	4.1766	5.4140	15.5766	758473.8848	758474.1870	1.0000	1.0000	0.2248
24cz03	3	48	1	0	1.0000	0.0000	-1.0000	0.2122	NaN	NaN	NaN	758476.9549	758477.3112	0.0000	1.0000	0.3966
24cz03	3	48	1	0	2.0000	0.0000	1.0000	NaN	3.7068	4.1370	13.6069	758478.2352	758478.5375	1.0000	1.0000	0.1624
24cz03	3	49	1	0	1.0000	0.0000	1.0000	0.0147	NaN	NaN	NaN	758480.7025	758481.1175	1.0000	1.0000	0.3198
24cz03	3	49	1	0	2.0000	0.0000	1.0000	NaN	5.3159	3.1086	14.9911	758481.9858	758482.2897	1.0000	1.0000	0.2341
24cz03	3	50	1	0	1.0000	0.0000	1.0000	0.0418	NaN	NaN	NaN	758484.7466	758485.1515	0.0000	0.0000	0.2843
24cz03	3	50	1	0	2.0000	0.0000	-1.0000	NaN	8.4735	-6.3701	13.8121	758485.9864	758486.2908	1.0000	0.0000	0.1062
24cz03	4	1	1	0	1.0000	0.0000	-1.0000	0.5167	NaN	NaN	NaN	758542.6788	758543.0996	0.0000	1.0000	0.1768
24cz03	4	1	1	0	2.0000	0.0000	1.0000	NaN	11.1920	10.8881	15.0522	758543.8620	758544.1668	1.0000	1.0000	0.0221
24cz03	4	2	1	0	1.0000	0.0000	1.0000	0.1949	NaN	NaN	NaN	758546.7637	758547.1828	1.0000	1.0000	0.1253
24cz03	4	2	1	0	2.0000	0.0000	1.0000	NaN	4.6279	4.6971	16.0889	758547.8457	758548.1507	1.0000	1.0000	0.1651
24cz03	4	3	1	0	1.0000	0.0000	-1.0000	0.2644	NaN	NaN	NaN	758550.6124	758551.0327	0.0000	1.0000	0.1797
24cz03	4	3	1	0	2.0000	0.0000	1.0000	NaN	10.5142	10.6205	15.9061	758551.7951	758552.0997	0.0000	0.0000	0.0411
24cz03	4	4	1	0	1.0000	0.0000	-1.0000	0.3725	NaN	NaN	NaN	758554.4870	758554.8985	0.0000	1.0000	0.2818
24cz03	4	4	1	0	2.0000	0.0000	1.0000	NaN	7.5188	8.3696	15.4973	758555.7470	758556.0514	1.0000	1.0000	0.0061
24cz03	4	5	1	0	1.0000	0.0000	1.0000	0.6197	NaN	NaN	NaN	758558.4352	758558.8484	1.0000	1.0000	0.1406
24cz03	4	5	1	0	2.0000	0.0000	1.0000	NaN	2.3833	4.6356	15.1018	758559.5262	758559.8308	1.0000	1.0000	0.0061
24cz03	4	6	1	0	1.0000	0.0000	-1.0000	0.9912	NaN	NaN	NaN	758562.0178	758562.4315	0.0000	1.0000	0.2209
24cz03	4	6	1	0	2.0000	0.0000	1.0000	NaN	0.2687	0.8984	15.1648	758563.2197	758563.5256	1.0000	1.0000	0.2635
24cz03	4	7	1	0	1.0000	0.0000	1.0000	0.0754	NaN	NaN	NaN	758566.1331	758566.5474	1.0000	1.0000	0.1843
24cz03	4	7	1	0	2.0000	0.0000	1.0000	NaN	8.2061	7.6794	15.6144	758567.2685	758567.5752	1.0000	1.0000	0.0525
24cz03	4	8	1	0	1.0000	0.0000	-1.0000	0.5883	NaN	NaN	NaN	758569.5988	758570.0095	0.0000	1.0000	0.1142
24cz03	4	8	1	0	2.0000	0.0000	1.0000	NaN	2.3861	2.1471	13.4552	758570.6666	758570.9688	1.0000	1.0000	0.1789
24cz03	4	9	1	0	1.0000	0.0000	-1.0000	0.3192	NaN	NaN	NaN	758573.1156	758573.5304	1.0000	0.0000	0.2579
24cz03	4	9	1	0	2.0000	0.0000	-1.0000	NaN	7.3148	-7.9943	16.3487	758574.3415	758574.6457	0.0000	1.0000	0.1980
24cz03	4	10	1	0	1.0000	0.0000	-1.0000	0.1771	NaN	NaN	NaN	758577.2984	758577.7135	1.0000	0.0000	0.3462
24cz03	4	10	1	0	2.0000	0.0000	-1.0000	NaN	8.8783	-9.9802	14.1932	758578.6107	758578.9149	1.0000	0.0000	0.7771
24cz03	4	11	1	0	1.0000	0.0000	1.0000	0.2945	NaN	NaN	NaN	758582.2288	758582.6238	1.0000	1.0000	0.4131
24cz03	4	11	1	0	2.0000	0.0000	1.0000	NaN	8.7433	9.7901	13.7200	758583.5790	758583.8812	1.0000	1.0000	0.2755
24cz03	4	12	1	0	1.0000	0.0000	-1.0000	0.7433	NaN	NaN	NaN	758586.6237	758586.9754	0.0000	1.0000	0.4763
24cz03	4	12	1	0	2.0000	0.0000	1.0000	NaN	9.0926	9.5882	13.3304	758587.9950	758588.2972	1.0000	1.0000	0.1474
24cz03	4	13	1	0	1.0000	0.0000	1.0000	0.7288	NaN	NaN	NaN	758590.4225	758590.7733	1.0000	1.0000	0.2636
24cz03	4	13	1	0	2.0000	0.0000	1.0000	NaN	5.3955	5.5788	16.6206	758591.5960	758591.8983	1.0000	1.0000	0.1774
24cz03	4	14	1	0	1.0000	0.0000	1.0000	0.6965	NaN	NaN	NaN	758594.5437	758594.8946	1.0000	1.0000	0.1898
24cz03	4	14	1	0	2.0000	0.0000	1.0000	NaN	2.9185	2.8275	14.4636	758595.6440	758595.9461	1.0000	1.0000	0.3855
24cz03	4	15	1	0	1.0000	0.0000	1.0000	0.6385	NaN	NaN	NaN	758598.1815	758598.5386	1.0000	1.0000	0.2737
24cz03	4	15	1	0	2.0000	0.0000	1.0000	NaN	6.0569	6.2901	14.4148	758599.3383	758599.6404	1.0000	1.0000	0.1971
24cz03	4	16	1	0	1.0000	0.0000	1.0000	0.2358	NaN	NaN	NaN	758601.6547	758602.0062	0.0000	0.0000	0.4225
24cz03	4	16	1	0	2.0000	0.0000	-1.0000	NaN	10.8927	-10.9271	15.2500	758602.9879	758603.2901	1.0000	0.0000	0.0189
24cz03	4	17	1	0	1.0000	0.0000	-1.0000	0.3403	NaN	NaN	NaN	758605.5890	758605.9412	1.0000	0.0000	0.4384
24cz03	4	17	1	0	2.0000	0.0000	-1.0000	NaN	9.4174	-11.5169	15.3189	758606.9067	758607.2090	1.0000	0.0000	0.3067
24cz03	4	18	1	0	1.0000	0.0000	1.0000	0.0412	NaN	NaN	NaN	758609.7921	758610.1436	0.0000	0.0000	0.6688
24cz03	4	18	1	0	2.0000	0.0000	-1.0000	NaN	1.9846	-1.1729	14.1896	758611.3548	758611.6570	1.0000	0.0000	0.0844
24cz03	4	19	1	0	1.0000	0.0000	1.0000	0.7203	NaN	NaN	NaN	758614.0325	758614.3877	1.0000	1.0000	0.3131
24cz03	4	19	1	0	2.0000	0.0000	1.0000	NaN	6.3990	5.4433	14.0943	758615.2603	758615.5624	1.0000	1.0000	0.1789
24cz03	4	20	1	0	1.0000	0.0000	1.0000	0.7321	NaN	NaN	NaN	758617.7145	758618.0708	1.0000	1.0000	0.6129
24cz03	4	20	1	0	2.0000	0.0000	1.0000	NaN	8.7058	8.6872	15.9925	758619.2113	758619.5136	1.0000	1.0000	0.2421
24cz03	4	21	1	0	1.0000	0.0000	1.0000	0.0810	NaN	NaN	NaN	758622.1509	758622.5604	0.0000	0.0000	0.6844
24cz03	4	21	1	0	2.0000	0.0000	-1.0000	NaN	0.2648	-1.0043	14.1814	758623.7911	758624.0948	1.0000	0.0000	0.0062
24cz03	4	22	1	0	1.0000	0.0000	1.0000	0.9288	NaN	NaN	NaN	758626.3163	758626.7420	1.0000	1.0000	0.2945
24cz03	4	22	1	0	2.0000	0.0000	1.0000	NaN	2.4229	1.0068	14.9171	758627.6069	758627.9117	1.0000	1.0000	0.1320
24cz03	4	23	1	0	1.0000	0.0000	-1.0000	0.5217	NaN	NaN	NaN	758630.5629	758630.9771	0.0000	1.0000	0.4265
24cz03	4	23	1	0	2.0000	0.0000	1.0000	NaN	5.9496	4.0879	14.3235	758631.9620	758632.2643	1.0000	1.0000	0.2114
24cz03	4	24	1	0	1.0000	0.0000	1.0000	0.6579	NaN	NaN	NaN	758634.5666	758634.9212	1.0000	1.0000	0.2596
24cz03	4	24	1	0	2.0000	0.0000	1.0000	NaN	6.1436	5.7752	15.4333	758635.7546	758636.0568	1.0000	1.0000	0.1952
24cz03	4	25	1	0	1.0000	0.0000	-1.0000	0.0849	NaN	NaN	NaN	758638.6423	758638.9990	1.0000	0.0000	0.4058
24cz03	4	25	1	0	2.0000	0.0000	-1.0000	NaN	11.1201	-11.2135	14.0850	758639.9782	758640.2805	1.0000	0.0000	0.0351
24cz03	4	26	1	0	1.0000	0.0000	1.0000	0.0801	NaN	NaN	NaN	758642.5170	758642.8708	1.0000	1.0000	0.4049
24cz03	4	26	1	0	2.0000	0.0000	1.0000	NaN	11.0461	12.6073	14.2262	758643.8513	758644.1535	1.0000	1.0000	0.0345
24cz03	4	27	1	0	1.0000	0.0000	1.0000	0.6008	NaN	NaN	NaN	758646.5714	758646.9223	1.0000	1.0000	0.4025
24cz03	4	27	1	0	2.0000	0.0000	1.0000	NaN	3.5686	2.9954	14.6342	758647.8681	758648.1703	1.0000	1.0000	0.2577
24cz03	4	28	1	0	1.0000	0.0000	1.0000	0.1559	NaN	NaN	NaN	758650.3360	758650.6870	1.0000	1.0000	0.3172
24cz03	4	28	1	0	2.0000	0.0000	1.0000	NaN	2.1780	2.8934	14.8938	758651.5626	758651.8648	1.0000	1.0000	0.2594
24cz03	4	29	1	0	1.0000	0.0000	-1.0000	0.3371	NaN	NaN	NaN	758654.4838	758654.8368	0.0000	1.0000	0.6480
24cz03	4	29	1	0	2.0000	0.0000	1.0000	NaN	5.4015	4.5985	13.5588	758656.0105	758656.3127	1.0000	1.0000	0.0061
24cz03	4	30	1	0	1.0000	0.0000	1.0000	0.7840	NaN	NaN	NaN	758658.8595	758659.2145	1.0000	1.0000	0.2224
24cz03	4	30	1	0	2.0000	0.0000	1.0000	NaN	1.3632	1.3757	14.4259	758659.9950	758660.2972	1.0000	1.0000	0.1464
24cz03	4	31	1	0	1.0000	0.0000	-1.0000	0.9868	NaN	NaN	NaN	758662.5610	758662.9185	0.0000	1.0000	0.2297
24cz03	4	31	1	0	2.0000	0.0000	1.0000	NaN	2.0187	1.6736	15.1635	758663.6744	758663.9767	1.0000	1.0000	0.0061
24cz03	4	32	1	0	1.0000	0.0000	1.0000	0.5699	NaN	NaN	NaN	758666.1130	758666.4684	1.0000	1.0000	0.1843
24cz03	4	32	1	0	2.0000	0.0000	1.0000	NaN	7.8261	6.7982	14.8590	758667.1948	758667.4970	1.0000	1.0000	0.2274
24cz03	4	33	1	0	1.0000	0.0000	1.0000	0.1316	NaN	NaN	NaN	758670.2235	758670.6407	1.0000	1.0000	0.1869
24cz03	4	33	1	0	2.0000	0.0000	1.0000	NaN	10.6481	11.1647	15.1555	758671.3951	758671.7031	1.0000	1.0000	0.1177
24cz03	4	34	1	0	1.0000	0.0000	-1.0000	0.4374	NaN	NaN	NaN	758673.7663	758674.1525	0.0000	1.0000	0.3396
24cz03	4	34	1	0	2.0000	0.0000	1.0000	NaN	2.3411	1.8595	14.7575	758675.0345	758675.3368	1.0000	1.0000	0.1958
24cz03	4	35	1	0	1.0000	0.0000	-1.0000	0.0595	NaN	NaN	NaN	758677.6167	758677.9690	0.0000	1.0000	0.4752
24cz03	4	35	1	0	2.0000	0.0000	1.0000	NaN	3.2593	4.3232	17.2676	758678.9704	758679.2726	1.0000	1.0000	0.0061
24cz03	4	36	1	0	1.0000	0.0000	1.0000	0.1327	NaN	NaN	NaN	758681.6016	758681.9521	1.0000	1.0000	0.2527
24cz03	4	36	1	0	2.0000	0.0000	1.0000	NaN	2.0319	2.6844	14.8857	758682.7460	758683.0495	1.0000	1.0000	0.1960
24cz03	4	37	1	0	1.0000	0.0000	1.0000	0.6360	NaN	NaN	NaN	758685.3933	758685.7507	1.0000	1.0000	0.1817
24cz03	4	37	1	0	2.0000	0.0000	1.0000	NaN	4.6102	4.2734	14.2714	758686.4915	758686.7936	1.0000	1.0000	0.0512
24cz03	4	38	1	0	1.0000	0.0000	1.0000	0.5730	NaN	NaN	NaN	758689.4027	758689.7535	1.0000	1.0000	0.4667
24cz03	4	38	1	0	2.0000	0.0000	1.0000	NaN	1.9834	1.6274	14.3165	758690.7625	758691.0659	1.0000	1.0000	0.0061
24cz03	4	39	1	0	1.0000	0.0000	-1.0000	0.0292	NaN	NaN	NaN	758693.1853	758693.5365	0.0000	1.0000	0.5081
24cz03	4	39	1	0	2.0000	0.0000	1.0000	NaN	3.6508	3.4890	16.0796	758694.5717	758694.8738	1.0000	1.0000	0.0061
24cz03	4	40	1	0	1.0000	0.0000	-1.0000	0.6595	NaN	NaN	NaN	758697.0207	758697.3727	0.0000	1.0000	0.4635
24cz03	4	40	1	0	2.0000	0.0000	1.0000	NaN	7.1622	8.1156	17.5447	758698.3619	758698.6654	1.0000	1.0000	0.0061
24cz03	4	41	1	0	1.0000	0.0000	-1.0000	0.3123	NaN	NaN	NaN	758701.0855	758701.4362	1.0000	0.0000	0.4006
24cz03	4	41	1	0	2.0000	0.0000	-1.0000	NaN	8.7006	-11.1366	15.3071	758702.3941	758702.6970	1.0000	0.0000	0.0346
24cz03	4	42	1	0	1.0000	0.0000	1.0000	0.6395	NaN	NaN	NaN	758705.0080	758705.3622	1.0000	1.0000	0.2185
24cz03	4	42	1	0	2.0000	0.0000	1.0000	NaN	4.7007	5.2898	15.5410	758706.1556	758706.4578	1.0000	1.0000	0.2097
24cz03	4	43	1	0	1.0000	0.0000	-1.0000	0.5746	NaN	NaN	NaN	758708.8768	758709.2328	0.0000	1.0000	0.2683
24cz03	4	43	1	0	2.0000	0.0000	1.0000	NaN	4.7881	3.4676	15.6131	758710.0746	758710.3768	1.0000	1.0000	0.0060
24cz03	4	44	1	0	1.0000	0.0000	-1.0000	0.7955	NaN	NaN	NaN	758712.7815	758713.1339	0.0000	1.0000	0.2070
24cz03	4	44	1	0	2.0000	0.0000	1.0000	NaN	8.2247	10.1078	16.7499	758713.8669	758714.1692	1.0000	1.0000	0.1156
24cz03	4	45	1	0	1.0000	0.0000	-1.0000	0.9930	NaN	NaN	NaN	758716.6927	758717.1056	0.0000	1.0000	0.1379
24cz03	4	45	1	0	2.0000	0.0000	1.0000	NaN	6.8637	6.1853	14.7368	758717.8099	758718.1165	1.0000	1.0000	0.0241
24cz03	4	46	1	0	1.0000	0.0000	-1.0000	0.4603	NaN	NaN	NaN	758720.5256	758720.9389	0.0000	1.0000	0.1777
24cz03	4	46	1	0	2.0000	0.0000	1.0000	NaN	2.2649	1.4298	14.6527	758721.6504	758721.9541	1.0000	1.0000	0.0574
24cz03	4	47	1	0	1.0000	0.0000	1.0000	0.1675	NaN	NaN	NaN	758724.5004	758724.9198	1.0000	1.0000	0.1318
24cz03	4	47	1	0	2.0000	0.0000	1.0000	NaN	4.8209	5.4104	13.8581	758725.6368	758725.9417	1.0000	1.0000	0.1349
24cz03	4	48	1	0	1.0000	0.0000	-1.0000	0.6873	NaN	NaN	NaN	758728.4627	758728.8847	0.0000	1.0000	0.0548
24cz03	4	48	1	0	2.0000	0.0000	1.0000	NaN	1.3430	1.4998	13.7020	758729.4772	758729.7838	1.0000	1.0000	0.0061
24cz03	4	49	1	0	1.0000	0.0000	-1.0000	0.0813	NaN	NaN	NaN	758732.0524	758732.4730	0.0000	1.0000	0.2922
24cz03	4	49	1	0	2.0000	0.0000	1.0000	NaN	10.5669	9.0356	15.2674	758733.3227	758733.6248	1.0000	1.0000	0.0061
24cz03	4	50	1	0	1.0000	0.0000	1.0000	0.8490	NaN	NaN	NaN	758735.9812	758736.3327	1.0000	1.0000	0.1268
24cz03	4	50	1	0	2.0000	0.0000	1.0000	NaN	4.6201	4.6333	15.7594	758737.0196	758737.3219	1.0000	1.0000	0.0337
24cz03	5	1	1	0	1.0000	0.0000	-1.0000	0.1439	NaN	NaN	NaN	758750.5981	758750.9487	0.0000	1.0000	0.3748
24cz03	5	1	1	0	2.0000	0.0000	1.0000	NaN	2.5920	4.3460	14.6412	758751.8502	758752.1523	1.0000	1.0000	0.0061
24cz03	5	2	1	0	1.0000	0.0000	-1.0000	0.2010	NaN	NaN	NaN	758754.1255	758754.4805	1.0000	0.0000	0.3630
24cz03	5	2	1	0	2.0000	0.0000	-1.0000	NaN	8.4090	-7.8387	15.5197	758755.4032	758755.7054	1.0000	0.0000	0.0672
24cz03	5	3	1	0	1.0000	0.0000	-1.0000	0.6224	NaN	NaN	NaN	758757.6236	758757.9804	1.0000	0.0000	0.3844
24cz03	5	3	1	0	2.0000	0.0000	-1.0000	NaN	4.0588	-4.7558	15.6466	758758.9229	758759.2251	1.0000	0.0000	0.0824
24cz03	5	4	1	0	1.0000	0.0000	1.0000	0.3141	NaN	NaN	NaN	758761.4585	758761.8135	1.0000	1.0000	0.4387
24cz03	5	4	1	0	2.0000	0.0000	1.0000	NaN	0.2321	1.3595	14.0093	758762.8102	758763.1124	1.0000	1.0000	0.0685
24cz03	5	5	1	0	1.0000	0.0000	-1.0000	0.9893	NaN	NaN	NaN	758765.2882	758765.7046	0.0000	1.0000	0.2109
24cz03	5	5	1	0	2.0000	0.0000	1.0000	NaN	3.5466	3.9957	16.1238	758766.4262	758766.7288	0.0000	0.0000	0.0062
24cz03	5	6	1	0	1.0000	0.0000	1.0000	0.0397	NaN	NaN	NaN	758769.2666	758769.6191	1.0000	1.0000	0.3769
24cz03	5	6	1	0	2.0000	0.0000	1.0000	NaN	3.9618	4.5846	13.9912	758770.5539	758770.8561	1.0000	1.0000	0.1954
24cz03	5	7	1	0	1.0000	0.0000	-1.0000	0.7099	NaN	NaN	NaN	758773.2042	758773.5588	1.0000	0.0000	0.4370
24cz03	5	7	1	0	2.0000	0.0000	-1.0000	NaN	5.8931	-8.3408	15.8889	758774.5217	758774.8238	0.0000	1.0000	0.1487
24cz03	5	8	1	0	1.0000	0.0000	1.0000	0.4219	NaN	NaN	NaN	758777.2550	758777.6085	1.0000	1.0000	0.2435
24cz03	5	8	1	0	2.0000	0.0000	1.0000	NaN	7.9450	7.1239	13.9444	758778.4121	758778.7144	1.0000	1.0000	0.0341
24cz03	5	9	1	0	1.0000	0.0000	-1.0000	0.0352	NaN	NaN	NaN	758780.9470	758781.2988	1.0000	0.0000	0.4413
24cz03	5	9	1	0	2.0000	0.0000	-1.0000	NaN	4.6837	-5.3980	15.7162	758782.2980	758782.6001	1.0000	0.0000	0.1313
24cz03	5	10	1	0	1.0000	0.0000	1.0000	0.1122	NaN	NaN	NaN	758785.0418	758785.3957	1.0000	1.0000	0.3919
24cz03	5	10	1	0	2.0000	0.0000	1.0000	NaN	11.1201	10.0696	14.6110	758786.3466	758786.6488	1.0000	1.0000	0.0518
24cz03	5	11	1	0	1.0000	0.0000	-1.0000	0.5153	NaN	NaN	NaN	758788.8584	758789.2121	0.0000	1.0000	0.6079
24cz03	5	11	1	0	2.0000	0.0000	1.0000	NaN	7.5453	8.4384	14.4186	758790.3786	758790.6809	1.0000	1.0000	0.0198
24cz03	5	12	1	0	1.0000	0.0000	-1.0000	0.2909	NaN	NaN	NaN	758793.1083	758793.4620	1.0000	0.0000	0.2615
24cz03	5	12	1	0	2.0000	0.0000	-1.0000	NaN	8.6982	-9.3548	14.8615	758794.2840	758794.5861	1.0000	0.0000	0.4023
24cz03	5	13	1	0	1.0000	0.0000	-1.0000	0.9990	NaN	NaN	NaN	758797.5534	758797.9075	0.0000	1.0000	0.3611
24cz03	5	13	1	0	2.0000	0.0000	1.0000	NaN	9.3957	8.6495	16.1448	758798.8115	758799.1137	1.0000	1.0000	0.0497
24cz03	5	14	1	0	1.0000	0.0000	-1.0000	0.2495	NaN	NaN	NaN	758801.6633	758802.0144	1.0000	0.0000	0.2866
24cz03	5	14	1	0	2.0000	0.0000	-1.0000	NaN	5.7613	-5.8556	14.9734	758802.8594	758803.1616	1.0000	0.0000	0.0060
24cz03	5	15	1	0	1.0000	0.0000	1.0000	0.5991	NaN	NaN	NaN	758805.3647	758805.7168	1.0000	1.0000	0.2478
24cz03	5	15	1	0	2.0000	0.0000	1.0000	NaN	4.7557	4.1119	15.4905	758806.5388	758806.8417	1.0000	1.0000	0.2429
24cz03	5	16	1	0	1.0000	0.0000	-1.0000	0.1062	NaN	NaN	NaN	758809.1672	758809.5237	0.0000	1.0000	0.6969
24cz03	5	16	1	0	2.0000	0.0000	1.0000	NaN	4.0082	4.8862	16.0175	758810.7460	758811.0482	1.0000	1.0000	0.0513
24cz03	5	17	1	0	1.0000	0.0000	-1.0000	0.4211	NaN	NaN	NaN	758813.7086	758814.1174	0.0000	1.0000	0.5660
24cz03	5	17	1	0	2.0000	0.0000	1.0000	NaN	11.1996	11.3054	14.3513	758815.2014	758815.5050	1.0000	1.0000	0.0061
24cz03	5	18	1	0	1.0000	0.0000	-1.0000	0.4872	NaN	NaN	NaN	758817.9177	758818.3354	0.0000	1.0000	0.4440
24cz03	5	18	1	0	2.0000	0.0000	1.0000	NaN	3.4090	3.5358	15.4218	758819.3150	758819.6195	0.0000	0.0000	3.8000
24cz03	5	19	1	0	1.0000	0.0000	-1.0000	0.9006	NaN	NaN	NaN	758825.6708	758826.0849	0.0000	1.0000	0.4397
24cz03	5	19	1	0	2.0000	0.0000	1.0000	NaN	8.0071	8.8569	13.3520	758827.0627	758827.3671	1.0000	1.0000	0.0061
24cz03	5	20	1	0	1.0000	0.0000	1.0000	0.7053	NaN	NaN	NaN	758829.8195	758830.2227	1.0000	1.0000	0.3167
24cz03	5	20	1	0	2.0000	0.0000	1.0000	NaN	7.4000	7.9701	16.1755	758831.0992	758831.4015	1.0000	1.0000	0.5779
24cz03	5	21	1	0	1.0000	0.0000	-1.0000	0.1842	NaN	NaN	NaN	758834.3864	758834.7431	0.0000	1.0000	0.6775
24cz03	5	21	1	0	2.0000	0.0000	1.0000	NaN	7.8087	5.3947	14.3088	758835.9458	758836.2480	1.0000	1.0000	0.1485
24cz03	5	22	1	0	1.0000	0.0000	1.0000	0.3980	NaN	NaN	NaN	758838.9843	758839.3387	1.0000	1.0000	0.3692
24cz03	5	22	1	0	2.0000	0.0000	1.0000	NaN	5.8145	5.3809	14.2368	758840.2999	758840.6021	1.0000	1.0000	0.6910
24cz03	5	23	1	0	1.0000	0.0000	-1.0000	0.9342	NaN	NaN	NaN	758843.4195	758843.7762	0.0000	1.0000	0.2512
24cz03	5	23	1	0	2.0000	0.0000	1.0000	NaN	0.2889	2.2754	14.8974	758844.5706	758844.8737	1.0000	1.0000	0.0509
24cz03	5	24	1	0	1.0000	0.0000	1.0000	0.7615	NaN	NaN	NaN	758847.2534	758847.6091	1.0000	1.0000	0.1155
24cz03	5	24	1	0	2.0000	0.0000	1.0000	NaN	4.0331	4.5190	15.9552	758848.2833	758848.5855	1.0000	1.0000	0.1301
24cz03	5	25	1	0	1.0000	0.0000	1.0000	0.4239	NaN	NaN	NaN	758851.4135	758851.7647	1.0000	1.0000	0.2317
24cz03	5	25	1	0	2.0000	0.0000	1.0000	NaN	3.3200	1.7245	15.9589	758852.5867	758852.8896	1.0000	1.0000	0.1624
24cz03	5	26	1	0	1.0000	0.0000	1.0000	0.2509	NaN	NaN	NaN	758855.5014	758855.8587	1.0000	1.0000	0.4898
24cz03	5	26	1	0	2.0000	0.0000	1.0000	NaN	9.5865	10.2082	14.8486	758856.9382	758857.2409	1.0000	1.0000	0.1641
24cz03	5	27	1	0	1.0000	0.0000	1.0000	0.0615	NaN	NaN	NaN	758859.4674	758859.8843	1.0000	1.0000	0.2871
24cz03	5	27	1	0	2.0000	0.0000	1.0000	NaN	8.8162	8.8267	14.8814	758860.7480	758861.0503	1.0000	1.0000	0.2583
24cz03	5	28	1	0	1.0000	0.0000	1.0000	0.9003	NaN	NaN	NaN	758863.5325	758863.8875	1.0000	1.0000	0.1730
24cz03	5	28	1	0	2.0000	0.0000	1.0000	NaN	5.7611	5.7235	15.5497	758864.6506	758864.9528	1.0000	1.0000	0.1305
24cz03	5	29	1	0	1.0000	0.0000	1.0000	0.1823	NaN	NaN	NaN	758867.5506	758867.9040	0.0000	0.0000	0.4757
24cz03	5	29	1	0	2.0000	0.0000	-1.0000	NaN	1.9415	-2.7833	15.6921	758868.9230	758869.2251	1.0000	0.0000	0.0061
24cz03	5	30	1	0	1.0000	0.0000	-1.0000	0.1542	NaN	NaN	NaN	758871.2450	758871.5970	1.0000	0.0000	0.3354
24cz03	5	30	1	0	2.0000	0.0000	-1.0000	NaN	9.8265	-11.8544	12.6697	758872.4911	758872.7933	1.0000	0.0000	0.2421
24cz03	5	31	1	0	1.0000	0.0000	-1.0000	0.9149	NaN	NaN	NaN	758875.5384	758875.8923	0.0000	1.0000	0.2482
24cz03	5	31	1	0	2.0000	0.0000	1.0000	NaN	4.3914	4.4304	15.1416	758876.6984	758877.0006	1.0000	1.0000	0.1474
24cz03	5	32	1	0	1.0000	0.0000	1.0000	0.8596	NaN	NaN	NaN	758879.5454	758879.8965	1.0000	1.0000	0.1164
24cz03	5	32	1	0	2.0000	0.0000	1.0000	NaN	9.0593	8.2514	15.3133	758880.5871	758880.8898	1.0000	1.0000	0.0337
24cz03	5	33	1	0	1.0000	0.0000	-1.0000	0.8870	NaN	NaN	NaN	758883.0826	758883.4365	0.0000	1.0000	0.3669
24cz03	5	33	1	0	2.0000	0.0000	1.0000	NaN	4.7715	6.5432	14.2527	758884.3473	758884.6494	1.0000	1.0000	0.0061
24cz03	5	34	1	0	1.0000	0.0000	1.0000	0.7393	NaN	NaN	NaN	758886.9223	758887.2751	1.0000	1.0000	0.0974
24cz03	5	34	1	0	2.0000	0.0000	1.0000	NaN	5.9103	5.8393	16.2519	758887.9476	758888.2499	1.0000	1.0000	0.2581
24cz03	5	35	1	0	1.0000	0.0000	-1.0000	0.9657	NaN	NaN	NaN	758890.5567	758890.9082	0.0000	1.0000	0.2551
24cz03	5	35	1	0	2.0000	0.0000	1.0000	NaN	6.3789	7.8252	15.4761	758891.6908	758891.9930	1.0000	1.0000	0.1463
24cz03	5	36	1	0	1.0000	0.0000	1.0000	0.5780	NaN	NaN	NaN	758894.5650	758894.9194	1.0000	1.0000	0.1165
24cz03	5	36	1	0	2.0000	0.0000	1.0000	NaN	8.0983	6.0700	14.3103	758895.6258	758895.9279	1.0000	1.0000	0.2434
24cz03	5	37	1	0	1.0000	0.0000	1.0000	0.4614	NaN	NaN	NaN	758898.4714	758898.8246	1.0000	1.0000	0.2748
24cz03	5	37	1	0	2.0000	0.0000	1.0000	NaN	6.4268	5.4601	15.1788	758899.6912	758899.9934	1.0000	1.0000	0.2753
24cz03	5	38	1	0	1.0000	0.0000	1.0000	0.7840	NaN	NaN	NaN	758902.4833	758902.8398	1.0000	1.0000	0.1492
24cz03	5	38	1	0	2.0000	0.0000	1.0000	NaN	5.9410	5.7181	16.0448	758903.5632	758903.8654	1.0000	1.0000	0.1950
24cz03	5	39	1	0	1.0000	0.0000	-1.0000	0.8778	NaN	NaN	NaN	758906.1503	758906.5628	0.0000	1.0000	0.2022
24cz03	5	39	1	0	2.0000	0.0000	1.0000	NaN	4.9974	6.5516	16.1476	758907.3114	758907.6153	1.0000	1.0000	0.3480
24cz03	5	40	1	0	1.0000	0.0000	1.0000	0.0232	NaN	NaN	NaN	758910.3818	758910.7960	1.0000	1.0000	0.0966
24cz03	5	40	1	0	2.0000	0.0000	1.0000	NaN	3.3342	3.9147	14.6557	758911.5070	758911.8107	1.0000	1.0000	0.0577
24cz03	5	41	1	0	1.0000	0.0000	1.0000	0.7594	NaN	NaN	NaN	758914.3093	758914.7310	1.0000	1.0000	0.0974
24cz03	5	41	1	0	2.0000	0.0000	1.0000	NaN	7.9673	7.5314	15.4923	758915.4106	758915.7155	1.0000	1.0000	0.3118
24cz03	5	42	1	0	1.0000	0.0000	1.0000	0.2821	NaN	NaN	NaN	758918.2427	758918.6639	1.0000	1.0000	0.2288
24cz03	5	42	1	0	2.0000	0.0000	1.0000	NaN	1.7211	2.1549	14.7013	758919.4934	758919.7978	1.0000	1.0000	0.1344
24cz03	5	43	1	0	1.0000	0.0000	-1.0000	0.3499	NaN	NaN	NaN	758922.4035	758922.7900	0.0000	1.0000	0.3257
24cz03	5	43	1	0	2.0000	0.0000	1.0000	NaN	2.3562	2.4147	14.9366	758923.6575	758923.9597	1.0000	1.0000	0.0060
24cz03	5	44	1	0	1.0000	0.0000	-1.0000	0.7778	NaN	NaN	NaN	758925.9975	758926.3510	0.0000	1.0000	0.2843
24cz03	5	44	1	0	2.0000	0.0000	1.0000	NaN	5.2752	5.3427	15.7375	758927.1951	758927.4973	1.0000	1.0000	0.0061
24cz03	5	45	1	0	1.0000	0.0000	1.0000	0.2799	NaN	NaN	NaN	758929.2966	758929.6508	1.0000	1.0000	0.2965
24cz03	5	45	1	0	2.0000	0.0000	1.0000	NaN	8.6340	9.1778	15.0098	758930.5222	758930.8244	1.0000	1.0000	0.0061
24cz03	5	46	1	0	1.0000	0.0000	1.0000	0.3837	NaN	NaN	NaN	758933.2196	758933.5728	1.0000	1.0000	0.1824
24cz03	5	46	1	0	2.0000	0.0000	1.0000	NaN	9.2938	9.1916	14.4550	758934.3136	758934.6157	1.0000	1.0000	0.0061
24cz03	5	47	1	0	1.0000	0.0000	1.0000	0.3028	NaN	NaN	NaN	758936.6482	758937.0047	1.0000	1.0000	0.2875
24cz03	5	47	1	0	2.0000	0.0000	1.0000	NaN	6.1281	5.2873	15.3102	758937.8506	758938.1535	1.0000	1.0000	0.0187
24cz03	5	48	1	0	1.0000	0.0000	1.0000	0.8804	NaN	NaN	NaN	758940.4052	758940.7558	1.0000	1.0000	0.2161
24cz03	5	48	1	0	2.0000	0.0000	1.0000	NaN	6.3508	7.6993	13.1645	758941.5461	758941.8483	1.0000	1.0000	0.0200
24cz03	5	49	1	0	1.0000	0.0000	1.0000	0.6808	NaN	NaN	NaN	758943.8359	758944.1890	1.0000	1.0000	0.2231
24cz03	5	49	1	0	2.0000	0.0000	1.0000	NaN	7.3991	8.6505	15.0311	758944.9708	758945.2731	1.0000	1.0000	0.1782
24cz03	5	50	1	0	1.0000	0.0000	-1.0000	0.1319	NaN	NaN	NaN	758947.5370	758947.8888	0.0000	1.0000	0.3949
24cz03	5	50	1	0	2.0000	0.0000	1.0000	NaN	4.3389	3.7433	13.3434	758948.8274	758949.1296	1.0000	1.0000	2.0497
24cz03	6	1	1	0	1.0000	0.0000	1.0000	0.7005	NaN	NaN	NaN	758977.7757	758978.1945	1.0000	1.0000	0.1859
24cz03	6	1	1	0	2.0000	0.0000	1.0000	NaN	2.3174	3.9885	14.0439	758978.9167	758979.2218	1.0000	1.0000	0.0215
24cz03	6	2	1	0	1.0000	0.0000	-1.0000	0.9758	NaN	NaN	NaN	758981.4152	758981.8271	0.0000	1.0000	0.1682
24cz03	6	2	1	0	2.0000	0.0000	1.0000	NaN	3.7890	4.4829	14.1348	758982.5813	758982.8878	1.0000	1.0000	0.5635
24cz03	6	3	1	0	1.0000	0.0000	-1.0000	0.8706	NaN	NaN	NaN	758985.5563	758985.9417	1.0000	0.0000	0.3267
24cz03	6	3	1	0	2.0000	0.0000	-1.0000	NaN	4.2520	-7.0843	13.8377	758986.8107	758987.1129	1.0000	0.0000	0.3076
24cz03	6	4	1	0	1.0000	0.0000	1.0000	0.3139	NaN	NaN	NaN	758989.9866	758990.3385	1.0000	1.0000	0.1848
24cz03	6	4	1	0	2.0000	0.0000	1.0000	NaN	3.3789	3.2626	14.9615	758991.0668	758991.3689	1.0000	1.0000	2.6263
24cz03	6	5	1	0	1.0000	0.0000	1.0000	0.5285	NaN	NaN	NaN	758996.0473	758996.4597	1.0000	1.0000	0.1450
24cz03	6	5	1	0	2.0000	0.0000	1.0000	NaN	4.9818	3.8755	15.3783	758997.1617	758997.4640	1.0000	1.0000	0.0833
24cz03	6	6	1	0	1.0000	0.0000	-1.0000	0.7539	NaN	NaN	NaN	758999.8659	759000.2194	0.0000	1.0000	0.2890
24cz03	6	6	1	0	2.0000	0.0000	1.0000	NaN	9.6298	8.2763	15.6717	759001.0181	759001.3203	1.0000	1.0000	0.1804
24cz03	6	7	1	0	1.0000	0.0000	-1.0000	0.3380	NaN	NaN	NaN	759004.0592	759004.4139	1.0000	0.0000	0.6853
24cz03	6	7	1	0	2.0000	0.0000	-1.0000	NaN	6.5857	-6.3516	14.2814	759005.6589	759005.9611	1.0000	0.0000	0.0061
24cz03	6	8	1	0	1.0000	0.0000	-1.0000	0.2640	NaN	NaN	NaN	759007.9501	759008.3024	0.0000	1.0000	0.4768
24cz03	6	8	1	0	2.0000	0.0000	1.0000	NaN	6.3924	6.7835	14.1948	759009.3233	759009.6256	1.0000	1.0000	0.2577
24cz03	6	9	1	0	1.0000	0.0000	-1.0000	0.9313	NaN	NaN	NaN	759012.0401	759012.3969	1.0000	0.0000	0.4309
24cz03	6	9	1	0	2.0000	0.0000	-1.0000	NaN	3.3117	-0.5461	16.2328	759013.4013	759013.7034	1.0000	0.0000	0.0854
24cz03	6	10	1	0	1.0000	0.0000	1.0000	0.3095	NaN	NaN	NaN	759016.1116	759016.4672	1.0000	1.0000	0.2485
24cz03	6	10	1	0	2.0000	0.0000	1.0000	NaN	2.7599	2.4142	14.8832	759017.2748	759017.5770	1.0000	1.0000	0.1782
24cz03	6	11	1	0	1.0000	0.0000	-1.0000	0.9914	NaN	NaN	NaN	759020.1048	759020.4563	0.0000	1.0000	0.2603
24cz03	6	11	1	0	2.0000	0.0000	1.0000	NaN	5.2775	6.8365	13.8560	759021.1779	759021.4806	1.0000	1.0000	0.2278
24cz03	6	12	1	0	1.0000	0.0000	-1.0000	0.5921	NaN	NaN	NaN	759024.1482	759024.5016	0.0000	1.0000	0.3576
24cz03	6	12	1	0	2.0000	0.0000	1.0000	NaN	1.1431	2.2138	14.4737	759025.4023	759025.7045	1.0000	1.0000	0.3558
24cz03	6	13	1	0	1.0000	0.0000	-1.0000	0.1711	NaN	NaN	NaN	759028.0174	759028.3680	1.0000	0.0000	0.4283
24cz03	6	13	1	0	2.0000	0.0000	-1.0000	NaN	8.0692	-8.9091	16.0628	759029.3560	759029.6583	1.0000	0.0000	0.3856
24cz03	6	14	1	0	1.0000	0.0000	-1.0000	0.7539	NaN	NaN	NaN	759032.1359	759032.4861	0.0000	1.0000	0.6297
24cz03	6	14	1	0	2.0000	0.0000	1.0000	NaN	2.2604	1.9563	14.8806	759033.6419	759033.9440	1.0000	1.0000	0.3880
24cz03	6	15	1	0	1.0000	0.0000	1.0000	0.1188	NaN	NaN	NaN	759036.9494	759037.3009	1.0000	1.0000	0.3743
24cz03	6	15	1	0	2.0000	0.0000	1.0000	NaN	1.8857	1.1251	15.0225	759038.2343	759038.5365	1.0000	1.0000	0.4676
24cz03	6	16	1	0	1.0000	0.0000	-1.0000	0.4939	NaN	NaN	NaN	759041.0964	759041.5060	1.0000	0.0000	0.5704
24cz03	6	16	1	0	2.0000	0.0000	-1.0000	NaN	2.9559	-2.2500	15.2033	759042.6101	759042.9169	1.0000	0.0000	0.4235
24cz03	6	17	1	0	1.0000	0.0000	1.0000	0.1414	NaN	NaN	NaN	759045.4765	759045.8910	1.0000	1.0000	0.3618
24cz03	6	17	1	0	2.0000	0.0000	1.0000	NaN	4.4103	4.3613	15.1844	759046.7940	759047.0973	1.0000	1.0000	0.4024
24cz03	6	18	1	0	1.0000	0.0000	-1.0000	0.3358	NaN	NaN	NaN	759049.7400	759050.0947	0.0000	1.0000	0.4285
24cz03	6	18	1	0	2.0000	0.0000	1.0000	NaN	4.6500	5.8826	15.9461	759051.0664	759051.3686	1.0000	1.0000	0.1643
24cz03	6	19	1	0	1.0000	0.0000	1.0000	0.9347	NaN	NaN	NaN	759053.7153	759054.0667	1.0000	1.0000	0.2019
24cz03	6	19	1	0	2.0000	0.0000	1.0000	NaN	6.0660	3.9666	15.8835	759054.8263	759055.1289	1.0000	1.0000	0.4520
24cz03	6	20	1	0	1.0000	0.0000	-1.0000	0.3575	NaN	NaN	NaN	759058.2141	759058.5665	0.0000	1.0000	0.6932
24cz03	6	20	1	0	2.0000	0.0000	1.0000	NaN	4.4670	3.2306	16.4926	759059.7862	759060.0885	1.0000	1.0000	0.1958
24cz03	6	21	1	0	1.0000	0.0000	-1.0000	0.9286	NaN	NaN	NaN	759062.4739	759062.8275	0.0000	1.0000	0.2250
24cz03	6	21	1	0	2.0000	0.0000	1.0000	NaN	0.6545	0.4515	15.7217	759063.5936	759063.8971	1.0000	1.0000	0.1621
24cz03	6	22	1	0	1.0000	0.0000	-1.0000	0.7439	NaN	NaN	NaN	759066.4920	759066.8482	1.0000	0.0000	0.3954
24cz03	6	22	1	0	2.0000	0.0000	-1.0000	NaN	11.1882	-11.2399	14.8906	759067.7867	759068.0890	1.0000	0.0000	0.4346
24cz03	6	23	1	0	1.0000	0.0000	1.0000	0.4362	NaN	NaN	NaN	759070.7132	759071.0658	1.0000	1.0000	0.1471
24cz03	6	23	1	0	2.0000	0.0000	1.0000	NaN	5.2126	6.5497	14.0405	759071.7223	759072.0245	1.0000	1.0000	0.2123
24cz03	6	24	1	0	1.0000	0.0000	1.0000	0.8867	NaN	NaN	NaN	759074.5792	759074.9323	1.0000	1.0000	0.2308
24cz03	6	24	1	0	2.0000	0.0000	1.0000	NaN	10.8983	10.1372	15.2488	759075.6901	759075.9923	1.0000	1.0000	0.3241
24cz03	6	25	1	0	1.0000	0.0000	1.0000	0.3092	NaN	NaN	NaN	759078.1759	759078.5309	1.0000	1.0000	0.2322
24cz03	6	25	1	0	2.0000	0.0000	1.0000	NaN	10.0878	10.1062	15.0197	759079.3058	759079.6079	1.0000	1.0000	0.3245
24cz03	6	26	1	0	1.0000	0.0000	1.0000	0.9365	NaN	NaN	NaN	759082.2152	759082.5667	1.0000	1.0000	0.1811
24cz03	6	26	1	0	2.0000	0.0000	1.0000	NaN	11.0902	9.6898	14.7373	759083.2887	759083.5910	1.0000	1.0000	0.1802
24cz03	6	27	1	0	1.0000	0.0000	1.0000	0.6006	NaN	NaN	NaN	759085.9981	759086.4164	1.0000	1.0000	0.1867
24cz03	6	27	1	0	2.0000	0.0000	1.0000	NaN	9.8261	8.4144	14.8897	759087.1247	759087.4318	1.0000	1.0000	0.3718
24cz03	6	28	1	0	1.0000	0.0000	-1.0000	0.9493	NaN	NaN	NaN	759089.7141	759090.1334	0.0000	1.0000	0.1337
24cz03	6	28	1	0	2.0000	0.0000	1.0000	NaN	5.5802	5.6910	15.3210	759090.8028	759091.1073	1.0000	1.0000	0.2478
24cz03	6	29	1	0	1.0000	0.0000	-1.0000	0.2342	NaN	NaN	NaN	759093.9757	759094.4014	1.0000	0.0000	0.3948
24cz03	6	29	1	0	2.0000	0.0000	-1.0000	NaN	2.7399	-2.6545	14.9682	759095.3501	759095.6548	1.0000	0.0000	0.3895
24cz03	6	30	1	0	1.0000	0.0000	1.0000	0.5113	NaN	NaN	NaN	759098.2843	759098.7046	1.0000	1.0000	0.1558
24cz03	6	30	1	0	2.0000	0.0000	1.0000	NaN	3.4015	3.0157	16.7636	759099.4432	759099.7487	1.0000	1.0000	0.2322
24cz03	6	31	1	0	1.0000	0.0000	-1.0000	0.1768	NaN	NaN	NaN	759101.9088	759102.3210	1.0000	0.0000	0.5221
24cz03	6	31	1	0	2.0000	0.0000	-1.0000	NaN	9.5918	-8.9239	15.2899	759103.3988	759103.7032	1.0000	0.0000	0.1326
24cz03	6	32	1	0	1.0000	0.0000	-1.0000	0.9603	NaN	NaN	NaN	759106.3143	759106.7241	0.0000	1.0000	0.1670
24cz03	6	32	1	0	2.0000	0.0000	1.0000	NaN	1.8689	0.0801	14.5063	759107.4748	759107.7813	0.0000	0.0000	0.1189
24cz03	6	33	1	0	1.0000	0.0000	-1.0000	0.9123	NaN	NaN	NaN	759110.4687	759110.8871	0.0000	1.0000	0.1640
24cz03	6	33	1	0	2.0000	0.0000	1.0000	NaN	6.6785	5.7259	14.9428	759111.6333	759111.9373	1.0000	1.0000	0.0062
24cz03	6	34	1	0	1.0000	0.0000	-1.0000	0.0039	NaN	NaN	NaN	759114.2662	759114.6870	1.0000	0.0000	0.5892
24cz03	6	34	1	0	2.0000	0.0000	-1.0000	NaN	2.3126	-3.6183	14.6302	759115.8193	759116.1214	1.0000	0.0000	0.4342
24cz03	6	35	1	0	1.0000	0.0000	-1.0000	0.1334	NaN	NaN	NaN	759119.2234	759119.5789	1.0000	0.0000	0.6406
24cz03	6	35	1	0	2.0000	0.0000	-1.0000	NaN	3.2616	-3.0446	15.7929	759120.7946	759121.0969	1.0000	0.0000	0.4832
24cz03	6	36	1	0	1.0000	0.0000	-1.0000	0.6593	NaN	NaN	NaN	759123.9820	759124.3346	0.0000	1.0000	0.8611
24cz03	6	36	1	0	2.0000	0.0000	1.0000	NaN	4.0354	4.6403	15.4239	759125.7214	759126.0236	1.0000	1.0000	0.3567
24cz03	6	37	1	0	1.0000	0.0000	1.0000	0.5232	NaN	NaN	NaN	759128.6105	759128.9629	1.0000	1.0000	0.2014
24cz03	6	37	1	0	2.0000	0.0000	1.0000	NaN	4.9920	4.9467	15.4320	759129.7382	759130.0404	1.0000	1.0000	0.4833
24cz03	6	38	1	0	1.0000	0.0000	1.0000	0.8532	NaN	NaN	NaN	759132.6731	759133.0856	1.0000	1.0000	0.2224
24cz03	6	38	1	0	2.0000	0.0000	1.0000	NaN	2.1188	3.3642	15.1609	759133.8901	759134.1966	1.0000	1.0000	0.5028
24cz03	6	39	1	0	1.0000	0.0000	-1.0000	0.4434	NaN	NaN	NaN	759137.0676	759137.4858	0.0000	1.0000	0.5100
24cz03	6	39	1	0	2.0000	0.0000	1.0000	NaN	3.5314	2.3026	14.3292	759138.5481	759138.8523	1.0000	1.0000	0.3748
24cz03	6	40	1	0	1.0000	0.0000	1.0000	0.4760	NaN	NaN	NaN	759141.5205	759141.9358	1.0000	1.0000	0.0922
24cz03	6	40	1	0	2.0000	0.0000	1.0000	NaN	9.9044	8.7713	13.9937	759142.5807	759142.8853	1.0000	1.0000	0.4232
24cz03	6	41	1	0	1.0000	0.0000	1.0000	0.2853	NaN	NaN	NaN	759145.5351	759145.9522	1.0000	1.0000	0.2509
24cz03	6	41	1	0	2.0000	0.0000	1.0000	NaN	4.7149	5.2634	15.2536	759146.7883	759147.0954	1.0000	1.0000	0.5156
24cz03	6	42	1	0	1.0000	0.0000	1.0000	0.5430	NaN	NaN	NaN	759149.9231	759150.3231	1.0000	1.0000	0.1051
24cz03	6	42	1	0	2.0000	0.0000	1.0000	NaN	0.4489	0.1832	15.3585	759151.0021	759151.3043	1.0000	1.0000	0.3554
24cz03	6	43	1	0	1.0000	0.0000	1.0000	0.6613	NaN	NaN	NaN	759153.7087	759154.0617	1.0000	1.0000	0.2213
24cz03	6	43	1	0	2.0000	0.0000	1.0000	NaN	9.1988	7.5681	14.6267	759154.8594	759155.1615	1.0000	1.0000	0.5307
24cz03	6	44	1	0	1.0000	0.0000	1.0000	0.6832	NaN	NaN	NaN	759157.6335	759157.9895	1.0000	1.0000	0.1346
24cz03	6	44	1	0	2.0000	0.0000	1.0000	NaN	4.0356	4.5889	15.5195	759158.6835	759158.9857	1.0000	1.0000	0.4825
24cz03	6	45	1	0	1.0000	0.0000	-1.0000	0.3431	NaN	NaN	NaN	759161.8351	759162.1892	0.0000	1.0000	0.3978
24cz03	6	45	1	0	2.0000	0.0000	1.0000	NaN	4.5952	2.8699	15.4192	759163.1155	759163.4178	1.0000	1.0000	0.0181
24cz03	6	46	1	0	1.0000	0.0000	1.0000	0.5393	NaN	NaN	NaN	759165.5850	759165.9390	1.0000	1.0000	0.2338
24cz03	6	46	1	0	2.0000	0.0000	1.0000	NaN	3.6230	3.7325	14.1732	759166.7301	759167.0323	1.0000	1.0000	0.4187
24cz03	6	47	1	0	1.0000	0.0000	1.0000	0.1519	NaN	NaN	NaN	759169.7512	759170.1053	1.0000	1.0000	0.1793
24cz03	6	47	1	0	2.0000	0.0000	1.0000	NaN	6.3455	6.2443	14.8263	759170.8596	759171.1618	1.0000	1.0000	0.0983
24cz03	6	48	1	0	1.0000	0.0000	-1.0000	0.9544	NaN	NaN	NaN	759173.3429	759173.6941	0.0000	1.0000	0.2534
24cz03	6	48	1	0	2.0000	0.0000	1.0000	NaN	6.0612	7.1418	14.5552	759174.4919	759174.7942	1.0000	1.0000	0.2581
24cz03	6	49	1	0	1.0000	0.0000	1.0000	0.2664	NaN	NaN	NaN	759177.1507	759177.5672	1.0000	1.0000	0.2997
24cz03	6	49	1	0	2.0000	0.0000	1.0000	NaN	9.9916	7.2620	15.8741	759178.4368	759178.7438	1.0000	1.0000	0.2764
24cz03	6	50	1	0	1.0000	0.0000	1.0000	0.6773	NaN	NaN	NaN	759180.9522	759181.3666	1.0000	1.0000	0.1020
24cz03	6	50	1	0	2.0000	0.0000	1.0000	NaN	8.5634	8.7545	15.2151	759182.0202	759182.3272	1.0000	1.0000	0.3577
