23xg01	1	1	0	1	1.0000	1.0000	-1.0000	NaN	10.4091	-11.1270	16.5382	862050.3368	862050.6441	0.0000	1.0000	0.3376
23xg01	1	1	0	1	2.0000	1.0000	-1.0000	0.9229	NaN	NaN	NaN	862051.5702	862051.9837	1.0000	0.0000	0.3260
23xg01	1	2	0	1	1.0000	1.0000	-1.0000	NaN	5.2204	-3.7314	15.1183	862054.5810	862054.8858	1.0000	0.0000	0.5758
23xg01	1	2	0	1	2.0000	1.0000	-1.0000	0.7767	NaN	NaN	NaN	862056.0181	862056.4346	1.0000	0.0000	0.2590
23xg01	1	3	0	1	1.0000	1.0000	1.0000	NaN	4.6310	3.3943	15.0331	862058.8527	862059.1601	0.0000	0.0000	0.1735
23xg01	1	3	0	1	2.0000	1.0000	-1.0000	0.0093	NaN	NaN	NaN	862059.8740	862060.2956	1.0000	0.0000	0.4312
23xg01	1	4	0	1	1.0000	1.0000	1.0000	NaN	7.6392	7.0010	13.2817	862062.9474	862063.2519	1.0000	1.0000	0.4177
23xg01	1	4	0	1	2.0000	1.0000	-1.0000	0.2411	NaN	NaN	NaN	862064.2108	862064.6089	1.0000	0.0000	0.3261
23xg01	1	5	0	1	1.0000	1.0000	-1.0000	NaN	3.4716	-1.8398	15.2443	862066.9158	862067.2203	1.0000	0.0000	0.8333
23xg01	1	5	0	1	2.0000	1.0000	-1.0000	0.4796	NaN	NaN	NaN	862068.5960	862069.0168	1.0000	0.0000	0.2538
23xg01	1	6	0	1	1.0000	1.0000	1.0000	NaN	8.1804	8.0899	17.1214	862071.6993	862072.0036	1.0000	1.0000	0.4024
23xg01	1	6	0	1	2.0000	1.0000	-1.0000	0.9270	NaN	NaN	NaN	862072.9478	862073.3666	0.0000	1.0000	0.2884
23xg01	1	7	0	1	1.0000	1.0000	1.0000	NaN	5.9489	7.4091	15.5485	862076.1368	862076.4402	1.0000	1.0000	0.3814
23xg01	1	7	0	1	2.0000	1.0000	1.0000	0.4106	NaN	NaN	NaN	862077.3598	862077.7110	1.0000	1.0000	0.7265
23xg01	1	8	0	1	1.0000	1.0000	1.0000	NaN	7.4382	8.1198	14.8661	862080.7112	862081.0133	1.0000	1.0000	0.2730
23xg01	1	8	0	1	2.0000	1.0000	1.0000	0.3580	NaN	NaN	NaN	862081.8388	862082.1927	1.0000	1.0000	0.4539
23xg01	1	9	0	1	1.0000	1.0000	-1.0000	NaN	9.8443	-11.5086	14.6297	862084.9846	862085.2868	0.0000	1.0000	0.2708
23xg01	1	9	0	1	2.0000	1.0000	-1.0000	0.5472	NaN	NaN	NaN	862086.1110	862086.4606	0.0000	1.0000	1.0654
23xg01	1	10	0	1	1.0000	1.0000	-1.0000	NaN	6.3024	-4.9644	14.3509	862089.5741	862089.8763	0.0000	1.0000	0.8973
23xg01	1	10	0	1	2.0000	1.0000	1.0000	0.0537	NaN	NaN	NaN	862091.3107	862091.6604	1.0000	1.0000	1.0829
23xg01	1	11	0	1	1.0000	1.0000	1.0000	NaN	8.2250	6.3220	14.7205	862094.8632	862095.1653	1.0000	1.0000	0.3613
23xg01	1	11	0	1	2.0000	1.0000	1.0000	0.2513	NaN	NaN	NaN	862096.0784	862096.4293	1.0000	1.0000	0.4739
23xg01	1	12	0	1	1.0000	1.0000	1.0000	NaN	2.9662	2.6339	14.7259	862099.2020	862099.5053	0.0000	0.0000	0.5322
23xg01	1	12	0	1	2.0000	1.0000	1.0000	0.6090	NaN	NaN	NaN	862100.5900	862100.9418	1.0000	1.0000	0.3764
23xg01	1	13	0	1	1.0000	1.0000	1.0000	NaN	0.8270	0.8403	14.6560	862103.5840	862103.8862	1.0000	1.0000	0.1688
23xg01	1	13	0	1	2.0000	1.0000	-1.0000	0.7801	NaN	NaN	NaN	862104.6227	862104.9749	0.0000	1.0000	0.3752
23xg01	1	14	0	1	1.0000	1.0000	-1.0000	NaN	2.5809	-2.9168	14.5001	862107.3736	862107.6757	0.0000	1.0000	0.8258
23xg01	1	14	0	1	2.0000	1.0000	-1.0000	0.1824	NaN	NaN	NaN	862109.0079	862109.3580	1.0000	0.0000	1.1131
23xg01	1	15	0	1	1.0000	1.0000	1.0000	NaN	10.2395	9.5011	15.6057	862112.8898	862113.1919	1.0000	1.0000	0.3670
23xg01	1	15	0	1	2.0000	1.0000	1.0000	0.3288	NaN	NaN	NaN	862114.1108	862114.4616	1.0000	1.0000	0.4564
23xg01	1	16	0	1	1.0000	1.0000	-1.0000	NaN	2.5698	-3.6716	15.6377	862116.8816	862117.1859	0.0000	1.0000	0.3396
23xg01	1	16	0	1	2.0000	1.0000	1.0000	0.6552	NaN	NaN	NaN	862118.1299	862118.5476	1.0000	1.0000	0.8666
23xg01	1	17	0	1	1.0000	1.0000	1.0000	NaN	10.1316	10.7006	14.2406	862121.4978	862121.8034	1.0000	1.0000	0.2988
23xg01	1	17	0	1	2.0000	1.0000	-1.0000	0.0448	NaN	NaN	NaN	862122.6746	862123.0940	1.0000	0.0000	0.3047
23xg01	1	18	0	1	1.0000	1.0000	-1.0000	NaN	2.0848	-1.3062	14.3601	862125.9245	862126.2293	1.0000	0.0000	0.5778
23xg01	1	18	0	1	2.0000	1.0000	1.0000	0.6574	NaN	NaN	NaN	862127.3968	862127.8141	1.0000	1.0000	0.3367
23xg01	1	19	0	1	1.0000	1.0000	1.0000	NaN	9.3635	9.8672	16.5116	862130.2644	862130.5665	1.0000	1.0000	0.2402
23xg01	1	19	0	1	2.0000	1.0000	-1.0000	0.6798	NaN	NaN	NaN	862131.3429	862131.6943	1.0000	0.0000	0.5527
23xg01	1	20	0	1	1.0000	1.0000	1.0000	NaN	6.0607	3.7610	14.0808	862134.3183	862134.6210	1.0000	1.0000	0.2500
23xg01	1	20	0	1	2.0000	1.0000	1.0000	0.6673	NaN	NaN	NaN	862135.4076	862135.7581	1.0000	1.0000	0.6802
23xg01	1	21	0	1	1.0000	1.0000	-1.0000	NaN	1.0235	-1.7038	14.8946	862138.4718	862138.7740	1.0000	0.0000	0.7200
23xg01	1	21	0	1	2.0000	1.0000	1.0000	0.4287	NaN	NaN	NaN	862140.0468	862140.4011	1.0000	1.0000	0.5004
23xg01	1	22	0	1	1.0000	1.0000	-1.0000	NaN	11.8911	-9.6984	13.7969	862143.3664	862143.6695	0.0000	1.0000	0.2086
23xg01	1	22	0	1	2.0000	1.0000	-1.0000	0.2346	NaN	NaN	NaN	862144.4301	862144.7841	1.0000	0.0000	0.6134
23xg01	1	23	0	1	1.0000	1.0000	-1.0000	NaN	1.2501	-2.5334	15.5987	862147.7256	862148.0277	0.0000	1.0000	0.2670
23xg01	1	23	0	1	2.0000	1.0000	-1.0000	0.7580	NaN	NaN	NaN	862148.8308	862149.1838	1.0000	0.0000	0.5823
23xg01	1	24	0	1	1.0000	1.0000	1.0000	NaN	7.1435	6.9523	15.6911	862151.9755	862152.2777	1.0000	1.0000	0.3853
23xg01	1	24	0	1	2.0000	1.0000	1.0000	0.3701	NaN	NaN	NaN	862153.2148	862153.5710	1.0000	1.0000	0.3066
23xg01	1	25	0	1	1.0000	1.0000	1.0000	NaN	0.9178	2.2618	14.8484	862156.5015	862156.8036	1.0000	1.0000	0.3076
23xg01	1	25	0	1	2.0000	1.0000	-1.0000	0.8315	NaN	NaN	NaN	862157.6629	862158.0167	1.0000	0.0000	0.5333
23xg01	1	26	0	1	1.0000	1.0000	1.0000	NaN	11.9455	13.1768	15.0662	862161.0416	862161.3438	1.0000	1.0000	0.2937
23xg01	1	26	0	1	2.0000	1.0000	-1.0000	0.2875	NaN	NaN	NaN	862162.1742	862162.5260	0.0000	1.0000	0.6481
23xg01	1	27	0	1	1.0000	1.0000	1.0000	NaN	3.4113	3.6860	14.2373	862165.5437	862165.8485	1.0000	1.0000	0.2696
23xg01	1	27	0	1	2.0000	1.0000	1.0000	0.4750	NaN	NaN	NaN	862166.6766	862167.0951	1.0000	1.0000	1.1503
23xg01	1	28	0	1	1.0000	1.0000	-1.0000	NaN	1.7561	-2.6540	15.0380	862170.4549	862170.7597	1.0000	0.0000	0.7023
23xg01	1	28	0	1	2.0000	1.0000	1.0000	0.5035	NaN	NaN	NaN	862172.0174	862172.4414	1.0000	1.0000	0.5088
23xg01	1	29	0	1	1.0000	1.0000	-1.0000	NaN	1.3266	-1.5399	14.6396	862175.1223	862175.4271	0.0000	1.0000	0.6584
23xg01	1	29	0	1	2.0000	1.0000	1.0000	0.6315	NaN	NaN	NaN	862176.6109	862177.0285	1.0000	1.0000	0.7370
23xg01	1	30	0	1	1.0000	1.0000	1.0000	NaN	2.0964	0.8239	16.4776	862179.8694	862180.1743	1.0000	1.0000	0.8716
23xg01	1	30	0	1	2.0000	1.0000	1.0000	0.0567	NaN	NaN	NaN	862181.5553	862181.9784	1.0000	1.0000	0.5871
23xg01	1	31	0	1	1.0000	1.0000	1.0000	NaN	3.0479	2.9116	16.3604	862185.0407	862185.3451	1.0000	1.0000	0.5808
23xg01	1	31	0	1	2.0000	1.0000	1.0000	0.7062	NaN	NaN	NaN	862186.4656	862186.8774	1.0000	1.0000	0.4250
23xg01	1	32	0	1	1.0000	1.0000	-1.0000	NaN	1.6823	-2.9072	14.8025	862189.2763	862189.5807	0.0000	1.0000	0.6496
23xg01	1	32	0	1	2.0000	1.0000	-1.0000	0.0905	NaN	NaN	NaN	862190.7564	862191.1772	1.0000	0.0000	0.6851
23xg01	1	33	0	1	1.0000	1.0000	-1.0000	NaN	3.6147	-4.3595	14.9183	862193.8622	862194.1689	0.0000	1.0000	0.8942
23xg01	1	33	0	1	2.0000	1.0000	-1.0000	0.6960	NaN	NaN	NaN	862195.5853	862196.0051	0.0000	1.0000	0.5124
23xg01	1	34	0	1	1.0000	1.0000	-1.0000	NaN	3.8994	-4.2997	15.2581	862198.6012	862198.9057	1.0000	0.0000	1.1157
23xg01	1	34	0	1	2.0000	1.0000	1.0000	0.6029	NaN	NaN	NaN	862200.5615	862200.9767	1.0000	1.0000	0.6144
23xg01	1	35	0	1	1.0000	1.0000	-1.0000	NaN	10.5374	-11.4074	16.0951	862204.2089	862204.5134	0.0000	1.0000	0.6291
23xg01	1	35	0	1	2.0000	1.0000	-1.0000	0.8885	NaN	NaN	NaN	862205.6811	862206.0926	1.0000	0.0000	0.5054
23xg01	1	36	0	1	1.0000	1.0000	-1.0000	NaN	7.9988	-7.0488	14.3333	862208.5976	862208.9036	0.0000	1.0000	0.5583
23xg01	1	36	0	1	2.0000	1.0000	1.0000	0.1938	NaN	NaN	NaN	862209.9878	862210.3848	1.0000	1.0000	0.5328
23xg01	1	37	0	1	1.0000	1.0000	1.0000	NaN	4.5260	4.7030	13.9494	862213.1601	862213.4645	1.0000	1.0000	0.4788
23xg01	1	37	0	1	2.0000	1.0000	-1.0000	0.6678	NaN	NaN	NaN	862214.4972	862214.9088	1.0000	0.0000	0.8742
23xg01	1	38	0	1	1.0000	1.0000	1.0000	NaN	11.5932	12.2981	13.9635	862217.9736	862218.2785	1.0000	1.0000	0.3842
23xg01	1	38	0	1	2.0000	1.0000	-1.0000	0.2862	NaN	NaN	NaN	862219.2045	862219.6263	1.0000	0.0000	0.5086
23xg01	1	39	0	1	1.0000	1.0000	-1.0000	NaN	2.4784	-3.6450	13.8865	862222.4011	862222.7059	1.0000	0.0000	0.6761
23xg01	1	39	0	1	2.0000	1.0000	1.0000	0.4564	NaN	NaN	NaN	862223.9567	862224.3755	1.0000	1.0000	0.3826
23xg01	1	40	0	1	1.0000	1.0000	-1.0000	NaN	5.6538	-3.9698	15.8848	862227.1098	862227.4156	1.0000	0.0000	1.2619
23xg01	1	40	0	1	2.0000	1.0000	1.0000	0.3553	NaN	NaN	NaN	862229.2497	862229.6366	1.0000	1.0000	0.6254
23xg01	1	41	0	1	1.0000	1.0000	1.0000	NaN	3.6470	4.7449	14.7022	862232.4454	862232.7486	1.0000	1.0000	0.3453
23xg01	1	41	0	1	2.0000	1.0000	1.0000	0.3885	NaN	NaN	NaN	862233.6624	862234.0170	1.0000	1.0000	0.4701
23xg01	1	42	0	1	1.0000	1.0000	-1.0000	NaN	5.6978	-5.1805	14.7995	862236.4334	862236.7356	0.0000	1.0000	0.5664
23xg01	1	42	0	1	2.0000	1.0000	-1.0000	0.6038	NaN	NaN	NaN	862237.8536	862238.2054	1.0000	0.0000	0.7280
23xg01	1	43	0	1	1.0000	1.0000	-1.0000	NaN	10.0559	-12.0732	14.4852	862240.8833	862241.1853	0.0000	1.0000	0.6136
23xg01	1	43	0	1	2.0000	1.0000	-1.0000	0.3900	NaN	NaN	NaN	862242.3502	862242.7012	1.0000	0.0000	0.7128
23xg01	1	44	0	1	1.0000	1.0000	1.0000	NaN	11.9882	11.7950	15.5046	862245.3028	862245.6048	1.0000	1.0000	0.5295
23xg01	1	44	0	1	2.0000	1.0000	1.0000	0.3251	NaN	NaN	NaN	862246.7028	862247.0525	1.0000	1.0000	0.7609
23xg01	1	45	0	1	1.0000	1.0000	1.0000	NaN	9.7052	8.7611	15.4543	862250.3602	862250.6627	1.0000	1.0000	0.3507
23xg01	1	45	0	1	2.0000	1.0000	-1.0000	0.4890	NaN	NaN	NaN	862251.5980	862251.9508	1.0000	0.0000	0.5352
23xg01	1	46	0	1	1.0000	1.0000	-1.0000	NaN	0.4014	-1.5136	14.9649	862254.7462	862255.0484	1.0000	0.0000	0.7026
23xg01	1	46	0	1	2.0000	1.0000	-1.0000	0.3146	NaN	NaN	NaN	862256.3355	862256.6852	1.0000	0.0000	0.3921
23xg01	1	47	0	1	1.0000	1.0000	1.0000	NaN	6.0801	5.3345	14.7557	862259.1829	862259.4874	1.0000	1.0000	0.5025
23xg01	1	47	0	1	2.0000	1.0000	-1.0000	0.7423	NaN	NaN	NaN	862260.5614	862260.9614	0.0000	1.0000	1.8930
23xg01	1	48	0	1	1.0000	1.0000	-1.0000	NaN	3.9078	-4.0409	16.0893	862264.8700	862265.1721	1.0000	0.0000	0.5458
23xg01	1	48	0	1	2.0000	1.0000	-1.0000	0.7888	NaN	NaN	NaN	862266.2866	862266.6370	1.0000	0.0000	0.5688
23xg01	1	49	0	1	1.0000	1.0000	1.0000	NaN	11.2023	11.2667	15.6458	862269.8155	862270.1176	1.0000	1.0000	0.4798
23xg01	1	49	0	1	2.0000	1.0000	-1.0000	0.8880	NaN	NaN	NaN	862271.1678	862271.5178	1.0000	0.0000	0.5040
23xg01	1	50	0	1	1.0000	1.0000	-1.0000	NaN	6.4195	-6.6208	14.5283	862274.6809	862274.9831	1.0000	0.0000	1.2622
23xg01	1	50	0	1	2.0000	1.0000	1.0000	0.5184	NaN	NaN	NaN	862276.7182	862277.0701	1.0000	1.0000	0.6313
23xg01	2	1	0	1	1.0000	1.0000	-1.0000	NaN	10.8642	-11.9527	15.1914	862284.0977	862284.3998	1.0000	0.0000	0.7741
23xg01	2	1	0	1	2.0000	1.0000	1.0000	0.0433	NaN	NaN	NaN	862285.7261	862286.0810	1.0000	1.0000	0.5643
23xg01	2	2	0	1	1.0000	1.0000	-1.0000	NaN	6.7885	-9.1935	15.6816	862289.0673	862289.3695	1.0000	0.0000	1.3723
23xg01	2	2	0	1	2.0000	1.0000	1.0000	0.6773	NaN	NaN	NaN	862291.2785	862291.6321	0.0000	0.0000	2.3412
23xg01	2	3	0	1	1.0000	1.0000	-1.0000	NaN	8.7357	-6.0966	14.8876	862296.4971	862296.7992	1.0000	0.0000	1.2227
23xg01	2	3	0	1	2.0000	1.0000	-1.0000	0.5315	NaN	NaN	NaN	862298.5736	862298.9303	1.0000	0.0000	0.6111
23xg01	2	4	0	1	1.0000	1.0000	1.0000	NaN	1.1857	2.0486	14.8016	862301.7682	862302.0704	1.0000	1.0000	1.5047
23xg01	2	4	0	1	2.0000	1.0000	-1.0000	0.5116	NaN	NaN	NaN	862304.1267	862304.4801	0.0000	1.0000	0.8213
23xg01	2	5	0	1	1.0000	1.0000	-1.0000	NaN	11.5368	-10.1375	13.6844	862307.4869	862307.7908	1.0000	0.0000	2.4870
23xg01	2	5	0	1	2.0000	1.0000	-1.0000	0.1485	NaN	NaN	NaN	862310.8522	862311.2716	0.0000	1.0000	0.7183
23xg01	2	6	0	1	1.0000	1.0000	1.0000	NaN	2.5351	2.2113	16.7579	862313.9675	862314.2724	1.0000	1.0000	0.5170
23xg01	2	6	0	1	2.0000	1.0000	1.0000	0.0505	NaN	NaN	NaN	862315.3162	862315.7375	1.0000	1.0000	0.5718
23xg01	2	7	0	1	1.0000	1.0000	-1.0000	NaN	4.0709	-3.2881	12.6728	862318.6226	862318.9298	1.0000	0.0000	0.5328
23xg01	2	7	0	1	2.0000	1.0000	1.0000	0.7052	NaN	NaN	NaN	862320.0200	862320.4373	1.0000	1.0000	0.9767
23xg01	2	8	0	1	1.0000	1.0000	1.0000	NaN	0.2921	0.3721	16.1379	862323.5844	862323.8888	1.0000	1.0000	1.0132
23xg01	2	8	0	1	2.0000	1.0000	-1.0000	0.1058	NaN	NaN	NaN	862325.4574	862325.8703	1.0000	0.0000	0.7916
23xg01	2	9	0	1	1.0000	1.0000	1.0000	NaN	11.9821	13.1035	15.2225	862329.1493	862329.4538	1.0000	1.0000	0.4565
23xg01	2	9	0	1	2.0000	1.0000	1.0000	0.0599	NaN	NaN	NaN	862330.4675	862330.8506	1.0000	1.0000	0.7561
23xg01	2	10	0	1	1.0000	1.0000	1.0000	NaN	5.7544	6.2168	17.2963	862334.1706	862334.4727	1.0000	1.0000	0.5566
23xg01	2	10	0	1	2.0000	1.0000	-1.0000	0.5437	NaN	NaN	NaN	862335.5983	862335.9479	0.0000	1.0000	0.7947
23xg01	2	11	0	1	1.0000	1.0000	1.0000	NaN	6.0001	6.2730	14.4109	862338.9830	862339.2852	1.0000	1.0000	0.6241
23xg01	2	11	0	1	2.0000	1.0000	-1.0000	0.5842	NaN	NaN	NaN	862340.4640	862340.8144	1.0000	0.0000	0.4388
23xg01	2	12	0	1	1.0000	1.0000	-1.0000	NaN	4.3183	-4.2295	15.3020	862343.6596	862343.9618	1.0000	0.0000	0.3490
23xg01	2	12	0	1	2.0000	1.0000	-1.0000	0.2656	NaN	NaN	NaN	862344.8641	862345.2141	1.0000	0.0000	0.6008
23xg01	2	13	0	1	1.0000	1.0000	-1.0000	NaN	11.3992	-12.6118	15.1477	862348.0403	862348.3434	0.0000	1.0000	0.3665
23xg01	2	13	0	1	2.0000	1.0000	1.0000	0.7464	NaN	NaN	NaN	862349.2639	862349.6139	1.0000	1.0000	1.7688
23xg01	2	14	0	1	1.0000	1.0000	-1.0000	NaN	10.6354	-9.9944	14.0835	862353.6509	862353.9553	0.0000	1.0000	0.6915
23xg01	2	14	0	1	2.0000	1.0000	1.0000	0.5859	NaN	NaN	NaN	862355.1539	862355.5694	1.0000	1.0000	0.4039
23xg01	2	15	0	1	1.0000	1.0000	1.0000	NaN	10.3827	10.3709	15.4204	862358.4592	862358.7635	1.0000	1.0000	1.3537
23xg01	2	15	0	1	2.0000	1.0000	-1.0000	0.6448	NaN	NaN	NaN	862360.6734	862361.0855	0.0000	1.0000	0.9053
23xg01	2	16	0	1	1.0000	1.0000	1.0000	NaN	6.6042	5.4639	14.6663	862363.8142	862364.1163	1.0000	1.0000	0.5145
23xg01	2	16	0	1	2.0000	1.0000	1.0000	0.9025	NaN	NaN	NaN	862365.1823	862365.5323	0.0000	0.0000	1.0974
23xg01	2	17	0	1	1.0000	1.0000	1.0000	NaN	5.6269	3.2640	15.2870	862368.8636	862369.1658	1.0000	1.0000	0.3114
23xg01	2	17	0	1	2.0000	1.0000	1.0000	0.1662	NaN	NaN	NaN	862370.0140	862370.3654	1.0000	1.0000	0.5048
23xg01	2	18	0	1	1.0000	1.0000	-1.0000	NaN	5.8864	-3.9291	14.2258	862372.9998	862373.3020	1.0000	0.0000	0.6077
23xg01	2	18	0	1	2.0000	1.0000	1.0000	0.8703	NaN	NaN	NaN	862374.4787	862374.8293	1.0000	1.0000	0.4729
23xg01	2	19	0	1	1.0000	1.0000	1.0000	NaN	8.0068	8.8464	14.9756	862377.7986	862378.1007	1.0000	1.0000	0.3210
23xg01	2	19	0	1	2.0000	1.0000	1.0000	0.2232	NaN	NaN	NaN	862378.9743	862379.3276	0.0000	0.0000	1.2857
23xg01	2	20	0	1	1.0000	1.0000	1.0000	NaN	9.9694	13.0613	14.9525	862383.2516	862383.5537	1.0000	1.0000	0.3566
23xg01	2	20	0	1	2.0000	1.0000	-1.0000	0.6548	NaN	NaN	NaN	862384.4468	862384.7979	0.0000	1.0000	0.4250
23xg01	2	21	0	1	1.0000	1.0000	1.0000	NaN	1.0706	0.4780	16.0677	862387.5002	862387.8023	1.0000	1.0000	0.7636
23xg01	2	21	0	1	2.0000	1.0000	-1.0000	0.9478	NaN	NaN	NaN	862389.1181	862389.4717	0.0000	1.0000	0.6628
23xg01	2	22	0	1	1.0000	1.0000	1.0000	NaN	2.1793	3.0047	14.4111	862392.5162	862392.8184	1.0000	1.0000	0.2603
23xg01	2	22	0	1	2.0000	1.0000	1.0000	0.0239	NaN	NaN	NaN	862393.6625	862394.0144	1.0000	1.0000	0.5512
23xg01	2	23	0	1	1.0000	1.0000	1.0000	NaN	6.9846	7.0821	15.3236	862396.9864	862397.2891	1.0000	1.0000	0.1881
23xg01	2	23	0	1	2.0000	1.0000	-1.0000	0.5045	NaN	NaN	NaN	862398.0143	862398.3714	1.0000	0.0000	0.4663
23xg01	2	24	0	1	1.0000	1.0000	1.0000	NaN	4.9811	5.7771	13.8851	862401.3943	862401.6987	1.0000	1.0000	0.0191
23xg01	2	24	0	1	2.0000	1.0000	1.0000	0.1044	NaN	NaN	NaN	862402.2734	862402.6831	0.0000	0.0000	2.6514
23xg01	2	25	0	1	1.0000	1.0000	-1.0000	NaN	9.4134	-10.6716	13.3945	862407.7035	862408.0104	0.0000	1.0000	0.3964
23xg01	2	25	0	1	2.0000	1.0000	-1.0000	0.4997	NaN	NaN	NaN	862408.9482	862409.3311	1.0000	0.0000	0.4838
23xg01	2	26	0	1	1.0000	1.0000	-1.0000	NaN	0.7039	-1.8978	16.3129	862412.1032	862412.4068	1.0000	0.0000	0.5115
23xg01	2	26	0	1	2.0000	1.0000	-1.0000	0.9356	NaN	NaN	NaN	862413.4531	862413.8078	1.0000	0.0000	0.5019
23xg01	2	27	0	1	1.0000	1.0000	1.0000	NaN	1.3604	3.0255	14.6629	862416.5665	862416.8686	1.0000	1.0000	0.4017
23xg01	2	27	0	1	2.0000	1.0000	1.0000	0.2232	NaN	NaN	NaN	862417.7907	862418.1423	1.0000	1.0000	0.3921
23xg01	2	28	0	1	1.0000	1.0000	-1.0000	NaN	6.7535	-7.3588	14.3868	862420.8474	862421.1496	0.0000	1.0000	1.1761
23xg01	2	28	0	1	2.0000	1.0000	1.0000	0.0031	NaN	NaN	NaN	862422.8617	862423.2127	1.0000	1.0000	0.7285
23xg01	2	29	0	1	1.0000	1.0000	1.0000	NaN	0.1155	0.3862	13.3675	862426.0239	862426.3260	1.0000	1.0000	0.4956
23xg01	2	29	0	1	2.0000	1.0000	-1.0000	0.3047	NaN	NaN	NaN	862427.4216	862427.7751	1.0000	0.0000	0.5340
23xg01	2	30	0	1	1.0000	1.0000	-1.0000	NaN	5.8224	-7.6514	15.7577	862430.7776	862431.0797	1.0000	0.0000	0.7339
23xg01	2	30	0	1	2.0000	1.0000	-1.0000	0.3738	NaN	NaN	NaN	862432.3340	862432.6902	0.0000	1.0000	0.5790
23xg01	2	31	0	1	1.0000	1.0000	1.0000	NaN	2.3399	2.0917	15.1750	862435.3105	862435.6126	1.0000	1.0000	0.4421
23xg01	2	31	0	1	2.0000	1.0000	-1.0000	0.4847	NaN	NaN	NaN	862436.6068	862436.9580	1.0000	0.0000	0.5357
23xg01	2	32	0	1	1.0000	1.0000	-1.0000	NaN	9.6445	-8.6190	13.6268	862439.9464	862440.2486	1.0000	0.0000	0.9086
23xg01	2	32	0	1	2.0000	1.0000	-1.0000	0.3903	NaN	NaN	NaN	862441.6943	862442.0451	0.0000	1.0000	0.6320
23xg01	2	33	0	1	1.0000	1.0000	1.0000	NaN	1.5679	1.6866	15.0756	862445.0229	862445.3250	1.0000	1.0000	0.4887
23xg01	2	33	0	1	2.0000	1.0000	-1.0000	0.6172	NaN	NaN	NaN	862446.3496	862446.7062	0.0000	1.0000	0.4350
23xg01	2	34	0	1	1.0000	1.0000	1.0000	NaN	2.7790	3.9534	15.6858	862448.9653	862449.2674	1.0000	1.0000	0.3537
23xg01	2	34	0	1	2.0000	1.0000	1.0000	0.1055	NaN	NaN	NaN	862450.1959	862450.5780	1.0000	1.0000	0.5631
23xg01	2	35	0	1	1.0000	1.0000	1.0000	NaN	7.6389	6.1663	15.5098	862453.5397	862453.8419	1.0000	1.0000	0.4518
23xg01	2	35	0	1	2.0000	1.0000	1.0000	0.4870	NaN	NaN	NaN	862454.8142	862455.1684	1.0000	1.0000	0.7567
23xg01	2	36	0	1	1.0000	1.0000	1.0000	NaN	11.7834	12.4942	13.8774	862458.3824	862458.6845	1.0000	1.0000	0.2966
23xg01	2	36	0	1	2.0000	1.0000	-1.0000	0.0163	NaN	NaN	NaN	862459.5664	862459.9221	0.0000	1.0000	4.6270
23xg01	2	37	0	1	1.0000	1.0000	-1.0000	NaN	8.6537	-8.4357	14.7712	862466.6123	862466.9145	0.0000	1.0000	0.2907
23xg01	2	37	0	1	2.0000	1.0000	1.0000	0.8172	NaN	NaN	NaN	862467.7425	862468.0936	1.0000	1.0000	0.4561
23xg01	2	38	0	1	1.0000	1.0000	1.0000	NaN	7.9700	7.7726	15.0386	862470.6305	862470.9327	1.0000	1.0000	0.7045
23xg01	2	38	0	1	2.0000	1.0000	-1.0000	0.9240	NaN	NaN	NaN	862472.1747	862472.5242	0.0000	1.0000	0.5214
23xg01	2	39	0	1	1.0000	1.0000	1.0000	NaN	7.2969	5.5079	15.1196	862475.3536	862475.6557	1.0000	1.0000	1.1334
23xg01	2	39	0	1	2.0000	1.0000	-1.0000	0.2562	NaN	NaN	NaN	862477.3587	862477.7100	0.0000	1.0000	0.5516
23xg01	2	40	0	1	1.0000	1.0000	1.0000	NaN	6.6037	7.7579	13.3034	862480.2772	862480.5793	1.0000	1.0000	0.4978
23xg01	2	40	0	1	2.0000	1.0000	1.0000	0.1765	NaN	NaN	NaN	862481.6454	862482.0004	0.0000	0.0000	0.4214
23xg01	2	41	0	1	1.0000	1.0000	1.0000	NaN	6.7934	8.8907	15.2015	862484.6002	862484.9032	1.0000	1.0000	0.4459
23xg01	2	41	0	1	2.0000	1.0000	-1.0000	0.6483	NaN	NaN	NaN	862485.9499	862486.3038	1.0000	0.0000	1.4292
23xg01	2	42	0	1	1.0000	1.0000	-1.0000	NaN	7.8799	-6.8773	15.9828	862489.9290	862490.2311	0.0000	1.0000	0.3669
23xg01	2	42	0	1	2.0000	1.0000	1.0000	0.7504	NaN	NaN	NaN	862491.1504	862491.5042	0.0000	0.0000	0.5021
23xg01	2	43	0	1	1.0000	1.0000	-1.0000	NaN	0.0731	-1.5247	14.3356	862494.3814	862494.6842	1.0000	0.0000	0.5369
23xg01	2	43	0	1	2.0000	1.0000	-1.0000	0.0438	NaN	NaN	NaN	862495.7735	862496.1231	0.0000	1.0000	0.3786
23xg01	2	44	0	1	1.0000	1.0000	1.0000	NaN	0.8141	1.4330	15.2427	862498.5419	862498.8456	1.0000	1.0000	0.8718
23xg01	2	44	0	1	2.0000	1.0000	1.0000	0.4381	NaN	NaN	NaN	862500.3069	862500.7062	0.0000	0.0000	0.4364
23xg01	2	45	0	1	1.0000	1.0000	1.0000	NaN	11.2221	10.2326	15.3962	862503.6394	862503.9415	1.0000	1.0000	0.3369
23xg01	2	45	0	1	2.0000	1.0000	-1.0000	0.3279	NaN	NaN	NaN	862504.8457	862505.1992	0.0000	1.0000	0.4392
23xg01	2	46	0	1	1.0000	1.0000	1.0000	NaN	10.6602	10.3668	15.7993	862507.5528	862507.8549	1.0000	1.0000	0.3275
23xg01	2	46	0	1	2.0000	1.0000	1.0000	0.8085	NaN	NaN	NaN	862508.7337	862509.0877	0.0000	0.0000	0.5019
23xg01	2	47	0	1	1.0000	1.0000	1.0000	NaN	6.3625	5.3316	13.8036	862512.0405	862512.3426	1.0000	1.0000	0.8470
23xg01	2	47	0	1	2.0000	1.0000	1.0000	0.2094	NaN	NaN	NaN	862513.8225	862514.1722	1.0000	1.0000	1.1775
23xg01	2	48	0	1	1.0000	1.0000	-1.0000	NaN	8.0918	-7.1736	13.7960	862517.4553	862517.7575	0.0000	1.0000	0.9841
23xg01	2	48	0	1	2.0000	1.0000	-1.0000	0.6403	NaN	NaN	NaN	862519.3578	862519.7078	0.0000	1.0000	0.5698
23xg01	2	49	0	1	1.0000	1.0000	1.0000	NaN	0.2157	1.5696	13.0974	862522.7513	862523.0534	1.0000	1.0000	0.6161
23xg01	2	49	0	1	2.0000	1.0000	-1.0000	0.0547	NaN	NaN	NaN	862524.3663	862524.7202	0.0000	1.0000	0.4693
23xg01	2	50	0	1	1.0000	1.0000	-1.0000	NaN	7.2769	-6.6715	14.1270	862527.0764	862527.3786	0.0000	1.0000	0.6438
23xg01	2	50	0	1	2.0000	1.0000	-1.0000	0.1922	NaN	NaN	NaN	862528.5743	862528.9314	0.0000	1.0000	1.5384
23xg01	3	1	0	1	1.0000	1.0000	1.0000	NaN	1.6431	0.9423	14.6150	862537.4569	862537.7591	1.0000	1.0000	0.3587
23xg01	3	1	0	1	2.0000	1.0000	1.0000	0.3593	NaN	NaN	NaN	862538.6546	862539.0042	0.0000	0.0000	0.5049
23xg01	3	2	0	1	1.0000	1.0000	-1.0000	NaN	5.3287	-6.5932	14.9960	862542.1647	862542.4669	0.0000	1.0000	0.5640
23xg01	3	2	0	1	2.0000	1.0000	-1.0000	0.5180	NaN	NaN	NaN	862543.5501	862543.9026	1.0000	0.0000	1.1105
23xg01	3	3	0	1	1.0000	1.0000	1.0000	NaN	7.0304	7.6632	14.1988	862547.0721	862547.3758	1.0000	1.0000	0.4708
23xg01	3	3	0	1	2.0000	1.0000	-1.0000	0.0053	NaN	NaN	NaN	862548.4165	862548.8243	0.0000	1.0000	0.7487
23xg01	3	4	0	1	1.0000	1.0000	-1.0000	NaN	11.3871	-11.4493	14.2484	862552.0057	862552.3104	0.0000	1.0000	0.4952
23xg01	3	4	0	1	2.0000	1.0000	1.0000	0.5334	NaN	NaN	NaN	862553.3611	862553.7760	1.0000	1.0000	0.6291
23xg01	3	5	0	1	1.0000	1.0000	1.0000	NaN	4.8220	6.4185	16.0185	862556.7456	862557.0489	0.0000	0.0000	3.8047
23xg01	3	5	0	1	2.0000	1.0000	1.0000	0.2254	NaN	NaN	NaN	862561.4221	862561.7723	1.0000	1.0000	0.4262
23xg01	3	6	0	1	1.0000	1.0000	1.0000	NaN	7.7249	8.7449	15.5147	862564.4256	862564.7277	1.0000	1.0000	0.3338
23xg01	3	6	0	1	2.0000	1.0000	-1.0000	0.6639	NaN	NaN	NaN	862565.6299	862565.9835	1.0000	0.0000	1.9575
23xg01	3	7	0	1	1.0000	1.0000	-1.0000	NaN	3.4907	-3.5958	14.4579	862570.4429	862570.7450	1.0000	0.0000	0.4766
23xg01	3	7	0	1	2.0000	1.0000	1.0000	0.1171	NaN	NaN	NaN	862571.8065	862572.1626	1.0000	1.0000	0.5640
23xg01	3	8	0	1	1.0000	1.0000	-1.0000	NaN	9.7327	-10.5783	15.7295	862575.1424	862575.4446	1.0000	0.0000	0.5454
23xg01	3	8	0	1	2.0000	1.0000	-1.0000	0.9144	NaN	NaN	NaN	862576.5419	862576.8954	0.0000	1.0000	1.1742
23xg01	3	9	0	1	1.0000	1.0000	1.0000	NaN	4.9718	5.7144	15.3260	862580.6559	862580.9580	1.0000	1.0000	0.6956
23xg01	3	9	0	1	2.0000	1.0000	1.0000	0.7872	NaN	NaN	NaN	862582.2702	862582.6211	1.0000	1.0000	1.1119
23xg01	3	10	0	1	1.0000	1.0000	-1.0000	NaN	7.2954	-8.3796	14.5956	862586.0201	862586.3223	0.0000	1.0000	0.7388
23xg01	3	10	0	1	2.0000	1.0000	-1.0000	0.8089	NaN	NaN	NaN	862587.6139	862587.9670	0.0000	1.0000	0.7900
23xg01	3	11	0	1	1.0000	1.0000	1.0000	NaN	3.7641	4.6738	15.7636	862590.8945	862591.1977	1.0000	1.0000	0.6330
23xg01	3	11	0	1	2.0000	1.0000	1.0000	0.4552	NaN	NaN	NaN	862592.4463	862592.8001	0.0000	0.0000	1.7820
23xg01	3	12	0	1	1.0000	1.0000	1.0000	NaN	7.7849	8.5824	14.8632	862596.7884	862597.0933	1.0000	1.0000	0.4797
23xg01	3	12	0	1	2.0000	1.0000	-1.0000	0.0137	NaN	NaN	NaN	862598.1131	862598.5016	1.0000	0.0000	1.1038
23xg01	3	13	0	1	1.0000	1.0000	1.0000	NaN	5.8413	5.6975	15.8701	862602.2316	862602.5337	1.0000	1.0000	0.2720
23xg01	3	13	0	1	2.0000	1.0000	-1.0000	0.0742	NaN	NaN	NaN	862603.3583	862603.7151	0.0000	1.0000	0.8499
23xg01	3	14	0	1	1.0000	1.0000	1.0000	NaN	3.7306	3.3873	14.7056	862606.6980	862607.0001	1.0000	1.0000	0.3815
23xg01	3	14	0	1	2.0000	1.0000	-1.0000	0.6519	NaN	NaN	NaN	862607.9828	862608.3341	1.0000	0.0000	0.7915
23xg01	3	15	0	1	1.0000	1.0000	-1.0000	NaN	7.5284	-6.3590	15.4888	862611.6172	862611.9193	0.0000	1.0000	0.5828
23xg01	3	15	0	1	2.0000	1.0000	-1.0000	0.6310	NaN	NaN	NaN	862613.0858	862613.4362	0.0000	1.0000	0.5534
23xg01	3	16	0	1	1.0000	1.0000	-1.0000	NaN	3.1915	-3.8021	15.3915	862616.2806	862616.5827	0.0000	1.0000	0.5902
23xg01	3	16	0	1	2.0000	1.0000	-1.0000	0.0131	NaN	NaN	NaN	862617.7422	862618.0975	0.0000	1.0000	0.6606
23xg01	3	17	0	1	1.0000	1.0000	-1.0000	NaN	1.4002	-0.8044	14.3329	862621.1418	862621.4447	1.0000	0.0000	0.4013
23xg01	3	17	0	1	2.0000	1.0000	-1.0000	0.0261	NaN	NaN	NaN	862622.4297	862622.7819	0.0000	1.0000	0.5996
23xg01	3	18	0	1	1.0000	1.0000	1.0000	NaN	8.0894	6.2204	15.7276	862625.5382	862625.8404	1.0000	1.0000	0.4365
23xg01	3	18	0	1	2.0000	1.0000	-1.0000	0.0862	NaN	NaN	NaN	862626.8620	862627.2150	0.0000	1.0000	0.6306
23xg01	3	19	0	1	1.0000	1.0000	1.0000	NaN	7.0520	6.5423	15.2208	862630.2691	862630.5712	1.0000	1.0000	0.3777
23xg01	3	19	0	1	2.0000	1.0000	-1.0000	0.3853	NaN	NaN	NaN	862631.5182	862631.8689	0.0000	1.0000	0.5526
23xg01	3	20	0	1	1.0000	1.0000	-1.0000	NaN	11.1445	-11.5739	15.0951	862634.3964	862634.6985	0.0000	1.0000	0.3949
23xg01	3	20	0	1	2.0000	1.0000	-1.0000	0.4379	NaN	NaN	NaN	862635.6614	862636.0146	1.0000	0.0000	0.9503
23xg01	3	21	0	1	1.0000	1.0000	-1.0000	NaN	8.5712	-9.3891	15.5564	862639.1499	862639.4520	0.0000	1.0000	0.3773
23xg01	3	21	0	1	2.0000	1.0000	1.0000	0.6275	NaN	NaN	NaN	862640.3661	862640.7158	0.0000	0.0000	0.7139
23xg01	3	22	0	1	1.0000	1.0000	1.0000	NaN	1.9703	2.3109	13.9242	862643.4318	862643.7355	1.0000	1.0000	0.4295
23xg01	3	22	0	1	2.0000	1.0000	-1.0000	0.5697	NaN	NaN	NaN	862644.7529	862645.1686	0.0000	1.0000	0.9004
23xg01	3	23	0	1	1.0000	1.0000	-1.0000	NaN	6.0659	-5.4194	14.4724	862648.3233	862648.6301	1.0000	0.0000	0.4956
23xg01	3	23	0	1	2.0000	1.0000	-1.0000	0.9241	NaN	NaN	NaN	862649.7148	862650.1508	0.0000	1.0000	0.6541
23xg01	3	24	0	1	1.0000	1.0000	1.0000	NaN	2.1120	3.0519	14.6167	862653.1892	862653.4965	1.0000	1.0000	0.3330
23xg01	3	24	0	1	2.0000	1.0000	-1.0000	0.6411	NaN	NaN	NaN	862654.3867	862654.8042	0.0000	1.0000	0.4654
23xg01	3	25	0	1	1.0000	1.0000	1.0000	NaN	8.5140	5.6333	15.0751	862657.4094	862657.7115	1.0000	1.0000	0.2620
23xg01	3	25	0	1	2.0000	1.0000	-1.0000	0.8420	NaN	NaN	NaN	862658.5412	862658.8954	0.0000	1.0000	0.3430
23xg01	3	26	0	1	1.0000	1.0000	-1.0000	NaN	8.1554	-8.8578	14.6601	862661.6517	862661.9539	1.0000	0.0000	0.4671
23xg01	3	26	0	1	2.0000	1.0000	-1.0000	0.2127	NaN	NaN	NaN	862663.0219	862663.3785	0.0000	1.0000	0.4184
23xg01	3	27	0	1	1.0000	1.0000	1.0000	NaN	8.4524	8.6842	15.4606	862666.0401	862666.3436	1.0000	1.0000	0.3173
23xg01	3	27	0	1	2.0000	1.0000	1.0000	0.4801	NaN	NaN	NaN	862667.2310	862667.5812	0.0000	0.0000	1.8804
23xg01	3	28	0	1	1.0000	1.0000	1.0000	NaN	11.2085	10.2459	14.4383	862671.8155	862672.1177	1.0000	1.0000	0.2719
23xg01	3	28	0	1	2.0000	1.0000	-1.0000	0.8780	NaN	NaN	NaN	862672.9731	862673.3279	1.0000	0.0000	0.9010
23xg01	3	29	0	1	1.0000	1.0000	1.0000	NaN	2.9719	3.7478	14.8709	862676.4841	862676.7863	1.0000	1.0000	0.4031
23xg01	3	29	0	1	2.0000	1.0000	-1.0000	0.8609	NaN	NaN	NaN	862677.7573	862678.1110	0.0000	1.0000	2.5352
23xg01	3	30	0	1	1.0000	1.0000	-1.0000	NaN	8.6599	-7.7796	14.3224	862682.9608	862683.2630	1.0000	0.0000	0.4229
23xg01	3	30	0	1	2.0000	1.0000	-1.0000	0.3644	NaN	NaN	NaN	862684.2377	862684.5942	0.0000	1.0000	1.1707
23xg01	3	31	0	1	1.0000	1.0000	-1.0000	NaN	6.9024	-6.0006	13.4784	862687.7318	862688.0339	1.0000	0.0000	0.4349
23xg01	3	31	0	1	2.0000	1.0000	-1.0000	0.1854	NaN	NaN	NaN	862689.0220	862689.3772	1.0000	0.0000	0.6276
23xg01	3	32	0	1	1.0000	1.0000	1.0000	NaN	11.0920	10.3914	15.7576	862692.6180	862692.9229	1.0000	1.0000	0.4112
23xg01	3	32	0	1	2.0000	1.0000	1.0000	0.0996	NaN	NaN	NaN	862693.9213	862694.3483	1.0000	1.0000	1.0646
23xg01	3	33	0	1	1.0000	1.0000	1.0000	NaN	9.7284	9.9196	15.1774	862697.7316	862698.0364	1.0000	1.0000	1.1205
23xg01	3	33	0	1	2.0000	1.0000	1.0000	0.5419	NaN	NaN	NaN	862699.7619	862700.1852	1.0000	1.0000	1.1807
23xg01	3	34	0	1	1.0000	1.0000	-1.0000	NaN	3.6279	-1.8109	15.7248	862703.7761	862704.0808	1.0000	0.0000	0.7720
23xg01	3	34	0	1	2.0000	1.0000	-1.0000	0.7242	NaN	NaN	NaN	862705.4408	862705.8644	1.0000	0.0000	0.7338
23xg01	3	35	0	1	1.0000	1.0000	1.0000	NaN	11.4865	12.5891	15.0950	862708.6860	862708.9932	1.0000	1.0000	0.2916
23xg01	3	35	0	1	2.0000	1.0000	1.0000	0.5316	NaN	NaN	NaN	862709.8894	862710.3008	1.0000	1.0000	0.4404
23xg01	3	36	0	1	1.0000	1.0000	1.0000	NaN	9.9233	8.7369	13.4270	862713.1310	862713.4355	1.0000	1.0000	0.2504
23xg01	3	36	0	1	2.0000	1.0000	-1.0000	0.7885	NaN	NaN	NaN	862714.2411	862714.6622	0.0000	1.0000	0.3684
23xg01	3	37	0	1	1.0000	1.0000	-1.0000	NaN	6.5614	-6.8669	15.0581	862717.2136	862717.5181	1.0000	0.0000	0.4867
23xg01	3	37	0	1	2.0000	1.0000	-1.0000	0.5576	NaN	NaN	NaN	862718.5798	862719.0004	0.0000	1.0000	0.2703
23xg01	3	38	0	1	1.0000	1.0000	1.0000	NaN	9.9503	10.2255	14.3414	862721.7016	862722.0076	1.0000	1.0000	0.2212
23xg01	3	38	0	1	2.0000	1.0000	1.0000	0.3003	NaN	NaN	NaN	862722.7841	862723.2002	1.0000	1.0000	0.3414
23xg01	3	39	0	1	1.0000	1.0000	-1.0000	NaN	10.2873	-9.8547	16.3915	862725.6471	862725.9515	0.0000	1.0000	0.5984
23xg01	3	39	0	1	2.0000	1.0000	-1.0000	0.3454	NaN	NaN	NaN	862727.1526	862727.5666	1.0000	0.0000	0.2628
23xg01	3	40	0	1	1.0000	1.0000	1.0000	NaN	11.7008	12.5593	16.0917	862729.9740	862730.2785	1.0000	1.0000	0.2703
23xg01	3	40	0	1	2.0000	1.0000	-1.0000	0.7967	NaN	NaN	NaN	862731.1366	862731.5498	0.0000	1.0000	0.4396
23xg01	3	41	0	1	1.0000	1.0000	1.0000	NaN	5.2993	4.9208	13.9497	862734.1557	862734.4606	1.0000	1.0000	0.3613
23xg01	3	41	0	1	2.0000	1.0000	-1.0000	0.3864	NaN	NaN	NaN	862735.4267	862735.8361	0.0000	1.0000	0.1847
23xg01	3	42	0	1	1.0000	1.0000	1.0000	NaN	5.1995	6.4470	15.1373	862738.2167	862738.5212	1.0000	1.0000	1.1796
23xg01	3	42	0	1	2.0000	1.0000	-1.0000	0.5489	NaN	NaN	NaN	862740.2563	862740.6654	1.0000	0.0000	0.4114
23xg01	3	43	0	1	1.0000	1.0000	1.0000	NaN	0.7749	0.6337	14.7128	862743.2253	862743.5301	1.0000	1.0000	0.3801
23xg01	3	43	0	1	2.0000	1.0000	1.0000	0.4574	NaN	NaN	NaN	862744.4655	862744.8705	1.0000	1.0000	0.6229
23xg01	3	44	0	1	1.0000	1.0000	1.0000	NaN	5.8607	5.4425	14.3132	862747.8518	862748.1591	1.0000	1.0000	0.4230
23xg01	3	44	0	1	2.0000	1.0000	-1.0000	0.5112	NaN	NaN	NaN	862749.1059	862749.5289	0.0000	1.0000	1.3399
23xg01	3	45	0	1	1.0000	1.0000	1.0000	NaN	3.2612	4.1651	14.6330	862753.2404	862753.5452	1.0000	1.0000	0.3014
23xg01	3	45	0	1	2.0000	1.0000	-1.0000	0.3180	NaN	NaN	NaN	862754.4338	862754.8486	0.0000	1.0000	0.7411
23xg01	3	46	0	1	1.0000	1.0000	-1.0000	NaN	4.3314	-4.3441	15.3144	862757.7790	862758.0834	1.0000	0.0000	0.3228
23xg01	3	46	0	1	2.0000	1.0000	1.0000	0.3465	NaN	NaN	NaN	862759.0118	862759.4317	0.0000	0.0000	0.7331
23xg01	3	47	0	1	1.0000	1.0000	-1.0000	NaN	3.2168	-5.9474	14.9906	862762.5648	862762.8692	0.0000	1.0000	0.4481
23xg01	3	47	0	1	2.0000	1.0000	-1.0000	0.4687	NaN	NaN	NaN	862763.8893	862764.3096	1.0000	0.0000	0.2407
23xg01	3	48	0	1	1.0000	1.0000	-1.0000	NaN	4.1583	-5.0384	14.7644	862766.9341	862767.2416	0.0000	1.0000	0.3474
23xg01	3	48	0	1	2.0000	1.0000	1.0000	0.5760	NaN	NaN	NaN	862768.1788	862768.5979	1.0000	1.0000	0.4001
23xg01	3	49	0	1	1.0000	1.0000	-1.0000	NaN	4.9846	-3.6006	14.8189	862770.9353	862771.2419	0.0000	1.0000	0.3480
23xg01	3	49	0	1	2.0000	1.0000	-1.0000	0.1403	NaN	NaN	NaN	862772.1637	862772.5810	1.0000	0.0000	0.3517
23xg01	3	50	0	1	1.0000	1.0000	1.0000	NaN	10.0836	10.6277	14.0245	862774.9737	862775.2781	1.0000	1.0000	0.2966
23xg01	3	50	0	1	2.0000	1.0000	-1.0000	0.8085	NaN	NaN	NaN	862776.1636	862776.5803	0.0000	1.0000	0.1616
