28hb04	1	1	1	1	1.0000	1.0000	1.0000	NaN	1.6865	0.1805	15.1129	1265743.8969	1265744.1992	0.0000	0.0000	0.4216
28hb04	1	1	1	1	2.0000	1.0000	-1.0000	0.5815	NaN	NaN	NaN	1265745.1435	1265745.4938	0.0000	1.0000	0.1509
28hb04	1	2	1	1	1.0000	1.0000	-1.0000	NaN	4.1735	-5.6925	13.0833	1265748.0215	1265748.3237	0.0000	1.0000	0.2491
28hb04	1	2	1	1	2.0000	1.0000	1.0000	0.1770	NaN	NaN	NaN	1265749.1101	1265749.4602	1.0000	1.0000	2.6805
28hb04	1	3	1	1	1.0000	1.0000	1.0000	NaN	0.3555	0.3867	14.5283	1265754.1617	1265754.4639	1.0000	1.0000	0.2064
28hb04	1	3	1	1	2.0000	1.0000	1.0000	0.0836	NaN	NaN	NaN	1265755.1905	1265755.5414	1.0000	1.0000	0.5513
28hb04	1	4	1	1	1.0000	1.0000	1.0000	NaN	1.4365	3.6125	15.7110	1265758.1018	1265758.4088	0.0000	0.0000	0.2606
28hb04	1	4	1	1	2.0000	1.0000	-1.0000	0.1218	NaN	NaN	NaN	1265759.2119	1265759.6317	1.0000	0.0000	0.0943
28hb04	1	5	1	1	1.0000	1.0000	1.0000	NaN	4.7326	3.4593	13.5042	1265762.0530	1265762.3589	1.0000	1.0000	0.2304
28hb04	1	5	1	1	2.0000	1.0000	1.0000	0.0340	NaN	NaN	NaN	1265763.1306	1265763.5478	1.0000	1.0000	0.0005
28hb04	1	6	1	1	1.0000	1.0000	1.0000	NaN	1.2538	1.8029	16.8513	1265765.9655	1265766.2722	0.0000	0.0000	0.2525
28hb04	1	6	1	1	2.0000	1.0000	-1.0000	0.7013	NaN	NaN	NaN	1265767.0490	1265767.4774	1.0000	0.0000	0.2008
28hb04	1	7	1	1	1.0000	1.0000	1.0000	NaN	1.5709	1.9752	14.6178	1265770.0275	1265770.3324	1.0000	1.0000	0.1613
28hb04	1	7	1	1	2.0000	1.0000	1.0000	0.6305	NaN	NaN	NaN	1265771.0013	1265771.4140	1.0000	1.0000	0.1518
28hb04	1	8	1	1	1.0000	1.0000	-1.0000	NaN	1.7941	-0.5135	14.8544	1265773.4993	1265773.8065	0.0000	1.0000	0.2069
28hb04	1	8	1	1	2.0000	1.0000	1.0000	0.0530	NaN	NaN	NaN	1265774.5526	1265774.9515	1.0000	1.0000	0.1499
28hb04	1	9	1	1	1.0000	1.0000	-1.0000	NaN	0.6012	-2.4800	15.2027	1265776.8782	1265777.1803	0.0000	1.0000	0.2257
28hb04	1	9	1	1	2.0000	1.0000	1.0000	0.4423	NaN	NaN	NaN	1265777.9256	1265778.2784	1.0000	1.0000	0.1836
28hb04	1	10	1	1	1.0000	1.0000	-1.0000	NaN	4.5282	-3.6074	15.1089	1265780.8100	1265781.1121	0.0000	1.0000	0.2779
28hb04	1	10	1	1	2.0000	1.0000	1.0000	0.2738	NaN	NaN	NaN	1265781.9584	1265782.3086	1.0000	1.0000	0.1842
28hb04	1	11	1	1	1.0000	1.0000	1.0000	NaN	0.7495	0.2093	16.3045	1265784.3340	1265784.6374	0.0000	0.0000	0.3517
28hb04	1	11	1	1	2.0000	1.0000	-1.0000	0.4560	NaN	NaN	NaN	1265785.5099	1265785.8610	0.0000	1.0000	0.3437
28hb04	1	12	1	1	1.0000	1.0000	-1.0000	NaN	4.5806	-3.6282	14.4597	1265788.6942	1265788.9964	0.0000	1.0000	0.2814
28hb04	1	12	1	1	2.0000	1.0000	1.0000	0.1315	NaN	NaN	NaN	1265789.7976	1265790.1508	1.0000	1.0000	0.0007
28hb04	1	13	1	1	1.0000	1.0000	-1.0000	NaN	2.0397	-2.3228	16.1166	1265792.4830	1265792.7862	0.0000	1.0000	0.2351
28hb04	1	13	1	1	2.0000	1.0000	1.0000	0.4011	NaN	NaN	NaN	1265793.5580	1265793.9079	1.0000	1.0000	0.0901
28hb04	1	14	1	1	1.0000	1.0000	-1.0000	NaN	2.7973	-3.6065	14.4673	1265796.2644	1265796.5667	0.0000	1.0000	0.4073
28hb04	1	14	1	1	2.0000	1.0000	1.0000	0.0477	NaN	NaN	NaN	1265797.5423	1265797.8936	1.0000	1.0000	3.7356
28hb04	1	15	1	1	1.0000	1.0000	1.0000	NaN	3.1838	3.2572	14.9336	1265803.9638	1265804.2703	1.0000	1.0000	0.3838
28hb04	1	15	1	1	2.0000	1.0000	1.0000	0.5878	NaN	NaN	NaN	1265805.1948	1265805.6119	1.0000	1.0000	0.0339
28hb04	1	16	1	1	1.0000	1.0000	1.0000	NaN	5.5686	6.1424	15.0370	1265807.8431	1265808.1453	1.0000	1.0000	0.2687
28hb04	1	16	1	1	2.0000	1.0000	1.0000	0.0175	NaN	NaN	NaN	1265808.9497	1265809.3040	1.0000	1.0000	0.2137
28hb04	1	17	1	1	1.0000	1.0000	1.0000	NaN	2.2905	2.1754	14.6155	1265812.0664	1265812.3694	1.0000	1.0000	0.3638
28hb04	1	17	1	1	2.0000	1.0000	1.0000	0.0990	NaN	NaN	NaN	1265813.2387	1265813.5899	1.0000	1.0000	0.4562
28hb04	1	18	1	1	1.0000	1.0000	1.0000	NaN	0.5374	3.5423	14.6788	1265816.3717	1265816.6740	0.0000	0.0000	0.5392
28hb04	1	18	1	1	2.0000	1.0000	-1.0000	0.2176	NaN	NaN	NaN	1265817.7489	1265818.1035	1.0000	0.0000	0.5018
28hb04	1	19	1	1	1.0000	1.0000	1.0000	NaN	3.6966	3.4964	14.8440	1265821.0355	1265821.3377	1.0000	1.0000	0.2598
28hb04	1	19	1	1	2.0000	1.0000	1.0000	0.0689	NaN	NaN	NaN	1265822.1338	1265822.4879	1.0000	1.0000	0.0055
28hb04	1	20	1	1	1.0000	1.0000	-1.0000	NaN	0.8132	-0.3434	14.0941	1265824.6420	1265824.9442	1.0000	0.0000	0.1724
28hb04	1	20	1	1	2.0000	1.0000	-1.0000	0.2490	NaN	NaN	NaN	1265825.6394	1265825.9898	0.0000	1.0000	0.3121
28hb04	1	21	1	1	1.0000	1.0000	1.0000	NaN	0.1760	0.1583	13.5588	1265828.5271	1265828.8293	1.0000	1.0000	0.3034
28hb04	1	21	1	1	2.0000	1.0000	1.0000	0.0168	NaN	NaN	NaN	1265829.6553	1265830.0060	1.0000	1.0000	0.2317
28hb04	1	22	1	1	1.0000	1.0000	1.0000	NaN	4.4211	4.4184	14.5531	1265832.1195	1265832.4216	1.0000	1.0000	0.2310
28hb04	1	22	1	1	2.0000	1.0000	1.0000	0.3786	NaN	NaN	NaN	1265833.1580	1265833.5087	0.0000	0.0000	0.3445
28hb04	1	23	1	1	1.0000	1.0000	-1.0000	NaN	3.0872	-1.5920	14.0148	1265835.9692	1265836.2714	1.0000	0.0000	0.2052
28hb04	1	23	1	1	2.0000	1.0000	-1.0000	0.3506	NaN	NaN	NaN	1265836.9815	1265837.3359	1.0000	0.0000	0.3408
28hb04	1	24	1	1	1.0000	1.0000	-1.0000	NaN	1.2104	-0.9740	12.8767	1265839.9125	1265840.2148	1.0000	0.0000	0.2298
28hb04	1	24	1	1	2.0000	1.0000	-1.0000	0.2054	NaN	NaN	NaN	1265840.9975	1265841.3525	0.0000	1.0000	0.1481
28hb04	1	25	1	1	1.0000	1.0000	1.0000	NaN	0.4192	0.2359	15.2635	1265843.4041	1265843.7063	1.0000	1.0000	0.2584
28hb04	1	25	1	1	2.0000	1.0000	1.0000	0.4897	NaN	NaN	NaN	1265844.5026	1265844.8534	1.0000	1.0000	0.2477
28hb04	1	26	1	1	1.0000	1.0000	-1.0000	NaN	4.2174	-5.6302	15.5608	1265847.3399	1265847.6422	0.0000	1.0000	0.2268
28hb04	1	26	1	1	2.0000	1.0000	1.0000	0.5555	NaN	NaN	NaN	1265848.4217	1265848.7719	1.0000	1.0000	0.0005
28hb04	1	27	1	1	1.0000	1.0000	-1.0000	NaN	0.7120	-1.6115	14.8146	1265851.0360	1265851.3382	0.0000	1.0000	0.2908
28hb04	1	27	1	1	2.0000	1.0000	1.0000	0.3715	NaN	NaN	NaN	1265852.1385	1265852.5421	1.0000	1.0000	0.3032
28hb04	1	28	1	1	1.0000	1.0000	-1.0000	NaN	1.8637	-0.4117	17.4238	1265855.0886	1265855.3923	0.0000	1.0000	0.1083
28hb04	1	28	1	1	2.0000	1.0000	1.0000	0.5012	NaN	NaN	NaN	1265856.0417	1265856.4574	1.0000	1.0000	0.0205
28hb04	1	29	1	1	1.0000	1.0000	-1.0000	NaN	2.7816	-0.7635	14.3224	1265859.0206	1265859.3243	1.0000	0.0000	2.3523
28hb04	1	29	1	1	2.0000	1.0000	-1.0000	0.3014	NaN	NaN	NaN	1265862.2003	1265862.6226	0.0000	1.0000	0.3031
28hb04	1	30	1	1	1.0000	1.0000	1.0000	NaN	3.3001	0.9055	16.8600	1265864.7903	1265865.0951	1.0000	1.0000	0.4700
28hb04	1	30	1	1	2.0000	1.0000	1.0000	0.1401	NaN	NaN	NaN	1265866.0920	1265866.5091	1.0000	1.0000	0.2881
28hb04	1	31	1	1	1.0000	1.0000	1.0000	NaN	1.3933	1.1489	15.7069	1265869.1221	1265869.4265	0.0000	0.0000	0.1710
28hb04	1	31	1	1	2.0000	1.0000	-1.0000	0.5665	NaN	NaN	NaN	1265870.1396	1265870.5589	1.0000	0.0000	0.0949
28hb04	1	32	1	1	1.0000	1.0000	-1.0000	NaN	2.8629	-1.5691	15.0228	1265873.1140	1265873.4163	1.0000	0.0000	0.4842
28hb04	1	32	1	1	2.0000	1.0000	-1.0000	0.1446	NaN	NaN	NaN	1265874.4059	1265874.7568	1.0000	0.0000	0.2317
28hb04	1	33	1	1	1.0000	1.0000	-1.0000	NaN	4.6316	-1.7635	14.2351	1265877.6171	1265877.9194	0.0000	1.0000	0.2059
28hb04	1	33	1	1	2.0000	1.0000	1.0000	0.0484	NaN	NaN	NaN	1265878.6617	1265879.0172	1.0000	1.0000	0.0366
28hb04	1	34	1	1	1.0000	1.0000	1.0000	NaN	0.6724	0.4074	14.9850	1265881.3138	1265881.6160	0.0000	0.0000	0.1577
28hb04	1	34	1	1	2.0000	1.0000	-1.0000	0.1865	NaN	NaN	NaN	1265882.3250	1265882.6795	1.0000	0.0000	0.0222
28hb04	1	35	1	1	1.0000	1.0000	-1.0000	NaN	2.2935	-0.8569	14.4718	1265884.9667	1265885.2689	0.0000	1.0000	0.2968
28hb04	1	35	1	1	2.0000	1.0000	1.0000	0.4334	NaN	NaN	NaN	1265886.1339	1265886.4847	1.0000	1.0000	0.2479
28hb04	1	36	1	1	1.0000	1.0000	-1.0000	NaN	4.8117	-2.6594	16.5643	1265889.0165	1265889.3188	0.0000	1.0000	0.2149
28hb04	1	36	1	1	2.0000	1.0000	1.0000	0.3702	NaN	NaN	NaN	1265890.0701	1265890.4225	1.0000	1.0000	0.0872
28hb04	1	37	1	1	1.0000	1.0000	1.0000	NaN	4.1676	5.7062	14.6645	1265892.5571	1265892.8593	1.0000	1.0000	0.1623
28hb04	1	37	1	1	2.0000	1.0000	1.0000	0.0667	NaN	NaN	NaN	1265893.5894	1265893.9458	1.0000	1.0000	0.2598
28hb04	1	38	1	1	1.0000	1.0000	1.0000	NaN	2.9313	3.7013	14.2129	1265896.1671	1265896.4693	1.0000	1.0000	0.4399
28hb04	1	38	1	1	2.0000	1.0000	1.0000	0.2706	NaN	NaN	NaN	1265897.5279	1265897.9409	1.0000	1.0000	0.4237
28hb04	1	39	1	1	1.0000	1.0000	1.0000	NaN	2.4847	1.5384	14.7692	1265901.1018	1265901.4040	0.0000	0.0000	0.8171
28hb04	1	39	1	1	2.0000	1.0000	-1.0000	0.5152	NaN	NaN	NaN	1265902.7736	1265903.1284	0.0000	1.0000	0.5481
28hb04	1	40	1	1	1.0000	1.0000	1.0000	NaN	1.2989	2.6531	14.6573	1265906.0761	1265906.3782	1.0000	1.0000	0.2435
28hb04	1	40	1	1	2.0000	1.0000	1.0000	0.2561	NaN	NaN	NaN	1265907.2054	1265907.5617	1.0000	1.0000	0.1148
28hb04	1	41	1	1	1.0000	1.0000	-1.0000	NaN	1.2126	-0.2297	12.8113	1265909.9324	1265910.2346	0.0000	1.0000	0.2103
28hb04	1	41	1	1	2.0000	1.0000	1.0000	0.4453	NaN	NaN	NaN	1265911.0299	1265911.3835	1.0000	1.0000	0.1343
28hb04	1	42	1	1	1.0000	1.0000	1.0000	NaN	2.4319	1.1414	15.2905	1265913.6484	1265913.9506	0.0000	0.0000	0.2072
28hb04	1	42	1	1	2.0000	1.0000	-1.0000	0.0254	NaN	NaN	NaN	1265914.7253	1265915.0819	1.0000	0.0000	0.4515
28hb04	1	43	1	1	1.0000	1.0000	-1.0000	NaN	1.1249	-0.7163	13.9329	1265917.8818	1265918.1840	0.0000	1.0000	0.1977
28hb04	1	43	1	1	2.0000	1.0000	1.0000	0.4762	NaN	NaN	NaN	1265918.9015	1265919.2515	1.0000	1.0000	0.1542
28hb04	1	44	1	1	1.0000	1.0000	1.0000	NaN	5.0185	5.8424	15.5249	1265921.7035	1265922.0057	1.0000	1.0000	0.2309
28hb04	1	44	1	1	2.0000	1.0000	1.0000	0.6747	NaN	NaN	NaN	1265922.7737	1265923.1275	1.0000	1.0000	0.0377
28hb04	1	45	1	1	1.0000	1.0000	1.0000	NaN	2.4513	2.8098	15.8063	1265925.5892	1265925.8914	1.0000	1.0000	0.1211
28hb04	1	45	1	1	2.0000	1.0000	1.0000	0.7139	NaN	NaN	NaN	1265926.5821	1265926.9326	1.0000	1.0000	0.2645
28hb04	1	46	1	1	1.0000	1.0000	-1.0000	NaN	6.0164	-6.6617	15.2740	1265929.6188	1265929.9210	0.0000	1.0000	0.6842
28hb04	1	46	1	1	2.0000	1.0000	1.0000	0.3867	NaN	NaN	NaN	1265931.1728	1265931.5271	1.0000	1.0000	0.1829
28hb04	1	47	1	1	1.0000	1.0000	1.0000	NaN	2.0693	0.8542	14.6881	1265933.9057	1265934.2080	0.0000	0.0000	2.1571
28hb04	1	47	1	1	2.0000	1.0000	-1.0000	0.1397	NaN	NaN	NaN	1265936.8847	1265937.2372	1.0000	0.0000	0.2004
28hb04	1	48	1	1	1.0000	1.0000	-1.0000	NaN	3.7494	-4.5185	15.6109	1265939.9558	1265940.2580	1.0000	0.0000	0.2670
28hb04	1	48	1	1	2.0000	1.0000	-1.0000	0.7122	NaN	NaN	NaN	1265941.0293	1265941.3819	0.0000	1.0000	0.1826
28hb04	1	49	1	1	1.0000	1.0000	-1.0000	NaN	5.5090	-2.7530	15.8050	1265943.6484	1265943.9506	0.0000	1.0000	0.1908
28hb04	1	49	1	1	2.0000	1.0000	1.0000	0.0577	NaN	NaN	NaN	1265944.6812	1265945.0878	1.0000	1.0000	0.0006
28hb04	1	50	1	1	1.0000	1.0000	-1.0000	NaN	4.9615	-5.2744	15.8637	1265947.2225	1265947.5267	0.0000	1.0000	0.2137
28hb04	1	50	1	1	2.0000	1.0000	1.0000	0.3510	NaN	NaN	NaN	1265948.3120	1265948.7203	1.0000	1.0000	0.0006
28hb04	2	1	1	1	1.0000	1.0000	1.0000	NaN	5.1037	5.4169	15.7960	1265983.3833	1265983.6881	0.0000	0.0000	3.5887
28hb04	2	1	1	1	2.0000	1.0000	-1.0000	0.3792	NaN	NaN	NaN	1265987.8518	1265988.2831	0.0000	1.0000	0.4179
28hb04	2	2	1	1	1.0000	1.0000	-1.0000	NaN	5.1036	-5.0853	14.4105	1265990.9663	1265991.2712	0.0000	1.0000	0.8544
28hb04	2	2	1	1	2.0000	1.0000	1.0000	0.6126	NaN	NaN	NaN	1265992.6190	1265993.0240	0.0000	0.0000	7.4684
28hb04	2	3	1	1	1.0000	1.0000	-1.0000	NaN	5.1805	-5.1858	13.6302	1266002.9836	1266003.2883	0.0000	1.0000	0.2281
28hb04	2	3	1	1	2.0000	1.0000	1.0000	0.5925	NaN	NaN	NaN	1266004.1044	1266004.4901	0.0000	0.0000	5.9703
28hb04	2	4	1	1	1.0000	1.0000	1.0000	NaN	2.6579	2.6491	14.9146	1266012.8487	1266013.1510	0.0000	0.0000	12.1259
28hb04	2	4	1	1	2.0000	1.0000	-1.0000	0.3035	NaN	NaN	NaN	1266025.8128	1266026.1626	0.0000	1.0000	0.6183
28hb04	2	5	1	1	1.0000	1.0000	1.0000	NaN	5.4199	6.7398	13.7941	1266028.9882	1266029.2917	1.0000	1.0000	1.0420
28hb04	2	5	1	1	2.0000	1.0000	1.0000	0.5510	NaN	NaN	NaN	1266030.8693	1266031.2259	1.0000	1.0000	4.4825
28hb04	2	6	1	1	1.0000	1.0000	1.0000	NaN	3.4295	0.9475	13.4773	1266037.9061	1266038.2083	0.0000	0.0000	0.4932
28hb04	2	6	1	1	2.0000	1.0000	-1.0000	0.2877	NaN	NaN	NaN	1266039.2692	1266039.6257	1.0000	0.0000	0.4347
28hb04	2	7	1	1	1.0000	1.0000	-1.0000	NaN	6.0567	-4.8549	14.7137	1266042.3792	1266042.6829	0.0000	1.0000	0.2907
28hb04	2	7	1	1	2.0000	1.0000	1.0000	0.6302	NaN	NaN	NaN	1266043.5141	1266043.9310	1.0000	1.0000	0.2097
28hb04	2	8	1	1	1.0000	1.0000	1.0000	NaN	1.9050	1.2086	14.2648	1266046.6445	1266046.9483	0.0000	0.0000	0.3126
28hb04	2	8	1	1	2.0000	1.0000	-1.0000	0.3161	NaN	NaN	NaN	1266047.8159	1266048.2338	0.0000	1.0000	0.2918
28hb04	2	9	1	1	1.0000	1.0000	1.0000	NaN	2.8937	2.7530	15.9403	1266050.3968	1266050.6990	1.0000	1.0000	0.3065
28hb04	2	9	1	1	2.0000	1.0000	1.0000	0.2600	NaN	NaN	NaN	1266051.5578	1266051.9096	1.0000	1.0000	0.6795
28hb04	2	10	1	1	1.0000	1.0000	-1.0000	NaN	4.7233	-6.3121	16.1045	1266054.6440	1266054.9463	0.0000	1.0000	0.3141
28hb04	2	10	1	1	2.0000	1.0000	1.0000	0.0243	NaN	NaN	NaN	1266055.8136	1266056.1708	1.0000	1.0000	0.9623
28hb04	2	11	1	1	1.0000	1.0000	1.0000	NaN	2.4244	2.2515	16.0773	1266059.6235	1266059.9257	0.0000	0.0000	0.2794
28hb04	2	11	1	1	2.0000	1.0000	-1.0000	0.4107	NaN	NaN	NaN	1266060.7735	1266061.1258	0.0000	1.0000	0.3922
28hb04	2	12	1	1	1.0000	1.0000	-1.0000	NaN	0.8582	-1.6790	15.6241	1266063.9136	1266064.2156	0.0000	1.0000	0.2287
28hb04	2	12	1	1	2.0000	1.0000	1.0000	0.1339	NaN	NaN	NaN	1266065.0135	1266065.3704	1.0000	1.0000	0.2900
28hb04	2	13	1	1	1.0000	1.0000	1.0000	NaN	1.9939	4.1976	15.5433	1266067.7908	1266068.0931	1.0000	1.0000	0.2076
28hb04	2	13	1	1	2.0000	1.0000	1.0000	0.0704	NaN	NaN	NaN	1266068.8532	1266069.2073	1.0000	1.0000	0.2939
28hb04	2	14	1	1	1.0000	1.0000	1.0000	NaN	2.3040	1.3366	15.3471	1266071.7125	1266072.0147	1.0000	1.0000	0.3192
28hb04	2	14	1	1	2.0000	1.0000	1.0000	0.3357	NaN	NaN	NaN	1266072.9333	1266073.2864	1.0000	1.0000	0.3420
28hb04	2	15	1	1	1.0000	1.0000	1.0000	NaN	1.2302	3.1570	14.4402	1266075.7407	1266076.0428	1.0000	1.0000	0.2582
28hb04	2	15	1	1	2.0000	1.0000	1.0000	0.1635	NaN	NaN	NaN	1266076.9014	1266077.2571	1.0000	1.0000	0.0006
28hb04	2	16	1	1	1.0000	1.0000	-1.0000	NaN	3.6350	-4.5265	15.5730	1266079.4569	1266079.7591	0.0000	1.0000	0.0772
28hb04	2	16	1	1	2.0000	1.0000	1.0000	0.0022	NaN	NaN	NaN	1266080.3742	1266080.7249	1.0000	1.0000	0.0246
28hb04	2	17	1	1	1.0000	1.0000	1.0000	NaN	5.0636	6.2090	15.8756	1266083.2952	1266083.5975	0.0000	0.0000	0.1748
28hb04	2	17	1	1	2.0000	1.0000	-1.0000	0.1591	NaN	NaN	NaN	1266084.3430	1266084.6932	0.0000	1.0000	0.2798
28hb04	2	18	1	1	1.0000	1.0000	-1.0000	NaN	2.5517	-4.1265	13.5810	1266087.3256	1266087.6294	0.0000	1.0000	0.0960
28hb04	2	18	1	1	2.0000	1.0000	1.0000	0.5843	NaN	NaN	NaN	1266088.2799	1266088.6783	1.0000	1.0000	0.0005
28hb04	2	19	1	1	1.0000	1.0000	-1.0000	NaN	4.3448	-3.9015	15.6088	1266090.9727	1266091.2748	0.0000	1.0000	0.2111
28hb04	2	19	1	1	2.0000	1.0000	1.0000	0.6039	NaN	NaN	NaN	1266092.0528	1266092.4063	1.0000	1.0000	2.5666
28hb04	2	20	1	1	1.0000	1.0000	1.0000	NaN	0.0871	0.2701	15.3377	1266097.3936	1266097.6958	1.0000	1.0000	0.3645
28hb04	2	20	1	1	2.0000	1.0000	1.0000	0.2854	NaN	NaN	NaN	1266098.6608	1266099.0123	1.0000	1.0000	0.1360
28hb04	2	21	1	1	1.0000	1.0000	1.0000	NaN	0.6812	1.5768	13.9528	1266101.2027	1266101.5048	1.0000	1.0000	0.2367
28hb04	2	21	1	1	2.0000	1.0000	1.0000	0.5175	NaN	NaN	NaN	1266102.3258	1266102.6782	1.0000	1.0000	0.0395
28hb04	2	22	1	1	1.0000	1.0000	-1.0000	NaN	6.3349	-6.9948	14.3532	1266105.0889	1266105.3912	0.0000	1.0000	0.4465
28hb04	2	22	1	1	2.0000	1.0000	1.0000	0.5200	NaN	NaN	NaN	1266106.3586	1266106.7087	1.0000	1.0000	0.0889
28hb04	2	23	1	1	1.0000	1.0000	-1.0000	NaN	2.4833	-2.9253	14.9568	1266108.9773	1266109.2795	1.0000	0.0000	0.3657
28hb04	2	23	1	1	2.0000	1.0000	-1.0000	0.3959	NaN	NaN	NaN	1266110.2453	1266110.6014	1.0000	0.0000	0.3389
28hb04	2	24	1	1	1.0000	1.0000	-1.0000	NaN	3.8740	-1.8185	14.7576	1266112.9050	1266113.2071	0.0000	1.0000	0.4372
28hb04	2	24	1	1	2.0000	1.0000	1.0000	0.2821	NaN	NaN	NaN	1266114.2127	1266114.5676	1.0000	1.0000	0.0699
28hb04	2	25	1	1	1.0000	1.0000	1.0000	NaN	5.5597	5.0620	14.8787	1266116.8605	1266117.1627	0.0000	0.0000	0.2416
28hb04	2	25	1	1	2.0000	1.0000	-1.0000	0.3722	NaN	NaN	NaN	1266117.9580	1266118.3080	0.0000	1.0000	0.0723
28hb04	2	26	1	1	1.0000	1.0000	-1.0000	NaN	5.2114	-5.4022	16.4544	1266120.5110	1266120.8132	0.0000	1.0000	0.2071
28hb04	2	26	1	1	2.0000	1.0000	1.0000	0.6144	NaN	NaN	NaN	1266121.5579	1266121.9081	1.0000	1.0000	0.0093
28hb04	2	27	1	1	1.0000	1.0000	-1.0000	NaN	1.7401	-2.0090	14.7606	1266124.0144	1266124.3166	0.0000	1.0000	0.2077
28hb04	2	27	1	1	2.0000	1.0000	1.0000	0.6543	NaN	NaN	NaN	1266125.0931	1266125.4441	1.0000	1.0000	0.0005
28hb04	2	28	1	1	1.0000	1.0000	-1.0000	NaN	3.6976	-3.8360	14.5140	1266127.7765	1266128.0786	0.0000	1.0000	0.2228
28hb04	2	28	1	1	2.0000	1.0000	1.0000	0.5251	NaN	NaN	NaN	1266128.8697	1266129.2223	1.0000	1.0000	0.2146
28hb04	2	29	1	1	1.0000	1.0000	-1.0000	NaN	5.6431	-7.0949	15.5051	1266132.0332	1266132.3364	0.0000	1.0000	0.3798
28hb04	2	29	1	1	2.0000	1.0000	1.0000	0.5685	NaN	NaN	NaN	1266133.2538	1266133.6055	1.0000	1.0000	0.3120
28hb04	2	30	1	1	1.0000	1.0000	-1.0000	NaN	3.6111	-4.7642	14.3601	1266135.8819	1266136.1849	0.0000	1.0000	0.4834
28hb04	2	30	1	1	2.0000	1.0000	1.0000	0.6533	NaN	NaN	NaN	1266137.2424	1266137.6597	1.0000	1.0000	0.0006
28hb04	2	31	1	1	1.0000	1.0000	-1.0000	NaN	0.2484	-1.0244	16.3527	1266140.2461	1266140.5501	0.0000	1.0000	0.3422
28hb04	2	31	1	1	2.0000	1.0000	1.0000	0.5769	NaN	NaN	NaN	1266141.4476	1266141.8607	1.0000	1.0000	0.0876
28hb04	2	32	1	1	1.0000	1.0000	-1.0000	NaN	5.3351	-6.8700	14.1913	1266144.4951	1266144.7989	0.0000	1.0000	0.2694
28hb04	2	32	1	1	2.0000	1.0000	1.0000	0.6307	NaN	NaN	NaN	1266145.5937	1266146.0101	1.0000	1.0000	0.0673
28hb04	2	33	1	1	1.0000	1.0000	-1.0000	NaN	0.3829	-1.5839	14.1480	1266148.1225	1266148.4265	0.0000	1.0000	0.1789
28hb04	2	33	1	1	2.0000	1.0000	1.0000	0.3861	NaN	NaN	NaN	1266149.1440	1266149.5662	1.0000	1.0000	0.0006
28hb04	2	34	1	1	1.0000	1.0000	-1.0000	NaN	5.5841	-4.9427	15.9421	1266151.9796	1266152.2868	0.0000	1.0000	0.2068
28hb04	2	34	1	1	2.0000	1.0000	1.0000	0.6184	NaN	NaN	NaN	1266153.0644	1266153.4779	1.0000	1.0000	0.0005
28hb04	2	35	1	1	1.0000	1.0000	-1.0000	NaN	2.3315	-2.9534	13.9789	1266155.6719	1266155.9763	0.0000	1.0000	0.1960
28hb04	2	35	1	1	2.0000	1.0000	1.0000	0.5769	NaN	NaN	NaN	1266156.7122	1266157.1277	1.0000	1.0000	0.0005
28hb04	2	36	1	1	1.0000	1.0000	1.0000	NaN	3.6220	2.2144	15.1876	1266159.2340	1266159.5386	0.0000	0.0000	0.1709
28hb04	2	36	1	1	2.0000	1.0000	-1.0000	0.5010	NaN	NaN	NaN	1266160.2800	1266160.6942	1.0000	0.0000	0.0005
28hb04	2	37	1	1	1.0000	1.0000	1.0000	NaN	5.0438	6.2123	13.7456	1266163.3791	1266163.6860	1.0000	1.0000	0.2302
28hb04	2	37	1	1	2.0000	1.0000	1.0000	0.6873	NaN	NaN	NaN	1266164.5233	1266164.9440	1.0000	1.0000	0.2050
28hb04	2	38	1	1	1.0000	1.0000	-1.0000	NaN	3.0624	-3.4124	14.9920	1266167.8195	1266168.1217	0.0000	1.0000	0.1952
28hb04	2	38	1	1	2.0000	1.0000	1.0000	0.5214	NaN	NaN	NaN	1266168.8857	1266169.2370	1.0000	1.0000	0.1044
28hb04	2	39	1	1	1.0000	1.0000	1.0000	NaN	3.4316	2.3979	16.3834	1266171.2127	1266171.5149	1.0000	1.0000	0.2100
28hb04	2	39	1	1	2.0000	1.0000	1.0000	0.4489	NaN	NaN	NaN	1266172.2456	1266172.6023	1.0000	1.0000	0.2739
28hb04	2	40	1	1	1.0000	1.0000	1.0000	NaN	5.7829	7.6327	16.1566	1266175.3990	1266175.7012	1.0000	1.0000	0.2630
28hb04	2	40	1	1	2.0000	1.0000	1.0000	0.1340	NaN	NaN	NaN	1266176.5172	1266176.8700	1.0000	1.0000	0.0006
28hb04	2	41	1	1	1.0000	1.0000	-1.0000	NaN	3.9294	-2.7298	16.0639	1266178.8186	1266179.1208	1.0000	0.0000	0.0914
28hb04	2	41	1	1	2.0000	1.0000	-1.0000	0.4805	NaN	NaN	NaN	1266179.8133	1266180.1684	0.0000	1.0000	0.0838
28hb04	2	42	1	1	1.0000	1.0000	1.0000	NaN	1.5472	3.2435	14.1756	1266182.4754	1266182.7777	1.0000	1.0000	0.2759
28hb04	2	42	1	1	2.0000	1.0000	1.0000	0.3137	NaN	NaN	NaN	1266183.6257	1266184.0430	1.0000	1.0000	0.0006
28hb04	2	43	1	1	1.0000	1.0000	-1.0000	NaN	4.9290	-4.3395	15.0945	1266186.2552	1266186.5598	0.0000	1.0000	0.2375
28hb04	2	43	1	1	2.0000	1.0000	1.0000	0.4706	NaN	NaN	NaN	1266187.3386	1266187.7596	1.0000	1.0000	0.0006
28hb04	2	44	1	1	1.0000	1.0000	1.0000	NaN	5.9337	6.3421	14.1106	1266189.7928	1266190.0969	1.0000	1.0000	0.1233
28hb04	2	44	1	1	2.0000	1.0000	1.0000	0.0741	NaN	NaN	NaN	1266190.7924	1266191.1806	1.0000	1.0000	3.6491
28hb04	2	45	1	1	1.0000	1.0000	1.0000	NaN	1.2584	1.4212	14.7175	1266197.1849	1266197.4871	0.0000	0.0000	0.2385
28hb04	2	45	1	1	2.0000	1.0000	-1.0000	0.3558	NaN	NaN	NaN	1266198.2772	1266198.6342	1.0000	0.0000	0.1471
28hb04	2	46	1	1	1.0000	1.0000	-1.0000	NaN	3.9022	-5.8203	15.7067	1266201.0624	1266201.3659	0.0000	1.0000	0.1677
28hb04	2	46	1	1	2.0000	1.0000	1.0000	0.1477	NaN	NaN	NaN	1266202.0705	1266202.4204	1.0000	1.0000	0.0005
28hb04	2	47	1	1	1.0000	1.0000	1.0000	NaN	2.0324	3.9677	15.6455	1266204.2959	1266204.5995	0.0000	0.0000	0.2779
28hb04	2	47	1	1	2.0000	1.0000	-1.0000	0.5642	NaN	NaN	NaN	1266205.3335	1266205.6852	0.0000	1.0000	0.1683
28hb04	2	48	1	1	1.0000	1.0000	-1.0000	NaN	0.7649	-0.6030	13.9232	1266208.0504	1266208.3526	1.0000	0.0000	0.2043
28hb04	2	48	1	1	2.0000	1.0000	-1.0000	0.3086	NaN	NaN	NaN	1266209.1412	1266209.4961	1.0000	0.0000	0.0681
28hb04	2	49	1	1	1.0000	1.0000	1.0000	NaN	1.2216	2.2890	14.4753	1266212.2233	1266212.5255	1.0000	1.0000	0.3667
28hb04	2	49	1	1	2.0000	1.0000	1.0000	0.5398	NaN	NaN	NaN	1266213.4770	1266213.8336	1.0000	1.0000	0.3068
28hb04	2	50	1	1	1.0000	1.0000	-1.0000	NaN	1.5839	-1.4380	15.5908	1266216.5028	1266216.8051	0.0000	1.0000	0.2631
28hb04	2	50	1	1	2.0000	1.0000	1.0000	0.0226	NaN	NaN	NaN	1266217.6371	1266217.9892	1.0000	1.0000	0.0082
28hb04	3	1	1	1	1.0000	1.0000	-1.0000	NaN	3.9315	-3.3200	13.8341	1266221.4495	1266221.7517	0.0000	1.0000	0.1976
28hb04	3	1	1	1	2.0000	1.0000	1.0000	0.6101	NaN	NaN	NaN	1266222.4861	1266222.8360	1.0000	1.0000	0.1053
28hb04	3	2	1	1	1.0000	1.0000	1.0000	NaN	3.8237	3.6189	15.1513	1266224.9727	1266225.2749	0.0000	0.0000	0.2104
28hb04	3	2	1	1	2.0000	1.0000	-1.0000	0.6754	NaN	NaN	NaN	1266226.0376	1266226.3890	0.0000	1.0000	0.1361
28hb04	3	3	1	1	1.0000	1.0000	1.0000	NaN	3.1645	3.0664	14.3785	1266228.4568	1266228.7589	1.0000	1.0000	0.2933
28hb04	3	3	1	1	2.0000	1.0000	1.0000	0.5466	NaN	NaN	NaN	1266229.5918	1266230.0060	1.0000	1.0000	0.0005
28hb04	3	4	1	1	1.0000	1.0000	-1.0000	NaN	4.1106	-4.4801	13.6525	1266232.4071	1266232.7108	0.0000	1.0000	0.2134
28hb04	3	4	1	1	2.0000	1.0000	1.0000	0.1869	NaN	NaN	NaN	1266233.4322	1266233.8391	1.0000	1.0000	3.4062
28hb04	3	5	1	1	1.0000	1.0000	-1.0000	NaN	0.6507	-1.3346	14.4163	1266239.2677	1266239.5726	0.0000	1.0000	0.1522
28hb04	3	5	1	1	2.0000	1.0000	1.0000	0.6692	NaN	NaN	NaN	1266240.2648	1266240.6871	1.0000	1.0000	0.0007
28hb04	3	6	1	1	1.0000	1.0000	-1.0000	NaN	3.2599	-2.0928	14.5931	1266242.8049	1266243.1098	0.0000	1.0000	0.1191
28hb04	3	6	1	1	2.0000	1.0000	1.0000	0.1278	NaN	NaN	NaN	1266243.7874	1266244.2071	1.0000	1.0000	0.0142
28hb04	3	7	1	1	1.0000	1.0000	-1.0000	NaN	0.5760	-0.5591	14.8586	1266246.3852	1266246.6900	0.0000	1.0000	0.0902
28hb04	3	7	1	1	2.0000	1.0000	1.0000	0.3752	NaN	NaN	NaN	1266247.3394	1266247.7564	1.0000	1.0000	0.1928
28hb04	3	8	1	1	1.0000	1.0000	-1.0000	NaN	5.8471	-7.3821	13.9775	1266250.2300	1266250.5345	0.0000	1.0000	0.1977
28hb04	3	8	1	1	2.0000	1.0000	1.0000	0.2347	NaN	NaN	NaN	1266251.3222	1266251.7396	1.0000	1.0000	0.0005
28hb04	3	9	1	1	1.0000	1.0000	-1.0000	NaN	2.9412	-3.4551	13.9143	1266254.0746	1266254.3818	0.0000	1.0000	0.2384
28hb04	3	9	1	1	2.0000	1.0000	1.0000	0.3993	NaN	NaN	NaN	1266255.1760	1266255.5889	1.0000	1.0000	0.0006
28hb04	3	10	1	1	1.0000	1.0000	-1.0000	NaN	4.7937	-4.2380	13.7122	1266258.1500	1266258.4543	0.0000	1.0000	0.2151
28hb04	3	10	1	1	2.0000	1.0000	1.0000	0.3847	NaN	NaN	NaN	1266259.2244	1266259.6347	1.0000	1.0000	0.0267
28hb04	3	11	1	1	1.0000	1.0000	-1.0000	NaN	2.3997	-3.8495	14.1445	1266262.0164	1266262.3187	0.0000	1.0000	0.2055
28hb04	3	11	1	1	2.0000	1.0000	1.0000	0.6347	NaN	NaN	NaN	1266263.0933	1266263.4476	1.0000	1.0000	0.0853
28hb04	3	12	1	1	1.0000	1.0000	-1.0000	NaN	3.4032	-4.9000	15.2699	1266265.9308	1266266.2329	0.0000	1.0000	0.2272
28hb04	3	12	1	1	2.0000	1.0000	1.0000	0.2606	NaN	NaN	NaN	1266267.0291	1266267.3821	1.0000	1.0000	0.0006
28hb04	3	13	1	1	1.0000	1.0000	1.0000	NaN	0.4610	1.9952	16.4464	1266269.7444	1266270.0465	0.0000	0.0000	0.3183
28hb04	3	13	1	1	2.0000	1.0000	-1.0000	0.3207	NaN	NaN	NaN	1266270.9337	1266271.2836	1.0000	0.0000	0.1378
28hb04	3	14	1	1	1.0000	1.0000	1.0000	NaN	0.0202	0.6221	15.6362	1266273.7054	1266274.0095	0.0000	0.0000	0.1959
28hb04	3	14	1	1	2.0000	1.0000	-1.0000	0.3941	NaN	NaN	NaN	1266274.7762	1266275.1879	0.0000	1.0000	0.1368
28hb04	3	15	1	1	1.0000	1.0000	-1.0000	NaN	0.6125	-2.3512	14.1393	1266277.3000	1266277.6041	1.0000	0.0000	0.1040
28hb04	3	15	1	1	2.0000	1.0000	-1.0000	0.7153	NaN	NaN	NaN	1266278.2813	1266278.6846	1.0000	0.0000	0.0005
28hb04	3	16	1	1	1.0000	1.0000	1.0000	NaN	3.9752	4.0880	15.4633	1266280.9223	1266281.2245	1.0000	1.0000	0.2756
28hb04	3	16	1	1	2.0000	1.0000	1.0000	0.0679	NaN	NaN	NaN	1266282.1165	1266282.4696	0.0000	0.0000	0.2790
28hb04	3	17	1	1	1.0000	1.0000	1.0000	NaN	1.9888	3.0289	14.2462	1266285.4173	1266285.7194	1.0000	1.0000	0.1819
28hb04	3	17	1	1	2.0000	1.0000	1.0000	0.2024	NaN	NaN	NaN	1266286.5332	1266286.8854	1.0000	1.0000	0.0005
28hb04	3	18	1	1	1.0000	1.0000	-1.0000	NaN	2.6955	-2.7209	14.1694	1266289.1782	1266289.4804	0.0000	1.0000	0.1477
28hb04	3	18	1	1	2.0000	1.0000	1.0000	0.5140	NaN	NaN	NaN	1266290.1660	1266290.5160	1.0000	1.0000	0.0007
28hb04	3	19	1	1	1.0000	1.0000	-1.0000	NaN	5.1303	-3.0199	14.8637	1266292.6488	1266292.9510	0.0000	1.0000	0.2144
28hb04	3	19	1	1	2.0000	1.0000	1.0000	0.1165	NaN	NaN	NaN	1266293.7012	1266294.0519	1.0000	1.0000	0.0259
28hb04	3	20	1	1	1.0000	1.0000	1.0000	NaN	0.7141	0.1314	15.7402	1266296.3912	1266296.6948	0.0000	0.0000	0.1987
28hb04	3	20	1	1	2.0000	1.0000	-1.0000	0.1354	NaN	NaN	NaN	1266297.4449	1266297.7972	1.0000	0.0000	0.0005
28hb04	3	21	1	1	1.0000	1.0000	-1.0000	NaN	0.8464	-3.2475	14.6967	1266300.0394	1266300.3416	0.0000	1.0000	0.2145
28hb04	3	21	1	1	2.0000	1.0000	1.0000	0.4000	NaN	NaN	NaN	1266301.1090	1266301.4625	1.0000	1.0000	0.1346
28hb04	3	22	1	1	1.0000	1.0000	-1.0000	NaN	5.5032	-5.0853	14.8520	1266303.7181	1266304.0204	0.0000	1.0000	0.1690
28hb04	3	22	1	1	2.0000	1.0000	1.0000	0.3639	NaN	NaN	NaN	1266304.7090	1266305.0622	1.0000	1.0000	0.1191
28hb04	3	23	1	1	1.0000	1.0000	-1.0000	NaN	2.1019	-2.2945	14.1801	1266307.3117	1266307.6140	0.0000	1.0000	0.1263
28hb04	3	23	1	1	2.0000	1.0000	1.0000	0.7111	NaN	NaN	NaN	1266308.2469	1266308.5984	1.0000	1.0000	0.1348
28hb04	3	24	1	1	1.0000	1.0000	-1.0000	NaN	5.0277	-5.5017	14.5661	1266311.1130	1266311.4151	0.0000	1.0000	0.1184
28hb04	3	24	1	1	2.0000	1.0000	1.0000	0.6974	NaN	NaN	NaN	1266312.0528	1266312.4076	1.0000	1.0000	1.6365
28hb04	3	25	1	1	1.0000	1.0000	1.0000	NaN	2.9678	2.4623	13.9023	1266316.5755	1266316.8776	0.0000	0.0000	0.8625
28hb04	3	25	1	1	2.0000	1.0000	-1.0000	0.3363	NaN	NaN	NaN	1266318.3092	1266318.6628	0.0000	1.0000	0.1336
28hb04	3	26	1	1	1.0000	1.0000	-1.0000	NaN	5.6025	-4.5944	14.3953	1266320.8015	1266321.1036	0.0000	1.0000	0.1890
28hb04	3	26	1	1	2.0000	1.0000	1.0000	0.2789	NaN	NaN	NaN	1266321.8347	1266322.2503	1.0000	1.0000	0.0006
28hb04	3	27	1	1	1.0000	1.0000	1.0000	NaN	2.3414	1.1343	14.5137	1266324.3883	1266324.6949	1.0000	1.0000	0.2931
28hb04	3	27	1	1	2.0000	1.0000	1.0000	0.5121	NaN	NaN	NaN	1266325.5441	1266325.9512	1.0000	1.0000	0.0609
28hb04	3	28	1	1	1.0000	1.0000	1.0000	NaN	5.1727	4.2867	13.9620	1266328.2147	1266328.5184	0.0000	0.0000	0.1989
28hb04	3	28	1	1	2.0000	1.0000	-1.0000	0.5024	NaN	NaN	NaN	1266329.2078	1266329.6190	0.0000	1.0000	0.0006
28hb04	3	29	1	1	1.0000	1.0000	1.0000	NaN	2.6982	1.9210	14.0475	1266331.9962	1266332.3006	0.0000	0.0000	0.1447
28hb04	3	29	1	1	2.0000	1.0000	-1.0000	0.2786	NaN	NaN	NaN	1266332.9847	1266333.4021	0.0000	1.0000	0.0992
28hb04	3	30	1	1	1.0000	1.0000	1.0000	NaN	0.6363	1.5491	14.9928	1266335.9515	1266336.2560	1.0000	1.0000	0.1734
28hb04	3	30	1	1	2.0000	1.0000	1.0000	0.2121	NaN	NaN	NaN	1266337.0012	1266337.3952	1.0000	1.0000	0.0569
28hb04	3	31	1	1	1.0000	1.0000	-1.0000	NaN	6.1840	-6.8747	15.5792	1266339.6833	1266339.9856	1.0000	0.0000	0.1076
28hb04	3	31	1	1	2.0000	1.0000	-1.0000	0.1818	NaN	NaN	NaN	1266340.6930	1266341.0450	1.0000	0.0000	0.1202
28hb04	3	32	1	1	1.0000	1.0000	-1.0000	NaN	3.4717	-3.6937	14.6571	1266343.3208	1266343.6233	0.0000	1.0000	0.2935
28hb04	3	32	1	1	2.0000	1.0000	1.0000	0.6104	NaN	NaN	NaN	1266344.4528	1266344.8060	1.0000	1.0000	0.1352
28hb04	3	33	1	1	1.0000	1.0000	-1.0000	NaN	5.6559	-3.2548	15.1719	1266347.3045	1266347.6075	0.0000	1.0000	0.1006
28hb04	3	33	1	1	2.0000	1.0000	1.0000	0.1758	NaN	NaN	NaN	1266348.2464	1266348.5962	1.0000	1.0000	0.0251
28hb04	3	34	1	1	1.0000	1.0000	-1.0000	NaN	5.8607	-5.6700	14.4026	1266351.1513	1266351.4534	0.0000	1.0000	0.0786
28hb04	3	34	1	1	2.0000	1.0000	1.0000	0.4892	NaN	NaN	NaN	1266352.0692	1266352.4222	1.0000	1.0000	0.0232
28hb04	3	35	1	1	1.0000	1.0000	-1.0000	NaN	5.4686	-5.5003	14.0783	1266354.5662	1266354.8684	0.0000	1.0000	0.0402
28hb04	3	35	1	1	2.0000	1.0000	1.0000	0.3502	NaN	NaN	NaN	1266355.4783	1266355.8294	1.0000	1.0000	0.0005
28hb04	3	36	1	1	1.0000	1.0000	1.0000	NaN	2.0990	3.5749	15.4746	1266358.0990	1266358.4011	0.0000	0.0000	0.2194
28hb04	3	36	1	1	2.0000	1.0000	-1.0000	0.7083	NaN	NaN	NaN	1266359.1731	1266359.5274	1.0000	0.0000	0.1662
28hb04	3	37	1	1	1.0000	1.0000	-1.0000	NaN	5.9582	-4.9846	14.7885	1266362.5055	1266362.8082	0.0000	1.0000	0.1649
28hb04	3	37	1	1	2.0000	1.0000	1.0000	0.5623	NaN	NaN	NaN	1266363.5257	1266363.8771	1.0000	1.0000	0.1362
28hb04	3	38	1	1	1.0000	1.0000	-1.0000	NaN	1.2012	-2.0707	15.2079	1266366.5078	1266366.8123	0.0000	1.0000	0.2883
28hb04	3	38	1	1	2.0000	1.0000	1.0000	0.5825	NaN	NaN	NaN	1266367.6396	1266368.0499	1.0000	1.0000	0.0741
28hb04	3	39	1	1	1.0000	1.0000	1.0000	NaN	4.2860	6.3202	14.9595	1266370.5387	1266370.8441	0.0000	0.0000	0.5764
28hb04	3	39	1	1	2.0000	1.0000	-1.0000	0.2473	NaN	NaN	NaN	1266371.9626	1266372.3834	0.0000	1.0000	0.2539
28hb04	3	40	1	1	1.0000	1.0000	1.0000	NaN	6.2244	8.9682	15.8027	1266374.8675	1266375.1737	1.0000	1.0000	0.1360
28hb04	3	40	1	1	2.0000	1.0000	1.0000	0.4234	NaN	NaN	NaN	1266375.8663	1266376.2966	1.0000	1.0000	0.0006
28hb04	3	41	1	1	1.0000	1.0000	1.0000	NaN	1.9539	1.7480	14.9209	1266378.6862	1266378.9935	1.0000	1.0000	0.3145
28hb04	3	41	1	1	2.0000	1.0000	1.0000	0.1028	NaN	NaN	NaN	1266379.8994	1266380.3164	1.0000	1.0000	0.1916
28hb04	3	42	1	1	1.0000	1.0000	1.0000	NaN	5.2045	5.4957	14.7891	1266382.7383	1266383.0438	1.0000	1.0000	0.4722
28hb04	3	42	1	1	2.0000	1.0000	1.0000	0.1545	NaN	NaN	NaN	1266384.1206	1266384.5330	1.0000	1.0000	0.7446
28hb04	3	43	1	1	1.0000	1.0000	1.0000	NaN	3.3643	3.0834	14.9935	1266387.3580	1266387.6602	1.0000	1.0000	0.2238
28hb04	3	43	1	1	2.0000	1.0000	1.0000	0.4542	NaN	NaN	NaN	1266388.4527	1266388.8081	1.0000	1.0000	0.0006
28hb04	3	44	1	1	1.0000	1.0000	-1.0000	NaN	0.2729	-3.1231	14.1116	1266391.3633	1266391.6654	0.0000	1.0000	0.1710
28hb04	3	44	1	1	2.0000	1.0000	1.0000	0.6472	NaN	NaN	NaN	1266392.4049	1266392.7591	1.0000	1.0000	0.0005
28hb04	3	45	1	1	1.0000	1.0000	-1.0000	NaN	2.0987	-1.7710	15.3964	1266394.7228	1266395.0251	0.0000	1.0000	0.2846
28hb04	3	45	1	1	2.0000	1.0000	1.0000	0.2739	NaN	NaN	NaN	1266395.8613	1266396.2134	1.0000	1.0000	0.0720
28hb04	3	46	1	1	1.0000	1.0000	1.0000	NaN	1.6483	1.2486	14.6053	1266398.4889	1266398.7911	0.0000	0.0000	0.3888
28hb04	3	46	1	1	2.0000	1.0000	-1.0000	0.0937	NaN	NaN	NaN	1266399.7171	1266400.0741	1.0000	0.0000	0.4830
28hb04	3	47	1	1	1.0000	1.0000	1.0000	NaN	5.1214	5.3200	15.9411	1266403.0809	1266403.3831	1.0000	1.0000	0.4693
28hb04	3	47	1	1	2.0000	1.0000	1.0000	0.4380	NaN	NaN	NaN	1266404.4689	1266404.8239	1.0000	1.0000	0.4521
28hb04	3	48	1	1	1.0000	1.0000	-1.0000	NaN	3.3732	-4.8582	15.1211	1266407.8459	1266408.1480	0.0000	1.0000	0.3127
28hb04	3	48	1	1	2.0000	1.0000	1.0000	0.6091	NaN	NaN	NaN	1266409.0127	1266409.3696	1.0000	1.0000	0.0826
28hb04	3	49	1	1	1.0000	1.0000	-1.0000	NaN	5.9112	-4.0283	14.6141	1266411.9772	1266412.2817	0.0000	1.0000	0.3075
28hb04	3	49	1	1	2.0000	1.0000	1.0000	0.3906	NaN	NaN	NaN	1266413.1307	1266413.5480	1.0000	1.0000	0.0959
28hb04	3	50	1	1	1.0000	1.0000	1.0000	NaN	1.0919	1.5858	15.5283	1266416.0825	1266416.3886	0.0000	0.0000	0.5039
28hb04	3	50	1	1	2.0000	1.0000	-1.0000	0.4747	NaN	NaN	NaN	1266417.4317	1266417.8479	1.0000	0.0000	0.7255
28hb04	4	1	1	1	1.0000	1.0000	1.0000	NaN	4.4487	6.0088	15.0167	1266472.0764	1266472.3812	1.0000	1.0000	0.2073
28hb04	4	1	1	1	2.0000	1.0000	1.0000	0.0550	NaN	NaN	NaN	1266473.2274	1266473.6456	1.0000	1.0000	0.3508
28hb04	4	2	1	1	1.0000	1.0000	-1.0000	NaN	3.3572	-3.5414	15.2565	1266476.1292	1266476.4356	0.0000	1.0000	0.3138
28hb04	4	2	1	1	2.0000	1.0000	1.0000	0.3216	NaN	NaN	NaN	1266477.2905	1266477.7115	1.0000	1.0000	0.0457
28hb04	4	3	1	1	1.0000	1.0000	-1.0000	NaN	4.2545	-2.3818	14.0680	1266479.6067	1266479.9112	0.0000	1.0000	0.1179
28hb04	4	3	1	1	2.0000	1.0000	1.0000	0.7147	NaN	NaN	NaN	1266480.5677	1266480.9779	1.0000	1.0000	3.3545
28hb04	4	4	1	1	1.0000	1.0000	-1.0000	NaN	0.2241	-0.5259	14.0161	1266486.4607	1266486.7651	0.0000	1.0000	0.0788
28hb04	4	4	1	1	2.0000	1.0000	1.0000	0.6595	NaN	NaN	NaN	1266487.3843	1266487.7821	1.0000	1.0000	0.0007
28hb04	4	5	1	1	1.0000	1.0000	1.0000	NaN	3.5276	3.9529	14.0515	1266490.1141	1266490.4215	0.0000	0.0000	0.1034
28hb04	4	5	1	1	2.0000	1.0000	-1.0000	0.6225	NaN	NaN	NaN	1266490.9846	1266491.4056	0.0000	1.0000	0.0953
28hb04	4	6	1	1	1.0000	1.0000	-1.0000	NaN	0.9270	-1.5830	16.5454	1266493.6338	1266493.9383	0.0000	1.0000	0.3939
28hb04	4	6	1	1	2.0000	1.0000	1.0000	0.0336	NaN	NaN	NaN	1266494.9216	1266495.3192	1.0000	1.0000	0.0858
28hb04	4	7	1	1	1.0000	1.0000	1.0000	NaN	6.2812	4.8565	14.8390	1266497.6279	1266497.9301	1.0000	1.0000	0.4978
28hb04	4	7	1	1	2.0000	1.0000	1.0000	0.6721	NaN	NaN	NaN	1266499.0133	1266499.3690	1.0000	1.0000	0.2919
28hb04	4	8	1	1	1.0000	1.0000	1.0000	NaN	3.5195	2.3853	12.9662	1266502.1353	1266502.4375	0.0000	0.0000	0.1984
28hb04	4	8	1	1	2.0000	1.0000	-1.0000	0.4030	NaN	NaN	NaN	1266503.1726	1266503.5249	0.0000	1.0000	0.3281
28hb04	4	9	1	1	1.0000	1.0000	1.0000	NaN	1.2303	1.3512	16.3407	1266506.2038	1266506.5060	1.0000	1.0000	0.5138
28hb04	4	9	1	1	2.0000	1.0000	1.0000	0.2284	NaN	NaN	NaN	1266507.5565	1266507.9078	1.0000	1.0000	0.2333
28hb04	4	10	1	1	1.0000	1.0000	-1.0000	NaN	4.2435	-5.2604	15.1258	1266510.6773	1266510.9795	0.0000	1.0000	0.0887
28hb04	4	10	1	1	2.0000	1.0000	1.0000	0.3923	NaN	NaN	NaN	1266511.6215	1266511.9744	1.0000	1.0000	0.0233
28hb04	4	11	1	1	1.0000	1.0000	-1.0000	NaN	4.8539	-5.2576	16.1897	1266514.5932	1266514.8955	0.0000	1.0000	0.2216
28hb04	4	11	1	1	2.0000	1.0000	1.0000	0.5060	NaN	NaN	NaN	1266515.6541	1266516.0044	1.0000	1.0000	0.1034
28hb04	4	12	1	1	1.0000	1.0000	-1.0000	NaN	0.9924	-1.2803	14.0772	1266518.3985	1266518.7008	0.0000	1.0000	0.1762
28hb04	4	12	1	1	2.0000	1.0000	1.0000	0.2649	NaN	NaN	NaN	1266519.4291	1266519.7846	1.0000	1.0000	0.4032
28hb04	4	13	1	1	1.0000	1.0000	-1.0000	NaN	0.0995	-1.9815	15.1483	1266522.3796	1266522.6832	0.0000	1.0000	0.2578
28hb04	4	13	1	1	2.0000	1.0000	1.0000	0.6568	NaN	NaN	NaN	1266523.4453	1266523.8012	1.0000	1.0000	0.1312
28hb04	4	14	1	1	1.0000	1.0000	-1.0000	NaN	6.3526	-5.3938	16.3144	1266526.2126	1266526.5160	0.0000	1.0000	0.1532
28hb04	4	14	1	1	2.0000	1.0000	1.0000	0.4316	NaN	NaN	NaN	1266527.1407	1266527.4969	1.0000	1.0000	0.0038
28hb04	4	15	1	1	1.0000	1.0000	1.0000	NaN	0.2601	2.5455	15.6579	1266529.8243	1266530.1265	0.0000	0.0000	0.2220
28hb04	4	15	1	1	2.0000	1.0000	-1.0000	0.4299	NaN	NaN	NaN	1266530.8700	1266531.2205	0.0000	1.0000	0.4078
28hb04	4	16	1	1	1.0000	1.0000	1.0000	NaN	2.6893	2.5343	15.7837	1266533.6195	1266533.9217	1.0000	1.0000	0.2674
28hb04	4	16	1	1	2.0000	1.0000	1.0000	0.2847	NaN	NaN	NaN	1266534.7889	1266535.1392	1.0000	1.0000	0.2166
28hb04	4	17	1	1	1.0000	1.0000	1.0000	NaN	0.9053	3.1387	15.8750	1266537.7646	1266538.0688	0.0000	0.0000	0.1203
28hb04	4	17	1	1	2.0000	1.0000	-1.0000	0.0003	NaN	NaN	NaN	1266538.7272	1266539.1403	1.0000	0.0000	0.1843
28hb04	4	18	1	1	1.0000	1.0000	1.0000	NaN	5.3708	4.6245	14.6012	1266541.7061	1266542.0098	1.0000	1.0000	0.2271
28hb04	4	18	1	1	2.0000	1.0000	1.0000	0.3478	NaN	NaN	NaN	1266542.8075	1266543.2226	1.0000	1.0000	4.0386
28hb04	4	19	1	1	1.0000	1.0000	1.0000	NaN	4.7711	5.9141	15.0830	1266549.6052	1266549.9101	0.0000	0.0000	0.2475
28hb04	4	19	1	1	2.0000	1.0000	-1.0000	0.0799	NaN	NaN	NaN	1266550.6485	1266551.0749	0.0000	1.0000	0.0005
28hb04	4	20	1	1	1.0000	1.0000	-1.0000	NaN	3.6308	-4.8692	16.1942	1266553.4555	1266553.7602	1.0000	0.0000	0.3650
28hb04	4	20	1	1	2.0000	1.0000	-1.0000	0.3172	NaN	NaN	NaN	1266554.6805	1266555.1027	0.0000	1.0000	0.0931
28hb04	4	21	1	1	1.0000	1.0000	-1.0000	NaN	1.3782	-3.0102	14.5749	1266557.7402	1266558.0447	1.0000	0.0000	0.3526
28hb04	4	21	1	1	2.0000	1.0000	-1.0000	0.7187	NaN	NaN	NaN	1266559.0016	1266559.4188	0.0000	1.0000	0.0651
28hb04	4	22	1	1	1.0000	1.0000	1.0000	NaN	0.0755	0.2981	15.4057	1266561.4419	1266561.7480	0.0000	0.0000	0.1038
28hb04	4	22	1	1	2.0000	1.0000	-1.0000	0.4529	NaN	NaN	NaN	1266562.3917	1266562.8072	1.0000	0.0000	0.1006
28hb04	4	23	1	1	1.0000	1.0000	-1.0000	NaN	3.5317	-3.8271	14.8460	1266565.3567	1266565.6611	0.0000	1.0000	0.2565
28hb04	4	23	1	1	2.0000	1.0000	1.0000	0.2258	NaN	NaN	NaN	1266566.4396	1266566.8570	1.0000	1.0000	0.0006
28hb04	4	24	1	1	1.0000	1.0000	-1.0000	NaN	2.3293	-1.1450	14.2635	1266568.8797	1266569.1818	0.0000	1.0000	0.1580
28hb04	4	24	1	1	2.0000	1.0000	1.0000	0.3077	NaN	NaN	NaN	1266569.8771	1266570.2322	1.0000	1.0000	0.0996
28hb04	4	25	1	1	1.0000	1.0000	-1.0000	NaN	4.4446	-6.2636	13.6343	1266572.7869	1266573.0890	0.0000	1.0000	0.1401
28hb04	4	25	1	1	2.0000	1.0000	1.0000	0.1253	NaN	NaN	NaN	1266573.7963	1266574.1499	1.0000	1.0000	0.0550
28hb04	4	26	1	1	1.0000	1.0000	-1.0000	NaN	1.6570	-3.2820	15.1413	1266576.3353	1266576.6375	0.0000	1.0000	0.2222
28hb04	4	26	1	1	2.0000	1.0000	1.0000	0.1830	NaN	NaN	NaN	1266577.3649	1266577.7164	1.0000	1.0000	0.2646
28hb04	4	27	1	1	1.0000	1.0000	1.0000	NaN	2.7778	3.1445	13.6272	1266580.0936	1266580.3970	0.0000	0.0000	0.1920
28hb04	4	27	1	1	2.0000	1.0000	-1.0000	0.3087	NaN	NaN	NaN	1266581.1253	1266581.4816	1.0000	0.0000	0.1953
28hb04	4	28	1	1	1.0000	1.0000	1.0000	NaN	2.2203	5.3260	13.9312	1266583.9180	1266584.2224	0.0000	0.0000	0.3014
28hb04	4	28	1	1	2.0000	1.0000	-1.0000	0.2291	NaN	NaN	NaN	1266584.9861	1266585.4060	0.0000	1.0000	0.0006
28hb04	4	29	1	1	1.0000	1.0000	-1.0000	NaN	3.2289	-2.2601	15.2663	1266587.2982	1266587.6004	0.0000	1.0000	0.2364
28hb04	4	29	1	1	2.0000	1.0000	1.0000	0.0862	NaN	NaN	NaN	1266588.3732	1266588.7269	1.0000	1.0000	0.2937
28hb04	4	30	1	1	1.0000	1.0000	-1.0000	NaN	4.9333	-5.6788	14.2521	1266591.3854	1266591.6875	0.0000	1.0000	0.1962
28hb04	4	30	1	1	2.0000	1.0000	1.0000	0.7119	NaN	NaN	NaN	1266592.4212	1266592.7770	1.0000	1.0000	0.0007
28hb04	4	31	1	1	1.0000	1.0000	1.0000	NaN	6.2520	5.8422	14.3654	1266595.0696	1266595.3718	1.0000	1.0000	0.2571
28hb04	4	31	1	1	2.0000	1.0000	1.0000	0.3853	NaN	NaN	NaN	1266596.2132	1266596.5654	1.0000	1.0000	0.0005
28hb04	4	32	1	1	1.0000	1.0000	1.0000	NaN	1.0635	1.0583	15.3520	1266598.6496	1266598.9518	0.0000	0.0000	0.3083
28hb04	4	32	1	1	2.0000	1.0000	-1.0000	0.2964	NaN	NaN	NaN	1266599.8122	1266600.1652	0.0000	1.0000	0.1834
28hb04	4	33	1	1	1.0000	1.0000	-1.0000	NaN	4.5408	-3.3149	14.9788	1266602.5305	1266602.8327	0.0000	1.0000	0.2042
28hb04	4	33	1	1	2.0000	1.0000	1.0000	0.5529	NaN	NaN	NaN	1266603.5572	1266603.9137	1.0000	1.0000	3.3300
28hb04	4	34	1	1	1.0000	1.0000	1.0000	NaN	0.2597	0.5412	14.6536	1266609.6994	1266610.0016	0.0000	0.0000	0.3622
28hb04	4	34	1	1	2.0000	1.0000	-1.0000	0.2384	NaN	NaN	NaN	1266610.9165	1266611.2670	0.0000	1.0000	0.2493
28hb04	4	35	1	1	1.0000	1.0000	1.0000	NaN	2.4673	3.9604	14.1592	1266613.7225	1266614.0247	1.0000	1.0000	0.5002
28hb04	4	35	1	1	2.0000	1.0000	1.0000	0.5428	NaN	NaN	NaN	1266615.0766	1266615.4311	1.0000	1.0000	0.0699
28hb04	4	36	1	1	1.0000	1.0000	-1.0000	NaN	4.8613	-6.4593	14.5391	1266617.7317	1266618.0340	0.0000	1.0000	0.3298
28hb04	4	36	1	1	2.0000	1.0000	1.0000	0.2595	NaN	NaN	NaN	1266618.8849	1266619.2353	1.0000	1.0000	0.2969
28hb04	4	37	1	1	1.0000	1.0000	1.0000	NaN	1.4665	2.1924	17.3446	1266621.6697	1266621.9719	0.0000	0.0000	0.2637
28hb04	4	37	1	1	2.0000	1.0000	-1.0000	0.6840	NaN	NaN	NaN	1266622.7091	1266623.0628	1.0000	0.0000	0.1815
28hb04	4	38	1	1	1.0000	1.0000	1.0000	NaN	4.5434	5.3444	14.9579	1266625.7559	1266626.0580	0.0000	0.0000	0.2589
28hb04	4	38	1	1	2.0000	1.0000	-1.0000	0.5110	NaN	NaN	NaN	1266626.8211	1266627.1750	0.0000	1.0000	0.3103
28hb04	4	39	1	1	1.0000	1.0000	-1.0000	NaN	3.0516	-2.3951	15.4921	1266629.7508	1266630.0547	0.0000	1.0000	0.2463
28hb04	4	39	1	1	2.0000	1.0000	1.0000	0.5245	NaN	NaN	NaN	1266630.8395	1266631.2523	1.0000	1.0000	0.0005
28hb04	4	40	1	1	1.0000	1.0000	-1.0000	NaN	3.2025	-2.4599	14.9735	1266633.5521	1266633.8558	0.0000	1.0000	0.1084
28hb04	4	40	1	1	2.0000	1.0000	1.0000	0.4039	NaN	NaN	NaN	1266634.4873	1266634.9022	1.0000	1.0000	0.1495
28hb04	4	41	1	1	1.0000	1.0000	1.0000	NaN	2.2819	1.9645	14.5930	1266637.6533	1266637.9583	0.0000	0.0000	0.1814
28hb04	4	41	1	1	2.0000	1.0000	-1.0000	0.5165	NaN	NaN	NaN	1266638.6980	1266639.1204	0.0000	1.0000	0.3006
28hb04	4	42	1	1	1.0000	1.0000	1.0000	NaN	3.4933	4.9903	14.6677	1266641.6869	1266641.9925	1.0000	1.0000	0.0992
28hb04	4	42	1	1	2.0000	1.0000	1.0000	0.2503	NaN	NaN	NaN	1266642.6668	1266643.0743	1.0000	1.0000	0.1695
28hb04	4	43	1	1	1.0000	1.0000	-1.0000	NaN	0.2636	-1.2939	15.0721	1266645.6261	1266645.9283	0.0000	1.0000	0.1327
28hb04	4	43	1	1	2.0000	1.0000	1.0000	0.0676	NaN	NaN	NaN	1266646.5979	1266646.9480	1.0000	1.0000	0.2329
28hb04	4	44	1	1	1.0000	1.0000	-1.0000	NaN	0.4055	-0.8066	15.4773	1266649.6516	1266649.9538	0.0000	1.0000	0.2179
28hb04	4	44	1	1	2.0000	1.0000	1.0000	0.1093	NaN	NaN	NaN	1266650.6770	1266651.0292	1.0000	1.0000	0.2797
28hb04	4	45	1	1	1.0000	1.0000	1.0000	NaN	1.8533	2.0296	15.2239	1266653.7796	1266654.0818	0.0000	0.0000	0.2019
28hb04	4	45	1	1	2.0000	1.0000	-1.0000	0.1313	NaN	NaN	NaN	1266654.8046	1266655.1612	0.0000	1.0000	0.4190
28hb04	4	46	1	1	1.0000	1.0000	1.0000	NaN	2.0383	1.7076	14.8962	1266657.8037	1266658.1059	0.0000	0.0000	0.1789
28hb04	4	46	1	1	2.0000	1.0000	-1.0000	0.6849	NaN	NaN	NaN	1266658.8529	1266659.2067	1.0000	0.0000	0.1980
28hb04	4	47	1	1	1.0000	1.0000	-1.0000	NaN	0.5639	-1.1191	14.9031	1266661.9129	1266662.2150	0.0000	1.0000	0.2781
28hb04	4	47	1	1	2.0000	1.0000	1.0000	0.7118	NaN	NaN	NaN	1266662.9971	1266663.3495	1.0000	1.0000	0.2155
28hb04	4	48	1	1	1.0000	1.0000	-1.0000	NaN	5.8959	-4.3095	16.0746	1266666.1116	1266666.4138	0.0000	1.0000	0.2711
28hb04	4	48	1	1	2.0000	1.0000	1.0000	0.6398	NaN	NaN	NaN	1266667.2368	1266667.5938	0.0000	0.0000	0.2270
28hb04	4	49	1	1	1.0000	1.0000	-1.0000	NaN	0.6628	-0.4153	14.4986	1266669.9650	1266670.2672	0.0000	1.0000	0.4176
28hb04	4	49	1	1	2.0000	1.0000	1.0000	0.2322	NaN	NaN	NaN	1266671.2532	1266671.6103	1.0000	1.0000	0.1146
28hb04	4	50	1	1	1.0000	1.0000	-1.0000	NaN	6.1951	-7.0736	15.2159	1266673.5796	1266673.8817	0.0000	1.0000	0.3232
28hb04	4	50	1	1	2.0000	1.0000	1.0000	0.1660	NaN	NaN	NaN	1266674.7406	1266675.0948	1.0000	1.0000	0.1969
28hb04	5	1	1	1	1.0000	1.0000	-1.0000	NaN	3.8134	-4.3516	14.5168	1266753.2122	1266753.5169	0.0000	1.0000	0.3679
28hb04	5	1	1	1	2.0000	1.0000	1.0000	0.4175	NaN	NaN	NaN	1266754.4267	1266754.8240	1.0000	1.0000	0.0368
28hb04	5	2	1	1	1.0000	1.0000	1.0000	NaN	2.1961	2.0846	14.1185	1266757.4284	1266757.7333	0.0000	0.0000	0.2142
28hb04	5	2	1	1	2.0000	1.0000	-1.0000	0.6089	NaN	NaN	NaN	1266758.5198	1266758.9477	0.0000	1.0000	0.0238
28hb04	5	3	1	1	1.0000	1.0000	1.0000	NaN	1.5326	2.2432	15.0375	1266761.5296	1266761.8344	0.0000	0.0000	0.0818
28hb04	5	3	1	1	2.0000	1.0000	-1.0000	0.1223	NaN	NaN	NaN	1266762.4569	1266762.8773	1.0000	0.0000	0.1595
28hb04	5	4	1	1	1.0000	1.0000	1.0000	NaN	6.3085	4.9304	15.3159	1266765.4436	1266765.7484	1.0000	1.0000	0.0885
28hb04	5	4	1	1	2.0000	1.0000	1.0000	0.5870	NaN	NaN	NaN	1266766.4266	1266766.8473	1.0000	1.0000	3.0213
28hb04	5	5	1	1	1.0000	1.0000	1.0000	NaN	2.1605	2.6808	14.6366	1266771.8743	1266772.1791	0.0000	0.0000	0.1857
28hb04	5	5	1	1	2.0000	1.0000	-1.0000	0.3812	NaN	NaN	NaN	1266772.9195	1266773.3437	1.0000	0.0000	0.0006
28hb04	5	6	1	1	1.0000	1.0000	-1.0000	NaN	6.0095	-6.8532	16.5853	1266775.2047	1266775.5095	0.0000	1.0000	0.1984
28hb04	5	6	1	1	2.0000	1.0000	1.0000	0.5920	NaN	NaN	NaN	1266776.2481	1266776.6630	1.0000	1.0000	0.0005
28hb04	5	7	1	1	1.0000	1.0000	1.0000	NaN	5.3179	3.4605	14.7923	1266779.1450	1266779.4494	0.0000	0.0000	0.3387
28hb04	5	7	1	1	2.0000	1.0000	-1.0000	0.1571	NaN	NaN	NaN	1266780.3121	1266780.7294	1.0000	0.0000	0.5141
28hb04	5	8	1	1	1.0000	1.0000	1.0000	NaN	5.3498	4.6679	16.1072	1266783.5561	1266783.8606	0.0000	0.0000	0.1520
28hb04	5	8	1	1	2.0000	1.0000	-1.0000	0.0156	NaN	NaN	NaN	1266784.5519	1266784.9621	1.0000	0.0000	0.1054
28hb04	5	9	1	1	1.0000	1.0000	-1.0000	NaN	3.1412	-3.9398	14.9416	1266787.1252	1266787.4295	0.0000	1.0000	0.1825
28hb04	5	9	1	1	2.0000	1.0000	1.0000	0.4610	NaN	NaN	NaN	1266788.1671	1266788.5786	1.0000	1.0000	0.1850
28hb04	5	10	1	1	1.0000	1.0000	-1.0000	NaN	1.4921	-0.1311	14.8253	1266791.2627	1266791.5671	0.0000	1.0000	0.1896
28hb04	5	10	1	1	2.0000	1.0000	1.0000	0.1796	NaN	NaN	NaN	1266792.3113	1266792.7288	1.0000	1.0000	0.0845
28hb04	5	11	1	1	1.0000	1.0000	1.0000	NaN	1.0718	2.5351	16.3421	1266794.8000	1266795.1060	0.0000	0.0000	0.3306
28hb04	5	11	1	1	2.0000	1.0000	-1.0000	0.2356	NaN	NaN	NaN	1266795.9276	1266796.3454	0.0000	1.0000	0.2913
28hb04	5	12	1	1	1.0000	1.0000	-1.0000	NaN	0.5666	-0.2397	13.8084	1266798.6905	1266798.9946	1.0000	0.0000	0.7459
28hb04	5	12	1	1	2.0000	1.0000	-1.0000	0.0258	NaN	NaN	NaN	1266800.2791	1266800.6946	1.0000	0.0000	0.0006
28hb04	5	13	1	1	1.0000	1.0000	1.0000	NaN	1.6510	0.5701	13.4422	1266802.8332	1266803.1389	1.0000	1.0000	0.2326
28hb04	5	13	1	1	2.0000	1.0000	1.0000	0.7055	NaN	NaN	NaN	1266803.9276	1266804.3449	1.0000	1.0000	0.1957
28hb04	5	14	1	1	1.0000	1.0000	-1.0000	NaN	6.2683	-6.3186	14.7961	1266806.9450	1266807.2492	0.0000	1.0000	0.1880
28hb04	5	14	1	1	2.0000	1.0000	1.0000	0.1121	NaN	NaN	NaN	1266807.9771	1266808.3948	1.0000	1.0000	0.2573
28hb04	5	15	1	1	1.0000	1.0000	-1.0000	NaN	1.8089	-3.1751	16.2811	1266811.0418	1266811.3459	0.0000	1.0000	0.3472
28hb04	5	15	1	1	2.0000	1.0000	1.0000	0.0161	NaN	NaN	NaN	1266812.2476	1266812.6607	1.0000	1.0000	0.0005
28hb04	5	16	1	1	1.0000	1.0000	1.0000	NaN	5.7585	7.0319	14.5036	1266814.6294	1266814.9316	0.0000	0.0000	0.2319
28hb04	5	16	1	1	2.0000	1.0000	-1.0000	0.0179	NaN	NaN	NaN	1266815.6848	1266816.0937	1.0000	0.0000	0.0306
28hb04	5	17	1	1	1.0000	1.0000	-1.0000	NaN	1.3992	-1.5494	14.5892	1266818.5599	1266818.8648	0.0000	1.0000	0.2033
28hb04	5	17	1	1	2.0000	1.0000	1.0000	0.0676	NaN	NaN	NaN	1266819.6105	1266820.0275	0.0000	0.0000	0.3053
28hb04	5	18	1	1	1.0000	1.0000	-1.0000	NaN	4.2985	-4.1105	15.2884	1266822.9564	1266823.2609	0.0000	1.0000	0.1908
28hb04	5	18	1	1	2.0000	1.0000	1.0000	0.4373	NaN	NaN	NaN	1266823.9932	1266824.4106	1.0000	1.0000	0.0340
28hb04	5	19	1	1	1.0000	1.0000	1.0000	NaN	0.2875	0.3510	14.7085	1266826.5243	1266826.8287	0.0000	0.0000	0.2230
28hb04	5	19	1	1	2.0000	1.0000	-1.0000	0.2994	NaN	NaN	NaN	1266827.5930	1266828.0104	0.0000	1.0000	0.3222
28hb04	5	20	1	1	1.0000	1.0000	-1.0000	NaN	2.5179	-3.6820	14.8670	1266830.4168	1266830.7213	0.0000	1.0000	0.2822
28hb04	5	20	1	1	2.0000	1.0000	1.0000	0.6140	NaN	NaN	NaN	1266831.5112	1266831.9264	1.0000	1.0000	0.1011
28hb04	5	21	1	1	1.0000	1.0000	1.0000	NaN	2.5858	3.7709	16.3412	1266833.8773	1266834.1820	0.0000	0.0000	0.1190
28hb04	5	21	1	1	2.0000	1.0000	-1.0000	0.5936	NaN	NaN	NaN	1266834.8257	1266835.2434	0.0000	1.0000	0.0172
28hb04	5	22	1	1	1.0000	1.0000	-1.0000	NaN	5.8823	-5.5496	16.0737	1266837.7103	1266838.0147	0.0000	1.0000	0.2700
28hb04	5	22	1	1	2.0000	1.0000	1.0000	0.2303	NaN	NaN	NaN	1266838.8088	1266839.2264	1.0000	1.0000	0.0331
28hb04	5	23	1	1	1.0000	1.0000	1.0000	NaN	4.8516	4.5899	13.9401	1266841.4085	1266841.7126	1.0000	1.0000	0.4753
28hb04	5	23	1	1	2.0000	1.0000	1.0000	0.4686	NaN	NaN	NaN	1266842.7431	1266843.1591	1.0000	1.0000	0.2123
28hb04	5	24	1	1	1.0000	1.0000	1.0000	NaN	6.1771	5.6211	15.6351	1266845.4223	1266845.7264	1.0000	1.0000	0.1731
28hb04	5	24	1	1	2.0000	1.0000	1.0000	0.0499	NaN	NaN	NaN	1266846.4418	1266846.8595	0.0000	0.0000	0.2732
28hb04	5	25	1	1	1.0000	1.0000	1.0000	NaN	5.7336	2.7416	15.1340	1266849.2809	1266849.5866	0.0000	0.0000	0.2502
28hb04	5	25	1	1	2.0000	1.0000	-1.0000	0.1681	NaN	NaN	NaN	1266850.3756	1266850.7920	1.0000	0.0000	0.0006
28hb04	5	26	1	1	1.0000	1.0000	-1.0000	NaN	1.7374	-0.1892	16.0686	1266852.6604	1266852.9660	0.0000	1.0000	0.2135
28hb04	5	26	1	1	2.0000	1.0000	1.0000	0.0408	NaN	NaN	NaN	1266853.7063	1266854.1259	1.0000	1.0000	2.7181
28hb04	5	27	1	1	1.0000	1.0000	1.0000	NaN	1.4144	2.1831	15.5892	1266859.0855	1266859.3896	1.0000	1.0000	0.3184
28hb04	5	27	1	1	2.0000	1.0000	1.0000	0.3468	NaN	NaN	NaN	1266860.2308	1266860.6416	1.0000	1.0000	0.0103
28hb04	5	28	1	1	1.0000	1.0000	1.0000	NaN	3.0470	3.3967	15.0361	1266862.5926	1266862.8974	1.0000	1.0000	0.1393
28hb04	5	28	1	1	2.0000	1.0000	1.0000	0.7059	NaN	NaN	NaN	1266863.5916	1266864.0080	1.0000	1.0000	0.1647
28hb04	5	29	1	1	1.0000	1.0000	-1.0000	NaN	1.9098	-2.2643	13.8672	1266866.7279	1266867.0351	0.0000	1.0000	0.3376
28hb04	5	29	1	1	2.0000	1.0000	1.0000	0.3983	NaN	NaN	NaN	1266867.9121	1266868.3250	1.0000	1.0000	0.1024
28hb04	5	30	1	1	1.0000	1.0000	1.0000	NaN	5.7562	4.4332	15.5182	1266870.7412	1266871.0456	1.0000	1.0000	0.3104
28hb04	5	30	1	1	2.0000	1.0000	1.0000	0.2581	NaN	NaN	NaN	1266871.9121	1266872.3248	1.0000	1.0000	0.0238
28hb04	5	31	1	1	1.0000	1.0000	1.0000	NaN	0.6594	1.3228	14.4555	1266875.0451	1266875.3520	1.0000	1.0000	0.2126
28hb04	5	31	1	1	2.0000	1.0000	1.0000	0.6515	NaN	NaN	NaN	1266876.1540	1266876.5512	1.0000	1.0000	0.0006
28hb04	5	32	1	1	1.0000	1.0000	-1.0000	NaN	2.3940	-3.7058	14.6621	1266878.7541	1266879.0564	0.0000	1.0000	0.1884
28hb04	5	32	1	1	2.0000	1.0000	1.0000	0.0393	NaN	NaN	NaN	1266879.8010	1266880.2115	1.0000	1.0000	0.0008
28hb04	5	33	1	1	1.0000	1.0000	-1.0000	NaN	4.7591	-4.2218	15.0954	1266882.6537	1266882.9577	0.0000	1.0000	0.2217
28hb04	5	33	1	1	2.0000	1.0000	1.0000	0.1816	NaN	NaN	NaN	1266883.7379	1266884.1223	1.0000	1.0000	0.0005
28hb04	5	34	1	1	1.0000	1.0000	-1.0000	NaN	1.9714	-1.6516	14.7001	1266886.2331	1266886.5354	0.0000	1.0000	0.1333
28hb04	5	34	1	1	2.0000	1.0000	1.0000	0.0924	NaN	NaN	NaN	1266887.2042	1266887.5553	1.0000	1.0000	0.0081
28hb04	5	35	1	1	1.0000	1.0000	-1.0000	NaN	2.4513	-3.1731	15.8299	1266889.9787	1266890.2815	0.0000	1.0000	0.2108
28hb04	5	35	1	1	2.0000	1.0000	1.0000	0.7195	NaN	NaN	NaN	1266891.0126	1266891.3659	1.0000	1.0000	0.0006
28hb04	5	36	1	1	1.0000	1.0000	-1.0000	NaN	5.1800	-4.5412	13.7451	1266893.3821	1266893.6843	0.0000	1.0000	0.1205
28hb04	5	36	1	1	2.0000	1.0000	1.0000	0.2121	NaN	NaN	NaN	1266894.3239	1266894.6781	1.0000	1.0000	0.0007
28hb04	5	37	1	1	1.0000	1.0000	-1.0000	NaN	6.1636	-5.7223	14.0543	1266896.9488	1266897.2510	0.0000	1.0000	0.1215
28hb04	5	37	1	1	2.0000	1.0000	1.0000	0.3875	NaN	NaN	NaN	1266897.9084	1266898.2651	1.0000	1.0000	0.0006
28hb04	5	38	1	1	1.0000	1.0000	-1.0000	NaN	0.6177	-0.8284	15.3571	1266900.6598	1266900.9627	0.0000	1.0000	0.1207
28hb04	5	38	1	1	2.0000	1.0000	1.0000	0.4870	NaN	NaN	NaN	1266901.6208	1266901.9779	1.0000	1.0000	0.0495
28hb04	5	39	1	1	1.0000	1.0000	-1.0000	NaN	4.2233	-4.8464	15.7270	1266904.1766	1266904.4799	0.0000	1.0000	0.1235
28hb04	5	39	1	1	2.0000	1.0000	1.0000	0.2854	NaN	NaN	NaN	1266905.1084	1266905.4650	1.0000	1.0000	0.0197
28hb04	5	40	1	1	1.0000	1.0000	-1.0000	NaN	5.5313	-7.5161	12.8491	1266907.8394	1266908.1416	0.0000	1.0000	0.2059
28hb04	5	40	1	1	2.0000	1.0000	1.0000	0.3007	NaN	NaN	NaN	1266908.9176	1266909.2680	1.0000	1.0000	0.0005
28hb04	5	41	1	1	1.0000	1.0000	1.0000	NaN	0.5201	0.2933	14.3848	1266911.4259	1266911.7289	0.0000	0.0000	0.3001
28hb04	5	41	1	1	2.0000	1.0000	-1.0000	0.2323	NaN	NaN	NaN	1266912.5492	1266912.9011	0.0000	1.0000	0.1023
28hb04	5	42	1	1	1.0000	1.0000	1.0000	NaN	5.3281	5.9113	16.0412	1266914.8269	1266915.1301	1.0000	1.0000	0.4665
28hb04	5	42	1	1	2.0000	1.0000	1.0000	0.0687	NaN	NaN	NaN	1266916.1176	1266916.4674	1.0000	1.0000	0.2005
28hb04	5	43	1	1	1.0000	1.0000	-1.0000	NaN	0.9265	-2.7021	15.0699	1266919.0687	1266919.3709	0.0000	1.0000	0.1935
28hb04	5	43	1	1	2.0000	1.0000	1.0000	0.7046	NaN	NaN	NaN	1266920.1008	1266920.4509	1.0000	1.0000	0.0005
28hb04	5	44	1	1	1.0000	1.0000	1.0000	NaN	4.5343	4.8274	16.2172	1266922.5738	1266922.8760	1.0000	1.0000	0.0805
28hb04	5	44	1	1	2.0000	1.0000	1.0000	0.3004	NaN	NaN	NaN	1266923.5247	1266923.8810	1.0000	1.0000	3.0119
28hb04	5	45	1	1	1.0000	1.0000	1.0000	NaN	1.5218	2.8414	14.6248	1266928.7385	1266929.0422	1.0000	1.0000	0.2012
28hb04	5	45	1	1	2.0000	1.0000	1.0000	0.4434	NaN	NaN	NaN	1266929.7866	1266930.2058	1.0000	1.0000	0.2867
28hb04	5	46	1	1	1.0000	1.0000	-1.0000	NaN	5.2370	-5.2215	16.2956	1266932.8405	1266933.1427	1.0000	0.0000	0.1806
28hb04	5	46	1	1	2.0000	1.0000	-1.0000	0.3729	NaN	NaN	NaN	1266933.8760	1266934.2304	0.0000	1.0000	0.1169
28hb04	5	47	1	1	1.0000	1.0000	1.0000	NaN	2.6379	3.6841	14.4214	1266936.6304	1266936.9327	1.0000	1.0000	0.1992
28hb04	5	47	1	1	2.0000	1.0000	1.0000	0.6796	NaN	NaN	NaN	1266937.6522	1266938.0094	1.0000	1.0000	0.1632
28hb04	5	48	1	1	1.0000	1.0000	1.0000	NaN	0.8703	0.9678	14.8438	1266940.7020	1266941.0042	1.0000	1.0000	0.6392
28hb04	5	48	1	1	2.0000	1.0000	1.0000	0.6847	NaN	NaN	NaN	1266942.2120	1266942.5645	1.0000	1.0000	0.2309
28hb04	5	49	1	1	1.0000	1.0000	-1.0000	NaN	2.7481	-2.5335	15.8072	1266944.9191	1266945.2212	1.0000	0.0000	0.3434
28hb04	5	49	1	1	2.0000	1.0000	-1.0000	0.3412	NaN	NaN	NaN	1266946.1327	1266946.4824	0.0000	1.0000	0.1213
28hb04	5	50	1	1	1.0000	1.0000	-1.0000	NaN	2.1625	-2.1368	13.0880	1266948.7181	1266949.0204	1.0000	0.0000	0.1590
28hb04	5	50	1	1	2.0000	1.0000	-1.0000	0.1389	NaN	NaN	NaN	1266949.7166	1266950.0686	0.0000	1.0000	0.8075
28hb04	6	1	1	1	1.0000	1.0000	1.0000	NaN	1.3234	1.3532	15.1063	1266953.8908	1266954.1940	1.0000	1.0000	0.2013
28hb04	6	1	1	1	2.0000	1.0000	1.0000	0.1736	NaN	NaN	NaN	1266954.9489	1266955.2989	1.0000	1.0000	0.1524
28hb04	6	2	1	1	1.0000	1.0000	-1.0000	NaN	5.4387	-5.3167	15.2840	1266957.8916	1266958.1946	1.0000	0.0000	0.3451
28hb04	6	2	1	1	2.0000	1.0000	-1.0000	0.7157	NaN	NaN	NaN	1266959.1084	1266959.4624	0.0000	1.0000	0.1660
28hb04	6	3	1	1	1.0000	1.0000	-1.0000	NaN	5.6052	-5.6752	14.8318	1266961.5928	1266961.8950	0.0000	1.0000	0.1496
28hb04	6	3	1	1	2.0000	1.0000	1.0000	0.0047	NaN	NaN	NaN	1266962.5322	1266962.8845	0.0000	0.0000	0.0240
28hb04	6	4	1	1	1.0000	1.0000	1.0000	NaN	2.6882	2.1921	15.1046	1266965.0330	1266965.3353	1.0000	1.0000	0.2297
28hb04	6	4	1	1	2.0000	1.0000	1.0000	0.4646	NaN	NaN	NaN	1266966.1166	1266966.4685	1.0000	1.0000	0.0563
28hb04	6	5	1	1	1.0000	1.0000	1.0000	NaN	6.2637	5.3299	13.5950	1266968.4985	1266968.8006	1.0000	1.0000	0.3159
28hb04	6	5	1	1	2.0000	1.0000	1.0000	0.3709	NaN	NaN	NaN	1266969.7162	1266970.0680	1.0000	1.0000	0.0727
28hb04	6	6	1	1	1.0000	1.0000	1.0000	NaN	3.5298	5.8511	17.2131	1266972.2143	1266972.5166	1.0000	1.0000	0.2157
28hb04	6	6	1	1	2.0000	1.0000	1.0000	0.0982	NaN	NaN	NaN	1266973.3192	1266973.7339	0.0000	0.0000	0.2628
28hb04	6	7	1	1	1.0000	1.0000	-1.0000	NaN	0.5116	-2.3417	14.6587	1266976.4965	1266976.8003	1.0000	0.0000	0.0910
28hb04	6	7	1	1	2.0000	1.0000	-1.0000	0.2396	NaN	NaN	NaN	1266977.4010	1266977.8173	0.0000	1.0000	0.2900
28hb04	6	8	1	1	1.0000	1.0000	1.0000	NaN	4.9677	5.8767	15.9984	1266980.4388	1266980.7461	1.0000	1.0000	0.2732
28hb04	6	8	1	1	2.0000	1.0000	1.0000	0.0073	NaN	NaN	NaN	1266981.5759	1266981.9992	1.0000	1.0000	0.2858
28hb04	6	9	1	1	1.0000	1.0000	1.0000	NaN	0.0967	0.0211	13.3802	1266984.4890	1266984.7962	1.0000	1.0000	0.1284
28hb04	6	9	1	1	2.0000	1.0000	1.0000	0.4235	NaN	NaN	NaN	1266985.4826	1266985.9024	1.0000	1.0000	0.1422
28hb04	6	10	1	1	1.0000	1.0000	1.0000	NaN	3.7891	4.1243	14.9841	1266988.3198	1266988.6252	1.0000	1.0000	0.2820
28hb04	6	10	1	1	2.0000	1.0000	1.0000	0.6441	NaN	NaN	NaN	1266989.4819	1266989.9021	1.0000	1.0000	0.4623
28hb04	6	11	1	1	1.0000	1.0000	-1.0000	NaN	2.5843	-1.9933	15.3194	1266992.9846	1266993.2889	1.0000	0.0000	0.2437
28hb04	6	11	1	1	2.0000	1.0000	-1.0000	0.0227	NaN	NaN	NaN	1266994.1196	1266994.5352	0.0000	1.0000	0.4533
28hb04	6	12	1	1	1.0000	1.0000	-1.0000	NaN	4.5237	-3.3953	12.6247	1266997.0796	1266997.3840	1.0000	0.0000	0.1484
28hb04	6	12	1	1	2.0000	1.0000	-1.0000	0.2867	NaN	NaN	NaN	1266998.0712	1266998.4617	0.0000	1.0000	0.3656
28hb04	6	13	1	1	1.0000	1.0000	-1.0000	NaN	2.3047	-3.2906	14.6981	1267001.2102	1267001.5123	0.0000	1.0000	0.3072
28hb04	6	13	1	1	2.0000	1.0000	1.0000	0.5653	NaN	NaN	NaN	1267002.3402	1267002.6936	1.0000	1.0000	0.1824
28hb04	6	14	1	1	1.0000	1.0000	-1.0000	NaN	2.1465	-0.8099	14.3469	1267004.8810	1267005.1831	0.0000	1.0000	0.4131
28hb04	6	14	1	1	2.0000	1.0000	1.0000	0.5183	NaN	NaN	NaN	1267006.1004	1267006.4559	0.0000	0.0000	0.2605
28hb04	6	15	1	1	1.0000	1.0000	1.0000	NaN	0.8810	0.6441	14.1063	1267008.8929	1267009.1950	0.0000	0.0000	0.2254
28hb04	6	15	1	1	2.0000	1.0000	-1.0000	0.0819	NaN	NaN	NaN	1267009.9239	1267010.2777	1.0000	0.0000	0.1027
28hb04	6	16	1	1	1.0000	1.0000	1.0000	NaN	1.2616	2.6148	14.9792	1267012.4301	1267012.7323	0.0000	0.0000	0.4161
28hb04	6	16	1	1	2.0000	1.0000	-1.0000	0.4793	NaN	NaN	NaN	1267013.6681	1267014.0220	0.0000	1.0000	0.2932
28hb04	6	17	1	1	1.0000	1.0000	1.0000	NaN	0.8061	3.1537	15.5677	1267016.3888	1267016.6917	0.0000	0.0000	0.3116
28hb04	6	17	1	1	2.0000	1.0000	-1.0000	0.2217	NaN	NaN	NaN	1267017.5407	1267017.8940	1.0000	0.0000	0.2304
28hb04	6	18	1	1	1.0000	1.0000	-1.0000	NaN	2.8049	-2.7957	15.4099	1267020.5449	1267020.8494	0.0000	1.0000	0.1550
28hb04	6	18	1	1	2.0000	1.0000	1.0000	0.1997	NaN	NaN	NaN	1267021.5301	1267021.9386	1.0000	1.0000	0.2498
28hb04	6	19	1	1	1.0000	1.0000	1.0000	NaN	1.5451	0.4086	15.9092	1267024.3793	1267024.6816	0.0000	0.0000	0.1307
28hb04	6	19	1	1	2.0000	1.0000	-1.0000	0.5424	NaN	NaN	NaN	1267025.3161	1267025.6717	1.0000	0.0000	0.1316
28hb04	6	20	1	1	1.0000	1.0000	1.0000	NaN	3.7717	3.6125	15.0803	1267028.1350	1267028.4372	1.0000	1.0000	0.1833
28hb04	6	20	1	1	2.0000	1.0000	1.0000	0.2427	NaN	NaN	NaN	1267029.1563	1267029.5100	0.0000	0.0000	0.4704
28hb04	6	21	1	1	1.0000	1.0000	1.0000	NaN	1.9476	0.1770	15.1619	1267032.2187	1267032.5209	0.0000	0.0000	0.1792
28hb04	6	21	1	1	2.0000	1.0000	-1.0000	0.6816	NaN	NaN	NaN	1267033.2036	1267033.5586	0.0000	1.0000	0.4370
28hb04	6	22	1	1	1.0000	1.0000	-1.0000	NaN	3.1320	-2.9194	16.6825	1267036.3529	1267036.6557	1.0000	0.0000	0.2843
28hb04	6	22	1	1	2.0000	1.0000	-1.0000	0.2718	NaN	NaN	NaN	1267037.4614	1267037.8114	1.0000	0.0000	0.3765
28hb04	6	23	1	1	1.0000	1.0000	1.0000	NaN	5.3034	5.6890	14.9227	1267040.6757	1267040.9779	1.0000	1.0000	0.2506
28hb04	6	23	1	1	2.0000	1.0000	1.0000	0.3066	NaN	NaN	NaN	1267041.7489	1267042.1039	0.0000	0.0000	0.2125
28hb04	6	24	1	1	1.0000	1.0000	-1.0000	NaN	4.9511	-3.1243	14.2250	1267044.1999	1267044.5019	0.0000	1.0000	0.2933
28hb04	6	24	1	1	2.0000	1.0000	1.0000	0.0960	NaN	NaN	NaN	1267045.3325	1267045.6871	1.0000	1.0000	1.2213
28hb04	6	25	1	1	1.0000	1.0000	-1.0000	NaN	2.5333	-2.9352	15.6495	1267048.8076	1267049.1099	0.0000	1.0000	0.3425
28hb04	6	25	1	1	2.0000	1.0000	1.0000	0.3516	NaN	NaN	NaN	1267049.9567	1267050.3091	1.0000	1.0000	0.3434
28hb04	6	26	1	1	1.0000	1.0000	1.0000	NaN	3.7937	3.1976	14.2678	1267052.7090	1267053.0113	1.0000	1.0000	0.7760
28hb04	6	26	1	1	2.0000	1.0000	1.0000	0.1577	NaN	NaN	NaN	1267054.3085	1267054.6588	1.0000	1.0000	0.3457
28hb04	6	27	1	1	1.0000	1.0000	1.0000	NaN	2.6552	3.0820	14.9431	1267057.2128	1267057.5150	1.0000	1.0000	0.2894
28hb04	6	27	1	1	2.0000	1.0000	1.0000	0.5163	NaN	NaN	NaN	1267058.3395	1267058.6920	1.0000	1.0000	0.2953
28hb04	6	28	1	1	1.0000	1.0000	-1.0000	NaN	2.4478	-2.9273	15.1408	1267061.0365	1267061.3394	0.0000	1.0000	0.0974
28hb04	6	28	1	1	2.0000	1.0000	1.0000	0.2565	NaN	NaN	NaN	1267061.9560	1267062.3084	1.0000	1.0000	0.0708
28hb04	6	29	1	1	1.0000	1.0000	1.0000	NaN	5.1712	4.6780	15.3585	1267064.3123	1267064.6144	1.0000	1.0000	0.3419
28hb04	6	29	1	1	2.0000	1.0000	1.0000	0.1296	NaN	NaN	NaN	1267065.4767	1267065.8269	1.0000	1.0000	0.3132
28hb04	6	30	1	1	1.0000	1.0000	1.0000	NaN	1.3901	1.1923	15.6967	1267067.9620	1267068.2641	1.0000	1.0000	0.3241
28hb04	6	30	1	1	2.0000	1.0000	1.0000	0.4056	NaN	NaN	NaN	1267069.1451	1267069.5626	1.0000	1.0000	0.0646
28hb04	6	31	1	1	1.0000	1.0000	1.0000	NaN	0.6205	1.5650	15.2521	1267071.5317	1267071.8355	1.0000	1.0000	0.1289
28hb04	6	31	1	1	2.0000	1.0000	1.0000	0.5112	NaN	NaN	NaN	1267072.5191	1267072.9299	1.0000	1.0000	0.2017
28hb04	6	32	1	1	1.0000	1.0000	1.0000	NaN	2.1235	1.4928	15.6723	1267075.5297	1267075.8335	1.0000	1.0000	0.3697
28hb04	6	32	1	1	2.0000	1.0000	1.0000	0.4328	NaN	NaN	NaN	1267076.7614	1267077.1811	1.0000	1.0000	0.1902
28hb04	6	33	1	1	1.0000	1.0000	-1.0000	NaN	0.2512	-0.4082	13.8122	1267079.8087	1267080.1132	1.0000	0.0000	0.2992
28hb04	6	33	1	1	2.0000	1.0000	-1.0000	0.5930	NaN	NaN	NaN	1267080.9505	1267081.3642	0.0000	1.0000	0.0550
28hb04	6	34	1	1	1.0000	1.0000	-1.0000	NaN	1.4051	-1.8322	14.1731	1267083.7622	1267084.0666	0.0000	1.0000	0.2653
28hb04	6	34	1	1	2.0000	1.0000	1.0000	0.1983	NaN	NaN	NaN	1267084.8548	1267085.2561	1.0000	1.0000	0.0191
28hb04	6	35	1	1	1.0000	1.0000	1.0000	NaN	0.7153	0.0321	15.0780	1267087.7534	1267088.0555	0.0000	0.0000	0.3244
28hb04	6	35	1	1	2.0000	1.0000	-1.0000	0.3320	NaN	NaN	NaN	1267088.9482	1267089.3017	1.0000	0.0000	0.1495
28hb04	6	36	1	1	1.0000	1.0000	-1.0000	NaN	2.5282	-4.2251	14.6127	1267091.8594	1267092.1615	0.0000	1.0000	0.2667
28hb04	6	36	1	1	2.0000	1.0000	1.0000	0.3871	NaN	NaN	NaN	1267092.9802	1267093.3346	0.0000	0.0000	0.3409
28hb04	6	37	1	1	1.0000	1.0000	-1.0000	NaN	1.8216	-3.1660	14.4792	1267096.2855	1267096.5878	0.0000	1.0000	0.2407
28hb04	6	37	1	1	2.0000	1.0000	1.0000	0.4071	NaN	NaN	NaN	1267097.3643	1267097.7178	1.0000	1.0000	0.1186
28hb04	6	38	1	1	1.0000	1.0000	-1.0000	NaN	3.1643	-3.2316	13.7168	1267099.9594	1267100.2616	0.0000	1.0000	0.1983
28hb04	6	38	1	1	2.0000	1.0000	1.0000	0.4699	NaN	NaN	NaN	1267101.0124	1267101.3678	1.0000	1.0000	0.0674
28hb04	6	39	1	1	1.0000	1.0000	-1.0000	NaN	3.0406	-3.2823	14.4310	1267103.5505	1267103.8539	0.0000	1.0000	0.2213
28hb04	6	39	1	1	2.0000	1.0000	1.0000	0.0588	NaN	NaN	NaN	1267104.6119	1267104.9677	1.0000	1.0000	0.0007
28hb04	6	40	1	1	1.0000	1.0000	1.0000	NaN	1.9921	2.0878	17.3451	1267107.0222	1267107.3244	0.0000	0.0000	0.1915
28hb04	6	40	1	1	2.0000	1.0000	-1.0000	0.0433	NaN	NaN	NaN	1267108.0678	1267108.4215	1.0000	0.0000	0.3897
28hb04	6	41	1	1	1.0000	1.0000	1.0000	NaN	2.5631	2.2687	15.7687	1267111.1753	1267111.4775	1.0000	1.0000	0.3096
28hb04	6	41	1	1	2.0000	1.0000	1.0000	0.3319	NaN	NaN	NaN	1267112.3410	1267112.6914	1.0000	1.0000	0.2010
28hb04	6	42	1	1	1.0000	1.0000	1.0000	NaN	5.8167	7.6825	15.8821	1267115.3326	1267115.6396	1.0000	1.0000	0.2760
28hb04	6	42	1	1	2.0000	1.0000	1.0000	0.6418	NaN	NaN	NaN	1267116.4717	1267116.8905	1.0000	1.0000	0.1620
28hb04	6	43	1	1	1.0000	1.0000	-1.0000	NaN	4.4779	-6.1677	15.1464	1267119.2187	1267119.5232	1.0000	0.0000	0.6806
28hb04	6	43	1	1	2.0000	1.0000	-1.0000	0.6949	NaN	NaN	NaN	1267120.7942	1267121.2122	0.0000	1.0000	0.2231
28hb04	6	44	1	1	1.0000	1.0000	-1.0000	NaN	4.1111	-1.4891	14.4125	1267123.9360	1267124.2409	1.0000	0.0000	0.2664
28hb04	6	44	1	1	2.0000	1.0000	-1.0000	0.1274	NaN	NaN	NaN	1267125.0631	1267125.4792	0.0000	1.0000	0.1331
28hb04	6	45	1	1	1.0000	1.0000	1.0000	NaN	2.4028	3.8695	15.4788	1267127.7881	1267128.0931	1.0000	1.0000	0.1907
28hb04	6	45	1	1	2.0000	1.0000	1.0000	0.1837	NaN	NaN	NaN	1267128.8425	1267129.2619	0.0000	0.0000	0.0933
28hb04	6	46	1	1	1.0000	1.0000	1.0000	NaN	4.0819	5.2119	14.8837	1267131.5255	1267131.8299	1.0000	1.0000	0.2626
28hb04	6	46	1	1	2.0000	1.0000	1.0000	0.1472	NaN	NaN	NaN	1267132.6153	1267133.0283	1.0000	1.0000	0.1200
28hb04	6	47	1	1	1.0000	1.0000	-1.0000	NaN	0.0257	-0.3196	14.9214	1267135.3127	1267135.6193	1.0000	0.0000	0.2478
28hb04	6	47	1	1	2.0000	1.0000	-1.0000	0.5449	NaN	NaN	NaN	1267136.4098	1267136.8158	1.0000	0.0000	0.1393
28hb04	6	48	1	1	1.0000	1.0000	1.0000	NaN	5.6497	4.2890	15.7392	1267139.5032	1267139.8054	1.0000	1.0000	0.1910
28hb04	6	48	1	1	2.0000	1.0000	1.0000	0.0442	NaN	NaN	NaN	1267140.5804	1267140.9366	1.0000	1.0000	0.4200
28hb04	6	49	1	1	1.0000	1.0000	1.0000	NaN	1.5911	2.6717	15.8298	1267143.4984	1267143.8019	1.0000	1.0000	0.4185
28hb04	6	49	1	1	2.0000	1.0000	1.0000	0.5394	NaN	NaN	NaN	1267144.7727	1267145.1251	0.0000	0.0000	0.3758
28hb04	6	50	1	1	1.0000	1.0000	1.0000	NaN	2.9411	1.3772	14.3836	1267147.6923	1267147.9945	0.0000	0.0000	0.2886
28hb04	6	50	1	1	2.0000	1.0000	-1.0000	0.4940	NaN	NaN	NaN	1267148.8056	1267149.1557	0.0000	1.0000	0.2794
