42cw02	1	1	0	1	1.0000	1.0000	-1.0000	NaN	1.0387	-2.9225	12.7813	1669896.0856	1669896.3866	0.0000	1.0000	0.1062
42cw02	1	1	0	1	2.0000	1.0000	1.0000	0.6395	NaN	NaN	NaN	1669897.0311	1669897.3599	1.0000	1.0000	0.0876
42cw02	1	2	0	1	1.0000	1.0000	-1.0000	NaN	8.7727	-7.9800	14.8124	1669899.7932	1669900.0942	0.0000	1.0000	0.0970
42cw02	1	2	0	1	2.0000	1.0000	1.0000	0.6005	NaN	NaN	NaN	1669900.7166	1669901.0451	0.0000	0.0000	0.1838
42cw02	1	3	0	1	1.0000	1.0000	1.0000	NaN	8.8106	7.9998	14.6959	1669903.8221	1669904.1231	1.0000	1.0000	0.1002
42cw02	1	3	0	1	2.0000	1.0000	1.0000	0.7292	NaN	NaN	NaN	1669904.7734	1669905.1009	1.0000	1.0000	0.2504
42cw02	1	4	0	1	1.0000	1.0000	-1.0000	NaN	11.8583	-13.8667	14.9336	1669907.9116	1669908.2128	0.0000	1.0000	0.0423
42cw02	1	4	0	1	2.0000	1.0000	1.0000	0.5536	NaN	NaN	NaN	1669908.7970	1669909.1238	1.0000	1.0000	0.1469
42cw02	1	5	0	1	1.0000	1.0000	-1.0000	NaN	10.2778	-10.8374	15.9549	1669911.4300	1669911.7311	0.0000	1.0000	0.0919
42cw02	1	5	0	1	2.0000	1.0000	1.0000	0.1781	NaN	NaN	NaN	1669912.3417	1669912.6692	1.0000	1.0000	0.0816
42cw02	1	6	0	1	1.0000	1.0000	-1.0000	NaN	6.9711	-7.7593	15.3346	1669915.2215	1669915.5229	0.0000	1.0000	0.0279
42cw02	1	6	0	1	2.0000	1.0000	1.0000	0.3606	NaN	NaN	NaN	1669916.0608	1669916.3881	0.0000	0.0000	0.1315
42cw02	1	7	0	1	1.0000	1.0000	-1.0000	NaN	0.8969	-0.5200	13.6569	1669918.5425	1669918.8435	1.0000	0.0000	0.1630
42cw02	1	7	0	1	2.0000	1.0000	-1.0000	0.6830	NaN	NaN	NaN	1669919.5657	1669919.8940	0.0000	1.0000	0.1376
42cw02	1	8	0	1	1.0000	1.0000	-1.0000	NaN	6.1978	-6.1228	15.5776	1669922.5987	1669922.8998	0.0000	1.0000	0.2594
42cw02	1	8	0	1	2.0000	1.0000	1.0000	0.8786	NaN	NaN	NaN	1669923.6924	1669924.0205	1.0000	1.0000	0.0564
42cw02	1	9	0	1	1.0000	1.0000	-1.0000	NaN	1.3962	-3.4143	14.7159	1669926.4908	1669926.7918	0.0000	1.0000	0.1357
42cw02	1	9	0	1	2.0000	1.0000	1.0000	0.1203	NaN	NaN	NaN	1669927.4781	1669927.8048	1.0000	1.0000	0.2566
42cw02	1	10	0	1	1.0000	1.0000	-1.0000	NaN	8.0826	-5.0749	14.6661	1669930.2516	1669930.5526	1.0000	0.0000	0.2382
42cw02	1	10	0	1	2.0000	1.0000	1.0000	0.1729	NaN	NaN	NaN	1669931.2687	1669931.5959	0.0000	0.0000	0.1623
42cw02	1	11	0	1	1.0000	1.0000	1.0000	NaN	3.9104	1.7345	14.1317	1669933.7692	1669934.0704	1.0000	1.0000	0.1761
42cw02	1	11	0	1	2.0000	1.0000	1.0000	0.0881	NaN	NaN	NaN	1669934.7968	1669935.1240	1.0000	1.0000	0.1549
42cw02	1	12	0	1	1.0000	1.0000	-1.0000	NaN	0.7561	-1.5218	12.9174	1669937.9561	1669938.2572	0.0000	1.0000	0.0678
42cw02	1	12	0	1	2.0000	1.0000	1.0000	0.3597	NaN	NaN	NaN	1669938.9014	1669939.2297	0.0000	0.0000	0.1216
42cw02	1	13	0	1	1.0000	1.0000	-1.0000	NaN	3.9098	-5.4644	16.2329	1669941.8898	1669942.1908	0.0000	1.0000	0.0941
42cw02	1	13	0	1	2.0000	1.0000	-1.0000	0.4516	NaN	NaN	NaN	1669942.8216	1669943.1512	1.0000	0.0000	0.2154
42cw02	1	14	0	1	1.0000	1.0000	-1.0000	NaN	2.2462	-1.9710	14.7052	1669945.8201	1669946.1211	0.0000	1.0000	0.0859
42cw02	1	14	0	1	2.0000	1.0000	-1.0000	0.7022	NaN	NaN	NaN	1669946.7404	1669947.0682	0.0000	1.0000	0.2103
42cw02	1	15	0	1	1.0000	1.0000	-1.0000	NaN	10.0275	-9.9083	15.3921	1669949.5977	1669949.8987	0.0000	1.0000	0.1246
42cw02	1	15	0	1	2.0000	1.0000	1.0000	0.6054	NaN	NaN	NaN	1669950.5731	1669950.9029	1.0000	1.0000	0.1341
42cw02	1	16	0	1	1.0000	1.0000	-1.0000	NaN	2.8414	-1.4879	13.4428	1669953.2207	1669953.5218	0.0000	1.0000	0.1711
42cw02	1	16	0	1	2.0000	1.0000	-1.0000	0.9010	NaN	NaN	NaN	1669954.2444	1669954.5699	0.0000	1.0000	0.1732
42cw02	1	17	0	1	1.0000	1.0000	1.0000	NaN	9.2979	8.8633	14.2706	1669956.9036	1669957.2046	1.0000	1.0000	0.0984
42cw02	1	17	0	1	2.0000	1.0000	1.0000	0.8316	NaN	NaN	NaN	1669957.8388	1669958.1661	1.0000	1.0000	0.2550
42cw02	1	18	0	1	1.0000	1.0000	1.0000	NaN	3.0359	4.0293	15.3455	1669960.5863	1669960.8873	0.0000	0.0000	0.2718
42cw02	1	18	0	1	2.0000	1.0000	-1.0000	0.5233	NaN	NaN	NaN	1669961.6772	1669962.0054	0.0000	1.0000	0.1927
42cw02	1	19	0	1	1.0000	1.0000	-1.0000	NaN	0.8536	-0.2584	14.2281	1669964.4188	1669964.7198	0.0000	1.0000	0.3674
42cw02	1	19	0	1	2.0000	1.0000	-1.0000	0.3329	NaN	NaN	NaN	1669965.6689	1669965.9969	1.0000	0.0000	0.1703
42cw02	1	20	0	1	1.0000	1.0000	1.0000	NaN	0.0861	1.3986	14.7065	1669968.1144	1669968.4154	0.0000	0.0000	0.9197
42cw02	1	20	0	1	2.0000	1.0000	1.0000	0.6098	NaN	NaN	NaN	1669969.9007	1669970.2276	1.0000	1.0000	0.0753
42cw02	1	21	0	1	1.0000	1.0000	-1.0000	NaN	2.6314	-2.8953	17.2501	1669972.7995	1669973.1006	1.0000	0.0000	0.4244
42cw02	1	21	0	1	2.0000	1.0000	1.0000	0.0718	NaN	NaN	NaN	1669974.0685	1669974.3957	1.0000	1.0000	0.2115
42cw02	1	22	0	1	1.0000	1.0000	-1.0000	NaN	5.4603	-4.8778	15.2669	1669976.9935	1669977.2945	0.0000	1.0000	0.0945
42cw02	1	22	0	1	2.0000	1.0000	-1.0000	0.7652	NaN	NaN	NaN	1669977.9742	1669978.3028	1.0000	0.0000	0.1422
42cw02	1	23	0	1	1.0000	1.0000	1.0000	NaN	0.9206	0.7314	16.3470	1669980.5895	1669980.8905	1.0000	1.0000	0.1784
42cw02	1	23	0	1	2.0000	1.0000	1.0000	0.2051	NaN	NaN	NaN	1669981.6133	1669981.9408	1.0000	1.0000	0.1946
42cw02	1	24	0	1	1.0000	1.0000	-1.0000	NaN	6.5927	-6.8596	13.2876	1669984.3545	1669984.6555	0.0000	1.0000	0.0956
42cw02	1	24	0	1	2.0000	1.0000	1.0000	0.3664	NaN	NaN	NaN	1669985.3086	1669985.6371	1.0000	1.0000	0.2093
42cw02	1	25	0	1	1.0000	1.0000	1.0000	NaN	1.2188	3.3275	13.9808	1669988.1348	1669988.4359	0.0000	0.0000	0.2678
42cw02	1	25	0	1	2.0000	1.0000	-1.0000	0.7348	NaN	NaN	NaN	1669989.2607	1669989.5883	1.0000	0.0000	0.1608
42cw02	1	26	0	1	1.0000	1.0000	1.0000	NaN	0.1846	1.8679	14.4514	1669991.6186	1669991.9197	0.0000	0.0000	0.1572
42cw02	1	26	0	1	2.0000	1.0000	1.0000	0.3526	NaN	NaN	NaN	1669992.6537	1669992.9807	1.0000	1.0000	0.1049
42cw02	1	27	0	1	1.0000	1.0000	-1.0000	NaN	9.0211	-9.1949	16.3386	1669995.7262	1669996.0272	0.0000	1.0000	0.1538
42cw02	1	27	0	1	2.0000	1.0000	-1.0000	0.8567	NaN	NaN	NaN	1669996.7498	1669997.0762	1.0000	0.0000	0.0988
42cw02	1	28	0	1	1.0000	1.0000	1.0000	NaN	9.6288	11.6058	15.1126	1669999.4377	1669999.7387	1.0000	1.0000	0.1303
42cw02	1	28	0	1	2.0000	1.0000	-1.0000	0.3539	NaN	NaN	NaN	1670000.3885	1670000.7172	1.0000	0.0000	0.1357
42cw02	1	29	0	1	1.0000	1.0000	1.0000	NaN	6.2446	5.9737	14.8079	1670002.8419	1670003.1430	1.0000	1.0000	0.2141
42cw02	1	29	0	1	2.0000	1.0000	1.0000	0.0880	NaN	NaN	NaN	1670003.8845	1670004.2124	1.0000	1.0000	0.2325
42cw02	1	30	0	1	1.0000	1.0000	-1.0000	NaN	4.4672	-4.1957	15.5868	1670006.7092	1670007.0105	0.0000	1.0000	0.1704
42cw02	1	30	0	1	2.0000	1.0000	1.0000	0.5617	NaN	NaN	NaN	1670007.7243	1670008.0525	1.0000	1.0000	0.2589
42cw02	1	31	0	1	1.0000	1.0000	1.0000	NaN	9.0114	8.5983	15.7990	1670010.6988	1670010.9998	1.0000	1.0000	0.1653
42cw02	1	31	0	1	2.0000	1.0000	1.0000	0.6815	NaN	NaN	NaN	1670011.6759	1670012.0023	1.0000	1.0000	0.1074
42cw02	1	32	0	1	1.0000	1.0000	1.0000	NaN	11.0808	12.7037	16.1724	1670014.5305	1670014.8315	1.0000	1.0000	0.1442
42cw02	1	32	0	1	2.0000	1.0000	1.0000	0.3330	NaN	NaN	NaN	1670015.4928	1670015.8214	1.0000	1.0000	0.1125
42cw02	1	33	0	1	1.0000	1.0000	1.0000	NaN	7.6168	8.5750	15.8408	1670017.7991	1670018.1001	0.0000	0.0000	0.1144
42cw02	1	33	0	1	2.0000	1.0000	-1.0000	0.8177	NaN	NaN	NaN	1670018.7420	1670019.0700	1.0000	0.0000	0.0888
42cw02	1	34	0	1	1.0000	1.0000	-1.0000	NaN	11.1481	-12.3512	15.6879	1670021.7359	1670022.0369	0.0000	1.0000	0.1121
42cw02	1	34	0	1	2.0000	1.0000	1.0000	0.2212	NaN	NaN	NaN	1670022.7245	1670023.0530	1.0000	1.0000	0.0824
42cw02	1	35	0	1	1.0000	1.0000	1.0000	NaN	2.1637	1.9317	14.0503	1670025.3559	1670025.6571	1.0000	1.0000	0.0918
42cw02	1	35	0	1	2.0000	1.0000	-1.0000	0.7398	NaN	NaN	NaN	1670026.2928	1670026.6198	1.0000	0.0000	0.0908
42cw02	1	36	0	1	1.0000	1.0000	-1.0000	NaN	1.8441	-1.3889	14.9045	1670029.1159	1670029.4169	0.0000	1.0000	0.3501
42cw02	1	36	0	1	2.0000	1.0000	-1.0000	0.7610	NaN	NaN	NaN	1670030.3249	1670030.6521	1.0000	0.0000	0.2169
42cw02	1	37	0	1	1.0000	1.0000	-1.0000	NaN	11.3868	-10.1166	15.6916	1670033.1344	1670033.4354	0.0000	1.0000	0.1539
42cw02	1	37	0	1	2.0000	1.0000	1.0000	0.0078	NaN	NaN	NaN	1670034.1649	1670034.4933	1.0000	1.0000	0.1527
42cw02	1	38	0	1	1.0000	1.0000	-1.0000	NaN	2.5653	-4.6268	13.9295	1670037.0857	1670037.3868	0.0000	1.0000	0.3061
42cw02	1	38	0	1	2.0000	1.0000	-1.0000	0.6358	NaN	NaN	NaN	1670038.2452	1670038.5726	0.0000	1.0000	0.2266
42cw02	1	39	0	1	1.0000	1.0000	-1.0000	NaN	2.1313	-0.7368	15.0132	1670040.9076	1670041.2087	0.0000	1.0000	0.0764
42cw02	1	39	0	1	2.0000	1.0000	1.0000	0.6843	NaN	NaN	NaN	1670041.8374	1670042.1648	1.0000	1.0000	0.0576
42cw02	1	40	0	1	1.0000	1.0000	1.0000	NaN	3.0991	4.0463	15.4809	1670044.7673	1670045.0684	1.0000	1.0000	0.1687
42cw02	1	40	0	1	2.0000	1.0000	1.0000	0.7244	NaN	NaN	NaN	1670045.7975	1670046.1250	1.0000	1.0000	0.1062
42cw02	1	41	0	1	1.0000	1.0000	1.0000	NaN	4.6291	4.3552	13.3329	1670048.7402	1670049.0415	0.0000	0.0000	0.1955
42cw02	1	41	0	1	2.0000	1.0000	1.0000	0.7696	NaN	NaN	NaN	1670049.7888	1670050.1158	1.0000	1.0000	0.1304
42cw02	1	42	0	1	1.0000	1.0000	-1.0000	NaN	1.7363	-0.3502	14.8604	1670052.5268	1670052.8279	1.0000	0.0000	0.3312
42cw02	1	42	0	1	2.0000	1.0000	-1.0000	0.2015	NaN	NaN	NaN	1670053.7089	1670054.0357	1.0000	0.0000	0.1873
42cw02	1	43	0	1	1.0000	1.0000	1.0000	NaN	10.0957	9.6112	14.2557	1670056.0602	1670056.3615	0.0000	0.0000	0.3323
42cw02	1	43	0	1	2.0000	1.0000	-1.0000	0.5428	NaN	NaN	NaN	1670057.1974	1670057.5259	0.0000	1.0000	0.1357
42cw02	1	44	0	1	1.0000	1.0000	1.0000	NaN	11.4854	12.5765	15.2578	1670059.7409	1670060.0419	1.0000	1.0000	0.1648
42cw02	1	44	0	1	2.0000	1.0000	-1.0000	0.1087	NaN	NaN	NaN	1670060.7334	1670061.0606	0.0000	1.0000	0.2087
42cw02	1	45	0	1	1.0000	1.0000	-1.0000	NaN	0.2311	-0.8729	15.1636	1670063.5883	1670063.8894	0.0000	1.0000	0.1972
42cw02	1	45	0	1	2.0000	1.0000	1.0000	0.6751	NaN	NaN	NaN	1670064.5899	1670064.9188	1.0000	1.0000	0.1262
42cw02	1	46	0	1	1.0000	1.0000	-1.0000	NaN	10.2121	-9.0130	15.6047	1670067.5259	1670067.8269	0.0000	1.0000	0.1227
42cw02	1	46	0	1	2.0000	1.0000	-1.0000	0.3299	NaN	NaN	NaN	1670068.4999	1670068.8282	1.0000	0.0000	0.1059
42cw02	1	47	0	1	1.0000	1.0000	1.0000	NaN	2.5458	3.5468	16.6610	1670071.0463	1670071.3475	1.0000	1.0000	0.2830
42cw02	1	47	0	1	2.0000	1.0000	1.0000	0.7674	NaN	NaN	NaN	1670072.1887	1670072.5176	1.0000	1.0000	0.1299
42cw02	1	48	0	1	1.0000	1.0000	1.0000	NaN	11.6790	11.0070	16.6439	1670074.6090	1670074.9101	1.0000	1.0000	0.1372
42cw02	1	48	0	1	2.0000	1.0000	1.0000	0.7088	NaN	NaN	NaN	1670075.5574	1670075.8870	0.0000	0.0000	0.0961
42cw02	1	49	0	1	1.0000	1.0000	1.0000	NaN	7.9247	8.8903	13.5112	1670078.2110	1670078.5120	1.0000	1.0000	0.1670
42cw02	1	49	0	1	2.0000	1.0000	-1.0000	0.5722	NaN	NaN	NaN	1670079.1893	1670079.5154	0.0000	1.0000	0.1457
42cw02	1	50	0	1	1.0000	1.0000	1.0000	NaN	1.9544	1.0426	17.0124	1670082.1736	1670082.4750	1.0000	1.0000	0.2359
42cw02	1	50	0	1	2.0000	1.0000	1.0000	0.2826	NaN	NaN	NaN	1670083.2443	1670083.5703	0.0000	0.0000	0.3090
42cw02	2	1	0	1	1.0000	1.0000	-1.0000	NaN	11.9991	-12.1176	15.5570	1670091.6109	1670091.9119	0.0000	1.0000	0.1977
42cw02	2	1	0	1	2.0000	1.0000	-1.0000	0.4066	NaN	NaN	NaN	1670092.6538	1670092.9813	0.0000	1.0000	0.0976
42cw02	2	2	0	1	1.0000	1.0000	-1.0000	NaN	0.1051	-0.0718	14.4402	1670095.1251	1670095.4261	1.0000	0.0000	0.1884
42cw02	2	2	0	1	2.0000	1.0000	1.0000	0.1348	NaN	NaN	NaN	1670096.1568	1670096.4831	1.0000	1.0000	0.2511
42cw02	2	3	0	1	1.0000	1.0000	-1.0000	NaN	6.7868	-6.5880	13.8400	1670099.0891	1670099.3902	1.0000	0.0000	0.1692
42cw02	2	3	0	1	2.0000	1.0000	-1.0000	0.1469	NaN	NaN	NaN	1670100.1002	1670100.4256	0.0000	1.0000	0.1240
42cw02	2	4	0	1	1.0000	1.0000	1.0000	NaN	9.7584	8.0895	13.8522	1670102.4792	1670102.7806	0.0000	0.0000	0.2971
42cw02	2	4	0	1	2.0000	1.0000	1.0000	0.3988	NaN	NaN	NaN	1670103.6115	1670103.9378	0.0000	0.0000	0.2615
42cw02	2	5	0	1	1.0000	1.0000	1.0000	NaN	10.1660	10.2461	14.6873	1670106.5871	1670106.8882	0.0000	0.0000	0.2781
42cw02	2	5	0	1	2.0000	1.0000	1.0000	0.6955	NaN	NaN	NaN	1670107.7089	1670108.0363	1.0000	1.0000	0.0905
42cw02	2	6	0	1	1.0000	1.0000	1.0000	NaN	10.0915	11.4536	14.3553	1670110.4963	1670110.7974	1.0000	1.0000	0.4981
42cw02	2	6	0	1	2.0000	1.0000	1.0000	0.8416	NaN	NaN	NaN	1670111.8767	1670112.2058	1.0000	1.0000	0.1512
42cw02	2	7	0	1	1.0000	1.0000	-1.0000	NaN	10.8449	-11.1698	13.9606	1670114.7291	1670115.0302	0.0000	1.0000	0.2310
42cw02	2	7	0	1	2.0000	1.0000	1.0000	0.5897	NaN	NaN	NaN	1670115.8125	1670116.1403	1.0000	1.0000	0.1287
42cw02	2	8	0	1	1.0000	1.0000	1.0000	NaN	4.6928	4.9618	15.7624	1670118.8506	1670119.1516	1.0000	1.0000	0.2156
42cw02	2	8	0	1	2.0000	1.0000	1.0000	0.8555	NaN	NaN	NaN	1670119.9085	1670120.2368	1.0000	1.0000	0.1123
42cw02	2	9	0	1	1.0000	1.0000	-1.0000	NaN	0.9230	-0.3976	15.7505	1670122.8484	1670123.1496	1.0000	0.0000	0.2715
42cw02	2	9	0	1	2.0000	1.0000	-1.0000	0.7537	NaN	NaN	NaN	1670123.9571	1670124.2824	0.0000	1.0000	0.2702
42cw02	2	10	0	1	1.0000	1.0000	1.0000	NaN	7.0731	7.5410	14.4354	1670126.8145	1670127.1155	1.0000	1.0000	0.3295
42cw02	2	10	0	1	2.0000	1.0000	1.0000	0.5070	NaN	NaN	NaN	1670127.9323	1670128.2588	0.0000	0.0000	0.1405
42cw02	2	11	0	1	1.0000	1.0000	-1.0000	NaN	10.5682	-11.9768	15.2099	1670130.5389	1670130.8399	1.0000	0.0000	0.4773
42cw02	2	11	0	1	2.0000	1.0000	1.0000	0.7373	NaN	NaN	NaN	1670131.8606	1670132.1877	1.0000	1.0000	0.1373
42cw02	2	12	0	1	1.0000	1.0000	1.0000	NaN	0.3022	1.9734	15.6934	1670134.8441	1670135.1452	1.0000	1.0000	0.3741
42cw02	2	12	0	1	2.0000	1.0000	1.0000	0.8775	NaN	NaN	NaN	1670136.0616	1670136.3886	0.0000	0.0000	0.2432
42cw02	2	13	0	1	1.0000	1.0000	-1.0000	NaN	7.8925	-8.9485	14.3620	1670139.0268	1670139.3279	0.0000	1.0000	0.1831
42cw02	2	13	0	1	2.0000	1.0000	1.0000	0.9160	NaN	NaN	NaN	1670140.0696	1670140.3978	1.0000	1.0000	0.2899
42cw02	2	14	0	1	1.0000	1.0000	-1.0000	NaN	1.4949	-1.0150	13.2311	1670143.0484	1670143.3495	0.0000	1.0000	0.2575
42cw02	2	14	0	1	2.0000	1.0000	-1.0000	0.7039	NaN	NaN	NaN	1670144.1733	1670144.5005	0.0000	1.0000	0.1770
42cw02	2	15	0	1	1.0000	1.0000	1.0000	NaN	2.4077	2.2809	14.2913	1670146.6889	1670146.9899	1.0000	1.0000	0.4072
42cw02	2	15	0	1	2.0000	1.0000	-1.0000	0.8292	NaN	NaN	NaN	1670147.9086	1670148.2361	0.0000	1.0000	0.0512
42cw02	2	16	0	1	1.0000	1.0000	-1.0000	NaN	0.5710	-1.0494	14.6355	1670150.4039	1670150.7053	0.0000	1.0000	0.3980
42cw02	2	16	0	1	2.0000	1.0000	1.0000	0.1446	NaN	NaN	NaN	1670151.6693	1670151.9959	0.0000	0.0000	0.2674
42cw02	2	17	0	1	1.0000	1.0000	1.0000	NaN	8.0027	8.6922	14.0850	1670154.3177	1670154.6187	1.0000	1.0000	0.3890
42cw02	2	17	0	1	2.0000	1.0000	1.0000	0.1485	NaN	NaN	NaN	1670155.5244	1670155.8536	1.0000	1.0000	0.1602
42cw02	2	18	0	1	1.0000	1.0000	-1.0000	NaN	7.9321	-6.5545	13.9566	1670157.8534	1670158.1547	0.0000	1.0000	0.1563
42cw02	2	18	0	1	2.0000	1.0000	-1.0000	0.4574	NaN	NaN	NaN	1670158.8299	1670159.1579	0.0000	1.0000	0.1137
42cw02	2	19	0	1	1.0000	1.0000	-1.0000	NaN	1.6523	-2.3675	14.0329	1670161.3725	1670161.6735	0.0000	1.0000	0.1716
42cw02	2	19	0	1	2.0000	1.0000	1.0000	0.8615	NaN	NaN	NaN	1670162.4046	1670162.7326	1.0000	1.0000	0.1292
42cw02	2	20	0	1	1.0000	1.0000	-1.0000	NaN	10.2927	-11.1812	16.1281	1670165.1418	1670165.4437	0.0000	1.0000	0.0517
42cw02	2	20	0	1	2.0000	1.0000	-1.0000	0.3442	NaN	NaN	NaN	1670166.0140	1670166.3414	0.0000	1.0000	0.1295
42cw02	2	21	0	1	1.0000	1.0000	1.0000	NaN	2.0294	2.2202	15.4977	1670168.7011	1670169.0026	0.0000	0.0000	0.1562
42cw02	2	21	0	1	2.0000	1.0000	-1.0000	0.7891	NaN	NaN	NaN	1670169.6529	1670169.9797	0.0000	1.0000	0.0672
42cw02	2	22	0	1	1.0000	1.0000	-1.0000	NaN	3.6619	-2.1810	13.8558	1670172.6140	1670172.9151	0.0000	1.0000	0.1474
42cw02	2	22	0	1	2.0000	1.0000	1.0000	0.0245	NaN	NaN	NaN	1670173.5813	1670173.9086	1.0000	1.0000	0.1776
42cw02	2	23	0	1	1.0000	1.0000	1.0000	NaN	4.9813	5.1440	14.4218	1670176.3835	1670176.6846	0.0000	0.0000	0.4430
42cw02	2	23	0	1	2.0000	1.0000	1.0000	0.3083	NaN	NaN	NaN	1670177.6700	1670177.9973	0.0000	0.0000	0.1038
42cw02	2	24	0	1	1.0000	1.0000	-1.0000	NaN	5.7477	-5.2256	14.6737	1670180.2894	1670180.5903	0.0000	1.0000	0.1347
42cw02	2	24	0	1	2.0000	1.0000	-1.0000	0.3561	NaN	NaN	NaN	1670181.2368	1670181.5640	0.0000	1.0000	0.2264
42cw02	2	25	0	1	1.0000	1.0000	1.0000	NaN	0.6642	0.0883	15.2069	1670184.0538	1670184.3549	1.0000	1.0000	0.3462
42cw02	2	25	0	1	2.0000	1.0000	1.0000	0.9262	NaN	NaN	NaN	1670185.2375	1670185.5654	1.0000	1.0000	0.1540
42cw02	2	26	0	1	1.0000	1.0000	-1.0000	NaN	1.1526	-1.2579	14.3679	1670187.8725	1670188.1735	0.0000	1.0000	0.1539
42cw02	2	26	0	1	2.0000	1.0000	-1.0000	0.9408	NaN	NaN	NaN	1670188.8366	1670189.1643	1.0000	0.0000	0.2087
42cw02	2	27	0	1	1.0000	1.0000	-1.0000	NaN	10.0560	-11.2788	15.4029	1670191.1953	1670191.4965	1.0000	0.0000	0.3823
42cw02	2	27	0	1	2.0000	1.0000	1.0000	0.7281	NaN	NaN	NaN	1670192.4212	1670192.7496	1.0000	1.0000	0.1380
42cw02	2	28	0	1	1.0000	1.0000	1.0000	NaN	1.1736	0.7139	15.0753	1670195.2123	1670195.5134	0.0000	0.0000	0.1716
42cw02	2	28	0	1	2.0000	1.0000	-1.0000	0.4218	NaN	NaN	NaN	1670196.2127	1670196.5410	0.0000	1.0000	0.2182
42cw02	2	29	0	1	1.0000	1.0000	-1.0000	NaN	8.4817	-8.5050	15.3583	1670198.8449	1670199.1462	0.0000	1.0000	0.1229
42cw02	2	29	0	1	2.0000	1.0000	1.0000	0.9047	NaN	NaN	NaN	1670199.7973	1670200.1287	1.0000	1.0000	0.0843
42cw02	2	30	0	1	1.0000	1.0000	-1.0000	NaN	11.5623	-10.7329	14.9798	1670202.1291	1670202.4301	0.0000	1.0000	0.0964
42cw02	2	30	0	1	2.0000	1.0000	-1.0000	0.1080	NaN	NaN	NaN	1670203.0688	1670203.3958	0.0000	1.0000	0.0662
42cw02	2	31	0	1	1.0000	1.0000	-1.0000	NaN	2.1474	-2.7569	15.8560	1670205.8659	1670206.1674	0.0000	1.0000	0.1445
42cw02	2	31	0	1	2.0000	1.0000	1.0000	0.6521	NaN	NaN	NaN	1670206.8366	1670207.1650	0.0000	0.0000	0.2083
42cw02	2	32	0	1	1.0000	1.0000	1.0000	NaN	11.4160	11.2486	15.4431	1670209.6929	1670209.9939	1.0000	1.0000	0.2214
42cw02	2	32	0	1	2.0000	1.0000	-1.0000	0.0255	NaN	NaN	NaN	1670210.7493	1670211.0764	0.0000	1.0000	0.2668
42cw02	2	33	0	1	1.0000	1.0000	1.0000	NaN	3.0098	5.4986	16.2341	1670213.9783	1670214.2795	1.0000	1.0000	0.3277
42cw02	2	33	0	1	2.0000	1.0000	1.0000	0.8309	NaN	NaN	NaN	1670215.1172	1670215.4440	0.0000	0.0000	0.2516
42cw02	2	34	0	1	1.0000	1.0000	-1.0000	NaN	0.9422	-1.2826	15.6091	1670218.0389	1670218.3399	0.0000	1.0000	0.2426
42cw02	2	34	0	1	2.0000	1.0000	-1.0000	0.1643	NaN	NaN	NaN	1670219.0843	1670219.4119	0.0000	1.0000	0.2092
42cw02	2	35	0	1	1.0000	1.0000	-1.0000	NaN	4.0759	-4.1568	13.9582	1670221.9504	1670222.2514	1.0000	0.0000	0.2976
42cw02	2	35	0	1	2.0000	1.0000	-1.0000	0.2495	NaN	NaN	NaN	1670223.1172	1670223.4464	0.0000	1.0000	0.1923
42cw02	2	36	0	1	1.0000	1.0000	1.0000	NaN	8.5226	10.6282	15.1800	1670226.1007	1670226.4018	0.0000	0.0000	0.2288
42cw02	2	36	0	1	2.0000	1.0000	1.0000	0.7985	NaN	NaN	NaN	1670227.1725	1670227.4988	0.0000	0.0000	0.0903
42cw02	2	37	0	1	1.0000	1.0000	1.0000	NaN	1.2439	1.3374	15.8550	1670230.0201	1670230.3211	1.0000	1.0000	0.1901
42cw02	2	37	0	1	2.0000	1.0000	1.0000	0.8372	NaN	NaN	NaN	1670231.0447	1670231.3703	1.0000	1.0000	0.1413
42cw02	2	38	0	1	1.0000	1.0000	-1.0000	NaN	3.0987	-2.6967	14.2307	1670233.7481	1670234.0491	1.0000	0.0000	0.2040
42cw02	2	38	0	1	2.0000	1.0000	-1.0000	0.5998	NaN	NaN	NaN	1670234.8043	1670235.1333	0.0000	1.0000	0.0478
42cw02	2	39	0	1	1.0000	1.0000	1.0000	NaN	3.5034	3.0251	15.1928	1670237.3143	1670237.6154	1.0000	1.0000	0.1675
42cw02	2	39	0	1	2.0000	1.0000	1.0000	0.7168	NaN	NaN	NaN	1670238.3407	1670238.6679	1.0000	1.0000	0.0911
42cw02	2	40	0	1	1.0000	1.0000	1.0000	NaN	8.3278	7.5125	15.6540	1670241.1804	1670241.4817	1.0000	1.0000	0.1419
42cw02	2	40	0	1	2.0000	1.0000	1.0000	0.3900	NaN	NaN	NaN	1670242.1808	1670242.5083	0.0000	0.0000	0.0649
42cw02	2	41	0	1	1.0000	1.0000	1.0000	NaN	10.0673	10.8887	16.0270	1670244.7895	1670245.0909	1.0000	1.0000	0.1061
42cw02	2	41	0	1	2.0000	1.0000	-1.0000	0.6007	NaN	NaN	NaN	1670245.7322	1670246.0594	1.0000	0.0000	0.0435
42cw02	2	42	0	1	1.0000	1.0000	-1.0000	NaN	11.9451	-12.6651	14.7182	1670248.4267	1670248.7278	0.0000	1.0000	0.0868
42cw02	2	42	0	1	2.0000	1.0000	-1.0000	0.9145	NaN	NaN	NaN	1670249.3807	1670249.7093	0.0000	1.0000	0.0877
42cw02	2	43	0	1	1.0000	1.0000	1.0000	NaN	9.6656	11.0630	15.3038	1670252.0687	1670252.3697	1.0000	1.0000	0.1098
42cw02	2	43	0	1	2.0000	1.0000	1.0000	0.8141	NaN	NaN	NaN	1670253.0288	1670253.3561	1.0000	1.0000	0.0827
42cw02	2	44	0	1	1.0000	1.0000	1.0000	NaN	11.7413	8.6455	14.3116	1670255.8262	1670256.1273	0.0000	0.0000	0.2402
42cw02	2	44	0	1	2.0000	1.0000	-1.0000	0.4194	NaN	NaN	NaN	1670256.9247	1670257.2542	0.0000	1.0000	0.1045
42cw02	2	45	0	1	1.0000	1.0000	-1.0000	NaN	11.1121	-10.6016	15.9975	1670259.2944	1670259.5954	0.0000	1.0000	0.2258
42cw02	2	45	0	1	2.0000	1.0000	-1.0000	0.6515	NaN	NaN	NaN	1670260.3404	1670260.6668	1.0000	0.0000	0.0687
42cw02	2	46	0	1	1.0000	1.0000	-1.0000	NaN	5.9500	-8.1404	15.4055	1670262.8387	1670263.1398	0.0000	1.0000	0.1614
42cw02	2	46	0	1	2.0000	1.0000	1.0000	0.1327	NaN	NaN	NaN	1670263.8366	1670264.1637	0.0000	0.0000	0.2896
42cw02	2	47	0	1	1.0000	1.0000	-1.0000	NaN	2.9807	-3.6071	15.5160	1670266.5906	1670266.8916	0.0000	1.0000	0.3080
42cw02	2	47	0	1	2.0000	1.0000	-1.0000	0.5157	NaN	NaN	NaN	1670267.7251	1670268.0526	1.0000	0.0000	0.0341
42cw02	2	48	0	1	1.0000	1.0000	1.0000	NaN	8.1097	7.5798	15.9425	1670270.4970	1670270.7980	0.0000	0.0000	0.2093
42cw02	2	48	0	1	2.0000	1.0000	-1.0000	0.6579	NaN	NaN	NaN	1670271.5330	1670271.8605	1.0000	0.0000	0.0507
42cw02	2	49	0	1	1.0000	1.0000	1.0000	NaN	2.9723	2.0484	16.5683	1670274.0894	1670274.3906	0.0000	0.0000	0.3854
42cw02	2	49	0	1	2.0000	1.0000	1.0000	0.8052	NaN	NaN	NaN	1670275.3247	1670275.6533	1.0000	1.0000	0.1362
42cw02	2	50	0	1	1.0000	1.0000	1.0000	NaN	6.2474	7.3833	15.1867	1670278.1139	1670278.4149	0.0000	0.0000	0.1439
42cw02	2	50	0	1	2.0000	1.0000	1.0000	0.9350	NaN	NaN	NaN	1670279.0772	1670279.4047	1.0000	1.0000	0.0341
42cw02	3	1	0	1	1.0000	1.0000	1.0000	NaN	8.7086	7.6700	14.6363	1670286.8146	1670287.1156	0.0000	0.0000	0.2270
42cw02	3	1	0	1	2.0000	1.0000	1.0000	0.0313	NaN	NaN	NaN	1670287.9025	1670288.2295	1.0000	1.0000	0.0555
42cw02	3	2	0	1	1.0000	1.0000	1.0000	NaN	9.2800	8.4380	15.6144	1670290.8521	1670291.1532	1.0000	1.0000	0.1746
42cw02	3	2	0	1	2.0000	1.0000	-1.0000	0.3224	NaN	NaN	NaN	1670291.8606	1670292.1879	1.0000	0.0000	0.0821
42cw02	3	3	0	1	1.0000	1.0000	-1.0000	NaN	11.2389	-11.2559	14.9481	1670294.3393	1670294.6403	0.0000	1.0000	0.1409
42cw02	3	3	0	1	2.0000	1.0000	1.0000	0.2689	NaN	NaN	NaN	1670295.2935	1670295.6235	1.0000	1.0000	0.0855
42cw02	3	4	0	1	1.0000	1.0000	1.0000	NaN	5.9806	5.7714	14.7001	1670297.4425	1670297.7436	1.0000	1.0000	0.1496
42cw02	3	4	0	1	2.0000	1.0000	-1.0000	0.1255	NaN	NaN	NaN	1670298.3725	1670298.7000	1.0000	0.0000	0.1076
42cw02	3	5	0	1	1.0000	1.0000	-1.0000	NaN	4.4743	-5.6662	14.8950	1670301.0290	1670301.3300	0.0000	1.0000	0.1488
42cw02	3	5	0	1	2.0000	1.0000	-1.0000	0.8911	NaN	NaN	NaN	1670302.0123	1670302.3421	1.0000	0.0000	0.2245
42cw02	3	6	0	1	1.0000	1.0000	-1.0000	NaN	5.3867	-5.3726	14.3515	1670304.8529	1670305.1539	0.0000	1.0000	0.0858
42cw02	3	6	0	1	2.0000	1.0000	1.0000	0.6199	NaN	NaN	NaN	1670305.8050	1670306.1313	0.0000	0.0000	0.0752
42cw02	3	7	0	1	1.0000	1.0000	1.0000	NaN	0.1794	0.0323	15.5472	1670308.6374	1670308.9388	1.0000	1.0000	0.1327
42cw02	3	7	0	1	2.0000	1.0000	1.0000	0.2284	NaN	NaN	NaN	1670309.5485	1670309.8766	1.0000	1.0000	0.0812
42cw02	3	8	0	1	1.0000	1.0000	-1.0000	NaN	6.8711	-5.6643	14.5968	1670312.3884	1670312.6898	0.0000	1.0000	0.1415
42cw02	3	8	0	1	2.0000	1.0000	-1.0000	0.8264	NaN	NaN	NaN	1670313.3811	1670313.7084	1.0000	0.0000	0.1132
42cw02	3	9	0	1	1.0000	1.0000	-1.0000	NaN	11.6863	-10.4882	14.0040	1670315.9532	1670316.2542	0.0000	1.0000	0.0949
42cw02	3	9	0	1	2.0000	1.0000	-1.0000	0.3394	NaN	NaN	NaN	1670316.8927	1670317.2205	1.0000	0.0000	0.1551
42cw02	3	10	0	1	1.0000	1.0000	1.0000	NaN	1.0210	2.2780	15.6673	1670319.2478	1670319.5488	0.0000	0.0000	0.2003
42cw02	3	10	0	1	2.0000	1.0000	1.0000	0.0722	NaN	NaN	NaN	1670320.2687	1670320.5969	1.0000	1.0000	0.1282
42cw02	3	11	0	1	1.0000	1.0000	-1.0000	NaN	11.0129	-9.5525	15.3503	1670323.0734	1670323.3745	0.0000	1.0000	0.1368
42cw02	3	11	0	1	2.0000	1.0000	1.0000	0.2858	NaN	NaN	NaN	1670324.0530	1670324.3813	0.0000	0.0000	0.0898
42cw02	3	12	0	1	1.0000	1.0000	-1.0000	NaN	6.7239	-6.1774	15.1320	1670326.6317	1670326.9328	0.0000	1.0000	0.1303
42cw02	3	12	0	1	2.0000	1.0000	1.0000	0.4643	NaN	NaN	NaN	1670327.6046	1670327.9340	1.0000	1.0000	0.0418
42cw02	3	13	0	1	1.0000	1.0000	-1.0000	NaN	8.5208	-9.2376	14.7632	1670330.4135	1670330.7145	0.0000	1.0000	0.1466
42cw02	3	13	0	1	2.0000	1.0000	-1.0000	0.1127	NaN	NaN	NaN	1670331.3650	1670331.6921	0.0000	1.0000	0.2672
42cw02	3	14	0	1	1.0000	1.0000	1.0000	NaN	8.3665	9.0013	15.0509	1670333.7622	1670334.0632	1.0000	1.0000	0.1500
42cw02	3	14	0	1	2.0000	1.0000	-1.0000	0.7240	NaN	NaN	NaN	1670334.7177	1670335.0432	1.0000	0.0000	0.0996
42cw02	3	15	0	1	1.0000	1.0000	1.0000	NaN	8.0961	8.4926	14.0760	1670337.7213	1670338.0223	0.0000	0.0000	0.4228
42cw02	3	15	0	1	2.0000	1.0000	1.0000	0.1124	NaN	NaN	NaN	1670338.9648	1670339.2918	1.0000	1.0000	0.2345
42cw02	3	16	0	1	1.0000	1.0000	-1.0000	NaN	11.6709	-10.6174	13.5320	1670341.6216	1670341.9228	0.0000	1.0000	0.1463
42cw02	3	16	0	1	2.0000	1.0000	1.0000	0.7185	NaN	NaN	NaN	1670342.6130	1670342.9397	1.0000	1.0000	0.1793
42cw02	3	17	0	1	1.0000	1.0000	1.0000	NaN	3.7285	1.6954	15.7054	1670345.1589	1670345.4600	1.0000	1.0000	0.1292
42cw02	3	17	0	1	2.0000	1.0000	-1.0000	0.7541	NaN	NaN	NaN	1670346.1093	1670346.4363	1.0000	0.0000	0.1368
42cw02	3	18	0	1	1.0000	1.0000	-1.0000	NaN	9.5508	-10.2485	15.3506	1670348.6639	1670348.9650	0.0000	1.0000	0.1441
42cw02	3	18	0	1	2.0000	1.0000	1.0000	0.3486	NaN	NaN	NaN	1670349.6215	1670349.9477	1.0000	1.0000	0.1309
42cw02	3	19	0	1	1.0000	1.0000	1.0000	NaN	2.0189	2.6363	14.8748	1670352.5668	1670352.8679	1.0000	1.0000	0.1228
42cw02	3	19	0	1	2.0000	1.0000	-1.0000	0.7411	NaN	NaN	NaN	1670353.4931	1670353.8217	0.0000	1.0000	0.1843
42cw02	3	20	0	1	1.0000	1.0000	1.0000	NaN	6.5869	5.7720	14.5168	1670356.1611	1670356.4622	0.0000	0.0000	0.1446
42cw02	3	20	0	1	2.0000	1.0000	1.0000	0.5575	NaN	NaN	NaN	1670357.1326	1670357.4597	0.0000	0.0000	0.1709
42cw02	3	21	0	1	1.0000	1.0000	-1.0000	NaN	6.9120	-5.5445	13.6685	1670360.0393	1670360.3403	0.0000	1.0000	0.1223
42cw02	3	21	0	1	2.0000	1.0000	1.0000	0.1169	NaN	NaN	NaN	1670360.9889	1670361.3146	0.0000	0.0000	0.2345
42cw02	3	22	0	1	1.0000	1.0000	1.0000	NaN	8.5907	7.9587	17.1464	1670364.0017	1670364.3032	1.0000	1.0000	0.1035
42cw02	3	22	0	1	2.0000	1.0000	1.0000	0.1340	NaN	NaN	NaN	1670364.9009	1670365.2297	0.0000	0.0000	0.2733
42cw02	3	23	0	1	1.0000	1.0000	1.0000	NaN	3.6132	2.7372	15.1852	1670368.1934	1670368.4947	1.0000	1.0000	0.4954
42cw02	3	23	0	1	2.0000	1.0000	1.0000	0.8399	NaN	NaN	NaN	1670369.5256	1670369.8542	0.0000	0.0000	0.3688
42cw02	3	24	0	1	1.0000	1.0000	1.0000	NaN	5.0469	5.6776	13.9133	1670372.4342	1670372.7354	0.0000	0.0000	0.4558
42cw02	3	24	0	1	2.0000	1.0000	-1.0000	0.2042	NaN	NaN	NaN	1670373.7341	1670374.0611	0.0000	1.0000	0.2400
42cw02	3	25	0	1	1.0000	1.0000	-1.0000	NaN	5.8183	-4.7448	14.9088	1670376.8442	1670377.1454	0.0000	1.0000	0.1582
42cw02	3	25	0	1	2.0000	1.0000	-1.0000	0.0805	NaN	NaN	NaN	1670377.8448	1670378.1723	1.0000	0.0000	0.0969
42cw02	3	26	0	1	1.0000	1.0000	-1.0000	NaN	3.0668	-2.8109	13.5188	1670380.5286	1670380.8297	0.0000	1.0000	0.1995
42cw02	3	26	0	1	2.0000	1.0000	-1.0000	0.1071	NaN	NaN	NaN	1670381.5969	1670381.9249	0.0000	1.0000	0.2323
42cw02	3	27	0	1	1.0000	1.0000	-1.0000	NaN	0.1560	-2.1195	15.7310	1670384.3790	1670384.6801	0.0000	1.0000	0.0850
42cw02	3	27	0	1	2.0000	1.0000	1.0000	0.8378	NaN	NaN	NaN	1670385.3413	1670385.6677	0.0000	0.0000	0.1633
42cw02	3	28	0	1	1.0000	1.0000	-1.0000	NaN	6.4630	-6.5244	14.4169	1670388.2964	1670388.5975	0.0000	1.0000	0.1370
42cw02	3	28	0	1	2.0000	1.0000	1.0000	0.3853	NaN	NaN	NaN	1670389.2765	1670389.6041	1.0000	1.0000	0.0982
42cw02	3	29	0	1	1.0000	1.0000	-1.0000	NaN	2.3063	-4.3161	14.2534	1670391.7965	1670392.0974	0.0000	1.0000	0.2037
42cw02	3	29	0	1	2.0000	1.0000	1.0000	0.5468	NaN	NaN	NaN	1670392.8533	1670393.1812	0.0000	0.0000	0.1544
42cw02	3	30	0	1	1.0000	1.0000	1.0000	NaN	2.9458	1.9608	16.0982	1670395.7949	1670396.0959	1.0000	1.0000	0.2772
42cw02	3	30	0	1	2.0000	1.0000	1.0000	0.4964	NaN	NaN	NaN	1670396.9250	1670397.2537	0.0000	0.0000	0.2414
42cw02	3	31	0	1	1.0000	1.0000	1.0000	NaN	1.5569	0.7025	15.8942	1670399.8940	1670400.1950	1.0000	1.0000	0.4261
42cw02	3	31	0	1	2.0000	1.0000	1.0000	0.7315	NaN	NaN	NaN	1670401.1731	1670401.5001	1.0000	1.0000	0.1955
42cw02	3	32	0	1	1.0000	1.0000	1.0000	NaN	11.1700	11.9773	13.9583	1670403.8302	1670404.1312	1.0000	1.0000	0.2113
42cw02	3	32	0	1	2.0000	1.0000	1.0000	0.2869	NaN	NaN	NaN	1670404.8608	1670405.1891	0.0000	0.0000	0.2410
42cw02	3	33	0	1	1.0000	1.0000	1.0000	NaN	3.2659	3.1581	15.1249	1670407.5759	1670407.8769	1.0000	1.0000	0.3627
42cw02	3	33	0	1	2.0000	1.0000	1.0000	0.7358	NaN	NaN	NaN	1670408.8126	1670409.1408	1.0000	1.0000	0.1282
42cw02	3	34	0	1	1.0000	1.0000	1.0000	NaN	1.0082	0.3049	15.3824	1670411.8395	1670412.1405	1.0000	1.0000	0.3792
42cw02	3	34	0	1	2.0000	1.0000	-1.0000	0.2733	NaN	NaN	NaN	1670413.0612	1670413.3886	1.0000	0.0000	0.1788
42cw02	3	35	0	1	1.0000	1.0000	-1.0000	NaN	6.5482	-5.9279	15.9718	1670415.7833	1670416.0844	0.0000	1.0000	0.2661
42cw02	3	35	0	1	2.0000	1.0000	-1.0000	0.6191	NaN	NaN	NaN	1670416.9488	1670417.2769	1.0000	0.0000	0.1776
42cw02	3	36	0	1	1.0000	1.0000	1.0000	NaN	5.8371	6.2548	14.3862	1670419.6538	1670419.9548	0.0000	0.0000	0.4520
42cw02	3	36	0	1	2.0000	1.0000	1.0000	0.9144	NaN	NaN	NaN	1670421.0047	1670421.3305	0.0000	0.0000	0.0763
42cw02	3	37	0	1	1.0000	1.0000	1.0000	NaN	1.3896	1.7287	15.2412	1670423.3357	1670423.6368	1.0000	1.0000	0.3764
42cw02	3	37	0	1	2.0000	1.0000	-1.0000	0.3411	NaN	NaN	NaN	1670424.5572	1670424.8867	0.0000	1.0000	0.2387
42cw02	3	38	0	1	1.0000	1.0000	-1.0000	NaN	3.8362	-2.9483	14.5195	1670426.9553	1670427.2562	0.0000	1.0000	0.6787
42cw02	3	38	0	1	2.0000	1.0000	1.0000	0.7778	NaN	NaN	NaN	1670428.4608	1670428.7891	0.0000	0.0000	0.1601
42cw02	3	39	0	1	1.0000	1.0000	-1.0000	NaN	4.6459	-5.3814	13.4238	1670431.3804	1670431.6814	1.0000	0.0000	0.4278
42cw02	3	39	0	1	2.0000	1.0000	1.0000	0.3895	NaN	NaN	NaN	1670432.6525	1670432.9788	0.0000	0.0000	0.2439
42cw02	3	40	0	1	1.0000	1.0000	1.0000	NaN	6.0088	5.0745	14.1489	1670435.7514	1670436.0524	0.0000	0.0000	0.6567
42cw02	3	40	0	1	2.0000	1.0000	1.0000	0.7557	NaN	NaN	NaN	1670437.2446	1670437.5711	1.0000	1.0000	0.1314
42cw02	3	41	0	1	1.0000	1.0000	1.0000	NaN	2.6439	3.6324	14.3490	1670439.8735	1670440.1748	1.0000	1.0000	0.3122
42cw02	3	41	0	1	2.0000	1.0000	1.0000	0.9117	NaN	NaN	NaN	1670441.0063	1670441.3345	1.0000	1.0000	0.1930
42cw02	3	42	0	1	1.0000	1.0000	1.0000	NaN	8.5164	8.2413	15.4050	1670443.8894	1670444.1904	1.0000	1.0000	0.2326
42cw02	3	42	0	1	2.0000	1.0000	-1.0000	0.5020	NaN	NaN	NaN	1670444.9575	1670445.2839	1.0000	0.0000	0.1785
42cw02	3	43	0	1	1.0000	1.0000	1.0000	NaN	6.2951	7.3124	14.1689	1670447.7074	1670448.0085	1.0000	1.0000	0.2619
42cw02	3	43	0	1	2.0000	1.0000	1.0000	0.4253	NaN	NaN	NaN	1670448.7970	1670449.1262	0.0000	0.0000	0.1989
42cw02	3	44	0	1	1.0000	1.0000	1.0000	NaN	4.8277	6.8280	15.3686	1670451.7638	1670452.0647	1.0000	1.0000	0.2289
42cw02	3	44	0	1	2.0000	1.0000	1.0000	0.8013	NaN	NaN	NaN	1670452.8291	1670453.1575	1.0000	1.0000	0.1916
42cw02	3	45	0	1	1.0000	1.0000	-1.0000	NaN	3.1575	-2.8332	13.0599	1670455.5962	1670455.8972	1.0000	0.0000	0.3423
42cw02	3	45	0	1	2.0000	1.0000	1.0000	0.8459	NaN	NaN	NaN	1670456.7891	1670457.1169	1.0000	1.0000	0.1709
42cw02	3	46	0	1	1.0000	1.0000	1.0000	NaN	8.0349	7.5195	12.9835	1670459.8745	1670460.1755	1.0000	1.0000	0.2057
42cw02	3	46	0	1	2.0000	1.0000	1.0000	0.5880	NaN	NaN	NaN	1670460.9331	1670461.2604	1.0000	1.0000	0.4024
42cw02	3	47	0	1	1.0000	1.0000	1.0000	NaN	9.3834	9.2805	16.5694	1670463.9223	1670464.2236	0.0000	0.0000	0.2712
42cw02	3	47	0	1	2.0000	1.0000	-1.0000	0.9448	NaN	NaN	NaN	1670465.0205	1670465.3476	0.0000	1.0000	0.1135
42cw02	3	48	0	1	1.0000	1.0000	1.0000	NaN	8.3834	8.0939	14.5518	1670467.6074	1670467.9085	0.0000	0.0000	0.2352
42cw02	3	48	0	1	2.0000	1.0000	-1.0000	0.8319	NaN	NaN	NaN	1670468.7102	1670469.0379	1.0000	0.0000	0.2810
42cw02	3	49	0	1	1.0000	1.0000	1.0000	NaN	11.5396	12.3591	13.4842	1670471.2833	1670471.5844	1.0000	1.0000	0.2226
42cw02	3	49	0	1	2.0000	1.0000	1.0000	0.2785	NaN	NaN	NaN	1670472.3249	1670472.6521	0.0000	0.0000	0.3530
42cw02	3	50	0	1	1.0000	1.0000	1.0000	NaN	0.2940	1.6641	14.3365	1670475.2908	1670475.5917	1.0000	1.0000	0.4548
42cw02	3	50	0	1	2.0000	1.0000	1.0000	0.4154	NaN	NaN	NaN	1670476.5816	1670476.9096	1.0000	1.0000	0.1848
