35ly01	1	1	0	1	1.0000	1.0000	1.0000	NaN	7.9153	5.1260	14.4635	32258.6538	32258.9548	1.0000	1.0000	0.5405
35ly01	1	1	0	1	2.0000	1.0000	1.0000	0.1424	NaN	NaN	NaN	32260.0378	32260.3679	0.0000	0.0000	0.4945
35ly01	1	2	0	1	1.0000	1.0000	1.0000	NaN	7.8689	8.0056	14.8578	32263.2671	32263.5681	1.0000	1.0000	0.4966
35ly01	1	2	0	1	2.0000	1.0000	-1.0000	0.9115	NaN	NaN	NaN	32264.5909	32264.9177	0.0000	1.0000	0.3393
35ly01	1	3	0	1	1.0000	1.0000	1.0000	NaN	4.0100	2.5012	13.9629	32267.4943	32267.7953	0.0000	0.0000	0.4991
35ly01	1	3	0	1	2.0000	1.0000	-1.0000	0.8464	NaN	NaN	NaN	32268.8378	32269.1668	0.0000	1.0000	0.5931
35ly01	1	4	0	1	1.0000	1.0000	-1.0000	NaN	8.0140	-6.7022	15.7854	32272.1579	32272.4589	0.0000	1.0000	0.3477
35ly01	1	4	0	1	2.0000	1.0000	1.0000	0.2128	NaN	NaN	NaN	32273.3580	32273.6848	1.0000	1.0000	0.4667
35ly01	1	5	0	1	1.0000	1.0000	1.0000	NaN	4.5433	6.0010	14.2958	32276.3166	32276.6176	0.0000	0.0000	0.6126
35ly01	1	5	0	1	2.0000	1.0000	-1.0000	0.6121	NaN	NaN	NaN	32277.7736	32278.1032	0.0000	1.0000	0.4552
35ly01	1	6	0	1	1.0000	1.0000	1.0000	NaN	1.2676	2.0880	14.0171	32280.9322	32281.2332	1.0000	1.0000	0.4862
35ly01	1	6	0	1	2.0000	1.0000	-1.0000	0.3089	NaN	NaN	NaN	32282.2459	32282.5729	0.0000	1.0000	0.4987
35ly01	1	7	0	1	1.0000	1.0000	1.0000	NaN	6.5666	5.3235	14.7968	32285.4515	32285.7525	1.0000	1.0000	0.6151
35ly01	1	7	0	1	2.0000	1.0000	1.0000	0.9113	NaN	NaN	NaN	32286.9103	32287.2375	1.0000	1.0000	0.5060
35ly01	1	8	0	1	1.0000	1.0000	-1.0000	NaN	3.8253	-1.9504	16.4522	32289.8734	32290.1743	0.0000	1.0000	0.3378
35ly01	1	8	0	1	2.0000	1.0000	1.0000	0.2818	NaN	NaN	NaN	32291.0457	32291.3713	1.0000	1.0000	0.4603
35ly01	1	9	0	1	1.0000	1.0000	-1.0000	NaN	3.6762	-4.6131	15.8737	32294.1533	32294.4544	1.0000	0.0000	0.6276
35ly01	1	9	0	1	2.0000	1.0000	1.0000	0.4244	NaN	NaN	NaN	32295.6065	32295.9342	1.0000	1.0000	0.7304
35ly01	1	10	0	1	1.0000	1.0000	1.0000	NaN	9.8115	8.8898	15.5178	32299.0356	32299.3365	1.0000	1.0000	0.4620
35ly01	1	10	0	1	2.0000	1.0000	1.0000	0.4852	NaN	NaN	NaN	32300.3264	32300.6533	1.0000	1.0000	0.8901
35ly01	1	11	0	1	1.0000	1.0000	1.0000	NaN	5.0814	7.3684	14.5412	32303.5887	32303.8899	1.0000	1.0000	0.4058
35ly01	1	11	0	1	2.0000	1.0000	-1.0000	0.7399	NaN	NaN	NaN	32304.7980	32305.1256	0.0000	1.0000	0.4819
35ly01	1	12	0	1	1.0000	1.0000	1.0000	NaN	1.3344	2.9153	13.9956	32307.8852	32308.1861	1.0000	1.0000	0.4530
35ly01	1	12	0	1	2.0000	1.0000	-1.0000	0.3508	NaN	NaN	NaN	32309.1501	32309.4766	0.0000	1.0000	0.4339
35ly01	1	13	0	1	1.0000	1.0000	1.0000	NaN	7.2238	6.1336	14.3620	32311.8087	32312.1096	1.0000	1.0000	0.4762
35ly01	1	13	0	1	2.0000	1.0000	1.0000	0.1574	NaN	NaN	NaN	32313.0863	32313.4139	0.0000	0.0000	0.6887
35ly01	1	14	0	1	1.0000	1.0000	-1.0000	NaN	1.8439	-1.5219	16.4293	32316.4821	32316.7831	1.0000	0.0000	0.7451
35ly01	1	14	0	1	2.0000	1.0000	-1.0000	0.2531	NaN	NaN	NaN	32318.0460	32318.3720	0.0000	1.0000	0.6119
35ly01	1	15	0	1	1.0000	1.0000	-1.0000	NaN	3.1465	-2.0845	14.4194	32321.1294	32321.4306	0.0000	1.0000	0.5367
35ly01	1	15	0	1	2.0000	1.0000	1.0000	0.5652	NaN	NaN	NaN	32322.5026	32322.8303	1.0000	1.0000	0.5142
35ly01	1	16	0	1	1.0000	1.0000	1.0000	NaN	0.8159	1.7980	16.6319	32325.7215	32326.0228	1.0000	1.0000	0.4169
35ly01	1	16	0	1	2.0000	1.0000	-1.0000	0.6604	NaN	NaN	NaN	32326.9577	32327.2844	0.0000	1.0000	0.4661
35ly01	1	17	0	1	1.0000	1.0000	-1.0000	NaN	8.1567	-8.6739	14.6968	32330.0463	32330.3473	0.0000	1.0000	0.3152
35ly01	1	17	0	1	2.0000	1.0000	-1.0000	0.3186	NaN	NaN	NaN	32331.1984	32331.5271	1.0000	0.0000	0.6248
35ly01	1	18	0	1	1.0000	1.0000	1.0000	NaN	3.3231	3.0068	15.8058	32334.2689	32334.5699	1.0000	1.0000	0.5900
35ly01	1	18	0	1	2.0000	1.0000	-1.0000	0.0302	NaN	NaN	NaN	32335.6381	32335.9665	0.0000	1.0000	0.5383
35ly01	1	19	0	1	1.0000	1.0000	1.0000	NaN	7.1323	7.9216	16.3480	32338.5828	32338.8840	1.0000	1.0000	0.3008
35ly01	1	19	0	1	2.0000	1.0000	1.0000	0.2477	NaN	NaN	NaN	32339.7019	32340.0282	0.0000	0.0000	0.4046
35ly01	1	20	0	1	1.0000	1.0000	-1.0000	NaN	7.0741	-6.3342	14.7480	32342.8052	32343.1062	1.0000	0.0000	0.4546
35ly01	1	20	0	1	2.0000	1.0000	-1.0000	0.1146	NaN	NaN	NaN	32344.0782	32344.4044	0.0000	1.0000	0.3971
35ly01	1	21	0	1	1.0000	1.0000	-1.0000	NaN	11.2079	-11.8663	14.8738	32347.2757	32347.5767	0.0000	1.0000	0.2467
35ly01	1	21	0	1	2.0000	1.0000	1.0000	0.8067	NaN	NaN	NaN	32348.3503	32348.6776	1.0000	1.0000	0.4257
35ly01	1	22	0	1	1.0000	1.0000	1.0000	NaN	9.0152	10.2819	17.0662	32351.3746	32351.6755	1.0000	1.0000	0.3241
35ly01	1	22	0	1	2.0000	1.0000	1.0000	0.2126	NaN	NaN	NaN	32352.5345	32352.8613	0.0000	0.0000	0.4021
35ly01	1	23	0	1	1.0000	1.0000	1.0000	NaN	11.4923	11.1627	15.4300	32355.2606	32355.5618	1.0000	1.0000	0.5086
35ly01	1	23	0	1	2.0000	1.0000	1.0000	0.6058	NaN	NaN	NaN	32356.5988	32356.9244	1.0000	1.0000	0.5404
35ly01	1	24	0	1	1.0000	1.0000	-1.0000	NaN	4.5787	-4.4769	15.8863	32359.6423	32359.9434	0.0000	1.0000	0.3831
35ly01	1	24	0	1	2.0000	1.0000	1.0000	0.4168	NaN	NaN	NaN	32360.8545	32361.1836	1.0000	1.0000	0.4004
35ly01	1	25	0	1	1.0000	1.0000	-1.0000	NaN	3.0968	-2.5116	13.8478	32363.7956	32364.0970	0.0000	1.0000	0.5278
35ly01	1	25	0	1	2.0000	1.0000	1.0000	0.1056	NaN	NaN	NaN	32365.1502	32365.4760	1.0000	1.0000	0.5958
35ly01	1	26	0	1	1.0000	1.0000	-1.0000	NaN	9.9766	-11.1491	13.9427	32368.5918	32368.8928	0.0000	1.0000	0.3703
35ly01	1	26	0	1	2.0000	1.0000	1.0000	0.3714	NaN	NaN	NaN	32369.8064	32370.1350	1.0000	1.0000	0.4075
35ly01	1	27	0	1	1.0000	1.0000	-1.0000	NaN	3.7526	-3.0135	15.0281	32372.8315	32373.1325	0.0000	1.0000	0.4916
35ly01	1	27	0	1	2.0000	1.0000	-1.0000	0.4040	NaN	NaN	NaN	32374.1582	32374.4849	0.0000	1.0000	0.6190
35ly01	1	28	0	1	1.0000	1.0000	1.0000	NaN	6.8259	6.1329	13.1671	32377.4166	32377.7179	1.0000	1.0000	0.2988
35ly01	1	28	0	1	2.0000	1.0000	-1.0000	0.1234	NaN	NaN	NaN	32378.5897	32378.9193	0.0000	1.0000	0.3768
35ly01	1	29	0	1	1.0000	1.0000	-1.0000	NaN	7.9961	-8.6762	15.3483	32381.4162	32381.7172	0.0000	1.0000	0.2986
35ly01	1	29	0	1	2.0000	1.0000	-1.0000	0.6660	NaN	NaN	NaN	32382.5737	32382.9022	0.0000	1.0000	0.3866
35ly01	1	30	0	1	1.0000	1.0000	1.0000	NaN	5.8415	4.0687	14.2944	32385.7407	32386.0417	1.0000	1.0000	0.3007
35ly01	1	30	0	1	2.0000	1.0000	1.0000	0.7369	NaN	NaN	NaN	32386.8778	32387.2063	1.0000	1.0000	0.5057
35ly01	1	31	0	1	1.0000	1.0000	-1.0000	NaN	3.7346	-3.5716	15.4488	32390.3081	32390.6091	1.0000	0.0000	0.3268
35ly01	1	31	0	1	2.0000	1.0000	-1.0000	0.7546	NaN	NaN	NaN	32391.4540	32391.7812	0.0000	1.0000	0.3532
35ly01	1	32	0	1	1.0000	1.0000	1.0000	NaN	5.7591	6.0443	15.9557	32394.4162	32394.7191	1.0000	1.0000	0.1992
35ly01	1	32	0	1	2.0000	1.0000	-1.0000	0.4750	NaN	NaN	NaN	32395.4302	32395.7578	0.0000	1.0000	0.3847
35ly01	1	33	0	1	1.0000	1.0000	-1.0000	NaN	7.7558	-7.9723	15.3125	32398.5147	32398.8157	0.0000	1.0000	0.3521
35ly01	1	33	0	1	2.0000	1.0000	1.0000	0.4233	NaN	NaN	NaN	32399.7032	32400.0304	1.0000	1.0000	0.3691
35ly01	1	34	0	1	1.0000	1.0000	1.0000	NaN	6.5983	7.2997	13.9562	32402.7631	32403.0643	1.0000	1.0000	0.2702
35ly01	1	34	0	1	2.0000	1.0000	-1.0000	0.5507	NaN	NaN	NaN	32403.8469	32404.1750	0.0000	1.0000	0.3618
35ly01	1	35	0	1	1.0000	1.0000	1.0000	NaN	8.5804	7.2373	14.6957	32406.4726	32406.7735	1.0000	1.0000	0.1775
35ly01	1	35	0	1	2.0000	1.0000	-1.0000	0.7401	NaN	NaN	NaN	32407.4625	32407.7892	0.0000	1.0000	0.2677
35ly01	1	36	0	1	1.0000	1.0000	-1.0000	NaN	11.3374	-12.3614	15.2108	32409.9519	32410.2531	0.0000	1.0000	0.2518
35ly01	1	36	0	1	2.0000	1.0000	-1.0000	0.8576	NaN	NaN	NaN	32411.0145	32411.3426	0.0000	1.0000	0.3937
35ly01	1	37	0	1	1.0000	1.0000	1.0000	NaN	1.4280	2.9577	16.5046	32414.1246	32414.4257	1.0000	1.0000	0.3826
35ly01	1	37	0	1	2.0000	1.0000	-1.0000	0.1545	NaN	NaN	NaN	32415.3343	32415.6630	0.0000	1.0000	0.3623
35ly01	1	38	0	1	1.0000	1.0000	1.0000	NaN	1.5981	2.8929	14.7369	32418.6459	32418.9468	0.0000	0.0000	0.7177
35ly01	1	38	0	1	2.0000	1.0000	1.0000	0.0793	NaN	NaN	NaN	32420.2146	32420.5417	1.0000	1.0000	0.4248
35ly01	1	39	0	1	1.0000	1.0000	-1.0000	NaN	8.3889	-9.9186	15.3374	32423.2033	32423.5043	0.0000	1.0000	0.3764
35ly01	1	39	0	1	2.0000	1.0000	-1.0000	0.4807	NaN	NaN	NaN	32424.4145	32424.7416	0.0000	1.0000	0.5289
35ly01	1	40	0	1	1.0000	1.0000	-1.0000	NaN	4.0526	-5.7200	16.8022	32427.3112	32427.6122	0.0000	1.0000	0.2846
35ly01	1	40	0	1	2.0000	1.0000	-1.0000	0.4648	NaN	NaN	NaN	32428.4544	32428.7808	0.0000	1.0000	0.4176
35ly01	1	41	0	1	1.0000	1.0000	1.0000	NaN	4.8914	7.2386	14.3499	32431.3028	32431.6038	1.0000	1.0000	0.1647
35ly01	1	41	0	1	2.0000	1.0000	1.0000	0.6217	NaN	NaN	NaN	32432.3026	32432.6293	0.0000	0.0000	0.3785
35ly01	1	42	0	1	1.0000	1.0000	1.0000	NaN	11.6471	12.9024	14.5673	32435.5137	32435.8146	1.0000	1.0000	0.1698
35ly01	1	42	0	1	2.0000	1.0000	1.0000	0.1497	NaN	NaN	NaN	32436.5338	32436.8621	0.0000	0.0000	0.4886
35ly01	1	43	0	1	1.0000	1.0000	-1.0000	NaN	6.7344	-6.8077	14.2866	32439.6860	32439.9870	0.0000	1.0000	0.2683
35ly01	1	43	0	1	2.0000	1.0000	1.0000	0.0310	NaN	NaN	NaN	32440.8061	32441.1327	1.0000	1.0000	0.5165
35ly01	1	44	0	1	1.0000	1.0000	1.0000	NaN	7.7879	7.9878	15.1320	32443.9786	32444.2796	1.0000	1.0000	0.1440
35ly01	1	44	0	1	2.0000	1.0000	1.0000	0.9243	NaN	NaN	NaN	32444.9422	32445.2684	1.0000	1.0000	0.3964
35ly01	1	45	0	1	1.0000	1.0000	-1.0000	NaN	9.8815	-9.3419	13.8386	32447.8259	32448.1269	0.0000	1.0000	0.1784
35ly01	1	45	0	1	2.0000	1.0000	-1.0000	0.0923	NaN	NaN	NaN	32448.8466	32449.1736	1.0000	0.0000	0.7848
35ly01	1	46	0	1	1.0000	1.0000	1.0000	NaN	1.1845	0.2892	15.6271	32451.8669	32452.1678	1.0000	1.0000	0.3524
35ly01	1	46	0	1	2.0000	1.0000	-1.0000	0.7564	NaN	NaN	NaN	32453.0538	32453.3793	0.0000	1.0000	0.3403
35ly01	1	47	0	1	1.0000	1.0000	1.0000	NaN	9.2989	9.2698	16.0591	32455.9141	32456.2150	1.0000	1.0000	0.2478
35ly01	1	47	0	1	2.0000	1.0000	-1.0000	0.0044	NaN	NaN	NaN	32456.9974	32457.3235	0.0000	1.0000	0.6271
35ly01	1	48	0	1	1.0000	1.0000	-1.0000	NaN	10.6381	-11.7823	14.7277	32459.7712	32460.0722	0.0000	1.0000	0.1282
35ly01	1	48	0	1	2.0000	1.0000	1.0000	0.2279	NaN	NaN	NaN	32460.7104	32461.0366	1.0000	1.0000	0.4018
35ly01	1	49	0	1	1.0000	1.0000	1.0000	NaN	2.4929	1.7370	14.3009	32463.9693	32464.2703	0.0000	0.0000	0.4495
35ly01	1	49	0	1	2.0000	1.0000	1.0000	0.5577	NaN	NaN	NaN	32465.2619	32465.5877	0.0000	0.0000	0.6695
35ly01	1	50	0	1	1.0000	1.0000	1.0000	NaN	11.7966	11.9407	15.4875	32468.4768	32468.7780	1.0000	1.0000	0.1739
35ly01	1	50	0	1	2.0000	1.0000	-1.0000	0.3969	NaN	NaN	NaN	32469.4622	32469.7884	0.0000	1.0000	0.3723
35ly01	2	1	0	1	1.0000	1.0000	-1.0000	NaN	2.0060	-0.9333	13.9295	32475.4745	32475.7756	0.0000	1.0000	0.3206
35ly01	2	1	0	1	2.0000	1.0000	-1.0000	0.9349	NaN	NaN	NaN	32476.6479	32476.9757	0.0000	1.0000	0.3108
35ly01	2	2	0	1	1.0000	1.0000	1.0000	NaN	6.2536	5.7792	13.9021	32479.7249	32480.0262	1.0000	1.0000	0.2537
35ly01	2	2	0	1	2.0000	1.0000	1.0000	0.5195	NaN	NaN	NaN	32480.7903	32481.1182	1.0000	1.0000	0.2584
35ly01	2	3	0	1	1.0000	1.0000	1.0000	NaN	6.0057	4.0784	14.4631	32483.7476	32484.0486	1.0000	1.0000	0.2241
35ly01	2	3	0	1	2.0000	1.0000	1.0000	0.6771	NaN	NaN	NaN	32484.7741	32485.1006	1.0000	1.0000	0.3713
35ly01	2	4	0	1	1.0000	1.0000	-1.0000	NaN	11.4196	-10.4242	15.9672	32487.6249	32487.9259	0.0000	1.0000	0.2268
35ly01	2	4	0	1	2.0000	1.0000	1.0000	0.3225	NaN	NaN	NaN	32488.6950	32489.0214	1.0000	1.0000	0.2985
35ly01	2	5	0	1	1.0000	1.0000	1.0000	NaN	4.2087	4.0779	16.1591	32491.6157	32491.9167	1.0000	1.0000	0.2120
35ly01	2	5	0	1	2.0000	1.0000	1.0000	0.5062	NaN	NaN	NaN	32492.6546	32492.9818	1.0000	1.0000	0.2727
35ly01	2	6	0	1	1.0000	1.0000	-1.0000	NaN	5.0746	-5.4742	14.9804	32495.8535	32496.1545	1.0000	0.0000	0.1723
35ly01	2	6	0	1	2.0000	1.0000	-1.0000	0.1698	NaN	NaN	NaN	32496.8460	32497.1736	0.0000	1.0000	0.2588
35ly01	2	7	0	1	1.0000	1.0000	-1.0000	NaN	9.6008	-8.5067	15.3096	32499.4859	32499.7871	0.0000	1.0000	0.1016
35ly01	2	7	0	1	2.0000	1.0000	1.0000	0.2469	NaN	NaN	NaN	32500.4460	32500.7731	1.0000	1.0000	0.3133
35ly01	2	8	0	1	1.0000	1.0000	1.0000	NaN	5.1887	2.6340	14.9714	32503.3741	32503.6751	1.0000	1.0000	0.3174
35ly01	2	8	0	1	2.0000	1.0000	1.0000	0.4311	NaN	NaN	NaN	32504.5266	32504.8521	0.0000	0.0000	0.3312
35ly01	2	9	0	1	1.0000	1.0000	1.0000	NaN	1.5238	0.9111	14.3831	32507.1626	32507.4635	1.0000	1.0000	0.2708
35ly01	2	9	0	1	2.0000	1.0000	-1.0000	0.8605	NaN	NaN	NaN	32508.2622	32508.5901	0.0000	1.0000	0.2731
35ly01	2	10	0	1	1.0000	1.0000	-1.0000	NaN	7.3925	-6.1217	13.8419	32511.0773	32511.3783	1.0000	0.0000	0.3181
35ly01	2	10	0	1	2.0000	1.0000	-1.0000	0.2385	NaN	NaN	NaN	32512.2227	32512.5513	0.0000	1.0000	0.4551
35ly01	2	11	0	1	1.0000	1.0000	1.0000	NaN	7.8823	7.2148	15.4373	32515.6124	32515.9134	1.0000	1.0000	0.2795
35ly01	2	11	0	1	2.0000	1.0000	1.0000	0.3960	NaN	NaN	NaN	32516.7108	32517.0367	1.0000	1.0000	0.4362
35ly01	2	12	0	1	1.0000	1.0000	-1.0000	NaN	11.7797	-10.3093	13.6151	32519.8758	32520.1768	0.0000	1.0000	0.2000
35ly01	2	12	0	1	2.0000	1.0000	-1.0000	0.4377	NaN	NaN	NaN	32520.9106	32521.2393	0.0000	1.0000	0.3992
35ly01	2	13	0	1	1.0000	1.0000	-1.0000	NaN	9.8106	-11.1582	15.9731	32523.9748	32524.2757	0.0000	1.0000	0.1652
35ly01	2	13	0	1	2.0000	1.0000	-1.0000	0.7772	NaN	NaN	NaN	32524.9737	32525.3011	0.0000	1.0000	0.3556
35ly01	2	14	0	1	1.0000	1.0000	1.0000	NaN	7.4120	6.0503	14.5548	32527.7367	32528.0401	1.0000	1.0000	0.1589
35ly01	2	14	0	1	2.0000	1.0000	1.0000	0.5794	NaN	NaN	NaN	32528.7029	32529.0314	1.0000	1.0000	0.3118
35ly01	2	15	0	1	1.0000	1.0000	1.0000	NaN	6.6019	3.7743	14.5034	32531.3084	32531.6101	1.0000	1.0000	0.2299
35ly01	2	15	0	1	2.0000	1.0000	-1.0000	0.8321	NaN	NaN	NaN	32532.3669	32532.7095	0.0000	1.0000	0.2110
35ly01	2	16	0	1	1.0000	1.0000	1.0000	NaN	1.0059	2.0942	14.2989	32534.8985	32535.2012	1.0000	1.0000	0.1835
35ly01	2	16	0	1	2.0000	1.0000	-1.0000	0.4280	NaN	NaN	NaN	32535.9110	32536.2531	0.0000	1.0000	0.1789
35ly01	2	17	0	1	1.0000	1.0000	-1.0000	NaN	1.8285	-2.5955	14.0956	32538.8943	32539.1984	1.0000	0.0000	0.2588
35ly01	2	17	0	1	2.0000	1.0000	1.0000	0.8677	NaN	NaN	NaN	32539.9823	32540.3200	1.0000	1.0000	0.2873
35ly01	2	18	0	1	1.0000	1.0000	1.0000	NaN	1.1705	1.2032	15.6258	32543.0244	32543.3254	1.0000	1.0000	0.2660
35ly01	2	18	0	1	2.0000	1.0000	1.0000	0.6007	NaN	NaN	NaN	32544.1030	32544.4423	1.0000	1.0000	0.3573
35ly01	2	19	0	1	1.0000	1.0000	-1.0000	NaN	10.9888	-10.5111	14.1944	32547.1380	32547.4396	0.0000	1.0000	0.1277
35ly01	2	19	0	1	2.0000	1.0000	-1.0000	0.4007	NaN	NaN	NaN	32548.1584	32548.4836	0.0000	1.0000	0.3149
35ly01	2	20	0	1	1.0000	1.0000	-1.0000	NaN	2.0542	-1.9543	14.6683	32550.8463	32551.1473	0.0000	1.0000	0.4202
35ly01	2	20	0	1	2.0000	1.0000	1.0000	0.6227	NaN	NaN	NaN	32552.0945	32552.4206	1.0000	1.0000	0.3061
35ly01	2	21	0	1	1.0000	1.0000	1.0000	NaN	6.9025	7.3417	15.6386	32554.9074	32555.2083	1.0000	1.0000	0.1764
35ly01	2	21	0	1	2.0000	1.0000	1.0000	0.9083	NaN	NaN	NaN	32555.9019	32556.2288	1.0000	1.0000	0.3631
35ly01	2	22	0	1	1.0000	1.0000	1.0000	NaN	5.5062	4.6858	14.1816	32558.6278	32558.9288	1.0000	1.0000	0.1346
35ly01	2	22	0	1	2.0000	1.0000	1.0000	0.2254	NaN	NaN	NaN	32559.5743	32559.8999	0.0000	0.0000	0.3010
35ly01	2	23	0	1	1.0000	1.0000	-1.0000	NaN	3.4688	-3.3322	14.0906	32562.8546	32563.1561	0.0000	1.0000	0.2283
35ly01	2	23	0	1	2.0000	1.0000	1.0000	0.6423	NaN	NaN	NaN	32563.9345	32564.2609	1.0000	1.0000	0.2909
35ly01	2	24	0	1	1.0000	1.0000	-1.0000	NaN	6.2166	-7.2027	15.1904	32566.8726	32567.1736	0.0000	1.0000	0.3620
35ly01	2	24	0	1	2.0000	1.0000	1.0000	0.8316	NaN	NaN	NaN	32568.0540	32568.3804	1.0000	1.0000	0.2433
35ly01	2	25	0	1	1.0000	1.0000	-1.0000	NaN	11.7920	-11.8750	14.5037	32570.8947	32571.1957	0.0000	1.0000	0.1646
35ly01	2	25	0	1	2.0000	1.0000	-1.0000	0.7832	NaN	NaN	NaN	32571.8859	32572.2128	0.0000	1.0000	0.2759
35ly01	2	26	0	1	1.0000	1.0000	1.0000	NaN	10.6220	10.5673	15.3342	32574.6832	32574.9841	1.0000	1.0000	0.1265
35ly01	2	26	0	1	2.0000	1.0000	-1.0000	0.0359	NaN	NaN	NaN	32575.6383	32575.9649	0.0000	1.0000	0.4994
35ly01	2	27	0	1	1.0000	1.0000	1.0000	NaN	4.4218	5.3996	15.1367	32578.9595	32579.2605	1.0000	1.0000	0.1867
35ly01	2	27	0	1	2.0000	1.0000	-1.0000	0.1743	NaN	NaN	NaN	32579.9758	32580.3020	0.0000	1.0000	0.3124
35ly01	2	28	0	1	1.0000	1.0000	-1.0000	NaN	1.0262	-1.8594	12.6292	32582.8888	32583.1897	0.0000	1.0000	0.1768
35ly01	2	28	0	1	2.0000	1.0000	1.0000	0.4825	NaN	NaN	NaN	32583.9185	32584.2450	1.0000	1.0000	0.3215
35ly01	2	29	0	1	1.0000	1.0000	-1.0000	NaN	0.3506	-0.2882	15.1634	32587.1716	32587.4727	0.0000	1.0000	0.1842
35ly01	2	29	0	1	2.0000	1.0000	1.0000	0.7610	NaN	NaN	NaN	32588.2152	32588.5422	1.0000	1.0000	0.2821
35ly01	2	30	0	1	1.0000	1.0000	1.0000	NaN	11.6238	12.8673	15.2050	32591.1950	32591.4960	1.0000	1.0000	0.1605
35ly01	2	30	0	1	2.0000	1.0000	-1.0000	0.6824	NaN	NaN	NaN	32592.1745	32592.5006	0.0000	1.0000	0.2442
35ly01	2	31	0	1	1.0000	1.0000	-1.0000	NaN	1.4798	-2.1374	15.2030	32595.1224	32595.4233	1.0000	0.0000	0.1626
35ly01	2	31	0	1	2.0000	1.0000	-1.0000	0.2279	NaN	NaN	NaN	32596.0866	32596.4134	0.0000	1.0000	0.3062
35ly01	2	32	0	1	1.0000	1.0000	1.0000	NaN	6.5641	5.5691	14.3121	32599.0970	32599.3980	1.0000	1.0000	0.2426
35ly01	2	32	0	1	2.0000	1.0000	-1.0000	0.4284	NaN	NaN	NaN	32600.1581	32600.4852	0.0000	1.0000	0.2598
35ly01	2	33	0	1	1.0000	1.0000	1.0000	NaN	0.5163	1.4002	15.5308	32603.0455	32603.3464	1.0000	1.0000	0.1262
35ly01	2	33	0	1	2.0000	1.0000	-1.0000	0.0146	NaN	NaN	NaN	32603.9984	32604.3254	0.0000	1.0000	0.3530
35ly01	2	34	0	1	1.0000	1.0000	-1.0000	NaN	4.1998	-6.4339	14.9169	32607.0170	32607.3180	0.0000	1.0000	0.2244
35ly01	2	34	0	1	2.0000	1.0000	1.0000	0.8828	NaN	NaN	NaN	32608.0935	32608.4206	1.0000	1.0000	0.2601
35ly01	2	35	0	1	1.0000	1.0000	1.0000	NaN	7.2260	6.1298	15.3456	32611.1668	32611.4682	1.0000	1.0000	0.1407
35ly01	2	35	0	1	2.0000	1.0000	-1.0000	0.0064	NaN	NaN	NaN	32612.1348	32612.4610	0.0000	1.0000	0.3475
35ly01	2	36	0	1	1.0000	1.0000	-1.0000	NaN	3.0901	-1.4641	13.8284	32615.2201	32615.5211	0.0000	1.0000	0.2054
35ly01	2	36	0	1	2.0000	1.0000	1.0000	0.1418	NaN	NaN	NaN	32616.2706	32616.5975	0.0000	0.0000	0.5628
35ly01	2	37	0	1	1.0000	1.0000	-1.0000	NaN	4.8217	-5.8127	15.0962	32619.5780	32619.8790	0.0000	1.0000	0.1299
35ly01	2	37	0	1	2.0000	1.0000	1.0000	0.4876	NaN	NaN	NaN	32620.5508	32620.8778	1.0000	1.0000	0.4256
35ly01	2	38	0	1	1.0000	1.0000	-1.0000	NaN	1.2811	-0.9774	15.1804	32623.3409	32623.6418	0.0000	1.0000	0.2206
35ly01	2	38	0	1	2.0000	1.0000	-1.0000	0.6852	NaN	NaN	NaN	32624.4142	32624.7415	0.0000	1.0000	0.3062
35ly01	2	39	0	1	1.0000	1.0000	-1.0000	NaN	10.5558	-10.1369	13.6079	32627.7004	32628.0015	0.0000	1.0000	0.2388
35ly01	2	39	0	1	2.0000	1.0000	-1.0000	0.8610	NaN	NaN	NaN	32628.7817	32629.1100	1.0000	0.0000	0.6978
35ly01	2	40	0	1	1.0000	1.0000	-1.0000	NaN	8.2706	-8.1152	14.6376	32631.9952	32632.2962	0.0000	1.0000	0.1686
35ly01	2	40	0	1	2.0000	1.0000	-1.0000	0.6214	NaN	NaN	NaN	32633.0223	32633.3489	0.0000	1.0000	0.3464
35ly01	2	41	0	1	1.0000	1.0000	1.0000	NaN	11.4027	11.2661	15.7073	32635.9812	32636.2821	1.0000	1.0000	0.1813
35ly01	2	41	0	1	2.0000	1.0000	-1.0000	0.3012	NaN	NaN	NaN	32636.9815	32637.3078	0.0000	1.0000	0.1947
35ly01	2	42	0	1	1.0000	1.0000	-1.0000	NaN	7.4647	-6.1260	15.1795	32639.8666	32640.1676	0.0000	1.0000	0.2565
35ly01	2	42	0	1	2.0000	1.0000	1.0000	0.8104	NaN	NaN	NaN	32640.9743	32641.3007	1.0000	1.0000	0.2577
35ly01	2	43	0	1	1.0000	1.0000	1.0000	NaN	2.7111	2.6880	13.5619	32644.0240	32644.3250	1.0000	1.0000	0.1396
35ly01	2	43	0	1	2.0000	1.0000	-1.0000	0.1850	NaN	NaN	NaN	32644.9983	32645.3244	0.0000	1.0000	0.2741
35ly01	2	44	0	1	1.0000	1.0000	-1.0000	NaN	0.9103	-0.1276	13.0576	32647.7703	32648.0714	1.0000	0.0000	0.3285
35ly01	2	44	0	1	2.0000	1.0000	1.0000	0.5394	NaN	NaN	NaN	32648.9183	32649.2472	1.0000	1.0000	0.3382
35ly01	2	45	0	1	1.0000	1.0000	-1.0000	NaN	4.2379	-5.4342	15.7979	32651.8248	32652.1258	0.0000	1.0000	0.2326
35ly01	2	45	0	1	2.0000	1.0000	-1.0000	0.2230	NaN	NaN	NaN	32652.9105	32653.2378	0.0000	1.0000	0.3696
35ly01	2	46	0	1	1.0000	1.0000	-1.0000	NaN	9.9699	-8.9547	14.1483	32655.8939	32656.1948	0.0000	1.0000	0.2837
35ly01	2	46	0	1	2.0000	1.0000	-1.0000	0.3341	NaN	NaN	NaN	32657.0388	32657.3653	1.0000	0.0000	0.3874
35ly01	2	47	0	1	1.0000	1.0000	-1.0000	NaN	1.5837	-1.0974	14.8798	32659.9244	32660.2256	0.0000	1.0000	0.4943
35ly01	2	47	0	1	2.0000	1.0000	1.0000	0.0916	NaN	NaN	NaN	32661.2467	32661.5766	0.0000	0.0000	0.4324
35ly01	2	48	0	1	1.0000	1.0000	-1.0000	NaN	8.7807	-8.8870	15.8769	32664.1450	32664.4460	0.0000	1.0000	0.2421
35ly01	2	48	0	1	2.0000	1.0000	-1.0000	0.6167	NaN	NaN	NaN	32665.2459	32665.5723	0.0000	1.0000	0.3565
35ly01	2	49	0	1	1.0000	1.0000	1.0000	NaN	11.0063	11.3710	14.0396	32668.3222	32668.6232	1.0000	1.0000	0.1537
35ly01	2	49	0	1	2.0000	1.0000	1.0000	0.5222	NaN	NaN	NaN	32669.2941	32669.6204	1.0000	1.0000	0.3166
35ly01	2	50	0	1	1.0000	1.0000	1.0000	NaN	11.9536	12.5710	15.5919	32671.9393	32672.2404	1.0000	1.0000	0.2323
35ly01	2	50	0	1	2.0000	1.0000	-1.0000	0.5114	NaN	NaN	NaN	32672.9821	32673.3086	0.0000	1.0000	0.2659
35ly01	3	1	0	1	1.0000	1.0000	1.0000	NaN	1.0132	1.1481	17.8619	32678.0954	32678.3963	0.0000	0.0000	0.1875
35ly01	3	1	0	1	2.0000	1.0000	-1.0000	0.8253	NaN	NaN	NaN	32679.1337	32679.4600	0.0000	1.0000	0.2184
35ly01	3	2	0	1	1.0000	1.0000	1.0000	NaN	2.2852	1.8133	14.4755	32681.7738	32682.0747	0.0000	0.0000	0.5411
35ly01	3	2	0	1	2.0000	1.0000	-1.0000	0.6357	NaN	NaN	NaN	32683.1424	32683.4702	0.0000	1.0000	0.3138
35ly01	3	3	0	1	1.0000	1.0000	-1.0000	NaN	7.4887	-8.2536	13.6921	32686.0539	32686.3548	0.0000	1.0000	0.1979
35ly01	3	3	0	1	2.0000	1.0000	1.0000	0.4645	NaN	NaN	NaN	32687.1104	32687.4364	1.0000	1.0000	0.3380
35ly01	3	4	0	1	1.0000	1.0000	-1.0000	NaN	6.3257	-8.2604	14.7319	32689.8317	32690.1327	0.0000	1.0000	0.2027
35ly01	3	4	0	1	2.0000	1.0000	-1.0000	0.4181	NaN	NaN	NaN	32690.8534	32691.1806	0.0000	1.0000	0.2748
35ly01	3	5	0	1	1.0000	1.0000	-1.0000	NaN	9.0447	-8.0946	14.2658	32693.9354	32694.2363	0.0000	1.0000	0.2134
35ly01	3	5	0	1	2.0000	1.0000	1.0000	0.7193	NaN	NaN	NaN	32694.9909	32695.3182	1.0000	1.0000	0.2987
35ly01	3	6	0	1	1.0000	1.0000	1.0000	NaN	9.7714	9.7399	14.9471	32697.8364	32698.1375	1.0000	1.0000	0.2789
35ly01	3	6	0	1	2.0000	1.0000	1.0000	0.2416	NaN	NaN	NaN	32698.9270	32699.2547	0.0000	0.0000	0.2157
35ly01	3	7	0	1	1.0000	1.0000	-1.0000	NaN	8.1837	-8.5957	14.6225	32701.7237	32702.0249	0.0000	1.0000	0.1750
35ly01	3	7	0	1	2.0000	1.0000	1.0000	0.0566	NaN	NaN	NaN	32702.7422	32703.0691	0.0000	0.0000	0.3387
35ly01	3	8	0	1	1.0000	1.0000	1.0000	NaN	6.9207	7.2564	17.1131	32705.3372	32705.6382	1.0000	1.0000	0.1924
35ly01	3	8	0	1	2.0000	1.0000	-1.0000	0.7652	NaN	NaN	NaN	32706.3742	32706.7004	0.0000	1.0000	0.2822
35ly01	3	9	0	1	1.0000	1.0000	1.0000	NaN	2.6610	1.4507	12.9637	32708.8794	32709.1806	1.0000	1.0000	0.1803
35ly01	3	9	0	1	2.0000	1.0000	1.0000	0.6757	NaN	NaN	NaN	32709.8786	32710.2052	1.0000	1.0000	0.3078
35ly01	3	10	0	1	1.0000	1.0000	-1.0000	NaN	6.2598	-6.2654	14.7555	32712.7160	32713.0170	0.0000	1.0000	0.1816
35ly01	3	10	0	1	2.0000	1.0000	-1.0000	0.0679	NaN	NaN	NaN	32713.7341	32714.0606	0.0000	1.0000	0.3072
35ly01	3	11	0	1	1.0000	1.0000	-1.0000	NaN	4.0455	-2.3356	14.4514	32716.3287	32716.6297	0.0000	1.0000	0.1873
35ly01	3	11	0	1	2.0000	1.0000	-1.0000	0.0113	NaN	NaN	NaN	32717.3500	32717.6786	0.0000	1.0000	0.4491
35ly01	3	12	0	1	1.0000	1.0000	-1.0000	NaN	2.2675	-1.7071	15.6750	32720.3139	32720.6150	1.0000	0.0000	0.1929
35ly01	3	12	0	1	2.0000	1.0000	-1.0000	0.7075	NaN	NaN	NaN	32721.3498	32721.6798	0.0000	1.0000	0.1610
35ly01	3	13	0	1	1.0000	1.0000	1.0000	NaN	8.9176	10.3989	14.0510	32723.8207	32724.1217	1.0000	1.0000	0.2226
35ly01	3	13	0	1	2.0000	1.0000	-1.0000	0.7199	NaN	NaN	NaN	32724.8468	32725.1743	0.0000	1.0000	0.1626
35ly01	3	14	0	1	1.0000	1.0000	-1.0000	NaN	2.0151	-2.8069	15.5656	32727.2899	32727.5908	0.0000	1.0000	0.1542
35ly01	3	14	0	1	2.0000	1.0000	-1.0000	0.4654	NaN	NaN	NaN	32728.2545	32728.5819	0.0000	1.0000	0.2830
35ly01	3	15	0	1	1.0000	1.0000	1.0000	NaN	2.2425	2.5306	15.1967	32731.2079	32731.5089	0.0000	0.0000	0.2989
35ly01	3	15	0	1	2.0000	1.0000	-1.0000	0.7554	NaN	NaN	NaN	32732.3743	32732.7005	0.0000	1.0000	0.1565
35ly01	3	16	0	1	1.0000	1.0000	1.0000	NaN	4.4092	6.7503	14.9103	32735.2255	32735.5266	1.0000	1.0000	0.2245
35ly01	3	16	0	1	2.0000	1.0000	1.0000	0.3757	NaN	NaN	NaN	32736.2781	32736.6059	0.0000	0.0000	0.2257
35ly01	3	17	0	1	1.0000	1.0000	-1.0000	NaN	5.6511	-4.8306	15.1546	32739.0857	32739.3867	1.0000	0.0000	0.4437
35ly01	3	17	0	1	2.0000	1.0000	-1.0000	0.5686	NaN	NaN	NaN	32740.3425	32740.6698	0.0000	1.0000	0.2111
35ly01	3	18	0	1	1.0000	1.0000	1.0000	NaN	0.3665	1.1845	13.9879	32743.2147	32743.5156	0.0000	0.0000	0.6054
35ly01	3	18	0	1	2.0000	1.0000	1.0000	0.1879	NaN	NaN	NaN	32744.6381	32744.9650	0.0000	0.0000	0.3477
35ly01	3	19	0	1	1.0000	1.0000	-1.0000	NaN	6.5745	-6.0763	15.8728	32747.6714	32747.9729	0.0000	1.0000	0.1889
35ly01	3	19	0	1	2.0000	1.0000	1.0000	0.4017	NaN	NaN	NaN	32748.6948	32749.0234	1.0000	1.0000	0.4097
35ly01	3	20	0	1	1.0000	1.0000	-1.0000	NaN	2.7659	-2.6679	14.5412	32751.5358	32751.8367	0.0000	1.0000	0.1950
35ly01	3	20	0	1	2.0000	1.0000	1.0000	0.4474	NaN	NaN	NaN	32752.5422	32752.8686	1.0000	1.0000	0.2200
35ly01	3	21	0	1	1.0000	1.0000	-1.0000	NaN	4.0846	-4.4692	14.2091	32755.1010	32755.4020	0.0000	1.0000	0.2367
35ly01	3	21	0	1	2.0000	1.0000	1.0000	0.9118	NaN	NaN	NaN	32756.1588	32756.4866	1.0000	1.0000	0.1774
35ly01	3	22	0	1	1.0000	1.0000	-1.0000	NaN	5.1390	-5.9364	13.9672	32759.1770	32759.4780	0.0000	1.0000	0.1869
35ly01	3	22	0	1	2.0000	1.0000	-1.0000	0.1814	NaN	NaN	NaN	32760.1743	32760.5061	0.0000	1.0000	0.3029
35ly01	3	23	0	1	1.0000	1.0000	-1.0000	NaN	2.3774	-0.5860	14.8784	32762.8205	32763.1215	0.0000	1.0000	0.3811
35ly01	3	23	0	1	2.0000	1.0000	1.0000	0.3538	NaN	NaN	NaN	32764.0302	32764.3585	1.0000	1.0000	0.2646
35ly01	3	24	0	1	1.0000	1.0000	-1.0000	NaN	11.4901	-13.3667	12.7350	32766.8453	32767.1468	0.0000	1.0000	0.1397
35ly01	3	24	0	1	2.0000	1.0000	-1.0000	0.5195	NaN	NaN	NaN	32767.8218	32768.1489	0.0000	1.0000	0.2506
35ly01	3	25	0	1	1.0000	1.0000	-1.0000	NaN	1.2798	-1.1094	14.8920	32770.8041	32771.1053	0.0000	1.0000	0.3835
35ly01	3	25	0	1	2.0000	1.0000	1.0000	0.4205	NaN	NaN	NaN	32772.0299	32772.3567	1.0000	1.0000	0.2835
35ly01	3	26	0	1	1.0000	1.0000	-1.0000	NaN	5.2284	-7.2370	13.7869	32774.9446	32775.2455	0.0000	1.0000	0.1715
35ly01	3	26	0	1	2.0000	1.0000	1.0000	0.2163	NaN	NaN	NaN	32775.9825	32776.3087	1.0000	1.0000	0.2658
35ly01	3	27	0	1	1.0000	1.0000	1.0000	NaN	9.6034	10.3810	16.2493	32779.0392	32779.3402	1.0000	1.0000	0.1401
35ly01	3	27	0	1	2.0000	1.0000	-1.0000	0.4611	NaN	NaN	NaN	32779.9902	32780.3175	0.0000	1.0000	0.1874
35ly01	3	28	0	1	1.0000	1.0000	-1.0000	NaN	3.8352	-2.7061	15.5469	32782.4412	32782.7424	0.0000	1.0000	0.2162
35ly01	3	28	0	1	2.0000	1.0000	1.0000	0.0654	NaN	NaN	NaN	32783.5181	32783.8459	1.0000	1.0000	0.2188
35ly01	3	29	0	1	1.0000	1.0000	1.0000	NaN	7.9983	7.2056	13.7378	32785.9273	32786.2282	1.0000	1.0000	0.2277
35ly01	3	29	0	1	2.0000	1.0000	1.0000	0.6632	NaN	NaN	NaN	32786.9581	32787.2842	1.0000	1.0000	0.3801
35ly01	3	30	0	1	1.0000	1.0000	1.0000	NaN	8.8543	9.6774	15.1551	32789.9607	32790.2617	1.0000	1.0000	0.2022
35ly01	3	30	0	1	2.0000	1.0000	-1.0000	0.0500	NaN	NaN	NaN	32790.9733	32791.2994	0.0000	1.0000	0.3632
35ly01	3	31	0	1	1.0000	1.0000	1.0000	NaN	4.7911	3.6738	15.6358	32793.9503	32794.2513	1.0000	1.0000	0.5016
35ly01	3	31	0	1	2.0000	1.0000	-1.0000	0.0574	NaN	NaN	NaN	32795.2543	32795.5811	0.0000	1.0000	0.1711
35ly01	3	32	0	1	1.0000	1.0000	1.0000	NaN	7.6624	6.2475	14.2166	32797.9977	32798.2987	0.0000	0.0000	0.3100
35ly01	3	32	0	1	2.0000	1.0000	-1.0000	0.6649	NaN	NaN	NaN	32799.1498	32799.4758	0.0000	1.0000	0.2280
35ly01	3	33	0	1	1.0000	1.0000	-1.0000	NaN	1.6328	-2.3910	14.6496	32801.6170	32801.9183	0.0000	1.0000	0.2723
35ly01	3	33	0	1	2.0000	1.0000	1.0000	0.1383	NaN	NaN	NaN	32802.7430	32803.0685	0.0000	0.0000	0.3060
35ly01	3	34	0	1	1.0000	1.0000	-1.0000	NaN	7.7372	-8.7767	14.2921	32805.5066	32805.8076	0.0000	1.0000	0.1525
35ly01	3	34	0	1	2.0000	1.0000	1.0000	0.8127	NaN	NaN	NaN	32806.5037	32806.8295	1.0000	1.0000	0.2194
35ly01	3	35	0	1	1.0000	1.0000	-1.0000	NaN	2.1822	-1.2410	13.9419	32809.5263	32809.8273	0.0000	1.0000	0.2290
35ly01	3	35	0	1	2.0000	1.0000	1.0000	0.8651	NaN	NaN	NaN	32810.6065	32810.9352	1.0000	1.0000	0.3296
35ly01	3	36	0	1	1.0000	1.0000	1.0000	NaN	9.3662	10.6339	15.7308	32813.6677	32813.9688	1.0000	1.0000	0.1658
35ly01	3	36	0	1	2.0000	1.0000	-1.0000	0.3272	NaN	NaN	NaN	32814.6461	32814.9726	0.0000	1.0000	0.2276
35ly01	3	37	0	1	1.0000	1.0000	1.0000	NaN	5.8633	5.0876	13.9986	32817.2276	32817.5286	0.0000	0.0000	0.3676
35ly01	3	37	0	1	2.0000	1.0000	-1.0000	0.6938	NaN	NaN	NaN	32818.4302	32818.7570	0.0000	1.0000	0.2277
35ly01	3	38	0	1	1.0000	1.0000	-1.0000	NaN	6.9958	-6.7775	14.1741	32821.3315	32821.6326	0.0000	1.0000	0.1518
35ly01	3	38	0	1	2.0000	1.0000	1.0000	0.3654	NaN	NaN	NaN	32822.3424	32822.6699	1.0000	1.0000	0.2498
35ly01	3	39	0	1	1.0000	1.0000	-1.0000	NaN	5.0072	-5.5089	16.0959	32825.0405	32825.3414	0.0000	1.0000	0.2012
35ly01	3	39	0	1	2.0000	1.0000	-1.0000	0.2280	NaN	NaN	NaN	32826.0943	32826.4227	0.0000	1.0000	0.2984
35ly01	3	40	0	1	1.0000	1.0000	1.0000	NaN	7.0088	8.2062	13.7155	32828.9406	32829.2416	1.0000	1.0000	0.1503
35ly01	3	40	0	1	2.0000	1.0000	1.0000	0.3267	NaN	NaN	NaN	32829.9020	32830.2288	0.0000	0.0000	0.1946
35ly01	3	41	0	1	1.0000	1.0000	1.0000	NaN	5.1798	3.6031	14.6043	32832.6595	32832.9606	1.0000	1.0000	0.1820
35ly01	3	41	0	1	2.0000	1.0000	-1.0000	0.2774	NaN	NaN	NaN	32833.6710	32833.9990	0.0000	1.0000	0.2645
35ly01	3	42	0	1	1.0000	1.0000	1.0000	NaN	3.3123	4.5574	14.5998	32836.5264	32836.8274	1.0000	1.0000	0.3072
35ly01	3	42	0	1	2.0000	1.0000	1.0000	0.7170	NaN	NaN	NaN	32837.6373	32837.9641	1.0000	1.0000	0.3224
35ly01	3	43	0	1	1.0000	1.0000	-1.0000	NaN	0.0138	-1.0316	13.9693	32840.6759	32840.9768	0.0000	1.0000	0.2000
35ly01	3	43	0	1	2.0000	1.0000	-1.0000	0.8702	NaN	NaN	NaN	32841.7177	32842.0452	0.0000	1.0000	0.2334
35ly01	3	44	0	1	1.0000	1.0000	-1.0000	NaN	5.1625	-4.9282	14.1405	32844.5503	32844.8513	0.0000	1.0000	0.1554
35ly01	3	44	0	1	2.0000	1.0000	-1.0000	0.8772	NaN	NaN	NaN	32845.5349	32845.8627	0.0000	1.0000	0.2256
35ly01	3	45	0	1	1.0000	1.0000	1.0000	NaN	2.9003	2.9170	15.7467	32847.9166	32848.2176	1.0000	1.0000	0.1570
35ly01	3	45	0	1	2.0000	1.0000	-1.0000	0.3703	NaN	NaN	NaN	32848.8780	32849.2054	0.0000	1.0000	0.1773
35ly01	3	46	0	1	1.0000	1.0000	-1.0000	NaN	9.3500	-7.9026	13.8282	32851.7296	32852.0306	0.0000	1.0000	0.1453
35ly01	3	46	0	1	2.0000	1.0000	-1.0000	0.5043	NaN	NaN	NaN	32852.7108	32853.0373	0.0000	1.0000	0.1692
35ly01	3	47	0	1	1.0000	1.0000	-1.0000	NaN	11.9890	-12.2525	15.4004	32855.5274	32855.8284	0.0000	1.0000	0.1325
35ly01	3	47	0	1	2.0000	1.0000	1.0000	0.1216	NaN	NaN	NaN	32856.4782	32856.8064	1.0000	1.0000	0.4015
35ly01	3	48	0	1	1.0000	1.0000	-1.0000	NaN	11.7570	-12.2423	14.1296	32859.2941	32859.5950	0.0000	1.0000	0.0916
35ly01	3	48	0	1	2.0000	1.0000	1.0000	0.8596	NaN	NaN	NaN	32860.2222	32860.5504	1.0000	1.0000	0.2022
35ly01	3	49	0	1	1.0000	1.0000	-1.0000	NaN	7.4051	-6.1047	14.1604	32863.3651	32863.6660	0.0000	1.0000	0.2606
35ly01	3	49	0	1	2.0000	1.0000	-1.0000	0.2759	NaN	NaN	NaN	32864.4621	32864.7891	0.0000	1.0000	0.1794
35ly01	3	50	0	1	1.0000	1.0000	1.0000	NaN	0.9735	0.5997	15.6040	32867.3719	32867.6728	1.0000	1.0000	0.1752
35ly01	3	50	0	1	2.0000	1.0000	-1.0000	0.7412	NaN	NaN	NaN	32868.3501	32868.6764	0.0000	1.0000	0.0919
