16hq01	1	1	0	0	1.0000	0.0000	1.0000	0.1424	NaN	NaN	NaN	414165.4942	414165.9096	1.0000	1.0000	0.6291	0.7576
16hq01	1	1	0	0	2.0000	0.0000	1.0000	NaN	7.9153	9.8940	16.6688	414167.1131	414167.4201	1.0000	1.0000	0.3498	0.4625
16hq01	1	2	0	0	1.0000	0.0000	1.0000	0.9115	NaN	NaN	NaN	414169.9062	414170.3140	1.0000	1.0000	0.3683	0.4976
16hq01	1	2	0	0	2.0000	0.0000	1.0000	NaN	7.8689	8.0499	15.6411	414171.2462	414171.5495	1.0000	1.0000	0.3175	0.4620
16hq01	1	3	0	0	1.0000	0.0000	1.0000	0.8464	NaN	NaN	NaN	414174.0585	414174.4472	0.0000	0.0000	0.5233	0.6674
16hq01	1	3	0	0	2.0000	0.0000	-1.0000	NaN	4.0100	-1.6707	16.7069	414175.5508	414175.8529	1.0000	0.0000	0.8779	1.0230
16hq01	1	4	0	0	1.0000	0.0000	-1.0000	0.2128	NaN	NaN	NaN	414179.1696	414179.5203	0.0000	1.0000	0.5066	0.6353
16hq01	1	4	0	0	2.0000	0.0000	1.0000	NaN	8.0140	6.7751	14.3965	414180.5912	414180.8933	1.0000	1.0000	0.5411	0.6696
16hq01	1	5	0	0	1.0000	0.0000	1.0000	0.6121	NaN	NaN	NaN	414183.8597	414184.2131	1.0000	1.0000	0.5968	0.7424
16hq01	1	5	0	0	2.0000	0.0000	-1.0000	NaN	4.5433	-2.9919	15.5144	414185.3905	414185.6926	0.0000	1.0000	0.4468	0.5909
16hq01	1	6	0	0	1.0000	0.0000	1.0000	0.3089	NaN	NaN	NaN	414188.6824	414189.0351	1.0000	1.0000	0.9916	1.1521
16hq01	1	6	0	0	2.0000	0.0000	1.0000	NaN	1.2676	3.2849	15.3074	414190.6229	414190.9251	1.0000	1.0000	0.8129	0.9584
16hq01	1	7	0	0	1.0000	0.0000	1.0000	0.9113	NaN	NaN	NaN	414194.1278	414194.4833	1.0000	1.0000	0.4718	0.6164
16hq01	1	7	0	0	2.0000	0.0000	-1.0000	NaN	6.5666	-7.2466	14.7426	414195.5344	414195.8366	0.0000	1.0000	1.6774	1.7902
16hq01	1	8	0	0	1.0000	0.0000	-1.0000	0.2818	NaN	NaN	NaN	414199.6963	414200.0498	0.0000	1.0000	0.7127	0.8578
16hq01	1	8	0	0	2.0000	0.0000	-1.0000	NaN	3.8253	-2.5265	14.9327	414201.3421	414201.6443	0.0000	1.0000	1.3102	1.4383
16hq01	1	9	0	0	1.0000	0.0000	-1.0000	0.4244	NaN	NaN	NaN	414205.1020	414205.4524	0.0000	1.0000	0.4780	0.6228
16hq01	1	9	0	0	2.0000	0.0000	-1.0000	NaN	3.6762	-2.1940	15.8932	414206.5097	414206.8119	1.0000	0.0000	1.8861	2.0316
16hq01	1	10	0	0	1.0000	0.0000	1.0000	0.4852	NaN	NaN	NaN	414211.3158	414211.6673	1.0000	1.0000	0.3757	0.5360
16hq01	1	10	0	0	2.0000	0.0000	1.0000	NaN	9.8115	10.9746	15.1291	414212.6385	414212.9407	1.0000	1.0000	0.6215	0.7820
16hq01	1	11	0	0	1.0000	0.0000	1.0000	0.7399	NaN	NaN	NaN	414216.1174	414216.4685	1.0000	1.0000	0.3262	0.4870
16hq01	1	11	0	0	2.0000	0.0000	-1.0000	NaN	5.0814	-6.7341	15.4370	414217.3903	414217.6925	0.0000	1.0000	1.0860	1.1992
16hq01	1	12	0	0	1.0000	0.0000	1.0000	0.3508	NaN	NaN	NaN	414221.0915	414221.4835	1.0000	1.0000	0.4305	0.5915
16hq01	1	12	0	0	2.0000	0.0000	-1.0000	NaN	1.3344	-2.5663	15.7453	414222.5097	414222.8124	0.0000	1.0000	1.4858	1.5992
16hq01	1	13	0	0	1.0000	0.0000	1.0000	0.1574	NaN	NaN	NaN	414226.8567	414227.2112	1.0000	1.0000	0.5926	0.7364
16hq01	1	13	0	0	2.0000	0.0000	1.0000	NaN	7.2238	9.3104	15.0041	414228.3823	414228.6845	1.0000	1.0000	0.4628	0.6064
16hq01	1	14	0	0	1.0000	0.0000	-1.0000	0.2531	NaN	NaN	NaN	414231.3604	414231.7149	0.0000	1.0000	0.3756	0.5047
16hq01	1	14	0	0	2.0000	0.0000	-1.0000	NaN	1.8439	-0.1014	15.5870	414232.6553	414232.9574	1.0000	0.0000	4.0134	4.1419
16hq01	1	15	0	0	1.0000	0.0000	-1.0000	0.5652	NaN	NaN	NaN	414239.1644	414239.5159	0.0000	1.0000	0.3021	0.4157
16hq01	1	15	0	0	2.0000	0.0000	-1.0000	NaN	3.1465	-4.7279	15.8051	414240.3654	414240.6676	0.0000	1.0000	0.5264	0.6401
16hq01	1	16	0	0	1.0000	0.0000	1.0000	0.6604	NaN	NaN	NaN	414243.5775	414243.9310	1.0000	1.0000	0.2710	0.4327
16hq01	1	16	0	0	2.0000	0.0000	1.0000	NaN	0.8159	0.0202	14.5978	414244.8014	414245.1036	1.0000	1.0000	0.5068	0.6350
16hq01	1	17	0	0	1.0000	0.0000	-1.0000	0.3186	NaN	NaN	NaN	414247.9331	414248.2837	0.0000	1.0000	0.3503	0.4642
16hq01	1	17	0	0	2.0000	0.0000	1.0000	NaN	8.1567	4.9167	14.7630	414249.1825	414249.4846	1.0000	1.0000	0.6066	0.7187
16hq01	1	18	0	0	1.0000	0.0000	1.0000	0.0302	NaN	NaN	NaN	414252.1729	414252.5264	1.0000	1.0000	1.1156	1.2448
16hq01	1	18	0	0	2.0000	0.0000	1.0000	NaN	3.3231	1.4130	13.4090	414254.2059	414254.5080	1.0000	1.0000	1.0550	1.1825
16hq01	1	19	0	0	1.0000	0.0000	1.0000	0.2477	NaN	NaN	NaN	414257.7849	414258.1356	1.0000	1.0000	0.5631	0.6754
16hq01	1	19	0	0	2.0000	0.0000	1.0000	NaN	7.1323	7.4401	14.4488	414259.2464	414259.5486	1.0000	1.0000	0.4625	0.6065
16hq01	1	20	0	0	1.0000	0.0000	-1.0000	0.1146	NaN	NaN	NaN	414261.8751	414262.2301	1.0000	0.0000	0.7079	0.8213
16hq01	1	20	0	0	2.0000	0.0000	1.0000	NaN	7.0741	8.6423	16.2129	414263.4871	414263.7893	1.0000	1.0000	0.3656	0.5102
16hq01	1	21	0	0	1.0000	0.0000	-1.0000	0.8067	NaN	NaN	NaN	414266.3005	414266.6925	0.0000	1.0000	0.3256	0.4392
16hq01	1	21	0	0	2.0000	0.0000	-1.0000	NaN	11.2079	-11.3083	13.2426	414267.5664	414267.8685	0.0000	1.0000	0.3175	0.4309
16hq01	1	22	0	0	1.0000	0.0000	1.0000	0.2126	NaN	NaN	NaN	414270.4453	414270.7977	1.0000	1.0000	0.3643	0.4941
16hq01	1	22	0	0	2.0000	0.0000	1.0000	NaN	9.0152	10.9059	16.0904	414271.7273	414272.0295	1.0000	1.0000	0.3019	0.4458
16hq01	1	23	0	0	1.0000	0.0000	1.0000	0.6058	NaN	NaN	NaN	414274.6449	414274.9975	1.0000	1.0000	0.3085	0.4381
16hq01	1	23	0	0	2.0000	0.0000	1.0000	NaN	11.4923	13.6717	15.1682	414275.8703	414276.1724	1.0000	1.0000	0.1416	0.2713
16hq01	1	24	0	0	1.0000	0.0000	-1.0000	0.4168	NaN	NaN	NaN	414278.7382	414279.0917	0.0000	1.0000	0.2463	0.3748
16hq01	1	24	0	0	2.0000	0.0000	1.0000	NaN	4.5787	5.9860	16.0997	414279.9018	414280.2039	1.0000	1.0000	0.4478	0.5599
16hq01	1	25	0	0	1.0000	0.0000	-1.0000	0.1056	NaN	NaN	NaN	414283.2834	414283.6343	1.0000	0.0000	0.2329	0.3772
16hq01	1	25	0	0	2.0000	0.0000	1.0000	NaN	3.0968	5.5273	15.0411	414284.4463	414284.7485	1.0000	1.0000	0.3192	0.4310
16hq01	1	26	0	0	1.0000	0.0000	-1.0000	0.3714	NaN	NaN	NaN	414287.3495	414287.7010	0.0000	1.0000	0.2146	0.3262
16hq01	1	26	0	0	2.0000	0.0000	1.0000	NaN	9.9766	11.8102	13.7103	414288.4621	414288.7643	1.0000	1.0000	0.2537	0.3989
16hq01	1	27	0	0	1.0000	0.0000	-1.0000	0.4040	NaN	NaN	NaN	414291.4327	414291.7840	0.0000	1.0000	0.3072	0.4037
16hq01	1	27	0	0	2.0000	0.0000	1.0000	NaN	3.7526	2.6696	14.1391	414292.6225	414292.9247	1.0000	1.0000	0.8778	0.9908
16hq01	1	28	0	0	1.0000	0.0000	1.0000	0.1234	NaN	NaN	NaN	414296.0351	414296.3912	1.0000	1.0000	0.7228	0.8356
16hq01	1	28	0	0	2.0000	0.0000	1.0000	NaN	6.8259	6.5793	14.2862	414297.6616	414297.9638	1.0000	1.0000	0.2707	0.3995
16hq01	1	29	0	0	1.0000	0.0000	-1.0000	0.6660	NaN	NaN	NaN	414300.4331	414300.7835	0.0000	1.0000	0.2825	0.3641
16hq01	1	29	0	0	2.0000	0.0000	1.0000	NaN	7.9961	8.8978	14.7420	414301.5818	414301.8839	1.0000	1.0000	0.2712	0.3994
16hq01	1	30	0	0	1.0000	0.0000	1.0000	0.7369	NaN	NaN	NaN	414304.0778	414304.4294	1.0000	1.0000	0.4292	0.5579
16hq01	1	30	0	0	2.0000	0.0000	1.0000	NaN	5.8415	5.8568	15.1347	414305.4218	414305.7242	1.0000	1.0000	1.0224	1.1184
16hq01	1	31	0	0	1.0000	0.0000	-1.0000	0.7546	NaN	NaN	NaN	414308.6870	414309.0403	0.0000	1.0000	0.2657	0.3462
16hq01	1	31	0	0	2.0000	0.0000	-1.0000	NaN	3.7346	-5.3194	14.9279	414309.8213	414310.1235	0.0000	1.0000	1.2791	1.3592
16hq01	1	32	0	0	1.0000	0.0000	1.0000	0.4750	NaN	NaN	NaN	414313.6049	414314.0184	1.0000	1.0000	0.2802	0.4092
16hq01	1	32	0	0	2.0000	0.0000	-1.0000	NaN	5.7591	-8.8751	14.5851	414314.8728	414315.1795	0.0000	1.0000	0.2066	0.2718
16hq01	1	33	0	0	1.0000	0.0000	-1.0000	0.4233	NaN	NaN	NaN	414317.3235	414317.7403	0.0000	1.0000	1.9818	2.0473
16hq01	1	33	0	0	2.0000	0.0000	1.0000	NaN	7.7558	7.9106	15.1474	414320.2222	414320.5254	1.0000	1.0000	0.1898	0.3024
16hq01	1	34	0	0	1.0000	0.0000	1.0000	0.5507	NaN	NaN	NaN	414322.9228	414323.2770	1.0000	1.0000	0.3491	0.4784
16hq01	1	34	0	0	2.0000	0.0000	-1.0000	NaN	6.5983	-6.3090	15.5235	414324.1891	414324.4926	0.0000	1.0000	0.3654	0.4301
16hq01	1	35	0	0	1.0000	0.0000	1.0000	0.7401	NaN	NaN	NaN	414326.9683	414327.3228	1.0000	1.0000	0.3033	0.4486
16hq01	1	35	0	0	2.0000	0.0000	-1.0000	NaN	8.5804	-8.5373	14.0487	414328.2060	414328.5091	0.0000	1.0000	0.2369	0.3348
16hq01	1	36	0	0	1.0000	0.0000	-1.0000	0.8576	NaN	NaN	NaN	414331.0183	414331.3727	0.0000	1.0000	0.4293	0.5110
16hq01	1	36	0	0	2.0000	0.0000	1.0000	NaN	11.3374	11.8486	14.2460	414332.3183	414332.6204	1.0000	1.0000	0.2708	0.3993
16hq01	1	37	0	0	1.0000	0.0000	1.0000	0.1545	NaN	NaN	NaN	414335.2393	414335.5932	0.0000	0.0000	1.4254	1.5066
16hq01	1	37	0	0	2.0000	0.0000	-1.0000	NaN	1.4280	-2.4904	15.4896	414337.5344	414337.8366	0.0000	1.0000	0.6551	0.7192
16hq01	1	38	0	0	1.0000	0.0000	1.0000	0.0793	NaN	NaN	NaN	414340.6928	414341.0442	1.0000	1.0000	0.4863	0.6155
16hq01	1	38	0	0	2.0000	0.0000	1.0000	NaN	1.5981	1.4549	14.7050	414342.0962	414342.3983	0.0000	0.0000	1.5002	1.5642
16hq01	1	39	0	0	1.0000	0.0000	-1.0000	0.4807	NaN	NaN	NaN	414345.6998	414346.0551	0.0000	1.0000	0.3882	0.4681
16hq01	1	39	0	0	2.0000	0.0000	-1.0000	NaN	8.3889	-6.6990	15.8265	414346.9591	414347.2611	0.0000	1.0000	0.6381	0.7026
16hq01	1	40	0	0	1.0000	0.0000	-1.0000	0.4648	NaN	NaN	NaN	414350.2583	414350.6104	0.0000	1.0000	0.7445	0.8083
16hq01	1	40	0	0	2.0000	0.0000	-1.0000	NaN	4.0526	-6.4212	13.2231	414351.8534	414352.1562	0.0000	1.0000	1.2945	1.3754
16hq01	1	41	0	0	1.0000	0.0000	1.0000	0.6217	NaN	NaN	NaN	414355.9762	414356.3842	1.0000	1.0000	0.2995	0.4433
16hq01	1	41	0	0	2.0000	0.0000	1.0000	NaN	4.8914	4.5069	15.1181	414357.2729	414357.5773	1.0000	1.0000	0.8493	0.9786
16hq01	1	42	0	0	1.0000	0.0000	1.0000	0.1497	NaN	NaN	NaN	414360.5791	414360.9999	1.0000	1.0000	1.8108	1.9396
16hq01	1	42	0	0	2.0000	0.0000	-1.0000	NaN	11.6471	-13.3517	16.0403	414363.3816	414363.6865	0.0000	1.0000	0.1956	0.2773
16hq01	1	43	0	0	1.0000	0.0000	-1.0000	0.0310	NaN	NaN	NaN	414366.0117	414366.4335	1.0000	0.0000	1.3045	1.4331
16hq01	1	43	0	0	2.0000	0.0000	1.0000	NaN	6.7344	8.5627	15.4773	414368.3128	414368.6176	1.0000	1.0000	0.2405	0.3703
16hq01	1	44	0	0	1.0000	0.0000	1.0000	0.9243	NaN	NaN	NaN	414370.8792	414371.3000	1.0000	1.0000	0.3593	0.4717
16hq01	1	44	0	0	2.0000	0.0000	1.0000	NaN	7.7879	6.1790	15.4780	414372.2077	414372.5098	1.0000	1.0000	0.5403	0.6370
16hq01	1	45	0	0	1.0000	0.0000	-1.0000	0.0923	NaN	NaN	NaN	414375.0913	414375.4425	0.0000	1.0000	0.7280	0.7769
16hq01	1	45	0	0	2.0000	0.0000	1.0000	NaN	9.8815	9.6074	14.2653	414376.6546	414376.9568	1.0000	1.0000	0.3653	0.4945
16hq01	1	46	0	0	1.0000	0.0000	1.0000	0.7564	NaN	NaN	NaN	414379.3707	414379.7243	1.0000	1.0000	0.3508	0.4947
16hq01	1	46	0	0	2.0000	0.0000	1.0000	NaN	1.1845	3.0579	14.6091	414380.6574	414380.9595	1.0000	1.0000	0.4121	0.5559
16hq01	1	47	0	0	1.0000	0.0000	1.0000	0.0044	NaN	NaN	NaN	414383.5850	414383.9408	0.0000	0.0000	0.8065	0.9027
16hq01	1	47	0	0	2.0000	0.0000	1.0000	NaN	9.2989	7.2800	15.7818	414385.2780	414385.5801	1.0000	1.0000	0.2379	0.3676
16hq01	1	48	0	0	1.0000	0.0000	-1.0000	0.2279	NaN	NaN	NaN	414387.9629	414388.3200	0.0000	1.0000	0.3464	0.4433
16hq01	1	48	0	0	2.0000	0.0000	1.0000	NaN	10.6381	11.5246	13.6623	414389.1980	414389.5002	1.0000	1.0000	0.3350	0.4637
16hq01	1	49	0	0	1.0000	0.0000	1.0000	0.5577	NaN	NaN	NaN	414392.2086	414392.5599	1.0000	1.0000	1.4838	1.6278
16hq01	1	49	0	0	2.0000	0.0000	-1.0000	NaN	2.4929	-3.4869	14.4410	414394.6235	414394.9257	1.0000	0.0000	0.8130	0.9422
16hq01	1	50	0	0	1.0000	0.0000	1.0000	0.3969	NaN	NaN	NaN	414398.0780	414398.4288	0.0000	0.0000	0.9748	1.0869
16hq01	1	50	0	0	2.0000	0.0000	1.0000	NaN	11.7966	11.7428	14.8752	414399.9502	414400.2523	1.0000	1.0000	0.1754	0.2874
16hq01	2	1	0	0	1.0000	0.0000	-1.0000	0.9349	NaN	NaN	NaN	414421.0484	414421.4637	0.0000	1.0000	0.3071	0.4190
16hq01	2	1	0	0	2.0000	0.0000	1.0000	NaN	2.0060	2.2462	15.7318	414422.3267	414422.6312	1.0000	1.0000	0.6269	0.7406
16hq01	2	2	0	0	1.0000	0.0000	1.0000	0.5195	NaN	NaN	NaN	414425.7444	414426.1635	1.0000	1.0000	0.3746	0.4723
16hq01	2	2	0	0	2.0000	0.0000	1.0000	NaN	6.2536	4.5279	15.0908	414427.0777	414427.3821	1.0000	1.0000	2.4046	2.5172
16hq01	2	3	0	0	1.0000	0.0000	1.0000	0.6771	NaN	NaN	NaN	414431.9244	414432.3417	1.0000	1.0000	0.2764	0.3902
16hq01	2	3	0	0	2.0000	0.0000	-1.0000	NaN	6.0057	-6.3530	15.0985	414433.1762	414433.4806	0.0000	1.0000	0.2741	0.3550
16hq01	2	4	0	0	1.0000	0.0000	-1.0000	0.3225	NaN	NaN	NaN	414436.1583	414436.5796	0.0000	1.0000	0.3425	0.4242
16hq01	2	4	0	0	2.0000	0.0000	1.0000	NaN	11.4196	11.2633	14.9822	414437.4493	414437.7564	1.0000	1.0000	0.2057	0.3674
16hq01	2	5	0	0	1.0000	0.0000	1.0000	0.5062	NaN	NaN	NaN	414440.1463	414440.5628	1.0000	1.0000	0.2953	0.3920
16hq01	2	5	0	0	2.0000	0.0000	1.0000	NaN	4.2087	2.5451	15.7873	414441.4002	414441.7067	0.0000	0.0000	0.8162	0.8972
16hq01	2	6	0	0	1.0000	0.0000	-1.0000	0.1698	NaN	NaN	NaN	414444.4192	414444.8286	0.0000	1.0000	1.7255	1.8550
16hq01	2	6	0	0	2.0000	0.0000	1.0000	NaN	5.0746	5.7888	14.7073	414447.1252	414447.4295	1.0000	1.0000	0.3253	0.4221
16hq01	2	7	0	0	1.0000	0.0000	-1.0000	0.2469	NaN	NaN	NaN	414449.6987	414450.1117	0.0000	1.0000	0.6344	0.6996
16hq01	2	7	0	0	2.0000	0.0000	1.0000	NaN	9.6008	9.0839	15.0677	414451.2453	414451.5474	1.0000	1.0000	0.3027	0.4159
16hq01	2	8	0	0	1.0000	0.0000	1.0000	0.4311	NaN	NaN	NaN	414453.8327	414454.2449	1.0000	1.0000	0.2782	0.3908
16hq01	2	8	0	0	2.0000	0.0000	1.0000	NaN	5.1887	4.9858	15.2335	414455.0795	414455.3843	1.0000	1.0000	0.6263	0.7392
16hq01	2	9	0	0	1.0000	0.0000	1.0000	0.8605	NaN	NaN	NaN	414458.3214	414458.7206	1.0000	1.0000	0.3455	0.4261
16hq01	2	9	0	0	2.0000	0.0000	-1.0000	NaN	1.5238	-2.0195	15.0594	414459.5816	414459.8844	0.0000	1.0000	1.2938	1.3743
16hq01	2	10	0	0	1.0000	0.0000	-1.0000	0.2385	NaN	NaN	NaN	414463.2782	414463.6327	0.0000	1.0000	0.8268	0.8580
16hq01	2	10	0	0	2.0000	0.0000	1.0000	NaN	7.3925	6.4336	16.7075	414464.9264	414465.2286	1.0000	1.0000	0.3351	0.4311
16hq01	2	11	0	0	1.0000	0.0000	1.0000	0.3960	NaN	NaN	NaN	414467.8542	414468.2047	1.0000	1.0000	0.3660	0.4781
16hq01	2	11	0	0	2.0000	0.0000	1.0000	NaN	7.8823	7.3016	15.6112	414469.1189	414469.4211	1.0000	1.0000	0.3014	0.4140
16hq01	2	12	0	0	1.0000	0.0000	-1.0000	0.4377	NaN	NaN	NaN	414471.9295	414472.2864	0.0000	1.0000	0.3486	0.4452
16hq01	2	12	0	0	2.0000	0.0000	1.0000	NaN	11.7797	11.9268	16.6114	414473.1656	414473.4686	1.0000	1.0000	0.1735	0.2871
16hq01	2	13	0	0	1.0000	0.0000	-1.0000	0.7772	NaN	NaN	NaN	414475.9015	414476.2542	0.0000	1.0000	0.2212	0.3171
16hq01	2	13	0	0	2.0000	0.0000	-1.0000	NaN	9.8106	-9.0506	15.8821	414477.0062	414477.3084	0.0000	1.0000	0.2544	0.3514
16hq01	2	14	0	0	1.0000	0.0000	1.0000	0.5794	NaN	NaN	NaN	414480.0293	414480.3860	1.0000	1.0000	0.2481	0.3775
16hq01	2	14	0	0	2.0000	0.0000	-1.0000	NaN	7.4120	-7.2799	15.4916	414481.1981	414481.5015	0.0000	1.0000	0.3019	0.3824
16hq01	2	15	0	0	1.0000	0.0000	1.0000	0.8321	NaN	NaN	NaN	414483.9284	414484.2816	1.0000	1.0000	0.1939	0.3062
16hq01	2	15	0	0	2.0000	0.0000	-1.0000	NaN	6.6019	-6.3978	14.8632	414485.0226	414485.3247	0.0000	1.0000	0.1734	0.2871
16hq01	2	16	0	0	1.0000	0.0000	1.0000	0.4280	NaN	NaN	NaN	414488.0067	414488.3576	1.0000	1.0000	0.2126	0.3420
16hq01	2	16	0	0	2.0000	0.0000	-1.0000	NaN	1.0059	-2.7838	15.9890	414489.1354	414489.4375	0.0000	1.0000	0.1251	0.2383
16hq01	2	17	0	0	1.0000	0.0000	-1.0000	0.8677	NaN	NaN	NaN	414491.6203	414491.9715	0.0000	1.0000	0.1186	0.2161
16hq01	2	17	0	0	2.0000	0.0000	1.0000	NaN	1.8285	0.3523	14.6900	414492.6216	414492.9237	1.0000	1.0000	0.8944	1.0070
16hq01	2	18	0	0	1.0000	0.0000	1.0000	0.6007	NaN	NaN	NaN	414496.4516	414496.8032	1.0000	1.0000	0.2794	0.3915
16hq01	2	18	0	0	2.0000	0.0000	-1.0000	NaN	1.1705	-2.1896	14.4640	414497.6294	414497.9320	0.0000	1.0000	0.3516	0.4478
16hq01	2	19	0	0	1.0000	0.0000	-1.0000	0.4007	NaN	NaN	NaN	414500.2243	414500.6431	0.0000	1.0000	0.7116	0.7917
16hq01	2	19	0	0	2.0000	0.0000	1.0000	NaN	10.9888	11.0851	14.2615	414501.8795	414502.1865	1.0000	1.0000	0.1287	0.2573
16hq01	2	20	0	0	1.0000	0.0000	-1.0000	0.6227	NaN	NaN	NaN	414504.7189	414505.1434	0.0000	1.0000	0.1468	0.2440
16hq01	2	20	0	0	2.0000	0.0000	1.0000	NaN	2.0542	1.0172	13.7767	414505.8324	414506.1374	0.0000	0.0000	0.8333	0.9293
16hq01	2	21	0	0	1.0000	0.0000	1.0000	0.9083	NaN	NaN	NaN	414509.4140	414509.8181	1.0000	1.0000	0.1760	0.2897
16hq01	2	21	0	0	2.0000	0.0000	1.0000	NaN	6.9025	5.9853	14.3493	414510.5424	414510.8446	1.0000	1.0000	2.9255	3.0381
16hq01	2	22	0	0	1.0000	0.0000	1.0000	0.2254	NaN	NaN	NaN	414516.1021	414516.4523	1.0000	1.0000	0.4859	0.5983
16hq01	2	22	0	0	2.0000	0.0000	-1.0000	NaN	5.5062	-4.3220	15.6201	414517.4849	414517.7871	0.0000	1.0000	0.4791	0.5766
16hq01	2	23	0	0	1.0000	0.0000	-1.0000	0.6423	NaN	NaN	NaN	414520.0839	414520.4354	0.0000	1.0000	0.2159	0.3124
16hq01	2	23	0	0	2.0000	0.0000	1.0000	NaN	3.4688	4.4638	15.4191	414521.1838	414521.4859	1.0000	1.0000	1.6922	1.7898
16hq01	2	24	0	0	1.0000	0.0000	-1.0000	0.8316	NaN	NaN	NaN	414525.5202	414525.8699	0.0000	1.0000	0.2203	0.3020
16hq01	2	24	0	0	2.0000	0.0000	1.0000	NaN	6.2166	7.9878	13.8454	414526.6080	414526.9101	1.0000	1.0000	0.3320	0.4296
16hq01	2	25	0	0	1.0000	0.0000	-1.0000	0.7832	NaN	NaN	NaN	414529.1843	414529.5349	0.0000	1.0000	0.1562	0.2521
16hq01	2	25	0	0	2.0000	0.0000	1.0000	NaN	11.7920	11.8253	15.0348	414530.2229	414530.5250	1.0000	1.0000	0.1895	0.3182
16hq01	2	26	0	0	1.0000	0.0000	1.0000	0.0359	NaN	NaN	NaN	414532.7130	414533.0667	1.0000	1.0000	1.3279	1.4729
16hq01	2	26	0	0	2.0000	0.0000	-1.0000	NaN	10.6220	-10.2424	14.9215	414534.9743	414535.2764	0.0000	1.0000	0.1904	0.2711
16hq01	2	27	0	0	1.0000	0.0000	1.0000	0.1743	NaN	NaN	NaN	414537.5921	414537.9457	1.0000	1.0000	0.3524	0.4649
16hq01	2	27	0	0	2.0000	0.0000	-1.0000	NaN	4.4218	-3.3581	15.3539	414538.8447	414539.1479	0.0000	1.0000	0.4148	0.5107
16hq01	2	28	0	0	1.0000	0.0000	-1.0000	0.4825	NaN	NaN	NaN	414541.9781	414542.3329	0.0000	1.0000	0.2070	0.2869
16hq01	2	28	0	0	2.0000	0.0000	1.0000	NaN	1.0262	0.5871	13.9513	414543.0575	414543.3597	0.0000	0.0000	1.2905	1.3882
16hq01	2	29	0	0	1.0000	0.0000	-1.0000	0.7610	NaN	NaN	NaN	414546.9205	414547.3408	0.0000	1.0000	0.1105	0.2064
16hq01	2	29	0	0	2.0000	0.0000	-1.0000	NaN	0.3506	-0.2244	14.3018	414547.9972	414548.3017	0.0000	1.0000	0.5250	0.6062
16hq01	2	30	0	0	1.0000	0.0000	1.0000	0.6824	NaN	NaN	NaN	414551.0055	414551.4244	1.0000	1.0000	0.1714	0.3145
16hq01	2	30	0	0	2.0000	0.0000	-1.0000	NaN	11.6238	-12.7034	14.5683	414552.1860	414552.4907	0.0000	1.0000	0.1595	0.2730
16hq01	2	31	0	0	1.0000	0.0000	-1.0000	0.2279	NaN	NaN	NaN	414554.8868	414555.3076	0.0000	1.0000	0.3026	0.4002
16hq01	2	31	0	0	2.0000	0.0000	-1.0000	NaN	1.4798	-1.4420	13.8861	414556.1535	414556.4580	0.0000	1.0000	0.8962	0.9940
16hq01	2	32	0	0	1.0000	0.0000	1.0000	0.4284	NaN	NaN	NaN	414559.3994	414559.8183	1.0000	1.0000	0.3368	0.4655
16hq01	2	32	0	0	2.0000	0.0000	1.0000	NaN	6.5641	5.3328	13.3682	414560.7283	414561.0343	1.0000	1.0000	0.3846	0.5135
16hq01	2	33	0	0	1.0000	0.0000	1.0000	0.0146	NaN	NaN	NaN	414563.8454	414564.2566	0.0000	0.0000	1.7061	1.7870
16hq01	2	33	0	0	2.0000	0.0000	-1.0000	NaN	0.5163	-1.6170	12.5645	414566.4863	414566.7908	0.0000	1.0000	0.3884	0.4851
16hq01	2	34	0	0	1.0000	0.0000	-1.0000	0.8828	NaN	NaN	NaN	414569.1411	414569.5276	0.0000	1.0000	0.1957	0.3082
16hq01	2	34	0	0	2.0000	0.0000	-1.0000	NaN	4.1998	-5.3539	14.7180	414570.2717	414570.5738	0.0000	1.0000	0.9411	1.0376
16hq01	2	35	0	0	1.0000	0.0000	1.0000	0.0064	NaN	NaN	NaN	414573.8558	414574.2106	1.0000	1.0000	0.8564	0.9851
16hq01	2	35	0	0	2.0000	0.0000	1.0000	NaN	7.2260	6.5985	14.5705	414575.6311	414575.9333	1.0000	1.0000	0.2049	0.3502
16hq01	2	36	0	0	1.0000	0.0000	-1.0000	0.1418	NaN	NaN	NaN	414578.1529	414578.5031	1.0000	0.0000	1.1391	1.2361
16hq01	2	36	0	0	2.0000	0.0000	1.0000	NaN	3.0901	4.9713	15.0249	414580.1740	414580.4760	0.0000	0.0000	0.5273	0.6237
16hq01	2	37	0	0	1.0000	0.0000	-1.0000	0.4876	NaN	NaN	NaN	414583.4135	414583.7656	0.0000	1.0000	0.4366	0.5334
16hq01	2	37	0	0	2.0000	0.0000	-1.0000	NaN	4.8217	-5.2794	15.4761	414584.7336	414585.0357	0.0000	1.0000	0.3519	0.4481
16hq01	2	38	0	0	1.0000	0.0000	-1.0000	0.6852	NaN	NaN	NaN	414587.6547	414588.0102	0.0000	1.0000	0.2900	0.3857
16hq01	2	38	0	0	2.0000	0.0000	-1.0000	NaN	1.2811	-1.7243	14.9735	414588.8306	414589.1328	0.0000	1.0000	0.4134	0.4943
16hq01	2	39	0	0	1.0000	0.0000	-1.0000	0.8610	NaN	NaN	NaN	414592.0763	414592.4886	0.0000	1.0000	0.2108	0.3071
16hq01	2	39	0	0	2.0000	0.0000	1.0000	NaN	10.5558	9.6483	14.7571	414593.2408	414593.5480	1.0000	1.0000	0.3342	0.4798
16hq01	2	40	0	0	1.0000	0.0000	-1.0000	0.6214	NaN	NaN	NaN	414596.4253	414596.8518	0.0000	1.0000	0.1675	0.2474
16hq01	2	40	0	0	2.0000	0.0000	1.0000	NaN	8.2706	9.4459	14.7751	414597.5444	414597.8495	1.0000	1.0000	0.2731	0.4171
16hq01	2	41	0	0	1.0000	0.0000	1.0000	0.3012	NaN	NaN	NaN	414600.2396	414600.6553	0.0000	0.0000	0.3317	0.4124
16hq01	2	41	0	0	2.0000	0.0000	1.0000	NaN	11.4027	11.0087	16.4064	414601.5168	414601.8216	1.0000	1.0000	0.1738	0.3338
16hq01	2	42	0	0	1.0000	0.0000	-1.0000	0.8104	NaN	NaN	NaN	414604.1237	414604.5513	0.0000	1.0000	0.1647	0.2445
16hq01	2	42	0	0	2.0000	0.0000	1.0000	NaN	7.4647	6.5919	11.7430	414605.2426	414605.5490	1.0000	1.0000	1.0058	1.1190
16hq01	2	43	0	0	1.0000	0.0000	1.0000	0.1850	NaN	NaN	NaN	414608.7911	414609.2157	1.0000	1.0000	1.4361	1.5798
16hq01	2	43	0	0	2.0000	0.0000	1.0000	NaN	2.7111	3.1999	14.0496	414611.2409	414611.5480	1.0000	1.0000	1.1189	1.2467
16hq01	2	44	0	0	1.0000	0.0000	-1.0000	0.5394	NaN	NaN	NaN	414614.8673	414615.2514	0.0000	1.0000	0.1994	0.2800
16hq01	2	44	0	0	2.0000	0.0000	1.0000	NaN	0.9103	1.9163	13.3902	414615.9661	414616.2682	1.0000	1.0000	1.9500	2.0798
16hq01	2	45	0	0	1.0000	0.0000	-1.0000	0.2230	NaN	NaN	NaN	414620.2176	414620.5678	0.0000	1.0000	0.4984	0.5798
16hq01	2	45	0	0	2.0000	0.0000	-1.0000	NaN	4.2379	-2.3026	14.4781	414621.5817	414621.8838	0.0000	1.0000	0.9431	1.0242
16hq01	2	46	0	0	1.0000	0.0000	-1.0000	0.3341	NaN	NaN	NaN	414625.0286	414625.3802	1.0000	0.0000	0.8543	0.9678
16hq01	2	46	0	0	2.0000	0.0000	-1.0000	NaN	9.9699	-10.8499	15.6582	414626.7836	414627.0857	0.0000	1.0000	0.2365	0.3661
16hq01	2	47	0	0	1.0000	0.0000	-1.0000	0.0916	NaN	NaN	NaN	414629.6920	414630.0453	0.0000	1.0000	1.0216	1.1181
16hq01	2	47	0	0	2.0000	0.0000	-1.0000	NaN	1.5837	-1.6021	15.8789	414631.5981	414631.9001	0.0000	1.0000	0.3661	0.4478
16hq01	2	48	0	0	1.0000	0.0000	-1.0000	0.6167	NaN	NaN	NaN	414634.5938	414634.9464	0.0000	1.0000	0.3446	0.4254
16hq01	2	48	0	0	2.0000	0.0000	1.0000	NaN	8.7807	5.3195	16.0012	414635.8064	414636.1095	1.0000	1.0000	0.3012	0.4465
16hq01	2	49	0	0	1.0000	0.0000	1.0000	0.5222	NaN	NaN	NaN	414639.0021	414639.4196	1.0000	1.0000	0.4805	0.6082
16hq01	2	49	0	0	2.0000	0.0000	-1.0000	NaN	11.0063	-11.3381	15.3770	414640.4732	414640.7802	0.0000	1.0000	0.2547	0.3836
16hq01	2	50	0	0	1.0000	0.0000	1.0000	0.5114	NaN	NaN	NaN	414643.2113	414643.6321	1.0000	1.0000	0.2661	0.4118
16hq01	2	50	0	0	2.0000	0.0000	1.0000	NaN	11.9536	11.9579	14.5640	414644.4892	414644.7967	1.0000	1.0000	0.2227	0.3986
16hq01	3	1	0	0	1.0000	0.0000	1.0000	0.8253	NaN	NaN	NaN	414665.0813	414665.5016	1.0000	1.0000	0.2058	0.3343
16hq01	3	1	0	0	2.0000	0.0000	-1.0000	NaN	1.0132	-1.7688	15.8990	414666.2814	414666.5859	0.0000	1.0000	1.8254	1.9217
16hq01	3	2	0	0	1.0000	0.0000	1.0000	0.6357	NaN	NaN	NaN	414670.6308	414671.0513	1.0000	1.0000	0.2245	0.3205
16hq01	3	2	0	0	2.0000	0.0000	1.0000	NaN	2.2852	2.7799	15.5075	414671.8143	414672.1189	0.0000	0.0000	2.0679	2.1650
16hq01	3	3	0	0	1.0000	0.0000	-1.0000	0.4645	NaN	NaN	NaN	414676.7245	414677.1344	0.0000	1.0000	0.1078	0.2217
16hq01	3	3	0	0	2.0000	0.0000	1.0000	NaN	7.4887	7.2008	14.4436	414677.7989	414678.1033	1.0000	1.0000	0.3229	0.4208
16hq01	3	4	0	0	1.0000	0.0000	-1.0000	0.4181	NaN	NaN	NaN	414680.4467	414680.8675	0.0000	1.0000	0.1989	0.2961
16hq01	3	4	0	0	2.0000	0.0000	1.0000	NaN	6.3257	5.0132	13.6661	414681.6118	414681.9162	1.0000	1.0000	1.1829	1.2958
16hq01	3	5	0	0	1.0000	0.0000	-1.0000	0.7193	NaN	NaN	NaN	414685.0094	414685.4287	0.0000	1.0000	0.2136	0.3110
16hq01	3	5	0	0	2.0000	0.0000	1.0000	NaN	9.0447	9.8625	15.0617	414686.1818	414686.4862	1.0000	1.0000	0.3570	0.4538
16hq01	3	6	0	0	1.0000	0.0000	1.0000	0.2416	NaN	NaN	NaN	414689.1877	414689.6005	1.0000	1.0000	0.2996	0.4112
16hq01	3	6	0	0	2.0000	0.0000	1.0000	NaN	9.7714	9.3067	15.3415	414690.4557	414690.7613	1.0000	1.0000	0.2410	0.3388
16hq01	3	7	0	0	1.0000	0.0000	-1.0000	0.0566	NaN	NaN	NaN	414693.3741	414693.7951	1.0000	0.0000	1.4792	1.5922
16hq01	3	7	0	0	2.0000	0.0000	1.0000	NaN	8.1837	9.0087	15.0917	414695.8299	414696.1344	1.0000	1.0000	0.3399	0.4697
16hq01	3	8	0	0	1.0000	0.0000	1.0000	0.7652	NaN	NaN	NaN	414698.6196	414699.0333	1.0000	1.0000	0.2741	0.3861
16hq01	3	8	0	0	2.0000	0.0000	1.0000	NaN	6.9207	8.5139	15.8197	414699.8630	414700.1675	1.0000	1.0000	0.2912	0.4204
16hq01	3	9	0	0	1.0000	0.0000	1.0000	0.6757	NaN	NaN	NaN	414702.4626	414702.8597	1.0000	1.0000	0.2065	0.3515
16hq01	3	9	0	0	2.0000	0.0000	-1.0000	NaN	2.6610	-1.4291	14.3902	414703.6470	414703.9491	1.0000	0.0000	1.4868	1.6147
16hq01	3	10	0	0	1.0000	0.0000	-1.0000	0.0679	NaN	NaN	NaN	414707.6025	414708.0040	0.0000	1.0000	2.3435	2.4390
16hq01	3	10	0	0	2.0000	0.0000	-1.0000	NaN	6.2598	-7.5329	14.9626	414710.8771	414711.1792	0.0000	1.0000	0.3200	0.4480
16hq01	3	11	0	0	1.0000	0.0000	-1.0000	0.0113	NaN	NaN	NaN	414713.6230	414713.9758	1.0000	0.0000	3.8595	3.9721
16hq01	3	11	0	0	2.0000	0.0000	1.0000	NaN	4.0455	3.7550	14.4589	414718.3826	414718.6848	1.0000	1.0000	0.2855	0.3985
16hq01	3	12	0	0	1.0000	0.0000	-1.0000	0.7075	NaN	NaN	NaN	414721.1710	414721.5237	0.0000	1.0000	0.2636	0.3432
16hq01	3	12	0	0	2.0000	0.0000	1.0000	NaN	2.2675	3.1692	14.7067	414722.3016	414722.6041	1.0000	1.0000	0.5112	0.6237
16hq01	3	13	0	0	1.0000	0.0000	1.0000	0.7199	NaN	NaN	NaN	414725.3737	414725.7252	1.0000	1.0000	0.4130	0.5108
16hq01	3	13	0	0	2.0000	0.0000	-1.0000	NaN	8.9176	-8.5566	14.9779	414726.6718	414726.9740	0.0000	1.0000	0.3022	0.4140
16hq01	3	14	0	0	1.0000	0.0000	-1.0000	0.4654	NaN	NaN	NaN	414729.5325	414729.8864	0.0000	1.0000	0.5719	0.6535
16hq01	3	14	0	0	2.0000	0.0000	1.0000	NaN	2.0151	1.5024	15.3893	414730.9746	414731.2767	0.0000	0.0000	2.2541	2.3512
16hq01	3	15	0	0	1.0000	0.0000	1.0000	0.7554	NaN	NaN	NaN	414735.7900	414736.1414	1.0000	1.0000	0.2529	0.3505
16hq01	3	15	0	0	2.0000	0.0000	1.0000	NaN	2.2425	2.1437	15.5386	414736.9259	414737.2281	1.0000	1.0000	0.3834	0.4959
16hq01	3	16	0	0	1.0000	0.0000	1.0000	0.3757	NaN	NaN	NaN	414740.1684	414740.5231	1.0000	1.0000	0.3363	0.4169
16hq01	3	16	0	0	2.0000	0.0000	-1.0000	NaN	4.4092	-4.9210	16.8045	414741.3745	414741.6767	0.0000	1.0000	0.4296	0.5274
16hq01	3	17	0	0	1.0000	0.0000	-1.0000	0.5686	NaN	NaN	NaN	414744.4986	414744.8522	0.0000	1.0000	0.4077	0.4878
16hq01	3	17	0	0	2.0000	0.0000	-1.0000	NaN	5.6511	-8.1875	14.6960	414745.7746	414746.0768	0.0000	1.0000	0.2870	0.3985
16hq01	3	18	0	0	1.0000	0.0000	1.0000	0.1879	NaN	NaN	NaN	414748.3210	414748.6741	1.0000	1.0000	0.6336	0.7447
16hq01	3	18	0	0	2.0000	0.0000	-1.0000	NaN	0.3665	-0.7366	14.7433	414749.8550	414750.1571	0.0000	1.0000	1.0540	1.1347
16hq01	3	19	0	0	1.0000	0.0000	-1.0000	0.4017	NaN	NaN	NaN	414753.5891	414754.0010	0.0000	1.0000	0.3306	0.4110
16hq01	3	19	0	0	2.0000	0.0000	-1.0000	NaN	6.5745	-6.2071	14.9612	414754.8578	414755.1620	0.0000	1.0000	1.7130	1.8098
16hq01	3	20	0	0	1.0000	0.0000	-1.0000	0.4474	NaN	NaN	NaN	414759.1459	414759.5277	0.0000	1.0000	0.2746	0.3561
16hq01	3	20	0	0	2.0000	0.0000	-1.0000	NaN	2.7659	-2.8220	14.5567	414760.3177	414760.6211	0.0000	1.0000	0.7656	0.8625
16hq01	3	21	0	0	1.0000	0.0000	-1.0000	0.9118	NaN	NaN	NaN	414763.8781	414764.2345	0.0000	1.0000	0.2081	0.3209
16hq01	3	21	0	0	2.0000	0.0000	-1.0000	NaN	4.0846	-4.4106	13.1481	414764.9901	414765.2922	0.0000	1.0000	0.5422	0.6228
16hq01	3	22	0	0	1.0000	0.0000	-1.0000	0.1814	NaN	NaN	NaN	414768.1594	414768.5104	0.0000	1.0000	0.7496	0.8135
16hq01	3	22	0	0	2.0000	0.0000	1.0000	NaN	5.1390	4.0106	13.9722	414769.7591	414770.0612	1.0000	1.0000	0.5257	0.6385
16hq01	3	23	0	0	1.0000	0.0000	-1.0000	0.3538	NaN	NaN	NaN	414772.7208	414773.0729	0.0000	1.0000	0.2977	0.3789
16hq01	3	23	0	0	2.0000	0.0000	1.0000	NaN	2.3774	2.4764	13.8301	414773.8880	414774.1900	1.0000	1.0000	0.8609	0.9578
16hq01	3	24	0	0	1.0000	0.0000	-1.0000	0.5195	NaN	NaN	NaN	414777.0673	414777.4214	0.0000	1.0000	0.2064	0.2866
16hq01	3	24	0	0	2.0000	0.0000	1.0000	NaN	11.4901	10.3122	14.4440	414778.1440	414778.4461	1.0000	1.0000	0.3002	0.4138
16hq01	3	25	0	0	1.0000	0.0000	-1.0000	0.4205	NaN	NaN	NaN	414781.1295	414781.4837	0.0000	1.0000	0.2878	0.3361
16hq01	3	25	0	0	2.0000	0.0000	-1.0000	NaN	1.2798	-0.7974	15.2737	414782.2544	414782.5565	1.0000	0.0000	0.7184	0.8470
16hq01	3	26	0	0	1.0000	0.0000	-1.0000	0.2163	NaN	NaN	NaN	414785.5382	414785.8890	0.0000	1.0000	0.3298	0.3938
16hq01	3	26	0	0	2.0000	0.0000	1.0000	NaN	5.2284	6.4547	15.0801	414786.7180	414787.0201	1.0000	1.0000	0.3187	0.4155
16hq01	3	27	0	0	1.0000	0.0000	1.0000	0.4611	NaN	NaN	NaN	414789.3799	414789.7334	1.0000	1.0000	0.2934	0.4059
16hq01	3	27	0	0	2.0000	0.0000	-1.0000	NaN	9.6034	-10.9605	15.0406	414790.5746	414790.8767	0.0000	1.0000	0.1752	0.2703
16hq01	3	28	0	0	1.0000	0.0000	-1.0000	0.0654	NaN	NaN	NaN	414793.3667	414793.7206	0.0000	1.0000	2.2912	2.3554
16hq01	3	28	0	0	2.0000	0.0000	-1.0000	NaN	3.8352	-1.3757	14.9972	414796.5140	414796.8210	0.0000	1.0000	0.6133	0.6792
16hq01	3	29	0	0	1.0000	0.0000	1.0000	0.6632	NaN	NaN	NaN	414799.8224	414800.2455	1.0000	1.0000	0.2143	0.3100
16hq01	3	29	0	0	2.0000	0.0000	-1.0000	NaN	7.9983	-7.8549	13.5608	414801.0011	414801.3062	0.0000	1.0000	0.2098	0.2891
16hq01	3	30	0	0	1.0000	0.0000	1.0000	0.0500	NaN	NaN	NaN	414803.6683	414804.0953	0.0000	0.0000	2.5230	2.6210
16hq01	3	30	0	0	2.0000	0.0000	-1.0000	NaN	8.8543	-10.4960	13.9245	414807.1593	414807.4642	0.0000	1.0000	0.3226	0.4189
16hq01	3	31	0	0	1.0000	0.0000	1.0000	0.0574	NaN	NaN	NaN	414810.1544	414810.5531	0.0000	0.0000	3.2172	3.3151
16hq01	3	31	0	0	2.0000	0.0000	1.0000	NaN	4.7911	5.6151	15.1359	414814.3029	414814.6050	1.0000	1.0000	0.2063	0.3191
16hq01	3	32	0	0	1.0000	0.0000	1.0000	0.6649	NaN	NaN	NaN	414817.2846	414817.6374	1.0000	1.0000	1.4289	1.5415
16hq01	3	32	0	0	2.0000	0.0000	-1.0000	NaN	7.6624	-7.2255	14.6211	414819.6143	414819.9176	0.0000	1.0000	0.1728	0.2707
16hq01	3	33	0	0	1.0000	0.0000	-1.0000	0.1383	NaN	NaN	NaN	414822.1836	414822.5372	1.0000	0.0000	1.7455	1.8259
16hq01	3	33	0	0	2.0000	0.0000	1.0000	NaN	1.6328	2.8776	15.7412	414824.7979	414825.1013	1.0000	1.0000	0.5578	0.6703
16hq01	3	34	0	0	1.0000	0.0000	-1.0000	0.8127	NaN	NaN	NaN	414828.1113	414828.4649	0.0000	1.0000	0.2821	0.3626
16hq01	3	34	0	0	2.0000	0.0000	-1.0000	NaN	7.7372	-7.6301	14.9141	414829.2622	414829.5644	0.0000	1.0000	0.6865	0.7826
16hq01	3	35	0	0	1.0000	0.0000	-1.0000	0.8651	NaN	NaN	NaN	414832.5428	414832.8981	0.0000	1.0000	0.3293	0.4260
16hq01	3	35	0	0	2.0000	0.0000	1.0000	NaN	2.1822	1.0828	15.6428	414833.7588	414834.0609	0.0000	0.0000	0.5738	0.6547
16hq01	3	36	0	0	1.0000	0.0000	1.0000	0.3272	NaN	NaN	NaN	414836.8804	414837.2350	1.0000	1.0000	1.1924	1.3049
16hq01	3	36	0	0	2.0000	0.0000	-1.0000	NaN	9.3662	-9.5274	15.7685	414838.9755	414839.2776	0.0000	1.0000	0.3017	0.4305
16hq01	3	37	0	0	1.0000	0.0000	1.0000	0.6938	NaN	NaN	NaN	414841.7526	414842.1029	1.0000	1.0000	0.6604	0.8054
16hq01	3	37	0	0	2.0000	0.0000	1.0000	NaN	5.8633	4.4441	15.7036	414843.3428	414843.6450	1.0000	1.0000	1.1989	1.3268
16hq01	3	38	0	0	1.0000	0.0000	-1.0000	0.3654	NaN	NaN	NaN	414847.2446	414847.6726	0.0000	1.0000	0.4017	0.4828
16hq01	3	38	0	0	2.0000	0.0000	1.0000	NaN	6.9958	6.3936	17.2002	414848.6046	414848.9094	1.0000	1.0000	0.5415	0.6539
16hq01	3	39	0	0	1.0000	0.0000	-1.0000	0.2280	NaN	NaN	NaN	414851.9613	414852.3891	0.0000	1.0000	1.5259	1.6386
16hq01	3	39	0	0	2.0000	0.0000	-1.0000	NaN	5.0072	-5.7694	14.1642	414854.4724	414854.7772	0.0000	1.0000	1.1709	1.2666
16hq01	3	40	0	0	1.0000	0.0000	1.0000	0.3267	NaN	NaN	NaN	414858.1918	414858.6088	1.0000	1.0000	0.5536	0.6512
16hq01	3	40	0	0	2.0000	0.0000	-1.0000	NaN	7.0088	-6.6344	14.3263	414859.7048	414860.0093	0.0000	1.0000	0.3051	0.4177
16hq01	3	41	0	0	1.0000	0.0000	1.0000	0.2774	NaN	NaN	NaN	414862.8022	414863.2202	1.0000	1.0000	0.5194	0.5840
16hq01	3	41	0	0	2.0000	0.0000	-1.0000	NaN	5.1798	-4.1611	17.2471	414864.2524	414864.5569	0.0000	1.0000	0.2855	0.3985
16hq01	3	42	0	0	1.0000	0.0000	1.0000	0.7170	NaN	NaN	NaN	414866.9782	414867.3917	1.0000	1.0000	0.2667	0.3803
16hq01	3	42	0	0	2.0000	0.0000	-1.0000	NaN	3.3123	-4.0550	14.5438	414868.2192	414868.5236	0.0000	1.0000	0.4639	0.5603
16hq01	3	43	0	0	1.0000	0.0000	-1.0000	0.8702	NaN	NaN	NaN	414871.0844	414871.4950	0.0000	1.0000	0.1813	0.2767
16hq01	3	43	0	0	2.0000	0.0000	1.0000	NaN	0.0138	0.3013	13.5991	414872.2209	414872.5249	0.0000	0.0000	0.7193	0.7991
16hq01	3	44	0	0	1.0000	0.0000	-1.0000	0.8772	NaN	NaN	NaN	414875.5668	414875.9778	0.0000	1.0000	0.1772	0.2579
16hq01	3	44	0	0	2.0000	0.0000	1.0000	NaN	5.1625	5.9003	13.0847	414876.6786	414876.9851	1.0000	1.0000	0.2264	0.3383
16hq01	3	45	0	0	1.0000	0.0000	1.0000	0.3703	NaN	NaN	NaN	414879.3708	414879.7548	1.0000	1.0000	0.2247	0.3214
16hq01	3	45	0	0	2.0000	0.0000	-1.0000	NaN	2.9003	-3.3933	13.9708	414880.5109	414880.8146	0.0000	1.0000	0.3963	0.4763
16hq01	3	46	0	0	1.0000	0.0000	-1.0000	0.5043	NaN	NaN	NaN	414883.4853	414883.8355	0.0000	1.0000	0.2709	0.3524
16hq01	3	46	0	0	2.0000	0.0000	-1.0000	NaN	9.3500	-8.1829	15.4998	414884.6235	414884.9256	0.0000	1.0000	0.3008	0.4145
16hq01	3	47	0	0	1.0000	0.0000	-1.0000	0.1216	NaN	NaN	NaN	414887.4847	414887.8354	0.0000	1.0000	0.7194	0.7994
16hq01	3	47	0	0	2.0000	0.0000	-1.0000	NaN	11.9890	-13.3234	15.2103	414889.0705	414889.3726	0.0000	1.0000	0.1906	0.3034
16hq01	3	48	0	0	1.0000	0.0000	-1.0000	0.8596	NaN	NaN	NaN	414892.1260	414892.5398	0.0000	1.0000	0.2071	0.2884
16hq01	3	48	0	0	2.0000	0.0000	-1.0000	NaN	11.7570	-12.6283	15.6860	414893.2701	414893.5743	0.0000	1.0000	0.1978	0.3097
16hq01	3	49	0	0	1.0000	0.0000	-1.0000	0.2759	NaN	NaN	NaN	414895.7342	414896.1530	0.0000	1.0000	0.1464	0.2268
16hq01	3	49	0	0	2.0000	0.0000	1.0000	NaN	7.4051	7.4761	16.0581	414896.8218	414897.1263	1.0000	1.0000	0.2281	0.3417
16hq01	3	50	0	0	1.0000	0.0000	1.0000	0.7412	NaN	NaN	NaN	414899.9905	414900.4067	1.0000	1.0000	0.1963	0.3249
16hq01	3	50	0	0	2.0000	0.0000	-1.0000	NaN	0.9735	-0.1577	15.7896	414901.1771	414901.4840	1.0000	0.0000	0.3344	0.4481
