28hb02	1	1	0	1	1.0000	1.0000	-1.0000	NaN	3.2419	-4.9059	15.3150	1262981.7747	1262982.0774	0.0000	1.0000	0.2917
28hb02	1	1	0	1	2.0000	1.0000	1.0000	0.8706	NaN	NaN	NaN	1262982.9213	1262983.2763	1.0000	1.0000	0.1808
28hb02	1	2	0	1	1.0000	1.0000	1.0000	NaN	6.6023	6.4467	15.2983	1262985.7637	1262986.0659	1.0000	1.0000	0.2073
28hb02	1	2	0	1	2.0000	1.0000	-1.0000	0.6806	NaN	NaN	NaN	1262986.8571	1262987.2138	0.0000	1.0000	0.1636
28hb02	1	3	0	1	1.0000	1.0000	-1.0000	NaN	3.3259	-2.8566	14.1282	1262989.8800	1262990.1837	0.0000	1.0000	0.4570
28hb02	1	3	0	1	2.0000	1.0000	-1.0000	0.2261	NaN	NaN	NaN	1262991.1626	1262991.5701	1.0000	0.0000	0.4631
28hb02	1	4	0	1	1.0000	1.0000	-1.0000	NaN	2.8134	-3.8845	14.0996	1262994.0549	1262994.3587	0.0000	1.0000	0.1212
28hb02	1	4	0	1	2.0000	1.0000	-1.0000	0.7645	NaN	NaN	NaN	1262995.0034	1262995.4191	0.0000	1.0000	0.2288
28hb02	1	5	0	1	1.0000	1.0000	-1.0000	NaN	6.0261	-4.5788	15.3431	1262997.8327	1262998.1365	0.0000	1.0000	0.1688
28hb02	1	5	0	1	2.0000	1.0000	1.0000	0.3669	NaN	NaN	NaN	1262998.8433	1262999.2531	1.0000	1.0000	0.1874
28hb02	1	6	0	1	1.0000	1.0000	-1.0000	NaN	0.8377	-1.9551	14.4168	1263001.5982	1263001.9021	0.0000	1.0000	0.1790
28hb02	1	6	0	1	2.0000	1.0000	-1.0000	0.7966	NaN	NaN	NaN	1263002.5875	1263002.9808	1.0000	0.0000	0.3166
28hb02	1	7	0	1	1.0000	1.0000	-1.0000	NaN	6.5258	-4.9901	14.7373	1263005.7731	1263006.0754	0.0000	1.0000	0.1817
28hb02	1	7	0	1	2.0000	1.0000	1.0000	0.9376	NaN	NaN	NaN	1263006.7931	1263007.1473	1.0000	1.0000	0.2446
28hb02	1	8	0	1	1.0000	1.0000	-1.0000	NaN	3.8008	-5.2372	15.1337	1263009.5896	1263009.8919	0.0000	1.0000	0.3164
28hb02	1	8	0	1	2.0000	1.0000	-1.0000	0.5870	NaN	NaN	NaN	1263010.7145	1263011.0655	0.0000	1.0000	0.4075
28hb02	1	9	0	1	1.0000	1.0000	1.0000	NaN	1.7850	1.5929	14.8126	1263013.5367	1263013.8389	1.0000	1.0000	0.2730
28hb02	1	9	0	1	2.0000	1.0000	1.0000	0.0946	NaN	NaN	NaN	1263014.6980	1263015.0487	0.0000	0.0000	0.3446
28hb02	1	10	0	1	1.0000	1.0000	1.0000	NaN	5.2526	7.4826	13.3131	1263017.6746	1263017.9778	1.0000	1.0000	0.1670
28hb02	1	10	0	1	2.0000	1.0000	1.0000	0.4397	NaN	NaN	NaN	1263018.7137	1263019.0651	1.0000	1.0000	0.1027
28hb02	1	11	0	1	1.0000	1.0000	1.0000	NaN	8.2994	11.3091	16.2958	1263021.2325	1263021.5346	1.0000	1.0000	0.2424
28hb02	1	11	0	1	2.0000	1.0000	-1.0000	0.2142	NaN	NaN	NaN	1263022.3450	1263022.6966	0.0000	1.0000	0.2473
28hb02	1	12	0	1	1.0000	1.0000	-1.0000	NaN	0.2279	-0.1748	13.6596	1263025.1279	1263025.4300	1.0000	0.0000	0.3778
28hb02	1	12	0	1	2.0000	1.0000	-1.0000	0.0266	NaN	NaN	NaN	1263026.3767	1263026.7296	0.0000	1.0000	0.3906
28hb02	1	13	0	1	1.0000	1.0000	-1.0000	NaN	8.3212	-8.5480	13.7640	1263029.6431	1263029.9453	0.0000	1.0000	0.2626
28hb02	1	13	0	1	2.0000	1.0000	1.0000	0.6434	NaN	NaN	NaN	1263030.7614	1263031.1128	1.0000	1.0000	0.1998
28hb02	1	14	0	1	1.0000	1.0000	-1.0000	NaN	7.1929	-7.8668	14.9409	1263033.5077	1263033.8102	0.0000	1.0000	0.4626
28hb02	1	14	0	1	2.0000	1.0000	-1.0000	0.4046	NaN	NaN	NaN	1263034.8573	1263035.2114	1.0000	0.0000	0.1816
28hb02	1	15	0	1	1.0000	1.0000	-1.0000	NaN	3.5616	-3.1398	14.6979	1263037.9080	1263038.2129	0.0000	1.0000	0.2202
28hb02	1	15	0	1	2.0000	1.0000	-1.0000	0.4026	NaN	NaN	NaN	1263038.9875	1263039.3790	0.0000	1.0000	0.1416
28hb02	1	16	0	1	1.0000	1.0000	-1.0000	NaN	5.4496	-6.0750	14.5043	1263041.9442	1263042.2464	0.0000	1.0000	0.2345
28hb02	1	16	0	1	2.0000	1.0000	-1.0000	0.3183	NaN	NaN	NaN	1263043.0167	1263043.3736	1.0000	0.0000	0.4663
28hb02	1	17	0	1	1.0000	1.0000	1.0000	NaN	8.0539	9.0999	14.2134	1263046.4274	1263046.7296	0.0000	0.0000	0.0061
28hb02	1	17	0	1	2.0000	1.0000	1.0000	0.0115	NaN	NaN	NaN	1263047.1774	1263047.5286	0.0000	0.0000	0.2480
28hb02	1	18	0	1	1.0000	1.0000	-1.0000	NaN	7.8906	-7.7654	15.4724	1263049.9660	1263050.2681	0.0000	1.0000	0.1650
28hb02	1	18	0	1	2.0000	1.0000	-1.0000	0.1346	NaN	NaN	NaN	1263050.9691	1263051.3230	0.0000	1.0000	0.5491
28hb02	1	19	0	1	1.0000	1.0000	1.0000	NaN	4.2082	1.8440	16.2641	1263054.3313	1263054.6335	1.0000	1.0000	0.3433
28hb02	1	19	0	1	2.0000	1.0000	1.0000	0.8239	NaN	NaN	NaN	1263055.5134	1263055.8664	1.0000	1.0000	0.4709
28hb02	1	20	0	1	1.0000	1.0000	1.0000	NaN	3.6504	3.4512	15.3391	1263058.4431	1263058.7454	0.0000	0.0000	2.6150
28hb02	1	20	0	1	2.0000	1.0000	-1.0000	0.5712	NaN	NaN	NaN	1263061.8973	1263062.2487	0.0000	1.0000	0.5511
28hb02	1	21	0	1	1.0000	1.0000	1.0000	NaN	5.2677	5.0243	15.3786	1263065.1904	1263065.4926	1.0000	1.0000	0.2992
28hb02	1	21	0	1	2.0000	1.0000	-1.0000	0.0336	NaN	NaN	NaN	1263066.3623	1263066.7127	1.0000	0.0000	0.5522
28hb02	1	22	0	1	1.0000	1.0000	-1.0000	NaN	0.8276	-0.5308	15.1799	1263069.9979	1263070.3001	0.0000	1.0000	0.2917
28hb02	1	22	0	1	2.0000	1.0000	-1.0000	0.8217	NaN	NaN	NaN	1263071.1292	1263071.4792	0.0000	1.0000	0.4086
28hb02	1	23	0	1	1.0000	1.0000	-1.0000	NaN	2.8103	-2.8041	13.6042	1263074.1776	1263074.4797	0.0000	1.0000	0.3207
28hb02	1	23	0	1	2.0000	1.0000	1.0000	0.8264	NaN	NaN	NaN	1263075.3684	1263075.7217	1.0000	1.0000	0.3434
28hb02	1	24	0	1	1.0000	1.0000	-1.0000	NaN	4.4242	-4.4075	14.8431	1263078.3701	1263078.6728	0.0000	1.0000	0.3670
28hb02	1	24	0	1	2.0000	1.0000	1.0000	0.2731	NaN	NaN	NaN	1263079.6095	1263079.9603	1.0000	1.0000	0.5199
28hb02	1	25	0	1	1.0000	1.0000	1.0000	NaN	4.8105	2.2814	15.0833	1263083.0469	1263083.3506	1.0000	1.0000	0.5852
28hb02	1	25	0	1	2.0000	1.0000	1.0000	0.2619	NaN	NaN	NaN	1263084.5394	1263084.9487	1.0000	1.0000	0.3791
28hb02	1	26	0	1	1.0000	1.0000	1.0000	NaN	9.1645	10.0997	15.6173	1263087.3495	1263087.6531	1.0000	1.0000	0.3167
28hb02	1	26	0	1	2.0000	1.0000	1.0000	0.2585	NaN	NaN	NaN	1263088.5873	1263088.9765	0.0000	0.0000	0.6072
28hb02	1	27	0	1	1.0000	1.0000	-1.0000	NaN	3.8860	-3.7654	15.2930	1263091.5922	1263091.8944	0.0000	1.0000	0.2985
28hb02	1	27	0	1	2.0000	1.0000	1.0000	0.1142	NaN	NaN	NaN	1263092.7614	1263093.1115	1.0000	1.0000	0.2016
28hb02	1	28	0	1	1.0000	1.0000	1.0000	NaN	3.2579	0.4823	17.0583	1263095.2266	1263095.5287	1.0000	1.0000	0.2797
28hb02	1	28	0	1	2.0000	1.0000	-1.0000	0.4420	NaN	NaN	NaN	1263096.3945	1263096.7447	0.0000	1.0000	0.3444
28hb02	1	29	0	1	1.0000	1.0000	1.0000	NaN	2.2404	2.4529	13.5607	1263099.4441	1263099.7462	1.0000	1.0000	0.5261
28hb02	1	29	0	1	2.0000	1.0000	1.0000	0.7841	NaN	NaN	NaN	1263100.7777	1263101.1277	1.0000	1.0000	0.2481
28hb02	1	30	0	1	1.0000	1.0000	-1.0000	NaN	9.5911	-7.9666	14.6524	1263103.7138	1263104.0160	0.0000	1.0000	0.2885
28hb02	1	30	0	1	2.0000	1.0000	-1.0000	0.5874	NaN	NaN	NaN	1263104.8889	1263105.2423	0.0000	1.0000	0.4854
28hb02	1	31	0	1	1.0000	1.0000	1.0000	NaN	1.4502	0.9944	16.1826	1263108.0618	1263108.3639	0.0000	0.0000	0.3091
28hb02	1	31	0	1	2.0000	1.0000	1.0000	0.0555	NaN	NaN	NaN	1263109.1606	1263109.5105	1.0000	1.0000	0.4257
28hb02	1	32	0	1	1.0000	1.0000	-1.0000	NaN	11.9873	-12.6469	15.0203	1263112.0571	1263112.3593	0.0000	1.0000	0.1537
28hb02	1	32	0	1	2.0000	1.0000	1.0000	0.0345	NaN	NaN	NaN	1263113.0806	1263113.4367	0.0000	0.0000	0.7551
28hb02	1	33	0	1	1.0000	1.0000	-1.0000	NaN	11.2631	-12.0553	16.0733	1263116.5238	1263116.8260	0.0000	1.0000	0.1657
28hb02	1	33	0	1	2.0000	1.0000	-1.0000	0.3861	NaN	NaN	NaN	1263117.5130	1263117.8698	1.0000	0.0000	0.4031
28hb02	1	34	0	1	1.0000	1.0000	1.0000	NaN	9.3077	8.7468	15.4581	1263120.5733	1263120.8755	1.0000	1.0000	0.2762
28hb02	1	34	0	1	2.0000	1.0000	-1.0000	0.8040	NaN	NaN	NaN	1263121.7371	1263122.0903	0.0000	1.0000	0.1345
28hb02	1	35	0	1	1.0000	1.0000	1.0000	NaN	0.4076	0.4080	14.5435	1263124.3153	1263124.6176	0.0000	0.0000	0.2942
28hb02	1	35	0	1	2.0000	1.0000	-1.0000	0.4785	NaN	NaN	NaN	1263125.4330	1263125.7901	1.0000	0.0000	0.5456
28hb02	1	36	0	1	1.0000	1.0000	1.0000	NaN	8.8100	7.7103	14.5339	1263128.7426	1263129.0463	1.0000	1.0000	0.2826
28hb02	1	36	0	1	2.0000	1.0000	-1.0000	0.5786	NaN	NaN	NaN	1263130.0299	1263130.4453	0.0000	1.0000	0.3071
28hb02	1	37	0	1	1.0000	1.0000	-1.0000	NaN	3.6216	-3.0026	13.9804	1263133.0463	1263133.3501	0.0000	1.0000	0.3136
28hb02	1	37	0	1	2.0000	1.0000	-1.0000	0.1625	NaN	NaN	NaN	1263134.2034	1263134.6314	1.0000	0.0000	0.6803
28hb02	1	38	0	1	1.0000	1.0000	1.0000	NaN	2.2690	3.0299	15.7795	1263137.7252	1263138.0300	0.0000	0.0000	0.2737
28hb02	1	38	0	1	2.0000	1.0000	1.0000	0.9137	NaN	NaN	NaN	1263138.8791	1263139.2979	1.0000	1.0000	0.3512
28hb02	1	39	0	1	1.0000	1.0000	1.0000	NaN	1.2457	1.0392	16.5116	1263141.9773	1263142.2821	0.0000	0.0000	0.4069
28hb02	1	39	0	1	2.0000	1.0000	1.0000	0.1474	NaN	NaN	NaN	1263143.2134	1263143.6290	0.0000	0.0000	1.0747
28hb02	1	40	0	1	1.0000	1.0000	1.0000	NaN	10.7144	11.0730	13.6238	1263147.0749	1263147.3771	1.0000	1.0000	0.2226
28hb02	1	40	0	1	2.0000	1.0000	-1.0000	0.3728	NaN	NaN	NaN	1263148.1525	1263148.5069	0.0000	1.0000	0.4688
28hb02	1	41	0	1	1.0000	1.0000	1.0000	NaN	10.7863	10.8400	14.7741	1263150.9254	1263151.2276	1.0000	1.0000	0.2612
28hb02	1	41	0	1	2.0000	1.0000	-1.0000	0.5968	NaN	NaN	NaN	1263152.0580	1263152.4083	0.0000	1.0000	0.5034
28hb02	1	42	0	1	1.0000	1.0000	-1.0000	NaN	10.3188	-8.4918	15.4767	1263155.3187	1263155.6209	0.0000	1.0000	0.2839
28hb02	1	42	0	1	2.0000	1.0000	1.0000	0.6336	NaN	NaN	NaN	1263156.4580	1263156.8081	1.0000	1.0000	0.3279
28hb02	1	43	0	1	1.0000	1.0000	1.0000	NaN	5.7814	7.1380	15.3519	1263159.3567	1263159.6590	1.0000	1.0000	0.4379
28hb02	1	43	0	1	2.0000	1.0000	1.0000	0.5547	NaN	NaN	NaN	1263160.6487	1263161.0046	1.0000	1.0000	0.5475
28hb02	1	44	0	1	1.0000	1.0000	1.0000	NaN	6.9984	6.0922	14.5702	1263163.9591	1263164.2612	1.0000	1.0000	0.4265
28hb02	1	44	0	1	2.0000	1.0000	1.0000	0.3183	NaN	NaN	NaN	1263165.2740	1263165.6244	1.0000	1.0000	0.6324
28hb02	1	45	0	1	1.0000	1.0000	-1.0000	NaN	4.3645	-6.1333	15.4242	1263168.3703	1263168.6729	0.0000	1.0000	0.4483
28hb02	1	45	0	1	2.0000	1.0000	1.0000	0.2316	NaN	NaN	NaN	1263169.6250	1263169.9772	0.0000	0.0000	0.6950
28hb02	1	46	0	1	1.0000	1.0000	-1.0000	NaN	3.4982	-5.6184	16.3667	1263172.7732	1263173.0754	0.0000	1.0000	0.2216
28hb02	1	46	0	1	2.0000	1.0000	1.0000	0.4869	NaN	NaN	NaN	1263173.8489	1263174.2043	1.0000	1.0000	0.4366
28hb02	1	47	0	1	1.0000	1.0000	1.0000	NaN	10.9264	10.2941	14.9437	1263177.0255	1263177.3303	1.0000	1.0000	0.2854
28hb02	1	47	0	1	2.0000	1.0000	-1.0000	0.5042	NaN	NaN	NaN	1263178.2053	1263178.6040	0.0000	1.0000	0.2600
28hb02	1	48	0	1	1.0000	1.0000	1.0000	NaN	4.0444	5.5026	15.0829	1263180.9538	1263181.2559	1.0000	1.0000	0.2487
28hb02	1	48	0	1	2.0000	1.0000	1.0000	0.4279	NaN	NaN	NaN	1263182.0735	1263182.4233	1.0000	1.0000	0.3135
28hb02	1	49	0	1	1.0000	1.0000	-1.0000	NaN	6.3841	-5.6279	15.6211	1263185.0900	1263185.3920	0.0000	1.0000	0.4320
28hb02	1	49	0	1	2.0000	1.0000	-1.0000	0.1814	NaN	NaN	NaN	1263186.3286	1263186.6827	0.0000	1.0000	0.3409
28hb02	1	50	0	1	1.0000	1.0000	-1.0000	NaN	1.5276	-3.0259	15.4279	1263189.3054	1263189.6077	0.0000	1.0000	0.5215
28hb02	1	50	0	1	2.0000	1.0000	1.0000	0.2646	NaN	NaN	NaN	1263190.6806	1263191.0367	1.0000	1.0000	0.2923
28hb02	2	1	0	1	1.0000	1.0000	1.0000	NaN	6.4635	6.3108	15.5439	1263234.5450	1263234.8524	1.0000	1.0000	0.1882
28hb02	2	1	0	1	2.0000	1.0000	-1.0000	0.5977	NaN	NaN	NaN	1263235.5953	1263235.9804	0.0000	1.0000	0.2592
28hb02	2	2	0	1	1.0000	1.0000	-1.0000	NaN	11.1677	-12.5081	15.9843	1263238.6471	1263238.9499	0.0000	1.0000	0.1857
28hb02	2	2	0	1	2.0000	1.0000	1.0000	0.9258	NaN	NaN	NaN	1263239.6887	1263240.0401	1.0000	1.0000	0.0885
28hb02	2	3	0	1	1.0000	1.0000	1.0000	NaN	7.6452	7.8975	13.6487	1263241.9838	1263242.2859	1.0000	1.0000	0.1616
28hb02	2	3	0	1	2.0000	1.0000	1.0000	0.4750	NaN	NaN	NaN	1263243.0023	1263243.3535	0.0000	0.0000	0.1820
28hb02	2	4	0	1	1.0000	1.0000	1.0000	NaN	0.8563	0.4457	13.7967	1263245.5298	1263245.8328	0.0000	0.0000	0.2628
28hb02	2	4	0	1	2.0000	1.0000	1.0000	0.0082	NaN	NaN	NaN	1263246.6325	1263246.9852	1.0000	1.0000	0.3751
28hb02	2	5	0	1	1.0000	1.0000	-1.0000	NaN	8.0520	-8.5097	14.8343	1263249.3420	1263249.6441	0.0000	1.0000	0.2287
28hb02	2	5	0	1	2.0000	1.0000	-1.0000	0.8631	NaN	NaN	NaN	1263250.3600	1263250.7171	0.0000	1.0000	0.2265
28hb02	2	6	0	1	1.0000	1.0000	-1.0000	NaN	7.9810	-7.9289	14.4023	1263253.4425	1263253.7446	0.0000	1.0000	0.2070
28hb02	2	6	0	1	2.0000	1.0000	-1.0000	0.0555	NaN	NaN	NaN	1263254.4884	1263254.8391	1.0000	0.0000	0.5377
28hb02	2	7	0	1	1.0000	1.0000	1.0000	NaN	10.5992	10.8759	15.4622	1263257.8898	1263258.1920	1.0000	1.0000	0.2248
28hb02	2	7	0	1	2.0000	1.0000	-1.0000	0.1459	NaN	NaN	NaN	1263259.0004	1263259.3512	0.0000	1.0000	0.3924
28hb02	2	8	0	1	1.0000	1.0000	-1.0000	NaN	1.8515	-2.2471	15.6304	1263261.7356	1263262.0378	0.0000	1.0000	0.2343
28hb02	2	8	0	1	2.0000	1.0000	-1.0000	0.1715	NaN	NaN	NaN	1263262.8242	1263263.1788	0.0000	1.0000	0.5010
28hb02	2	9	0	1	1.0000	1.0000	-1.0000	NaN	8.4791	-7.9050	14.7455	1263265.5038	1263265.8060	0.0000	1.0000	0.2267
28hb02	2	9	0	1	2.0000	1.0000	1.0000	0.3974	NaN	NaN	NaN	1263266.5208	1263266.8722	1.0000	1.0000	0.2485
28hb02	2	10	0	1	1.0000	1.0000	-1.0000	NaN	0.0209	-1.0620	14.0098	1263269.4964	1263269.8011	0.0000	1.0000	0.5192
28hb02	2	10	0	1	2.0000	1.0000	1.0000	0.2681	NaN	NaN	NaN	1263270.7785	1263271.1893	1.0000	1.0000	0.1223
28hb02	2	11	0	1	1.0000	1.0000	1.0000	NaN	3.8477	4.5912	14.7947	1263273.5430	1263273.8499	1.0000	1.0000	0.1672
28hb02	2	11	0	1	2.0000	1.0000	-1.0000	0.0030	NaN	NaN	NaN	1263274.6053	1263275.0215	0.0000	1.0000	0.3861
28hb02	2	12	0	1	1.0000	1.0000	-1.0000	NaN	0.6221	-1.0507	15.4096	1263277.9058	1263278.2096	1.0000	0.0000	0.4306
28hb02	2	12	0	1	2.0000	1.0000	1.0000	0.4471	NaN	NaN	NaN	1263279.1953	1263279.6056	1.0000	1.0000	0.3620
28hb02	2	13	0	1	1.0000	1.0000	-1.0000	NaN	0.7182	-0.2288	15.4015	1263282.4378	1263282.7417	0.0000	1.0000	0.1859
28hb02	2	13	0	1	2.0000	1.0000	-1.0000	0.2330	NaN	NaN	NaN	1263283.4697	1263283.8909	0.0000	1.0000	0.1739
28hb02	2	14	0	1	1.0000	1.0000	-1.0000	NaN	10.7634	-11.3897	14.9930	1263286.1207	1263286.4251	0.0000	1.0000	0.3105
28hb02	2	14	0	1	2.0000	1.0000	1.0000	0.0533	NaN	NaN	NaN	1263287.3073	1263287.7232	1.0000	1.0000	0.3574
28hb02	2	15	0	1	1.0000	1.0000	-1.0000	NaN	1.6389	-2.4986	14.3804	1263290.2535	1263290.5555	0.0000	1.0000	0.3728
28hb02	2	15	0	1	2.0000	1.0000	-1.0000	0.1925	NaN	NaN	NaN	1263291.4962	1263291.8495	0.0000	1.0000	0.6627
28hb02	2	16	0	1	1.0000	1.0000	1.0000	NaN	6.8776	6.4894	14.8960	1263295.0871	1263295.3892	1.0000	1.0000	0.4031
28hb02	2	16	0	1	2.0000	1.0000	1.0000	0.0535	NaN	NaN	NaN	1263296.3926	1263296.7480	0.0000	0.0000	0.9315
28hb02	2	17	0	1	1.0000	1.0000	-1.0000	NaN	3.5535	-1.2186	14.2449	1263299.8052	1263300.1074	0.0000	1.0000	0.1973
28hb02	2	17	0	1	2.0000	1.0000	-1.0000	0.2845	NaN	NaN	NaN	1263300.8724	1263301.2268	0.0000	1.0000	0.3736
28hb02	2	18	0	1	1.0000	1.0000	-1.0000	NaN	10.0547	-9.6619	14.9232	1263303.6868	1263303.9889	0.0000	1.0000	0.2666
28hb02	2	18	0	1	2.0000	1.0000	-1.0000	0.6906	NaN	NaN	NaN	1263304.8402	1263305.1934	1.0000	0.0000	0.4226
28hb02	2	19	0	1	1.0000	1.0000	1.0000	NaN	7.8575	9.3300	15.3161	1263307.7467	1263308.0490	1.0000	1.0000	0.3517
28hb02	2	19	0	1	2.0000	1.0000	1.0000	0.3924	NaN	NaN	NaN	1263308.9530	1263309.3101	1.0000	1.0000	0.5784
28hb02	2	20	0	1	1.0000	1.0000	1.0000	NaN	0.6255	1.1516	15.2084	1263311.9684	1263312.2705	1.0000	1.0000	0.5450
28hb02	2	20	0	1	2.0000	1.0000	1.0000	0.0544	NaN	NaN	NaN	1263313.3839	1263313.7360	1.0000	1.0000	0.8726
28hb02	2	21	0	1	1.0000	1.0000	-1.0000	NaN	4.7477	-5.2511	14.5415	1263317.0514	1263317.3559	0.0000	1.0000	0.3411
28hb02	2	21	0	1	2.0000	1.0000	1.0000	0.0026	NaN	NaN	NaN	1263318.2541	1263318.6717	1.0000	1.0000	1.5844
28hb02	2	22	0	1	1.0000	1.0000	-1.0000	NaN	4.7840	-5.6230	14.4850	1263322.2785	1263322.5829	0.0000	1.0000	0.2171
28hb02	2	22	0	1	2.0000	1.0000	1.0000	0.0732	NaN	NaN	NaN	1263323.3554	1263323.7480	1.0000	1.0000	0.9890
28hb02	2	23	0	1	1.0000	1.0000	1.0000	NaN	5.4227	6.9354	15.2043	1263326.9401	1263327.2423	1.0000	1.0000	0.1985
28hb02	2	23	0	1	2.0000	1.0000	1.0000	0.3791	NaN	NaN	NaN	1263328.0243	1263328.3797	0.0000	0.0000	1.6851
28hb02	2	24	0	1	1.0000	1.0000	1.0000	NaN	5.2821	4.3361	14.8010	1263332.2052	1263332.5073	1.0000	1.0000	0.2282
28hb02	2	24	0	1	2.0000	1.0000	1.0000	0.3531	NaN	NaN	NaN	1263333.3360	1263333.6922	1.0000	1.0000	0.5153
28hb02	2	25	0	1	1.0000	1.0000	-1.0000	NaN	3.1225	-4.1822	13.1405	1263336.5460	1263336.8482	0.0000	1.0000	0.1593
28hb02	2	25	0	1	2.0000	1.0000	1.0000	0.8875	NaN	NaN	NaN	1263337.5285	1263337.8806	1.0000	1.0000	0.5205
28hb02	2	26	0	1	1.0000	1.0000	1.0000	NaN	2.7951	1.4793	14.6439	1263340.4957	1263340.7980	1.0000	1.0000	0.4664
28hb02	2	26	0	1	2.0000	1.0000	-1.0000	0.7424	NaN	NaN	NaN	1263341.8488	1263342.1988	0.0000	1.0000	0.6009
28hb02	2	27	0	1	1.0000	1.0000	1.0000	NaN	0.8164	0.7806	14.0308	1263345.0900	1263345.3929	0.0000	0.0000	0.4798
28hb02	2	27	0	1	2.0000	1.0000	1.0000	0.5761	NaN	NaN	NaN	1263346.4247	1263346.7789	1.0000	1.0000	0.3566
28hb02	2	28	0	1	1.0000	1.0000	-1.0000	NaN	1.0531	-0.6276	14.2660	1263349.6485	1263349.9507	0.0000	1.0000	0.4979
28hb02	2	28	0	1	2.0000	1.0000	-1.0000	0.2951	NaN	NaN	NaN	1263351.0009	1263351.3580	0.0000	1.0000	0.4015
28hb02	2	29	0	1	1.0000	1.0000	1.0000	NaN	4.6713	4.9675	14.4458	1263353.9161	1263354.2183	1.0000	1.0000	0.3412
28hb02	2	29	0	1	2.0000	1.0000	-1.0000	0.9240	NaN	NaN	NaN	1263355.2570	1263355.6118	0.0000	1.0000	0.5477
28hb02	2	30	0	1	1.0000	1.0000	1.0000	NaN	11.9339	12.1439	14.5813	1263358.7062	1263359.0094	1.0000	1.0000	0.3346
28hb02	2	30	0	1	2.0000	1.0000	-1.0000	0.6308	NaN	NaN	NaN	1263359.9763	1263360.3294	0.0000	1.0000	0.5034
28hb02	2	31	0	1	1.0000	1.0000	1.0000	NaN	0.8548	1.5239	14.9137	1263363.1996	1263363.5033	0.0000	0.0000	0.4161
28hb02	2	31	0	1	2.0000	1.0000	-1.0000	0.5021	NaN	NaN	NaN	1263364.4587	1263364.8679	0.0000	1.0000	0.6205
28hb02	2	32	0	1	1.0000	1.0000	-1.0000	NaN	5.6307	-6.0586	14.1197	1263367.8647	1263368.1685	0.0000	1.0000	0.3273
28hb02	2	32	0	1	2.0000	1.0000	1.0000	0.6531	NaN	NaN	NaN	1263369.0687	1263369.4862	1.0000	1.0000	0.4026
28hb02	2	33	0	1	1.0000	1.0000	-1.0000	NaN	2.0230	-0.9660	14.3198	1263371.9444	1263372.2492	0.0000	1.0000	1.0157
28hb02	2	33	0	1	2.0000	1.0000	-1.0000	0.8976	NaN	NaN	NaN	1263373.8204	1263374.2317	1.0000	0.0000	0.0717
28hb02	2	34	0	1	1.0000	1.0000	-1.0000	NaN	2.3688	-3.3880	14.5063	1263376.3444	1263376.6467	0.0000	1.0000	0.1531
28hb02	2	34	0	1	2.0000	1.0000	-1.0000	0.2113	NaN	NaN	NaN	1263377.3524	1263377.7065	1.0000	0.0000	0.6620
28hb02	2	35	0	1	1.0000	1.0000	-1.0000	NaN	8.4880	-8.5568	15.4652	1263380.7178	1263381.0201	0.0000	1.0000	0.1967
28hb02	2	35	0	1	2.0000	1.0000	-1.0000	0.7542	NaN	NaN	NaN	1263381.7687	1263382.1228	1.0000	0.0000	1.1415
28hb02	2	36	0	1	1.0000	1.0000	-1.0000	NaN	10.5459	-9.8869	15.6214	1263385.5808	1263385.8830	0.0000	1.0000	0.2125
28hb02	2	36	0	1	2.0000	1.0000	1.0000	0.7184	NaN	NaN	NaN	1263386.6806	1263387.0326	1.0000	1.0000	0.4554
28hb02	2	37	0	1	1.0000	1.0000	-1.0000	NaN	4.2953	-4.9974	13.6552	1263389.8683	1263390.1705	0.0000	1.0000	0.2936
28hb02	2	37	0	1	2.0000	1.0000	-1.0000	0.2113	NaN	NaN	NaN	1263391.0162	1263391.3723	0.0000	1.0000	1.6356
28hb02	2	38	0	1	1.0000	1.0000	-1.0000	NaN	5.9673	-6.8317	15.4857	1263394.9716	1263395.2752	0.0000	1.0000	0.3088
28hb02	2	38	0	1	2.0000	1.0000	1.0000	0.7522	NaN	NaN	NaN	1263396.1046	1263396.4597	1.0000	1.0000	0.5167
28hb02	2	39	0	1	1.0000	1.0000	-1.0000	NaN	5.9666	-7.7192	15.0538	1263399.1150	1263399.4173	0.0000	1.0000	0.3901
28hb02	2	39	0	1	2.0000	1.0000	1.0000	0.9178	NaN	NaN	NaN	1263400.3624	1263400.7125	1.0000	1.0000	0.4069
28hb02	2	40	0	1	1.0000	1.0000	1.0000	NaN	6.6237	6.1998	16.2469	1263403.2259	1263403.5282	1.0000	1.0000	0.8725
28hb02	2	40	0	1	2.0000	1.0000	-1.0000	0.0509	NaN	NaN	NaN	1263405.0164	1263405.3719	0.0000	1.0000	0.9158
28hb02	2	41	0	1	1.0000	1.0000	-1.0000	NaN	5.4431	-6.0605	14.3271	1263408.4475	1263408.7512	0.0000	1.0000	1.2963
28hb02	2	41	0	1	2.0000	1.0000	1.0000	0.6279	NaN	NaN	NaN	1263410.5708	1263410.9831	1.0000	1.0000	0.3603
28hb02	2	42	0	1	1.0000	1.0000	1.0000	NaN	2.9496	2.8585	15.3588	1263413.2977	1263413.6018	0.0000	0.0000	0.7176
28hb02	2	42	0	1	2.0000	1.0000	-1.0000	0.6987	NaN	NaN	NaN	1263414.8301	1263415.2505	0.0000	1.0000	0.3176
28hb02	2	43	0	1	1.0000	1.0000	-1.0000	NaN	11.7625	-11.7975	13.8361	1263417.6943	1263417.9991	0.0000	1.0000	0.2416
28hb02	2	43	0	1	2.0000	1.0000	-1.0000	0.0026	NaN	NaN	NaN	1263418.7982	1263419.2165	1.0000	0.0000	0.5110
28hb02	2	44	0	1	1.0000	1.0000	1.0000	NaN	3.1882	5.5688	14.9498	1263421.6438	1263421.9483	1.0000	1.0000	0.5639
28hb02	2	44	0	1	2.0000	1.0000	1.0000	0.8466	NaN	NaN	NaN	1263423.1156	1263423.5330	1.0000	1.0000	0.3870
28hb02	2	45	0	1	1.0000	1.0000	-1.0000	NaN	11.2458	-12.0629	15.7445	1263425.9990	1263426.3035	0.0000	1.0000	0.4319
28hb02	2	45	0	1	2.0000	1.0000	-1.0000	0.1295	NaN	NaN	NaN	1263427.2452	1263427.6660	0.0000	1.0000	0.6543
28hb02	2	46	0	1	1.0000	1.0000	1.0000	NaN	6.3194	5.0854	13.9998	1263430.6226	1263430.9269	1.0000	1.0000	0.2736
28hb02	2	46	0	1	2.0000	1.0000	-1.0000	0.5980	NaN	NaN	NaN	1263431.7874	1263432.1986	0.0000	1.0000	0.4251
28hb02	2	47	0	1	1.0000	1.0000	1.0000	NaN	7.5641	9.6061	15.3140	1263434.5138	1263434.8179	1.0000	1.0000	0.4467
28hb02	2	47	0	1	2.0000	1.0000	-1.0000	0.5086	NaN	NaN	NaN	1263435.8667	1263436.2818	1.0000	0.0000	9.1415
28hb02	2	48	0	1	1.0000	1.0000	-1.0000	NaN	6.9556	-10.7232	15.2657	1263447.9444	1263448.2485	0.0000	1.0000	0.4245
28hb02	2	48	0	1	2.0000	1.0000	1.0000	0.7951	NaN	NaN	NaN	1263449.2140	1263449.6315	1.0000	1.0000	0.4807
28hb02	2	49	0	1	1.0000	1.0000	1.0000	NaN	4.7634	2.3545	14.8766	1263452.1754	1263452.4796	1.0000	1.0000	2.1130
28hb02	2	49	0	1	2.0000	1.0000	-1.0000	0.8661	NaN	NaN	NaN	1263455.1470	1263455.5294	0.0000	1.0000	0.4713
28hb02	2	50	0	1	1.0000	1.0000	1.0000	NaN	1.8683	2.6084	15.7021	1263458.3173	1263458.6242	1.0000	1.0000	0.7831
28hb02	2	50	0	1	2.0000	1.0000	-1.0000	0.8960	NaN	NaN	NaN	1263459.9801	1263460.3976	0.0000	1.0000	0.2577
28hb02	3	1	0	1	1.0000	1.0000	1.0000	NaN	9.1688	8.6396	15.8070	1263525.7966	1263526.1038	1.0000	1.0000	0.3128
28hb02	3	1	0	1	2.0000	1.0000	1.0000	0.7212	NaN	NaN	NaN	1263526.9737	1263527.3943	1.0000	1.0000	0.3330
28hb02	3	2	0	1	1.0000	1.0000	1.0000	NaN	3.2821	2.6856	16.7037	1263529.9777	1263530.2830	1.0000	1.0000	0.2444
28hb02	3	2	0	1	2.0000	1.0000	1.0000	0.4082	NaN	NaN	NaN	1263531.1320	1263531.5441	1.0000	1.0000	0.2951
28hb02	3	3	0	1	1.0000	1.0000	-1.0000	NaN	8.5072	-7.4975	14.9291	1263534.5218	1263534.8263	0.0000	1.0000	0.2142
28hb02	3	3	0	1	2.0000	1.0000	-1.0000	0.6494	NaN	NaN	NaN	1263535.5951	1263536.0106	0.0000	1.0000	0.4211
28hb02	3	4	0	1	1.0000	1.0000	-1.0000	NaN	1.6659	-2.2214	16.2353	1263538.4218	1263538.7262	0.0000	1.0000	0.2016
28hb02	3	4	0	1	2.0000	1.0000	-1.0000	0.1945	NaN	NaN	NaN	1263539.4674	1263539.8729	1.0000	0.0000	0.7984
28hb02	3	5	0	1	1.0000	1.0000	-1.0000	NaN	8.8631	-5.5586	15.7027	1263542.5886	1263542.8907	0.0000	1.0000	0.1658
28hb02	3	5	0	1	2.0000	1.0000	1.0000	0.6391	NaN	NaN	NaN	1263543.5919	1263543.9482	1.0000	1.0000	0.3238
28hb02	3	6	0	1	1.0000	1.0000	-1.0000	NaN	8.6691	-10.2185	16.1719	1263546.6585	1263546.9607	0.0000	1.0000	0.2399
28hb02	3	6	0	1	2.0000	1.0000	1.0000	0.5712	NaN	NaN	NaN	1263547.7217	1263548.0717	1.0000	1.0000	0.2326
28hb02	3	7	0	1	1.0000	1.0000	-1.0000	NaN	10.8672	-9.8685	15.1906	1263550.4675	1263550.7697	0.0000	1.0000	0.2215
28hb02	3	7	0	1	2.0000	1.0000	1.0000	0.8166	NaN	NaN	NaN	1263551.5282	1263551.8851	1.0000	1.0000	0.2426
28hb02	3	8	0	1	1.0000	1.0000	-1.0000	NaN	11.3348	-11.9199	15.5059	1263554.6542	1263554.9564	0.0000	1.0000	0.2275
28hb02	3	8	0	1	2.0000	1.0000	-1.0000	0.7089	NaN	NaN	NaN	1263555.7539	1263556.1044	1.0000	0.0000	0.5351
28hb02	3	9	0	1	1.0000	1.0000	1.0000	NaN	7.1835	8.1578	14.4014	1263558.8507	1263559.1529	1.0000	1.0000	0.3989
28hb02	3	9	0	1	2.0000	1.0000	1.0000	0.4677	NaN	NaN	NaN	1263560.1372	1263560.4876	1.0000	1.0000	0.8716
28hb02	3	10	0	1	1.0000	1.0000	1.0000	NaN	3.8632	2.7185	15.3306	1263563.6811	1263563.9834	1.0000	1.0000	1.0564
28hb02	3	10	0	1	2.0000	1.0000	1.0000	0.0952	NaN	NaN	NaN	1263565.6235	1263565.9804	1.0000	1.0000	1.0748
28hb02	3	11	0	1	1.0000	1.0000	1.0000	NaN	2.5429	3.4030	15.0485	1263569.3929	1263569.6952	1.0000	1.0000	0.4165
28hb02	3	11	0	1	2.0000	1.0000	1.0000	0.0852	NaN	NaN	NaN	1263570.7124	1263571.0674	0.0000	0.0000	0.9158
28hb02	3	12	0	1	1.0000	1.0000	1.0000	NaN	2.2179	4.2325	14.5121	1263574.5792	1263574.8828	0.0000	0.0000	1.1485
28hb02	3	12	0	1	2.0000	1.0000	-1.0000	0.6051	NaN	NaN	NaN	1263576.5696	1263576.9201	1.0000	0.0000	1.0311
28hb02	3	13	0	1	1.0000	1.0000	1.0000	NaN	6.5181	5.4626	13.3789	1263580.1881	1263580.4903	1.0000	1.0000	0.3101
28hb02	3	13	0	1	2.0000	1.0000	1.0000	0.2117	NaN	NaN	NaN	1263581.3861	1263581.7369	0.0000	0.0000	0.7904
28hb02	3	14	0	1	1.0000	1.0000	1.0000	NaN	6.3989	5.9582	12.4884	1263584.5549	1263584.8586	1.0000	1.0000	0.3098
28hb02	3	14	0	1	2.0000	1.0000	-1.0000	0.1684	NaN	NaN	NaN	1263585.8050	1263586.2223	1.0000	0.0000	1.0415
28hb02	3	15	0	1	1.0000	1.0000	-1.0000	NaN	5.4706	-6.0815	15.9246	1263589.4203	1263589.7241	0.0000	1.0000	0.3232
28hb02	3	15	0	1	2.0000	1.0000	1.0000	0.8428	NaN	NaN	NaN	1263590.6382	1263591.0583	1.0000	1.0000	0.4614
28hb02	3	16	0	1	1.0000	1.0000	1.0000	NaN	8.8474	10.9463	14.5845	1263593.7011	1263594.0060	1.0000	1.0000	0.4097
28hb02	3	16	0	1	2.0000	1.0000	1.0000	0.4316	NaN	NaN	NaN	1263595.0216	1263595.4414	1.0000	1.0000	0.7502
28hb02	3	17	0	1	1.0000	1.0000	-1.0000	NaN	2.9734	-1.7652	14.2955	1263598.3663	1263598.6711	1.0000	0.0000	1.1525
28hb02	3	17	0	1	2.0000	1.0000	1.0000	0.6221	NaN	NaN	NaN	1263600.4283	1263600.8406	1.0000	1.0000	0.4076
28hb02	3	18	0	1	1.0000	1.0000	1.0000	NaN	10.5229	11.6940	15.2803	1263603.6919	1263603.9982	1.0000	1.0000	0.2582
28hb02	3	18	0	1	2.0000	1.0000	-1.0000	0.0394	NaN	NaN	NaN	1263604.8432	1263605.2571	0.0000	1.0000	1.3981
28hb02	3	19	0	1	1.0000	1.0000	1.0000	NaN	5.3639	5.7181	15.6966	1263608.8973	1263609.2017	1.0000	1.0000	0.3820
28hb02	3	19	0	1	2.0000	1.0000	1.0000	0.3912	NaN	NaN	NaN	1263610.1728	1263610.5902	1.0000	1.0000	0.4816
28hb02	3	20	0	1	1.0000	1.0000	1.0000	NaN	11.2403	11.9539	15.4505	1263613.3014	1263613.6058	1.0000	1.0000	0.2825
28hb02	3	20	0	1	2.0000	1.0000	1.0000	0.6383	NaN	NaN	NaN	1263614.4751	1263614.8899	1.0000	1.0000	0.4547
28hb02	3	21	0	1	1.0000	1.0000	-1.0000	NaN	5.4441	-4.5023	14.7356	1263617.9162	1263618.2206	0.0000	1.0000	0.3065
28hb02	3	21	0	1	2.0000	1.0000	1.0000	0.2260	NaN	NaN	NaN	1263619.1176	1263619.5340	1.0000	1.0000	0.6903
28hb02	3	22	0	1	1.0000	1.0000	-1.0000	NaN	3.2833	-6.5950	14.7832	1263622.7393	1263623.0435	0.0000	1.0000	0.2689
28hb02	3	22	0	1	2.0000	1.0000	1.0000	0.3720	NaN	NaN	NaN	1263623.9010	1263624.3100	1.0000	1.0000	0.5051
28hb02	3	23	0	1	1.0000	1.0000	-1.0000	NaN	10.6912	-10.4588	14.3569	1263627.2606	1263627.5665	0.0000	1.0000	0.3379
28hb02	3	23	0	1	2.0000	1.0000	1.0000	0.1744	NaN	NaN	NaN	1263628.4908	1263628.8772	1.0000	1.0000	0.8192
28hb02	3	24	0	1	1.0000	1.0000	-1.0000	NaN	9.9876	-10.8591	14.2326	1263631.9145	1263632.2187	0.0000	1.0000	0.5005
28hb02	3	24	0	1	2.0000	1.0000	1.0000	0.4151	NaN	NaN	NaN	1263633.2428	1263633.6551	1.0000	1.0000	0.4094
28hb02	3	25	0	1	1.0000	1.0000	-1.0000	NaN	11.8262	-11.0930	13.6654	1263636.2015	1263636.5063	0.0000	1.0000	0.3420
28hb02	3	25	0	1	2.0000	1.0000	1.0000	0.1786	NaN	NaN	NaN	1263637.4380	1263637.8687	1.0000	1.0000	0.4184
28hb02	3	26	0	1	1.0000	1.0000	-1.0000	NaN	6.3099	-5.7955	15.6951	1263640.4913	1263640.7987	0.0000	1.0000	0.2736
28hb02	3	26	0	1	2.0000	1.0000	1.0000	0.9027	NaN	NaN	NaN	1263641.6113	1263642.0356	1.0000	1.0000	0.3803
28hb02	3	27	0	1	1.0000	1.0000	1.0000	NaN	7.3693	8.3277	15.0620	1263644.5365	1263644.8413	1.0000	1.0000	0.3272
28hb02	3	27	0	1	2.0000	1.0000	1.0000	0.7412	NaN	NaN	NaN	1263645.7399	1263646.1550	1.0000	1.0000	0.3561
28hb02	3	28	0	1	1.0000	1.0000	1.0000	NaN	1.5384	2.9003	14.6695	1263648.7409	1263649.0479	1.0000	1.0000	0.2644
28hb02	3	28	0	1	2.0000	1.0000	1.0000	0.4523	NaN	NaN	NaN	1263649.8859	1263650.3048	0.0000	0.0000	1.6150
28hb02	3	29	0	1	1.0000	1.0000	-1.0000	NaN	5.9406	-6.0413	12.9652	1263654.0558	1263654.3621	0.0000	1.0000	0.2290
28hb02	3	29	0	1	2.0000	1.0000	1.0000	0.4128	NaN	NaN	NaN	1263655.1643	1263655.5497	1.0000	1.0000	0.1299
28hb02	3	30	0	1	1.0000	1.0000	1.0000	NaN	6.1834	7.3215	15.7639	1263658.0073	1263658.3102	1.0000	1.0000	0.2661
28hb02	3	30	0	1	2.0000	1.0000	-1.0000	0.7087	NaN	NaN	NaN	1263659.1921	1263659.5463	0.0000	1.0000	0.4373
28hb02	3	31	0	1	1.0000	1.0000	-1.0000	NaN	6.0480	-7.7947	16.7188	1263662.5468	1263662.8489	0.0000	1.0000	0.2389
28hb02	3	31	0	1	2.0000	1.0000	-1.0000	0.1271	NaN	NaN	NaN	1263663.6564	1263664.0128	0.0000	1.0000	2.0663
28hb02	3	32	0	1	1.0000	1.0000	1.0000	NaN	10.7968	12.1037	16.1581	1263668.1614	1263668.4635	1.0000	1.0000	0.3369
28hb02	3	32	0	1	2.0000	1.0000	1.0000	0.3382	NaN	NaN	NaN	1263669.3844	1263669.7418	1.0000	1.0000	0.4499
28hb02	3	33	0	1	1.0000	1.0000	-1.0000	NaN	8.2450	-7.4690	14.2287	1263672.4972	1263672.7994	0.0000	1.0000	0.2729
28hb02	3	33	0	1	2.0000	1.0000	1.0000	0.4021	NaN	NaN	NaN	1263673.6245	1263673.9789	1.0000	1.0000	0.7568
28hb02	3	34	0	1	1.0000	1.0000	-1.0000	NaN	8.3585	-8.6235	14.6410	1263676.9970	1263677.3014	0.0000	1.0000	0.1709
28hb02	3	34	0	1	2.0000	1.0000	-1.0000	0.7793	NaN	NaN	NaN	1263678.0595	1263678.4655	0.0000	1.0000	1.1180
28hb02	3	35	0	1	1.0000	1.0000	-1.0000	NaN	7.1014	-7.9902	14.4288	1263681.9229	1263682.2260	0.0000	1.0000	0.3171
28hb02	3	35	0	1	2.0000	1.0000	-1.0000	0.0869	NaN	NaN	NaN	1263683.0967	1263683.4481	1.0000	0.0000	1.3358
28hb02	3	36	0	1	1.0000	1.0000	1.0000	NaN	9.9717	10.1824	14.1632	1263687.0615	1263687.3638	1.0000	1.0000	0.2521
28hb02	3	36	0	1	2.0000	1.0000	1.0000	0.8486	NaN	NaN	NaN	1263688.2163	1263688.5679	1.0000	1.0000	0.6476
28hb02	3	37	0	1	1.0000	1.0000	1.0000	NaN	7.0719	8.8766	15.7137	1263691.4028	1263691.7050	1.0000	1.0000	0.3272
28hb02	3	37	0	1	2.0000	1.0000	-1.0000	0.1354	NaN	NaN	NaN	1263692.6321	1263692.9837	0.0000	1.0000	3.0636
28hb02	3	38	0	1	1.0000	1.0000	-1.0000	NaN	6.7974	-7.4650	14.3905	1263698.5310	1263698.8331	0.0000	1.0000	0.2705
28hb02	3	38	0	1	2.0000	1.0000	-1.0000	0.3235	NaN	NaN	NaN	1263699.6722	1263700.0276	1.0000	0.0000	1.2995
28hb02	3	39	0	1	1.0000	1.0000	-1.0000	NaN	7.3142	-7.4972	15.3300	1263703.1677	1263703.4698	0.0000	1.0000	0.3053
28hb02	3	39	0	1	2.0000	1.0000	-1.0000	0.0444	NaN	NaN	NaN	1263704.3444	1263704.6953	0.0000	1.0000	2.1202
28hb02	3	40	0	1	1.0000	1.0000	-1.0000	NaN	7.1168	-7.2892	15.3120	1263709.4224	1263709.7259	0.0000	1.0000	0.3051
28hb02	3	40	0	1	2.0000	1.0000	-1.0000	0.6156	NaN	NaN	NaN	1263710.5844	1263710.9397	0.0000	1.0000	1.0279
28hb02	3	41	0	1	1.0000	1.0000	-1.0000	NaN	9.4637	-9.3772	14.5783	1263714.0258	1263714.3280	0.0000	1.0000	0.3111
28hb02	3	41	0	1	2.0000	1.0000	1.0000	0.4357	NaN	NaN	NaN	1263715.1614	1263715.5131	1.0000	1.0000	0.8866
28hb02	3	42	0	1	1.0000	1.0000	1.0000	NaN	0.1762	0.8953	16.4784	1263718.7401	1263719.0423	1.0000	1.0000	0.5888
28hb02	3	42	0	1	2.0000	1.0000	-1.0000	0.3208	NaN	NaN	NaN	1263720.1837	1263720.5393	0.0000	1.0000	0.5489
28hb02	3	43	0	1	1.0000	1.0000	-1.0000	NaN	1.3790	-1.6162	15.3135	1263723.2391	1263723.5448	1.0000	0.0000	0.7582
28hb02	3	43	0	1	2.0000	1.0000	1.0000	0.3005	NaN	NaN	NaN	1263724.8587	1263725.2662	1.0000	1.0000	0.7016
28hb02	3	44	0	1	1.0000	1.0000	-1.0000	NaN	3.6391	-3.4669	17.7693	1263728.1989	1263728.5026	0.0000	1.0000	0.1857
28hb02	3	44	0	1	2.0000	1.0000	1.0000	0.8705	NaN	NaN	NaN	1263729.2460	1263729.6679	1.0000	1.0000	0.2031
28hb02	3	45	0	1	1.0000	1.0000	1.0000	NaN	8.7272	7.2205	13.2663	1263732.0063	1263732.3118	1.0000	1.0000	0.2797
28hb02	3	45	0	1	2.0000	1.0000	-1.0000	0.8271	NaN	NaN	NaN	1263733.1336	1263733.5624	0.0000	1.0000	0.3090
28hb02	3	46	0	1	1.0000	1.0000	-1.0000	NaN	6.9431	-6.0222	15.5702	1263736.2547	1263736.5613	0.0000	1.0000	1.2790
28hb02	3	46	0	1	2.0000	1.0000	1.0000	0.7460	NaN	NaN	NaN	1263738.3818	1263738.7883	1.0000	1.0000	0.2508
28hb02	3	47	0	1	1.0000	1.0000	-1.0000	NaN	9.0250	-11.2440	15.3195	1263741.4541	1263741.7577	0.0000	1.0000	0.4019
28hb02	3	47	0	1	2.0000	1.0000	1.0000	0.3338	NaN	NaN	NaN	1263742.7127	1263743.0643	1.0000	1.0000	0.5356
28hb02	3	48	0	1	1.0000	1.0000	-1.0000	NaN	5.4666	-7.3767	14.8380	1263745.8387	1263746.1409	0.0000	1.0000	0.4181
28hb02	3	48	0	1	2.0000	1.0000	-1.0000	0.8987	NaN	NaN	NaN	1263747.0803	1263747.4312	0.0000	1.0000	0.3450
28hb02	3	49	0	1	1.0000	1.0000	-1.0000	NaN	5.9698	-5.4139	16.9485	1263750.0748	1263750.3770	1.0000	0.0000	0.9820
28hb02	3	49	0	1	2.0000	1.0000	-1.0000	0.1028	NaN	NaN	NaN	1263751.8799	1263752.2309	1.0000	0.0000	1.3366
28hb02	3	50	0	1	1.0000	1.0000	-1.0000	NaN	11.5666	-9.7374	14.1116	1263755.6321	1263755.9344	0.0000	1.0000	0.2418
28hb02	3	50	0	1	2.0000	1.0000	-1.0000	0.4711	NaN	NaN	NaN	1263756.7279	1263757.0808	0.0000	1.0000	0.7430
