22zz01	1	1	0	0	1.0000	0.0000	1.0000	0.1424	NaN	NaN	NaN	601587.6668	601588.0932	1.0000	1.0000	0.6573
22zz01	1	1	0	0	2.0000	0.0000	1.0000	NaN	7.9153	8.7594	13.0436	601589.2691	601589.5745	1.0000	1.0000	0.3594
22zz01	1	2	0	0	1.0000	0.0000	1.0000	0.9115	NaN	NaN	NaN	601592.2574	601592.6750	1.0000	1.0000	0.5546
22zz01	1	2	0	0	2.0000	0.0000	-1.0000	NaN	7.8689	-9.0268	14.6555	601593.7816	601594.0881	0.0000	1.0000	0.1974
22zz01	1	3	0	0	1.0000	0.0000	1.0000	0.8464	NaN	NaN	NaN	601596.6343	601597.0466	1.0000	1.0000	0.4382
22zz01	1	3	0	0	2.0000	0.0000	1.0000	NaN	4.0100	4.8304	16.3489	601598.0243	601598.3288	1.0000	1.0000	0.3572
22zz01	1	4	0	0	1.0000	0.0000	-1.0000	0.2128	NaN	NaN	NaN	601600.9091	601601.2935	1.0000	0.0000	0.6719
22zz01	1	4	0	0	2.0000	0.0000	-1.0000	NaN	8.0140	-8.6390	14.2456	601602.5237	601602.8257	0.0000	1.0000	0.2591
22zz01	1	5	0	0	1.0000	0.0000	1.0000	0.6121	NaN	NaN	NaN	601605.2554	601605.6061	1.0000	1.0000	0.4872
22zz01	1	5	0	0	2.0000	0.0000	1.0000	NaN	4.5433	4.3261	15.7913	601606.6369	601606.9391	0.0000	0.0000	0.1469
22zz01	1	6	0	0	1.0000	0.0000	1.0000	0.3089	NaN	NaN	NaN	601609.1565	601609.5076	1.0000	1.0000	0.1542
22zz01	1	6	0	0	2.0000	0.0000	-1.0000	NaN	1.2676	-1.3678	14.1630	601610.2211	601610.5233	0.0000	1.0000	0.2268
22zz01	1	7	0	0	1.0000	0.0000	1.0000	0.9113	NaN	NaN	NaN	601613.1697	601613.5709	1.0000	1.0000	0.3787
22zz01	1	7	0	0	2.0000	0.0000	-1.0000	NaN	6.5666	-6.3509	17.2002	601614.5235	601614.8255	0.0000	1.0000	0.2440
22zz01	1	8	0	0	1.0000	0.0000	-1.0000	0.2818	NaN	NaN	NaN	601617.0635	601617.4166	0.0000	1.0000	0.5488
22zz01	1	8	0	0	2.0000	0.0000	1.0000	NaN	3.8253	5.3982	13.5959	601618.4281	601618.7303	1.0000	1.0000	0.3396
22zz01	1	9	0	0	1.0000	0.0000	-1.0000	0.4244	NaN	NaN	NaN	601621.0222	601621.3734	0.0000	1.0000	0.4639
22zz01	1	9	0	0	2.0000	0.0000	-1.0000	NaN	3.6762	-2.2316	15.0298	601622.3316	601622.6345	0.0000	1.0000	0.2587
22zz01	1	10	0	0	1.0000	0.0000	1.0000	0.4852	NaN	NaN	NaN	601625.0776	601625.4331	1.0000	1.0000	0.3568
22zz01	1	10	0	0	2.0000	0.0000	-1.0000	NaN	9.8115	-10.6140	14.0132	601626.2829	601626.5859	0.0000	1.0000	0.1320
22zz01	1	11	0	0	1.0000	0.0000	1.0000	0.7399	NaN	NaN	NaN	601628.5458	601628.8995	1.0000	1.0000	0.2663
22zz01	1	11	0	0	2.0000	0.0000	1.0000	NaN	5.0814	5.9731	16.7477	601629.6771	601629.9792	1.0000	1.0000	0.4508
22zz01	1	12	0	0	1.0000	0.0000	1.0000	0.3508	NaN	NaN	NaN	601632.6374	601632.9880	1.0000	1.0000	0.4488
22zz01	1	12	0	0	2.0000	0.0000	-1.0000	NaN	1.3344	-1.6616	15.4277	601633.9635	601634.2656	0.0000	1.0000	0.0849
22zz01	1	13	0	0	1.0000	0.0000	1.0000	0.1574	NaN	NaN	NaN	601636.7112	601637.0658	1.0000	1.0000	0.5320
22zz01	1	13	0	0	2.0000	0.0000	1.0000	NaN	7.2238	9.9713	16.4436	601638.1564	601638.4586	1.0000	1.0000	0.2746
22zz01	1	14	0	0	1.0000	0.0000	-1.0000	0.2531	NaN	NaN	NaN	601641.1108	601641.4654	0.0000	1.0000	0.5154
22zz01	1	14	0	0	2.0000	0.0000	-1.0000	NaN	1.8439	-2.9081	14.4285	601642.4279	601642.7301	0.0000	1.0000	0.2907
22zz01	1	15	0	0	1.0000	0.0000	-1.0000	0.5652	NaN	NaN	NaN	601645.6068	601645.9579	0.0000	1.0000	0.4396
22zz01	1	15	0	0	2.0000	0.0000	1.0000	NaN	3.1465	4.9800	15.4144	601646.8919	601647.1940	1.0000	1.0000	0.5308
22zz01	1	16	0	0	1.0000	0.0000	1.0000	0.6604	NaN	NaN	NaN	601649.8110	601650.1649	1.0000	1.0000	0.2959
22zz01	1	16	0	0	2.0000	0.0000	1.0000	NaN	0.8159	2.7680	15.4826	601651.0040	601651.3061	1.0000	1.0000	0.3081
22zz01	1	17	0	0	1.0000	0.0000	-1.0000	0.3186	NaN	NaN	NaN	601653.7714	601654.1218	0.0000	1.0000	0.4515
22zz01	1	17	0	0	2.0000	0.0000	1.0000	NaN	8.1567	7.0169	14.7424	601655.0522	601655.3543	1.0000	1.0000	0.2276
22zz01	1	18	0	0	1.0000	0.0000	1.0000	0.0302	NaN	NaN	NaN	601657.8985	601658.3097	1.0000	1.0000	0.3591
22zz01	1	18	0	0	2.0000	0.0000	-1.0000	NaN	3.3231	-2.0317	14.7999	601659.1728	601659.4769	1.0000	0.0000	0.3613
22zz01	1	19	0	0	1.0000	0.0000	1.0000	0.2477	NaN	NaN	NaN	601661.6963	601662.1224	1.0000	1.0000	0.3864
22zz01	1	19	0	0	2.0000	0.0000	-1.0000	NaN	7.1323	-5.4640	16.0849	601663.0465	601663.3535	0.0000	1.0000	0.1485
22zz01	1	20	0	0	1.0000	0.0000	-1.0000	0.1146	NaN	NaN	NaN	601665.3491	601665.7607	1.0000	0.0000	0.5720
22zz01	1	20	0	0	2.0000	0.0000	1.0000	NaN	7.0741	7.9838	15.0542	601666.8757	601667.1779	1.0000	1.0000	0.1482
22zz01	1	21	0	0	1.0000	0.0000	-1.0000	0.8067	NaN	NaN	NaN	601669.3945	601669.7517	0.0000	1.0000	0.2943
22zz01	1	21	0	0	2.0000	0.0000	1.0000	NaN	11.2079	10.4992	15.2004	601670.5574	601670.8596	1.0000	1.0000	0.1144
22zz01	1	22	0	0	1.0000	0.0000	1.0000	0.2126	NaN	NaN	NaN	601673.3593	601673.7139	1.0000	1.0000	0.3309
22zz01	1	22	0	0	2.0000	0.0000	1.0000	NaN	9.0152	8.3275	16.0767	601674.5572	601674.8593	1.0000	1.0000	0.1467
22zz01	1	23	0	0	1.0000	0.0000	1.0000	0.6058	NaN	NaN	NaN	601677.0658	601677.4190	1.0000	1.0000	0.5301
22zz01	1	23	0	0	2.0000	0.0000	1.0000	NaN	11.4923	14.3992	14.7310	601678.4758	601678.7779	1.0000	1.0000	0.1640
22zz01	1	24	0	0	1.0000	0.0000	-1.0000	0.4168	NaN	NaN	NaN	601681.4512	601681.8021	0.0000	1.0000	0.3706
22zz01	1	24	0	0	2.0000	0.0000	-1.0000	NaN	4.5787	-1.9777	14.8352	601682.6674	601682.9696	0.0000	1.0000	0.2752
22zz01	1	25	0	0	1.0000	0.0000	-1.0000	0.1056	NaN	NaN	NaN	601685.4555	601685.8061	0.0000	1.0000	0.4791
22zz01	1	25	0	0	2.0000	0.0000	1.0000	NaN	3.0968	2.6385	15.5327	601686.7788	601687.0820	1.0000	1.0000	0.1319
22zz01	1	26	0	0	1.0000	0.0000	-1.0000	0.3714	NaN	NaN	NaN	601689.3008	601689.6517	0.0000	1.0000	0.4090
22zz01	1	26	0	0	2.0000	0.0000	-1.0000	NaN	9.9766	-10.9414	14.0304	601690.5731	601690.8752	0.0000	1.0000	0.2106
22zz01	1	27	0	0	1.0000	0.0000	-1.0000	0.4040	NaN	NaN	NaN	601693.5959	601693.9502	0.0000	1.0000	0.3521
22zz01	1	27	0	0	2.0000	0.0000	-1.0000	NaN	3.7526	-1.0006	15.3484	601694.8118	601695.1153	0.0000	1.0000	0.1468
22zz01	1	28	0	0	1.0000	0.0000	1.0000	0.1234	NaN	NaN	NaN	601697.2459	601697.5999	1.0000	1.0000	0.4132
22zz01	1	28	0	0	2.0000	0.0000	1.0000	NaN	6.8259	6.2037	14.6315	601698.5240	601698.8262	1.0000	1.0000	0.5312
22zz01	1	29	0	0	1.0000	0.0000	-1.0000	0.6660	NaN	NaN	NaN	601701.8995	601702.2511	0.0000	1.0000	0.3708
22zz01	1	29	0	0	2.0000	0.0000	1.0000	NaN	7.9961	9.5709	14.2232	601703.1163	601703.4184	1.0000	1.0000	0.1634
22zz01	1	30	0	0	1.0000	0.0000	1.0000	0.7369	NaN	NaN	NaN	601706.0573	601706.4509	1.0000	1.0000	0.3149
22zz01	1	30	0	0	2.0000	0.0000	1.0000	NaN	5.8415	6.1638	15.3905	601707.2912	601707.5933	1.0000	1.0000	0.3238
22zz01	1	31	0	0	1.0000	0.0000	-1.0000	0.7546	NaN	NaN	NaN	601710.1253	601710.4785	0.0000	1.0000	0.3350
22zz01	1	31	0	0	2.0000	0.0000	-1.0000	NaN	3.7346	-2.8005	14.3359	601711.3075	601711.6097	0.0000	1.0000	0.4830
22zz01	1	32	0	0	1.0000	0.0000	1.0000	0.4750	NaN	NaN	NaN	601713.9534	601714.3045	1.0000	1.0000	0.2362
22zz01	1	32	0	0	2.0000	0.0000	1.0000	NaN	5.7591	5.7203	15.2342	601715.0679	601715.3701	1.0000	1.0000	0.2426
22zz01	1	33	0	0	1.0000	0.0000	-1.0000	0.4233	NaN	NaN	NaN	601717.4905	601717.8448	1.0000	0.0000	0.2799
22zz01	1	33	0	0	2.0000	0.0000	1.0000	NaN	7.7558	6.1982	15.4151	601718.6366	601718.9387	0.0000	0.0000	0.1466
22zz01	1	34	0	0	1.0000	0.0000	1.0000	0.5507	NaN	NaN	NaN	601721.3837	601721.7352	1.0000	1.0000	0.2141
22zz01	1	34	0	0	2.0000	0.0000	1.0000	NaN	6.5983	6.7769	13.1640	601722.4758	601722.7781	1.0000	1.0000	0.2120
22zz01	1	35	0	0	1.0000	0.0000	1.0000	0.7401	NaN	NaN	NaN	601725.2318	601725.5832	1.0000	1.0000	0.5418
22zz01	1	35	0	0	2.0000	0.0000	-1.0000	NaN	8.5804	-9.8865	14.2871	601726.6512	601726.9534	0.0000	1.0000	0.2126
22zz01	1	36	0	0	1.0000	0.0000	-1.0000	0.8576	NaN	NaN	NaN	601729.2758	601729.6316	0.0000	1.0000	0.2384
22zz01	1	36	0	0	2.0000	0.0000	-1.0000	NaN	11.3374	-12.2253	15.1692	601730.3807	601730.6828	0.0000	1.0000	0.1946
22zz01	1	37	0	0	1.0000	0.0000	1.0000	0.1545	NaN	NaN	NaN	601732.8972	601733.2495	1.0000	1.0000	0.3792
22zz01	1	37	0	0	2.0000	0.0000	-1.0000	NaN	1.4280	-0.5323	16.0541	601734.1721	601734.4742	1.0000	0.0000	0.2265
22zz01	1	38	0	0	1.0000	0.0000	1.0000	0.0793	NaN	NaN	NaN	601737.1146	601737.4659	0.0000	0.0000	0.4361
22zz01	1	38	0	0	2.0000	0.0000	1.0000	NaN	1.5981	0.3604	14.4124	601738.4145	601738.7166	0.0000	0.0000	0.4801
22zz01	1	39	0	0	1.0000	0.0000	-1.0000	0.4807	NaN	NaN	NaN	601741.5477	601741.8991	0.0000	1.0000	0.3863
22zz01	1	39	0	0	2.0000	0.0000	-1.0000	NaN	8.3889	-7.4924	14.2154	601742.7948	601743.0970	0.0000	1.0000	0.1802
22zz01	1	40	0	0	1.0000	0.0000	-1.0000	0.4648	NaN	NaN	NaN	601745.4870	601745.8437	0.0000	1.0000	0.4740
22zz01	1	40	0	0	2.0000	0.0000	1.0000	NaN	4.0526	5.0217	17.0879	601746.8127	601747.1149	1.0000	1.0000	0.2751
22zz01	1	41	0	0	1.0000	0.0000	1.0000	0.6217	NaN	NaN	NaN	601749.6473	601749.9986	1.0000	1.0000	0.2701
22zz01	1	41	0	0	2.0000	0.0000	1.0000	NaN	4.8914	4.2457	13.9748	601750.7968	601751.0989	1.0000	1.0000	0.3058
22zz01	1	42	0	0	1.0000	0.0000	1.0000	0.1497	NaN	NaN	NaN	601753.7133	601754.1210	1.0000	1.0000	0.1964
22zz01	1	42	0	0	2.0000	0.0000	1.0000	NaN	11.6471	10.2006	15.4588	601754.8842	601755.1881	1.0000	1.0000	0.2818
22zz01	1	43	0	0	1.0000	0.0000	-1.0000	0.0310	NaN	NaN	NaN	601757.9711	601758.3649	1.0000	0.0000	0.3526
22zz01	1	43	0	0	2.0000	0.0000	1.0000	NaN	6.7344	7.4692	15.3253	601759.2755	601759.5790	1.0000	1.0000	0.3377
22zz01	1	44	0	0	1.0000	0.0000	1.0000	0.9243	NaN	NaN	NaN	601762.3186	601762.6686	1.0000	1.0000	0.2886
22zz01	1	44	0	0	2.0000	0.0000	-1.0000	NaN	7.7879	-5.5435	15.3024	601763.4672	601763.7693	0.0000	1.0000	0.1487
22zz01	1	45	0	0	1.0000	0.0000	-1.0000	0.0923	NaN	NaN	NaN	601766.3799	601766.7311	1.0000	0.0000	0.6896
22zz01	1	45	0	0	2.0000	0.0000	-1.0000	NaN	9.8815	-7.8555	14.6447	601767.9316	601768.2337	0.0000	1.0000	0.1009
22zz01	1	46	0	0	1.0000	0.0000	1.0000	0.7564	NaN	NaN	NaN	601770.5496	601770.8991	1.0000	1.0000	0.3466
22zz01	1	46	0	0	2.0000	0.0000	1.0000	NaN	1.1845	1.5234	14.9161	601771.7717	601772.0739	1.0000	1.0000	0.5001
22zz01	1	47	0	0	1.0000	0.0000	1.0000	0.0044	NaN	NaN	NaN	601774.7403	601775.0959	0.0000	0.0000	0.4054
22zz01	1	47	0	0	2.0000	0.0000	1.0000	NaN	9.2989	12.0254	15.8437	601775.9959	601776.2981	1.0000	1.0000	0.1786
22zz01	1	48	0	0	1.0000	0.0000	-1.0000	0.2279	NaN	NaN	NaN	601778.5272	601778.8805	1.0000	0.0000	1.8375
22zz01	1	48	0	0	2.0000	0.0000	1.0000	NaN	10.6381	9.0630	14.5858	601781.2453	601781.5475	1.0000	1.0000	0.3211
22zz01	1	49	0	0	1.0000	0.0000	1.0000	0.5577	NaN	NaN	NaN	601784.4416	601784.7954	1.0000	1.0000	0.3372
22zz01	1	49	0	0	2.0000	0.0000	1.0000	NaN	2.4929	2.2728	15.6909	601785.6585	601785.9611	0.0000	0.0000	0.2926
22zz01	1	50	0	0	1.0000	0.0000	1.0000	0.3969	NaN	NaN	NaN	601788.7927	601789.1466	1.0000	1.0000	0.3390
22zz01	1	50	0	0	2.0000	0.0000	-1.0000	NaN	11.7966	-12.8811	16.0767	601790.0119	601790.3140	0.0000	1.0000	0.1320
22zz01	2	1	0	0	1.0000	0.0000	-1.0000	0.9349	NaN	NaN	NaN	601796.2900	601796.6450	0.0000	1.0000	0.2968
22zz01	2	1	0	0	2.0000	0.0000	-1.0000	NaN	2.0060	-1.6102	14.5954	601797.4357	601797.7378	0.0000	1.0000	0.2108
22zz01	2	2	0	0	1.0000	0.0000	1.0000	0.5195	NaN	NaN	NaN	601800.2844	601800.6672	1.0000	1.0000	0.3224
22zz01	2	2	0	0	2.0000	0.0000	-1.0000	NaN	6.2536	-6.3757	14.1656	601801.4850	601801.7870	0.0000	1.0000	0.1629
22zz01	2	3	0	0	1.0000	0.0000	1.0000	0.6771	NaN	NaN	NaN	601804.1858	601804.5405	1.0000	1.0000	0.1614
22zz01	2	3	0	0	2.0000	0.0000	1.0000	NaN	6.0057	5.4359	15.4286	601805.1795	601805.4815	0.0000	0.0000	0.1153
22zz01	2	4	0	0	1.0000	0.0000	-1.0000	0.3225	NaN	NaN	NaN	601807.7659	601808.1163	0.0000	1.0000	0.2803
22zz01	2	4	0	0	2.0000	0.0000	-1.0000	NaN	11.4196	-12.1261	14.2243	601808.9068	601809.2099	0.0000	1.0000	0.1801
22zz01	2	5	0	0	1.0000	0.0000	1.0000	0.5062	NaN	NaN	NaN	601811.5655	601811.9162	1.0000	1.0000	0.2725
22zz01	2	5	0	0	2.0000	0.0000	-1.0000	NaN	4.2087	-5.2850	14.6715	601812.7007	601813.0028	0.0000	1.0000	0.0978
22zz01	2	6	0	0	1.0000	0.0000	-1.0000	0.1698	NaN	NaN	NaN	601814.9613	601815.3119	0.0000	1.0000	0.7486
22zz01	2	6	0	0	2.0000	0.0000	-1.0000	NaN	5.0746	-5.8151	15.0687	601816.5547	601816.8574	0.0000	1.0000	0.0843
22zz01	2	7	0	0	1.0000	0.0000	-1.0000	0.2469	NaN	NaN	NaN	601819.1920	601819.5451	1.0000	0.0000	0.5804
22zz01	2	7	0	0	2.0000	0.0000	-1.0000	NaN	9.6008	-9.1617	15.4859	601820.6518	601820.9539	0.0000	1.0000	0.1319
22zz01	2	8	0	0	1.0000	0.0000	1.0000	0.4311	NaN	NaN	NaN	601823.0216	601823.3782	1.0000	1.0000	0.2676
22zz01	2	8	0	0	2.0000	0.0000	1.0000	NaN	5.1887	5.2139	16.5408	601824.1879	601824.4906	0.0000	0.0000	0.0192
22zz01	2	9	0	0	1.0000	0.0000	1.0000	0.8605	NaN	NaN	NaN	601826.9887	601827.3432	1.0000	1.0000	0.3025
22zz01	2	9	0	0	2.0000	0.0000	1.0000	NaN	1.5238	2.8257	14.5372	601828.1711	601828.4740	0.0000	0.0000	0.2439
22zz01	2	10	0	0	1.0000	0.0000	-1.0000	0.2385	NaN	NaN	NaN	601831.1135	601831.4652	0.0000	1.0000	0.3401
22zz01	2	10	0	0	2.0000	0.0000	1.0000	NaN	7.3925	9.1600	14.9310	601832.3167	601832.6188	1.0000	1.0000	0.1790
22zz01	2	11	0	0	1.0000	0.0000	1.0000	0.3960	NaN	NaN	NaN	601834.9980	601835.3485	0.0000	0.0000	0.3771
22zz01	2	11	0	0	2.0000	0.0000	-1.0000	NaN	7.8823	-6.7264	15.0784	601836.2196	601836.5218	0.0000	1.0000	0.1628
22zz01	2	12	0	0	1.0000	0.0000	-1.0000	0.4377	NaN	NaN	NaN	601838.5626	601838.9124	1.0000	0.0000	0.2373
22zz01	2	12	0	0	2.0000	0.0000	1.0000	NaN	11.7797	9.7603	15.5713	601839.6760	601839.9781	1.0000	1.0000	0.3553
22zz01	2	13	0	0	1.0000	0.0000	-1.0000	0.7772	NaN	NaN	NaN	601842.6706	601843.0257	0.0000	1.0000	0.5399
22zz01	2	13	0	0	2.0000	0.0000	-1.0000	NaN	9.8106	-10.8531	13.2649	601844.0924	601844.3946	0.0000	1.0000	0.1465
22zz01	2	14	0	0	1.0000	0.0000	1.0000	0.5794	NaN	NaN	NaN	601846.8512	601847.2657	1.0000	1.0000	0.3953
22zz01	2	14	0	0	2.0000	0.0000	1.0000	NaN	7.4120	7.0507	16.0839	601848.1948	601848.4985	0.0000	0.0000	0.0581
22zz01	2	15	0	0	1.0000	0.0000	1.0000	0.8321	NaN	NaN	NaN	601851.2406	601851.6632	1.0000	1.0000	0.1574
22zz01	2	15	0	0	2.0000	0.0000	1.0000	NaN	6.6019	7.6631	15.3787	601852.3610	601852.6655	1.0000	1.0000	0.3404
22zz01	2	16	0	0	1.0000	0.0000	1.0000	0.4280	NaN	NaN	NaN	601855.6279	601856.0448	0.0000	0.0000	0.3517
22zz01	2	16	0	0	2.0000	0.0000	1.0000	NaN	1.0059	1.4782	14.1009	601856.9314	601857.2358	0.0000	0.0000	0.1527
22zz01	2	17	0	0	1.0000	0.0000	-1.0000	0.8677	NaN	NaN	NaN	601859.7454	601860.1664	0.0000	1.0000	0.3741
22zz01	2	17	0	0	2.0000	0.0000	-1.0000	NaN	1.8285	-0.7618	14.2453	601861.0784	601861.3828	1.0000	0.0000	0.8708
22zz01	2	18	0	0	1.0000	0.0000	1.0000	0.6007	NaN	NaN	NaN	601864.6401	601865.0611	1.0000	1.0000	0.3607
22zz01	2	18	0	0	2.0000	0.0000	1.0000	NaN	1.1705	1.0435	15.1340	601865.9773	601866.2817	1.0000	1.0000	0.3713
22zz01	2	19	0	0	1.0000	0.0000	-1.0000	0.4007	NaN	NaN	NaN	601868.9758	601869.3862	1.0000	0.0000	0.7223
22zz01	2	19	0	0	2.0000	0.0000	1.0000	NaN	10.9888	9.5472	15.7941	601870.6602	601870.9644	1.0000	1.0000	0.1374
22zz01	2	20	0	0	1.0000	0.0000	-1.0000	0.6227	NaN	NaN	NaN	601873.2005	601873.6152	0.0000	1.0000	0.3818
22zz01	2	20	0	0	2.0000	0.0000	1.0000	NaN	2.0542	1.9203	16.6183	601874.5313	601874.8354	0.0000	0.0000	0.1381
22zz01	2	21	0	0	1.0000	0.0000	1.0000	0.9083	NaN	NaN	NaN	601877.0532	601877.4421	1.0000	1.0000	0.2024
22zz01	2	21	0	0	2.0000	0.0000	1.0000	NaN	6.9025	6.2556	15.6706	601878.1731	601878.4752	1.0000	1.0000	0.2743
22zz01	2	22	0	0	1.0000	0.0000	1.0000	0.2254	NaN	NaN	NaN	601880.7592	601881.1102	1.0000	1.0000	0.5668
22zz01	2	22	0	0	2.0000	0.0000	-1.0000	NaN	5.5062	-6.1405	14.5324	601882.2039	601882.5061	0.0000	1.0000	0.3234
22zz01	2	23	0	0	1.0000	0.0000	-1.0000	0.6423	NaN	NaN	NaN	601885.0401	601885.3917	0.0000	1.0000	0.4128
22zz01	2	23	0	0	2.0000	0.0000	1.0000	NaN	3.4688	4.3747	14.7476	601886.3154	601886.6176	1.0000	1.0000	0.3722
22zz01	2	24	0	0	1.0000	0.0000	-1.0000	0.8316	NaN	NaN	NaN	601889.2316	601889.5860	0.0000	1.0000	0.8750
22zz01	2	24	0	0	2.0000	0.0000	1.0000	NaN	6.2166	3.3730	16.2575	601890.9720	601891.2741	1.0000	1.0000	0.4504
22zz01	2	25	0	0	1.0000	0.0000	-1.0000	0.7832	NaN	NaN	NaN	601893.7220	601894.1308	0.0000	1.0000	0.3942
22zz01	2	25	0	0	2.0000	0.0000	-1.0000	NaN	11.7920	-13.8071	15.2898	601894.9941	601895.2983	0.0000	1.0000	0.3622
22zz01	2	26	0	0	1.0000	0.0000	1.0000	0.0359	NaN	NaN	NaN	601897.4486	601897.8816	0.0000	0.0000	0.7713
22zz01	2	26	0	0	2.0000	0.0000	-1.0000	NaN	10.6220	-9.9728	13.9494	601899.1597	601899.4644	0.0000	1.0000	0.2444
22zz01	2	27	0	0	1.0000	0.0000	1.0000	0.1743	NaN	NaN	NaN	601902.0491	601902.4642	1.0000	1.0000	0.6048
22zz01	2	27	0	0	2.0000	0.0000	1.0000	NaN	4.4218	4.0249	14.4725	601903.6084	601903.9128	1.0000	1.0000	0.3877
22zz01	2	28	0	0	1.0000	0.0000	-1.0000	0.4825	NaN	NaN	NaN	601906.1987	601906.6140	0.0000	1.0000	0.5353
22zz01	2	28	0	0	2.0000	0.0000	-1.0000	NaN	1.0262	-1.8248	15.2801	601907.6689	601907.9748	0.0000	1.0000	0.1344
22zz01	2	29	0	0	1.0000	0.0000	-1.0000	0.7610	NaN	NaN	NaN	601910.5750	601910.9723	0.0000	1.0000	0.3855
22zz01	2	29	0	0	2.0000	0.0000	1.0000	NaN	0.3506	1.5744	15.6824	601911.8672	601912.1702	0.0000	0.0000	0.2274
22zz01	2	30	0	0	1.0000	0.0000	1.0000	0.6824	NaN	NaN	NaN	601914.5982	601914.9515	1.0000	1.0000	0.2781
22zz01	2	30	0	0	2.0000	0.0000	1.0000	NaN	11.6238	11.4313	15.4578	601915.7721	601916.0742	1.0000	1.0000	0.3222
22zz01	2	31	0	0	1.0000	0.0000	-1.0000	0.2279	NaN	NaN	NaN	601918.7982	601919.1552	0.0000	1.0000	0.4733
22zz01	2	31	0	0	2.0000	0.0000	-1.0000	NaN	1.4798	-1.5721	14.3249	601920.1236	601920.4257	0.0000	1.0000	0.3867
22zz01	2	32	0	0	1.0000	0.0000	1.0000	0.4284	NaN	NaN	NaN	601923.3236	601923.6745	1.0000	1.0000	0.5786
22zz01	2	32	0	0	2.0000	0.0000	1.0000	NaN	6.5641	4.8948	15.8158	601924.7801	601925.0823	1.0000	1.0000	0.6274
22zz01	2	33	0	0	1.0000	0.0000	1.0000	0.0146	NaN	NaN	NaN	601927.6605	601928.0176	0.0000	0.0000	0.8434
22zz01	2	33	0	0	2.0000	0.0000	1.0000	NaN	0.5163	2.8516	15.5577	601929.3714	601929.6735	0.0000	0.0000	0.4041
22zz01	2	34	0	0	1.0000	0.0000	-1.0000	0.8828	NaN	NaN	NaN	601932.6326	601932.9879	1.0000	0.0000	1.3925
22zz01	2	34	0	0	2.0000	0.0000	-1.0000	NaN	4.1998	-6.4147	15.0956	601934.8598	601935.1620	0.0000	1.0000	0.4025
22zz01	2	35	0	0	1.0000	0.0000	1.0000	0.0064	NaN	NaN	NaN	601938.1796	601938.5906	0.0000	0.0000	0.7498
22zz01	2	35	0	0	2.0000	0.0000	-1.0000	NaN	7.2260	-9.1017	15.7600	601939.8589	601940.1635	0.0000	1.0000	0.2970
22zz01	2	36	0	0	1.0000	0.0000	-1.0000	0.1418	NaN	NaN	NaN	601942.6487	601943.0627	1.0000	0.0000	1.0618
22zz01	2	36	0	0	2.0000	0.0000	-1.0000	NaN	3.0901	-2.1490	15.4074	601944.6770	601944.9818	0.0000	1.0000	0.4552
22zz01	2	37	0	0	1.0000	0.0000	-1.0000	0.4876	NaN	NaN	NaN	601947.3019	601947.7041	0.0000	1.0000	0.4211
22zz01	2	37	0	0	2.0000	0.0000	1.0000	NaN	4.8217	4.4319	14.3179	601948.6364	601948.9385	1.0000	1.0000	0.4339
22zz01	2	38	0	0	1.0000	0.0000	-1.0000	0.6852	NaN	NaN	NaN	601951.3242	601951.6754	0.0000	1.0000	0.7217
22zz01	2	38	0	0	2.0000	0.0000	-1.0000	NaN	1.2811	-1.8476	15.4781	601952.9081	601953.2102	0.0000	1.0000	0.2275
22zz01	2	39	0	0	1.0000	0.0000	-1.0000	0.8610	NaN	NaN	NaN	601955.2381	601955.5895	0.0000	1.0000	0.5189
22zz01	2	39	0	0	2.0000	0.0000	-1.0000	NaN	10.5558	-10.5571	14.5499	601956.6033	601956.9055	0.0000	1.0000	0.1321
22zz01	2	40	0	0	1.0000	0.0000	-1.0000	0.6214	NaN	NaN	NaN	601959.3226	601959.6727	0.0000	1.0000	0.4037
22zz01	2	40	0	0	2.0000	0.0000	-1.0000	NaN	8.2706	-8.0457	15.0381	601960.5872	601960.8893	0.0000	1.0000	0.1003
22zz01	2	41	0	0	1.0000	0.0000	1.0000	0.3012	NaN	NaN	NaN	601963.3245	601963.6749	1.0000	1.0000	0.4495
22zz01	2	41	0	0	2.0000	0.0000	-1.0000	NaN	11.4027	-10.7580	16.7595	601964.6685	601964.9707	0.0000	1.0000	0.0830
22zz01	2	42	0	0	1.0000	0.0000	-1.0000	0.8104	NaN	NaN	NaN	601967.1632	601967.5194	0.0000	1.0000	0.3503
22zz01	2	42	0	0	2.0000	0.0000	-1.0000	NaN	7.4647	-7.5388	14.8052	601968.3952	601968.6974	0.0000	1.0000	0.1311
22zz01	2	43	0	0	1.0000	0.0000	1.0000	0.1850	NaN	NaN	NaN	601971.1891	601971.5387	0.0000	0.0000	1.0497
22zz01	2	43	0	0	2.0000	0.0000	-1.0000	NaN	2.7111	-2.3678	14.0725	601973.0996	601973.4018	0.0000	1.0000	0.1319
22zz01	2	44	0	0	1.0000	0.0000	-1.0000	0.5394	NaN	NaN	NaN	601975.6906	601976.0410	0.0000	1.0000	0.6274
22zz01	2	44	0	0	2.0000	0.0000	-1.0000	NaN	0.9103	-0.4128	15.8458	601977.2448	601977.5470	0.0000	1.0000	0.1627
22zz01	2	45	0	0	1.0000	0.0000	-1.0000	0.2230	NaN	NaN	NaN	601979.8687	601980.2201	0.0000	1.0000	0.9608
22zz01	2	45	0	0	2.0000	0.0000	1.0000	NaN	4.2379	3.1256	12.6798	601981.6923	601981.9945	1.0000	1.0000	0.5308
22zz01	2	46	0	0	1.0000	0.0000	-1.0000	0.3341	NaN	NaN	NaN	601984.6077	601985.0267	0.0000	1.0000	0.5864
22zz01	2	46	0	0	2.0000	0.0000	-1.0000	NaN	9.9699	-10.5467	13.5611	601986.1079	601986.4101	0.0000	1.0000	0.2588
22zz01	2	47	0	0	1.0000	0.0000	-1.0000	0.0916	NaN	NaN	NaN	601989.0561	601989.4071	1.0000	0.0000	1.0386
22zz01	2	47	0	0	2.0000	0.0000	1.0000	NaN	1.5837	2.6954	14.7382	601991.0036	601991.3057	0.0000	0.0000	0.4033
22zz01	2	48	0	0	1.0000	0.0000	-1.0000	0.6167	NaN	NaN	NaN	601993.8173	601994.1694	0.0000	1.0000	0.5149
22zz01	2	48	0	0	2.0000	0.0000	-1.0000	NaN	8.7807	-6.0085	14.1435	601995.1785	601995.4807	0.0000	1.0000	0.2289
22zz01	2	49	0	0	1.0000	0.0000	1.0000	0.5222	NaN	NaN	NaN	601997.7940	601998.1511	1.0000	1.0000	0.3267
22zz01	2	49	0	0	2.0000	0.0000	1.0000	NaN	11.0063	11.8803	15.5142	601999.0194	601999.3215	1.0000	1.0000	0.3714
22zz01	2	50	0	0	1.0000	0.0000	1.0000	0.5114	NaN	NaN	NaN	602001.8442	602002.2009	1.0000	1.0000	0.4035
22zz01	2	50	0	0	2.0000	0.0000	1.0000	NaN	11.9536	10.9400	14.5877	602003.1637	602003.4666	1.0000	1.0000	0.4671
22zz01	3	1	0	0	1.0000	0.0000	1.0000	0.8253	NaN	NaN	NaN	602011.3147	602011.6686	1.0000	1.0000	0.3132
22zz01	3	1	0	0	2.0000	0.0000	-1.0000	NaN	1.0132	-2.6282	16.3288	602012.4917	602012.7938	0.0000	1.0000	0.2745
22zz01	3	2	0	0	1.0000	0.0000	1.0000	0.6357	NaN	NaN	NaN	602015.3034	602015.6531	1.0000	1.0000	0.2645
22zz01	3	2	0	0	2.0000	0.0000	1.0000	NaN	2.2852	2.1329	14.4311	602016.4596	602016.7617	0.0000	0.0000	0.3392
22zz01	3	3	0	0	1.0000	0.0000	-1.0000	0.4645	NaN	NaN	NaN	602019.3327	602019.6848	0.0000	1.0000	0.2329
22zz01	3	3	0	0	2.0000	0.0000	-1.0000	NaN	7.4887	-7.3282	15.4756	602020.4268	602020.7289	0.0000	1.0000	0.2441
22zz01	3	4	0	0	1.0000	0.0000	-1.0000	0.4181	NaN	NaN	NaN	602023.3581	602023.7125	0.0000	1.0000	0.2359
22zz01	3	4	0	0	2.0000	0.0000	-1.0000	NaN	6.3257	-5.2888	14.2912	602024.4436	602024.7458	0.0000	1.0000	0.1953
22zz01	3	5	0	0	1.0000	0.0000	-1.0000	0.7193	NaN	NaN	NaN	602027.2603	602027.6162	0.0000	1.0000	0.1574
22zz01	3	5	0	0	2.0000	0.0000	1.0000	NaN	9.0447	7.3255	14.6463	602028.2511	602028.5533	1.0000	1.0000	0.4031
22zz01	3	6	0	0	1.0000	0.0000	1.0000	0.2416	NaN	NaN	NaN	602031.2649	602031.6729	1.0000	1.0000	0.2915
22zz01	3	6	0	0	2.0000	0.0000	1.0000	NaN	9.7714	7.8948	14.8625	602032.4832	602032.7870	1.0000	1.0000	0.2973
22zz01	3	7	0	0	1.0000	0.0000	-1.0000	0.0566	NaN	NaN	NaN	602035.1296	602035.5394	0.0000	1.0000	0.9369
22zz01	3	7	0	0	2.0000	0.0000	-1.0000	NaN	8.1837	-10.3132	15.1390	602037.0107	602037.3173	0.0000	1.0000	0.1043
22zz01	3	8	0	0	1.0000	0.0000	1.0000	0.7652	NaN	NaN	NaN	602039.7369	602040.1212	1.0000	1.0000	0.2444
22zz01	3	8	0	0	2.0000	0.0000	-1.0000	NaN	6.9207	-8.3344	15.9672	602040.8749	602041.1770	0.0000	1.0000	0.1473
22zz01	3	9	0	0	1.0000	0.0000	1.0000	0.6757	NaN	NaN	NaN	602043.4595	602043.8156	1.0000	1.0000	0.2139
22zz01	3	9	0	0	2.0000	0.0000	-1.0000	NaN	2.6610	-2.8116	15.7901	602044.5882	602044.8904	0.0000	1.0000	0.1140
22zz01	3	10	0	0	1.0000	0.0000	-1.0000	0.0679	NaN	NaN	NaN	602047.0991	602047.4500	0.0000	1.0000	0.7229
22zz01	3	10	0	0	2.0000	0.0000	1.0000	NaN	6.2598	6.5003	15.1803	602048.6348	602048.9369	1.0000	1.0000	0.5474
22zz01	3	11	0	0	1.0000	0.0000	-1.0000	0.0113	NaN	NaN	NaN	602051.5855	602051.9371	1.0000	0.0000	0.9080
22zz01	3	11	0	0	2.0000	0.0000	1.0000	NaN	4.0455	6.1976	15.3594	602053.3714	602053.6736	1.0000	1.0000	0.3387
22zz01	3	12	0	0	1.0000	0.0000	-1.0000	0.7075	NaN	NaN	NaN	602056.0636	602056.4163	0.0000	1.0000	0.4134
22zz01	3	12	0	0	2.0000	0.0000	-1.0000	NaN	2.2675	-2.4800	15.0384	602057.3230	602057.6251	0.0000	1.0000	0.5475
22zz01	3	13	0	0	1.0000	0.0000	1.0000	0.7199	NaN	NaN	NaN	602060.5166	602060.8675	1.0000	1.0000	0.2819
22zz01	3	13	0	0	2.0000	0.0000	-1.0000	NaN	8.9176	-9.5421	16.5419	602061.6910	602061.9932	0.0000	1.0000	0.4031
22zz01	3	14	0	0	1.0000	0.0000	-1.0000	0.4654	NaN	NaN	NaN	602064.6825	602065.0339	1.0000	0.0000	0.4184
22zz01	3	14	0	0	2.0000	0.0000	1.0000	NaN	2.0151	0.7651	14.5979	602065.9807	602066.2829	0.0000	0.0000	0.3062
22zz01	3	15	0	0	1.0000	0.0000	1.0000	0.7554	NaN	NaN	NaN	602068.6532	602069.0104	1.0000	1.0000	0.2668
22zz01	3	15	0	0	2.0000	0.0000	1.0000	NaN	2.2425	3.7489	14.5646	602069.8042	602070.1064	1.0000	1.0000	0.3552
22zz01	3	16	0	0	1.0000	0.0000	1.0000	0.3757	NaN	NaN	NaN	602072.7375	602073.0935	1.0000	1.0000	0.3116
22zz01	3	16	0	0	2.0000	0.0000	-1.0000	NaN	4.4092	-4.8681	15.3997	602073.8987	602074.2008	0.0000	1.0000	0.3088
22zz01	3	17	0	0	1.0000	0.0000	-1.0000	0.5686	NaN	NaN	NaN	602076.7024	602077.1197	0.0000	1.0000	0.1246
22zz01	3	17	0	0	2.0000	0.0000	1.0000	NaN	5.6511	8.3041	15.5912	602077.7641	602078.0678	1.0000	1.0000	2.5377
22zz01	3	18	0	0	1.0000	0.0000	1.0000	0.1879	NaN	NaN	NaN	602082.7419	602083.1684	1.0000	1.0000	0.3487
22zz01	3	18	0	0	2.0000	0.0000	1.0000	NaN	0.3665	2.3537	15.4826	602084.0683	602084.3731	1.0000	1.0000	0.3765
22zz01	3	19	0	0	1.0000	0.0000	-1.0000	0.4017	NaN	NaN	NaN	602087.3700	602087.7881	0.0000	1.0000	0.3843
22zz01	3	19	0	0	2.0000	0.0000	1.0000	NaN	6.5745	6.4399	16.8355	602088.6641	602088.9687	1.0000	1.0000	0.4203
22zz01	3	20	0	0	1.0000	0.0000	-1.0000	0.4474	NaN	NaN	NaN	602091.3615	602091.7422	0.0000	1.0000	0.1901
22zz01	3	20	0	0	2.0000	0.0000	-1.0000	NaN	2.7659	-2.1181	15.9831	602092.4286	602092.7308	0.0000	1.0000	0.5468
22zz01	3	21	0	0	1.0000	0.0000	-1.0000	0.9118	NaN	NaN	NaN	602095.4461	602095.7976	0.0000	1.0000	0.5027
22zz01	3	21	0	0	2.0000	0.0000	1.0000	NaN	4.0846	3.7690	14.6578	602096.8125	602097.1146	1.0000	1.0000	0.3550
22zz01	3	22	0	0	1.0000	0.0000	-1.0000	0.1814	NaN	NaN	NaN	602099.3128	602099.6640	0.0000	1.0000	0.4293
22zz01	3	22	0	0	2.0000	0.0000	1.0000	NaN	5.1390	7.0141	15.6799	602100.5713	602100.8735	1.0000	1.0000	0.2595
22zz01	3	23	0	0	1.0000	0.0000	-1.0000	0.3538	NaN	NaN	NaN	602102.9927	602103.3459	0.0000	1.0000	0.1557
22zz01	3	23	0	0	2.0000	0.0000	1.0000	NaN	2.3774	2.9386	14.8848	602103.9956	602104.2977	1.0000	1.0000	0.2118
22zz01	3	24	0	0	1.0000	0.0000	-1.0000	0.5195	NaN	NaN	NaN	602106.7283	602107.0803	0.0000	1.0000	0.2923
22zz01	3	24	0	0	2.0000	0.0000	-1.0000	NaN	11.4901	-12.1350	14.2652	602107.8686	602108.1707	0.0000	1.0000	0.3535
22zz01	3	25	0	0	1.0000	0.0000	-1.0000	0.4205	NaN	NaN	NaN	602110.3111	602110.6635	0.0000	1.0000	0.2607
22zz01	3	25	0	0	2.0000	0.0000	-1.0000	NaN	1.2798	-0.4524	15.3493	602111.4196	602111.7217	0.0000	1.0000	0.4038
22zz01	3	26	0	0	1.0000	0.0000	-1.0000	0.2163	NaN	NaN	NaN	602113.9114	602114.2633	0.0000	1.0000	0.3588
22zz01	3	26	0	0	2.0000	0.0000	-1.0000	NaN	5.2284	-5.7846	15.9487	602115.1003	602115.4024	0.0000	1.0000	0.2909
22zz01	3	27	0	0	1.0000	0.0000	1.0000	0.4611	NaN	NaN	NaN	602117.8214	602118.1784	1.0000	1.0000	0.2986
22zz01	3	27	0	0	2.0000	0.0000	1.0000	NaN	9.6034	6.5111	13.9698	602118.9711	602119.2733	1.0000	1.0000	0.5156
22zz01	3	28	0	0	1.0000	0.0000	-1.0000	0.0654	NaN	NaN	NaN	602121.5741	602121.9863	0.0000	1.0000	0.6508
22zz01	3	28	0	0	2.0000	0.0000	1.0000	NaN	3.8352	4.0069	14.4748	602123.1240	602123.4304	0.0000	0.0000	0.5670
22zz01	3	29	0	0	1.0000	0.0000	1.0000	0.6632	NaN	NaN	NaN	602125.7866	602126.1907	1.0000	1.0000	0.2055
22zz01	3	29	0	0	2.0000	0.0000	-1.0000	NaN	7.9983	-8.1080	15.3189	602126.9081	602127.2103	0.0000	1.0000	0.2591
22zz01	3	30	0	0	1.0000	0.0000	1.0000	0.0500	NaN	NaN	NaN	602129.4721	602129.8277	1.0000	1.0000	0.7298
22zz01	3	30	0	0	2.0000	0.0000	-1.0000	NaN	8.8543	-9.7616	15.2275	602131.0682	602131.3703	0.0000	1.0000	0.1149
22zz01	3	31	0	0	1.0000	0.0000	1.0000	0.0574	NaN	NaN	NaN	602133.6952	602134.0456	0.0000	0.0000	1.4237
22zz01	3	31	0	0	2.0000	0.0000	-1.0000	NaN	4.7911	-3.3522	15.2817	602135.9631	602136.2653	0.0000	1.0000	0.5157
22zz01	3	32	0	0	1.0000	0.0000	1.0000	0.6649	NaN	NaN	NaN	602139.0991	602139.4493	1.0000	1.0000	0.3069
22zz01	3	32	0	0	2.0000	0.0000	-1.0000	NaN	7.6624	-6.8839	14.9638	602140.2846	602140.5867	0.0000	1.0000	0.1466
22zz01	3	33	0	0	1.0000	0.0000	-1.0000	0.1383	NaN	NaN	NaN	602142.8520	602143.2063	0.0000	1.0000	0.6952
22zz01	3	33	0	0	2.0000	0.0000	1.0000	NaN	1.6328	0.9421	13.9484	602144.4271	602144.7292	0.0000	0.0000	0.4670
22zz01	3	34	0	0	1.0000	0.0000	-1.0000	0.8127	NaN	NaN	NaN	602146.9988	602147.3490	0.0000	1.0000	0.4553
22zz01	3	34	0	0	2.0000	0.0000	-1.0000	NaN	7.7372	-7.7693	15.0065	602148.2839	602148.5861	0.0000	1.0000	0.2755
22zz01	3	35	0	0	1.0000	0.0000	-1.0000	0.8651	NaN	NaN	NaN	602150.9555	602151.3099	0.0000	1.0000	0.1755
22zz01	3	35	0	0	2.0000	0.0000	-1.0000	NaN	2.1822	-1.4009	14.2410	602151.9484	602152.2506	1.0000	0.0000	0.7868
22zz01	3	36	0	0	1.0000	0.0000	1.0000	0.3272	NaN	NaN	NaN	602155.1391	602155.4933	0.0000	0.0000	0.5669
22zz01	3	36	0	0	2.0000	0.0000	-1.0000	NaN	9.3662	-13.0518	14.8019	602156.5709	602156.8736	0.0000	1.0000	0.2266
22zz01	3	37	0	0	1.0000	0.0000	1.0000	0.6938	NaN	NaN	NaN	602159.4752	602159.8276	1.0000	1.0000	0.4566
22zz01	3	37	0	0	2.0000	0.0000	1.0000	NaN	5.8633	5.1626	14.9030	602160.7800	602161.0821	0.0000	0.0000	0.1954
22zz01	3	38	0	0	1.0000	0.0000	-1.0000	0.3654	NaN	NaN	NaN	602163.5952	602163.9455	1.0000	0.0000	0.4031
22zz01	3	38	0	0	2.0000	0.0000	-1.0000	NaN	6.9958	-5.4434	15.6929	602164.8919	602165.1941	0.0000	1.0000	0.1630
22zz01	3	39	0	0	1.0000	0.0000	-1.0000	0.2280	NaN	NaN	NaN	602167.6173	602168.0326	0.0000	1.0000	0.7647
22zz01	3	39	0	0	2.0000	0.0000	1.0000	NaN	5.0072	4.3295	15.2620	602169.2962	602169.5998	1.0000	1.0000	0.3164
22zz01	3	40	0	0	1.0000	0.0000	1.0000	0.3267	NaN	NaN	NaN	602171.8116	602172.2210	1.0000	1.0000	0.3206
22zz01	3	40	0	0	2.0000	0.0000	1.0000	NaN	7.0088	6.5115	13.9212	602173.0610	602173.3651	1.0000	1.0000	0.2471
22zz01	3	41	0	0	1.0000	0.0000	1.0000	0.2774	NaN	NaN	NaN	602176.1413	602176.5283	1.0000	1.0000	0.2683
22zz01	3	41	0	0	2.0000	0.0000	1.0000	NaN	5.1798	5.6464	14.4480	602177.3551	602177.6577	1.0000	1.0000	0.3231
22zz01	3	42	0	0	1.0000	0.0000	1.0000	0.7170	NaN	NaN	NaN	602180.3078	602180.6599	1.0000	1.0000	0.2648
22zz01	3	42	0	0	2.0000	0.0000	-1.0000	NaN	3.3123	-1.6747	14.3950	602181.4512	602181.7533	0.0000	1.0000	0.2122
22zz01	3	43	0	0	1.0000	0.0000	-1.0000	0.8702	NaN	NaN	NaN	602184.1842	602184.5377	0.0000	1.0000	0.5317
22zz01	3	43	0	0	2.0000	0.0000	-1.0000	NaN	0.0138	-0.7733	15.6387	602185.5489	602185.8510	0.0000	1.0000	0.4659
22zz01	3	44	0	0	1.0000	0.0000	-1.0000	0.8772	NaN	NaN	NaN	602188.5442	602188.8942	0.0000	1.0000	0.3824
22zz01	3	44	0	0	2.0000	0.0000	1.0000	NaN	5.1625	5.1976	13.9807	602189.7707	602190.0737	1.0000	1.0000	0.5466
22zz01	3	45	0	0	1.0000	0.0000	1.0000	0.3703	NaN	NaN	NaN	602192.7446	602193.0940	1.0000	1.0000	0.3742
22zz01	3	45	0	0	2.0000	0.0000	-1.0000	NaN	2.9003	-2.3220	14.2612	602193.9329	602194.2351	0.0000	1.0000	0.3540
22zz01	3	46	0	0	1.0000	0.0000	-1.0000	0.5043	NaN	NaN	NaN	602196.8493	602197.2036	0.0000	1.0000	0.1687
22zz01	3	46	0	0	2.0000	0.0000	1.0000	NaN	9.3500	10.0479	14.7882	602197.8500	602198.1520	1.0000	1.0000	0.3721
22zz01	3	47	0	0	1.0000	0.0000	-1.0000	0.1216	NaN	NaN	NaN	602200.7259	602201.0769	0.0000	1.0000	0.5672
22zz01	3	47	0	0	2.0000	0.0000	-1.0000	NaN	11.9890	-12.8290	15.0138	602202.1406	602202.4427	0.0000	1.0000	0.3068
22zz01	3	48	0	0	1.0000	0.0000	-1.0000	0.8596	NaN	NaN	NaN	602205.2591	602205.6100	0.0000	1.0000	0.4502
22zz01	3	48	0	0	2.0000	0.0000	1.0000	NaN	11.7570	12.0660	14.4528	602206.5567	602206.8588	1.0000	1.0000	0.2905
22zz01	3	49	0	0	1.0000	0.0000	-1.0000	0.2759	NaN	NaN	NaN	602209.5820	602209.9362	0.0000	1.0000	0.1724
22zz01	3	49	0	0	2.0000	0.0000	1.0000	NaN	7.4051	7.1802	15.4537	602210.6025	602210.9059	1.0000	1.0000	0.2115
22zz01	3	50	0	0	1.0000	0.0000	1.0000	0.7412	NaN	NaN	NaN	602212.9767	602213.3693	1.0000	1.0000	0.1632
22zz01	3	50	0	0	2.0000	0.0000	-1.0000	NaN	0.9735	-1.3994	13.5222	602214.0429	602214.3451	1.0000	0.0000	0.5474
