20py04	1	1	1	1	1.0000	1.0000	-1.0000	NaN	2.2829	-1.6460	16.7971	590872.8793	590873.1814	0.0000	1.0000	0.6051
20py04	1	1	1	1	2.0000	1.0000	1.0000	0.3180	NaN	NaN	NaN	590874.3542	590874.7077	1.0000	1.0000	0.1828
20py04	1	2	1	1	1.0000	1.0000	1.0000	NaN	1.9509	2.0301	14.2242	590877.3800	590877.6822	0.0000	0.0000	0.5049
20py04	1	2	1	1	2.0000	1.0000	-1.0000	0.2804	NaN	NaN	NaN	590878.7705	590879.1243	0.0000	1.0000	0.3096
20py04	1	3	1	1	1.0000	1.0000	1.0000	NaN	4.2063	2.9159	14.5007	590881.6565	590881.9587	1.0000	1.0000	0.3554
20py04	1	3	1	1	2.0000	1.0000	1.0000	0.0346	NaN	NaN	NaN	590882.9137	590883.2701	1.0000	1.0000	0.0045
20py04	1	4	1	1	1.0000	1.0000	1.0000	NaN	5.6446	5.7240	14.6020	590885.3789	590885.6810	1.0000	1.0000	0.2161
20py04	1	4	1	1	2.0000	1.0000	1.0000	0.0558	NaN	NaN	NaN	590886.4815	590886.8362	1.0000	1.0000	0.5184
20py04	1	5	1	1	1.0000	1.0000	1.0000	NaN	0.6047	1.3923	15.3891	590889.5311	590889.8359	1.0000	1.0000	0.3013
20py04	1	5	1	1	2.0000	1.0000	1.0000	0.2350	NaN	NaN	NaN	590890.7430	590891.1295	1.0000	1.0000	0.1607
20py04	1	6	1	1	1.0000	1.0000	-1.0000	NaN	0.2067	-0.9697	13.5173	590893.4133	590893.7155	1.0000	0.0000	0.5656
20py04	1	6	1	1	2.0000	1.0000	-1.0000	0.1931	NaN	NaN	NaN	590894.8340	590895.1901	0.0000	1.0000	0.2590
20py04	1	7	1	1	1.0000	1.0000	-1.0000	NaN	6.2801	-6.0504	13.7414	590897.5559	590897.8581	0.0000	1.0000	0.3924
20py04	1	7	1	1	2.0000	1.0000	1.0000	0.1372	NaN	NaN	NaN	590898.7705	590899.1245	1.0000	1.0000	0.2291
20py04	1	8	1	1	1.0000	1.0000	1.0000	NaN	7.7402	8.7276	15.7165	590901.7910	590902.0932	1.0000	1.0000	0.6854
20py04	1	8	1	1	2.0000	1.0000	1.0000	0.2288	NaN	NaN	NaN	590903.3461	590903.7023	1.0000	1.0000	0.1160
20py04	1	9	1	1	1.0000	1.0000	-1.0000	NaN	1.1331	-1.1487	13.9592	590906.2731	590906.5752	0.0000	1.0000	0.4105
20py04	1	9	1	1	2.0000	1.0000	1.0000	0.0868	NaN	NaN	NaN	590907.5217	590907.8741	1.0000	1.0000	0.3116
20py04	1	10	1	1	1.0000	1.0000	1.0000	NaN	7.4721	7.1778	15.3814	590910.2920	590910.5943	1.0000	1.0000	0.3436
20py04	1	10	1	1	2.0000	1.0000	1.0000	0.1556	NaN	NaN	NaN	590911.4589	590911.8089	1.0000	1.0000	0.2972
20py04	1	11	1	1	1.0000	1.0000	-1.0000	NaN	2.2153	-2.0402	14.7209	590914.0214	590914.3236	0.0000	1.0000	0.3904
20py04	1	11	1	1	2.0000	1.0000	1.0000	0.1890	NaN	NaN	NaN	590915.2501	590915.6058	1.0000	1.0000	1.6197
20py04	1	12	1	1	1.0000	1.0000	1.0000	NaN	1.8235	3.2464	15.5390	590919.3768	590919.6790	1.0000	1.0000	0.2341
20py04	1	12	1	1	2.0000	1.0000	1.0000	0.0482	NaN	NaN	NaN	590920.4817	590920.8387	1.0000	1.0000	0.0353
20py04	1	13	1	1	1.0000	1.0000	-1.0000	NaN	5.5392	-3.7091	14.5854	590923.4717	590923.7739	0.0000	1.0000	0.2524
20py04	1	13	1	1	2.0000	1.0000	1.0000	0.1944	NaN	NaN	NaN	590924.5461	590924.9015	1.0000	1.0000	0.0006
20py04	1	14	1	1	1.0000	1.0000	-1.0000	NaN	4.5803	-6.2901	13.3043	590927.0715	590927.3736	0.0000	1.0000	0.2370
20py04	1	14	1	1	2.0000	1.0000	1.0000	0.1906	NaN	NaN	NaN	590928.1779	590928.5344	1.0000	1.0000	0.1004
20py04	1	15	1	1	1.0000	1.0000	1.0000	NaN	0.4161	1.5015	15.1974	590931.2909	590931.5932	0.0000	0.0000	0.4327
20py04	1	15	1	1	2.0000	1.0000	-1.0000	0.1033	NaN	NaN	NaN	590932.5934	590932.9442	1.0000	0.0000	0.6024
20py04	1	16	1	1	1.0000	1.0000	-1.0000	NaN	3.1984	-0.9191	15.4810	590935.9263	590936.2301	1.0000	0.0000	0.3882
20py04	1	16	1	1	2.0000	1.0000	-1.0000	0.2543	NaN	NaN	NaN	590937.2218	590937.6302	0.0000	1.0000	0.5709
20py04	1	17	1	1	1.0000	1.0000	-1.0000	NaN	6.0734	-3.2794	16.1782	590940.2965	590940.6014	0.0000	1.0000	0.3047
20py04	1	17	1	1	2.0000	1.0000	1.0000	0.2464	NaN	NaN	NaN	590941.4453	590941.8629	1.0000	1.0000	0.0515
20py04	1	18	1	1	1.0000	1.0000	1.0000	NaN	5.4884	6.4242	15.3461	590944.1076	590944.4125	1.0000	1.0000	0.2218
20py04	1	18	1	1	2.0000	1.0000	1.0000	0.3786	NaN	NaN	NaN	590945.2368	590945.6591	1.0000	1.0000	0.1906
20py04	1	19	1	1	1.0000	1.0000	1.0000	NaN	3.1491	2.6314	15.9879	590947.8253	590948.1302	0.0000	0.0000	1.0474
20py04	1	19	1	1	2.0000	1.0000	-1.0000	0.0175	NaN	NaN	NaN	590949.7660	590950.1786	0.0000	1.0000	0.7750
20py04	1	20	1	1	1.0000	1.0000	-1.0000	NaN	6.8471	-6.4263	15.0812	590953.3281	590953.6325	0.0000	1.0000	0.3606
20py04	1	20	1	1	2.0000	1.0000	1.0000	0.3211	NaN	NaN	NaN	590954.5332	590954.9451	1.0000	1.0000	0.1206
20py04	1	21	1	1	1.0000	1.0000	-1.0000	NaN	4.0667	-4.9842	15.1424	590957.7298	590958.0362	1.0000	0.0000	0.3105
20py04	1	21	1	1	2.0000	1.0000	-1.0000	0.1558	NaN	NaN	NaN	590958.9175	590959.3281	0.0000	1.0000	0.4255
20py04	1	22	1	1	1.0000	1.0000	1.0000	NaN	4.0915	1.7145	15.3168	590961.7599	590962.0643	1.0000	1.0000	0.2488
20py04	1	22	1	1	2.0000	1.0000	1.0000	0.2201	NaN	NaN	NaN	590962.8687	590963.2892	1.0000	1.0000	0.3519
20py04	1	23	1	1	1.0000	1.0000	-1.0000	NaN	3.2550	-3.9230	14.7049	590966.3547	590966.6588	0.0000	1.0000	1.0797
20py04	1	23	1	1	2.0000	1.0000	1.0000	0.1976	NaN	NaN	NaN	590968.2933	590968.7110	0.0000	0.0000	0.8992
20py04	1	24	1	1	1.0000	1.0000	-1.0000	NaN	4.3509	-3.3759	14.2840	590971.6741	590971.9783	0.0000	1.0000	0.2398
20py04	1	24	1	1	2.0000	1.0000	1.0000	0.1065	NaN	NaN	NaN	590972.7756	590973.1941	1.0000	1.0000	0.2878
20py04	1	25	1	1	1.0000	1.0000	1.0000	NaN	3.4509	2.8803	17.0158	590975.6282	590975.9336	0.0000	0.0000	0.3328
20py04	1	25	1	1	2.0000	1.0000	-1.0000	0.1399	NaN	NaN	NaN	590976.8400	590977.2371	0.0000	1.0000	0.3559
20py04	1	26	1	1	1.0000	1.0000	-1.0000	NaN	2.2545	-4.4930	15.1620	590979.5984	590979.9013	0.0000	1.0000	0.3957
20py04	1	26	1	1	2.0000	1.0000	1.0000	0.0377	NaN	NaN	NaN	590980.8177	590981.1703	1.0000	1.0000	0.0005
20py04	1	27	1	1	1.0000	1.0000	1.0000	NaN	3.9101	5.7704	14.1986	590983.0762	590983.3784	1.0000	1.0000	0.1837
20py04	1	27	1	1	2.0000	1.0000	1.0000	0.0540	NaN	NaN	NaN	590984.1134	590984.4983	1.0000	1.0000	0.0007
20py04	1	28	1	1	1.0000	1.0000	1.0000	NaN	4.5738	4.4152	14.5569	590986.6563	590986.9585	1.0000	1.0000	0.2361
20py04	1	28	1	1	2.0000	1.0000	1.0000	0.0843	NaN	NaN	NaN	590987.7939	590988.1478	1.0000	1.0000	0.0703
20py04	1	29	1	1	1.0000	1.0000	-1.0000	NaN	5.0768	-7.2045	15.6711	590990.7071	590991.0093	0.0000	1.0000	0.2638
20py04	1	29	1	1	2.0000	1.0000	1.0000	0.3070	NaN	NaN	NaN	590991.8105	590992.1643	1.0000	1.0000	0.0007
20py04	1	30	1	1	1.0000	1.0000	1.0000	NaN	2.9164	4.2596	16.3935	590994.7771	590995.0793	1.0000	1.0000	0.2097
20py04	1	30	1	1	2.0000	1.0000	1.0000	0.2951	NaN	NaN	NaN	590995.8583	590996.2142	1.0000	1.0000	0.1008
20py04	1	31	1	1	1.0000	1.0000	-1.0000	NaN	2.2070	-1.0748	14.1745	590998.4914	590998.7935	1.0000	0.0000	0.2560
20py04	1	31	1	1	2.0000	1.0000	-1.0000	0.3183	NaN	NaN	NaN	590999.6818	591000.0361	0.0000	1.0000	0.2302
20py04	1	32	1	1	1.0000	1.0000	-1.0000	NaN	7.8551	-9.6059	15.3498	591002.6717	591002.9738	0.0000	1.0000	0.2363
20py04	1	32	1	1	2.0000	1.0000	1.0000	0.1754	NaN	NaN	NaN	591003.7623	591004.1178	1.0000	1.0000	0.2432
20py04	1	33	1	1	1.0000	1.0000	-1.0000	NaN	6.3282	-5.3012	13.9272	591006.6401	591006.9423	0.0000	1.0000	0.1707
20py04	1	33	1	1	2.0000	1.0000	1.0000	0.3058	NaN	NaN	NaN	591007.6505	591008.0023	1.0000	1.0000	0.3280
20py04	1	34	1	1	1.0000	1.0000	1.0000	NaN	0.1678	1.8696	14.3534	591010.4033	591010.7054	1.0000	1.0000	0.4888
20py04	1	34	1	1	2.0000	1.0000	1.0000	0.1125	NaN	NaN	NaN	591011.7301	591012.0841	1.0000	1.0000	0.5019
20py04	1	35	1	1	1.0000	1.0000	1.0000	NaN	7.5672	6.1496	15.5236	591014.9065	591015.2087	1.0000	1.0000	0.1778
20py04	1	35	1	1	2.0000	1.0000	1.0000	0.2254	NaN	NaN	NaN	591015.9704	591016.3233	1.0000	1.0000	0.1670
20py04	1	36	1	1	1.0000	1.0000	1.0000	NaN	2.9216	2.2250	15.5980	591018.6450	591018.9481	0.0000	0.0000	0.3577
20py04	1	36	1	1	2.0000	1.0000	-1.0000	0.2030	NaN	NaN	NaN	591019.8254	591020.1795	0.0000	1.0000	0.3414
20py04	1	37	1	1	1.0000	1.0000	-1.0000	NaN	5.1535	-4.1769	16.4406	591022.7021	591023.0042	0.0000	1.0000	0.3168
20py04	1	37	1	1	2.0000	1.0000	1.0000	0.1366	NaN	NaN	NaN	591023.8580	591024.2127	1.0000	1.0000	0.3412
20py04	1	38	1	1	1.0000	1.0000	-1.0000	NaN	6.3541	-7.2072	13.0780	591026.8003	591027.1024	0.0000	1.0000	0.2354
20py04	1	38	1	1	2.0000	1.0000	1.0000	0.0933	NaN	NaN	NaN	591027.8901	591028.2460	1.0000	1.0000	0.1320
20py04	1	39	1	1	1.0000	1.0000	1.0000	NaN	7.5146	7.8292	13.9992	591030.4477	591030.7499	1.0000	1.0000	0.2202
20py04	1	39	1	1	2.0000	1.0000	1.0000	0.3450	NaN	NaN	NaN	591031.5568	591031.9745	1.0000	1.0000	0.0985
20py04	1	40	1	1	1.0000	1.0000	1.0000	NaN	0.2247	0.6809	15.3697	591034.3204	591034.6252	1.0000	1.0000	0.2484
20py04	1	40	1	1	2.0000	1.0000	1.0000	0.0258	NaN	NaN	NaN	591035.4619	591035.8748	1.0000	1.0000	0.0074
20py04	1	41	1	1	1.0000	1.0000	-1.0000	NaN	0.9318	-1.0823	15.1010	591038.1073	591038.4122	1.0000	0.0000	0.3018
20py04	1	41	1	1	2.0000	1.0000	-1.0000	0.3870	NaN	NaN	NaN	591039.3184	591039.7413	0.0000	1.0000	0.1077
20py04	1	42	1	1	1.0000	1.0000	-1.0000	NaN	3.4120	-2.0896	16.3915	591042.3545	591042.6566	1.0000	0.0000	1.1124
20py04	1	42	1	1	2.0000	1.0000	-1.0000	0.3749	NaN	NaN	NaN	591044.3544	591044.7118	0.0000	1.0000	0.1772
20py04	1	43	1	1	1.0000	1.0000	1.0000	NaN	1.6927	3.3989	14.4161	591047.3625	591047.6646	1.0000	1.0000	0.2323
20py04	1	43	1	1	2.0000	1.0000	1.0000	0.0506	NaN	NaN	NaN	591048.4832	591048.8336	0.0000	0.0000	0.3280
20py04	1	44	1	1	1.0000	1.0000	-1.0000	NaN	2.5922	-2.3115	14.2932	591051.1596	591051.4622	0.0000	1.0000	0.4994
20py04	1	44	1	1	2.0000	1.0000	1.0000	0.1408	NaN	NaN	NaN	591052.4982	591052.8500	1.0000	1.0000	0.1681
20py04	1	45	1	1	1.0000	1.0000	-1.0000	NaN	6.4270	-6.8527	15.6980	591055.4903	591055.7925	1.0000	0.0000	0.2645
20py04	1	45	1	1	2.0000	1.0000	-1.0000	0.3171	NaN	NaN	NaN	591056.5936	591056.9486	0.0000	1.0000	0.2443
20py04	1	46	1	1	1.0000	1.0000	-1.0000	NaN	4.3806	-4.1245	13.0556	591059.2760	591059.5788	1.0000	0.0000	0.9273
20py04	1	46	1	1	2.0000	1.0000	-1.0000	0.0460	NaN	NaN	NaN	591061.0579	591061.4150	1.0000	0.0000	0.4357
20py04	1	47	1	1	1.0000	1.0000	-1.0000	NaN	5.5701	-6.8387	15.4289	591064.2109	591064.5138	0.0000	1.0000	0.4083
20py04	1	47	1	1	2.0000	1.0000	1.0000	0.2411	NaN	NaN	NaN	591065.5062	591065.8604	1.0000	1.0000	0.2605
20py04	1	48	1	1	1.0000	1.0000	-1.0000	NaN	8.0145	-7.8182	14.9173	591068.5935	591068.8968	0.0000	1.0000	0.2161
20py04	1	48	1	1	2.0000	1.0000	1.0000	0.0897	NaN	NaN	NaN	591069.6509	591070.0008	1.0000	1.0000	0.0005
20py04	1	49	1	1	1.0000	1.0000	-1.0000	NaN	6.8430	-6.9987	16.2568	591072.2416	591072.5442	0.0000	1.0000	0.3447
20py04	1	49	1	1	2.0000	1.0000	1.0000	0.1925	NaN	NaN	NaN	591073.4738	591073.8311	1.0000	1.0000	1.2979
20py04	1	50	1	1	1.0000	1.0000	-1.0000	NaN	4.9728	-6.6741	14.9352	591077.4658	591077.7707	0.0000	1.0000	0.2542
20py04	1	50	1	1	2.0000	1.0000	1.0000	0.0032	NaN	NaN	NaN	591078.5992	591079.0170	1.0000	1.0000	0.6727
20py04	2	1	1	1	1.0000	1.0000	-1.0000	NaN	7.2152	-7.9248	16.7030	591088.4157	591088.7206	0.0000	1.0000	0.2483
20py04	2	1	1	1	2.0000	1.0000	1.0000	0.3840	NaN	NaN	NaN	591089.5096	591089.9351	1.0000	1.0000	0.1062
20py04	2	2	1	1	1.0000	1.0000	1.0000	NaN	0.2323	0.7701	15.4385	591092.5516	591092.8563	0.0000	0.0000	0.2099
20py04	2	2	1	1	2.0000	1.0000	-1.0000	0.1199	NaN	NaN	NaN	591093.6057	591094.0209	1.0000	0.0000	0.0006
20py04	2	3	1	1	1.0000	1.0000	1.0000	NaN	7.6864	9.1533	14.8584	591096.2224	591096.5286	1.0000	1.0000	0.2016
20py04	2	3	1	1	2.0000	1.0000	1.0000	0.2175	NaN	NaN	NaN	591097.2538	591097.6478	1.0000	1.0000	0.2660
20py04	2	4	1	1	1.0000	1.0000	1.0000	NaN	2.4143	2.2706	15.0136	591099.8451	591100.1473	1.0000	1.0000	0.4392
20py04	2	4	1	1	2.0000	1.0000	1.0000	0.3585	NaN	NaN	NaN	591101.1863	591101.5424	1.0000	1.0000	0.3385
20py04	2	5	1	1	1.0000	1.0000	1.0000	NaN	5.5609	4.7601	15.7678	591103.8537	591104.1559	1.0000	1.0000	0.3650
20py04	2	5	1	1	2.0000	1.0000	1.0000	0.3217	NaN	NaN	NaN	591105.1221	591105.4795	1.0000	1.0000	0.3854
20py04	2	6	1	1	1.0000	1.0000	-1.0000	NaN	5.1172	-5.1338	14.4289	591108.1624	591108.4646	0.0000	1.0000	1.0336
20py04	2	6	1	1	2.0000	1.0000	1.0000	0.2061	NaN	NaN	NaN	591110.0822	591110.4354	1.0000	1.0000	0.3583
20py04	2	7	1	1	1.0000	1.0000	1.0000	NaN	4.6380	6.0095	14.4513	591113.2159	591113.5180	1.0000	1.0000	0.2200
20py04	2	7	1	1	2.0000	1.0000	1.0000	0.0790	NaN	NaN	NaN	591114.2580	591114.6123	1.0000	1.0000	0.8046
20py04	2	8	1	1	1.0000	1.0000	-1.0000	NaN	5.0066	-8.1212	12.7754	591117.6915	591117.9943	0.0000	1.0000	0.2553
20py04	2	8	1	1	2.0000	1.0000	1.0000	0.1413	NaN	NaN	NaN	591118.7538	591119.1079	1.0000	1.0000	0.1810
20py04	2	9	1	1	1.0000	1.0000	1.0000	NaN	1.2165	1.4029	14.4141	591121.4016	591121.7039	1.0000	1.0000	0.4330
20py04	2	9	1	1	2.0000	1.0000	1.0000	0.1882	NaN	NaN	NaN	591122.7252	591123.1365	1.0000	1.0000	0.0728
20py04	2	10	1	1	1.0000	1.0000	-1.0000	NaN	2.4182	-1.7772	13.9080	591125.4786	591125.7830	0.0000	1.0000	0.9951
20py04	2	10	1	1	2.0000	1.0000	1.0000	0.2528	NaN	NaN	NaN	591127.3517	591127.7343	1.0000	1.0000	0.2917
20py04	2	11	1	1	1.0000	1.0000	1.0000	NaN	2.7691	2.1209	15.3902	591130.4221	591130.7246	1.0000	1.0000	0.3256
20py04	2	11	1	1	2.0000	1.0000	1.0000	0.1876	NaN	NaN	NaN	591131.5850	591131.9408	1.0000	1.0000	0.4847
20py04	2	12	1	1	1.0000	1.0000	1.0000	NaN	1.2513	0.2745	14.3946	591134.8804	591135.1826	1.0000	1.0000	0.4426
20py04	2	12	1	1	2.0000	1.0000	1.0000	0.1754	NaN	NaN	NaN	591136.1308	591136.4808	1.0000	1.0000	0.1521
20py04	2	13	1	1	1.0000	1.0000	1.0000	NaN	2.2095	1.3198	14.3804	591138.8242	591139.1266	1.0000	1.0000	0.2109
20py04	2	13	1	1	2.0000	1.0000	1.0000	0.0832	NaN	NaN	NaN	591139.9211	591140.2776	1.0000	1.0000	0.1792
20py04	2	14	1	1	1.0000	1.0000	-1.0000	NaN	6.0255	-6.2532	14.3499	591142.9953	591143.2975	0.0000	1.0000	0.3279
20py04	2	14	1	1	2.0000	1.0000	1.0000	0.1957	NaN	NaN	NaN	591144.1947	591144.5454	1.0000	1.0000	0.2321
20py04	2	15	1	1	1.0000	1.0000	-1.0000	NaN	1.4556	-2.3123	15.9961	591147.0820	591147.3842	0.0000	1.0000	0.3051
20py04	2	15	1	1	2.0000	1.0000	1.0000	0.2243	NaN	NaN	NaN	591148.2259	591148.5785	1.0000	1.0000	0.1183
20py04	2	16	1	1	1.0000	1.0000	-1.0000	NaN	0.9387	-0.4006	15.2391	591150.6869	591150.9892	1.0000	0.0000	0.3328
20py04	2	16	1	1	2.0000	1.0000	-1.0000	0.0863	NaN	NaN	NaN	591151.9053	591152.2605	1.0000	0.0000	0.2924
20py04	2	17	1	1	1.0000	1.0000	1.0000	NaN	3.5239	3.6209	13.5553	591154.9309	591155.2331	1.0000	1.0000	0.3918
20py04	2	17	1	1	2.0000	1.0000	1.0000	0.2849	NaN	NaN	NaN	591156.1783	591156.5300	1.0000	1.0000	0.1988
20py04	2	18	1	1	1.0000	1.0000	-1.0000	NaN	6.3354	-6.4457	14.5717	591159.1265	591159.4286	0.0000	1.0000	0.2608
20py04	2	18	1	1	2.0000	1.0000	1.0000	0.1935	NaN	NaN	NaN	591160.2260	591160.5779	1.0000	1.0000	0.1829
20py04	2	19	1	1	1.0000	1.0000	-1.0000	NaN	3.8036	-3.1800	15.1337	591162.8829	591163.1852	1.0000	0.0000	0.8249
20py04	2	19	1	1	2.0000	1.0000	-1.0000	0.0050	NaN	NaN	NaN	591164.6266	591164.9776	1.0000	0.0000	0.6798
20py04	2	20	1	1	1.0000	1.0000	1.0000	NaN	7.5800	9.5666	15.1854	591168.1666	591168.4705	1.0000	1.0000	0.3703
20py04	2	20	1	1	2.0000	1.0000	1.0000	0.2251	NaN	NaN	NaN	591169.4305	591169.8124	1.0000	1.0000	0.0005
20py04	2	21	1	1	1.0000	1.0000	1.0000	NaN	6.2216	4.2919	15.1267	591172.1960	591172.4981	0.0000	0.0000	1.1427
20py04	2	21	1	1	2.0000	1.0000	-1.0000	0.1658	NaN	NaN	NaN	591174.2417	591174.5939	0.0000	1.0000	0.4389
20py04	2	22	1	1	1.0000	1.0000	1.0000	NaN	3.5030	4.0116	14.6327	591177.1050	591177.4080	1.0000	1.0000	0.2660
20py04	2	22	1	1	2.0000	1.0000	1.0000	0.2706	NaN	NaN	NaN	591178.1945	591178.5453	1.0000	1.0000	0.2486
20py04	2	23	1	1	1.0000	1.0000	1.0000	NaN	6.3507	7.0498	14.5182	591181.3753	591181.6775	1.0000	1.0000	0.1874
20py04	2	23	1	1	2.0000	1.0000	1.0000	0.0209	NaN	NaN	NaN	591182.4501	591182.8046	0.0000	0.0000	0.7569
20py04	2	24	1	1	1.0000	1.0000	-1.0000	NaN	0.4910	-0.4350	15.0730	591185.5757	591185.8779	1.0000	0.0000	0.5002
20py04	2	24	1	1	2.0000	1.0000	-1.0000	0.0945	NaN	NaN	NaN	591186.9783	591187.3311	1.0000	0.0000	0.3737
20py04	2	25	1	1	1.0000	1.0000	1.0000	NaN	0.9038	1.2454	14.5794	591189.9945	591190.2968	1.0000	1.0000	0.6093
20py04	2	25	1	1	2.0000	1.0000	1.0000	0.0387	NaN	NaN	NaN	591191.4729	591191.8263	1.0000	1.0000	0.8866
20py04	2	26	1	1	1.0000	1.0000	1.0000	NaN	4.1070	4.1057	13.8517	591195.1508	591195.4529	1.0000	1.0000	1.0526
20py04	2	26	1	1	2.0000	1.0000	1.0000	0.1753	NaN	NaN	NaN	591197.1059	591197.4594	1.0000	1.0000	0.5825
20py04	2	27	1	1	1.0000	1.0000	1.0000	NaN	1.7666	1.6260	14.3505	591200.5627	591200.8649	1.0000	1.0000	0.9839
20py04	2	27	1	1	2.0000	1.0000	1.0000	0.2115	NaN	NaN	NaN	591202.4017	591202.7579	1.0000	1.0000	0.4040
20py04	2	28	1	1	1.0000	1.0000	-1.0000	NaN	4.3106	-5.2426	15.1243	591205.7243	591206.0264	0.0000	1.0000	0.5103
20py04	2	28	1	1	2.0000	1.0000	1.0000	0.1684	NaN	NaN	NaN	591207.1377	591207.4910	1.0000	1.0000	0.2777
20py04	2	29	1	1	1.0000	1.0000	1.0000	NaN	0.3136	0.4582	15.5630	591210.1073	591210.4096	1.0000	1.0000	0.2872
20py04	2	29	1	1	2.0000	1.0000	1.0000	0.0672	NaN	NaN	NaN	591211.3139	591211.6701	1.0000	1.0000	0.6107
20py04	2	30	1	1	1.0000	1.0000	-1.0000	NaN	1.7268	-1.5909	15.3038	591214.3590	591214.6631	0.0000	1.0000	0.5309
20py04	2	30	1	1	2.0000	1.0000	1.0000	0.2954	NaN	NaN	NaN	591215.7974	591216.2199	1.0000	1.0000	0.3021
20py04	2	31	1	1	1.0000	1.0000	-1.0000	NaN	3.3899	-2.5416	14.0801	591219.0614	591219.3659	0.0000	1.0000	0.7241
20py04	2	31	1	1	2.0000	1.0000	1.0000	0.3685	NaN	NaN	NaN	591220.6953	591221.0796	1.0000	1.0000	0.3051
20py04	2	32	1	1	1.0000	1.0000	1.0000	NaN	3.9343	5.6318	13.8459	591223.4812	591223.7834	1.0000	1.0000	0.3704
20py04	2	32	1	1	2.0000	1.0000	1.0000	0.1492	NaN	NaN	NaN	591224.7060	591225.0580	1.0000	1.0000	0.5203
20py04	2	33	1	1	1.0000	1.0000	1.0000	NaN	1.0864	0.2938	15.0169	591227.5111	591227.8132	1.0000	1.0000	0.5802
20py04	2	33	1	1	2.0000	1.0000	1.0000	0.2524	NaN	NaN	NaN	591229.0263	591229.3762	1.0000	1.0000	0.4086
20py04	2	34	1	1	1.0000	1.0000	-1.0000	NaN	4.2501	-1.1873	14.8039	591231.9713	591232.2736	1.0000	0.0000	0.7112
20py04	2	34	1	1	2.0000	1.0000	-1.0000	0.0509	NaN	NaN	NaN	591233.6021	591233.9562	1.0000	0.0000	0.4367
20py04	2	35	1	1	1.0000	1.0000	1.0000	NaN	2.1576	3.3014	15.4659	591236.7125	591237.0147	0.0000	0.0000	0.4186
20py04	2	35	1	1	2.0000	1.0000	-1.0000	0.0236	NaN	NaN	NaN	591237.9853	591238.3393	1.0000	0.0000	0.5983
20py04	2	36	1	1	1.0000	1.0000	1.0000	NaN	4.0818	4.7361	13.5290	591241.2514	591241.5547	0.0000	0.0000	1.3981
20py04	2	36	1	1	2.0000	1.0000	-1.0000	0.3796	NaN	NaN	NaN	591243.5065	591243.8570	0.0000	1.0000	0.4238
20py04	2	37	1	1	1.0000	1.0000	-1.0000	NaN	0.4969	-1.4286	15.0930	591246.3054	591246.6076	0.0000	1.0000	0.5051
20py04	2	37	1	1	2.0000	1.0000	1.0000	0.0969	NaN	NaN	NaN	591247.6819	591248.0388	1.0000	1.0000	0.3379
20py04	2	38	1	1	1.0000	1.0000	-1.0000	NaN	3.9796	-1.9699	14.6177	591251.0169	591251.3203	0.0000	1.0000	0.2892
20py04	2	38	1	1	2.0000	1.0000	1.0000	0.3005	NaN	NaN	NaN	591252.1619	591252.5178	1.0000	1.0000	0.2282
20py04	2	39	1	1	1.0000	1.0000	1.0000	NaN	4.0708	2.2829	14.2002	591255.0746	591255.3768	1.0000	1.0000	0.4889
20py04	2	39	1	1	2.0000	1.0000	1.0000	0.0930	NaN	NaN	NaN	591256.4499	591256.8051	1.0000	1.0000	0.6921
20py04	2	40	1	1	1.0000	1.0000	-1.0000	NaN	7.6552	-7.0550	14.3921	591259.9578	591260.2616	0.0000	1.0000	0.7391
20py04	2	40	1	1	2.0000	1.0000	1.0000	0.2996	NaN	NaN	NaN	591261.6050	591262.0118	1.0000	1.0000	0.2853
20py04	2	41	1	1	1.0000	1.0000	1.0000	NaN	1.7821	2.5340	13.5795	591264.4276	591264.7325	1.0000	1.0000	0.2695
20py04	2	41	1	1	2.0000	1.0000	1.0000	0.2432	NaN	NaN	NaN	591265.5123	591265.9424	1.0000	1.0000	0.3395
20py04	2	42	1	1	1.0000	1.0000	-1.0000	NaN	0.6337	-1.1372	14.3588	591268.5232	591268.8281	0.0000	1.0000	0.9406
20py04	2	42	1	1	2.0000	1.0000	1.0000	0.2285	NaN	NaN	NaN	591270.3430	591270.7624	1.0000	1.0000	0.3668
20py04	2	43	1	1	1.0000	1.0000	1.0000	NaN	0.7753	0.6430	15.9289	591273.5043	591273.8088	0.0000	0.0000	0.3926
20py04	2	43	1	1	2.0000	1.0000	-1.0000	0.1948	NaN	NaN	NaN	591274.8070	591275.2240	0.0000	1.0000	0.4333
20py04	2	44	1	1	1.0000	1.0000	-1.0000	NaN	5.1942	-2.6390	15.4973	591277.8546	591278.1591	0.0000	1.0000	0.2816
20py04	2	44	1	1	2.0000	1.0000	1.0000	0.0189	NaN	NaN	NaN	591278.9965	591279.3833	1.0000	1.0000	0.4174
20py04	2	45	1	1	1.0000	1.0000	1.0000	NaN	3.5833	3.8272	14.0869	591282.3827	591282.6860	0.0000	0.0000	1.2752
20py04	2	45	1	1	2.0000	1.0000	-1.0000	0.3461	NaN	NaN	NaN	591284.5142	591284.8703	0.0000	1.0000	0.3390
20py04	2	46	1	1	1.0000	1.0000	1.0000	NaN	5.8452	5.9629	13.1624	591287.1710	591287.4732	1.0000	1.0000	0.3115
20py04	2	46	1	1	2.0000	1.0000	1.0000	0.2811	NaN	NaN	NaN	591288.3231	591288.6731	1.0000	1.0000	0.4406
20py04	2	47	1	1	1.0000	1.0000	-1.0000	NaN	0.1556	-0.5403	15.0080	591291.5477	591291.8507	0.0000	1.0000	0.4620
20py04	2	47	1	1	2.0000	1.0000	1.0000	0.1058	NaN	NaN	NaN	591292.8652	591293.2199	1.0000	1.0000	0.4687
20py04	2	48	1	1	1.0000	1.0000	-1.0000	NaN	3.6804	-4.9453	15.8669	591295.7864	591296.0886	0.0000	1.0000	0.2881
20py04	2	48	1	1	2.0000	1.0000	1.0000	0.2815	NaN	NaN	NaN	591296.9616	591297.3155	1.0000	1.0000	0.3419
20py04	2	49	1	1	1.0000	1.0000	-1.0000	NaN	2.1175	-2.6641	15.1352	591299.6695	591299.9717	0.0000	1.0000	0.3249
20py04	2	49	1	1	2.0000	1.0000	1.0000	0.1097	NaN	NaN	NaN	591300.8338	591301.1875	1.0000	1.0000	0.2790
20py04	2	50	1	1	1.0000	1.0000	-1.0000	NaN	5.3205	-3.9330	13.4678	591303.4133	591303.7157	0.0000	1.0000	0.3581
20py04	2	50	1	1	2.0000	1.0000	1.0000	0.3413	NaN	NaN	NaN	591304.6418	591304.9987	1.0000	1.0000	0.2740
20py04	3	1	1	1	1.0000	1.0000	1.0000	NaN	3.8212	3.6622	13.9921	591308.7568	591309.0614	0.0000	0.0000	0.3404
20py04	3	1	1	1	2.0000	1.0000	-1.0000	0.2264	NaN	NaN	NaN	591309.9595	591310.3818	0.0000	1.0000	0.2201
20py04	3	2	1	1	1.0000	1.0000	-1.0000	NaN	3.7013	-4.7192	14.9177	591312.9327	591313.2381	0.0000	1.0000	0.3712
20py04	3	2	1	1	2.0000	1.0000	1.0000	0.0766	NaN	NaN	NaN	591314.1165	591314.5190	1.0000	1.0000	0.3073
20py04	3	3	1	1	1.0000	1.0000	1.0000	NaN	3.8464	2.1679	14.3128	591317.3144	591317.6175	1.0000	1.0000	0.3602
20py04	3	3	1	1	2.0000	1.0000	1.0000	0.2786	NaN	NaN	NaN	591318.5458	591318.9020	1.0000	1.0000	0.1318
20py04	3	4	1	1	1.0000	1.0000	-1.0000	NaN	7.0572	-5.7854	13.6309	591321.2210	591321.5233	0.0000	1.0000	0.2453
20py04	3	4	1	1	2.0000	1.0000	1.0000	0.1207	NaN	NaN	NaN	591322.3221	591322.6747	1.0000	1.0000	0.1830
20py04	3	5	1	1	1.0000	1.0000	-1.0000	NaN	0.0098	-0.1666	15.1135	591325.0399	591325.3421	0.0000	1.0000	0.2038
20py04	3	5	1	1	2.0000	1.0000	1.0000	0.1151	NaN	NaN	NaN	591326.1136	591326.4683	1.0000	1.0000	0.2129
20py04	3	6	1	1	1.0000	1.0000	1.0000	NaN	2.4842	2.0333	16.0274	591328.9209	591329.2230	1.0000	1.0000	0.6588
20py04	3	6	1	1	2.0000	1.0000	1.0000	0.3247	NaN	NaN	NaN	591330.4655	591330.8192	1.0000	1.0000	0.1826
20py04	3	7	1	1	1.0000	1.0000	1.0000	NaN	2.6472	5.1828	14.4658	591333.0067	591333.3089	1.0000	1.0000	0.5241
20py04	3	7	1	1	2.0000	1.0000	1.0000	0.1822	NaN	NaN	NaN	591334.3874	591334.7373	1.0000	1.0000	0.5833
20py04	3	8	1	1	1.0000	1.0000	-1.0000	NaN	0.7039	-0.6809	14.6697	591337.5960	591337.8993	0.0000	1.0000	0.5743
20py04	3	8	1	1	2.0000	1.0000	1.0000	0.1091	NaN	NaN	NaN	591339.0260	591339.3801	1.0000	1.0000	0.2936
20py04	3	9	1	1	1.0000	1.0000	1.0000	NaN	1.8357	4.3224	14.2517	591342.0605	591342.3627	1.0000	1.0000	0.2711
20py04	3	9	1	1	2.0000	1.0000	1.0000	0.0934	NaN	NaN	NaN	591343.2499	591343.6020	1.0000	1.0000	0.1833
20py04	3	10	1	1	1.0000	1.0000	1.0000	NaN	4.2272	2.1400	13.3228	591346.3829	591346.6850	1.0000	1.0000	0.4122
20py04	3	10	1	1	2.0000	1.0000	1.0000	0.1214	NaN	NaN	NaN	591347.7139	591348.0672	1.0000	1.0000	0.2145
20py04	3	11	1	1	1.0000	1.0000	-1.0000	NaN	6.7305	-5.8947	12.9385	591350.5939	591350.8960	0.0000	1.0000	0.2979
20py04	3	11	1	1	2.0000	1.0000	1.0000	0.2817	NaN	NaN	NaN	591351.7293	591352.0835	1.0000	1.0000	0.1331
20py04	3	12	1	1	1.0000	1.0000	1.0000	NaN	2.2214	1.5859	14.8578	591354.7072	591355.0114	1.0000	1.0000	0.1665
20py04	3	12	1	1	2.0000	1.0000	1.0000	0.2929	NaN	NaN	NaN	591355.7646	591356.1742	1.0000	1.0000	0.1703
20py04	3	13	1	1	1.0000	1.0000	-1.0000	NaN	1.8550	-2.0631	15.9561	591358.7694	591359.0716	0.0000	1.0000	0.2662
20py04	3	13	1	1	2.0000	1.0000	1.0000	0.0539	NaN	NaN	NaN	591359.8579	591360.2123	1.0000	1.0000	0.0683
20py04	3	14	1	1	1.0000	1.0000	1.0000	NaN	3.4413	3.6272	14.4213	591362.5439	591362.8466	1.0000	1.0000	0.2020
20py04	3	14	1	1	2.0000	1.0000	1.0000	0.0501	NaN	NaN	NaN	591363.6506	591364.0009	1.0000	1.0000	0.3287
20py04	3	15	1	1	1.0000	1.0000	-1.0000	NaN	5.6603	-4.6000	13.9403	591366.6504	591366.9527	1.0000	0.0000	0.3851
20py04	3	15	1	1	2.0000	1.0000	-1.0000	0.0494	NaN	NaN	NaN	591367.9373	591368.2889	1.0000	0.0000	0.2317
20py04	3	16	1	1	1.0000	1.0000	1.0000	NaN	7.9803	8.9203	13.8056	591371.0613	591371.3648	1.0000	1.0000	0.5011
20py04	3	16	1	1	2.0000	1.0000	1.0000	0.3186	NaN	NaN	NaN	591372.4666	591372.8172	1.0000	1.0000	0.0554
20py04	3	17	1	1	1.0000	1.0000	-1.0000	NaN	7.8322	-7.4177	16.0291	591375.0950	591375.3979	0.0000	1.0000	0.2747
20py04	3	17	1	1	2.0000	1.0000	1.0000	0.1432	NaN	NaN	NaN	591376.2099	591376.5657	1.0000	1.0000	0.1794
20py04	3	18	1	1	1.0000	1.0000	-1.0000	NaN	3.0129	-1.8482	15.6308	591378.7737	591379.0759	0.0000	1.0000	0.2613
20py04	3	18	1	1	2.0000	1.0000	1.0000	0.1139	NaN	NaN	NaN	591379.8897	591380.2447	1.0000	1.0000	0.1645
20py04	3	19	1	1	1.0000	1.0000	1.0000	NaN	0.1967	1.3948	14.7994	591382.7879	591383.0901	1.0000	1.0000	0.2795
20py04	3	19	1	1	2.0000	1.0000	1.0000	0.2026	NaN	NaN	NaN	591383.9538	591384.3043	1.0000	1.0000	0.2646
20py04	3	20	1	1	1.0000	1.0000	1.0000	NaN	7.9238	9.7670	15.3898	591386.7901	591387.0923	1.0000	1.0000	0.2442
20py04	3	20	1	1	2.0000	1.0000	1.0000	0.2019	NaN	NaN	NaN	591387.9375	591388.2945	1.0000	1.0000	0.2907
20py04	3	21	1	1	1.0000	1.0000	1.0000	NaN	5.3890	3.8722	14.9999	591390.7815	591391.0837	0.0000	0.0000	0.9739
20py04	3	21	1	1	2.0000	1.0000	-1.0000	0.0308	NaN	NaN	NaN	591392.6098	591392.9649	1.0000	0.0000	0.5316
20py04	3	22	1	1	1.0000	1.0000	-1.0000	NaN	6.6558	-7.3369	14.9699	591395.7257	591396.0286	0.0000	1.0000	0.2206
20py04	3	22	1	1	2.0000	1.0000	1.0000	0.0329	NaN	NaN	NaN	591396.8020	591397.1540	1.0000	1.0000	0.4065
20py04	3	23	1	1	1.0000	1.0000	1.0000	NaN	6.5367	3.2399	15.3396	591399.5735	591399.8780	1.0000	1.0000	0.4031
20py04	3	23	1	1	2.0000	1.0000	1.0000	0.2013	NaN	NaN	NaN	591400.8707	591401.2509	1.0000	1.0000	0.1029
20py04	3	24	1	1	1.0000	1.0000	-1.0000	NaN	1.5158	-1.5997	15.8087	591403.4169	591403.7192	0.0000	1.0000	0.6093
20py04	3	24	1	1	2.0000	1.0000	1.0000	0.0381	NaN	NaN	NaN	591404.8506	591405.2007	1.0000	1.0000	0.2812
20py04	3	25	1	1	1.0000	1.0000	1.0000	NaN	2.4765	0.7948	14.9309	591408.0027	591408.3048	1.0000	1.0000	0.5209
20py04	3	25	1	1	2.0000	1.0000	1.0000	0.1457	NaN	NaN	NaN	591409.4257	591409.7808	1.0000	1.0000	0.3717
20py04	3	26	1	1	1.0000	1.0000	1.0000	NaN	7.7606	9.0167	14.0770	591412.2653	591412.5675	1.0000	1.0000	0.3534
20py04	3	26	1	1	2.0000	1.0000	1.0000	0.3687	NaN	NaN	NaN	591413.5053	591413.8596	1.0000	1.0000	0.2136
20py04	3	27	1	1	1.0000	1.0000	1.0000	NaN	6.7432	9.3657	16.2300	591416.2695	591416.5718	1.0000	1.0000	0.3021
20py04	3	27	1	1	2.0000	1.0000	1.0000	0.1385	NaN	NaN	NaN	591417.4738	591417.8303	1.0000	1.0000	0.2583
20py04	3	28	1	1	1.0000	1.0000	-1.0000	NaN	6.5349	-9.0211	15.4162	591420.3497	591420.6519	0.0000	1.0000	0.3176
20py04	3	28	1	1	2.0000	1.0000	1.0000	0.2132	NaN	NaN	NaN	591421.5532	591421.9094	1.0000	1.0000	0.1952
20py04	3	29	1	1	1.0000	1.0000	1.0000	NaN	6.5843	6.9987	15.7613	591424.5434	591424.8455	1.0000	1.0000	0.2190
20py04	3	29	1	1	2.0000	1.0000	1.0000	0.3056	NaN	NaN	NaN	591425.6501	591426.0025	1.0000	1.0000	0.1183
20py04	3	30	1	1	1.0000	1.0000	-1.0000	NaN	0.8714	-0.8443	14.9981	591428.6876	591428.9898	0.0000	1.0000	0.5396
20py04	3	30	1	1	2.0000	1.0000	1.0000	0.0633	NaN	NaN	NaN	591430.0660	591430.4162	1.0000	1.0000	0.3133
20py04	3	31	1	1	1.0000	1.0000	-1.0000	NaN	7.4806	-6.5304	15.6062	591433.0847	591433.3868	0.0000	1.0000	0.3988
20py04	3	31	1	1	2.0000	1.0000	1.0000	0.0307	NaN	NaN	NaN	591434.3533	591434.7086	1.0000	1.0000	0.2132
20py04	3	32	1	1	1.0000	1.0000	1.0000	NaN	6.9802	7.1734	13.4568	591437.3430	591437.6450	1.0000	1.0000	0.3955
20py04	3	32	1	1	2.0000	1.0000	1.0000	0.1610	NaN	NaN	NaN	591438.6094	591438.9638	0.0000	0.0000	0.4217
20py04	3	33	1	1	1.0000	1.0000	-1.0000	NaN	7.3045	-8.3589	13.5130	591441.6583	591441.9612	0.0000	1.0000	0.2568
20py04	3	33	1	1	2.0000	1.0000	1.0000	0.0295	NaN	NaN	NaN	591442.7694	591443.1250	1.0000	1.0000	0.0007
20py04	3	34	1	1	1.0000	1.0000	-1.0000	NaN	6.6809	-5.8265	16.6235	591444.9916	591445.2945	0.0000	1.0000	0.1870
20py04	3	34	1	1	2.0000	1.0000	1.0000	0.3582	NaN	NaN	NaN	591446.0495	591446.4467	1.0000	1.0000	0.1698
20py04	3	35	1	1	1.0000	1.0000	1.0000	NaN	2.2646	1.6784	13.9706	591448.7950	591449.0973	0.0000	0.0000	1.1516
20py04	3	35	1	1	2.0000	1.0000	-1.0000	0.0953	NaN	NaN	NaN	591450.8328	591451.1847	1.0000	0.0000	0.6958
20py04	3	36	1	1	1.0000	1.0000	-1.0000	NaN	4.3593	-5.0357	15.3892	591453.8450	591454.1471	0.0000	1.0000	0.4374
20py04	3	36	1	1	2.0000	1.0000	1.0000	0.2535	NaN	NaN	NaN	591455.1376	591455.4908	1.0000	1.0000	0.3588
20py04	3	37	1	1	1.0000	1.0000	-1.0000	NaN	3.0530	-3.3448	14.6726	591457.7204	591458.0225	0.0000	1.0000	0.4660
20py04	3	37	1	1	2.0000	1.0000	1.0000	0.3337	NaN	NaN	NaN	591459.0251	591459.3795	1.0000	1.0000	0.3100
20py04	3	38	1	1	1.0000	1.0000	-1.0000	NaN	7.2712	-7.2096	14.2122	591461.8626	591462.1648	0.0000	1.0000	0.2449
20py04	3	38	1	1	2.0000	1.0000	1.0000	0.2792	NaN	NaN	NaN	591462.9470	591463.2977	1.0000	1.0000	0.3439
20py04	3	39	1	1	1.0000	1.0000	1.0000	NaN	7.9104	8.3108	14.9116	591466.0725	591466.3755	1.0000	1.0000	0.2729
20py04	3	39	1	1	2.0000	1.0000	1.0000	0.0939	NaN	NaN	NaN	591467.2338	591467.5905	1.0000	1.0000	0.6106
20py04	3	40	1	1	1.0000	1.0000	1.0000	NaN	3.5178	3.3459	16.1653	591470.0400	591470.3431	1.0000	1.0000	0.6419
20py04	3	40	1	1	2.0000	1.0000	1.0000	0.3844	NaN	NaN	NaN	591471.5374	591471.8941	1.0000	1.0000	0.1943
20py04	3	41	1	1	1.0000	1.0000	-1.0000	NaN	1.2118	-1.4164	15.8141	591474.3135	591474.6158	0.0000	1.0000	0.2892
20py04	3	41	1	1	2.0000	1.0000	1.0000	0.3115	NaN	NaN	NaN	591475.4406	591475.7940	1.0000	1.0000	0.2155
20py04	3	42	1	1	1.0000	1.0000	-1.0000	NaN	5.5129	-6.0878	14.4896	591478.4728	591478.7760	0.0000	1.0000	0.3541
20py04	3	42	1	1	2.0000	1.0000	1.0000	0.0634	NaN	NaN	NaN	591479.6817	591480.0334	1.0000	1.0000	0.2964
20py04	3	43	1	1	1.0000	1.0000	1.0000	NaN	0.8125	0.8867	16.2360	591482.3842	591482.6865	1.0000	1.0000	0.1871
20py04	3	43	1	1	2.0000	1.0000	1.0000	0.1343	NaN	NaN	NaN	591483.4896	591483.8437	1.0000	1.0000	0.3254
20py04	3	44	1	1	1.0000	1.0000	-1.0000	NaN	6.2026	-6.8904	13.6592	591486.0994	591486.4017	0.0000	1.0000	0.2468
20py04	3	44	1	1	2.0000	1.0000	1.0000	0.2407	NaN	NaN	NaN	591487.1857	591487.5392	1.0000	1.0000	0.3093
20py04	3	45	1	1	1.0000	1.0000	-1.0000	NaN	0.5092	-1.5745	14.9483	591490.2700	591490.5722	1.0000	0.0000	0.2687
20py04	3	45	1	1	2.0000	1.0000	-1.0000	0.3232	NaN	NaN	NaN	591491.4100	591491.7611	0.0000	1.0000	0.2793
20py04	3	46	1	1	1.0000	1.0000	1.0000	NaN	7.2709	7.4845	15.5294	591494.1556	591494.4616	1.0000	1.0000	0.2999
20py04	3	46	1	1	2.0000	1.0000	1.0000	0.2925	NaN	NaN	NaN	591495.2842	591495.7004	1.0000	1.0000	0.1651
20py04	3	47	1	1	1.0000	1.0000	1.0000	NaN	2.7683	1.6118	15.1309	591497.8185	591498.1237	0.0000	0.0000	0.3659
20py04	3	47	1	1	2.0000	1.0000	-1.0000	0.2067	NaN	NaN	NaN	591499.0635	591499.4841	0.0000	1.0000	0.2368
20py04	3	48	1	1	1.0000	1.0000	1.0000	NaN	1.9987	2.1926	15.7882	591502.2520	591502.5581	0.0000	0.0000	0.4429
20py04	3	48	1	1	2.0000	1.0000	-1.0000	0.3661	NaN	NaN	NaN	591503.5564	591503.9631	0.0000	1.0000	0.1425
20py04	3	49	1	1	1.0000	1.0000	-1.0000	NaN	5.1627	-4.9682	15.8883	591506.4453	591506.7474	0.0000	1.0000	0.4780
20py04	3	49	1	1	2.0000	1.0000	1.0000	0.3692	NaN	NaN	NaN	591507.7622	591508.1122	1.0000	1.0000	0.0414
20py04	3	50	1	1	1.0000	1.0000	-1.0000	NaN	4.4808	-3.6979	14.3333	591510.4747	591510.7768	0.0000	1.0000	0.2569
20py04	3	50	1	1	2.0000	1.0000	1.0000	0.1709	NaN	NaN	NaN	591511.5696	591511.9256	1.0000	1.0000	0.3229
20py04	4	1	1	1	1.0000	1.0000	1.0000	NaN	0.8681	1.1852	15.8993	591515.8571	591516.1594	0.0000	0.0000	0.4902
20py04	4	1	1	1	2.0000	1.0000	-1.0000	0.3088	NaN	NaN	NaN	591517.2171	591517.5712	0.0000	1.0000	0.1978
20py04	4	2	1	1	1.0000	1.0000	-1.0000	NaN	0.3362	-2.7617	16.2107	591519.8931	591520.1952	0.0000	1.0000	0.6625
20py04	4	2	1	1	2.0000	1.0000	1.0000	0.0660	NaN	NaN	NaN	591521.4261	591521.7780	1.0000	1.0000	0.2956
20py04	4	3	1	1	1.0000	1.0000	-1.0000	NaN	2.3835	-1.9218	14.6022	591524.1436	591524.4458	1.0000	0.0000	1.0354
20py04	4	3	1	1	2.0000	1.0000	-1.0000	0.3877	NaN	NaN	NaN	591526.0971	591526.4541	0.0000	1.0000	0.1798
20py04	4	4	1	1	1.0000	1.0000	1.0000	NaN	3.4293	2.0767	15.4480	591528.6975	591528.9996	1.0000	1.0000	0.2900
20py04	4	4	1	1	2.0000	1.0000	1.0000	0.0483	NaN	NaN	NaN	591529.8737	591530.2259	1.0000	1.0000	0.5832
20py04	4	5	1	1	1.0000	1.0000	1.0000	NaN	4.9297	4.3551	14.6414	591533.2910	591533.5932	1.0000	1.0000	0.3352
20py04	4	5	1	1	2.0000	1.0000	1.0000	0.1392	NaN	NaN	NaN	591534.5136	591534.8703	1.0000	1.0000	0.6101
20py04	4	6	1	1	1.0000	1.0000	-1.0000	NaN	1.1468	-1.8835	15.2495	591537.8356	591538.1387	0.0000	1.0000	0.2550
20py04	4	6	1	1	2.0000	1.0000	1.0000	0.0702	NaN	NaN	NaN	591538.9295	591539.2868	1.0000	1.0000	0.7065
20py04	4	7	1	1	1.0000	1.0000	1.0000	NaN	5.3976	5.8165	14.8946	591542.0680	591542.3751	1.0000	1.0000	0.3853
20py04	4	7	1	1	2.0000	1.0000	1.0000	0.1548	NaN	NaN	NaN	591543.3484	591543.7653	1.0000	1.0000	0.3718
20py04	4	8	1	1	1.0000	1.0000	-1.0000	NaN	2.0053	-0.3396	16.7241	591546.2000	591546.5072	1.0000	0.0000	1.0531
20py04	4	8	1	1	2.0000	1.0000	-1.0000	0.1130	NaN	NaN	NaN	591548.1328	591548.5622	1.0000	0.0000	0.6784
20py04	4	9	1	1	1.0000	1.0000	-1.0000	NaN	0.5562	-0.2942	13.6858	591551.7193	591552.0256	1.0000	0.0000	0.6713
20py04	4	9	1	1	2.0000	1.0000	-1.0000	0.1436	NaN	NaN	NaN	591553.2522	591553.6648	1.0000	0.0000	0.9689
20py04	4	10	1	1	1.0000	1.0000	-1.0000	NaN	7.0856	-8.8390	15.0815	591556.9766	591557.2810	0.0000	1.0000	0.4241
20py04	4	10	1	1	2.0000	1.0000	1.0000	0.1830	NaN	NaN	NaN	591558.2787	591558.6978	1.0000	1.0000	0.1910
20py04	4	11	1	1	1.0000	1.0000	-1.0000	NaN	1.2090	-0.8531	13.9992	591561.5210	591561.8255	0.0000	1.0000	1.0476
20py04	4	11	1	1	2.0000	1.0000	1.0000	0.0421	NaN	NaN	NaN	591563.4469	591563.8642	1.0000	1.0000	1.0412
20py04	4	12	1	1	1.0000	1.0000	1.0000	NaN	7.0705	5.4278	15.1921	591567.1711	591567.4756	1.0000	1.0000	0.2608
20py04	4	12	1	1	2.0000	1.0000	1.0000	0.1043	NaN	NaN	NaN	591568.3432	591568.7641	1.0000	1.0000	0.5574
20py04	4	13	1	1	1.0000	1.0000	-1.0000	NaN	2.1312	-0.7009	14.7955	591571.4350	591571.7411	1.0000	0.0000	1.6445
20py04	4	13	1	1	2.0000	1.0000	-1.0000	0.2422	NaN	NaN	NaN	591573.9591	591574.3570	0.0000	1.0000	0.4361
20py04	4	14	1	1	1.0000	1.0000	1.0000	NaN	1.7766	1.9987	15.7317	591577.0898	591577.3920	1.0000	1.0000	0.3929
20py04	4	14	1	1	2.0000	1.0000	1.0000	0.3598	NaN	NaN	NaN	591578.3536	591578.7068	1.0000	1.0000	0.1023
20py04	4	15	1	1	1.0000	1.0000	-1.0000	NaN	7.9621	-8.0197	14.9595	591580.9391	591581.2413	0.0000	1.0000	0.2390
20py04	4	15	1	1	2.0000	1.0000	1.0000	0.0172	NaN	NaN	NaN	591582.0335	591582.3887	1.0000	1.0000	0.0848
20py04	4	16	1	1	1.0000	1.0000	1.0000	NaN	6.9740	6.3416	16.0329	591584.3284	591584.6305	0.0000	0.0000	0.6583
20py04	4	16	1	1	2.0000	1.0000	-1.0000	0.0192	NaN	NaN	NaN	591585.7608	591586.1178	0.0000	1.0000	1.6185
20py04	4	17	1	1	1.0000	1.0000	-1.0000	NaN	4.8651	-3.9280	15.5753	591590.1295	591590.4336	1.0000	0.0000	0.3280
20py04	4	17	1	1	2.0000	1.0000	-1.0000	0.3219	NaN	NaN	NaN	591591.3004	591591.7133	0.0000	1.0000	0.1676
20py04	4	18	1	1	1.0000	1.0000	1.0000	NaN	7.5172	6.4836	16.2052	591594.2313	591594.5385	1.0000	1.0000	0.2698
20py04	4	18	1	1	2.0000	1.0000	1.0000	0.2107	NaN	NaN	NaN	591595.3487	591595.7743	1.0000	1.0000	0.9704
20py04	4	19	1	1	1.0000	1.0000	-1.0000	NaN	0.7048	-0.5290	15.9579	591598.7903	591599.0947	1.0000	0.0000	1.1857
20py04	4	19	1	1	2.0000	1.0000	-1.0000	0.0179	NaN	NaN	NaN	591600.8050	591601.2244	0.0000	1.0000	1.0570
20py04	4	20	1	1	1.0000	1.0000	1.0000	NaN	0.9256	1.6911	16.4467	591604.5262	591604.8307	1.0000	1.0000	1.5776
20py04	4	20	1	1	2.0000	1.0000	1.0000	0.3022	NaN	NaN	NaN	591606.9963	591607.4120	1.0000	1.0000	0.3256
20py04	4	21	1	1	1.0000	1.0000	-1.0000	NaN	5.1089	-5.8879	14.3861	591610.1282	591610.4327	1.0000	0.0000	0.8876
20py04	4	21	1	1	2.0000	1.0000	-1.0000	0.2182	NaN	NaN	NaN	591611.9107	591612.3289	0.0000	1.0000	1.3765
20py04	4	22	1	1	1.0000	1.0000	-1.0000	NaN	6.6568	-5.3076	14.1996	591616.4161	591616.7221	0.0000	1.0000	1.4470
20py04	4	22	1	1	2.0000	1.0000	1.0000	0.3588	NaN	NaN	NaN	591618.7586	591619.1780	1.0000	1.0000	0.1743
20py04	4	23	1	1	1.0000	1.0000	1.0000	NaN	2.8676	2.9845	13.7695	591621.4777	591621.7819	1.0000	1.0000	0.5151
20py04	4	23	1	1	2.0000	1.0000	1.0000	0.0842	NaN	NaN	NaN	591622.8681	591623.2774	1.0000	1.0000	0.4446
20py04	4	24	1	1	1.0000	1.0000	-1.0000	NaN	7.6673	-8.6411	14.1746	591625.6156	591625.9217	0.0000	1.0000	0.2317
20py04	4	24	1	1	2.0000	1.0000	1.0000	0.0132	NaN	NaN	NaN	591626.6933	591627.1110	1.0000	1.0000	0.2898
20py04	4	25	1	1	1.0000	1.0000	-1.0000	NaN	2.2956	-6.0368	15.3374	591629.7488	591630.0548	0.0000	1.0000	0.2428
20py04	4	25	1	1	2.0000	1.0000	1.0000	0.3587	NaN	NaN	NaN	591630.8367	591631.2477	1.0000	1.0000	0.3612
20py04	4	26	1	1	1.0000	1.0000	-1.0000	NaN	5.8786	-5.7763	14.5309	591633.7560	591634.0602	0.0000	1.0000	0.2693
20py04	4	26	1	1	2.0000	1.0000	1.0000	0.1601	NaN	NaN	NaN	591634.8842	591635.2934	1.0000	1.0000	0.1229
20py04	4	27	1	1	1.0000	1.0000	-1.0000	NaN	5.7523	-5.5534	15.5565	591637.8399	591638.1446	0.0000	1.0000	0.2325
20py04	4	27	1	1	2.0000	1.0000	1.0000	0.1721	NaN	NaN	NaN	591638.8683	591639.2906	1.0000	1.0000	0.2057
20py04	4	28	1	1	1.0000	1.0000	-1.0000	NaN	6.4727	-7.7656	12.8693	591641.6547	591641.9595	0.0000	1.0000	0.2260
20py04	4	28	1	1	2.0000	1.0000	1.0000	0.0140	NaN	NaN	NaN	591642.7599	591643.1769	1.0000	1.0000	0.2879
20py04	4	29	1	1	1.0000	1.0000	-1.0000	NaN	2.3735	-2.8019	13.3823	591645.6898	591645.9943	1.0000	0.0000	0.9259
20py04	4	29	1	1	2.0000	1.0000	-1.0000	0.3092	NaN	NaN	NaN	591647.4926	591647.9100	0.0000	1.0000	0.1797
20py04	4	30	1	1	1.0000	1.0000	-1.0000	NaN	7.1101	-7.3552	15.2070	591650.0465	591650.3535	0.0000	1.0000	1.3348
20py04	4	30	1	1	2.0000	1.0000	1.0000	0.3867	NaN	NaN	NaN	591652.2287	591652.6308	1.0000	1.0000	0.2094
20py04	4	31	1	1	1.0000	1.0000	-1.0000	NaN	4.9581	-5.4475	14.2496	591655.1467	591655.4536	0.0000	1.0000	0.3627
20py04	4	31	1	1	2.0000	1.0000	1.0000	0.2359	NaN	NaN	NaN	591656.3910	591656.8097	1.0000	1.0000	0.1906
20py04	4	32	1	1	1.0000	1.0000	1.0000	NaN	7.0768	7.9823	15.0486	591659.1555	591659.4596	1.0000	1.0000	0.2766
20py04	4	32	1	1	2.0000	1.0000	1.0000	0.2492	NaN	NaN	NaN	591660.3083	591660.7259	1.0000	1.0000	0.0006
20py04	4	33	1	1	1.0000	1.0000	1.0000	NaN	3.2118	2.6114	15.0794	591663.1553	591663.4593	1.0000	1.0000	0.2929
20py04	4	33	1	1	2.0000	1.0000	1.0000	0.1824	NaN	NaN	NaN	591664.3414	591664.7638	1.0000	1.0000	0.0778
20py04	4	34	1	1	1.0000	1.0000	1.0000	NaN	7.0633	5.9872	15.6460	591667.0470	591667.3529	1.0000	1.0000	1.3914
20py04	4	34	1	1	2.0000	1.0000	1.0000	0.1453	NaN	NaN	NaN	591669.3320	591669.7188	0.0000	0.0000	1.5214
20py04	4	35	1	1	1.0000	1.0000	-1.0000	NaN	0.4489	-0.2454	15.0544	591673.6459	591673.9495	0.0000	1.0000	0.4121
20py04	4	35	1	1	2.0000	1.0000	1.0000	0.2246	NaN	NaN	NaN	591674.9134	591675.2672	1.0000	1.0000	0.0862
20py04	4	36	1	1	1.0000	1.0000	-1.0000	NaN	0.7099	-0.9161	13.9844	591677.6083	591677.9105	0.0000	1.0000	0.4029
20py04	4	36	1	1	2.0000	1.0000	1.0000	0.2323	NaN	NaN	NaN	591678.8650	591679.2183	1.0000	1.0000	0.2624
20py04	4	37	1	1	1.0000	1.0000	1.0000	NaN	3.8375	4.9421	17.0632	591681.7182	591682.0204	1.0000	1.0000	0.2128
20py04	4	37	1	1	2.0000	1.0000	1.0000	0.1616	NaN	NaN	NaN	591682.7866	591683.1364	1.0000	1.0000	0.1853
20py04	4	38	1	1	1.0000	1.0000	-1.0000	NaN	0.4207	-2.8531	15.7964	591685.6196	591685.9218	0.0000	1.0000	0.2625
20py04	4	38	1	1	2.0000	1.0000	1.0000	0.0555	NaN	NaN	NaN	591686.7217	591687.0728	1.0000	1.0000	0.2965
20py04	4	39	1	1	1.0000	1.0000	1.0000	NaN	0.9899	1.7345	15.2164	591689.5662	591689.8684	1.0000	1.0000	0.2518
20py04	4	39	1	1	2.0000	1.0000	1.0000	0.1346	NaN	NaN	NaN	591690.6732	591691.0292	1.0000	1.0000	0.1645
20py04	4	40	1	1	1.0000	1.0000	-1.0000	NaN	7.5699	-7.8289	14.1472	591693.5494	591693.8516	0.0000	1.0000	0.7333
20py04	4	40	1	1	2.0000	1.0000	1.0000	0.1395	NaN	NaN	NaN	591695.1365	591695.4888	1.0000	1.0000	0.2955
20py04	4	41	1	1	1.0000	1.0000	-1.0000	NaN	3.8262	-4.2633	14.6938	591697.7826	591698.0847	0.0000	1.0000	0.2275
20py04	4	41	1	1	2.0000	1.0000	1.0000	0.3012	NaN	NaN	NaN	591698.8505	591699.2006	1.0000	1.0000	0.1528
20py04	4	42	1	1	1.0000	1.0000	1.0000	NaN	5.1975	4.9321	14.4393	591701.9363	591702.2402	1.0000	1.0000	0.2813
20py04	4	42	1	1	2.0000	1.0000	1.0000	0.2315	NaN	NaN	NaN	591703.1075	591703.5229	1.0000	1.0000	0.1831
20py04	4	43	1	1	1.0000	1.0000	1.0000	NaN	0.0690	0.3355	15.8877	591706.3763	591706.6832	1.0000	1.0000	0.2221
20py04	4	43	1	1	2.0000	1.0000	1.0000	0.1052	NaN	NaN	NaN	591707.5073	591707.9231	1.0000	1.0000	0.1011
20py04	4	44	1	1	1.0000	1.0000	-1.0000	NaN	2.9617	-2.0978	14.5332	591710.0861	591710.3903	0.0000	1.0000	0.4192
20py04	4	44	1	1	2.0000	1.0000	1.0000	0.3902	NaN	NaN	NaN	591711.3494	591711.7739	1.0000	1.0000	0.0423
20py04	4	45	1	1	1.0000	1.0000	-1.0000	NaN	4.3282	-5.0137	14.3084	591713.8690	591714.1739	0.0000	1.0000	0.4430
20py04	4	45	1	1	2.0000	1.0000	1.0000	0.0306	NaN	NaN	NaN	591715.1564	591715.5733	1.0000	1.0000	0.1800
20py04	4	46	1	1	1.0000	1.0000	1.0000	NaN	2.7521	4.2963	15.2648	591717.8928	591718.2000	1.0000	1.0000	0.2413
20py04	4	46	1	1	2.0000	1.0000	1.0000	0.3781	NaN	NaN	NaN	591719.0123	591719.4230	1.0000	1.0000	0.3457
20py04	4	47	1	1	1.0000	1.0000	1.0000	NaN	3.5402	0.7747	16.2633	591722.0668	591722.3714	0.0000	0.0000	0.4208
20py04	4	47	1	1	2.0000	1.0000	-1.0000	0.0497	NaN	NaN	NaN	591723.3023	591723.6873	1.0000	0.0000	1.3780
20py04	4	48	1	1	1.0000	1.0000	1.0000	NaN	2.3175	4.2039	15.5927	591727.2275	591727.5302	1.0000	1.0000	0.3987
20py04	4	48	1	1	2.0000	1.0000	1.0000	0.0489	NaN	NaN	NaN	591728.5292	591728.8825	1.0000	1.0000	0.5509
20py04	4	49	1	1	1.0000	1.0000	-1.0000	NaN	3.9971	-5.6424	14.8601	591731.6153	591731.9176	0.0000	1.0000	0.4433
20py04	4	49	1	1	2.0000	1.0000	1.0000	0.1014	NaN	NaN	NaN	591732.9293	591733.2823	0.0000	0.0000	0.6779
20py04	4	50	1	1	1.0000	1.0000	1.0000	NaN	7.7119	7.0696	13.7379	591736.4526	591736.7548	1.0000	1.0000	0.2307
20py04	4	50	1	1	2.0000	1.0000	1.0000	0.0386	NaN	NaN	NaN	591737.5534	591737.9100	1.0000	1.0000	0.5622
20py04	5	1	1	1	1.0000	1.0000	1.0000	NaN	3.8234	2.8388	14.8654	591747.4243	591747.7270	1.0000	1.0000	0.2178
20py04	5	1	1	1	2.0000	1.0000	1.0000	0.2534	NaN	NaN	NaN	591748.5137	591748.9216	1.0000	1.0000	0.1275
20py04	5	2	1	1	1.0000	1.0000	-1.0000	NaN	4.1558	-5.4240	13.5051	591751.2373	591751.5417	0.0000	1.0000	0.2274
20py04	5	2	1	1	2.0000	1.0000	1.0000	0.1396	NaN	NaN	NaN	591752.3243	591752.7380	1.0000	1.0000	0.0708
20py04	5	3	1	1	1.0000	1.0000	-1.0000	NaN	4.7430	-6.3438	15.6300	591754.9503	591755.2548	0.0000	1.0000	0.2272
20py04	5	3	1	1	2.0000	1.0000	1.0000	0.1338	NaN	NaN	NaN	591756.0371	591756.4541	1.0000	1.0000	0.0513
20py04	5	4	1	1	1.0000	1.0000	1.0000	NaN	1.9396	2.6575	13.7792	591758.8089	591759.1154	0.0000	0.0000	0.2380
20py04	5	4	1	1	2.0000	1.0000	-1.0000	0.2518	NaN	NaN	NaN	591759.8927	591760.3214	0.0000	1.0000	0.2787
20py04	5	5	1	1	1.0000	1.0000	1.0000	NaN	4.3243	5.8380	15.2911	591762.5900	591762.8973	1.0000	1.0000	0.1842
20py04	5	5	1	1	2.0000	1.0000	1.0000	0.3161	NaN	NaN	NaN	591763.6537	591764.0842	1.0000	1.0000	0.0006
20py04	5	6	1	1	1.0000	1.0000	1.0000	NaN	0.4979	1.7517	14.9948	591766.6340	591766.9388	1.0000	1.0000	0.2706
20py04	5	6	1	1	2.0000	1.0000	1.0000	0.0147	NaN	NaN	NaN	591767.8451	591768.2656	1.0000	1.0000	1.1666
20py04	5	7	1	1	1.0000	1.0000	-1.0000	NaN	3.9865	-1.9115	15.2521	591771.4383	591771.7444	1.0000	0.0000	1.0806
20py04	5	7	1	1	2.0000	1.0000	-1.0000	0.1641	NaN	NaN	NaN	591773.4140	591773.8178	0.0000	1.0000	0.3035
20py04	5	8	1	1	1.0000	1.0000	-1.0000	NaN	3.2819	-3.0015	15.3109	591776.4332	591776.7354	0.0000	1.0000	0.5368
20py04	5	8	1	1	2.0000	1.0000	1.0000	0.3216	NaN	NaN	NaN	591777.8097	591778.1633	1.0000	1.0000	0.2458
20py04	5	9	1	1	1.0000	1.0000	-1.0000	NaN	5.2247	-5.7188	15.2898	591780.8827	591781.1849	0.0000	1.0000	0.2952
20py04	5	9	1	1	2.0000	1.0000	1.0000	0.0667	NaN	NaN	NaN	591782.0324	591782.3849	1.0000	1.0000	2.5357
20py04	5	10	1	1	1.0000	1.0000	1.0000	NaN	0.8408	2.8943	15.8117	591786.9762	591787.2785	0.0000	0.0000	0.4103
20py04	5	10	1	1	2.0000	1.0000	-1.0000	0.3114	NaN	NaN	NaN	591788.2725	591788.6282	0.0000	1.0000	0.1965
20py04	5	11	1	1	1.0000	1.0000	1.0000	NaN	0.1703	0.4911	13.1205	591791.0104	591791.3127	0.0000	0.0000	0.8238
20py04	5	11	1	1	2.0000	1.0000	-1.0000	0.3280	NaN	NaN	NaN	591792.7365	591793.0904	0.0000	1.0000	0.2629
20py04	5	12	1	1	1.0000	1.0000	1.0000	NaN	7.2702	8.4101	14.5643	591795.9019	591796.2064	1.0000	1.0000	0.2818
20py04	5	12	1	1	2.0000	1.0000	1.0000	0.3568	NaN	NaN	NaN	591797.1079	591797.5139	1.0000	1.0000	0.3514
20py04	5	13	1	1	1.0000	1.0000	-1.0000	NaN	7.7492	-8.0563	15.6884	591800.0447	591800.3470	0.0000	1.0000	0.2383
20py04	5	13	1	1	2.0000	1.0000	1.0000	0.0322	NaN	NaN	NaN	591801.1692	591801.5234	0.0000	0.0000	0.4213
20py04	5	14	1	1	1.0000	1.0000	1.0000	NaN	1.6732	4.1223	15.5498	591804.0935	591804.3956	1.0000	1.0000	1.1979
20py04	5	14	1	1	2.0000	1.0000	1.0000	0.3375	NaN	NaN	NaN	591806.1615	591806.5118	1.0000	1.0000	0.3455
20py04	5	15	1	1	1.0000	1.0000	1.0000	NaN	1.6970	3.3764	14.5311	591809.2209	591809.5231	1.0000	1.0000	0.2141
20py04	5	15	1	1	2.0000	1.0000	1.0000	0.2734	NaN	NaN	NaN	591810.2573	591810.6117	1.0000	1.0000	0.2130
20py04	5	16	1	1	1.0000	1.0000	1.0000	NaN	4.6100	6.4570	14.4833	591812.9314	591813.2337	1.0000	1.0000	0.2639
20py04	5	16	1	1	2.0000	1.0000	1.0000	0.0279	NaN	NaN	NaN	591814.0650	591814.4161	1.0000	1.0000	0.0005
20py04	5	17	1	1	1.0000	1.0000	-1.0000	NaN	4.1005	-3.4063	14.9954	591816.8924	591817.1946	0.0000	1.0000	0.5587
20py04	5	17	1	1	2.0000	1.0000	1.0000	0.2081	NaN	NaN	NaN	591818.3053	591818.6598	1.0000	1.0000	0.2294
20py04	5	18	1	1	1.0000	1.0000	-1.0000	NaN	0.3306	-0.0159	15.1957	591821.4875	591821.7904	0.0000	1.0000	0.4429
20py04	5	18	1	1	2.0000	1.0000	1.0000	0.0824	NaN	NaN	NaN	591822.7842	591823.1389	1.0000	1.0000	0.1972
20py04	5	19	1	1	1.0000	1.0000	-1.0000	NaN	7.2360	-6.8645	14.7740	591825.6666	591825.9688	0.0000	1.0000	0.2962
20py04	5	19	1	1	2.0000	1.0000	1.0000	0.0633	NaN	NaN	NaN	591826.7695	591827.1262	1.0000	1.0000	0.1953
20py04	5	20	1	1	1.0000	1.0000	1.0000	NaN	0.5522	1.9431	14.5373	591829.4164	591829.7187	0.0000	0.0000	0.5294
20py04	5	20	1	1	2.0000	1.0000	-1.0000	0.0224	NaN	NaN	NaN	591830.7687	591831.1260	1.0000	0.0000	0.4510
20py04	5	21	1	1	1.0000	1.0000	1.0000	NaN	2.4724	1.3125	14.9494	591834.1886	591834.4914	0.0000	0.0000	1.0687
20py04	5	21	1	1	2.0000	1.0000	-1.0000	0.1950	NaN	NaN	NaN	591836.1454	591836.4956	1.0000	0.0000	0.9217
20py04	5	22	1	1	1.0000	1.0000	-1.0000	NaN	0.3356	-0.8984	16.0491	591839.5664	591839.8686	1.0000	0.0000	0.7155
20py04	5	22	1	1	2.0000	1.0000	-1.0000	0.0671	NaN	NaN	NaN	591841.1851	591841.5422	1.0000	0.0000	0.5145
20py04	5	23	1	1	1.0000	1.0000	1.0000	NaN	6.8476	6.8006	14.5213	591844.4662	591844.7703	1.0000	1.0000	0.4537
20py04	5	23	1	1	2.0000	1.0000	1.0000	0.2917	NaN	NaN	NaN	591845.7989	591846.2165	1.0000	1.0000	0.4961
20py04	5	24	1	1	1.0000	1.0000	1.0000	NaN	4.5592	4.7427	14.7648	591849.3005	591849.6066	1.0000	1.0000	0.3703
20py04	5	24	1	1	2.0000	1.0000	1.0000	0.0549	NaN	NaN	NaN	591850.5493	591850.9664	1.0000	1.0000	1.9064
20py04	5	25	1	1	1.0000	1.0000	1.0000	NaN	5.2331	6.0779	15.8932	591855.2459	591855.5503	1.0000	1.0000	0.4257
20py04	5	25	1	1	2.0000	1.0000	1.0000	0.1019	NaN	NaN	NaN	591856.5654	591856.9827	1.0000	1.0000	0.2733
20py04	5	26	1	1	1.0000	1.0000	-1.0000	NaN	7.2943	-5.8842	16.2361	591859.7295	591860.0339	0.0000	1.0000	0.4072
20py04	5	26	1	1	2.0000	1.0000	1.0000	0.3868	NaN	NaN	NaN	591861.0151	591861.4091	1.0000	1.0000	0.0390
20py04	5	27	1	1	1.0000	1.0000	-1.0000	NaN	3.2921	-1.1408	16.9334	591863.6787	591863.9809	0.0000	1.0000	0.2351
20py04	5	27	1	1	2.0000	1.0000	1.0000	0.3207	NaN	NaN	NaN	591864.7694	591865.1243	1.0000	1.0000	0.2120
20py04	5	28	1	1	1.0000	1.0000	1.0000	NaN	3.2489	3.6941	15.1554	591867.3908	591867.6930	1.0000	1.0000	0.3631
20py04	5	28	1	1	2.0000	1.0000	1.0000	0.1797	NaN	NaN	NaN	591868.6423	591868.9939	1.0000	1.0000	0.1821
20py04	5	29	1	1	1.0000	1.0000	-1.0000	NaN	1.7046	-1.5766	14.9945	591871.7564	591872.0585	0.0000	1.0000	2.6067
20py04	5	29	1	1	2.0000	1.0000	1.0000	0.2511	NaN	NaN	NaN	591875.3603	591875.7104	1.0000	1.0000	0.2670
20py04	5	30	1	1	1.0000	1.0000	1.0000	NaN	3.1579	1.1651	14.7287	591878.0066	591878.3088	0.0000	0.0000	0.5164
20py04	5	30	1	1	2.0000	1.0000	-1.0000	0.0840	NaN	NaN	NaN	591879.4422	591879.7933	0.0000	1.0000	0.9034
20py04	5	31	1	1	1.0000	1.0000	-1.0000	NaN	0.7424	-0.9839	15.4972	591883.3861	591883.6889	0.0000	1.0000	1.3111
20py04	5	31	1	1	2.0000	1.0000	1.0000	0.3410	NaN	NaN	NaN	591885.5532	591885.9078	1.0000	1.0000	0.1334
20py04	5	32	1	1	1.0000	1.0000	-1.0000	NaN	7.0465	-7.9157	14.4759	591888.3026	591888.6086	0.0000	1.0000	0.2647
20py04	5	32	1	1	2.0000	1.0000	1.0000	0.0745	NaN	NaN	NaN	591889.4784	591889.8976	1.0000	1.0000	0.1435
20py04	5	33	1	1	1.0000	1.0000	1.0000	NaN	4.6256	4.9484	14.2164	591892.2614	591892.5658	1.0000	1.0000	0.2753
20py04	5	33	1	1	2.0000	1.0000	1.0000	0.1965	NaN	NaN	NaN	591893.5423	591893.9395	1.0000	1.0000	0.2774
20py04	5	34	1	1	1.0000	1.0000	-1.0000	NaN	0.6080	-0.2061	15.8749	591896.4612	591896.7634	1.0000	0.0000	0.3338
20py04	5	34	1	1	2.0000	1.0000	-1.0000	0.2863	NaN	NaN	NaN	591897.7131	591898.0686	0.0000	1.0000	0.3080
20py04	5	35	1	1	1.0000	1.0000	-1.0000	NaN	3.3798	-2.8169	15.7649	591900.3229	591900.6250	0.0000	1.0000	0.5036
20py04	5	35	1	1	2.0000	1.0000	1.0000	0.3026	NaN	NaN	NaN	591901.6818	591902.0349	1.0000	1.0000	0.1171
20py04	5	36	1	1	1.0000	1.0000	1.0000	NaN	6.2957	5.2930	15.5595	591904.5144	591904.8166	1.0000	1.0000	0.2314
20py04	5	36	1	1	2.0000	1.0000	1.0000	0.3735	NaN	NaN	NaN	591905.6332	591905.9887	1.0000	1.0000	0.1966
20py04	5	37	1	1	1.0000	1.0000	1.0000	NaN	3.6703	3.8071	14.6780	591908.4285	591908.7307	1.0000	1.0000	0.4138
20py04	5	37	1	1	2.0000	1.0000	1.0000	0.3056	NaN	NaN	NaN	591909.7769	591910.1280	1.0000	1.0000	0.2492
20py04	5	38	1	1	1.0000	1.0000	-1.0000	NaN	1.7265	-2.1352	15.6738	591912.5624	591912.8647	1.0000	0.0000	2.2633
20py04	5	38	1	1	2.0000	1.0000	-1.0000	0.1994	NaN	NaN	NaN	591915.7773	591916.1344	0.0000	1.0000	0.3069
20py04	5	39	1	1	1.0000	1.0000	-1.0000	NaN	2.4462	-2.0410	16.0075	591918.8942	591919.1964	1.0000	0.0000	0.3648
20py04	5	39	1	1	2.0000	1.0000	-1.0000	0.2381	NaN	NaN	NaN	591920.1290	591920.4840	0.0000	1.0000	0.1806
20py04	5	40	1	1	1.0000	1.0000	-1.0000	NaN	1.0007	-1.1751	15.0272	591922.5205	591922.8226	1.0000	0.0000	0.2893
20py04	5	40	1	1	2.0000	1.0000	-1.0000	0.3439	NaN	NaN	NaN	591923.7129	591924.0670	0.0000	1.0000	0.2936
20py04	5	41	1	1	1.0000	1.0000	-1.0000	NaN	0.3885	-0.7195	14.1618	591926.4490	591926.7519	1.0000	0.0000	0.5850
20py04	5	41	1	1	2.0000	1.0000	-1.0000	0.2334	NaN	NaN	NaN	591927.8408	591928.1910	0.0000	1.0000	0.3304
20py04	5	42	1	1	1.0000	1.0000	1.0000	NaN	4.3378	3.5022	14.9497	591930.7823	591931.0857	1.0000	1.0000	0.8920
20py04	5	42	1	1	2.0000	1.0000	1.0000	0.1329	NaN	NaN	NaN	591932.5452	591932.8998	1.0000	1.0000	0.5341
20py04	5	43	1	1	1.0000	1.0000	-1.0000	NaN	6.2927	-5.3314	13.8323	591935.3319	591935.6388	0.0000	1.0000	0.4179
20py04	5	43	1	1	2.0000	1.0000	1.0000	0.1460	NaN	NaN	NaN	591936.6776	591937.0953	1.0000	1.0000	0.2258
20py04	5	44	1	1	1.0000	1.0000	-1.0000	NaN	0.5323	-1.0367	14.9190	591939.9373	591940.2395	0.0000	1.0000	0.9845
20py04	5	44	1	1	2.0000	1.0000	1.0000	0.3680	NaN	NaN	NaN	591941.8569	591942.2094	1.0000	1.0000	0.1985
20py04	5	45	1	1	1.0000	1.0000	1.0000	NaN	2.8662	0.5195	15.1749	591944.8049	591945.1070	0.0000	0.0000	0.4221
20py04	5	45	1	1	2.0000	1.0000	-1.0000	0.3110	NaN	NaN	NaN	591946.0968	591946.4536	0.0000	1.0000	0.4672
20py04	5	46	1	1	1.0000	1.0000	1.0000	NaN	0.2018	0.2154	16.1236	591949.3481	591949.6514	1.0000	1.0000	0.9818
20py04	5	46	1	1	2.0000	1.0000	1.0000	0.2968	NaN	NaN	NaN	591951.2323	591951.5865	1.0000	1.0000	0.1654
20py04	5	47	1	1	1.0000	1.0000	1.0000	NaN	4.8572	6.3541	14.4556	591953.8656	591954.1686	1.0000	1.0000	0.4953
20py04	5	47	1	1	2.0000	1.0000	1.0000	0.3501	NaN	NaN	NaN	591955.2007	591955.5543	1.0000	1.0000	0.3101
20py04	5	48	1	1	1.0000	1.0000	-1.0000	NaN	7.9027	-8.2438	14.6187	591958.2101	591958.5123	0.0000	1.0000	0.3596
20py04	5	48	1	1	2.0000	1.0000	1.0000	0.2090	NaN	NaN	NaN	591959.4409	591959.7922	1.0000	1.0000	0.2810
20py04	5	49	1	1	1.0000	1.0000	-1.0000	NaN	3.9562	-5.3306	14.8651	591962.3786	591962.6808	0.0000	1.0000	0.2559
20py04	5	49	1	1	2.0000	1.0000	1.0000	0.2430	NaN	NaN	NaN	591963.4893	591963.8419	1.0000	1.0000	0.1980
20py04	5	50	1	1	1.0000	1.0000	-1.0000	NaN	4.7998	-6.2044	15.0700	591966.6355	591966.9376	0.0000	1.0000	0.5915
20py04	5	50	1	1	2.0000	1.0000	1.0000	0.1004	NaN	NaN	NaN	591968.0329	591968.3870	1.0000	1.0000	0.2456
20py04	6	1	1	1	1.0000	1.0000	-1.0000	NaN	0.8631	-0.3345	15.3213	591972.1319	591972.4344	0.0000	1.0000	0.7415
20py04	6	1	1	1	2.0000	1.0000	1.0000	0.3834	NaN	NaN	NaN	591973.7612	591974.1145	1.0000	1.0000	0.1501
20py04	6	2	1	1	1.0000	1.0000	-1.0000	NaN	6.5228	-4.7217	13.5541	591976.7790	591977.0812	0.0000	1.0000	0.9279
20py04	6	2	1	1	2.0000	1.0000	1.0000	0.1136	NaN	NaN	NaN	591978.6253	591978.9812	1.0000	1.0000	0.2113
20py04	6	3	1	1	1.0000	1.0000	1.0000	NaN	2.6018	4.6883	15.5684	591981.3549	591981.6571	0.0000	0.0000	0.7827
20py04	6	3	1	1	2.0000	1.0000	-1.0000	0.0829	NaN	NaN	NaN	591983.0116	591983.4258	0.0000	1.0000	0.2957
20py04	6	4	1	1	1.0000	1.0000	1.0000	NaN	0.3378	0.0076	15.2076	591986.0647	591986.3706	0.0000	0.0000	0.2464
20py04	6	4	1	1	2.0000	1.0000	-1.0000	0.0956	NaN	NaN	NaN	591987.2225	591987.6432	0.0000	1.0000	2.3014
20py04	6	5	1	1	1.0000	1.0000	-1.0000	NaN	3.5624	-4.4883	15.1274	591992.1181	591992.4229	0.0000	1.0000	0.3373
20py04	6	5	1	1	2.0000	1.0000	1.0000	0.3573	NaN	NaN	NaN	591993.3636	591993.7758	1.0000	1.0000	0.1361
20py04	6	6	1	1	1.0000	1.0000	-1.0000	NaN	2.6936	-0.9146	15.0827	591995.9196	591996.2241	1.0000	0.0000	0.3450
20py04	6	6	1	1	2.0000	1.0000	-1.0000	0.1572	NaN	NaN	NaN	591997.2071	591997.6256	0.0000	1.0000	0.2068
20py04	6	7	1	1	1.0000	1.0000	-1.0000	NaN	0.4494	-1.3457	16.5811	591999.9060	592000.2104	0.0000	1.0000	1.2067
20py04	6	7	1	1	2.0000	1.0000	1.0000	0.2729	NaN	NaN	NaN	592001.9908	592002.4086	1.0000	1.0000	0.3198
20py04	6	8	1	1	1.0000	1.0000	-1.0000	NaN	5.3620	-5.2892	13.6950	592005.3168	592005.6213	0.0000	1.0000	0.3560
20py04	6	8	1	1	2.0000	1.0000	1.0000	0.0369	NaN	NaN	NaN	592006.5642	592006.9629	1.0000	1.0000	0.3265
20py04	6	9	1	1	1.0000	1.0000	-1.0000	NaN	3.2649	-2.5567	13.3108	592009.3689	592009.6712	0.0000	1.0000	0.2899
20py04	6	9	1	1	2.0000	1.0000	1.0000	0.3193	NaN	NaN	NaN	592010.4971	592010.8515	1.0000	1.0000	0.2133
20py04	6	10	1	1	1.0000	1.0000	1.0000	NaN	3.9808	4.3917	15.8920	592013.5278	592013.8308	0.0000	0.0000	0.4021
20py04	6	10	1	1	2.0000	1.0000	-1.0000	0.0437	NaN	NaN	NaN	592014.7857	592015.1365	1.0000	0.0000	0.8074
20py04	6	11	1	1	1.0000	1.0000	1.0000	NaN	1.3569	2.9868	14.8207	592018.6967	592018.9988	0.0000	0.0000	0.9461
20py04	6	11	1	1	2.0000	1.0000	-1.0000	0.0161	NaN	NaN	NaN	592020.4968	592020.8510	0.0000	1.0000	1.6534
20py04	6	12	1	1	1.0000	1.0000	-1.0000	NaN	1.6595	-1.9426	15.4622	592024.5844	592024.8866	0.0000	1.0000	1.4577
20py04	6	12	1	1	2.0000	1.0000	1.0000	0.2891	NaN	NaN	NaN	592026.9282	592027.2828	1.0000	1.0000	0.2461
20py04	6	13	1	1	1.0000	1.0000	-1.0000	NaN	7.3949	-8.1292	15.0540	592029.7742	592030.0790	0.0000	1.0000	0.2020
20py04	6	13	1	1	2.0000	1.0000	1.0000	0.1749	NaN	NaN	NaN	592030.8390	592031.2573	1.0000	1.0000	0.1118
20py04	6	14	1	1	1.0000	1.0000	1.0000	NaN	0.0198	0.9213	14.6499	592033.6866	592033.9915	1.0000	1.0000	0.4808
20py04	6	14	1	1	2.0000	1.0000	1.0000	0.3176	NaN	NaN	NaN	592035.0768	592035.4903	1.0000	1.0000	0.1821
20py04	6	15	1	1	1.0000	1.0000	1.0000	NaN	3.2500	4.5435	13.7010	592037.7129	592038.0178	1.0000	1.0000	0.2791
20py04	6	15	1	1	2.0000	1.0000	1.0000	0.1338	NaN	NaN	NaN	592038.9028	592039.2884	1.0000	1.0000	0.2882
20py04	6	16	1	1	1.0000	1.0000	-1.0000	NaN	5.7229	-6.4720	14.9372	592041.8718	592042.1739	0.0000	1.0000	0.2991
20py04	6	16	1	1	2.0000	1.0000	1.0000	0.1259	NaN	NaN	NaN	592042.9926	592043.3487	1.0000	1.0000	0.1791
20py04	6	17	1	1	1.0000	1.0000	-1.0000	NaN	7.3340	-5.9657	15.0687	592045.5673	592045.8693	0.0000	1.0000	0.2825
20py04	6	17	1	1	2.0000	1.0000	1.0000	0.0413	NaN	NaN	NaN	592046.6727	592047.0276	1.0000	1.0000	0.5976
20py04	6	18	1	1	1.0000	1.0000	1.0000	NaN	2.8575	2.2453	14.4862	592049.7971	592050.0991	1.0000	1.0000	0.3566
20py04	6	18	1	1	2.0000	1.0000	1.0000	0.0443	NaN	NaN	NaN	592051.0403	592051.3939	1.0000	1.0000	0.1179
20py04	6	19	1	1	1.0000	1.0000	1.0000	NaN	5.0497	4.9051	15.3964	592053.6260	592053.9292	1.0000	1.0000	0.4470
20py04	6	19	1	1	2.0000	1.0000	1.0000	0.2247	NaN	NaN	NaN	592054.9601	592055.3146	1.0000	1.0000	0.2132
20py04	6	20	1	1	1.0000	1.0000	-1.0000	NaN	3.3358	-3.9621	13.9825	592057.6844	592057.9866	0.0000	1.0000	0.3572
20py04	6	20	1	1	2.0000	1.0000	1.0000	0.1152	NaN	NaN	NaN	592058.8977	592059.2490	1.0000	1.0000	0.3596
20py04	6	21	1	1	1.0000	1.0000	-1.0000	NaN	0.2806	-1.4082	14.6188	592062.0815	592062.3836	1.0000	0.0000	0.5854
20py04	6	21	1	1	2.0000	1.0000	-1.0000	0.3450	NaN	NaN	NaN	592063.5687	592063.9206	0.0000	1.0000	0.2004
20py04	6	22	1	1	1.0000	1.0000	1.0000	NaN	1.6708	2.6759	14.1370	592066.5661	592066.8682	1.0000	1.0000	0.4196
20py04	6	22	1	1	2.0000	1.0000	1.0000	0.0640	NaN	NaN	NaN	592067.8730	592068.2263	1.0000	1.0000	0.2782
20py04	6	23	1	1	1.0000	1.0000	1.0000	NaN	7.8557	8.5209	15.4999	592070.7832	592071.0853	1.0000	1.0000	0.4425
20py04	6	23	1	1	2.0000	1.0000	1.0000	0.1848	NaN	NaN	NaN	592072.1139	592072.4651	1.0000	1.0000	0.4238
20py04	6	24	1	1	1.0000	1.0000	1.0000	NaN	0.9283	1.5025	14.8673	592075.5821	592075.8867	1.0000	1.0000	0.8425
20py04	6	24	1	1	2.0000	1.0000	1.0000	0.0854	NaN	NaN	NaN	592077.3345	592077.7429	1.0000	1.0000	0.5222
20py04	6	25	1	1	1.0000	1.0000	1.0000	NaN	6.9073	6.7586	15.9888	592080.4936	592080.7958	1.0000	1.0000	0.2685
20py04	6	25	1	1	2.0000	1.0000	1.0000	0.2920	NaN	NaN	NaN	592081.6662	592082.0163	1.0000	1.0000	0.1835
20py04	6	26	1	1	1.0000	1.0000	-1.0000	NaN	1.5865	-1.3056	14.8405	592084.2875	592084.5897	0.0000	1.0000	0.4901
20py04	6	26	1	1	2.0000	1.0000	1.0000	0.0231	NaN	NaN	NaN	592085.6661	592086.0162	1.0000	1.0000	0.5051
20py04	6	27	1	1	1.0000	1.0000	-1.0000	NaN	5.2183	-6.2829	13.7862	592088.8589	592089.1618	0.0000	1.0000	0.2699
20py04	6	27	1	1	2.0000	1.0000	1.0000	0.2950	NaN	NaN	NaN	592089.9849	592090.3422	1.0000	1.0000	0.2415
20py04	6	28	1	1	1.0000	1.0000	1.0000	NaN	5.6066	4.3279	13.6195	592092.4711	592092.7733	1.0000	1.0000	0.3225
20py04	6	28	1	1	2.0000	1.0000	1.0000	0.0575	NaN	NaN	NaN	592093.7139	592094.0658	1.0000	1.0000	0.3430
20py04	6	29	1	1	1.0000	1.0000	-1.0000	NaN	5.6202	-5.1130	13.8886	592096.6728	592096.9751	0.0000	1.0000	0.2167
20py04	6	29	1	1	2.0000	1.0000	1.0000	0.0456	NaN	NaN	NaN	592097.7450	592098.0970	1.0000	1.0000	0.1833
20py04	6	30	1	1	1.0000	1.0000	-1.0000	NaN	2.2207	-3.2140	14.6907	592100.5083	592100.8112	0.0000	1.0000	0.3976
20py04	6	30	1	1	2.0000	1.0000	1.0000	0.3353	NaN	NaN	NaN	592101.7773	592102.1302	1.0000	1.0000	0.1495
20py04	6	31	1	1	1.0000	1.0000	1.0000	NaN	4.2938	6.9201	14.6021	592104.9663	592105.2686	1.0000	1.0000	0.5958
20py04	6	31	1	1	2.0000	1.0000	1.0000	0.0173	NaN	NaN	NaN	592106.4487	592106.8011	1.0000	1.0000	0.3113
20py04	6	32	1	1	1.0000	1.0000	1.0000	NaN	1.6932	2.9563	15.4923	592109.6662	592109.9684	1.0000	1.0000	0.3434
20py04	6	32	1	1	2.0000	1.0000	1.0000	0.0598	NaN	NaN	NaN	592110.9144	592111.2650	1.0000	1.0000	0.2160
20py04	6	33	1	1	1.0000	1.0000	1.0000	NaN	0.1402	1.4332	15.0519	592113.6281	592113.9303	1.0000	1.0000	0.2381
20py04	6	33	1	1	2.0000	1.0000	1.0000	0.0517	NaN	NaN	NaN	592114.7203	592115.0741	1.0000	1.0000	0.2616
20py04	6	34	1	1	1.0000	1.0000	1.0000	NaN	0.1375	1.0584	16.1235	592117.7947	592118.0969	1.0000	1.0000	0.2160
20py04	6	34	1	1	2.0000	1.0000	1.0000	0.2918	NaN	NaN	NaN	592118.9135	592119.2641	1.0000	1.0000	0.1996
20py04	6	35	1	1	1.0000	1.0000	-1.0000	NaN	7.1350	-7.4250	14.2225	592121.8359	592122.1399	0.0000	1.0000	0.2051
20py04	6	35	1	1	2.0000	1.0000	1.0000	0.2420	NaN	NaN	NaN	592122.9013	592123.3181	1.0000	1.0000	0.0988
20py04	6	36	1	1	1.0000	1.0000	1.0000	NaN	3.6379	4.6130	15.0913	592125.9141	592126.2182	1.0000	1.0000	0.2868
20py04	6	36	1	1	2.0000	1.0000	1.0000	0.1350	NaN	NaN	NaN	592127.0587	592127.4659	1.0000	1.0000	0.1578
20py04	6	37	1	1	1.0000	1.0000	1.0000	NaN	7.9576	7.2428	15.3826	592130.1024	592130.4047	1.0000	1.0000	0.2123
20py04	6	37	1	1	2.0000	1.0000	1.0000	0.0216	NaN	NaN	NaN	592131.1848	592131.5399	1.0000	1.0000	0.2135
20py04	6	38	1	1	1.0000	1.0000	1.0000	NaN	0.1387	1.4585	16.0404	592133.6829	592133.9851	1.0000	1.0000	0.2306
20py04	6	38	1	1	2.0000	1.0000	1.0000	0.0671	NaN	NaN	NaN	592134.8161	592135.1733	1.0000	1.0000	0.5002
20py04	6	39	1	1	1.0000	1.0000	1.0000	NaN	5.9815	4.5595	15.2315	592137.8638	592138.1660	1.0000	1.0000	0.2108
20py04	6	39	1	1	2.0000	1.0000	1.0000	0.3467	NaN	NaN	NaN	592138.8807	592139.2334	1.0000	1.0000	0.2955
20py04	6	40	1	1	1.0000	1.0000	1.0000	NaN	3.2331	3.6599	14.2520	592141.9852	592142.2874	1.0000	1.0000	0.4242
20py04	6	40	1	1	2.0000	1.0000	1.0000	0.2315	NaN	NaN	NaN	592143.2971	592143.6494	1.0000	1.0000	0.1183
20py04	6	41	1	1	1.0000	1.0000	1.0000	NaN	5.2870	5.3750	15.3963	592145.8806	592146.1829	1.0000	1.0000	1.0581
20py04	6	41	1	1	2.0000	1.0000	1.0000	0.1905	NaN	NaN	NaN	592147.8083	592148.1612	1.0000	1.0000	0.9505
20py04	6	42	1	1	1.0000	1.0000	-1.0000	NaN	6.6226	-5.9863	13.3106	592151.2028	592151.5050	0.0000	1.0000	0.5200
20py04	6	42	1	1	2.0000	1.0000	1.0000	0.2865	NaN	NaN	NaN	592152.5773	592152.9296	1.0000	1.0000	0.7108
20py04	6	43	1	1	1.0000	1.0000	-1.0000	NaN	4.4386	-6.9117	15.1459	592155.9222	592156.2250	0.0000	1.0000	0.2306
20py04	6	43	1	1	2.0000	1.0000	1.0000	0.3366	NaN	NaN	NaN	592157.0094	592157.3608	1.0000	1.0000	0.1349
20py04	6	44	1	1	1.0000	1.0000	-1.0000	NaN	2.7566	-3.0343	14.8474	592159.5091	592159.8113	0.0000	1.0000	0.4204
20py04	6	44	1	1	2.0000	1.0000	1.0000	0.3805	NaN	NaN	NaN	592160.8009	592161.1551	1.0000	1.0000	0.3247
20py04	6	45	1	1	1.0000	1.0000	1.0000	NaN	6.8336	7.2122	15.8524	592163.9110	592164.2131	1.0000	1.0000	0.1958
20py04	6	45	1	1	2.0000	1.0000	1.0000	0.0320	NaN	NaN	NaN	592164.9781	592165.3287	1.0000	1.0000	0.0005
20py04	6	46	1	1	1.0000	1.0000	1.0000	NaN	0.3920	1.9556	13.9669	592167.3230	592167.6252	1.0000	1.0000	0.2224
20py04	6	46	1	1	2.0000	1.0000	1.0000	0.0939	NaN	NaN	NaN	592168.4673	592168.8789	1.0000	1.0000	0.2968
20py04	6	47	1	1	1.0000	1.0000	-1.0000	NaN	4.9519	-6.9224	14.6467	592171.4451	592171.7473	0.0000	1.0000	0.2139
20py04	6	47	1	1	2.0000	1.0000	1.0000	0.0794	NaN	NaN	NaN	592172.5130	592172.8647	1.0000	1.0000	0.1675
20py04	6	48	1	1	1.0000	1.0000	1.0000	NaN	6.4732	6.9829	14.0538	592175.1440	592175.4462	1.0000	1.0000	0.3054
20py04	6	48	1	1	2.0000	1.0000	1.0000	0.3905	NaN	NaN	NaN	592176.3525	592176.7085	1.0000	1.0000	0.1962
20py04	6	49	1	1	1.0000	1.0000	1.0000	NaN	6.7223	7.8898	14.1146	592179.1668	592179.4690	1.0000	1.0000	0.3473
20py04	6	49	1	1	2.0000	1.0000	1.0000	0.2052	NaN	NaN	NaN	592180.4165	592180.7707	1.0000	1.0000	0.3089
20py04	6	50	1	1	1.0000	1.0000	-1.0000	NaN	6.7116	-7.8737	13.9119	592183.4518	592183.7540	0.0000	1.0000	0.2387
20py04	6	50	1	1	2.0000	1.0000	1.0000	0.2402	NaN	NaN	NaN	592184.5451	592184.8975	1.0000	1.0000	0.1501
