37tj02	1	1	0	0	1.0000	0.0000	1.0000	0.5338	NaN	NaN	NaN	353421.5516	353421.8783	1.0000	1.0000	0.1466
37tj02	1	1	0	0	2.0000	0.0000	1.0000	NaN	3.5385	4.1810	14.8413	353422.5578	353422.8588	1.0000	1.0000	0.3846
37tj02	1	2	0	0	1.0000	0.0000	-1.0000	0.4877	NaN	NaN	NaN	353425.7670	353426.0930	0.0000	1.0000	0.1495
37tj02	1	2	0	0	2.0000	0.0000	1.0000	NaN	10.3723	12.6893	15.4188	353426.7674	353427.0683	1.0000	1.0000	0.1188
37tj02	1	3	0	0	1.0000	0.0000	1.0000	0.1357	NaN	NaN	NaN	353429.3594	353429.6907	1.0000	1.0000	0.3741
37tj02	1	3	0	0	2.0000	0.0000	1.0000	NaN	11.6717	9.6560	13.8947	353430.5734	353430.8745	1.0000	1.0000	0.1199
37tj02	1	4	0	0	1.0000	0.0000	-1.0000	0.4181	NaN	NaN	NaN	353433.1673	353433.4933	0.0000	1.0000	0.1261
37tj02	1	4	0	0	2.0000	0.0000	-1.0000	NaN	3.7132	-3.8105	15.0412	353434.1922	353434.4934	0.0000	1.0000	0.2035
37tj02	1	5	0	0	1.0000	0.0000	-1.0000	0.9119	NaN	NaN	NaN	353436.8238	353437.1506	0.0000	1.0000	0.1544
37tj02	1	5	0	0	2.0000	0.0000	1.0000	NaN	3.1676	2.8157	14.9854	353437.8692	353438.1706	0.0000	0.0000	0.1824
37tj02	1	6	0	0	1.0000	0.0000	-1.0000	0.6399	NaN	NaN	NaN	353440.5777	353440.9043	0.0000	1.0000	0.1229
37tj02	1	6	0	0	2.0000	0.0000	-1.0000	NaN	10.9187	-11.8820	14.7687	353441.5740	353441.8751	0.0000	1.0000	0.1665
37tj02	1	7	0	0	1.0000	0.0000	-1.0000	0.5259	NaN	NaN	NaN	353444.5318	353444.8588	1.0000	0.0000	0.3115
37tj02	1	7	0	0	2.0000	0.0000	-1.0000	NaN	9.9471	-7.6710	15.3622	353445.6929	353445.9940	0.0000	1.0000	0.2070
37tj02	1	8	0	0	1.0000	0.0000	-1.0000	0.7999	NaN	NaN	NaN	353448.4607	353448.7883	0.0000	1.0000	0.1986
37tj02	1	8	0	0	2.0000	0.0000	1.0000	NaN	10.4302	8.8203	14.6104	353449.5263	353449.8273	1.0000	1.0000	0.3437
37tj02	1	9	0	0	1.0000	0.0000	-1.0000	0.3194	NaN	NaN	NaN	353452.4200	353452.7463	1.0000	0.0000	0.1849
37tj02	1	9	0	0	2.0000	0.0000	1.0000	NaN	0.1135	2.5173	14.4058	353453.4452	353453.7462	0.0000	0.0000	0.3602
37tj02	1	10	0	0	1.0000	0.0000	1.0000	0.3438	NaN	NaN	NaN	353456.7472	353457.0728	1.0000	1.0000	0.1695
37tj02	1	10	0	0	2.0000	0.0000	1.0000	NaN	4.4709	4.0682	14.4425	353457.7752	353458.0763	1.0000	1.0000	0.1813
37tj02	1	11	0	0	1.0000	0.0000	-1.0000	0.3620	NaN	NaN	NaN	353460.1326	353460.4592	0.0000	1.0000	0.2398
37tj02	1	11	0	0	2.0000	0.0000	1.0000	NaN	8.1592	10.7404	15.6962	353461.2149	353461.5159	1.0000	1.0000	0.1891
37tj02	1	12	0	0	1.0000	0.0000	-1.0000	0.1957	NaN	NaN	NaN	353463.9131	353464.2408	1.0000	0.0000	0.1548
37tj02	1	12	0	0	2.0000	0.0000	-1.0000	NaN	8.4656	-7.3130	16.3446	353464.9416	353465.2426	0.0000	1.0000	0.2401
37tj02	1	13	0	0	1.0000	0.0000	1.0000	0.6920	NaN	NaN	NaN	353467.8958	353468.2235	1.0000	1.0000	0.1321
37tj02	1	13	0	0	2.0000	0.0000	1.0000	NaN	2.4070	2.3405	15.5352	353468.8877	353469.1887	1.0000	1.0000	0.4547
37tj02	1	14	0	0	1.0000	0.0000	-1.0000	0.5080	NaN	NaN	NaN	353471.9745	353472.3017	0.0000	1.0000	0.1888
37tj02	1	14	0	0	2.0000	0.0000	1.0000	NaN	7.6563	6.2932	14.7974	353473.0554	353473.3564	1.0000	1.0000	0.2207
37tj02	1	15	0	0	1.0000	0.0000	-1.0000	0.4301	NaN	NaN	NaN	353475.7849	353476.1133	0.0000	1.0000	0.1614
37tj02	1	15	0	0	2.0000	0.0000	1.0000	NaN	4.4279	4.3118	14.6490	353476.7977	353477.0987	1.0000	1.0000	0.1848
37tj02	1	16	0	0	1.0000	0.0000	1.0000	0.5815	NaN	NaN	NaN	353479.0654	353479.3955	1.0000	1.0000	0.1997
37tj02	1	16	0	0	2.0000	0.0000	1.0000	NaN	0.2486	0.1735	15.6709	353480.1572	353480.4583	0.0000	0.0000	0.1907
37tj02	1	17	0	0	1.0000	0.0000	1.0000	0.0160	NaN	NaN	NaN	353483.1792	353483.5076	1.0000	1.0000	0.1272
37tj02	1	17	0	0	2.0000	0.0000	1.0000	NaN	8.3441	8.0546	14.0513	353484.1738	353484.4749	1.0000	1.0000	0.1760
37tj02	1	18	0	0	1.0000	0.0000	-1.0000	0.4960	NaN	NaN	NaN	353486.4574	353486.7844	0.0000	1.0000	0.1444
37tj02	1	18	0	0	2.0000	0.0000	-1.0000	NaN	9.2841	-11.5387	15.8407	353487.4553	353487.7563	0.0000	1.0000	0.2464
37tj02	1	19	0	0	1.0000	0.0000	-1.0000	0.6844	NaN	NaN	NaN	353490.4995	353490.8271	0.0000	1.0000	0.2161
37tj02	1	19	0	0	2.0000	0.0000	-1.0000	NaN	10.0161	-10.6151	14.7213	353491.5892	353491.8902	0.0000	1.0000	0.1845
37tj02	1	20	0	0	1.0000	0.0000	1.0000	0.1106	NaN	NaN	NaN	353494.4979	353494.8254	1.0000	1.0000	0.3035
37tj02	1	20	0	0	2.0000	0.0000	-1.0000	NaN	5.3763	-5.8968	14.0747	353495.6779	353495.9789	0.0000	1.0000	0.1366
37tj02	1	21	0	0	1.0000	0.0000	-1.0000	0.2542	NaN	NaN	NaN	353497.8977	353498.2247	1.0000	0.0000	0.2823
37tj02	1	21	0	0	2.0000	0.0000	1.0000	NaN	11.7921	9.0601	15.4392	353499.0388	353499.3399	1.0000	1.0000	0.1433
37tj02	1	22	0	0	1.0000	0.0000	1.0000	0.2812	NaN	NaN	NaN	353502.0131	353502.3390	1.0000	1.0000	0.3284
37tj02	1	22	0	0	2.0000	0.0000	1.0000	NaN	5.6210	6.3617	15.9397	353503.2070	353503.5080	1.0000	1.0000	0.3330
37tj02	1	23	0	0	1.0000	0.0000	-1.0000	0.1799	NaN	NaN	NaN	353505.9500	353506.2771	1.0000	0.0000	0.1902
37tj02	1	23	0	0	2.0000	0.0000	-1.0000	NaN	1.9417	-1.3723	14.5440	353507.0144	353507.3155	0.0000	1.0000	0.3495
37tj02	1	24	0	0	1.0000	0.0000	-1.0000	0.8366	NaN	NaN	NaN	353509.8069	353510.1346	1.0000	0.0000	0.0264
37tj02	1	24	0	0	2.0000	0.0000	1.0000	NaN	0.4096	1.5050	14.3146	353510.7092	353511.0102	1.0000	1.0000	0.4867
37tj02	1	25	0	0	1.0000	0.0000	1.0000	0.7267	NaN	NaN	NaN	353513.8366	353514.1632	1.0000	1.0000	0.1659
37tj02	1	25	0	0	2.0000	0.0000	1.0000	NaN	6.9941	8.4586	15.5608	353514.8704	353515.1714	1.0000	1.0000	0.1340
37tj02	1	26	0	0	1.0000	0.0000	-1.0000	0.5132	NaN	NaN	NaN	353517.4133	353517.7408	1.0000	0.0000	0.3901
37tj02	1	26	0	0	2.0000	0.0000	-1.0000	NaN	9.2730	-11.4496	15.2891	353518.6698	353518.9708	0.0000	1.0000	0.2243
37tj02	1	27	0	0	1.0000	0.0000	-1.0000	0.6258	NaN	NaN	NaN	353521.2854	353521.6141	0.0000	1.0000	0.3471
37tj02	1	27	0	0	2.0000	0.0000	1.0000	NaN	2.8180	1.7681	15.8162	353522.4847	353522.7859	0.0000	0.0000	0.2084
37tj02	1	28	0	0	1.0000	0.0000	-1.0000	0.7903	NaN	NaN	NaN	353525.3793	353525.7068	0.0000	1.0000	0.2801
37tj02	1	28	0	0	2.0000	0.0000	1.0000	NaN	6.6726	6.3720	13.8752	353526.5179	353526.8189	1.0000	1.0000	0.1204
37tj02	1	29	0	0	1.0000	0.0000	1.0000	0.2420	NaN	NaN	NaN	353529.5534	353529.8803	1.0000	1.0000	0.1864
37tj02	1	29	0	0	2.0000	0.0000	1.0000	NaN	7.9401	9.0737	15.9169	353530.5827	353530.8837	1.0000	1.0000	0.1749
37tj02	1	30	0	0	1.0000	0.0000	-1.0000	0.1241	NaN	NaN	NaN	353533.3569	353533.6856	0.0000	1.0000	0.2135
37tj02	1	30	0	0	2.0000	0.0000	-1.0000	NaN	5.1553	-4.4971	15.3500	353534.4398	353534.7408	0.0000	1.0000	0.1105
37tj02	1	31	0	0	1.0000	0.0000	-1.0000	0.7100	NaN	NaN	NaN	353536.9250	353537.2543	0.0000	1.0000	0.1241
37tj02	1	31	0	0	2.0000	0.0000	-1.0000	NaN	8.9628	-8.2990	14.9155	353537.9094	353538.2107	0.0000	1.0000	0.2169
37tj02	1	32	0	0	1.0000	0.0000	-1.0000	0.4468	NaN	NaN	NaN	353540.2418	353540.5693	0.0000	1.0000	0.1198
37tj02	1	32	0	0	2.0000	0.0000	-1.0000	NaN	10.1961	-10.1181	14.8804	353541.2302	353541.5316	0.0000	1.0000	0.1095
37tj02	1	33	0	0	1.0000	0.0000	-1.0000	0.1948	NaN	NaN	NaN	353543.8001	353544.1296	0.0000	1.0000	0.1295
37tj02	1	33	0	0	2.0000	0.0000	-1.0000	NaN	9.3685	-7.9789	14.8150	353544.8134	353545.1146	0.0000	1.0000	0.0638
37tj02	1	34	0	0	1.0000	0.0000	-1.0000	0.5286	NaN	NaN	NaN	353547.6596	353547.9873	0.0000	1.0000	0.0788
37tj02	1	34	0	0	2.0000	0.0000	1.0000	NaN	3.2983	1.9789	15.7030	353548.5909	353548.8920	0.0000	0.0000	0.3834
37tj02	1	35	0	0	1.0000	0.0000	-1.0000	0.9080	NaN	NaN	NaN	353551.5387	353551.8663	0.0000	1.0000	0.2466
37tj02	1	35	0	0	2.0000	0.0000	1.0000	NaN	9.5865	9.9205	15.3698	353552.6384	353552.9394	1.0000	1.0000	0.0723
37tj02	1	36	0	0	1.0000	0.0000	-1.0000	0.4400	NaN	NaN	NaN	353555.1757	353555.5027	0.0000	1.0000	0.0425
37tj02	1	36	0	0	2.0000	0.0000	1.0000	NaN	10.9113	11.1063	14.6293	353556.0864	353556.3873	1.0000	1.0000	0.0240
37tj02	1	37	0	0	1.0000	0.0000	1.0000	0.4951	NaN	NaN	NaN	353558.3839	353558.7124	1.0000	1.0000	0.2907
37tj02	1	37	0	0	2.0000	0.0000	-1.0000	NaN	0.2055	-0.1606	15.5769	353559.5684	353559.8694	0.0000	1.0000	0.4861
37tj02	1	38	0	0	1.0000	0.0000	1.0000	0.2325	NaN	NaN	NaN	353562.5618	353562.8883	1.0000	1.0000	0.2193
37tj02	1	38	0	0	2.0000	0.0000	-1.0000	NaN	7.5449	-6.3123	15.1532	353563.6382	353563.9392	0.0000	1.0000	0.1826
37tj02	1	39	0	0	1.0000	0.0000	1.0000	0.9495	NaN	NaN	NaN	353566.1889	353566.5166	1.0000	1.0000	0.0946
37tj02	1	39	0	0	2.0000	0.0000	1.0000	NaN	11.6832	10.9584	13.8585	353567.1329	353567.4340	1.0000	1.0000	0.1131
37tj02	1	40	0	0	1.0000	0.0000	-1.0000	0.4528	NaN	NaN	NaN	353569.8286	353570.1556	0.0000	1.0000	0.1361
37tj02	1	40	0	0	2.0000	0.0000	-1.0000	NaN	0.2548	-0.3937	14.7503	353570.8392	353571.1403	0.0000	1.0000	0.1672
37tj02	1	41	0	0	1.0000	0.0000	1.0000	0.6021	NaN	NaN	NaN	353573.3467	353573.6747	1.0000	1.0000	0.1023
37tj02	1	41	0	0	2.0000	0.0000	-1.0000	NaN	2.4818	-1.4222	14.1294	353574.2940	353574.5950	1.0000	0.0000	0.2958
37tj02	1	42	0	0	1.0000	0.0000	-1.0000	0.3137	NaN	NaN	NaN	353577.2180	353577.5446	1.0000	0.0000	0.3225
37tj02	1	42	0	0	2.0000	0.0000	-1.0000	NaN	11.7462	-13.0034	14.1702	353578.4050	353578.7060	0.0000	1.0000	0.0711
37tj02	1	43	0	0	1.0000	0.0000	1.0000	0.1518	NaN	NaN	NaN	353580.7445	353581.0702	1.0000	1.0000	0.2108
37tj02	1	43	0	0	2.0000	0.0000	-1.0000	NaN	11.8356	-11.1801	17.3683	353581.8147	353582.1159	0.0000	1.0000	0.0215
37tj02	1	44	0	0	1.0000	0.0000	-1.0000	0.0264	NaN	NaN	NaN	353584.0795	353584.4079	1.0000	0.0000	0.2332
37tj02	1	44	0	0	2.0000	0.0000	-1.0000	NaN	8.4529	-7.6519	14.9579	353585.1987	353585.4997	0.0000	1.0000	0.2133
37tj02	1	45	0	0	1.0000	0.0000	-1.0000	0.8127	NaN	NaN	NaN	353587.8550	353588.1821	0.0000	1.0000	0.2773
37tj02	1	45	0	0	2.0000	0.0000	-1.0000	NaN	2.4170	-1.9657	15.4928	353589.0056	353589.3066	1.0000	0.0000	0.3207
37tj02	1	46	0	0	1.0000	0.0000	-1.0000	0.4019	NaN	NaN	NaN	353591.8248	353592.1532	0.0000	1.0000	0.1996
37tj02	1	46	0	0	2.0000	0.0000	1.0000	NaN	2.0055	2.4475	14.7567	353592.8957	353593.1967	1.0000	1.0000	0.3163
37tj02	1	47	0	0	1.0000	0.0000	1.0000	0.7957	NaN	NaN	NaN	353596.1380	353596.4657	1.0000	1.0000	0.1602
37tj02	1	47	0	0	2.0000	0.0000	1.0000	NaN	11.8024	11.3893	14.4806	353597.1831	353597.4841	1.0000	1.0000	0.1730
37tj02	1	48	0	0	1.0000	0.0000	1.0000	0.2953	NaN	NaN	NaN	353600.0896	353600.4189	1.0000	1.0000	0.1525
37tj02	1	48	0	0	2.0000	0.0000	-1.0000	NaN	2.5920	-1.5702	14.9047	353601.0770	353601.3781	1.0000	0.0000	0.1763
37tj02	1	49	0	0	1.0000	0.0000	1.0000	0.1352	NaN	NaN	NaN	353603.5870	353603.9136	1.0000	1.0000	0.1778
37tj02	1	49	0	0	2.0000	0.0000	1.0000	NaN	8.9692	8.3407	15.1838	353604.6330	353604.9340	1.0000	1.0000	0.1012
37tj02	1	50	0	0	1.0000	0.0000	-1.0000	0.8168	NaN	NaN	NaN	353607.2754	353607.6009	0.0000	1.0000	0.2642
37tj02	1	50	0	0	2.0000	0.0000	1.0000	NaN	7.9134	7.8272	15.0679	353608.4539	353608.7551	1.0000	1.0000	0.0558
37tj02	2	1	0	0	1.0000	0.0000	-1.0000	0.4815	NaN	NaN	NaN	353623.5477	353623.8752	0.0000	1.0000	0.1999
37tj02	2	1	0	0	2.0000	0.0000	1.0000	NaN	1.4093	2.9616	15.4048	353624.6067	353624.9078	1.0000	1.0000	0.1901
37tj02	2	2	0	0	1.0000	0.0000	1.0000	0.9411	NaN	NaN	NaN	353627.4714	353627.7989	1.0000	1.0000	0.0902
37tj02	2	2	0	0	2.0000	0.0000	1.0000	NaN	10.5156	10.0573	15.2226	353628.4299	353628.7309	1.0000	1.0000	0.1524
37tj02	2	3	0	0	1.0000	0.0000	-1.0000	0.1836	NaN	NaN	NaN	353630.9979	353631.3259	0.0000	1.0000	0.2991
37tj02	2	3	0	0	2.0000	0.0000	-1.0000	NaN	5.0221	-5.3210	15.1758	353632.1581	353632.4591	0.0000	1.0000	0.1899
37tj02	2	4	0	0	1.0000	0.0000	1.0000	0.1903	NaN	NaN	NaN	353634.8906	353635.2189	1.0000	1.0000	0.0563
37tj02	2	4	0	0	2.0000	0.0000	-1.0000	NaN	4.6146	-3.0353	15.7009	353635.8309	353636.1322	0.0000	1.0000	0.1984
37tj02	2	5	0	0	1.0000	0.0000	1.0000	0.7311	NaN	NaN	NaN	353638.9376	353639.2664	1.0000	1.0000	0.0867
37tj02	2	5	0	0	2.0000	0.0000	1.0000	NaN	6.7245	6.9984	14.2039	353639.9007	353640.2018	1.0000	1.0000	0.1514
37tj02	2	6	0	0	1.0000	0.0000	-1.0000	0.5606	NaN	NaN	NaN	353642.2944	353642.6245	0.0000	1.0000	0.1301
37tj02	2	6	0	0	2.0000	0.0000	1.0000	NaN	0.6034	0.6547	15.8437	353643.3094	353643.6104	0.0000	0.0000	0.2642
37tj02	2	7	0	0	1.0000	0.0000	-1.0000	0.8458	NaN	NaN	NaN	353646.0406	353646.3663	0.0000	1.0000	0.3080
37tj02	2	7	0	0	2.0000	0.0000	1.0000	NaN	0.1912	0.2698	14.7356	353647.2073	353647.5086	0.0000	0.0000	0.1351
37tj02	2	8	0	0	1.0000	0.0000	-1.0000	0.3968	NaN	NaN	NaN	353649.8258	353650.1563	0.0000	1.0000	0.3166
37tj02	2	8	0	0	2.0000	0.0000	-1.0000	NaN	2.3496	-1.7348	15.4253	353650.9830	353651.2840	1.0000	0.0000	0.3105
37tj02	2	9	0	0	1.0000	0.0000	1.0000	0.0050	NaN	NaN	NaN	353653.6941	353654.0198	1.0000	1.0000	0.3093
37tj02	2	9	0	0	2.0000	0.0000	-1.0000	NaN	0.6314	-0.2998	14.8619	353654.8700	353655.1710	1.0000	0.0000	0.1603
37tj02	2	10	0	0	1.0000	0.0000	1.0000	0.7309	NaN	NaN	NaN	353657.6929	353658.0199	1.0000	1.0000	0.1751
37tj02	2	10	0	0	2.0000	0.0000	1.0000	NaN	9.4088	8.3008	14.7874	353658.7665	353659.0675	1.0000	1.0000	0.1986
37tj02	2	11	0	0	1.0000	0.0000	-1.0000	0.3357	NaN	NaN	NaN	353661.7566	353662.0868	0.0000	1.0000	0.2117
37tj02	2	11	0	0	2.0000	0.0000	-1.0000	NaN	7.8214	-7.8937	14.7272	353662.8393	353663.1403	0.0000	1.0000	0.1431
37tj02	2	12	0	0	1.0000	0.0000	1.0000	0.8437	NaN	NaN	NaN	353665.7885	353666.1147	1.0000	1.0000	0.1758
37tj02	2	12	0	0	2.0000	0.0000	-1.0000	NaN	11.6243	-10.8155	15.0219	353666.8222	353667.1232	0.0000	1.0000	0.1282
37tj02	2	13	0	0	1.0000	0.0000	-1.0000	0.7430	NaN	NaN	NaN	353669.3990	353669.7284	0.0000	1.0000	0.2006
37tj02	2	13	0	0	2.0000	0.0000	1.0000	NaN	1.9680	0.3056	14.6813	353670.4935	353670.7945	1.0000	1.0000	0.1370
37tj02	2	14	0	0	1.0000	0.0000	-1.0000	0.4611	NaN	NaN	NaN	353673.0040	353673.3304	0.0000	1.0000	0.0786
37tj02	2	14	0	0	2.0000	0.0000	1.0000	NaN	5.1893	3.6343	15.9595	353673.9339	353674.2348	1.0000	1.0000	0.1288
37tj02	2	15	0	0	1.0000	0.0000	1.0000	0.6953	NaN	NaN	NaN	353676.7617	353677.0899	1.0000	1.0000	0.2241
37tj02	2	15	0	0	2.0000	0.0000	-1.0000	NaN	6.3430	-7.6006	14.7059	353677.8946	353678.1957	0.0000	1.0000	0.1684
37tj02	2	16	0	0	1.0000	0.0000	-1.0000	0.7681	NaN	NaN	NaN	353680.5789	353680.9048	0.0000	1.0000	0.2101
37tj02	2	16	0	0	2.0000	0.0000	-1.0000	NaN	1.6084	-1.0928	15.9380	353681.6567	353681.9580	1.0000	0.0000	0.1089
37tj02	2	17	0	0	1.0000	0.0000	1.0000	0.1625	NaN	NaN	NaN	353684.7451	353685.0726	1.0000	1.0000	0.2416
37tj02	2	17	0	0	2.0000	0.0000	-1.0000	NaN	8.5715	-8.2989	16.3293	353685.8620	353686.1631	0.0000	1.0000	0.2084
37tj02	2	18	0	0	1.0000	0.0000	1.0000	0.6263	NaN	NaN	NaN	353688.6103	353688.9368	1.0000	1.0000	0.1122
37tj02	2	18	0	0	2.0000	0.0000	1.0000	NaN	5.1073	4.0075	14.4050	353689.5908	353689.8927	1.0000	1.0000	0.3099
37tj02	2	19	0	0	1.0000	0.0000	1.0000	0.0365	NaN	NaN	NaN	353692.5833	353692.9093	0.0000	0.0000	0.2376
37tj02	2	19	0	0	2.0000	0.0000	1.0000	NaN	4.4590	5.2337	14.6538	353693.6943	353693.9955	1.0000	1.0000	0.1038
37tj02	2	20	0	0	1.0000	0.0000	-1.0000	0.0266	NaN	NaN	NaN	353696.2285	353696.5573	0.0000	1.0000	0.2539
37tj02	2	20	0	0	2.0000	0.0000	1.0000	NaN	1.2082	0.7263	15.1337	353697.3732	353697.6742	1.0000	1.0000	0.1535
37tj02	2	21	0	0	1.0000	0.0000	-1.0000	0.2283	NaN	NaN	NaN	353700.2501	353700.5769	0.0000	1.0000	0.1779
37tj02	2	21	0	0	2.0000	0.0000	-1.0000	NaN	1.4364	-2.0335	16.2717	353701.2936	353701.5950	1.0000	0.0000	0.1599
37tj02	2	22	0	0	1.0000	0.0000	-1.0000	0.4705	NaN	NaN	NaN	353704.1590	353704.4869	0.0000	1.0000	0.2043
37tj02	2	22	0	0	2.0000	0.0000	1.0000	NaN	1.6191	1.6230	15.0117	353705.2059	353705.5068	1.0000	1.0000	0.1665
37tj02	2	23	0	0	1.0000	0.0000	1.0000	0.4470	NaN	NaN	NaN	353708.2820	353708.6093	1.0000	1.0000	0.2978
37tj02	2	23	0	0	2.0000	0.0000	1.0000	NaN	0.6000	0.4009	14.6397	353709.4563	353709.7574	1.0000	1.0000	0.1659
37tj02	2	24	0	0	1.0000	0.0000	-1.0000	0.0208	NaN	NaN	NaN	353711.9890	353712.3196	1.0000	0.0000	0.2415
37tj02	2	24	0	0	2.0000	0.0000	1.0000	NaN	1.8638	2.0002	14.9562	353713.0867	353713.3877	1.0000	1.0000	0.1674
37tj02	2	25	0	0	1.0000	0.0000	-1.0000	0.8454	NaN	NaN	NaN	353715.7285	353716.0561	0.0000	1.0000	0.1951
37tj02	2	25	0	0	2.0000	0.0000	-1.0000	NaN	3.7886	-3.6548	14.4585	353716.7657	353717.0669	1.0000	0.0000	0.1901
37tj02	2	26	0	0	1.0000	0.0000	1.0000	0.8325	NaN	NaN	NaN	353719.5775	353719.9050	1.0000	1.0000	0.2504
37tj02	2	26	0	0	2.0000	0.0000	1.0000	NaN	2.6432	2.5044	15.3071	353720.7185	353721.0196	0.0000	0.0000	0.1823
37tj02	2	27	0	0	1.0000	0.0000	-1.0000	0.5282	NaN	NaN	NaN	353723.5338	353723.8608	0.0000	1.0000	0.1739
37tj02	2	27	0	0	2.0000	0.0000	1.0000	NaN	6.0432	5.1218	15.5786	353724.5583	353724.8593	1.0000	1.0000	0.1748
37tj02	2	28	0	0	1.0000	0.0000	1.0000	0.3287	NaN	NaN	NaN	353726.8501	353727.1778	1.0000	1.0000	0.1513
37tj02	2	28	0	0	2.0000	0.0000	-1.0000	NaN	2.9295	-1.8450	15.5676	353727.8625	353728.1635	1.0000	0.0000	0.3039
37tj02	2	29	0	0	1.0000	0.0000	-1.0000	0.8521	NaN	NaN	NaN	353730.5419	353730.8725	0.0000	1.0000	0.2086
37tj02	2	29	0	0	2.0000	0.0000	-1.0000	NaN	3.5594	-2.3979	14.5085	353731.6146	353731.9156	1.0000	0.0000	0.1596
37tj02	2	30	0	0	1.0000	0.0000	1.0000	0.2116	NaN	NaN	NaN	353734.5984	353734.9263	1.0000	1.0000	0.1873
37tj02	2	30	0	0	2.0000	0.0000	1.0000	NaN	1.2975	3.3193	14.5019	353735.6607	353735.9617	1.0000	1.0000	0.1832
37tj02	2	31	0	0	1.0000	0.0000	1.0000	0.2324	NaN	NaN	NaN	353737.9458	353738.2752	1.0000	1.0000	0.2219
37tj02	2	31	0	0	2.0000	0.0000	-1.0000	NaN	9.3615	-10.4503	14.9386	353739.0137	353739.3147	0.0000	1.0000	0.2488
37tj02	2	32	0	0	1.0000	0.0000	1.0000	0.6306	NaN	NaN	NaN	353741.4048	353741.7325	1.0000	1.0000	0.0390
37tj02	2	32	0	0	2.0000	0.0000	1.0000	NaN	4.1966	4.7108	14.4202	353742.3017	353742.6031	0.0000	0.0000	0.6380
37tj02	2	33	0	0	1.0000	0.0000	1.0000	0.5816	NaN	NaN	NaN	353745.1342	353745.4616	1.0000	1.0000	0.0835
37tj02	2	33	0	0	2.0000	0.0000	1.0000	NaN	0.6904	0.4834	14.8451	353746.0707	353746.3717	1.0000	1.0000	0.1034
37tj02	2	34	0	0	1.0000	0.0000	-1.0000	0.3282	NaN	NaN	NaN	353749.0580	353749.3868	1.0000	0.0000	0.1843
37tj02	2	34	0	0	2.0000	0.0000	-1.0000	NaN	0.4345	-2.2204	14.7139	353750.0899	353750.3909	1.0000	0.0000	0.6500
37tj02	2	35	0	0	1.0000	0.0000	1.0000	0.4223	NaN	NaN	NaN	353753.3506	353753.6774	1.0000	1.0000	0.2379
37tj02	2	35	0	0	2.0000	0.0000	-1.0000	NaN	0.5754	-0.7538	15.7640	353754.4555	353754.7566	0.0000	1.0000	0.2524
37tj02	2	36	0	0	1.0000	0.0000	-1.0000	0.3463	NaN	NaN	NaN	353757.2528	353757.5800	0.0000	1.0000	0.2074
37tj02	2	36	0	0	2.0000	0.0000	-1.0000	NaN	9.0981	-9.3730	13.9858	353758.3346	353758.6359	0.0000	1.0000	0.1351
37tj02	2	37	0	0	1.0000	0.0000	1.0000	0.3466	NaN	NaN	NaN	353760.9949	353761.3227	1.0000	1.0000	0.2007
37tj02	2	37	0	0	2.0000	0.0000	1.0000	NaN	0.3807	3.1157	15.8204	353762.0490	353762.3506	1.0000	1.0000	0.2753
37tj02	2	38	0	0	1.0000	0.0000	-1.0000	0.3603	NaN	NaN	NaN	353764.6932	353765.0218	0.0000	1.0000	0.1734
37tj02	2	38	0	0	2.0000	0.0000	1.0000	NaN	8.1828	8.8260	14.3243	353765.7335	353766.0345	1.0000	1.0000	0.1603
37tj02	2	39	0	0	1.0000	0.0000	1.0000	0.8063	NaN	NaN	NaN	353768.2015	353768.5312	1.0000	1.0000	0.1434
37tj02	2	39	0	0	2.0000	0.0000	1.0000	NaN	4.3535	2.0826	14.3927	353769.1980	353769.4991	1.0000	1.0000	0.1763
37tj02	2	40	0	0	1.0000	0.0000	1.0000	0.2099	NaN	NaN	NaN	353772.1409	353772.4677	1.0000	1.0000	0.1197
37tj02	2	40	0	0	2.0000	0.0000	-1.0000	NaN	9.3156	-10.6058	14.6073	353773.0926	353773.3936	0.0000	1.0000	0.4555
37tj02	2	41	0	0	1.0000	0.0000	1.0000	0.0871	NaN	NaN	NaN	353776.3334	353776.6609	1.0000	1.0000	0.0696
37tj02	2	41	0	0	2.0000	0.0000	1.0000	NaN	7.0183	6.4285	16.0189	353777.2458	353777.5468	1.0000	1.0000	0.1672
37tj02	2	42	0	0	1.0000	0.0000	1.0000	0.8387	NaN	NaN	NaN	353780.1643	353780.4936	1.0000	1.0000	0.0516
37tj02	2	42	0	0	2.0000	0.0000	1.0000	NaN	5.5033	4.8644	14.0957	353781.0694	353781.3705	1.0000	1.0000	0.1195
37tj02	2	43	0	0	1.0000	0.0000	1.0000	0.6441	NaN	NaN	NaN	353783.6658	353783.9925	1.0000	1.0000	0.0992
37tj02	2	43	0	0	2.0000	0.0000	-1.0000	NaN	1.0100	-1.5727	14.1358	353784.6065	353784.9075	0.0000	1.0000	0.5510
37tj02	2	44	0	0	1.0000	0.0000	1.0000	0.5389	NaN	NaN	NaN	353788.0506	353788.3774	1.0000	1.0000	0.1778
37tj02	2	44	0	0	2.0000	0.0000	-1.0000	NaN	6.5256	-7.3315	13.7700	353789.0958	353789.3968	0.0000	1.0000	0.1976
37tj02	2	45	0	0	1.0000	0.0000	1.0000	0.4503	NaN	NaN	NaN	353791.9092	353792.2371	1.0000	1.0000	0.1104
37tj02	2	45	0	0	2.0000	0.0000	1.0000	NaN	6.2634	5.4918	16.2557	353792.8855	353793.1865	1.0000	1.0000	0.2408
37tj02	2	46	0	0	1.0000	0.0000	1.0000	0.5193	NaN	NaN	NaN	353795.5164	353795.8462	1.0000	1.0000	0.1731
37tj02	2	46	0	0	2.0000	0.0000	-1.0000	NaN	0.7592	-0.4199	14.1590	353796.5529	353796.8542	1.0000	0.0000	0.1971
37tj02	2	47	0	0	1.0000	0.0000	1.0000	0.1476	NaN	NaN	NaN	353799.1271	353799.4546	1.0000	1.0000	0.2600
37tj02	2	47	0	0	2.0000	0.0000	-1.0000	NaN	3.9334	-2.8504	12.5032	353800.2787	353800.5797	0.0000	1.0000	0.1268
37tj02	2	48	0	0	1.0000	0.0000	1.0000	0.6776	NaN	NaN	NaN	353802.5135	353802.8414	1.0000	1.0000	0.1933
37tj02	2	48	0	0	2.0000	0.0000	-1.0000	NaN	4.5494	-3.0291	14.3471	353803.5737	353803.8747	0.0000	1.0000	0.1043
37tj02	2	49	0	0	1.0000	0.0000	-1.0000	0.3295	NaN	NaN	NaN	353806.1873	353806.5140	1.0000	0.0000	0.0495
37tj02	2	49	0	0	2.0000	0.0000	1.0000	NaN	3.4572	4.2720	14.1298	353807.0952	353807.3963	1.0000	1.0000	0.1889
37tj02	2	50	0	0	1.0000	0.0000	1.0000	0.6934	NaN	NaN	NaN	353809.9573	353810.2882	1.0000	1.0000	0.1768
37tj02	2	50	0	0	2.0000	0.0000	-1.0000	NaN	11.3509	-13.3642	14.9527	353811.0055	353811.3068	0.0000	1.0000	0.1104
37tj02	3	1	0	0	1.0000	0.0000	-1.0000	0.1225	NaN	NaN	NaN	353824.0648	353824.3922	1.0000	0.0000	0.2664
37tj02	3	1	0	0	2.0000	0.0000	-1.0000	NaN	4.2468	-3.7945	15.1825	353825.2066	353825.5076	0.0000	1.0000	0.1835
37tj02	3	2	0	0	1.0000	0.0000	-1.0000	0.0391	NaN	NaN	NaN	353828.0153	353828.3427	1.0000	0.0000	0.1157
37tj02	3	2	0	0	2.0000	0.0000	1.0000	NaN	7.5951	7.7243	15.5492	353829.0054	353829.3064	1.0000	1.0000	0.1666
37tj02	3	3	0	0	1.0000	0.0000	1.0000	0.7898	NaN	NaN	NaN	353831.8415	353832.1711	1.0000	1.0000	0.1920
37tj02	3	3	0	0	2.0000	0.0000	1.0000	NaN	8.5033	8.7319	14.3795	353832.8855	353833.1868	1.0000	1.0000	0.1281
37tj02	3	4	0	0	1.0000	0.0000	1.0000	0.1199	NaN	NaN	NaN	353835.6801	353836.0078	1.0000	1.0000	0.1782
37tj02	3	4	0	0	2.0000	0.0000	1.0000	NaN	5.1916	5.5566	17.2409	353836.7012	353837.0022	1.0000	1.0000	0.1292
37tj02	3	5	0	0	1.0000	0.0000	-1.0000	0.3186	NaN	NaN	NaN	353839.4548	353839.7811	0.0000	1.0000	0.1505
37tj02	3	5	0	0	2.0000	0.0000	1.0000	NaN	7.3814	7.5575	12.6192	353840.4618	353840.7628	1.0000	1.0000	0.1523
37tj02	3	6	0	0	1.0000	0.0000	1.0000	0.2311	NaN	NaN	NaN	353843.1070	353843.4344	1.0000	1.0000	0.1747
37tj02	3	6	0	0	2.0000	0.0000	-1.0000	NaN	8.7246	-7.7759	14.2627	353844.1425	353844.4436	0.0000	1.0000	0.2855
37tj02	3	7	0	0	1.0000	0.0000	1.0000	0.3927	NaN	NaN	NaN	353847.0618	353847.3895	1.0000	1.0000	0.1337
37tj02	3	7	0	0	2.0000	0.0000	1.0000	NaN	10.6980	10.0312	16.1820	353848.0540	353848.3553	1.0000	1.0000	0.1279
37tj02	3	8	0	0	1.0000	0.0000	-1.0000	0.2510	NaN	NaN	NaN	353850.5232	353850.8509	0.0000	1.0000	0.1685
37tj02	3	8	0	0	2.0000	0.0000	1.0000	NaN	11.0752	10.6264	15.1452	353851.5578	353851.8589	1.0000	1.0000	0.1524
37tj02	3	9	0	0	1.0000	0.0000	-1.0000	0.9144	NaN	NaN	NaN	353854.2600	353854.5873	1.0000	0.0000	0.2542
37tj02	3	9	0	0	2.0000	0.0000	-1.0000	NaN	5.8762	-3.7513	14.5093	353855.3421	353855.6431	0.0000	1.0000	0.1500
37tj02	3	10	0	0	1.0000	0.0000	-1.0000	0.2001	NaN	NaN	NaN	353858.0450	353858.3748	0.0000	1.0000	0.2504
37tj02	3	10	0	0	2.0000	0.0000	1.0000	NaN	2.7572	0.8121	15.1747	353859.1579	353859.4590	0.0000	0.0000	0.3021
37tj02	3	11	0	0	1.0000	0.0000	-1.0000	0.6256	NaN	NaN	NaN	353861.9573	353862.2856	0.0000	1.0000	0.1254
37tj02	3	11	0	0	2.0000	0.0000	-1.0000	NaN	3.6917	-4.1345	15.7439	353862.9431	353863.2441	0.0000	1.0000	0.2392
37tj02	3	12	0	0	1.0000	0.0000	-1.0000	0.6475	NaN	NaN	NaN	353865.3733	353865.7002	0.0000	1.0000	0.1672
37tj02	3	12	0	0	2.0000	0.0000	-1.0000	NaN	5.1037	-5.1351	14.7068	353866.3895	353866.6905	0.0000	1.0000	0.1199
37tj02	3	13	0	0	1.0000	0.0000	1.0000	0.7424	NaN	NaN	NaN	353868.8680	353869.1953	1.0000	1.0000	0.3995
37tj02	3	13	0	0	2.0000	0.0000	-1.0000	NaN	8.2770	-7.5420	16.3898	353870.1420	353870.4430	0.0000	1.0000	0.1605
37tj02	3	14	0	0	1.0000	0.0000	-1.0000	0.7829	NaN	NaN	NaN	353872.8859	353873.2124	0.0000	1.0000	0.1344
37tj02	3	14	0	0	2.0000	0.0000	1.0000	NaN	4.2133	3.9443	15.1997	353873.8868	353874.1878	1.0000	1.0000	0.2932
37tj02	3	15	0	0	1.0000	0.0000	-1.0000	0.9284	NaN	NaN	NaN	353876.3067	353876.6355	0.0000	1.0000	0.1578
37tj02	3	15	0	0	2.0000	0.0000	1.0000	NaN	11.2834	9.9429	13.8519	353877.3505	353877.6517	1.0000	1.0000	0.1995
37tj02	3	16	0	0	1.0000	0.0000	1.0000	0.6714	NaN	NaN	NaN	353880.1901	353880.5179	1.0000	1.0000	0.2271
37tj02	3	16	0	0	2.0000	0.0000	-1.0000	NaN	3.2363	-3.8810	14.2254	353881.3105	353881.6115	0.0000	1.0000	0.2617
37tj02	3	17	0	0	1.0000	0.0000	1.0000	0.1416	NaN	NaN	NaN	353884.1568	353884.4849	1.0000	1.0000	0.2061
37tj02	3	17	0	0	2.0000	0.0000	-1.0000	NaN	7.4017	-5.4767	14.1760	353885.2858	353885.5868	0.0000	1.0000	0.2632
37tj02	3	18	0	0	1.0000	0.0000	-1.0000	0.2779	NaN	NaN	NaN	353887.7985	353888.1262	0.0000	1.0000	0.2207
37tj02	3	18	0	0	2.0000	0.0000	1.0000	NaN	11.9991	14.0511	15.0004	353888.8632	353889.1642	1.0000	1.0000	0.1187
37tj02	3	19	0	0	1.0000	0.0000	1.0000	0.8786	NaN	NaN	NaN	353891.1375	353891.4654	1.0000	1.0000	0.0879
37tj02	3	19	0	0	2.0000	0.0000	1.0000	NaN	4.9102	7.0323	14.1602	353892.1268	353892.4278	1.0000	1.0000	0.1914
37tj02	3	20	0	0	1.0000	0.0000	1.0000	0.1753	NaN	NaN	NaN	353894.6080	353894.9337	1.0000	1.0000	0.1716
37tj02	3	20	0	0	2.0000	0.0000	-1.0000	NaN	2.5902	-2.5762	15.8294	353895.6377	353895.9388	0.0000	1.0000	0.2568
37tj02	3	21	0	0	1.0000	0.0000	1.0000	0.3115	NaN	NaN	NaN	353898.6009	353898.9292	1.0000	1.0000	0.0959
37tj02	3	21	0	0	2.0000	0.0000	-1.0000	NaN	10.3952	-11.3912	13.6052	353899.5817	353899.8827	0.0000	1.0000	0.1185
37tj02	3	22	0	0	1.0000	0.0000	-1.0000	0.6536	NaN	NaN	NaN	353902.2928	353902.6188	0.0000	1.0000	0.1264
37tj02	3	22	0	0	2.0000	0.0000	-1.0000	NaN	8.7915	-8.0880	15.6304	353903.2794	353903.5805	0.0000	1.0000	0.1502
37tj02	3	23	0	0	1.0000	0.0000	1.0000	0.0259	NaN	NaN	NaN	353906.0535	353906.3819	1.0000	1.0000	0.1633
37tj02	3	23	0	0	2.0000	0.0000	-1.0000	NaN	10.7060	-10.4481	15.1937	353907.0938	353907.3949	0.0000	1.0000	0.1432
37tj02	3	24	0	0	1.0000	0.0000	1.0000	0.8740	NaN	NaN	NaN	353909.9200	353910.2482	1.0000	1.0000	0.5623
37tj02	3	24	0	0	2.0000	0.0000	1.0000	NaN	6.9215	7.1835	15.5200	353911.3361	353911.6371	0.0000	0.0000	0.1160
37tj02	3	25	0	0	1.0000	0.0000	-1.0000	0.3970	NaN	NaN	NaN	353913.5958	353913.9249	0.0000	1.0000	0.1561
37tj02	3	25	0	0	2.0000	0.0000	-1.0000	NaN	9.4056	-11.4362	15.3303	353914.6300	353914.9310	0.0000	1.0000	0.1597
37tj02	3	26	0	0	1.0000	0.0000	1.0000	0.0188	NaN	NaN	NaN	353917.4567	353917.7837	1.0000	1.0000	0.4195
37tj02	3	26	0	0	2.0000	0.0000	1.0000	NaN	9.7315	7.2454	15.3129	353918.7657	353919.0669	1.0000	1.0000	0.0800
37tj02	3	27	0	0	1.0000	0.0000	-1.0000	0.8443	NaN	NaN	NaN	353921.1354	353921.4653	0.0000	1.0000	0.1518
37tj02	3	27	0	0	2.0000	0.0000	-1.0000	NaN	8.2801	-8.7216	14.8410	353922.1736	353922.4747	0.0000	1.0000	0.0626
37tj02	3	28	0	0	1.0000	0.0000	-1.0000	0.7915	NaN	NaN	NaN	353924.5956	353924.9226	0.0000	1.0000	0.1691
37tj02	3	28	0	0	2.0000	0.0000	1.0000	NaN	0.5281	1.6930	15.0402	353925.6317	353925.9327	0.0000	0.0000	0.3586
37tj02	3	29	0	0	1.0000	0.0000	1.0000	0.5977	NaN	NaN	NaN	353928.4033	353928.7302	1.0000	1.0000	0.1292
37tj02	3	29	0	0	2.0000	0.0000	-1.0000	NaN	4.3248	-6.0849	16.2864	353929.3823	353929.6836	1.0000	0.0000	0.1035
37tj02	3	30	0	0	1.0000	0.0000	-1.0000	0.5730	NaN	NaN	NaN	353932.1329	353932.4618	0.0000	1.0000	0.2059
37tj02	3	30	0	0	2.0000	0.0000	-1.0000	NaN	5.5668	-4.4268	15.4908	353933.2151	353933.5163	0.0000	1.0000	0.1887
37tj02	3	31	0	0	1.0000	0.0000	-1.0000	0.3278	NaN	NaN	NaN	353936.2972	353936.6246	0.0000	1.0000	0.1785
37tj02	3	31	0	0	2.0000	0.0000	1.0000	NaN	11.3646	10.7257	14.3142	353937.3659	353937.6669	1.0000	1.0000	0.2871
37tj02	3	32	0	0	1.0000	0.0000	1.0000	0.7598	NaN	NaN	NaN	353940.1514	353940.4813	1.0000	1.0000	0.1380
37tj02	3	32	0	0	2.0000	0.0000	-1.0000	NaN	0.2730	-0.2649	16.5546	353941.1912	353941.4922	0.0000	1.0000	0.2306
37tj02	3	33	0	0	1.0000	0.0000	1.0000	0.6586	NaN	NaN	NaN	353943.7395	353944.0691	1.0000	1.0000	0.0697
37tj02	3	33	0	0	2.0000	0.0000	1.0000	NaN	9.5919	6.7049	13.1280	353944.7175	353945.0185	1.0000	1.0000	0.1106
37tj02	3	34	0	0	1.0000	0.0000	-1.0000	0.2217	NaN	NaN	NaN	353947.2369	353947.5642	1.0000	0.0000	0.1112
37tj02	3	34	0	0	2.0000	0.0000	1.0000	NaN	2.4796	1.4988	14.6123	353948.2474	353948.5485	1.0000	1.0000	0.0783
37tj02	3	35	0	0	1.0000	0.0000	1.0000	0.9006	NaN	NaN	NaN	353951.0221	353951.3503	1.0000	1.0000	0.0925
37tj02	3	35	0	0	2.0000	0.0000	1.0000	NaN	7.9139	9.6690	14.4796	353951.9910	353952.2923	1.0000	1.0000	0.2625
37tj02	3	36	0	0	1.0000	0.0000	1.0000	0.2074	NaN	NaN	NaN	353954.8010	353955.1274	1.0000	1.0000	0.1559
37tj02	3	36	0	0	2.0000	0.0000	1.0000	NaN	8.7803	11.5189	15.0479	353955.8396	353956.1406	1.0000	1.0000	0.3822
37tj02	3	37	0	0	1.0000	0.0000	1.0000	0.4017	NaN	NaN	NaN	353958.8878	353959.2153	1.0000	1.0000	0.1631
37tj02	3	37	0	0	2.0000	0.0000	1.0000	NaN	6.5685	7.2019	14.0812	353959.9578	353960.2592	1.0000	1.0000	0.2378
37tj02	3	38	0	0	1.0000	0.0000	-1.0000	0.4463	NaN	NaN	NaN	353962.5460	353962.8725	1.0000	0.0000	0.0900
37tj02	3	38	0	0	2.0000	0.0000	-1.0000	NaN	5.9534	-6.2162	16.4570	353963.5344	353963.8355	0.0000	1.0000	0.4857
37tj02	3	39	0	0	1.0000	0.0000	1.0000	0.8240	NaN	NaN	NaN	353966.6933	353967.0213	1.0000	1.0000	0.1908
37tj02	3	39	0	0	2.0000	0.0000	1.0000	NaN	0.9296	1.6317	13.8895	353967.7663	353968.0677	1.0000	1.0000	0.0559
37tj02	3	40	0	0	1.0000	0.0000	-1.0000	0.1616	NaN	NaN	NaN	353970.2395	353970.5679	1.0000	0.0000	0.1710
37tj02	3	40	0	0	2.0000	0.0000	1.0000	NaN	2.3766	0.8935	16.3825	353971.2687	353971.5697	1.0000	1.0000	0.1275
37tj02	3	41	0	0	1.0000	0.0000	-1.0000	0.7970	NaN	NaN	NaN	353973.6795	353974.0070	0.0000	1.0000	0.4204
37tj02	3	41	0	0	2.0000	0.0000	1.0000	NaN	3.3657	5.4009	15.0416	353974.9735	353975.2745	1.0000	1.0000	0.1108
37tj02	3	42	0	0	1.0000	0.0000	-1.0000	0.8559	NaN	NaN	NaN	353977.6929	353978.0216	0.0000	1.0000	0.3248
37tj02	3	42	0	0	2.0000	0.0000	-1.0000	NaN	4.7898	-6.6439	14.6796	353978.8693	353979.1707	1.0000	0.0000	0.1025
37tj02	3	43	0	0	1.0000	0.0000	1.0000	0.7151	NaN	NaN	NaN	353981.7376	353982.0656	1.0000	1.0000	0.1776
37tj02	3	43	0	0	2.0000	0.0000	-1.0000	NaN	9.9316	-11.3453	13.9270	353982.8146	353983.1157	0.0000	1.0000	0.1120
37tj02	3	44	0	0	1.0000	0.0000	-1.0000	0.5479	NaN	NaN	NaN	353985.7406	353986.0678	0.0000	1.0000	0.2238
37tj02	3	44	0	0	2.0000	0.0000	1.0000	NaN	4.0333	6.4417	15.2499	353986.8541	353987.1551	1.0000	1.0000	0.2001
37tj02	3	45	0	0	1.0000	0.0000	-1.0000	0.9467	NaN	NaN	NaN	353989.2768	353989.6043	0.0000	1.0000	0.1435
37tj02	3	45	0	0	2.0000	0.0000	-1.0000	NaN	10.4963	-10.6037	16.9095	353990.3017	353990.6027	0.0000	1.0000	0.1851
37tj02	3	46	0	0	1.0000	0.0000	1.0000	0.2912	NaN	NaN	NaN	353993.4257	353993.7542	1.0000	1.0000	0.3690
37tj02	3	46	0	0	2.0000	0.0000	1.0000	NaN	8.9457	8.8466	15.5553	353994.6859	353994.9870	1.0000	1.0000	0.1526
37tj02	3	47	0	0	1.0000	0.0000	-1.0000	0.3910	NaN	NaN	NaN	353997.5783	353997.9066	0.0000	1.0000	0.2167
37tj02	3	47	0	0	2.0000	0.0000	-1.0000	NaN	11.2101	-10.2798	14.3606	353998.6783	353998.9793	0.0000	1.0000	0.2719
37tj02	3	48	0	0	1.0000	0.0000	-1.0000	0.5034	NaN	NaN	NaN	354001.6311	354001.9586	0.0000	1.0000	0.0916
37tj02	3	48	0	0	2.0000	0.0000	1.0000	NaN	5.2035	5.0873	15.7300	354002.5897	354002.8907	0.0000	0.0000	0.1525
37tj02	3	49	0	0	1.0000	0.0000	1.0000	0.5828	NaN	NaN	NaN	354005.4894	354005.8158	1.0000	1.0000	0.0413
37tj02	3	49	0	0	2.0000	0.0000	-1.0000	NaN	10.4554	-9.7613	14.9714	354006.4304	354006.7317	0.0000	1.0000	0.1665
37tj02	3	50	0	0	1.0000	0.0000	-1.0000	0.9026	NaN	NaN	NaN	354009.5133	354009.8400	0.0000	1.0000	0.1610
37tj02	3	50	0	0	2.0000	0.0000	1.0000	NaN	8.1239	8.4995	14.3351	354010.5659	354010.8669	1.0000	1.0000	0.1445
