24cz01	1	1	0	0	1.0000	0.0000	1.0000	0.1424	NaN	NaN	NaN	755904.0086	755904.4278	0.0000	0.0000	0.2922
24cz01	1	1	0	0	2.0000	0.0000	1.0000	NaN	7.9153	9.8940	16.6688	755905.2428	755905.5473	1.0000	1.0000	0.1314
24cz01	1	2	0	0	1.0000	0.0000	1.0000	0.9115	NaN	NaN	NaN	755908.2769	755908.6629	1.0000	1.0000	0.2011
24cz01	1	2	0	0	2.0000	0.0000	1.0000	NaN	7.8689	8.0499	15.6411	755909.4067	755909.7089	1.0000	1.0000	0.1628
24cz01	1	3	0	0	1.0000	0.0000	1.0000	0.8464	NaN	NaN	NaN	755912.0148	755912.4313	0.0000	0.0000	0.3355
24cz01	1	3	0	0	2.0000	0.0000	-1.0000	NaN	4.0100	-1.6707	16.7069	755913.2879	755913.5923	1.0000	0.0000	0.1671
24cz01	1	4	0	0	1.0000	0.0000	-1.0000	0.2128	NaN	NaN	NaN	755916.0565	755916.4763	0.0000	1.0000	0.1639
24cz01	1	4	0	0	2.0000	0.0000	1.0000	NaN	8.0140	6.7751	14.3965	755917.1773	755917.4818	1.0000	1.0000	0.0862
24cz01	1	5	0	0	1.0000	0.0000	1.0000	0.6121	NaN	NaN	NaN	755919.9677	755920.3809	1.0000	1.0000	0.0350
24cz01	1	5	0	0	2.0000	0.0000	-1.0000	NaN	4.5433	-2.9919	15.5144	755920.9517	755921.2582	0.0000	1.0000	0.1178
24cz01	1	6	0	0	1.0000	0.0000	1.0000	0.3089	NaN	NaN	NaN	755923.8435	755924.2520	1.0000	1.0000	0.1643
24cz01	1	6	0	0	2.0000	0.0000	1.0000	NaN	1.2676	3.2849	15.3074	755924.9418	755925.2441	1.0000	1.0000	0.1638
24cz01	1	7	0	0	1.0000	0.0000	1.0000	0.9113	NaN	NaN	NaN	755927.7489	755928.1059	0.0000	0.0000	0.2774
24cz01	1	7	0	0	2.0000	0.0000	-1.0000	NaN	6.5666	-7.2466	14.7426	755928.9575	755929.2598	0.0000	1.0000	0.1484
24cz01	1	8	0	0	1.0000	0.0000	-1.0000	0.2818	NaN	NaN	NaN	755931.5769	755931.9281	0.0000	1.0000	0.1677
24cz01	1	8	0	0	2.0000	0.0000	-1.0000	NaN	3.8253	-2.5265	14.9327	755932.6222	755932.9244	1.0000	0.0000	0.0984
24cz01	1	9	0	0	1.0000	0.0000	-1.0000	0.4244	NaN	NaN	NaN	755935.1581	755935.5083	0.0000	1.0000	0.1224
24cz01	1	9	0	0	2.0000	0.0000	-1.0000	NaN	3.6762	-2.1940	15.8932	755936.1113	755936.4136	0.0000	1.0000	0.2096
24cz01	1	10	0	0	1.0000	0.0000	1.0000	0.4852	NaN	NaN	NaN	755939.0673	755939.4220	0.0000	0.0000	0.2574
24cz01	1	10	0	0	2.0000	0.0000	1.0000	NaN	9.8115	10.9746	15.1291	755940.2216	755940.5237	1.0000	1.0000	0.1641
24cz01	1	11	0	0	1.0000	0.0000	1.0000	0.7399	NaN	NaN	NaN	755943.2216	755943.5730	0.0000	0.0000	0.1698
24cz01	1	11	0	0	2.0000	0.0000	-1.0000	NaN	5.0814	-6.7341	15.4370	755944.2705	755944.5728	0.0000	1.0000	0.1783
24cz01	1	12	0	0	1.0000	0.0000	1.0000	0.3508	NaN	NaN	NaN	755947.0407	755947.3913	0.0000	0.0000	2.6074
24cz01	1	12	0	0	2.0000	0.0000	-1.0000	NaN	1.3344	-2.5663	15.7453	755950.4940	755950.7962	0.0000	1.0000	0.2442
24cz01	1	13	0	0	1.0000	0.0000	1.0000	0.1574	NaN	NaN	NaN	755953.6121	755953.9670	0.0000	0.0000	0.2568
24cz01	1	13	0	0	2.0000	0.0000	1.0000	NaN	7.2238	9.3104	15.0041	755954.7492	755955.0524	1.0000	1.0000	0.0834
24cz01	1	14	0	0	1.0000	0.0000	-1.0000	0.2531	NaN	NaN	NaN	755957.3199	755957.7280	0.0000	1.0000	0.5267
24cz01	1	14	0	0	2.0000	0.0000	-1.0000	NaN	1.8439	-0.1014	15.5870	755958.7910	755959.0949	1.0000	0.0000	0.2013
24cz01	1	15	0	0	1.0000	0.0000	-1.0000	0.5652	NaN	NaN	NaN	755961.4323	755961.8333	0.0000	1.0000	0.1974
24cz01	1	15	0	0	2.0000	0.0000	-1.0000	NaN	3.1465	-4.7279	15.8051	755962.5264	755962.8286	0.0000	1.0000	0.2421
24cz01	1	16	0	0	1.0000	0.0000	1.0000	0.6604	NaN	NaN	NaN	755965.4061	755965.7571	0.0000	0.0000	0.2115
24cz01	1	16	0	0	2.0000	0.0000	1.0000	NaN	0.8159	0.0202	14.5978	755966.4962	755966.7984	0.0000	0.0000	0.1935
24cz01	1	17	0	0	1.0000	0.0000	-1.0000	0.3186	NaN	NaN	NaN	755969.3455	755969.6995	0.0000	1.0000	0.2032
24cz01	1	17	0	0	2.0000	0.0000	1.0000	NaN	8.1567	4.9167	14.7630	755970.4141	755970.7164	1.0000	1.0000	0.2263
24cz01	1	18	0	0	1.0000	0.0000	1.0000	0.0302	NaN	NaN	NaN	755973.0107	755973.3662	1.0000	1.0000	0.2182
24cz01	1	18	0	0	2.0000	0.0000	1.0000	NaN	3.3231	1.4130	13.4090	755974.1109	755974.4130	0.0000	0.0000	0.2276
24cz01	1	19	0	0	1.0000	0.0000	1.0000	0.2477	NaN	NaN	NaN	755976.7777	755977.1325	0.0000	0.0000	0.2907
24cz01	1	19	0	0	2.0000	0.0000	1.0000	NaN	7.1323	7.4401	14.4488	755977.9182	755978.2204	1.0000	1.0000	0.2118
24cz01	1	20	0	0	1.0000	0.0000	-1.0000	0.1146	NaN	NaN	NaN	755980.2193	755980.5712	1.0000	0.0000	2.4681
24cz01	1	20	0	0	2.0000	0.0000	1.0000	NaN	7.0741	8.6423	16.2129	755983.5186	755983.8208	1.0000	1.0000	0.1784
24cz01	1	21	0	0	1.0000	0.0000	-1.0000	0.8067	NaN	NaN	NaN	755986.0444	755986.3988	0.0000	1.0000	0.2089
24cz01	1	21	0	0	2.0000	0.0000	-1.0000	NaN	11.2079	-11.3083	13.2426	755987.1350	755987.4372	0.0000	1.0000	0.1776
24cz01	1	22	0	0	1.0000	0.0000	1.0000	0.2126	NaN	NaN	NaN	755989.8096	755990.1651	0.0000	0.0000	0.2015
24cz01	1	22	0	0	2.0000	0.0000	1.0000	NaN	9.0152	10.9059	16.0904	755990.8936	755991.1958	1.0000	1.0000	0.0679
24cz01	1	23	0	0	1.0000	0.0000	1.0000	0.6058	NaN	NaN	NaN	755993.5548	755993.9056	0.0000	0.0000	0.2691
24cz01	1	23	0	0	2.0000	0.0000	1.0000	NaN	11.4923	13.6717	15.1682	755994.6858	755994.9880	1.0000	1.0000	3.0106
24cz01	1	24	0	0	1.0000	0.0000	-1.0000	0.4168	NaN	NaN	NaN	756000.4057	756000.7576	0.0000	1.0000	0.2504
24cz01	1	24	0	0	2.0000	0.0000	1.0000	NaN	4.5787	5.9860	16.0997	756001.5183	756001.8204	1.0000	1.0000	0.1943
24cz01	1	25	0	0	1.0000	0.0000	-1.0000	0.1056	NaN	NaN	NaN	756004.6181	756005.0303	1.0000	0.0000	2.2968
24cz01	1	25	0	0	2.0000	0.0000	1.0000	NaN	3.0968	5.5273	15.0411	756007.8477	756008.1542	1.0000	1.0000	0.3256
24cz01	1	26	0	0	1.0000	0.0000	-1.0000	0.3714	NaN	NaN	NaN	756010.6940	756011.1017	0.0000	1.0000	0.3218
24cz01	1	26	0	0	2.0000	0.0000	1.0000	NaN	9.9766	11.8102	13.7103	756011.9349	756012.2372	1.0000	1.0000	0.2106
24cz01	1	27	0	0	1.0000	0.0000	-1.0000	0.4040	NaN	NaN	NaN	756014.7678	756015.1194	0.0000	1.0000	0.2876
24cz01	1	27	0	0	2.0000	0.0000	1.0000	NaN	3.7526	2.6696	14.1391	756015.9018	756016.2041	1.0000	1.0000	0.1476
24cz01	1	28	0	0	1.0000	0.0000	1.0000	0.1234	NaN	NaN	NaN	756018.5523	756018.9025	1.0000	1.0000	0.5361
24cz01	1	28	0	0	2.0000	0.0000	1.0000	NaN	6.8259	6.5793	14.2862	756019.9178	756020.2200	1.0000	1.0000	0.1166
24cz01	1	29	0	0	1.0000	0.0000	-1.0000	0.6660	NaN	NaN	NaN	756022.4866	756022.8375	1.0000	0.0000	0.2976
24cz01	1	29	0	0	2.0000	0.0000	1.0000	NaN	7.9961	8.8978	14.7420	756023.6441	756023.9462	1.0000	1.0000	0.1169
24cz01	1	30	0	0	1.0000	0.0000	1.0000	0.7369	NaN	NaN	NaN	756025.9091	756026.2631	1.0000	1.0000	0.3915
24cz01	1	30	0	0	2.0000	0.0000	1.0000	NaN	5.8415	5.8568	15.1347	756027.1506	756027.4527	1.0000	1.0000	0.2591
24cz01	1	31	0	0	1.0000	0.0000	-1.0000	0.7546	NaN	NaN	NaN	756029.6051	756029.9567	1.0000	0.0000	0.4099
24cz01	1	31	0	0	2.0000	0.0000	-1.0000	NaN	3.7346	-5.3194	14.9279	756030.8619	756031.1651	0.0000	1.0000	0.1306
24cz01	1	32	0	0	1.0000	0.0000	1.0000	0.4750	NaN	NaN	NaN	756033.5266	756033.8838	1.0000	1.0000	0.4508
24cz01	1	32	0	0	2.0000	0.0000	-1.0000	NaN	5.7591	-8.8751	14.5851	756034.8458	756035.1493	1.0000	0.0000	0.2738
24cz01	1	33	0	0	1.0000	0.0000	-1.0000	0.4233	NaN	NaN	NaN	756037.3913	756037.7462	0.0000	1.0000	0.4935
24cz01	1	33	0	0	2.0000	0.0000	1.0000	NaN	7.7558	7.9106	15.1474	756038.7335	756039.0356	1.0000	1.0000	0.1158
24cz01	1	34	0	0	1.0000	0.0000	1.0000	0.5507	NaN	NaN	NaN	756041.3119	756041.6666	1.0000	1.0000	0.4451
24cz01	1	34	0	0	2.0000	0.0000	-1.0000	NaN	6.5983	-6.3090	15.5235	756042.6060	756042.9082	1.0000	0.0000	0.3544
24cz01	1	35	0	0	1.0000	0.0000	1.0000	0.7401	NaN	NaN	NaN	756045.3866	756045.7392	1.0000	1.0000	0.4200
24cz01	1	35	0	0	2.0000	0.0000	-1.0000	NaN	8.5804	-8.5373	14.0487	756046.6550	756046.9572	0.0000	1.0000	0.1309
24cz01	1	36	0	0	1.0000	0.0000	-1.0000	0.8576	NaN	NaN	NaN	756048.9472	756049.3567	1.0000	0.0000	0.4667
24cz01	1	36	0	0	2.0000	0.0000	1.0000	NaN	11.3374	11.8486	14.2460	756050.3272	756050.6340	1.0000	1.0000	0.0846
24cz01	1	37	0	0	1.0000	0.0000	1.0000	0.1545	NaN	NaN	NaN	756053.0532	756053.4388	1.0000	1.0000	0.3684
24cz01	1	37	0	0	2.0000	0.0000	-1.0000	NaN	1.4280	-2.4904	15.4896	756054.3333	756054.6354	1.0000	0.0000	0.1632
24cz01	1	38	0	0	1.0000	0.0000	1.0000	0.0793	NaN	NaN	NaN	756056.9833	756057.3339	0.0000	0.0000	0.3286
24cz01	1	38	0	0	2.0000	0.0000	1.0000	NaN	1.5981	1.4549	14.7050	756058.1433	756058.4460	1.0000	1.0000	0.1137
24cz01	1	39	0	0	1.0000	0.0000	-1.0000	0.4807	NaN	NaN	NaN	756060.3458	756060.6991	0.0000	1.0000	0.3406
24cz01	1	39	0	0	2.0000	0.0000	-1.0000	NaN	8.3889	-6.6990	15.8265	756061.5328	756061.8350	1.0000	0.0000	0.0367
24cz01	1	40	0	0	1.0000	0.0000	-1.0000	0.4648	NaN	NaN	NaN	756064.2754	756064.6322	0.0000	1.0000	0.1983
24cz01	1	40	0	0	2.0000	0.0000	-1.0000	NaN	4.0526	-6.4212	13.2231	756065.3578	756065.6601	1.0000	0.0000	0.0831
24cz01	1	41	0	0	1.0000	0.0000	1.0000	0.6217	NaN	NaN	NaN	756068.3153	756068.6667	0.0000	0.0000	0.3083
24cz01	1	41	0	0	2.0000	0.0000	1.0000	NaN	4.8914	4.5069	15.1181	756069.4865	756069.7886	1.0000	1.0000	0.1311
24cz01	1	42	0	0	1.0000	0.0000	1.0000	0.1497	NaN	NaN	NaN	756072.0375	756072.3945	1.0000	1.0000	0.4368
24cz01	1	42	0	0	2.0000	0.0000	-1.0000	NaN	11.6471	-13.3517	16.0403	756073.3577	756073.6599	0.0000	1.0000	0.1147
24cz01	1	43	0	0	1.0000	0.0000	-1.0000	0.0310	NaN	NaN	NaN	756075.8851	756076.2374	1.0000	0.0000	0.3538
24cz01	1	43	0	0	2.0000	0.0000	1.0000	NaN	6.7344	8.5627	15.4773	756077.1004	756077.4026	0.0000	0.0000	0.1650
24cz01	1	44	0	0	1.0000	0.0000	1.0000	0.9243	NaN	NaN	NaN	756079.5108	756079.8648	1.0000	1.0000	0.1351
24cz01	1	44	0	0	2.0000	0.0000	1.0000	NaN	7.7879	6.1790	15.4780	756080.5094	756080.8124	1.0000	1.0000	0.1472
24cz01	1	45	0	0	1.0000	0.0000	-1.0000	0.0923	NaN	NaN	NaN	756082.9700	756083.3273	0.0000	1.0000	0.1752
24cz01	1	45	0	0	2.0000	0.0000	1.0000	NaN	9.8815	9.6074	14.2653	756084.0311	756084.3333	1.0000	1.0000	0.0493
24cz01	1	46	0	0	1.0000	0.0000	1.0000	0.7564	NaN	NaN	NaN	756086.3841	756086.7342	0.0000	0.0000	0.3529
24cz01	1	46	0	0	2.0000	0.0000	1.0000	NaN	1.1845	3.0579	14.6091	756087.5994	756087.9015	1.0000	1.0000	0.0497
24cz01	1	47	0	0	1.0000	0.0000	1.0000	0.0044	NaN	NaN	NaN	756090.1047	756090.4603	0.0000	0.0000	0.3068
24cz01	1	47	0	0	2.0000	0.0000	1.0000	NaN	9.2989	7.2800	15.7818	756091.2608	756091.5632	1.0000	1.0000	0.0845
24cz01	1	48	0	0	1.0000	0.0000	-1.0000	0.2279	NaN	NaN	NaN	756093.7265	756094.1382	1.0000	0.0000	0.1490
24cz01	1	48	0	0	2.0000	0.0000	1.0000	NaN	10.6381	11.5246	13.6623	756094.8379	756095.1421	1.0000	1.0000	0.1056
24cz01	1	49	0	0	1.0000	0.0000	1.0000	0.5577	NaN	NaN	NaN	756097.6177	756098.0385	1.0000	1.0000	0.4880
24cz01	1	49	0	0	2.0000	0.0000	-1.0000	NaN	2.4929	-3.4869	14.4410	756099.0330	756099.3374	0.0000	1.0000	0.2931
24cz01	1	50	0	0	1.0000	0.0000	1.0000	0.3969	NaN	NaN	NaN	756101.8241	756102.2384	0.0000	0.0000	0.5441
24cz01	1	50	0	0	2.0000	0.0000	1.0000	NaN	11.7966	11.7428	14.8752	756103.3181	756103.6226	1.0000	1.0000	0.1359
24cz01	2	1	0	0	1.0000	0.0000	-1.0000	0.9349	NaN	NaN	NaN	756127.2627	756127.6823	0.0000	1.0000	0.3006
24cz01	2	1	0	0	2.0000	0.0000	1.0000	NaN	2.0060	2.2462	15.7318	756128.5336	756128.8382	1.0000	1.0000	0.2171
24cz01	2	2	0	0	1.0000	0.0000	1.0000	0.5195	NaN	NaN	NaN	756131.5412	756131.9530	1.0000	1.0000	0.4622
24cz01	2	2	0	0	2.0000	0.0000	1.0000	NaN	6.2536	4.5279	15.0908	756132.9833	756133.2874	1.0000	1.0000	0.1991
24cz01	2	3	0	0	1.0000	0.0000	1.0000	0.6771	NaN	NaN	NaN	756135.5907	756136.0028	1.0000	1.0000	0.5717
24cz01	2	3	0	0	2.0000	0.0000	-1.0000	NaN	6.0057	-6.3530	15.0985	756137.0805	756137.3847	1.0000	0.0000	0.3912
24cz01	2	4	0	0	1.0000	0.0000	-1.0000	0.3225	NaN	NaN	NaN	756140.1739	756140.5631	1.0000	0.0000	0.4761
24cz01	2	4	0	0	2.0000	0.0000	1.0000	NaN	11.4196	11.2633	14.9822	756141.5343	756141.8365	1.0000	1.0000	0.1467
24cz01	2	5	0	0	1.0000	0.0000	1.0000	0.5062	NaN	NaN	NaN	756144.0853	756144.5007	0.0000	0.0000	0.4098
24cz01	2	5	0	0	2.0000	0.0000	1.0000	NaN	4.2087	2.5451	15.7873	756145.4619	756145.7657	1.0000	1.0000	0.2968
24cz01	2	6	0	0	1.0000	0.0000	-1.0000	0.1698	NaN	NaN	NaN	756147.9590	756148.3570	1.0000	0.0000	0.6015
24cz01	2	6	0	0	2.0000	0.0000	1.0000	NaN	5.0746	5.7888	14.7073	756149.4696	756149.7718	1.0000	1.0000	0.1639
24cz01	2	7	0	0	1.0000	0.0000	-1.0000	0.2469	NaN	NaN	NaN	756151.8627	756152.2143	0.0000	1.0000	0.3612
24cz01	2	7	0	0	2.0000	0.0000	1.0000	NaN	9.6008	9.0839	15.0677	756153.1179	756153.4201	1.0000	1.0000	0.1802
24cz01	2	8	0	0	1.0000	0.0000	1.0000	0.4311	NaN	NaN	NaN	756155.5503	756155.9070	1.0000	1.0000	0.5554
24cz01	2	8	0	0	2.0000	0.0000	1.0000	NaN	5.1887	4.9858	15.2335	756156.9584	756157.2606	0.0000	0.0000	0.4659
24cz01	2	9	0	0	1.0000	0.0000	1.0000	0.8605	NaN	NaN	NaN	756159.9693	756160.3233	1.0000	1.0000	0.4276
24cz01	2	9	0	0	2.0000	0.0000	-1.0000	NaN	1.5238	-2.0195	15.0594	756161.2614	756161.5636	0.0000	1.0000	0.1487
24cz01	2	10	0	0	1.0000	0.0000	-1.0000	0.2385	NaN	NaN	NaN	756163.7962	756164.1471	0.0000	1.0000	0.4289
24cz01	2	10	0	0	2.0000	0.0000	1.0000	NaN	7.3925	6.4336	16.7075	756165.1016	756165.4038	1.0000	1.0000	0.1146
24cz01	2	11	0	0	1.0000	0.0000	1.0000	0.3960	NaN	NaN	NaN	756167.7952	756168.1466	0.0000	0.0000	0.6358
24cz01	2	11	0	0	2.0000	0.0000	1.0000	NaN	7.8823	7.3016	15.6112	756169.2937	756169.5959	1.0000	1.0000	0.2117
24cz01	2	12	0	0	1.0000	0.0000	-1.0000	0.4377	NaN	NaN	NaN	756172.0257	756172.3781	0.0000	1.0000	0.5015
24cz01	2	12	0	0	2.0000	0.0000	1.0000	NaN	11.7797	11.9268	16.6114	756173.3886	756173.6922	1.0000	1.0000	0.1478
24cz01	2	13	0	0	1.0000	0.0000	-1.0000	0.7772	NaN	NaN	NaN	756176.0495	756176.4060	0.0000	1.0000	0.3616
24cz01	2	13	0	0	2.0000	0.0000	-1.0000	NaN	9.8106	-9.0506	15.8821	756177.3099	756177.6120	0.0000	1.0000	0.2752
24cz01	2	14	0	0	1.0000	0.0000	1.0000	0.5794	NaN	NaN	NaN	756180.3547	756180.7098	0.0000	0.0000	0.4731
24cz01	2	14	0	0	2.0000	0.0000	-1.0000	NaN	7.4120	-7.2799	15.4916	756181.7097	756182.0119	0.0000	1.0000	0.3717
24cz01	2	15	0	0	1.0000	0.0000	1.0000	0.8321	NaN	NaN	NaN	756184.5553	756184.9096	1.0000	1.0000	0.3535
24cz01	2	15	0	0	2.0000	0.0000	-1.0000	NaN	6.6019	-6.3978	14.8632	756185.7752	756186.0773	0.0000	1.0000	0.4651
24cz01	2	16	0	0	1.0000	0.0000	1.0000	0.4280	NaN	NaN	NaN	756189.0034	756189.3591	1.0000	1.0000	0.4325
24cz01	2	16	0	0	2.0000	0.0000	-1.0000	NaN	1.0059	-2.7838	15.9890	756190.3013	756190.6034	0.0000	1.0000	0.4674
24cz01	2	17	0	0	1.0000	0.0000	-1.0000	0.8677	NaN	NaN	NaN	756193.0828	756193.4759	0.0000	1.0000	0.2837
24cz01	2	17	0	0	2.0000	0.0000	1.0000	NaN	1.8285	0.3523	14.6900	756194.2693	756194.5715	1.0000	1.0000	0.2429
24cz01	2	18	0	0	1.0000	0.0000	1.0000	0.6007	NaN	NaN	NaN	756197.4001	756197.7548	1.0000	1.0000	0.3876
24cz01	2	18	0	0	2.0000	0.0000	-1.0000	NaN	1.1705	-2.1896	14.4640	756198.6375	756198.9410	0.0000	1.0000	0.4026
24cz01	2	19	0	0	1.0000	0.0000	-1.0000	0.4007	NaN	NaN	NaN	756201.2533	756201.6086	0.0000	1.0000	0.4070
24cz01	2	19	0	0	2.0000	0.0000	1.0000	NaN	10.9888	11.0851	14.2615	756202.5419	756202.8440	1.0000	1.0000	0.3082
24cz01	2	20	0	0	1.0000	0.0000	-1.0000	0.6227	NaN	NaN	NaN	756205.5172	756205.8707	0.0000	1.0000	0.4808
24cz01	2	20	0	0	2.0000	0.0000	1.0000	NaN	2.0542	1.0172	13.7767	756206.8934	756207.1956	0.0000	0.0000	0.4193
24cz01	2	21	0	0	1.0000	0.0000	1.0000	0.9083	NaN	NaN	NaN	756210.0525	756210.4084	1.0000	1.0000	0.3905
24cz01	2	21	0	0	2.0000	0.0000	1.0000	NaN	6.9025	5.9853	14.3493	756211.3093	756211.6114	1.0000	1.0000	0.4670
24cz01	2	22	0	0	1.0000	0.0000	1.0000	0.2254	NaN	NaN	NaN	756214.4121	756214.7638	1.0000	1.0000	0.4513
24cz01	2	22	0	0	2.0000	0.0000	-1.0000	NaN	5.5062	-4.3220	15.6201	756215.7411	756216.0432	0.0000	1.0000	0.4832
24cz01	2	23	0	0	1.0000	0.0000	-1.0000	0.6423	NaN	NaN	NaN	756218.3286	756218.6802	0.0000	1.0000	0.4709
24cz01	2	23	0	0	2.0000	0.0000	1.0000	NaN	3.4688	4.4638	15.4191	756219.6767	756219.9788	1.0000	1.0000	0.4036
24cz01	2	24	0	0	1.0000	0.0000	-1.0000	0.8316	NaN	NaN	NaN	756222.6935	756223.0439	0.0000	1.0000	0.3625
24cz01	2	24	0	0	2.0000	0.0000	1.0000	NaN	6.2166	7.9878	13.8454	756223.9332	756224.2354	1.0000	1.0000	0.3875
24cz01	2	25	0	0	1.0000	0.0000	-1.0000	0.7832	NaN	NaN	NaN	756226.5650	756226.9200	0.0000	1.0000	0.4234
24cz01	2	25	0	0	2.0000	0.0000	1.0000	NaN	11.7920	11.8253	15.0348	756227.8537	756228.1564	1.0000	1.0000	0.1471
24cz01	2	26	0	0	1.0000	0.0000	1.0000	0.0359	NaN	NaN	NaN	756230.2700	756230.6240	1.0000	1.0000	0.7030
24cz01	2	26	0	0	2.0000	0.0000	-1.0000	NaN	10.6220	-10.2424	14.9215	756231.8370	756232.1394	0.0000	1.0000	0.1790
24cz01	2	27	0	0	1.0000	0.0000	1.0000	0.1743	NaN	NaN	NaN	756234.4612	756234.8128	1.0000	1.0000	0.3702
24cz01	2	27	0	0	2.0000	0.0000	-1.0000	NaN	4.4218	-3.3581	15.3539	756235.7084	756236.0106	0.0000	1.0000	0.3573
24cz01	2	28	0	0	1.0000	0.0000	-1.0000	0.4825	NaN	NaN	NaN	756238.7843	756239.1967	1.0000	0.0000	0.3874
24cz01	2	28	0	0	2.0000	0.0000	1.0000	NaN	1.0262	0.5871	13.9513	756240.1078	756240.4116	1.0000	1.0000	0.1788
24cz01	2	29	0	0	1.0000	0.0000	-1.0000	0.7610	NaN	NaN	NaN	756242.8434	756243.2651	1.0000	0.0000	0.3509
24cz01	2	29	0	0	2.0000	0.0000	-1.0000	NaN	0.3506	-0.2244	14.3018	756244.1895	756244.4944	0.0000	1.0000	0.1452
24cz01	2	30	0	0	1.0000	0.0000	1.0000	0.6824	NaN	NaN	NaN	756246.8608	756247.2812	1.0000	1.0000	0.2704
24cz01	2	30	0	0	2.0000	0.0000	-1.0000	NaN	11.6238	-12.7034	14.5683	756248.1026	756248.4085	0.0000	1.0000	0.1513
24cz01	2	31	0	0	1.0000	0.0000	-1.0000	0.2279	NaN	NaN	NaN	756250.7795	756251.1975	1.0000	0.0000	0.3049
24cz01	2	31	0	0	2.0000	0.0000	-1.0000	NaN	1.4798	-1.4420	13.8861	756252.0086	756252.3130	1.0000	0.0000	0.2138
24cz01	2	32	0	0	1.0000	0.0000	1.0000	0.4284	NaN	NaN	NaN	756254.5726	756254.9593	1.0000	1.0000	0.2871
24cz01	2	32	0	0	2.0000	0.0000	1.0000	NaN	6.5641	5.3328	13.3682	756255.7415	756256.0438	1.0000	1.0000	0.2426
24cz01	2	33	0	0	1.0000	0.0000	1.0000	0.0146	NaN	NaN	NaN	756258.6638	756259.0183	1.0000	1.0000	0.2927
24cz01	2	33	0	0	2.0000	0.0000	-1.0000	NaN	0.5163	-1.6170	12.5645	756259.8057	756260.1078	0.0000	1.0000	0.4993
24cz01	2	34	0	0	1.0000	0.0000	-1.0000	0.8828	NaN	NaN	NaN	756262.5170	756262.8724	1.0000	0.0000	0.3106
24cz01	2	34	0	0	2.0000	0.0000	-1.0000	NaN	4.1998	-5.3539	14.7180	756263.6944	756263.9966	0.0000	1.0000	0.5308
24cz01	2	35	0	0	1.0000	0.0000	1.0000	0.0064	NaN	NaN	NaN	756266.8453	756267.2013	1.0000	1.0000	0.3816
24cz01	2	35	0	0	2.0000	0.0000	1.0000	NaN	7.2260	6.5985	14.5705	756268.0780	756268.3802	1.0000	1.0000	0.1941
24cz01	2	36	0	0	1.0000	0.0000	-1.0000	0.1418	NaN	NaN	NaN	756270.5261	756270.8780	1.0000	0.0000	0.4164
24cz01	2	36	0	0	2.0000	0.0000	1.0000	NaN	3.0901	4.9713	15.0249	756271.8051	756272.1074	1.0000	1.0000	0.1961
24cz01	2	37	0	0	1.0000	0.0000	-1.0000	0.4876	NaN	NaN	NaN	756274.7152	756275.0717	0.0000	1.0000	0.6560
24cz01	2	37	0	0	2.0000	0.0000	-1.0000	NaN	4.8217	-5.2794	15.4761	756276.2382	756276.5404	0.0000	1.0000	0.4179
24cz01	2	38	0	0	1.0000	0.0000	-1.0000	0.6852	NaN	NaN	NaN	756279.1957	756279.5504	1.0000	0.0000	0.3679
24cz01	2	38	0	0	2.0000	0.0000	-1.0000	NaN	1.2811	-1.7243	14.9735	756280.4457	756280.7479	1.0000	0.0000	0.2436
24cz01	2	39	0	0	1.0000	0.0000	-1.0000	0.8610	NaN	NaN	NaN	756283.5628	756283.9792	0.0000	1.0000	0.4511
24cz01	2	39	0	0	2.0000	0.0000	1.0000	NaN	10.5558	9.6483	14.7571	756284.9673	756285.2733	1.0000	1.0000	0.1970
24cz01	2	40	0	0	1.0000	0.0000	-1.0000	0.6214	NaN	NaN	NaN	756287.9191	756288.3290	0.0000	1.0000	0.3737
24cz01	2	40	0	0	2.0000	0.0000	1.0000	NaN	8.2706	9.4459	14.7751	756289.2400	756289.5445	1.0000	1.0000	0.1505
24cz01	2	41	0	0	1.0000	0.0000	1.0000	0.3012	NaN	NaN	NaN	756291.7332	756292.1573	1.0000	1.0000	0.4503
24cz01	2	41	0	0	2.0000	0.0000	1.0000	NaN	11.4027	11.0087	16.4064	756293.1097	756293.4142	1.0000	1.0000	0.0721
24cz01	2	42	0	0	1.0000	0.0000	-1.0000	0.8104	NaN	NaN	NaN	756295.5163	756295.9286	1.0000	0.0000	0.2623
24cz01	2	42	0	0	2.0000	0.0000	1.0000	NaN	7.4647	6.5919	11.7430	756296.7250	756297.0295	1.0000	1.0000	0.3932
24cz01	2	43	0	0	1.0000	0.0000	1.0000	0.1850	NaN	NaN	NaN	756299.6744	756300.0596	1.0000	1.0000	0.3228
24cz01	2	43	0	0	2.0000	0.0000	1.0000	NaN	2.7111	3.1999	14.0496	756300.9104	756301.2126	1.0000	1.0000	0.1629
24cz01	2	44	0	0	1.0000	0.0000	-1.0000	0.5394	NaN	NaN	NaN	756303.5116	756303.8661	0.0000	1.0000	0.4046
24cz01	2	44	0	0	2.0000	0.0000	1.0000	NaN	0.9103	1.9163	13.3902	756304.8128	756305.1150	1.0000	1.0000	0.1473
24cz01	2	45	0	0	1.0000	0.0000	-1.0000	0.2230	NaN	NaN	NaN	756307.2138	756307.5700	1.0000	0.0000	0.2374
24cz01	2	45	0	0	2.0000	0.0000	-1.0000	NaN	4.2379	-2.3026	14.4781	756308.3486	756308.6522	1.0000	0.0000	0.1634
24cz01	2	46	0	0	1.0000	0.0000	-1.0000	0.3341	NaN	NaN	NaN	756311.0612	756311.4156	0.0000	1.0000	0.3907
24cz01	2	46	0	0	2.0000	0.0000	-1.0000	NaN	9.9699	-10.8499	15.6582	756312.3489	756312.6520	0.0000	1.0000	0.1795
24cz01	2	47	0	0	1.0000	0.0000	-1.0000	0.0916	NaN	NaN	NaN	756315.1229	756315.4757	0.0000	1.0000	0.5387
24cz01	2	47	0	0	2.0000	0.0000	-1.0000	NaN	1.5837	-1.6021	15.8789	756316.5264	756316.8290	1.0000	0.0000	0.1309
24cz01	2	48	0	0	1.0000	0.0000	-1.0000	0.6167	NaN	NaN	NaN	756319.3250	756319.6821	0.0000	1.0000	0.5247
24cz01	2	48	0	0	2.0000	0.0000	1.0000	NaN	8.7807	5.3195	16.0012	756320.7337	756321.0359	1.0000	1.0000	0.1464
24cz01	2	49	0	0	1.0000	0.0000	1.0000	0.5222	NaN	NaN	NaN	756323.6774	756324.0316	1.0000	1.0000	0.1587
24cz01	2	49	0	0	2.0000	0.0000	-1.0000	NaN	11.0063	-11.3381	15.3770	756324.7186	756325.0208	0.0000	1.0000	0.2261
24cz01	2	50	0	0	1.0000	0.0000	1.0000	0.5114	NaN	NaN	NaN	756327.3580	756327.7150	1.0000	1.0000	0.2832
24cz01	2	50	0	0	2.0000	0.0000	1.0000	NaN	11.9536	11.9579	14.5640	756328.4928	756328.7950	1.0000	1.0000	0.2277
24cz01	3	1	0	0	1.0000	0.0000	1.0000	0.8253	NaN	NaN	NaN	756352.8774	756353.2929	1.0000	1.0000	0.2101
24cz01	3	1	0	0	2.0000	0.0000	-1.0000	NaN	1.0132	-1.7688	15.8990	756354.0558	756354.3606	1.0000	0.0000	0.2137
24cz01	3	2	0	0	1.0000	0.0000	1.0000	0.6357	NaN	NaN	NaN	756356.8254	756357.2422	1.0000	1.0000	0.1801
24cz01	3	2	0	0	2.0000	0.0000	1.0000	NaN	2.2852	2.7799	15.5075	756357.9579	756358.2623	1.0000	1.0000	0.1854
24cz01	3	3	0	0	1.0000	0.0000	-1.0000	0.4645	NaN	NaN	NaN	756360.9098	756361.3253	0.0000	1.0000	0.2414
24cz01	3	3	0	0	2.0000	0.0000	1.0000	NaN	7.4887	7.2008	14.4436	756362.1197	756362.4242	1.0000	1.0000	0.0700
24cz01	3	4	0	0	1.0000	0.0000	-1.0000	0.4181	NaN	NaN	NaN	756364.4833	756364.8892	0.0000	1.0000	0.3410
24cz01	3	4	0	0	2.0000	0.0000	1.0000	NaN	6.3257	5.0132	13.6661	756365.7579	756366.0601	1.0000	1.0000	0.0502
24cz01	3	5	0	0	1.0000	0.0000	-1.0000	0.7193	NaN	NaN	NaN	756367.9708	756368.3229	0.0000	1.0000	0.5086
24cz01	3	5	0	0	2.0000	0.0000	1.0000	NaN	9.0447	9.8625	15.0617	756369.3245	756369.6267	1.0000	1.0000	0.1167
24cz01	3	6	0	0	1.0000	0.0000	1.0000	0.2416	NaN	NaN	NaN	756372.0373	756372.3895	1.0000	1.0000	0.2018
24cz01	3	6	0	0	2.0000	0.0000	1.0000	NaN	9.7714	9.3067	15.3415	756373.0851	756373.3874	1.0000	1.0000	0.1162
24cz01	3	7	0	0	1.0000	0.0000	-1.0000	0.0566	NaN	NaN	NaN	756375.8386	756376.2579	0.0000	1.0000	0.3010
24cz01	3	7	0	0	2.0000	0.0000	1.0000	NaN	8.1837	9.0087	15.0917	756377.0794	756377.3853	1.0000	1.0000	0.0861
24cz01	3	8	0	0	1.0000	0.0000	1.0000	0.7652	NaN	NaN	NaN	756379.5372	756379.9625	1.0000	1.0000	0.1157
24cz01	3	8	0	0	2.0000	0.0000	1.0000	NaN	6.9207	8.5139	15.8197	756380.5849	756380.8892	1.0000	1.0000	0.1503
24cz01	3	9	0	0	1.0000	0.0000	1.0000	0.6757	NaN	NaN	NaN	756382.9609	756383.3513	0.0000	0.0000	0.3109
24cz01	3	9	0	0	2.0000	0.0000	-1.0000	NaN	2.6610	-1.4291	14.3902	756384.1737	756384.4759	1.0000	0.0000	0.0674
24cz01	3	10	0	0	1.0000	0.0000	-1.0000	0.0679	NaN	NaN	NaN	756386.6368	756386.9886	0.0000	1.0000	0.3712
24cz01	3	10	0	0	2.0000	0.0000	-1.0000	NaN	6.2598	-7.5329	14.9626	756387.8848	756388.1871	1.0000	0.0000	0.0831
24cz01	3	11	0	0	1.0000	0.0000	-1.0000	0.0113	NaN	NaN	NaN	756390.3490	756390.7005	0.0000	1.0000	0.5777
24cz01	3	11	0	0	2.0000	0.0000	1.0000	NaN	4.0455	3.7550	14.4589	756391.8385	756392.1408	0.0000	0.0000	0.1946
24cz01	3	12	0	0	1.0000	0.0000	-1.0000	0.7075	NaN	NaN	NaN	756394.4568	756394.8116	0.0000	1.0000	0.2121
24cz01	3	12	0	0	2.0000	0.0000	1.0000	NaN	2.2675	3.1692	14.7067	756395.5654	756395.8676	1.0000	1.0000	0.0838
24cz01	3	13	0	0	1.0000	0.0000	1.0000	0.7199	NaN	NaN	NaN	756398.1773	756398.5321	1.0000	1.0000	0.1551
24cz01	3	13	0	0	2.0000	0.0000	-1.0000	NaN	8.9176	-8.5566	14.9779	756399.2300	756399.5323	0.0000	1.0000	0.0994
24cz01	3	14	0	0	1.0000	0.0000	-1.0000	0.4654	NaN	NaN	NaN	756401.8412	756402.1945	1.0000	0.0000	0.2362
24cz01	3	14	0	0	2.0000	0.0000	1.0000	NaN	2.0151	1.5024	15.3893	756402.9893	756403.2916	0.0000	0.0000	0.1146
24cz01	3	15	0	0	1.0000	0.0000	1.0000	0.7554	NaN	NaN	NaN	756405.6345	756405.9848	1.0000	1.0000	0.2392
24cz01	3	15	0	0	2.0000	0.0000	1.0000	NaN	2.2425	2.1437	15.5386	756406.7487	756407.0509	1.0000	1.0000	0.1633
24cz01	3	16	0	0	1.0000	0.0000	1.0000	0.3757	NaN	NaN	NaN	756409.7409	756410.0981	1.0000	1.0000	0.2852
24cz01	3	16	0	0	2.0000	0.0000	-1.0000	NaN	4.4092	-4.9210	16.8045	756410.9091	756411.2119	0.0000	1.0000	0.2114
24cz01	3	17	0	0	1.0000	0.0000	-1.0000	0.5686	NaN	NaN	NaN	756413.7833	756414.1343	1.0000	0.0000	0.3285
24cz01	3	17	0	0	2.0000	0.0000	-1.0000	NaN	5.6511	-8.1875	14.6960	756414.9731	756415.2753	0.0000	1.0000	0.3881
24cz01	3	18	0	0	1.0000	0.0000	1.0000	0.1879	NaN	NaN	NaN	756417.6070	756417.9603	1.0000	1.0000	0.4382
24cz01	3	18	0	0	2.0000	0.0000	-1.0000	NaN	0.3665	-0.7366	14.7433	756418.9087	756419.2116	1.0000	0.0000	0.1477
24cz01	3	19	0	0	1.0000	0.0000	-1.0000	0.4017	NaN	NaN	NaN	756421.7802	756422.1884	1.0000	0.0000	0.4498
24cz01	3	19	0	0	2.0000	0.0000	-1.0000	NaN	6.5745	-6.2071	14.9612	756423.1752	756423.4820	0.0000	1.0000	0.2611
24cz01	3	20	0	0	1.0000	0.0000	-1.0000	0.4474	NaN	NaN	NaN	756426.0406	756426.4320	0.0000	1.0000	0.3342
24cz01	3	20	0	0	2.0000	0.0000	-1.0000	NaN	2.7659	-2.8220	14.5567	756427.3238	756427.6260	0.0000	1.0000	0.4052
24cz01	3	21	0	0	1.0000	0.0000	-1.0000	0.9118	NaN	NaN	NaN	756430.5072	756430.8638	1.0000	0.0000	0.3350
24cz01	3	21	0	0	2.0000	0.0000	-1.0000	NaN	4.0846	-4.4106	13.1481	756431.7404	756432.0426	1.0000	0.0000	0.5476
24cz01	3	22	0	0	1.0000	0.0000	-1.0000	0.1814	NaN	NaN	NaN	756434.9411	756435.2969	1.0000	0.0000	0.7184
24cz01	3	22	0	0	2.0000	0.0000	1.0000	NaN	5.1390	4.0106	13.9722	756436.5412	756436.8440	0.0000	0.0000	0.6106
24cz01	3	23	0	0	1.0000	0.0000	-1.0000	0.3538	NaN	NaN	NaN	756439.5574	756439.9135	0.0000	1.0000	0.9007
24cz01	3	23	0	0	2.0000	0.0000	1.0000	NaN	2.3774	2.4764	13.8301	756441.3409	756441.6437	1.0000	1.0000	0.3865
24cz01	3	24	0	0	1.0000	0.0000	-1.0000	0.5195	NaN	NaN	NaN	756444.0311	756444.3830	0.0000	1.0000	0.8791
24cz01	3	24	0	0	2.0000	0.0000	1.0000	NaN	11.4901	10.3122	14.4440	756445.7726	756446.0748	1.0000	1.0000	0.6593
24cz01	3	25	0	0	1.0000	0.0000	-1.0000	0.4205	NaN	NaN	NaN	756449.1183	756449.4755	0.0000	1.0000	0.8279
24cz01	3	25	0	0	2.0000	0.0000	-1.0000	NaN	1.2798	-0.7974	15.2737	756450.8128	756451.1150	0.0000	1.0000	0.6121
24cz01	3	26	0	0	1.0000	0.0000	-1.0000	0.2163	NaN	NaN	NaN	756453.8867	756454.2419	1.0000	0.0000	0.4442
24cz01	3	26	0	0	2.0000	0.0000	1.0000	NaN	5.2284	6.4547	15.0801	756455.2293	756455.5316	1.0000	1.0000	0.4514
24cz01	3	27	0	0	1.0000	0.0000	1.0000	0.4611	NaN	NaN	NaN	756458.0579	756458.4124	1.0000	1.0000	0.6107
24cz01	3	27	0	0	2.0000	0.0000	-1.0000	NaN	9.6034	-10.9605	15.0406	756459.5653	756459.8675	0.0000	1.0000	0.4986
24cz01	3	28	0	0	1.0000	0.0000	-1.0000	0.0654	NaN	NaN	NaN	756462.6679	756463.0249	1.0000	0.0000	0.5896
24cz01	3	28	0	0	2.0000	0.0000	-1.0000	NaN	3.8352	-1.3757	14.9972	756464.1247	756464.4277	0.0000	1.0000	0.8351
24cz01	3	29	0	0	1.0000	0.0000	1.0000	0.6632	NaN	NaN	NaN	756467.6262	756468.0133	0.0000	0.0000	0.6569
24cz01	3	29	0	0	2.0000	0.0000	-1.0000	NaN	7.9983	-7.8549	13.5608	756469.1972	756469.4995	0.0000	1.0000	0.8986
24cz01	3	30	0	0	1.0000	0.0000	1.0000	0.0500	NaN	NaN	NaN	756472.5846	756472.9410	1.0000	1.0000	0.3868
24cz01	3	30	0	0	2.0000	0.0000	-1.0000	NaN	8.8543	-10.4960	13.9245	756473.8366	756474.1388	0.0000	1.0000	0.6926
24cz01	3	31	0	0	1.0000	0.0000	1.0000	0.0574	NaN	NaN	NaN	756477.1317	756477.4842	1.0000	1.0000	0.7065
24cz01	3	31	0	0	2.0000	0.0000	1.0000	NaN	4.7911	5.6151	15.1359	756478.7022	756479.0043	0.0000	0.0000	0.5782
24cz01	3	32	0	0	1.0000	0.0000	1.0000	0.6649	NaN	NaN	NaN	756482.0071	756482.3612	1.0000	1.0000	0.5170
24cz01	3	32	0	0	2.0000	0.0000	-1.0000	NaN	7.6624	-7.2255	14.6211	756483.4052	756483.7077	0.0000	1.0000	0.5144
24cz01	3	33	0	0	1.0000	0.0000	-1.0000	0.1383	NaN	NaN	NaN	756486.2991	756486.6500	0.0000	1.0000	0.6926
24cz01	3	33	0	0	2.0000	0.0000	1.0000	NaN	1.6328	2.8776	15.7412	756487.8692	756488.1714	0.0000	0.0000	0.4679
24cz01	3	34	0	0	1.0000	0.0000	-1.0000	0.8127	NaN	NaN	NaN	756491.0600	756491.4121	1.0000	0.0000	0.3140
24cz01	3	34	0	0	2.0000	0.0000	-1.0000	NaN	7.7372	-7.6301	14.9141	756492.2526	756492.5548	0.0000	1.0000	0.5325
24cz01	3	35	0	0	1.0000	0.0000	-1.0000	0.8651	NaN	NaN	NaN	756495.4079	756495.7618	0.0000	1.0000	0.5410
24cz01	3	35	0	0	2.0000	0.0000	1.0000	NaN	2.1822	1.0828	15.6428	756496.8279	756497.1301	0.0000	0.0000	0.3733
24cz01	3	36	0	0	1.0000	0.0000	1.0000	0.3272	NaN	NaN	NaN	756499.7660	756500.1230	1.0000	1.0000	0.4190
24cz01	3	36	0	0	2.0000	0.0000	-1.0000	NaN	9.3662	-9.5274	15.7685	756501.0854	756501.3876	0.0000	1.0000	0.8513
24cz01	3	37	0	0	1.0000	0.0000	1.0000	0.6938	NaN	NaN	NaN	756504.3810	756504.7330	1.0000	1.0000	0.4822
24cz01	3	37	0	0	2.0000	0.0000	1.0000	NaN	5.8633	4.4441	15.7036	756505.7573	756506.0594	0.0000	0.0000	0.5632
24cz01	3	38	0	0	1.0000	0.0000	-1.0000	0.3654	NaN	NaN	NaN	756509.0030	756509.3599	0.0000	1.0000	0.7032
24cz01	3	38	0	0	2.0000	0.0000	1.0000	NaN	6.9958	6.3936	17.2002	756510.5897	756510.8920	0.0000	0.0000	0.4826
24cz01	3	39	0	0	1.0000	0.0000	-1.0000	0.2280	NaN	NaN	NaN	756513.8952	756514.2776	1.0000	0.0000	0.4580
24cz01	3	39	0	0	2.0000	0.0000	-1.0000	NaN	5.0072	-5.7694	14.1642	756515.2606	756515.5628	1.0000	0.0000	0.2912
24cz01	3	40	0	0	1.0000	0.0000	1.0000	0.3267	NaN	NaN	NaN	756518.1137	756518.4650	0.0000	0.0000	0.9421
24cz01	3	40	0	0	2.0000	0.0000	-1.0000	NaN	7.0088	-6.6344	14.3263	756519.9169	756520.2191	0.0000	1.0000	0.4355
24cz01	3	41	0	0	1.0000	0.0000	1.0000	0.2774	NaN	NaN	NaN	756523.1458	756523.4985	0.0000	0.0000	0.8356
24cz01	3	41	0	0	2.0000	0.0000	-1.0000	NaN	5.1798	-4.1611	17.2471	756524.8773	756525.1794	0.0000	1.0000	0.6925
24cz01	3	42	0	0	1.0000	0.0000	1.0000	0.7170	NaN	NaN	NaN	756527.9747	756528.3268	1.0000	1.0000	0.3916
24cz01	3	42	0	0	2.0000	0.0000	-1.0000	NaN	3.3123	-4.0550	14.5438	756529.2613	756529.5635	1.0000	0.0000	0.4357
24cz01	3	43	0	0	1.0000	0.0000	-1.0000	0.8702	NaN	NaN	NaN	756532.1085	756532.4600	0.0000	1.0000	0.3867
24cz01	3	43	0	0	2.0000	0.0000	1.0000	NaN	0.0138	0.3013	13.5991	756533.3920	756533.6941	0.0000	0.0000	0.5927
24cz01	3	44	0	0	1.0000	0.0000	-1.0000	0.8772	NaN	NaN	NaN	756536.5907	756536.9431	1.0000	0.0000	0.5275
24cz01	3	44	0	0	2.0000	0.0000	1.0000	NaN	5.1625	5.9003	13.0847	756538.0286	756538.3309	1.0000	1.0000	0.3872
24cz01	3	45	0	0	1.0000	0.0000	1.0000	0.3703	NaN	NaN	NaN	756540.9069	756541.2595	1.0000	1.0000	0.5316
24cz01	3	45	0	0	2.0000	0.0000	-1.0000	NaN	2.9003	-3.3933	13.9708	756542.3016	756542.6037	0.0000	1.0000	0.6111
24cz01	3	46	0	0	1.0000	0.0000	-1.0000	0.5043	NaN	NaN	NaN	756545.4594	756545.8111	0.0000	1.0000	0.4436
24cz01	3	46	0	0	2.0000	0.0000	-1.0000	NaN	9.3500	-8.1829	15.4998	756546.7979	756547.1000	0.0000	1.0000	0.3871
24cz01	3	47	0	0	1.0000	0.0000	-1.0000	0.1216	NaN	NaN	NaN	756549.7125	756550.0637	0.0000	1.0000	0.8783
24cz01	3	47	0	0	2.0000	0.0000	-1.0000	NaN	11.9890	-13.3234	15.2103	756551.4223	756551.7245	0.0000	1.0000	0.3388
24cz01	3	48	0	0	1.0000	0.0000	-1.0000	0.8596	NaN	NaN	NaN	756554.5891	756554.9422	1.0000	0.0000	0.4798
24cz01	3	48	0	0	2.0000	0.0000	-1.0000	NaN	11.7570	-12.6283	15.6860	756555.9816	756556.2838	0.0000	1.0000	0.4351
24cz01	3	49	0	0	1.0000	0.0000	-1.0000	0.2759	NaN	NaN	NaN	756558.6647	756559.0797	1.0000	0.0000	0.6476
24cz01	3	49	0	0	2.0000	0.0000	1.0000	NaN	7.4051	7.4761	16.0581	756560.2602	756560.5640	1.0000	1.0000	0.3460
24cz01	3	50	0	0	1.0000	0.0000	1.0000	0.7412	NaN	NaN	NaN	756563.5606	756563.9823	1.0000	1.0000	0.4957
24cz01	3	50	0	0	2.0000	0.0000	-1.0000	NaN	0.9735	-0.1577	15.7896	756564.9975	756565.3024	1.0000	0.0000	0.4882
