39lh01	1	1	0	1	1.0000	1.0000	1.0000	NaN	7.9153	9.1605	15.0034	278031.1747	278031.4757	1.0000	1.0000	0.5916
39lh01	1	1	0	1	2.0000	1.0000	-1.0000	0.1424	NaN	NaN	NaN	278032.6268	278032.9544	0.0000	1.0000	0.7693
39lh01	1	2	0	1	1.0000	1.0000	1.0000	NaN	7.8689	8.7862	13.9941	278035.9261	278036.2275	1.0000	1.0000	0.2480
39lh01	1	2	0	1	2.0000	1.0000	1.0000	0.9115	NaN	NaN	NaN	278037.0086	278037.3344	0.0000	0.0000	1.2683
39lh01	1	3	0	1	1.0000	1.0000	1.0000	NaN	4.0100	3.7764	13.9117	278041.3257	278041.6267	0.0000	0.0000	1.3119
39lh01	1	3	0	1	2.0000	1.0000	-1.0000	0.8464	NaN	NaN	NaN	278043.4968	278043.8253	0.0000	1.0000	0.5199
39lh01	1	4	0	1	1.0000	1.0000	-1.0000	NaN	8.0140	-8.0635	14.9997	278046.8954	278047.1964	0.0000	1.0000	0.6789
39lh01	1	4	0	1	2.0000	1.0000	1.0000	0.2128	NaN	NaN	NaN	278048.4660	278048.7917	0.0000	0.0000	1.8442
39lh01	1	5	0	1	1.0000	1.0000	1.0000	NaN	4.5433	5.6530	15.6781	278053.2376	278053.5386	1.0000	1.0000	0.2073
39lh01	1	5	0	1	2.0000	1.0000	-1.0000	0.6121	NaN	NaN	NaN	278054.2888	278054.6166	0.0000	1.0000	3.0748
39lh01	1	6	0	1	1.0000	1.0000	1.0000	NaN	1.2676	2.1278	16.7414	278060.0056	278060.3066	0.0000	0.0000	0.9827
39lh01	1	6	0	1	2.0000	1.0000	-1.0000	0.3089	NaN	NaN	NaN	278061.8807	278062.2107	1.0000	0.0000	1.3840
39lh01	1	7	0	1	1.0000	1.0000	1.0000	NaN	6.5666	7.9320	14.1297	278065.6592	278065.9621	1.0000	1.0000	0.3285
39lh01	1	7	0	1	2.0000	1.0000	-1.0000	0.9113	NaN	NaN	NaN	278066.8573	278067.2000	0.0000	1.0000	0.4899
39lh01	1	8	0	1	1.0000	1.0000	-1.0000	NaN	3.8253	-3.5945	15.4498	278070.2922	278070.5935	0.0000	1.0000	0.7299
39lh01	1	8	0	1	2.0000	1.0000	1.0000	0.2818	NaN	NaN	NaN	278071.9056	278072.2346	0.0000	0.0000	0.6011
39lh01	1	9	0	1	1.0000	1.0000	-1.0000	NaN	3.6762	-0.5394	15.6184	278074.7225	278075.0235	0.0000	1.0000	0.9238
39lh01	1	9	0	1	2.0000	1.0000	-1.0000	0.4244	NaN	NaN	NaN	278076.5215	278076.8485	0.0000	1.0000	0.9635
39lh01	1	10	0	1	1.0000	1.0000	1.0000	NaN	9.8115	9.2237	13.4359	278080.0343	278080.3353	1.0000	1.0000	0.2899
39lh01	1	10	0	1	2.0000	1.0000	-1.0000	0.4852	NaN	NaN	NaN	278081.2093	278081.5366	0.0000	1.0000	1.1694
39lh01	1	11	0	1	1.0000	1.0000	1.0000	NaN	5.0814	4.2677	13.9927	278085.1417	278085.4428	1.0000	1.0000	0.5599
39lh01	1	11	0	1	2.0000	1.0000	-1.0000	0.7399	NaN	NaN	NaN	278086.5526	278086.8797	0.0000	1.0000	1.2745
39lh01	1	12	0	1	1.0000	1.0000	1.0000	NaN	1.3344	1.3499	16.0529	278090.1840	278090.4851	1.0000	1.0000	0.8041
39lh01	1	12	0	1	2.0000	1.0000	1.0000	0.3508	NaN	NaN	NaN	278091.8504	278092.1778	0.0000	0.0000	0.7859
39lh01	1	13	0	1	1.0000	1.0000	1.0000	NaN	7.2238	8.0302	16.2475	278095.4462	278095.7472	1.0000	1.0000	0.2005
39lh01	1	13	0	1	2.0000	1.0000	1.0000	0.1574	NaN	NaN	NaN	278096.4889	278096.8163	0.0000	0.0000	1.0427
39lh01	1	14	0	1	1.0000	1.0000	-1.0000	NaN	1.8439	-1.2881	14.5598	278100.3076	278100.6086	0.0000	1.0000	3.2194
39lh01	1	14	0	1	2.0000	1.0000	-1.0000	0.2531	NaN	NaN	NaN	278104.4008	278104.7297	0.0000	1.0000	1.6742
39lh01	1	15	0	1	1.0000	1.0000	-1.0000	NaN	3.1465	-3.7573	15.4025	278108.4867	278108.7878	1.0000	0.0000	0.7334
39lh01	1	15	0	1	2.0000	1.0000	-1.0000	0.5652	NaN	NaN	NaN	278110.1223	278110.4499	0.0000	1.0000	1.6320
39lh01	1	16	0	1	1.0000	1.0000	1.0000	NaN	0.8159	2.1671	15.2450	278114.7236	278115.0245	1.0000	1.0000	0.5150
39lh01	1	16	0	1	2.0000	1.0000	1.0000	0.6604	NaN	NaN	NaN	278116.0821	278116.4086	1.0000	1.0000	0.9938
39lh01	1	17	0	1	1.0000	1.0000	-1.0000	NaN	8.1567	-8.5889	14.4285	278119.7969	278120.0979	0.0000	1.0000	0.6000
39lh01	1	17	0	1	2.0000	1.0000	-1.0000	0.3186	NaN	NaN	NaN	278121.2890	278121.6182	0.0000	1.0000	2.3451
39lh01	1	18	0	1	1.0000	1.0000	1.0000	NaN	3.3231	3.2563	15.8870	278126.5228	278126.8238	1.0000	1.0000	0.4581
39lh01	1	18	0	1	2.0000	1.0000	-1.0000	0.0302	NaN	NaN	NaN	278127.8564	278128.1836	1.0000	0.0000	1.5537
39lh01	1	19	0	1	1.0000	1.0000	1.0000	NaN	7.1323	7.7006	15.3740	278131.9157	278132.2166	1.0000	1.0000	0.2989
39lh01	1	19	0	1	2.0000	1.0000	-1.0000	0.2477	NaN	NaN	NaN	278133.0888	278133.4166	1.0000	0.0000	0.5940
39lh01	1	20	0	1	1.0000	1.0000	-1.0000	NaN	7.0741	-7.0222	14.4871	278136.0629	278136.3639	0.0000	1.0000	0.4145
39lh01	1	20	0	1	2.0000	1.0000	1.0000	0.1146	NaN	NaN	NaN	278137.3855	278137.7125	0.0000	0.0000	1.2888
39lh01	1	21	0	1	1.0000	1.0000	-1.0000	NaN	11.2079	-9.7050	16.6123	278141.2445	278141.5455	0.0000	1.0000	1.8339
39lh01	1	21	0	1	2.0000	1.0000	1.0000	0.8067	NaN	NaN	NaN	278143.9527	278144.2810	1.0000	1.0000	0.9683
39lh01	1	22	0	1	1.0000	1.0000	1.0000	NaN	9.0152	11.6689	15.2458	278147.6361	278147.9371	1.0000	1.0000	0.3535
39lh01	1	22	0	1	2.0000	1.0000	-1.0000	0.2126	NaN	NaN	NaN	278148.8733	278149.2025	0.0000	1.0000	1.2172
39lh01	1	23	0	1	1.0000	1.0000	1.0000	NaN	11.4923	11.4610	15.4480	278152.9708	278153.2718	1.0000	1.0000	0.6598
39lh01	1	23	0	1	2.0000	1.0000	1.0000	0.6058	NaN	NaN	NaN	278154.4972	278154.8245	1.0000	1.0000	0.9848
39lh01	1	24	0	1	1.0000	1.0000	-1.0000	NaN	4.5787	-1.9770	14.8792	278158.0641	278158.3651	1.0000	0.0000	0.7810
39lh01	1	24	0	1	2.0000	1.0000	1.0000	0.4168	NaN	NaN	NaN	278159.7128	278160.0409	1.0000	1.0000	1.8990
39lh01	1	25	0	1	1.0000	1.0000	-1.0000	NaN	3.0968	-3.3180	14.3059	278164.4439	278164.7450	0.0000	1.0000	0.4178
39lh01	1	25	0	1	2.0000	1.0000	-1.0000	0.1056	NaN	NaN	NaN	278165.7770	278166.1041	0.0000	1.0000	0.4984
39lh01	1	26	0	1	1.0000	1.0000	-1.0000	NaN	9.9766	-10.0104	15.1938	278168.6897	278168.9907	0.0000	1.0000	0.5652
39lh01	1	26	0	1	2.0000	1.0000	1.0000	0.3714	NaN	NaN	NaN	278170.1451	278170.4729	0.0000	0.0000	0.4644
39lh01	1	27	0	1	1.0000	1.0000	-1.0000	NaN	3.7526	-3.6700	13.4086	278173.2733	278173.5743	0.0000	1.0000	0.4616
39lh01	1	27	0	1	2.0000	1.0000	1.0000	0.4040	NaN	NaN	NaN	278174.6328	278174.9586	1.0000	1.0000	0.8529
39lh01	1	28	0	1	1.0000	1.0000	1.0000	NaN	6.8259	4.6682	14.8169	278178.3552	278178.6565	1.0000	1.0000	0.3868
39lh01	1	28	0	1	2.0000	1.0000	-1.0000	0.1234	NaN	NaN	NaN	278179.6010	278179.9279	1.0000	0.0000	1.7470
39lh01	1	29	0	1	1.0000	1.0000	-1.0000	NaN	7.9961	-10.7016	13.3489	278184.3165	278184.6175	0.0000	1.0000	0.4558
39lh01	1	29	0	1	2.0000	1.0000	1.0000	0.6660	NaN	NaN	NaN	278185.6566	278185.9850	0.0000	0.0000	1.6981
39lh01	1	30	0	1	1.0000	1.0000	1.0000	NaN	5.8415	6.6013	14.2694	278190.3205	278190.6215	1.0000	1.0000	0.2518
39lh01	1	30	0	1	2.0000	1.0000	1.0000	0.7369	NaN	NaN	NaN	278191.4172	278191.7445	1.0000	1.0000	1.6350
39lh01	1	31	0	1	1.0000	1.0000	-1.0000	NaN	3.7346	-2.6658	16.2023	278195.4787	278195.7797	1.0000	0.0000	0.4635
39lh01	1	31	0	1	2.0000	1.0000	1.0000	0.7546	NaN	NaN	NaN	278196.8411	278197.1692	0.0000	0.0000	2.5702
39lh01	1	32	0	1	1.0000	1.0000	1.0000	NaN	5.7591	6.1804	13.6043	278201.9708	278202.2718	1.0000	1.0000	0.5156
39lh01	1	32	0	1	2.0000	1.0000	1.0000	0.4750	NaN	NaN	NaN	278203.3051	278203.6326	1.0000	1.0000	62.7451
39lh01	1	33	0	1	1.0000	1.0000	-1.0000	NaN	7.7558	-6.5580	16.3672	278269.0143	278269.3153	0.0000	1.0000	0.6621
39lh01	1	33	0	1	2.0000	1.0000	1.0000	0.4233	NaN	NaN	NaN	278270.6487	278270.9770	0.0000	0.0000	0.8483
39lh01	1	34	0	1	1.0000	1.0000	1.0000	NaN	6.5983	8.2786	14.8981	278274.0968	278274.3978	1.0000	1.0000	0.4035
39lh01	1	34	0	1	2.0000	1.0000	-1.0000	0.5507	NaN	NaN	NaN	278275.3848	278275.7173	1.0000	0.0000	1.1961
39lh01	1	35	0	1	1.0000	1.0000	1.0000	NaN	8.5804	10.5662	16.1210	278279.3745	278279.6755	1.0000	1.0000	0.4403
39lh01	1	35	0	1	2.0000	1.0000	1.0000	0.7401	NaN	NaN	NaN	278280.7212	278281.0488	0.0000	0.0000	0.8107
39lh01	1	36	0	1	1.0000	1.0000	-1.0000	NaN	11.3374	-8.6709	14.8913	278284.1926	278284.4938	0.0000	1.0000	0.6129
39lh01	1	36	0	1	2.0000	1.0000	1.0000	0.8576	NaN	NaN	NaN	278285.8101	278286.1381	0.0000	0.0000	0.8091
39lh01	1	37	0	1	1.0000	1.0000	1.0000	NaN	1.4280	3.6168	13.8424	278288.9148	278289.2158	1.0000	1.0000	0.4255
39lh01	1	37	0	1	2.0000	1.0000	-1.0000	0.1545	NaN	NaN	NaN	278290.1686	278290.4962	1.0000	0.0000	0.8731
39lh01	1	38	0	1	1.0000	1.0000	1.0000	NaN	1.5981	0.8067	15.2499	278293.6043	278293.9053	0.0000	0.0000	0.9541
39lh01	1	38	0	1	2.0000	1.0000	1.0000	0.0793	NaN	NaN	NaN	278295.5930	278295.9210	0.0000	0.0000	0.8323
39lh01	1	39	0	1	1.0000	1.0000	-1.0000	NaN	8.3889	-7.9955	13.8254	278299.1179	278299.4190	0.0000	1.0000	0.6562
39lh01	1	39	0	1	2.0000	1.0000	1.0000	0.4807	NaN	NaN	NaN	278300.6812	278301.0075	0.0000	0.0000	0.9964
39lh01	1	40	0	1	1.0000	1.0000	-1.0000	NaN	4.0526	-3.3499	15.3434	278304.0383	278304.3394	0.0000	1.0000	0.7759
39lh01	1	40	0	1	2.0000	1.0000	1.0000	0.4648	NaN	NaN	NaN	278305.6971	278306.0266	0.0000	0.0000	0.8490
39lh01	1	41	0	1	1.0000	1.0000	1.0000	NaN	4.8914	2.7918	14.8056	278308.9531	278309.2542	1.0000	1.0000	0.5232
39lh01	1	41	0	1	2.0000	1.0000	-1.0000	0.6217	NaN	NaN	NaN	278310.3216	278310.6490	1.0000	0.0000	2.6829
39lh01	1	42	0	1	1.0000	1.0000	1.0000	NaN	11.6471	11.6227	15.2525	278315.7613	278316.0623	1.0000	1.0000	0.2533
39lh01	1	42	0	1	2.0000	1.0000	1.0000	0.1497	NaN	NaN	NaN	278316.8898	278317.2180	1.0000	1.0000	0.8571
39lh01	1	43	0	1	1.0000	1.0000	-1.0000	NaN	6.7344	-8.8010	14.4502	278320.1616	278320.4627	0.0000	1.0000	0.4529
39lh01	1	43	0	1	2.0000	1.0000	-1.0000	0.0310	NaN	NaN	NaN	278321.5288	278321.8563	0.0000	1.0000	0.9553
39lh01	1	44	0	1	1.0000	1.0000	1.0000	NaN	7.7879	8.7646	15.0519	278324.9355	278325.2367	1.0000	1.0000	0.3646
39lh01	1	44	0	1	2.0000	1.0000	-1.0000	0.9243	NaN	NaN	NaN	278326.1692	278326.4958	0.0000	1.0000	0.5535
39lh01	1	45	0	1	1.0000	1.0000	-1.0000	NaN	9.8815	-9.3280	14.8525	278329.2853	278329.5864	0.0000	1.0000	0.4644
39lh01	1	45	0	1	2.0000	1.0000	1.0000	0.0923	NaN	NaN	NaN	278330.6644	278330.9920	0.0000	0.0000	1.0014
39lh01	1	46	0	1	1.0000	1.0000	1.0000	NaN	1.1845	1.1241	13.5678	278334.1279	278334.4289	1.0000	1.0000	0.2203
39lh01	1	46	0	1	2.0000	1.0000	1.0000	0.7564	NaN	NaN	NaN	278335.2090	278335.5382	1.0000	1.0000	0.5452
39lh01	1	47	0	1	1.0000	1.0000	1.0000	NaN	9.2989	9.0880	14.3196	278338.2094	278338.5105	1.0000	1.0000	0.2428
39lh01	1	47	0	1	2.0000	1.0000	-1.0000	0.0044	NaN	NaN	NaN	278339.3205	278339.6485	0.0000	1.0000	1.3139
39lh01	1	48	0	1	1.0000	1.0000	-1.0000	NaN	10.6381	-10.3322	15.4140	278343.0317	278343.3327	0.0000	1.0000	0.5342
39lh01	1	48	0	1	2.0000	1.0000	1.0000	0.2279	NaN	NaN	NaN	278344.4728	278344.8006	0.0000	0.0000	0.4993
39lh01	1	49	0	1	1.0000	1.0000	1.0000	NaN	2.4929	3.6812	15.1067	278347.6496	278347.9507	1.0000	1.0000	0.2426
39lh01	1	49	0	1	2.0000	1.0000	1.0000	0.5577	NaN	NaN	NaN	278348.7456	278349.0735	1.0000	1.0000	1.3867
39lh01	1	50	0	1	1.0000	1.0000	1.0000	NaN	11.7966	13.6274	15.0560	278352.6907	278352.9918	1.0000	1.0000	0.3558
39lh01	1	50	0	1	2.0000	1.0000	1.0000	0.3969	NaN	NaN	NaN	278353.9612	278354.2892	1.0000	1.0000	0.9458
39lh01	2	1	0	1	1.0000	1.0000	-1.0000	NaN	2.0060	-3.8396	12.8957	278372.3355	278372.6366	0.0000	1.0000	0.9265
39lh01	2	1	0	1	2.0000	1.0000	1.0000	0.9349	NaN	NaN	NaN	278374.1298	278374.4573	0.0000	0.0000	0.6800
39lh01	2	2	0	1	1.0000	1.0000	1.0000	NaN	6.2536	4.8770	15.1741	278377.4425	278377.7435	1.0000	1.0000	0.7476
39lh01	2	2	0	1	2.0000	1.0000	1.0000	0.5195	NaN	NaN	NaN	278379.0485	278379.3759	0.0000	0.0000	0.8037
39lh01	2	3	0	1	1.0000	1.0000	1.0000	NaN	6.0057	5.3360	16.0076	278382.3802	278382.6812	1.0000	1.0000	0.3922
39lh01	2	3	0	1	2.0000	1.0000	-1.0000	0.6771	NaN	NaN	NaN	278383.6096	278383.9374	0.0000	1.0000	0.5839
39lh01	2	4	0	1	1.0000	1.0000	-1.0000	NaN	11.4196	-9.4707	15.5897	278386.7411	278387.0423	0.0000	1.0000	0.4569
39lh01	2	4	0	1	2.0000	1.0000	1.0000	0.3225	NaN	NaN	NaN	278388.0810	278388.4074	1.0000	1.0000	2.5624
39lh01	2	5	0	1	1.0000	1.0000	1.0000	NaN	4.2087	3.1763	16.3424	278392.9585	278393.2596	1.0000	1.0000	0.4616
39lh01	2	5	0	1	2.0000	1.0000	1.0000	0.5062	NaN	NaN	NaN	278394.3372	278394.6626	1.0000	1.0000	1.3248
39lh01	2	6	0	1	1.0000	1.0000	-1.0000	NaN	5.0746	-4.0529	14.1162	278398.3885	278398.6897	1.0000	0.0000	1.2075
39lh01	2	6	0	1	2.0000	1.0000	1.0000	0.1698	NaN	NaN	NaN	278400.4810	278400.8090	1.0000	1.0000	1.1619
39lh01	2	7	0	1	1.0000	1.0000	-1.0000	NaN	9.6008	-12.1630	15.4265	278404.3806	278404.6816	0.0000	1.0000	0.4557
39lh01	2	7	0	1	2.0000	1.0000	-1.0000	0.2469	NaN	NaN	NaN	278405.7534	278406.0821	1.0000	0.0000	0.6899
39lh01	2	8	0	1	1.0000	1.0000	1.0000	NaN	5.1887	5.6043	14.1218	278408.8809	278409.1820	1.0000	1.0000	0.4193
39lh01	2	8	0	1	2.0000	1.0000	-1.0000	0.4311	NaN	NaN	NaN	278410.1612	278410.4887	0.0000	1.0000	2.0275
39lh01	2	9	0	1	1.0000	1.0000	1.0000	NaN	1.5238	1.0435	16.3114	278414.6646	278414.9656	1.0000	1.0000	0.4692
39lh01	2	9	0	1	2.0000	1.0000	-1.0000	0.8605	NaN	NaN	NaN	278415.9686	278416.2964	1.0000	0.0000	1.4251
39lh01	2	10	0	1	1.0000	1.0000	-1.0000	NaN	7.3925	-7.9248	14.2338	278419.9413	278420.2423	0.0000	1.0000	0.4013
39lh01	2	10	0	1	2.0000	1.0000	1.0000	0.2385	NaN	NaN	NaN	278421.2489	278421.5777	1.0000	1.0000	0.5196
39lh01	2	11	0	1	1.0000	1.0000	1.0000	NaN	7.8823	7.3318	14.8574	278424.3276	278424.6287	1.0000	1.0000	0.4288
39lh01	2	11	0	1	2.0000	1.0000	-1.0000	0.3960	NaN	NaN	NaN	278425.6492	278425.9768	1.0000	0.0000	0.8345
39lh01	2	12	0	1	1.0000	1.0000	-1.0000	NaN	11.7797	-11.1174	14.7322	278428.9799	278429.2809	0.0000	1.0000	0.1933
39lh01	2	12	0	1	2.0000	1.0000	-1.0000	0.4377	NaN	NaN	NaN	278430.0817	278430.4084	0.0000	1.0000	0.6755
39lh01	2	13	0	1	1.0000	1.0000	-1.0000	NaN	9.8106	-8.2798	15.1714	278433.0663	278433.3678	0.0000	1.0000	0.3712
39lh01	2	13	0	1	2.0000	1.0000	-1.0000	0.7772	NaN	NaN	NaN	278434.3936	278434.7204	0.0000	1.0000	0.5074
39lh01	2	14	0	1	1.0000	1.0000	1.0000	NaN	7.4120	8.4065	15.5561	278437.4652	278437.7662	1.0000	1.0000	0.2767
39lh01	2	14	0	1	2.0000	1.0000	1.0000	0.5794	NaN	NaN	NaN	278438.6657	278438.9917	1.0000	1.0000	1.0335
39lh01	2	15	0	1	1.0000	1.0000	1.0000	NaN	6.6019	7.2260	15.2251	278442.6785	278442.9795	1.0000	1.0000	0.2788
39lh01	2	15	0	1	2.0000	1.0000	-1.0000	0.8321	NaN	NaN	NaN	278443.8497	278444.1761	1.0000	0.0000	1.1145
39lh01	2	16	0	1	1.0000	1.0000	1.0000	NaN	1.0059	0.8533	14.4097	278447.6278	278447.9288	1.0000	1.0000	0.3225
39lh01	2	16	0	1	2.0000	1.0000	1.0000	0.4280	NaN	NaN	NaN	278448.8013	278449.1278	1.0000	1.0000	1.3297
39lh01	2	17	0	1	1.0000	1.0000	-1.0000	NaN	1.8285	-1.1574	14.6596	278452.9930	278453.2943	1.0000	0.0000	0.4135
39lh01	2	17	0	1	2.0000	1.0000	1.0000	0.8677	NaN	NaN	NaN	278454.2891	278454.6163	0.0000	0.0000	0.6035
39lh01	2	18	0	1	1.0000	1.0000	1.0000	NaN	1.1705	1.9535	14.8358	278457.8313	278458.1323	1.0000	1.0000	0.1437
39lh01	2	18	0	1	2.0000	1.0000	-1.0000	0.6007	NaN	NaN	NaN	278458.8413	278459.1685	1.0000	0.0000	0.7789
39lh01	2	19	0	1	1.0000	1.0000	-1.0000	NaN	10.9888	-10.7385	16.4672	278462.6314	278462.9324	0.0000	1.0000	0.2945
39lh01	2	19	0	1	2.0000	1.0000	-1.0000	0.4007	NaN	NaN	NaN	278463.8094	278464.1367	1.0000	0.0000	1.2672
39lh01	2	20	0	1	1.0000	1.0000	-1.0000	NaN	2.0542	-4.2104	15.4417	278467.7512	278468.0525	0.0000	1.0000	0.3351
39lh01	2	20	0	1	2.0000	1.0000	-1.0000	0.6227	NaN	NaN	NaN	278469.0095	278469.3362	0.0000	1.0000	0.2891
39lh01	2	21	0	1	1.0000	1.0000	1.0000	NaN	6.9025	6.0190	14.4054	278471.7870	278472.0880	1.0000	1.0000	0.2918
39lh01	2	21	0	1	2.0000	1.0000	1.0000	0.9083	NaN	NaN	NaN	278472.9610	278473.2885	1.0000	1.0000	1.2408
39lh01	2	22	0	1	1.0000	1.0000	1.0000	NaN	5.5062	4.2439	15.8219	278476.5569	278476.8584	1.0000	1.0000	0.8309
39lh01	2	22	0	1	2.0000	1.0000	1.0000	0.2254	NaN	NaN	NaN	278478.2651	278478.5917	1.0000	1.0000	1.0445
39lh01	2	23	0	1	1.0000	1.0000	-1.0000	NaN	3.4688	-2.3501	15.6045	278482.0440	278482.3451	0.0000	1.0000	0.5705
39lh01	2	23	0	1	2.0000	1.0000	-1.0000	0.6423	NaN	NaN	NaN	278483.5051	278483.8334	0.0000	1.0000	0.7378
39lh01	2	24	0	1	1.0000	1.0000	-1.0000	NaN	6.2166	-6.1216	15.2287	278486.5406	278486.8415	0.0000	1.0000	0.3779
39lh01	2	24	0	1	2.0000	1.0000	-1.0000	0.8316	NaN	NaN	NaN	278487.8094	278488.1362	1.0000	0.0000	2.0890
39lh01	2	25	0	1	1.0000	1.0000	-1.0000	NaN	11.7920	-12.2015	15.8956	278492.7869	278493.0879	0.0000	1.0000	0.2839
39lh01	2	25	0	1	2.0000	1.0000	1.0000	0.7832	NaN	NaN	NaN	278494.0251	278494.3545	0.0000	0.0000	0.6007
39lh01	2	26	0	1	1.0000	1.0000	1.0000	NaN	10.6220	10.2541	16.1180	278497.5678	278497.8688	1.0000	1.0000	0.3348
39lh01	2	26	0	1	2.0000	1.0000	1.0000	0.0359	NaN	NaN	NaN	278498.7619	278499.0896	1.0000	1.0000	1.5206
39lh01	2	27	0	1	1.0000	1.0000	1.0000	NaN	4.4218	4.7604	14.9713	278503.1293	278503.4304	1.0000	1.0000	0.2928
39lh01	2	27	0	1	2.0000	1.0000	-1.0000	0.1743	NaN	NaN	NaN	278504.3050	278504.6323	0.0000	1.0000	0.7305
39lh01	2	28	0	1	1.0000	1.0000	-1.0000	NaN	1.0262	-2.7919	15.0835	278507.7325	278508.0335	0.0000	1.0000	0.8496
39lh01	2	28	0	1	2.0000	1.0000	-1.0000	0.4825	NaN	NaN	NaN	278509.4648	278509.7914	0.0000	1.0000	0.6843
39lh01	2	29	0	1	1.0000	1.0000	-1.0000	NaN	0.3506	-1.1422	14.9618	278512.9004	278513.2014	0.0000	1.0000	0.4897
39lh01	2	29	0	1	2.0000	1.0000	1.0000	0.7610	NaN	NaN	NaN	278514.2968	278514.6234	0.0000	0.0000	0.4284
39lh01	2	30	0	1	1.0000	1.0000	1.0000	NaN	11.6238	11.8788	14.1516	278517.6383	278517.9393	1.0000	1.0000	0.2861
39lh01	2	30	0	1	2.0000	1.0000	1.0000	0.6824	NaN	NaN	NaN	278518.7779	278519.1056	1.0000	1.0000	0.3941
39lh01	2	31	0	1	1.0000	1.0000	-1.0000	NaN	1.4798	-2.7952	13.7617	278521.9256	278522.2267	1.0000	0.0000	0.4964
39lh01	2	31	0	1	2.0000	1.0000	1.0000	0.2279	NaN	NaN	NaN	278523.3209	278523.6478	1.0000	1.0000	0.4920
39lh01	2	32	0	1	1.0000	1.0000	1.0000	NaN	6.5641	5.7056	14.2700	278526.8715	278527.1726	1.0000	1.0000	0.6628
39lh01	2	32	0	1	2.0000	1.0000	1.0000	0.4284	NaN	NaN	NaN	278528.4648	278528.7927	1.0000	1.0000	0.6247
39lh01	2	33	0	1	1.0000	1.0000	1.0000	NaN	0.5163	1.9052	15.8584	278531.3865	278531.6875	1.0000	1.0000	0.3220
39lh01	2	33	0	1	2.0000	1.0000	1.0000	0.0146	NaN	NaN	NaN	278532.6253	278532.9524	1.0000	1.0000	0.8346
39lh01	2	34	0	1	1.0000	1.0000	-1.0000	NaN	4.1998	-3.2548	15.4288	278536.2059	278536.5070	1.0000	0.0000	0.4162
39lh01	2	34	0	1	2.0000	1.0000	1.0000	0.8828	NaN	NaN	NaN	278537.5054	278537.8331	0.0000	0.0000	0.6587
39lh01	2	35	0	1	1.0000	1.0000	1.0000	NaN	7.2260	9.8447	13.7367	278540.6999	278541.0009	1.0000	1.0000	0.1946
39lh01	2	35	0	1	2.0000	1.0000	-1.0000	0.0064	NaN	NaN	NaN	278541.8091	278542.1365	0.0000	1.0000	0.5135
39lh01	2	36	0	1	1.0000	1.0000	-1.0000	NaN	3.0901	-3.2642	15.1442	278545.3279	278545.6289	0.0000	1.0000	0.5022
39lh01	2	36	0	1	2.0000	1.0000	-1.0000	0.1418	NaN	NaN	NaN	278546.6986	278547.0269	0.0000	1.0000	0.7909
39lh01	2	37	0	1	1.0000	1.0000	-1.0000	NaN	4.8217	-4.1738	14.9973	278550.2190	278550.5200	0.0000	1.0000	0.3472
39lh01	2	37	0	1	2.0000	1.0000	1.0000	0.4876	NaN	NaN	NaN	278551.4571	278551.7842	0.0000	0.0000	1.1637
39lh01	2	38	0	1	1.0000	1.0000	-1.0000	NaN	1.2811	-0.6616	15.2454	278555.2355	278555.5367	1.0000	0.0000	0.3783
39lh01	2	38	0	1	2.0000	1.0000	-1.0000	0.6852	NaN	NaN	NaN	278556.5124	278556.8391	1.0000	0.0000	1.2360
39lh01	2	39	0	1	1.0000	1.0000	-1.0000	NaN	10.5558	-12.6608	14.0897	278560.5570	278560.8580	0.0000	1.0000	0.2740
39lh01	2	39	0	1	2.0000	1.0000	-1.0000	0.8610	NaN	NaN	NaN	278561.7447	278562.0719	1.0000	0.0000	0.9070
39lh01	2	40	0	1	1.0000	1.0000	-1.0000	NaN	8.2706	-9.1537	15.7597	278565.3926	278565.6941	0.0000	1.0000	0.4690
39lh01	2	40	0	1	2.0000	1.0000	-1.0000	0.6214	NaN	NaN	NaN	278567.0256	278567.3521	1.0000	0.0000	0.8755
39lh01	2	41	0	1	1.0000	1.0000	1.0000	NaN	11.4027	10.4781	16.6700	278570.6038	278570.9048	1.0000	1.0000	0.3543
39lh01	2	41	0	1	2.0000	1.0000	1.0000	0.3012	NaN	NaN	NaN	278571.8331	278572.1625	1.0000	1.0000	0.8889
39lh01	2	42	0	1	1.0000	1.0000	-1.0000	NaN	7.4647	-7.5290	15.8308	278575.3190	278575.6203	0.0000	1.0000	0.3813
39lh01	2	42	0	1	2.0000	1.0000	-1.0000	0.8104	NaN	NaN	NaN	278576.6170	278576.9454	1.0000	0.0000	0.6107
39lh01	2	43	0	1	1.0000	1.0000	1.0000	NaN	2.7111	1.2898	14.0629	278580.1424	278580.4435	1.0000	1.0000	0.2710
39lh01	2	43	0	1	2.0000	1.0000	1.0000	0.1850	NaN	NaN	NaN	278581.2747	278581.6022	0.0000	0.0000	0.7618
39lh01	2	44	0	1	1.0000	1.0000	-1.0000	NaN	0.9103	-0.2434	14.5036	278584.6547	278584.9557	0.0000	1.0000	0.7421
39lh01	2	44	0	1	2.0000	1.0000	1.0000	0.5394	NaN	NaN	NaN	278586.3294	278586.6564	0.0000	0.0000	0.6189
39lh01	2	45	0	1	1.0000	1.0000	-1.0000	NaN	4.2379	-3.7013	14.8304	278589.9913	278590.2923	0.0000	1.0000	0.4639
39lh01	2	45	0	1	2.0000	1.0000	1.0000	0.2230	NaN	NaN	NaN	278591.4336	278591.7623	0.0000	0.0000	0.5925
39lh01	2	46	0	1	1.0000	1.0000	-1.0000	NaN	9.9699	-12.5782	14.2867	278594.7639	278595.0649	0.0000	1.0000	0.3063
39lh01	2	46	0	1	2.0000	1.0000	1.0000	0.3341	NaN	NaN	NaN	278595.9530	278596.2816	0.0000	0.0000	1.1122
39lh01	2	47	0	1	1.0000	1.0000	-1.0000	NaN	1.5837	-1.9392	14.9133	278599.7727	278600.0737	1.0000	0.0000	0.5535
39lh01	2	47	0	1	2.0000	1.0000	-1.0000	0.0916	NaN	NaN	NaN	278601.2491	278601.5770	1.0000	0.0000	0.6348
39lh01	2	48	0	1	1.0000	1.0000	-1.0000	NaN	8.7807	-8.1779	13.9072	278604.3050	278604.6060	0.0000	1.0000	0.2609
39lh01	2	48	0	1	2.0000	1.0000	1.0000	0.6167	NaN	NaN	NaN	278605.4892	278605.8175	0.0000	0.0000	0.6893
39lh01	2	49	0	1	1.0000	1.0000	1.0000	NaN	11.0063	14.2952	15.2181	278608.7932	278609.0941	1.0000	1.0000	0.2034
39lh01	2	49	0	1	2.0000	1.0000	1.0000	0.5222	NaN	NaN	NaN	278609.8733	278610.2009	0.0000	0.0000	0.5066
39lh01	2	50	0	1	1.0000	1.0000	1.0000	NaN	11.9536	10.7489	16.4074	278612.6871	278612.9880	1.0000	1.0000	0.2146
39lh01	2	50	0	1	2.0000	1.0000	-1.0000	0.5114	NaN	NaN	NaN	278613.7611	278614.0899	1.0000	0.0000	0.8156
39lh01	3	1	0	1	1.0000	1.0000	1.0000	NaN	1.0132	0.6551	15.9471	278641.8784	278642.1794	1.0000	1.0000	0.8541
39lh01	3	1	0	1	2.0000	1.0000	-1.0000	0.8253	NaN	NaN	NaN	278643.6100	278643.9365	1.0000	0.0000	0.9389
39lh01	3	2	0	1	1.0000	1.0000	1.0000	NaN	2.2852	1.4701	15.5282	278647.1847	278647.4856	1.0000	1.0000	0.5157
39lh01	3	2	0	1	2.0000	1.0000	1.0000	0.6357	NaN	NaN	NaN	278648.5691	278648.8977	1.0000	1.0000	0.6818
39lh01	3	3	0	1	1.0000	1.0000	-1.0000	NaN	7.4887	-8.5611	13.1753	278652.0227	278652.3237	0.0000	1.0000	0.3337
39lh01	3	3	0	1	2.0000	1.0000	-1.0000	0.4645	NaN	NaN	NaN	278653.2253	278653.5530	0.0000	1.0000	0.6263
39lh01	3	4	0	1	1.0000	1.0000	-1.0000	NaN	6.3257	-5.6815	13.9015	278656.2153	278656.5163	0.0000	1.0000	0.5267
39lh01	3	4	0	1	2.0000	1.0000	-1.0000	0.4181	NaN	NaN	NaN	278657.5770	278657.9046	0.0000	1.0000	0.5621
39lh01	3	5	0	1	1.0000	1.0000	-1.0000	NaN	9.0447	-8.3485	14.5860	278660.7942	278661.0952	0.0000	1.0000	0.4844
39lh01	3	5	0	1	2.0000	1.0000	-1.0000	0.7193	NaN	NaN	NaN	278662.1286	278662.4547	1.0000	0.0000	0.9485
39lh01	3	6	0	1	1.0000	1.0000	1.0000	NaN	9.7714	11.1374	14.0236	278665.5332	278665.8342	1.0000	1.0000	0.3217
39lh01	3	6	0	1	2.0000	1.0000	-1.0000	0.2416	NaN	NaN	NaN	278666.6988	278667.0267	1.0000	0.0000	0.4253
39lh01	3	7	0	1	1.0000	1.0000	-1.0000	NaN	8.1837	-8.8276	14.7204	278669.5036	278669.8046	0.0000	1.0000	0.1834
39lh01	3	7	0	1	2.0000	1.0000	-1.0000	0.0566	NaN	NaN	NaN	278670.5692	278670.8972	0.0000	1.0000	0.6747
39lh01	3	8	0	1	1.0000	1.0000	1.0000	NaN	6.9207	8.4816	14.0491	278673.5137	278673.8147	1.0000	1.0000	0.2828
39lh01	3	8	0	1	2.0000	1.0000	-1.0000	0.7652	NaN	NaN	NaN	278674.6421	278674.9704	0.0000	1.0000	0.3670
39lh01	3	9	0	1	1.0000	1.0000	1.0000	NaN	2.6610	0.7463	15.5539	278677.7667	278678.0677	1.0000	1.0000	0.7419
39lh01	3	9	0	1	2.0000	1.0000	1.0000	0.6757	NaN	NaN	NaN	278679.3531	278679.6794	1.0000	1.0000	0.4994
39lh01	3	10	0	1	1.0000	1.0000	-1.0000	NaN	6.2598	-7.9901	16.2200	278682.1055	278682.4065	0.0000	1.0000	0.3974
39lh01	3	10	0	1	2.0000	1.0000	1.0000	0.0679	NaN	NaN	NaN	278683.3690	278683.6962	1.0000	1.0000	0.6813
39lh01	3	11	0	1	1.0000	1.0000	-1.0000	NaN	4.0455	-4.1376	15.3044	278686.8974	278687.1985	0.0000	1.0000	0.4056
39lh01	3	11	0	1	2.0000	1.0000	1.0000	0.0113	NaN	NaN	NaN	278688.1853	278688.5137	1.0000	1.0000	0.5522
39lh01	3	12	0	1	1.0000	1.0000	-1.0000	NaN	2.2675	-1.7923	15.8308	278691.5278	278691.8288	0.0000	1.0000	1.3967
39lh01	3	12	0	1	2.0000	1.0000	-1.0000	0.7075	NaN	NaN	NaN	278693.7609	278694.0890	0.0000	1.0000	0.8666
39lh01	3	13	0	1	1.0000	1.0000	1.0000	NaN	8.9176	10.5366	14.4217	278697.6143	278697.9153	1.0000	1.0000	0.2463
39lh01	3	13	0	1	2.0000	1.0000	-1.0000	0.7199	NaN	NaN	NaN	278698.7369	278699.0634	1.0000	0.0000	0.5481
39lh01	3	14	0	1	1.0000	1.0000	-1.0000	NaN	2.0151	-2.0160	15.4807	278701.6880	278701.9890	0.0000	1.0000	0.9266
39lh01	3	14	0	1	2.0000	1.0000	1.0000	0.4654	NaN	NaN	NaN	278703.4810	278703.8083	1.0000	1.0000	0.5371
39lh01	3	15	0	1	1.0000	1.0000	1.0000	NaN	2.2425	2.8432	14.0126	278706.4006	278706.7020	1.0000	1.0000	0.5579
39lh01	3	15	0	1	2.0000	1.0000	1.0000	0.7554	NaN	NaN	NaN	278707.8097	278708.1364	1.0000	1.0000	0.7457
39lh01	3	16	0	1	1.0000	1.0000	1.0000	NaN	4.4092	5.9546	15.1596	278711.5348	278711.8359	1.0000	1.0000	0.4556
39lh01	3	16	0	1	2.0000	1.0000	1.0000	0.3757	NaN	NaN	NaN	278712.8174	278713.1445	0.0000	0.0000	0.7550
39lh01	3	17	0	1	1.0000	1.0000	-1.0000	NaN	5.6511	-5.9008	15.2152	278716.2340	278716.5350	0.0000	1.0000	0.4761
39lh01	3	17	0	1	2.0000	1.0000	-1.0000	0.5686	NaN	NaN	NaN	278717.5612	278717.8866	1.0000	0.0000	1.4291
39lh01	3	18	0	1	1.0000	1.0000	1.0000	NaN	0.3665	1.2951	14.6557	278721.5557	278721.8568	1.0000	1.0000	0.2991
39lh01	3	18	0	1	2.0000	1.0000	-1.0000	0.1879	NaN	NaN	NaN	278722.7454	278723.0720	1.0000	0.0000	0.5551
39lh01	3	19	0	1	1.0000	1.0000	-1.0000	NaN	6.5745	-5.6929	13.7953	278726.3136	278726.6146	0.0000	1.0000	0.4125
39lh01	3	19	0	1	2.0000	1.0000	-1.0000	0.4017	NaN	NaN	NaN	278727.6183	278727.9453	1.0000	0.0000	0.6908
39lh01	3	20	0	1	1.0000	1.0000	-1.0000	NaN	2.7659	-3.8784	14.1165	278730.7296	278731.0307	0.0000	1.0000	0.2828
39lh01	3	20	0	1	2.0000	1.0000	1.0000	0.4474	NaN	NaN	NaN	278731.8575	278732.1852	1.0000	1.0000	0.5462
39lh01	3	21	0	1	1.0000	1.0000	-1.0000	NaN	4.0846	-4.8768	15.1425	278734.7074	278735.0085	0.0000	1.0000	0.2509
39lh01	3	21	0	1	2.0000	1.0000	-1.0000	0.9118	NaN	NaN	NaN	278735.8491	278736.1771	1.0000	0.0000	0.6746
39lh01	3	22	0	1	1.0000	1.0000	-1.0000	NaN	5.1390	-5.8428	13.9593	278739.2788	278739.5798	0.0000	1.0000	0.3670
39lh01	3	22	0	1	2.0000	1.0000	1.0000	0.1814	NaN	NaN	NaN	278740.4892	278740.8175	0.0000	0.0000	0.3780
39lh01	3	23	0	1	1.0000	1.0000	-1.0000	NaN	2.3774	-4.8655	15.3890	278743.3868	278743.6877	0.0000	1.0000	0.4441
39lh01	3	23	0	1	2.0000	1.0000	-1.0000	0.3538	NaN	NaN	NaN	278744.6655	278744.9925	1.0000	0.0000	1.0410
39lh01	3	24	0	1	1.0000	1.0000	-1.0000	NaN	11.4901	-12.2050	15.2883	278748.6639	278748.9649	0.0000	1.0000	0.2952
39lh01	3	24	0	1	2.0000	1.0000	1.0000	0.5195	NaN	NaN	NaN	278749.8986	278750.2268	0.0000	0.0000	0.3907
39lh01	3	25	0	1	1.0000	1.0000	-1.0000	NaN	1.2798	-0.4758	13.9726	278753.2529	278753.5539	1.0000	0.0000	0.4662
39lh01	3	25	0	1	2.0000	1.0000	-1.0000	0.4205	NaN	NaN	NaN	278754.5932	278754.9209	1.0000	0.0000	0.5787
39lh01	3	26	0	1	1.0000	1.0000	-1.0000	NaN	5.2284	-5.5074	15.2320	278757.8021	278758.1034	0.0000	1.0000	1.1806
39lh01	3	26	0	1	2.0000	1.0000	-1.0000	0.2163	NaN	NaN	NaN	278759.8893	278760.2164	0.0000	1.0000	1.2090
39lh01	3	27	0	1	1.0000	1.0000	1.0000	NaN	9.6034	8.7813	15.7205	278764.1441	278764.4458	1.0000	1.0000	0.4140
39lh01	3	27	0	1	2.0000	1.0000	-1.0000	0.4611	NaN	NaN	NaN	278765.3943	278765.7212	1.0000	0.0000	0.5048
39lh01	3	28	0	1	1.0000	1.0000	-1.0000	NaN	3.8352	-2.7282	15.0894	278768.5221	278768.8234	0.0000	1.0000	0.4042
39lh01	3	28	0	1	2.0000	1.0000	-1.0000	0.0654	NaN	NaN	NaN	278769.7940	278770.1206	0.0000	1.0000	0.6112
39lh01	3	29	0	1	1.0000	1.0000	1.0000	NaN	7.9983	9.9811	14.5340	278773.2802	278773.5812	1.0000	1.0000	0.1825
39lh01	3	29	0	1	2.0000	1.0000	1.0000	0.6632	NaN	NaN	NaN	278774.3133	278774.6413	1.0000	1.0000	0.4907
39lh01	3	30	0	1	1.0000	1.0000	1.0000	NaN	8.8543	9.7765	15.4859	278777.4246	278777.7256	1.0000	1.0000	0.2371
39lh01	3	30	0	1	2.0000	1.0000	1.0000	0.0500	NaN	NaN	NaN	278778.5124	278778.8387	1.0000	1.0000	0.5010
39lh01	3	31	0	1	1.0000	1.0000	1.0000	NaN	4.7911	3.6262	15.4272	278781.8661	278782.1671	1.0000	1.0000	0.2358
39lh01	3	31	0	1	2.0000	1.0000	1.0000	0.0574	NaN	NaN	NaN	278782.9853	278783.3131	1.0000	1.0000	0.3372
39lh01	3	32	0	1	1.0000	1.0000	1.0000	NaN	7.6624	7.0240	13.9196	278785.9872	278786.2882	1.0000	1.0000	0.1933
39lh01	3	32	0	1	2.0000	1.0000	-1.0000	0.6649	NaN	NaN	NaN	278787.0653	278787.3928	1.0000	0.0000	0.5550
39lh01	3	33	0	1	1.0000	1.0000	-1.0000	NaN	1.6328	-2.9427	14.9039	278790.2137	278790.5150	0.0000	1.0000	0.6407
39lh01	3	33	0	1	2.0000	1.0000	1.0000	0.1383	NaN	NaN	NaN	278791.7046	278792.0337	0.0000	0.0000	0.5518
39lh01	3	34	0	1	1.0000	1.0000	-1.0000	NaN	7.7372	-6.5908	14.0458	278794.9789	278795.2803	0.0000	1.0000	0.6435
39lh01	3	34	0	1	2.0000	1.0000	-1.0000	0.8127	NaN	NaN	NaN	278796.4892	278796.8163	1.0000	0.0000	0.4891
39lh01	3	35	0	1	1.0000	1.0000	-1.0000	NaN	2.1822	-3.3152	13.6178	278799.9907	278800.2917	1.0000	0.0000	0.4081
39lh01	3	35	0	1	2.0000	1.0000	-1.0000	0.8651	NaN	NaN	NaN	278801.2892	278801.6166	1.0000	0.0000	0.4329
39lh01	3	36	0	1	1.0000	1.0000	1.0000	NaN	9.3662	7.6296	15.8891	278804.1356	278804.4367	1.0000	1.0000	0.1969
39lh01	3	36	0	1	2.0000	1.0000	1.0000	0.3272	NaN	NaN	NaN	278805.2252	278805.5521	1.0000	1.0000	0.3389
39lh01	3	37	0	1	1.0000	1.0000	1.0000	NaN	5.8633	6.1093	16.3195	278808.1601	278808.4612	1.0000	1.0000	0.2126
39lh01	3	37	0	1	2.0000	1.0000	1.0000	0.6938	NaN	NaN	NaN	278809.2091	278809.5388	1.0000	1.0000	0.7047
39lh01	3	38	0	1	1.0000	1.0000	-1.0000	NaN	6.9958	-8.7312	14.7778	278812.4606	278812.7617	0.0000	1.0000	0.3678
39lh01	3	38	0	1	2.0000	1.0000	-1.0000	0.3654	NaN	NaN	NaN	278813.7623	278814.0901	0.0000	1.0000	0.9515
39lh01	3	39	0	1	1.0000	1.0000	-1.0000	NaN	5.0072	-3.2850	14.8051	278817.0842	278817.3852	0.0000	1.0000	0.6803
39lh01	3	39	0	1	2.0000	1.0000	-1.0000	0.2280	NaN	NaN	NaN	278818.6733	278819.0013	1.0000	0.0000	1.2184
39lh01	3	40	0	1	1.0000	1.0000	1.0000	NaN	7.0088	8.4457	14.5284	278822.5570	278822.8581	1.0000	1.0000	0.2714
39lh01	3	40	0	1	2.0000	1.0000	1.0000	0.3267	NaN	NaN	NaN	278823.6892	278824.0165	1.0000	1.0000	0.4114
39lh01	3	41	0	1	1.0000	1.0000	1.0000	NaN	5.1798	5.1152	13.7657	278827.0704	278827.3714	1.0000	1.0000	0.2721
39lh01	3	41	0	1	2.0000	1.0000	-1.0000	0.2774	NaN	NaN	NaN	278828.2251	278828.5520	1.0000	0.0000	0.3719
39lh01	3	42	0	1	1.0000	1.0000	1.0000	NaN	3.3123	3.8173	14.1867	278831.2787	278831.5797	1.0000	1.0000	0.3040
39lh01	3	42	0	1	2.0000	1.0000	1.0000	0.7170	NaN	NaN	NaN	278832.4332	278832.7603	1.0000	1.0000	0.3692
39lh01	3	43	0	1	1.0000	1.0000	-1.0000	NaN	0.0138	-1.7316	14.8574	278835.4746	278835.7757	0.0000	1.0000	0.9545
39lh01	3	43	0	1	2.0000	1.0000	1.0000	0.8702	NaN	NaN	NaN	278837.3136	278837.6426	1.0000	1.0000	1.1189
39lh01	3	44	0	1	1.0000	1.0000	-1.0000	NaN	5.1625	-3.1102	17.1153	278841.0914	278841.3923	0.0000	1.0000	0.4811
39lh01	3	44	0	1	2.0000	1.0000	-1.0000	0.8772	NaN	NaN	NaN	278842.4490	278842.7759	1.0000	0.0000	1.7642
39lh01	3	45	0	1	1.0000	1.0000	1.0000	NaN	2.9003	2.7312	15.4957	278846.5529	278846.8539	1.0000	1.0000	0.2358
39lh01	3	45	0	1	2.0000	1.0000	-1.0000	0.3703	NaN	NaN	NaN	278847.6491	278847.9766	0.0000	1.0000	1.4749
39lh01	3	46	0	1	1.0000	1.0000	-1.0000	NaN	9.3500	-7.8676	14.0943	278851.6007	278851.9017	0.0000	1.0000	0.2856
39lh01	3	46	0	1	2.0000	1.0000	1.0000	0.5043	NaN	NaN	NaN	278852.7933	278853.1204	1.0000	1.0000	0.9779
39lh01	3	47	0	1	1.0000	1.0000	-1.0000	NaN	11.9890	-12.4229	16.5261	278856.2527	278856.5537	0.0000	1.0000	0.3542
39lh01	3	47	0	1	2.0000	1.0000	-1.0000	0.1216	NaN	NaN	NaN	278857.4728	278857.7997	1.0000	0.0000	0.4976
39lh01	3	48	0	1	1.0000	1.0000	-1.0000	NaN	11.7570	-12.4605	14.4126	278860.9122	278861.2132	0.0000	1.0000	0.3108
39lh01	3	48	0	1	2.0000	1.0000	1.0000	0.8596	NaN	NaN	NaN	278862.0654	278862.3940	1.0000	1.0000	0.6649
39lh01	3	49	0	1	1.0000	1.0000	-1.0000	NaN	7.4051	-7.9175	15.4567	278865.2884	278865.5894	0.0000	1.0000	0.2854
39lh01	3	49	0	1	2.0000	1.0000	1.0000	0.2759	NaN	NaN	NaN	278866.4329	278866.7608	0.0000	0.0000	0.4727
39lh01	3	50	0	1	1.0000	1.0000	1.0000	NaN	0.9735	1.1017	13.4628	278869.5605	278869.8617	1.0000	1.0000	0.1716
39lh01	3	50	0	1	2.0000	1.0000	1.0000	0.7412	NaN	NaN	NaN	278870.6175	278870.9453	1.0000	1.0000	0.4801
