15wy02	1	1	0	0	1	0	-1	0.8847	NaN	NaN	NaN	158440.5011	158440.8525	0	1	0.4147
15wy02	1	1	0	0	2	0	1	NaN	6.7684	5.4512	14.4545	158441.8008	158442.103	1	1	0.5089
15wy02	1	2	0	0	1	0	-1	0.251	NaN	NaN	NaN	158444.7445	158445.101	1	0	0.9039
15wy02	1	2	0	0	2	0	1	NaN	4.7167	3.7857	13.1432	158446.5036	158446.8058	1	1	0.3184
15wy02	1	3	0	0	1	0	-1	0.1309	NaN	NaN	NaN	158449.4312	158449.7853	1	0	0.6985
15wy02	1	3	0	0	2	0	-1	NaN	5.6261	-6.4932	17.6367	158451.0316	158451.3337	0	1	0.3829
15wy02	1	4	0	0	1	0	1	0.8111	NaN	NaN	NaN	158453.8326	158454.2414	1	1	0.6108
15wy02	1	4	0	0	2	0	1	NaN	6.6733	5.2349	15.1106	158455.3781	158455.6852	1	1	0.254
15wy02	1	5	0	0	1	0	-1	0.9246	NaN	NaN	NaN	158458.1374	158458.5462	0	1	0.337
15wy02	1	5	0	0	2	0	-1	NaN	9.1071	-9.4989	15.7515	158459.415	158459.7172	0	1	0.271
15wy02	1	6	0	0	1	0	1	0.3073	NaN	NaN	NaN	158462.2632	158462.6169	1	1	0.524
15wy02	1	6	0	0	2	0	-1	NaN	7.9028	-8.4512	14.3197	158463.6881	158463.9903	0	1	0.1729
15wy02	1	7	0	0	1	0	1	0.1936	NaN	NaN	NaN	158466.7655	158467.1179	1	1	0.471
15wy02	1	7	0	0	2	0	1	NaN	8.5153	10.5313	15.1172	158468.1355	158468.4377	1	1	0.1908
15wy02	1	8	0	0	1	0	-1	0.2463	NaN	NaN	NaN	158470.8446	158471.1997	0	1	0.3562
15wy02	1	8	0	0	2	0	-1	NaN	8.0411	-9.1998	15.2124	158472.0879	158472.3901	0	1	0.2065
15wy02	1	9	0	0	1	0	-1	0.4349	NaN	NaN	NaN	158474.9478	158475.3008	0	1	0.3504
15wy02	1	9	0	0	2	0	1	NaN	2.5926	4.0483	15.6931	158476.1837	158476.4859	0	0	0.6862
15wy02	1	10	0	0	1	0	-1	0.0692	NaN	NaN	NaN	158479.3883	158479.7454	0	1	0.6435
15wy02	1	10	0	0	2	0	-1	NaN	5.9913	-5.8671	16.4553	158480.9033	158481.2055	0	1	0.2057
15wy02	1	11	0	0	1	0	1	0.8109	NaN	NaN	NaN	158483.5529	158483.9054	1	1	0.3229
15wy02	1	11	0	0	2	0	-1	NaN	11.1306	-10.7745	16.4081	158484.7435	158485.0464	0	1	0.8935
15wy02	1	12	0	0	1	0	-1	0.853	NaN	NaN	NaN	158487.724	158488.0778	0	1	0.2774
15wy02	1	12	0	0	2	0	1	NaN	7.6884	5.6535	15.4274	158488.8885	158489.1908	1	1	0.3164
15wy02	1	13	0	0	1	0	-1	0.177	NaN	NaN	NaN	158491.8819	158492.2333	1	0	0.8264
15wy02	1	13	0	0	2	0	-1	NaN	9.0906	-8.1992	14.2808	158493.6069	158493.9092	0	1	0.2395
15wy02	1	14	0	0	1	0	1	0.801	NaN	NaN	NaN	158496.6444	158496.9986	1	1	0.2853
15wy02	1	14	0	0	2	0	-1	NaN	8.435	-8.6844	13.1627	158497.7994	158498.1016	0	1	0.2696
15wy02	1	15	0	0	1	0	1	0.0593	NaN	NaN	NaN	158500.1881	158500.5681	1	1	0.3791
15wy02	1	15	0	0	2	0	-1	NaN	2.9838	-2.3598	15.5265	158501.5104	158501.8138	0	1	0.719
15wy02	1	16	0	0	1	0	-1	0.245	NaN	NaN	NaN	158504.6483	158504.9994	0	1	0.3479
15wy02	1	16	0	0	2	0	1	NaN	8.7198	8.8022	15.2217	158505.8801	158506.1823	1	1	0.3009
15wy02	1	17	0	0	1	0	-1	0.4093	NaN	NaN	NaN	158508.8005	158509.1509	0	1	0.3083
15wy02	1	17	0	0	2	0	1	NaN	2.448	1.1983	13.5344	158510.0077	158510.3099	1	1	0.3832
15wy02	1	18	0	0	1	0	1	0.6331	NaN	NaN	NaN	158513.2925	158513.6477	1	1	0.2611
15wy02	1	18	0	0	2	0	1	NaN	10.0532	9.719	15.2719	158514.3916	158514.6941	1	1	0.2531
15wy02	1	19	0	0	1	0	1	0.2102	NaN	NaN	NaN	158517.0806	158517.4321	1	1	0.3163
15wy02	1	19	0	0	2	0	-1	NaN	1.9717	-2.2183	16.3499	158518.2492	158518.5515	1	0	0.6521
15wy02	1	20	0	0	1	0	1	0.6198	NaN	NaN	NaN	158521.1289	158521.4818	1	1	0.2344
15wy02	1	20	0	0	2	0	1	NaN	5.2691	5.3008	14.4385	158522.2637	158522.5659	1	1	0.2053
15wy02	1	21	0	0	1	0	-1	0.4814	NaN	NaN	NaN	158525.2217	158525.5764	0	1	0.236
15wy02	1	21	0	0	2	0	-1	NaN	9.8709	-11.4879	14.724	158526.3443	158526.6465	0	1	0.3653
15wy02	1	22	0	0	1	0	-1	0.1536	NaN	NaN	NaN	158528.9799	158529.3315	0	1	0.1614
15wy02	1	22	0	0	2	0	-1	NaN	4.7534	-3.821	16.0592	158530.0398	158530.3421	0	1	0.3972
15wy02	1	23	0	0	1	0	-1	0.3821	NaN	NaN	NaN	158532.84	158533.1968	0	1	0.2795
15wy02	1	23	0	0	2	0	-1	NaN	1.138	-0.533	14.3409	158534.0072	158534.3097	0	1	0.446
15wy02	1	24	0	0	1	0	-1	0.7114	NaN	NaN	NaN	158536.7965	158537.1477	0	1	0.2315
15wy02	1	24	0	0	2	0	-1	NaN	1.9047	-2.1095	15.4614	158537.8962	158538.1984	0	1	0.4781
15wy02	1	25	0	0	1	0	1	0.5406	NaN	NaN	NaN	158541.1676	158541.519	1	1	0.293
15wy02	1	25	0	0	2	0	1	NaN	7.1496	8.9443	15.1001	158542.3431	158542.6453	1	1	0.2556
15wy02	1	26	0	0	1	0	-1	0.5517	NaN	NaN	NaN	158545.4071	158545.8198	0	1	0.1995
15wy02	1	26	0	0	2	0	1	NaN	4.3549	5.1982	14.8881	158546.5466	158546.8506	1	1	0.2102
15wy02	1	27	0	0	1	0	1	0.1347	NaN	NaN	NaN	158549.27	158549.6872	1	1	0.2847
15wy02	1	27	0	0	2	0	-1	NaN	10.7124	-9.4962	14.7334	158550.5151	158550.8196	0	1	0.2716
15wy02	1	28	0	0	1	0	-1	0.0349	NaN	NaN	NaN	158553.5116	158553.9322	1	0	0.2642
15wy02	1	28	0	0	2	0	-1	NaN	2.7177	-4.8095	14.5243	158554.7364	158555.0409	0	1	0.1783
15wy02	1	29	0	0	1	0	-1	0.5961	NaN	NaN	NaN	158557.4996	158557.9201	0	1	0.2911
15wy02	1	29	0	0	2	0	-1	NaN	0.3943	-4.8334	16.1182	158558.75	158559.0546	0	1	0.4541
15wy02	1	30	0	0	1	0	1	0.3644	NaN	NaN	NaN	158561.511	158561.9315	1	1	0.1838
15wy02	1	30	0	0	2	0	-1	NaN	7.6045	-8.4961	14.6087	158562.6577	158562.9641	0	1	0.2559
15wy02	1	31	0	0	1	0	-1	0.1953	NaN	NaN	NaN	158565.4659	158565.8512	0	1	0.3771
15wy02	1	31	0	0	2	0	1	NaN	0.7689	2.5731	13.8179	158566.7762	158567.0784	0	0	0.8134
15wy02	1	32	0	0	1	0	1	0.6265	NaN	NaN	NaN	158570.5384	158570.895	1	1	0.3085
15wy02	1	32	0	0	2	0	-1	NaN	5.5238	-5.7868	14.3052	158571.7523	158572.0545	0	1	0.3327
15wy02	1	33	0	0	1	0	1	0.1075	NaN	NaN	NaN	158574.6974	158575.0479	1	1	0.3162
15wy02	1	33	0	0	2	0	1	NaN	6.0735	5.35	15.1705	158575.8636	158576.1659	1	1	0.1905
15wy02	1	34	0	0	1	0	1	0.262	NaN	NaN	NaN	158578.5217	158578.8779	1	1	0.1986
15wy02	1	34	0	0	2	0	-1	NaN	1.8013	-2.8509	14.5205	158579.6069	158579.9099	0	1	0.2853
15wy02	1	35	0	0	1	0	-1	0.0575	NaN	NaN	NaN	158582.5126	158582.864	1	0	0.8841
15wy02	1	35	0	0	2	0	1	NaN	5.7981	4.8252	14.4711	158584.2627	158584.5649	1	1	0.2074
15wy02	1	36	0	0	1	0	1	0.8669	NaN	NaN	NaN	158586.6802	158587.0304	1	1	0.2223
15wy02	1	36	0	0	2	0	1	NaN	2.1447	2.0819	15.8691	158587.7845	158588.0868	1	1	0.2689
15wy02	1	37	0	0	1	0	1	0.9115	NaN	NaN	NaN	158590.9414	158591.3518	1	1	0.1731
15wy02	1	37	0	0	2	0	1	NaN	3.2143	4.9615	15.7592	158592.0168	158592.3213	1	1	0.2586
15wy02	1	38	0	0	1	0	-1	0.2923	NaN	NaN	NaN	158595.0917	158595.5148	0	1	0.2165
15wy02	1	38	0	0	2	0	1	NaN	1.4333	0.0032	14.5996	158596.2454	158596.5502	0	0	0.3811
15wy02	1	39	0	0	1	0	-1	0.8112	NaN	NaN	NaN	158599.307	158599.7322	0	1	0.1924
15wy02	1	39	0	0	2	0	1	NaN	1.2494	0.6352	13.6092	158600.4482	158600.7531	0	0	0.3548
15wy02	1	40	0	0	1	0	-1	0.3195	NaN	NaN	NaN	158603.6076	158604.0292	0	1	0.1821
15wy02	1	40	0	0	2	0	1	NaN	9.7361	8.4204	14.2963	158604.7383	158605.0452	1	1	0.2239
15wy02	1	41	0	0	1	0	1	0.7321	NaN	NaN	NaN	158607.2138	158607.5987	1	1	0.2446
15wy02	1	41	0	0	2	0	1	NaN	2.1578	2.563	14.612	158608.4086	158608.7109	0	0	0.4767
15wy02	1	42	0	0	1	0	-1	0.4629	NaN	NaN	NaN	158611.5414	158611.8942	0	1	0.3027
15wy02	1	42	0	0	2	0	1	NaN	10.0966	6.7069	15.0146	158612.7118	158613.0141	1	1	0.1092
15wy02	1	43	0	0	1	0	1	0.4626	NaN	NaN	NaN	158615.1831	158615.5388	1	1	0.3045
15wy02	1	43	0	0	2	0	-1	NaN	4.4878	-4.3914	15.6223	158616.376	158616.6782	0	1	0.3971
15wy02	1	44	0	0	1	0	-1	0.8957	NaN	NaN	NaN	158619.4591	158619.8104	0	1	0.2089
15wy02	1	44	0	0	2	0	-1	NaN	4.2115	-3.4088	14.88	158620.5501	158620.8523	0	1	0.767
15wy02	1	45	0	0	1	0	1	0.2467	NaN	NaN	NaN	158623.7205	158624.0757	1	1	0.2641
15wy02	1	45	0	0	2	0	-1	NaN	2.8325	-2.1065	15.3727	158624.8714	158625.1745	1	0	1.3095
15wy02	1	46	0	0	1	0	1	0.2076	NaN	NaN	NaN	158628.7153	158629.0714	1	1	0.2453
15wy02	1	46	0	0	2	0	-1	NaN	0.1739	-0.8116	14.6995	158629.8487	158630.151	1	0	0.7332
15wy02	1	47	0	0	1	0	1	0.6738	NaN	NaN	NaN	158633.0021	158633.3584	1	1	0.3255
15wy02	1	47	0	0	2	0	1	NaN	4.5369	1.4422	13.9181	158634.1834	158634.4856	1	1	1.4383
15wy02	1	48	0	0	1	0	-1	0.15	NaN	NaN	NaN	158638.1523	158638.5663	0	1	0.1742
15wy02	1	48	0	0	2	0	1	NaN	8.6184	9.7104	16.4002	158639.2793	158639.5838	1	1	0.2125
15wy02	1	49	0	0	1	0	-1	0.1964	NaN	NaN	NaN	158642.234	158642.626	0	1	0.1781
15wy02	1	49	0	0	2	0	1	NaN	6.5467	7.2509	14.7922	158643.3502	158643.6524	1	1	0.2069
15wy02	1	50	0	0	1	0	1	0.8731	NaN	NaN	NaN	158645.8757	158646.2275	1	1	0.2877
15wy02	1	50	0	0	2	0	1	NaN	8.9785	8.8989	15.616	158647.0647	158647.367	1	1	0.238
15wy02	2	1	0	0	1	0	1	0.6294	NaN	NaN	NaN	158651.6033	158651.9576	1	1	0.2697
15wy02	2	1	0	0	2	0	-1	NaN	9.7845	-9.9396	14.3982	158652.7756	158653.0778	0	1	0.2391
15wy02	2	2	0	0	1	0	1	0.9197	NaN	NaN	NaN	158655.5155	158655.8699	1	1	0.1814
15wy02	2	2	0	0	2	0	1	NaN	1.2909	1.133	14.6799	158656.5517	158656.8546	1	1	0.7175
15wy02	2	3	0	0	1	0	1	0.1359	NaN	NaN	NaN	158659.9396	158660.2917	1	1	0.2403
15wy02	2	3	0	0	2	0	-1	NaN	2.121	-1.2285	14.9805	158661.0479	158661.3502	1	0	0.9742
15wy02	2	4	0	0	1	0	1	0.1345	NaN	NaN	NaN	158664.2919	158664.6435	1	1	0.3839
15wy02	2	4	0	0	2	0	1	NaN	10.3396	10.9154	13.319	158665.5591	158665.8613	1	1	0.2867
15wy02	2	5	0	0	1	0	1	0.7018	NaN	NaN	NaN	158668.7169	158669.0734	1	1	0.3059
15wy02	2	5	0	0	2	0	-1	NaN	2.7288	-1.4701	15.0707	158669.9435	158670.2457	1	0	0.9583
15wy02	2	6	0	0	1	0	-1	0.4483	NaN	NaN	NaN	158673.1624	158673.5193	0	1	0.4201
15wy02	2	6	0	0	2	0	1	NaN	7.7429	8.7143	14.9792	158674.5203	158674.8225	1	1	0.1889
15wy02	2	7	0	0	1	0	1	0.09	NaN	NaN	NaN	158677.1951	158677.5523	1	1	0.3077
15wy02	2	7	0	0	2	0	-1	NaN	4.6304	-4.5813	14.373	158678.3916	158678.6938	1	0	0.462
15wy02	2	8	0	0	1	0	1	0.609	NaN	NaN	NaN	158681.2908	158681.6423	1	1	0.2028
15wy02	2	8	0	0	2	0	1	NaN	5.2593	3.5606	14.6103	158682.3913	158682.6935	1	1	0.2395
15wy02	2	9	0	0	1	0	-1	0.7673	NaN	NaN	NaN	158685.3649	158685.78	0	1	0.177
15wy02	2	9	0	0	2	0	1	NaN	8.8818	9.8714	14.8472	158686.4942	158686.7983	1	1	0.117
15wy02	2	10	0	0	1	0	-1	0.774	NaN	NaN	NaN	158689.1012	158689.5137	0	1	0.2026
15wy02	2	10	0	0	2	0	1	NaN	8.9756	11.2072	16.0127	158690.2751	158690.5795	1	1	0.0811
15wy02	2	11	0	0	1	0	1	0.8204	NaN	NaN	NaN	158693.0867	158693.4969	1	1	0.0915
15wy02	2	11	0	0	2	0	-1	NaN	10.5335	-8.9889	15.1895	158694.1276	158694.432	0	1	0.1153
15wy02	2	12	0	0	1	0	-1	0.2416	NaN	NaN	NaN	158696.3675	158696.7802	0	1	0.2322
15wy02	2	12	0	0	2	0	1	NaN	2.915	2.5765	14.5636	158697.5609	158697.8631	1	1	0.0923
15wy02	2	13	0	0	1	0	-1	0.7921	NaN	NaN	NaN	158700.3474	158700.701	0	1	0.2463
15wy02	2	13	0	0	2	0	-1	NaN	9.0266	-11.398	17.0762	158701.4959	158701.7981	0	1	0.206
15wy02	2	14	0	0	1	0	1	0.3827	NaN	NaN	NaN	158704.0716	158704.423	1	1	0.2852
15wy02	2	14	0	0	2	0	-1	NaN	0.6371	-0.6403	14.4665	158705.2715	158705.5738	1	0	0.7187
15wy02	2	15	0	0	1	0	-1	0.4342	NaN	NaN	NaN	158708.2828	158708.6382	0	1	0.1971
15wy02	2	15	0	0	2	0	1	NaN	7.5907	6.1929	14.6338	158709.4155	158709.7183	1	1	0.1897
15wy02	2	16	0	0	1	0	1	0.4197	NaN	NaN	NaN	158711.8146	158712.1712	1	1	0.3138
15wy02	2	16	0	0	2	0	-1	NaN	10.7462	-11.418	12.6214	158713.0153	158713.318	0	1	0.1584
15wy02	2	17	0	0	1	0	1	0.7045	NaN	NaN	NaN	158715.9236	158716.2743	1	1	0.385
15wy02	2	17	0	0	2	0	-1	NaN	11.5143	-13.0048	16.1524	158717.1597	158717.4619	0	1	0.1429
15wy02	2	18	0	0	1	0	1	0.158	NaN	NaN	NaN	158720.0366	158720.3889	1	1	1.0235
15wy02	2	18	0	0	2	0	-1	NaN	7.0833	-6.2789	14.8271	158721.9282	158722.2304	0	1	0.5409
15wy02	2	19	0	0	1	0	1	0.0341	NaN	NaN	NaN	158724.9968	158725.354	1	1	0.3469
15wy02	2	19	0	0	2	0	1	NaN	3.9304	2.9803	14.2386	158726.263	158726.5653	1	1	0.2226
15wy02	2	20	0	0	1	0	-1	0.3583	NaN	NaN	NaN	158728.9621	158729.316	0	1	0.4479
15wy02	2	20	0	0	2	0	-1	NaN	10.5799	-9.8758	14.5958	158730.2795	158730.5818	1	0	0.8456
15wy02	2	21	0	0	1	0	-1	0.5129	NaN	NaN	NaN	158733.265	158733.6783	0	1	0.4228
15wy02	2	21	0	0	2	0	-1	NaN	1.0972	-0.3718	16.501	158734.6469	158734.9491	1	0	0.2718
15wy02	2	22	0	0	1	0	1	0.2163	NaN	NaN	NaN	158737.5906	158737.9427	1	1	0.7166
15wy02	2	22	0	0	2	0	-1	NaN	2.4338	-0.5301	16.6102	158739.1441	158739.4462	1	0	0.3811
15wy02	2	23	0	0	1	0	1	0.3296	NaN	NaN	NaN	158742.1804	158742.5364	1	1	0.2189
15wy02	2	23	0	0	2	0	1	NaN	2.6153	2.3207	15.0773	158743.3036	158743.6059	1	1	0.5753
15wy02	2	24	0	0	1	0	-1	0.8012	NaN	NaN	NaN	158746.0445	158746.3988	0	1	0.2606
15wy02	2	24	0	0	2	0	1	NaN	6.6882	6.2428	15.0073	158747.2082	158747.5104	1	1	0.2226
15wy02	2	25	0	0	1	0	-1	0.0989	NaN	NaN	NaN	158749.912	158750.2653	1	0	0.3472
15wy02	2	25	0	0	2	0	1	NaN	2.0217	1.1966	14.8297	158751.1928	158751.4949	1	1	0.2206
15wy02	2	26	0	0	1	0	-1	0.0466	NaN	NaN	NaN	158753.8067	158754.1583	1	0	0.3423
15wy02	2	26	0	0	2	0	-1	NaN	3.8351	-3.5366	13.9603	158755.0317	158755.3347	1	0	0.4446
15wy02	2	27	0	0	1	0	-1	0.2175	NaN	NaN	NaN	158758.1815	158758.5357	1	0	0.5237
15wy02	2	27	0	0	2	0	-1	NaN	11.8736	-12.827	15.3249	158759.6246	158759.9268	0	1	0.2366
15wy02	2	28	0	0	1	0	-1	0.0736	NaN	NaN	NaN	158762.5842	158762.9367	1	0	0.6994
15wy02	2	28	0	0	2	0	-1	NaN	10.7534	-12.1598	15.3029	158764.1685	158764.4708	1	0	1.3417
15wy02	2	29	0	0	1	0	1	0.2471	NaN	NaN	NaN	158768.2739	158768.6313	1	1	0.3801
15wy02	2	29	0	0	2	0	1	NaN	1.6104	1.3275	16.0232	158769.608	158769.9102	0	0	1.4057
15wy02	2	30	0	0	1	0	1	0.7115	NaN	NaN	NaN	158773.6067	158773.9575	1	1	0.3339
15wy02	2	30	0	0	2	0	-1	NaN	11.4619	-12.4187	15.009	158774.8709	158775.1732	0	1	0.3994
15wy02	2	31	0	0	1	0	1	0.4175	NaN	NaN	NaN	158778.0549	158778.4076	1	1	0.38
15wy02	2	31	0	0	2	0	1	NaN	3.3562	4.4648	13.7038	158779.3357	158779.6379	1	1	0.2539
15wy02	2	32	0	0	1	0	1	0.4835	NaN	NaN	NaN	158782.0177	158782.4249	1	1	0.2042
15wy02	2	32	0	0	2	0	1	NaN	7.6094	9.1784	14.4223	158783.1857	158783.4895	1	1	0.1939
15wy02	2	33	0	0	1	0	1	0.1735	NaN	NaN	NaN	158785.6379	158786.0301	1	1	0.3583
15wy02	2	33	0	0	2	0	-1	NaN	11.9726	-12.0069	14.5431	158786.9196	158787.2219	0	1	0.2226
15wy02	2	34	0	0	1	0	-1	0.1726	NaN	NaN	NaN	158790.0763	158790.4301	1	0	0.3739
15wy02	2	34	0	0	2	0	-1	NaN	7.9841	-7.7739	14.4543	158791.3191	158791.6214	1	0	0.7348
15wy02	2	35	0	0	1	0	1	0.807	NaN	NaN	NaN	158794.8873	158795.2398	1	1	0.3482
15wy02	2	35	0	0	2	0	1	NaN	6.5301	5.3007	14.4548	158796.12	158796.4222	1	1	0.9263
15wy02	2	36	0	0	1	0	1	0.8127	NaN	NaN	NaN	158799.4378	158799.7966	1	1	0.2391
15wy02	2	36	0	0	2	0	-1	NaN	3.5638	-4.2691	15.1285	158800.5672	158800.8695	1	0	0.4469
15wy02	2	37	0	0	1	0	1	0.3012	NaN	NaN	NaN	158803.7833	158804.1348	1	1	0.2852
15wy02	2	37	0	0	2	0	-1	NaN	8.3933	-8.1289	14.2136	158804.984	158805.2862	0	1	0.2532
15wy02	2	38	0	0	1	0	-1	0.4423	NaN	NaN	NaN	158807.6478	158808.0012	0	1	0.3386
15wy02	2	38	0	0	2	0	-1	NaN	10.4722	-11.3102	14.3867	158808.8727	158809.175	0	1	0.2844
15wy02	2	39	0	0	1	0	1	0.4602	NaN	NaN	NaN	158811.9997	158812.3511	1	1	0.3741
15wy02	2	39	0	0	2	0	-1	NaN	2.2791	-2.9775	14.9167	158813.2234	158813.5256	1	0	0.6539
15wy02	2	40	0	0	1	0	1	0.568	NaN	NaN	NaN	158816.2888	158816.6456	0	0	1.9025
15wy02	2	40	0	0	2	0	-1	NaN	11.1035	-11.8108	15.0143	158819.0654	158819.3677	0	1	0.3162
15wy02	2	41	0	0	1	0	-1	0.0758	NaN	NaN	NaN	158821.7582	158822.1119	1	0	0.3249
15wy02	2	41	0	0	2	0	-1	NaN	10.6175	-10.0707	14.834	158822.9677	158823.2699	0	1	0.2536
15wy02	2	42	0	0	1	0	-1	0.2814	NaN	NaN	NaN	158825.6514	158826.0021	0	1	0.627
15wy02	2	42	0	0	2	0	-1	NaN	6.8817	-8.5779	14.3096	158827.1439	158827.4474	0	1	0.8761
15wy02	2	43	0	0	1	0	-1	0.0498	NaN	NaN	NaN	158830.5359	158830.9568	1	0	0.5836
15wy02	2	43	0	0	2	0	-1	NaN	7.1176	-5.2372	14.9847	158832.0673	158832.3716	0	1	0.7378
15wy02	2	44	0	0	1	0	1	0.7711	NaN	NaN	NaN	158835.5058	158835.9233	1	1	0.1761
15wy02	2	44	0	0	2	0	1	NaN	4.3662	4.543	14.5182	158836.654	158836.9584	1	1	0.8694
15wy02	2	45	0	0	1	0	-1	0.8366	NaN	NaN	NaN	158840.1568	158840.573	0	1	0.2315
15wy02	2	45	0	0	2	0	-1	NaN	8.781	-7.5871	15.7247	158841.3613	158841.6672	0	1	0.3373
15wy02	2	46	0	0	1	0	1	0.058	NaN	NaN	NaN	158844.415	158844.8149	1	1	0.7103
15wy02	2	46	0	0	2	0	-1	NaN	3.8116	-5.1616	16.4259	158846.0397	158846.342	0	1	0.5418
15wy02	2	47	0	0	1	0	-1	0.311	NaN	NaN	NaN	158849.0756	158849.4313	0	1	0.5721
15wy02	2	47	0	0	2	0	1	NaN	10.6205	9.4937	14.9599	158850.5367	158850.8389	1	1	0.3173
15wy02	2	48	0	0	1	0	1	0.7103	NaN	NaN	NaN	158853.589	158853.9435	1	1	0.2686
15wy02	2	48	0	0	2	0	1	NaN	4.618	6.7026	14.8264	158854.7756	158855.0788	1	1	0.1903
15wy02	2	49	0	0	1	0	1	0.3462	NaN	NaN	NaN	158857.2258	158857.5808	1	1	0.3111
15wy02	2	49	0	0	2	0	1	NaN	3.7241	7.0135	16.007	158858.4066	158858.7089	1	1	0.2225
15wy02	2	50	0	0	1	0	1	0.0193	NaN	NaN	NaN	158861.5481	158861.8986	1	1	2.3625
15wy02	2	50	0	0	2	0	1	NaN	7.2501	9.1645	15.1645	158864.7912	158865.0939	1	1	0.2695
15wy02	3	1	0	0	1	0	-1	0.8551	NaN	NaN	NaN	158869.2526	158869.6097	0	1	0.2657
15wy02	3	1	0	0	2	0	-1	NaN	3.5497	-5.2458	15.4568	158870.4238	158870.726	0	1	0.3349
15wy02	3	2	0	0	1	0	1	0.287	NaN	NaN	NaN	158873.2518	158873.6031	1	1	0.2243
15wy02	3	2	0	0	2	0	-1	NaN	6.8619	-6.6735	15.7746	158874.3907	158874.6932	0	1	0.2708
15wy02	3	3	0	0	1	0	1	0.1283	NaN	NaN	NaN	158876.8386	158877.2547	1	1	0.3008
15wy02	3	3	0	0	2	0	1	NaN	1.7384	1.4247	15.0475	158878.099	158878.4035	1	1	1.073
15wy02	3	4	0	0	1	0	1	0.2614	NaN	NaN	NaN	158881.8794	158882.2658	1	1	0.9862
15wy02	3	4	0	0	2	0	1	NaN	9.9171	10.2497	15.731	158883.768	158884.0703	1	1	0.3331
15wy02	3	5	0	0	1	0	1	0.3326	NaN	NaN	NaN	158886.346	158886.6974	1	1	0.65
15wy02	3	5	0	0	2	0	1	NaN	6.8676	8.48	15.0811	158887.8961	158888.1982	1	1	1.0386
15wy02	3	6	0	0	1	0	-1	0.8144	NaN	NaN	NaN	158891.5528	158891.9085	0	1	0.2729
15wy02	3	6	0	0	2	0	-1	NaN	2.3982	-3.2231	16.97	158892.6958	158892.9981	1	0	0.3974
15wy02	3	7	0	0	1	0	-1	0.8512	NaN	NaN	NaN	158895.3887	158895.7458	0	1	0.2583
15wy02	3	7	0	0	2	0	-1	NaN	7.9245	-8.2081	16.0218	158896.5517	158896.8539	0	1	0.3016
15wy02	3	8	0	0	1	0	-1	0.3615	NaN	NaN	NaN	158899.5469	158899.8987	0	1	0.3784
15wy02	3	8	0	0	2	0	-1	NaN	7.8617	-9.1425	14.8795	158900.8239	158901.1275	0	1	0.3331
15wy02	3	9	0	0	1	0	1	0.2295	NaN	NaN	NaN	158903.3531	158903.7078	1	1	0.4562
15wy02	3	9	0	0	2	0	-1	NaN	7.0007	-6.5437	16.3302	158904.6952	158904.9975	0	1	0.766
15wy02	3	10	0	0	1	0	-1	0.0692	NaN	NaN	NaN	158907.89	158908.2452	1	0	0.3183
15wy02	3	10	0	0	2	0	-1	NaN	2.9242	-1.9816	13.8239	158909.1116	158909.4138	0	1	0.7983
15wy02	3	11	0	0	1	0	-1	0.0329	NaN	NaN	NaN	158912.6235	158912.9782	1	0	0.7697
15wy02	3	11	0	0	2	0	-1	NaN	7.8969	-9.6523	14.4459	158914.2958	158914.5981	0	1	0.398
15wy02	3	12	0	0	1	0	1	0.5543	NaN	NaN	NaN	158917.1957	158917.5475	1	1	0.8737
15wy02	3	12	0	0	2	0	1	NaN	10.1347	12.0716	14.3882	158918.952	158919.2543	1	1	0.2852
15wy02	3	13	0	0	1	0	1	0.6581	NaN	NaN	NaN	158921.9473	158922.2974	1	1	0.3148
15wy02	3	13	0	0	2	0	1	NaN	9.0863	11.355	15.1811	158923.1765	158923.4787	1	1	0.1584
15wy02	3	14	0	0	1	0	-1	0.9107	NaN	NaN	NaN	158925.9271	158926.3347	0	1	0.1505
15wy02	3	14	0	0	2	0	-1	NaN	9.4474	-8.4843	15.4799	158927.0229	158927.3293	0	1	0.2593
15wy02	3	15	0	0	1	0	-1	0.107	NaN	NaN	NaN	158930.0733	158930.4853	0	1	0.3185
15wy02	3	15	0	0	2	0	1	NaN	3.679	2.9974	13.8038	158931.3464	158931.6509	1	1	0.1618
15wy02	3	16	0	0	1	0	1	0.0244	NaN	NaN	NaN	158934.0383	158934.4518	1	1	0.3053
15wy02	3	16	0	0	2	0	-1	NaN	2.3798	-1.725	15.4171	158935.3152	158935.6196	1	0	0.4964
15wy02	3	17	0	0	1	0	-1	0.712	NaN	NaN	NaN	158938.5143	158938.8997	0	1	0.1758
15wy02	3	17	0	0	2	0	1	NaN	8.4618	9.2556	15.1003	158939.6092	158939.9115	1	1	0.1564
15wy02	3	18	0	0	1	0	-1	0.638	NaN	NaN	NaN	158942.1181	158942.4726	0	1	0.1869
15wy02	3	18	0	0	2	0	1	NaN	0.7792	2.3765	14.7005	158943.1927	158943.4949	1	1	0.3006
15wy02	3	19	0	0	1	0	1	0.3033	NaN	NaN	NaN	158945.7789	158946.1296	1	1	0.3232
15wy02	3	19	0	0	2	0	-1	NaN	8.8658	-8.609	13.1856	158946.9511	158947.2532	0	1	0.1594
15wy02	3	20	0	0	1	0	1	0.9477	NaN	NaN	NaN	158949.4607	158949.811	1	1	0.2245
15wy02	3	20	0	0	2	0	1	NaN	3.9	4.4937	13.9486	158950.6325	158950.9348	1	1	0.2379
15wy02	3	21	0	0	1	0	-1	0.1126	NaN	NaN	NaN	158953.0637	158953.4155	0	1	0.3
15wy02	3	21	0	0	2	0	-1	NaN	4.0629	-5.0721	13.7922	158954.2651	158954.5673	0	1	0.7489
15wy02	3	22	0	0	1	0	1	0.5786	NaN	NaN	NaN	158957.6162	158957.972	1	1	0.369
15wy02	3	22	0	0	2	0	-1	NaN	0.5459	-0.9432	16.4695	158958.9259	158959.2281	1	0	0.744
15wy02	3	23	0	0	1	0	-1	0.4155	NaN	NaN	NaN	158962.3535	158962.7093	0	1	0.2062
15wy02	3	23	0	0	2	0	1	NaN	2.8752	1.9536	15.6366	158963.4488	158963.7511	1	1	0.2844
15wy02	3	24	0	0	1	0	-1	0.1938	NaN	NaN	NaN	158966.0851	158966.4422	0	1	0.2333
15wy02	3	24	0	0	2	0	-1	NaN	8.9431	-9.6217	14.9135	158967.2396	158967.5417	0	1	0.335
15wy02	3	25	0	0	1	0	1	0.1045	NaN	NaN	NaN	158970.002	158970.3588	0	0	1.1326
15wy02	3	25	0	0	2	0	1	NaN	10.7214	8.1988	14.6981	158972.0086	158972.3108	1	1	0.2539
15wy02	3	26	0	0	1	0	-1	0.6764	NaN	NaN	NaN	158974.9071	158975.3281	0	1	0.3394
15wy02	3	26	0	0	2	0	1	NaN	6.239	5.2257	14.4982	158976.2276	158976.5321	1	1	0.1435
15wy02	3	27	0	0	1	0	-1	0.6176	NaN	NaN	NaN	158978.6624	158979.0835	0	1	0.1689
15wy02	3	27	0	0	2	0	1	NaN	7.486	7.2558	16.3019	158979.7956	158980.1004	1	1	0.1766
15wy02	3	28	0	0	1	0	-1	0.0586	NaN	NaN	NaN	158982.4542	158982.8371	1	0	1.2149
15wy02	3	28	0	0	2	0	1	NaN	4.2958	2.2083	14.9507	158984.5988	158984.901	0	0	1.2637
15wy02	3	29	0	0	1	0	1	0.0541	NaN	NaN	NaN	158988.4096	158988.7608	1	1	0.5084
15wy02	3	29	0	0	2	0	1	NaN	1.3331	1.4899	16.3054	158989.7989	158990.1012	1	1	0.5114
15wy02	3	30	0	0	1	0	1	0.8839	NaN	NaN	NaN	158993.2607	158993.6108	1	1	0.3927
15wy02	3	30	0	0	2	0	-1	NaN	5.174	-7.8561	13.5809	158994.5198	158994.823	0	1	0.2525
15wy02	3	31	0	0	1	0	-1	0.6919	NaN	NaN	NaN	158997.1927	158997.5439	0	1	0.3322
15wy02	3	31	0	0	2	0	-1	NaN	0.7948	-2.1864	15.5651	158998.4073	158998.7094	0	1	0.7506
15wy02	3	32	0	0	1	0	-1	0.6223	NaN	NaN	NaN	159001.6923	159002.0438	0	1	0.2169
15wy02	3	32	0	0	2	0	-1	NaN	6.0342	-6.7808	13.0133	159002.8237	159003.1259	0	1	0.7828
15wy02	3	33	0	0	1	0	1	0.364	NaN	NaN	NaN	159005.7087	159006.06	1	1	0.8396
15wy02	3	33	0	0	2	0	-1	NaN	1.9826	-1.7055	14.4355	159007.4479	159007.7502	1	0	1.2135
15wy02	3	34	0	0	1	0	-1	0.0932	NaN	NaN	NaN	159011.0766	159011.4296	1	0	0.5266
15wy02	3	34	0	0	2	0	1	NaN	3.3193	2.9398	15.452	159012.5035	159012.8057	1	1	0.2874
15wy02	3	35	0	0	1	0	-1	0.4741	NaN	NaN	NaN	159015.2045	159015.5578	0	1	0.3023
15wy02	3	35	0	0	2	0	-1	NaN	8.2355	-8.532	16.8847	159016.3754	159016.6777	0	1	0.6385
15wy02	3	36	0	0	1	0	-1	0.6725	NaN	NaN	NaN	159019.5568	159019.9809	0	1	0.0707
15wy02	3	36	0	0	2	0	1	NaN	1.0482	0.6537	14.5172	159020.6102	159020.9147	1	1	0.2729
15wy02	3	37	0	0	1	0	-1	0.2656	NaN	NaN	NaN	159023.1486	159023.5641	0	1	0.1366
15wy02	3	37	0	0	2	0	1	NaN	5.3259	7.6586	14.8044	159024.2638	159024.5661	1	1	0.1592
15wy02	3	38	0	0	1	0	1	0.0074	NaN	NaN	NaN	159026.9069	159027.2592	1	1	0.489
15wy02	3	38	0	0	2	0	1	NaN	3.6207	5.871	16.2744	159028.28	159028.5823	1	1	0.2053
15wy02	3	39	0	0	1	0	1	0.7387	NaN	NaN	NaN	159030.8799	159031.2349	1	1	0.1772
15wy02	3	39	0	0	2	0	1	NaN	1.8966	3.1037	15.4069	159031.9432	159032.2454	1	1	0.1582
15wy02	3	40	0	0	1	0	-1	0.1089	NaN	NaN	NaN	159034.4628	159034.8183	1	0	0.6907
15wy02	3	40	0	0	2	0	1	NaN	2.2621	2.1109	15.4905	159036.0241	159036.3263	1	1	0.3509
15wy02	3	41	0	0	1	0	1	0.3272	NaN	NaN	NaN	159038.7927	159039.145	1	1	0.3796
15wy02	3	41	0	0	2	0	-1	NaN	4.5228	-3.4302	14.7548	159040.0553	159040.3575	0	1	0.8631
15wy02	3	42	0	0	1	0	1	0.2622	NaN	NaN	NaN	159043.7632	159044.1176	1	1	0.4946
15wy02	3	42	0	0	2	0	1	NaN	10.0406	11.1277	14.7805	159045.1764	159045.4787	1	1	0.1899
15wy02	3	43	0	0	1	0	-1	0.0403	NaN	NaN	NaN	159047.8852	159048.2395	0	1	0.5802
15wy02	3	43	0	0	2	0	-1	NaN	11.103	-8.4652	16.2894	159049.3371	159049.6394	0	1	0.2522
15wy02	3	44	0	0	1	0	-1	0.5951	NaN	NaN	NaN	159052.1328	159052.4882	0	1	0.1875
15wy02	3	44	0	0	2	0	1	NaN	2.0216	2.3406	14.0883	159053.2082	159053.5105	1	1	0.2211
15wy02	3	45	0	0	1	0	-1	0.1918	NaN	NaN	NaN	159056.3646	159056.7212	1	0	0.7395
15wy02	3	45	0	0	2	0	1	NaN	3.4986	4.0612	15.1471	159058.0084	159058.3106	1	1	0.2372
15wy02	3	46	0	0	1	0	1	0.8585	NaN	NaN	NaN	159061.0015	159061.3556	1	1	0.2
15wy02	3	46	0	0	2	0	1	NaN	0.003	1.2522	16.4743	159062.0876	159062.3897	1	1	0.3665
15wy02	3	47	0	0	1	0	1	0.392	NaN	NaN	NaN	159065.014	159065.4282	1	1	0.1754
15wy02	3	47	0	0	2	0	1	NaN	8.157	7.798	14.9565	159066.1581	159066.4623	1	1	0.1338
15wy02	3	48	0	0	1	0	1	0.9061	NaN	NaN	NaN	159068.6327	159069.0452	1	1	0.3508
15wy02	3	48	0	0	2	0	-1	NaN	11.1516	-10.573	14.8012	159069.9229	159070.2274	0	1	0.2729
15wy02	3	49	0	0	1	0	1	0.2814	NaN	NaN	NaN	159072.6383	159073.0161	1	1	0.2844
15wy02	3	49	0	0	2	0	1	NaN	6.6235	6.6203	15.248	159073.8477	159074.1503	1	1	0.2382
15wy02	3	50	0	0	1	0	-1	0.9316	NaN	NaN	NaN	159076.4548	159076.8065	0	1	0.3336
15wy02	3	50	0	0	2	0	1	NaN	6.8079	7.2541	14.5313	159077.6722	159077.9743	1	1	0.2056
