18cl01	1	1	0	0	1.0000	0.0000	1.0000	0.1424	NaN	NaN	NaN	339842.5018	339842.9285	1.0000	1.0000	0.2631
18cl01	1	1	0	0	2.0000	0.0000	1.0000	NaN	7.9153	7.0650	16.0774	339843.7444	339844.0493	1.0000	1.0000	0.3903
18cl01	1	2	0	0	1.0000	0.0000	1.0000	0.9115	NaN	NaN	NaN	339846.8954	339847.2788	1.0000	1.0000	0.2819
18cl01	1	2	0	0	2.0000	0.0000	1.0000	NaN	7.8689	9.4107	16.1752	339848.1040	339848.4062	1.0000	1.0000	0.3384
18cl01	1	3	0	0	1.0000	0.0000	1.0000	0.8464	NaN	NaN	NaN	339851.0447	339851.4018	1.0000	1.0000	0.3508
18cl01	1	3	0	0	2.0000	0.0000	-1.0000	NaN	4.0100	-2.2159	15.5470	339852.3275	339852.6297	0.0000	1.0000	0.3551
18cl01	1	4	0	0	1.0000	0.0000	-1.0000	0.2128	NaN	NaN	NaN	339855.3430	339855.6951	1.0000	0.0000	0.4092
18cl01	1	4	0	0	2.0000	0.0000	-1.0000	NaN	8.0140	-8.7719	15.9918	339856.6790	339856.9811	0.0000	1.0000	0.3075
18cl01	1	5	0	0	1.0000	0.0000	1.0000	0.6121	NaN	NaN	NaN	339859.6917	339860.0418	1.0000	1.0000	0.3982
18cl01	1	5	0	0	2.0000	0.0000	-1.0000	NaN	4.5433	-4.4743	14.4707	339861.0296	339861.3318	0.0000	1.0000	0.5318
18cl01	1	6	0	0	1.0000	0.0000	1.0000	0.3089	NaN	NaN	NaN	339864.5148	339864.8718	1.0000	1.0000	0.4798
18cl01	1	6	0	0	2.0000	0.0000	-1.0000	NaN	1.2676	-1.9748	15.6656	339865.9120	339866.2142	0.0000	1.0000	0.6900
18cl01	1	7	0	0	1.0000	0.0000	1.0000	0.9113	NaN	NaN	NaN	339868.7215	339869.0728	1.0000	1.0000	0.4235
18cl01	1	7	0	0	2.0000	0.0000	-1.0000	NaN	6.5666	-5.2295	14.8707	339870.0714	339870.3736	0.0000	1.0000	0.3540
18cl01	1	8	0	0	1.0000	0.0000	-1.0000	0.2818	NaN	NaN	NaN	339872.5615	339872.9173	1.0000	0.0000	0.4353
18cl01	1	8	0	0	2.0000	0.0000	-1.0000	NaN	3.8253	-3.1162	12.9322	339873.9274	339874.2296	0.0000	1.0000	0.1952
18cl01	1	9	0	0	1.0000	0.0000	-1.0000	0.4244	NaN	NaN	NaN	339876.7039	339877.0558	0.0000	1.0000	0.4398
18cl01	1	9	0	0	2.0000	0.0000	-1.0000	NaN	3.6762	-4.4603	15.4698	339878.0544	339878.3567	0.0000	1.0000	0.2754
18cl01	1	10	0	0	1.0000	0.0000	1.0000	0.4852	NaN	NaN	NaN	339880.8658	339881.2790	1.0000	1.0000	0.3453
18cl01	1	10	0	0	2.0000	0.0000	1.0000	NaN	9.8115	10.2114	13.6467	339882.2243	339882.5288	0.0000	0.0000	0.2958
18cl01	1	11	0	0	1.0000	0.0000	1.0000	0.7399	NaN	NaN	NaN	339885.3019	339885.7292	1.0000	1.0000	0.2635
18cl01	1	11	0	0	2.0000	0.0000	1.0000	NaN	5.0814	3.7325	15.1038	339886.5921	339886.8969	1.0000	1.0000	0.4239
18cl01	1	12	0	0	1.0000	0.0000	1.0000	0.3508	NaN	NaN	NaN	339889.7566	339890.1785	1.0000	1.0000	0.3581
18cl01	1	12	0	0	2.0000	0.0000	1.0000	NaN	1.3344	1.6980	14.5200	339891.1089	339891.4134	0.0000	0.0000	0.3701
18cl01	1	13	0	0	1.0000	0.0000	1.0000	0.1574	NaN	NaN	NaN	339894.0382	339894.4569	1.0000	1.0000	0.3514
18cl01	1	13	0	0	2.0000	0.0000	1.0000	NaN	7.2238	7.0486	14.4232	339895.3913	339895.6959	0.0000	0.0000	0.3596
18cl01	1	14	0	0	1.0000	0.0000	-1.0000	0.2531	NaN	NaN	NaN	339898.3246	339898.7095	1.0000	0.0000	0.5306
18cl01	1	14	0	0	2.0000	0.0000	-1.0000	NaN	1.8439	-1.3901	14.4775	339899.7820	339900.0855	0.0000	1.0000	0.2269
18cl01	1	15	0	0	1.0000	0.0000	-1.0000	0.5652	NaN	NaN	NaN	339902.8923	339903.2493	0.0000	1.0000	0.2949
18cl01	1	15	0	0	2.0000	0.0000	1.0000	NaN	3.1465	4.6511	15.1051	339904.1494	339904.4521	0.0000	0.0000	0.4195
18cl01	1	16	0	0	1.0000	0.0000	1.0000	0.6604	NaN	NaN	NaN	339907.3269	339907.6821	1.0000	1.0000	0.3258
18cl01	1	16	0	0	2.0000	0.0000	1.0000	NaN	0.8159	0.9648	14.6222	339908.5987	339908.9018	0.0000	0.0000	0.2749
18cl01	1	17	0	0	1.0000	0.0000	-1.0000	0.3186	NaN	NaN	NaN	339911.4716	339911.8225	0.0000	1.0000	0.2982
18cl01	1	17	0	0	2.0000	0.0000	1.0000	NaN	8.1567	9.4904	15.8218	339912.6947	339912.9969	0.0000	0.0000	0.4506
18cl01	1	18	0	0	1.0000	0.0000	1.0000	0.0302	NaN	NaN	NaN	339915.9764	339916.3319	1.0000	1.0000	0.4276
18cl01	1	18	0	0	2.0000	0.0000	1.0000	NaN	3.3231	2.1849	14.3427	339917.3356	339917.6378	0.0000	0.0000	0.1949
18cl01	1	19	0	0	1.0000	0.0000	1.0000	0.2477	NaN	NaN	NaN	339920.0162	339920.3703	0.0000	0.0000	0.5502
18cl01	1	19	0	0	2.0000	0.0000	-1.0000	NaN	7.1323	-7.6906	15.3183	339921.4787	339921.7809	0.0000	1.0000	0.1794
18cl01	1	20	0	0	1.0000	0.0000	-1.0000	0.1146	NaN	NaN	NaN	339923.8106	339924.1647	0.0000	1.0000	0.5800
18cl01	1	20	0	0	2.0000	0.0000	-1.0000	NaN	7.0741	-5.6555	14.4704	339925.3021	339925.6043	0.0000	1.0000	0.2123
18cl01	1	21	0	0	1.0000	0.0000	-1.0000	0.8067	NaN	NaN	NaN	339927.7259	339928.1432	0.0000	1.0000	0.3443
18cl01	1	21	0	0	2.0000	0.0000	-1.0000	NaN	11.2079	-10.9395	14.5777	339929.0563	339929.3608	0.0000	1.0000	0.2466
18cl01	1	22	0	0	1.0000	0.0000	1.0000	0.2126	NaN	NaN	NaN	339932.2765	339932.6811	1.0000	1.0000	0.4156
18cl01	1	22	0	0	2.0000	0.0000	-1.0000	NaN	9.0152	-8.4640	15.8816	339933.6867	339933.9889	0.0000	1.0000	0.2445
18cl01	1	23	0	0	1.0000	0.0000	1.0000	0.6058	NaN	NaN	NaN	339936.5811	339936.9349	1.0000	1.0000	0.3685
18cl01	1	23	0	0	2.0000	0.0000	1.0000	NaN	11.4923	9.4375	15.8202	339937.8945	339938.1967	0.0000	0.0000	0.3241
18cl01	1	24	0	0	1.0000	0.0000	-1.0000	0.4168	NaN	NaN	NaN	339940.8759	339941.2304	0.0000	1.0000	0.4571
18cl01	1	24	0	0	2.0000	0.0000	1.0000	NaN	4.5787	3.5966	13.9004	339942.2462	339942.5498	0.0000	0.0000	0.4829
18cl01	1	25	0	0	1.0000	0.0000	-1.0000	0.1056	NaN	NaN	NaN	339945.2327	339945.5857	1.0000	0.0000	0.5658
18cl01	1	25	0	0	2.0000	0.0000	-1.0000	NaN	3.0968	-2.5538	16.1086	339946.7421	339947.0443	0.0000	1.0000	0.2119
18cl01	1	26	0	0	1.0000	0.0000	-1.0000	0.3714	NaN	NaN	NaN	339949.6257	339949.9799	0.0000	1.0000	0.4115
18cl01	1	26	0	0	2.0000	0.0000	1.0000	NaN	9.9766	9.3693	13.8970	339950.9508	339951.2529	0.0000	0.0000	0.3386
18cl01	1	27	0	0	1.0000	0.0000	-1.0000	0.4040	NaN	NaN	NaN	339954.2715	339954.6233	0.0000	1.0000	0.4092
18cl01	1	27	0	0	2.0000	0.0000	-1.0000	NaN	3.7526	-2.0791	15.1233	339955.5585	339955.8606	0.0000	1.0000	0.2761
18cl01	1	28	0	0	1.0000	0.0000	1.0000	0.1234	NaN	NaN	NaN	339958.4944	339958.8504	1.0000	1.0000	0.4858
18cl01	1	28	0	0	2.0000	0.0000	1.0000	NaN	6.8259	6.2606	14.2143	339959.8939	339960.1961	0.0000	0.0000	0.2593
18cl01	1	29	0	0	1.0000	0.0000	-1.0000	0.6660	NaN	NaN	NaN	339962.8416	339963.1959	0.0000	1.0000	0.4444
18cl01	1	29	0	0	2.0000	0.0000	1.0000	NaN	7.9961	11.3475	16.1167	339964.1834	339964.4856	1.0000	1.0000	0.4192
18cl01	1	30	0	0	1.0000	0.0000	1.0000	0.7369	NaN	NaN	NaN	339967.1852	339967.5363	1.0000	1.0000	0.3911
18cl01	1	30	0	0	2.0000	0.0000	1.0000	NaN	5.8415	7.9236	14.8913	339968.5172	339968.8193	0.0000	0.0000	0.3562
18cl01	1	31	0	0	1.0000	0.0000	-1.0000	0.7546	NaN	NaN	NaN	339971.3331	339971.6844	0.0000	1.0000	0.4208
18cl01	1	31	0	0	2.0000	0.0000	-1.0000	NaN	3.7346	-2.5778	15.6660	339972.6461	339972.9486	0.0000	1.0000	0.4668
18cl01	1	32	0	0	1.0000	0.0000	1.0000	0.4750	NaN	NaN	NaN	339975.5328	339975.9288	1.0000	1.0000	0.2868
18cl01	1	32	0	0	2.0000	0.0000	-1.0000	NaN	5.7591	-6.3983	14.3286	339976.7903	339977.0925	0.0000	1.0000	0.4835
18cl01	1	33	0	0	1.0000	0.0000	-1.0000	0.4233	NaN	NaN	NaN	339979.7682	339980.1191	0.0000	1.0000	0.3049
18cl01	1	33	0	0	2.0000	0.0000	-1.0000	NaN	7.7558	-6.4675	15.1039	339980.9665	339981.2686	0.0000	1.0000	0.3401
18cl01	1	34	0	0	1.0000	0.0000	1.0000	0.5507	NaN	NaN	NaN	339983.6573	339984.0116	1.0000	1.0000	0.3798
18cl01	1	34	0	0	2.0000	0.0000	-1.0000	NaN	6.5983	-5.9255	13.9425	339984.9657	339985.2678	0.0000	1.0000	0.2441
18cl01	1	35	0	0	1.0000	0.0000	1.0000	0.7401	NaN	NaN	NaN	339987.7138	339988.0669	1.0000	1.0000	0.3097
18cl01	1	35	0	0	2.0000	0.0000	-1.0000	NaN	8.5804	-9.6674	15.2684	339988.9176	339989.2198	0.0000	1.0000	0.2445
18cl01	1	36	0	0	1.0000	0.0000	-1.0000	0.8576	NaN	NaN	NaN	339991.4153	339991.7667	0.0000	1.0000	0.5127
18cl01	1	36	0	0	2.0000	0.0000	-1.0000	NaN	11.3374	-10.4652	15.7533	339992.8068	339993.1090	0.0000	1.0000	0.2109
18cl01	1	37	0	0	1.0000	0.0000	1.0000	0.1545	NaN	NaN	NaN	339995.5477	339995.8998	1.0000	1.0000	0.4134
18cl01	1	37	0	0	2.0000	0.0000	1.0000	NaN	1.4280	1.2431	15.4402	339996.8556	339997.1578	0.0000	0.0000	0.2266
18cl01	1	38	0	0	1.0000	0.0000	1.0000	0.0793	NaN	NaN	NaN	339999.7815	340000.1329	1.0000	1.0000	0.4830
18cl01	1	38	0	0	2.0000	0.0000	-1.0000	NaN	1.5981	-2.4596	14.7237	340001.1737	340001.4759	0.0000	1.0000	0.1646
18cl01	1	39	0	0	1.0000	0.0000	-1.0000	0.4807	NaN	NaN	NaN	340003.5661	340003.9179	0.0000	1.0000	0.5857
18cl01	1	39	0	0	2.0000	0.0000	1.0000	NaN	8.3889	7.7814	15.3039	340005.0478	340005.3500	0.0000	0.0000	0.2419
18cl01	1	40	0	0	1.0000	0.0000	-1.0000	0.4648	NaN	NaN	NaN	340008.1782	340008.5324	1.0000	0.0000	0.7402
18cl01	1	40	0	0	2.0000	0.0000	-1.0000	NaN	4.0526	-2.7456	16.3054	340009.8145	340010.1166	0.0000	1.0000	0.2108
18cl01	1	41	0	0	1.0000	0.0000	1.0000	0.6217	NaN	NaN	NaN	340012.6663	340013.0173	1.0000	1.0000	0.3992
18cl01	1	41	0	0	2.0000	0.0000	1.0000	NaN	4.8914	4.0333	15.3164	340013.9738	340014.2760	0.0000	0.0000	0.3237
18cl01	1	42	0	0	1.0000	0.0000	1.0000	0.1497	NaN	NaN	NaN	340017.0137	340017.3653	1.0000	1.0000	0.4186
18cl01	1	42	0	0	2.0000	0.0000	-1.0000	NaN	11.6471	-12.1226	13.7977	340018.3590	340018.6622	0.0000	1.0000	0.4986
18cl01	1	43	0	0	1.0000	0.0000	-1.0000	0.0310	NaN	NaN	NaN	340021.5954	340022.0042	1.0000	0.0000	0.5004
18cl01	1	43	0	0	2.0000	0.0000	-1.0000	NaN	6.7344	-6.1317	14.6935	340023.0693	340023.3731	0.0000	1.0000	0.2989
18cl01	1	44	0	0	1.0000	0.0000	1.0000	0.9243	NaN	NaN	NaN	340026.2220	340026.6346	1.0000	1.0000	0.2057
18cl01	1	44	0	0	2.0000	0.0000	-1.0000	NaN	7.7879	-7.7635	15.3340	340027.4302	340027.7324	0.0000	1.0000	0.3390
18cl01	1	45	0	0	1.0000	0.0000	-1.0000	0.0923	NaN	NaN	NaN	340030.2390	340030.5925	1.0000	0.0000	0.4721
18cl01	1	45	0	0	2.0000	0.0000	-1.0000	NaN	9.8815	-10.4114	14.1063	340031.6707	340031.9728	0.0000	1.0000	0.2266
18cl01	1	46	0	0	1.0000	0.0000	1.0000	0.7564	NaN	NaN	NaN	340034.4011	340034.7526	1.0000	1.0000	0.6319
18cl01	1	46	0	0	2.0000	0.0000	-1.0000	NaN	1.1845	-1.6662	15.9930	340035.9582	340036.2617	0.0000	1.0000	0.5457
18cl01	1	47	0	0	1.0000	0.0000	1.0000	0.0044	NaN	NaN	NaN	340039.0587	340039.4130	1.0000	1.0000	0.6269
18cl01	1	47	0	0	2.0000	0.0000	-1.0000	NaN	9.2989	-11.0483	14.7297	340040.5832	340040.8854	0.0000	1.0000	0.4820
18cl01	1	48	0	0	1.0000	0.0000	-1.0000	0.2279	NaN	NaN	NaN	340043.3349	340043.6921	0.0000	1.0000	0.6524
18cl01	1	48	0	0	2.0000	0.0000	-1.0000	NaN	10.6381	-9.4778	16.7968	340044.8869	340045.1890	0.0000	1.0000	0.3384
18cl01	1	49	0	0	1.0000	0.0000	1.0000	0.5577	NaN	NaN	NaN	340048.0201	340048.3751	1.0000	1.0000	0.5135
18cl01	1	49	0	0	2.0000	0.0000	1.0000	NaN	2.4929	0.9669	15.0288	340049.4142	340049.7164	0.0000	0.0000	0.3070
18cl01	1	50	0	0	1.0000	0.0000	1.0000	0.3969	NaN	NaN	NaN	340052.3782	340052.7302	1.0000	1.0000	0.4131
18cl01	1	50	0	0	2.0000	0.0000	-1.0000	NaN	11.7966	-11.5948	14.9834	340053.6864	340053.9886	0.0000	1.0000	0.2598
18cl01	2	1	0	0	1.0000	0.0000	-1.0000	0.9349	NaN	NaN	NaN	340072.3122	340072.7327	0.0000	1.0000	0.4906
18cl01	2	1	0	0	2.0000	0.0000	1.0000	NaN	2.0060	2.0574	15.8700	340073.7646	340074.0694	0.0000	0.0000	0.5783
18cl01	2	2	0	0	1.0000	0.0000	1.0000	0.5195	NaN	NaN	NaN	340077.2247	340077.6472	1.0000	1.0000	0.3609
18cl01	2	2	0	0	2.0000	0.0000	-1.0000	NaN	6.2536	-6.7408	13.7027	340078.6077	340078.9132	0.0000	1.0000	0.5994
18cl01	2	3	0	0	1.0000	0.0000	1.0000	0.6771	NaN	NaN	NaN	340081.6922	340082.1021	1.0000	1.0000	0.4012
18cl01	2	3	0	0	2.0000	0.0000	1.0000	NaN	6.0057	5.1306	14.2621	340083.0730	340083.3795	1.0000	1.0000	0.3398
18cl01	2	4	0	0	1.0000	0.0000	-1.0000	0.3225	NaN	NaN	NaN	340085.9042	340086.3064	0.0000	1.0000	0.4369
18cl01	2	4	0	0	2.0000	0.0000	1.0000	NaN	11.4196	11.9952	15.9515	340087.2704	340087.5726	1.0000	1.0000	0.5159
18cl01	2	5	0	0	1.0000	0.0000	1.0000	0.5062	NaN	NaN	NaN	340090.3454	340090.6968	1.0000	1.0000	0.4945
18cl01	2	5	0	0	2.0000	0.0000	1.0000	NaN	4.2087	6.4234	14.8051	340091.7507	340092.0529	1.0000	1.0000	0.3710
18cl01	2	6	0	0	1.0000	0.0000	-1.0000	0.1698	NaN	NaN	NaN	340094.7070	340095.0615	1.0000	0.0000	0.4978
18cl01	2	6	0	0	2.0000	0.0000	1.0000	NaN	5.0746	6.8630	15.5610	340096.1509	340096.4532	1.0000	1.0000	0.6271
18cl01	2	7	0	0	1.0000	0.0000	-1.0000	0.2469	NaN	NaN	NaN	340099.5173	340099.8726	0.0000	1.0000	0.4227
18cl01	2	7	0	0	2.0000	0.0000	-1.0000	NaN	9.6008	-9.4210	14.1865	340100.8386	340101.1420	0.0000	1.0000	0.4973
18cl01	2	8	0	0	1.0000	0.0000	1.0000	0.4311	NaN	NaN	NaN	340104.1834	340104.5391	1.0000	1.0000	0.3493
18cl01	2	8	0	0	2.0000	0.0000	-1.0000	NaN	5.1887	-6.6925	14.9100	340105.4945	340105.7968	0.0000	1.0000	0.4035
18cl01	2	9	0	0	1.0000	0.0000	1.0000	0.8605	NaN	NaN	NaN	340108.5509	340108.9053	1.0000	1.0000	0.3992
18cl01	2	9	0	0	2.0000	0.0000	1.0000	NaN	1.5238	0.1870	13.3634	340109.8942	340110.1964	0.0000	0.0000	0.4349
18cl01	2	10	0	0	1.0000	0.0000	-1.0000	0.2385	NaN	NaN	NaN	340112.7645	340113.1719	1.0000	0.0000	0.5314
18cl01	2	10	0	0	2.0000	0.0000	-1.0000	NaN	7.3925	-6.8559	14.2335	340114.2934	340114.5955	0.0000	1.0000	0.3237
18cl01	2	11	0	0	1.0000	0.0000	1.0000	0.3960	NaN	NaN	NaN	340116.8956	340117.2450	1.0000	1.0000	0.4102
18cl01	2	11	0	0	2.0000	0.0000	1.0000	NaN	7.8823	6.9486	15.0396	340118.2779	340118.5802	1.0000	1.0000	0.4196
18cl01	2	12	0	0	1.0000	0.0000	-1.0000	0.4377	NaN	NaN	NaN	340121.5894	340121.9435	0.0000	1.0000	0.9118
18cl01	2	12	0	0	2.0000	0.0000	-1.0000	NaN	11.7797	-11.4109	15.5501	340123.3825	340123.6847	0.0000	1.0000	0.3551
18cl01	2	13	0	0	1.0000	0.0000	-1.0000	0.7772	NaN	NaN	NaN	340126.3142	340126.6712	0.0000	1.0000	0.2812
18cl01	2	13	0	0	2.0000	0.0000	1.0000	NaN	9.8106	9.2643	15.1941	340127.4945	340127.7968	1.0000	1.0000	0.3396
18cl01	2	14	0	0	1.0000	0.0000	1.0000	0.5794	NaN	NaN	NaN	340130.3694	340130.7250	1.0000	1.0000	0.3560
18cl01	2	14	0	0	2.0000	0.0000	-1.0000	NaN	7.4120	-8.9999	15.5379	340131.6700	340131.9736	0.0000	1.0000	0.1945
18cl01	2	15	0	0	1.0000	0.0000	1.0000	0.8321	NaN	NaN	NaN	340134.2598	340134.6113	1.0000	1.0000	0.3239
18cl01	2	15	0	0	2.0000	0.0000	1.0000	NaN	6.6019	5.7967	14.6236	340135.5254	340135.8276	1.0000	1.0000	0.4691
18cl01	2	16	0	0	1.0000	0.0000	1.0000	0.4280	NaN	NaN	NaN	340138.1129	340138.4638	1.0000	1.0000	0.2970
18cl01	2	16	0	0	2.0000	0.0000	1.0000	NaN	1.0059	0.0822	14.7689	340139.2863	340139.5899	0.0000	0.0000	0.1944
18cl01	2	17	0	0	1.0000	0.0000	-1.0000	0.8677	NaN	NaN	NaN	340142.1512	340142.5078	0.0000	1.0000	0.3315
18cl01	2	17	0	0	2.0000	0.0000	-1.0000	NaN	1.8285	-3.1253	15.3802	340143.3825	340143.6848	1.0000	0.0000	0.5149
18cl01	2	18	0	0	1.0000	0.0000	1.0000	0.6007	NaN	NaN	NaN	340146.4462	340146.8035	1.0000	1.0000	0.3411
18cl01	2	18	0	0	2.0000	0.0000	1.0000	NaN	1.1705	1.7204	15.9972	340147.7180	340148.0204	0.0000	0.0000	0.6268
18cl01	2	19	0	0	1.0000	0.0000	-1.0000	0.4007	NaN	NaN	NaN	340150.6324	340150.9866	0.0000	1.0000	0.4606
18cl01	2	19	0	0	2.0000	0.0000	-1.0000	NaN	10.9888	-12.0273	15.2260	340151.9906	340152.2927	0.0000	1.0000	0.5630
18cl01	2	20	0	0	1.0000	0.0000	-1.0000	0.6227	NaN	NaN	NaN	340154.9570	340155.3084	1.0000	0.0000	0.6517
18cl01	2	20	0	0	2.0000	0.0000	-1.0000	NaN	2.0542	-2.6992	13.9999	340156.4701	340156.7727	0.0000	1.0000	0.2916
18cl01	2	21	0	0	1.0000	0.0000	1.0000	0.9083	NaN	NaN	NaN	340159.1228	340159.5310	1.0000	1.0000	0.3490
18cl01	2	21	0	0	2.0000	0.0000	-1.0000	NaN	6.9025	-7.8029	14.8575	340160.4290	340160.7331	0.0000	1.0000	0.4262
18cl01	2	22	0	0	1.0000	0.0000	1.0000	0.2254	NaN	NaN	NaN	340163.5553	340163.9781	1.0000	1.0000	0.3183
18cl01	2	22	0	0	2.0000	0.0000	-1.0000	NaN	5.5062	-6.6467	15.0073	340164.8319	340165.1378	0.0000	1.0000	0.4867
18cl01	2	23	0	0	1.0000	0.0000	-1.0000	0.6423	NaN	NaN	NaN	340167.9942	340168.4144	1.0000	0.0000	0.4258
18cl01	2	23	0	0	2.0000	0.0000	1.0000	NaN	3.4688	2.5554	13.4398	340169.3928	340169.6973	0.0000	0.0000	0.4548
18cl01	2	24	0	0	1.0000	0.0000	-1.0000	0.8316	NaN	NaN	NaN	340172.5180	340172.9309	1.0000	0.0000	0.5174
18cl01	2	24	0	0	2.0000	0.0000	-1.0000	NaN	6.2166	-7.0107	14.8059	340174.0010	340174.3081	0.0000	1.0000	0.3231
18cl01	2	25	0	0	1.0000	0.0000	-1.0000	0.7832	NaN	NaN	NaN	340177.0620	340177.4807	0.0000	1.0000	0.3985
18cl01	2	25	0	0	2.0000	0.0000	-1.0000	NaN	11.7920	-14.2401	13.3954	340178.4300	340178.7345	0.0000	1.0000	0.4252
18cl01	2	26	0	0	1.0000	0.0000	1.0000	0.0359	NaN	NaN	NaN	340181.5670	340181.9799	1.0000	1.0000	0.4444
18cl01	2	26	0	0	2.0000	0.0000	1.0000	NaN	10.6220	13.7060	14.0673	340182.9918	340183.2961	1.0000	1.0000	0.3271
18cl01	2	27	0	0	1.0000	0.0000	1.0000	0.1743	NaN	NaN	NaN	340185.8340	340186.2463	1.0000	1.0000	0.3049
18cl01	2	27	0	0	2.0000	0.0000	-1.0000	NaN	4.4218	-4.6921	15.1166	340187.1205	340187.4246	0.0000	1.0000	0.2945
18cl01	2	28	0	0	1.0000	0.0000	-1.0000	0.4825	NaN	NaN	NaN	340189.8835	340190.2962	1.0000	0.0000	0.1914
18cl01	2	28	0	0	2.0000	0.0000	-1.0000	NaN	1.0262	-1.3863	13.5679	340191.0406	340191.3448	0.0000	1.0000	0.2477
18cl01	2	29	0	0	1.0000	0.0000	-1.0000	0.7610	NaN	NaN	NaN	340193.5948	340194.0131	1.0000	0.0000	0.8741
18cl01	2	29	0	0	2.0000	0.0000	1.0000	NaN	0.3506	1.9713	14.7711	340195.4425	340195.7465	0.0000	0.0000	0.3577
18cl01	2	30	0	0	1.0000	0.0000	1.0000	0.6824	NaN	NaN	NaN	340198.3137	340198.7291	1.0000	1.0000	0.3826
18cl01	2	30	0	0	2.0000	0.0000	-1.0000	NaN	11.6238	-11.6409	15.2626	340199.6932	340199.9973	0.0000	1.0000	0.4105
18cl01	2	31	0	0	1.0000	0.0000	-1.0000	0.2279	NaN	NaN	NaN	340202.7185	340203.1299	1.0000	0.0000	0.8133
18cl01	2	31	0	0	2.0000	0.0000	1.0000	NaN	1.4798	0.4970	14.2455	340204.4712	340204.7734	0.0000	0.0000	0.4664
18cl01	2	32	0	0	1.0000	0.0000	1.0000	0.4284	NaN	NaN	NaN	340207.3770	340207.7957	1.0000	1.0000	0.3085
18cl01	2	32	0	0	2.0000	0.0000	-1.0000	NaN	6.5641	-5.9902	14.1417	340208.7112	340209.0134	0.0000	1.0000	0.3062
18cl01	2	33	0	0	1.0000	0.0000	1.0000	0.0146	NaN	NaN	NaN	340211.3875	340211.7389	1.0000	1.0000	0.4617
18cl01	2	33	0	0	2.0000	0.0000	-1.0000	NaN	0.5163	-2.8074	14.4748	340212.8221	340213.1243	0.0000	1.0000	0.4516
18cl01	2	34	0	0	1.0000	0.0000	-1.0000	0.8828	NaN	NaN	NaN	340215.6338	340215.9875	0.0000	1.0000	0.7887
18cl01	2	34	0	0	2.0000	0.0000	1.0000	NaN	4.1998	2.9030	14.9329	340217.3189	340217.6211	0.0000	0.0000	0.3860
18cl01	2	35	0	0	1.0000	0.0000	1.0000	0.0064	NaN	NaN	NaN	340220.5571	340220.9102	1.0000	1.0000	1.7696
18cl01	2	35	0	0	2.0000	0.0000	1.0000	NaN	7.2260	7.7982	14.5953	340223.2703	340223.5725	1.0000	1.0000	0.4510
18cl01	2	36	0	0	1.0000	0.0000	-1.0000	0.1418	NaN	NaN	NaN	340226.6732	340227.0233	1.0000	0.0000	0.2958
18cl01	2	36	0	0	2.0000	0.0000	1.0000	NaN	3.0901	2.2476	13.9352	340227.8622	340228.1644	0.0000	0.0000	0.5158
18cl01	2	37	0	0	1.0000	0.0000	-1.0000	0.4876	NaN	NaN	NaN	340230.8056	340231.1563	0.0000	1.0000	0.6428
18cl01	2	37	0	0	2.0000	0.0000	1.0000	NaN	4.8217	4.4769	15.9653	340232.3591	340232.6613	1.0000	1.0000	0.4510
18cl01	2	38	0	0	1.0000	0.0000	-1.0000	0.6852	NaN	NaN	NaN	340235.3444	340235.6989	1.0000	0.0000	0.8043
18cl01	2	38	0	0	2.0000	0.0000	-1.0000	NaN	1.2811	-0.5068	14.7729	340237.0462	340237.3484	0.0000	1.0000	0.5633
18cl01	2	39	0	0	1.0000	0.0000	-1.0000	0.8610	NaN	NaN	NaN	340239.7620	340240.1154	1.0000	0.0000	0.4838
18cl01	2	39	0	0	2.0000	0.0000	1.0000	NaN	10.5558	9.1122	13.4879	340241.1588	340241.4610	1.0000	1.0000	0.4821
18cl01	2	40	0	0	1.0000	0.0000	-1.0000	0.6214	NaN	NaN	NaN	340244.3058	340244.6585	0.0000	1.0000	0.5973
18cl01	2	40	0	0	2.0000	0.0000	-1.0000	NaN	8.2706	-7.2319	16.5648	340245.7980	340246.1014	0.0000	1.0000	0.5629
18cl01	2	41	0	0	1.0000	0.0000	1.0000	0.3012	NaN	NaN	NaN	340248.6467	340249.0025	1.0000	1.0000	0.3974
18cl01	2	41	0	0	2.0000	0.0000	-1.0000	NaN	11.4027	-10.8794	14.7056	340249.9426	340250.2449	0.0000	1.0000	0.4032
18cl01	2	42	0	0	1.0000	0.0000	-1.0000	0.8104	NaN	NaN	NaN	340253.1747	340253.5936	1.0000	0.0000	0.4295
18cl01	2	42	0	0	2.0000	0.0000	-1.0000	NaN	7.4647	-7.2426	14.2566	340254.5736	340254.8779	0.0000	1.0000	0.4426
18cl01	2	43	0	0	1.0000	0.0000	1.0000	0.1850	NaN	NaN	NaN	340257.6480	340258.0388	1.0000	1.0000	0.3683
18cl01	2	43	0	0	2.0000	0.0000	1.0000	NaN	2.7111	2.6737	15.7028	340258.9837	340259.2859	1.0000	1.0000	0.8662
18cl01	2	44	0	0	1.0000	0.0000	-1.0000	0.5394	NaN	NaN	NaN	340262.2848	340262.6363	1.0000	0.0000	0.6199
18cl01	2	44	0	0	2.0000	0.0000	1.0000	NaN	0.9103	1.2341	12.7841	340263.8295	340264.1325	1.0000	1.0000	0.6281
18cl01	2	45	0	0	1.0000	0.0000	-1.0000	0.2230	NaN	NaN	NaN	340266.8889	340267.2410	1.0000	0.0000	0.5268
18cl01	2	45	0	0	2.0000	0.0000	-1.0000	NaN	4.2379	-2.9311	15.0104	340268.3256	340268.6278	1.0000	0.0000	0.7404
18cl01	2	46	0	0	1.0000	0.0000	-1.0000	0.3341	NaN	NaN	NaN	340271.6925	340272.0470	0.0000	1.0000	0.5361
18cl01	2	46	0	0	2.0000	0.0000	-1.0000	NaN	9.9699	-9.8272	14.8818	340273.1585	340273.4607	0.0000	1.0000	0.3703
18cl01	2	47	0	0	1.0000	0.0000	-1.0000	0.0916	NaN	NaN	NaN	340276.3320	340276.6856	1.0000	0.0000	0.3789
18cl01	2	47	0	0	2.0000	0.0000	1.0000	NaN	1.5837	1.6446	15.2701	340277.6546	340277.9567	1.0000	1.0000	0.8344
18cl01	2	48	0	0	1.0000	0.0000	-1.0000	0.6167	NaN	NaN	NaN	340280.8092	340281.1632	1.0000	0.0000	0.4610
18cl01	2	48	0	0	2.0000	0.0000	1.0000	NaN	8.7807	9.9744	15.7613	340282.1507	340282.4529	1.0000	1.0000	0.3553
18cl01	2	49	0	0	1.0000	0.0000	1.0000	0.5222	NaN	NaN	NaN	340285.1300	340285.4840	1.0000	1.0000	0.2516
18cl01	2	49	0	0	2.0000	0.0000	1.0000	NaN	11.0063	9.5014	15.3164	340286.3095	340286.6118	1.0000	1.0000	0.3885
18cl01	2	50	0	0	1.0000	0.0000	1.0000	0.5114	NaN	NaN	NaN	340289.1078	340289.4628	1.0000	1.0000	0.3368
18cl01	2	50	0	0	2.0000	0.0000	1.0000	NaN	11.9536	9.4874	16.3650	340290.3912	340290.6934	1.0000	1.0000	0.4344
18cl01	3	1	0	0	1.0000	0.0000	1.0000	0.8253	NaN	NaN	NaN	340314.3508	340314.7688	1.0000	1.0000	0.3434
18cl01	3	1	0	0	2.0000	0.0000	-1.0000	NaN	1.0132	-1.1706	15.7340	340315.6953	340316.0012	0.0000	1.0000	0.6145
18cl01	3	2	0	0	1.0000	0.0000	1.0000	0.6357	NaN	NaN	NaN	340318.7263	340319.1402	0.0000	0.0000	0.9469
18cl01	3	2	0	0	2.0000	0.0000	-1.0000	NaN	2.2852	-5.0662	14.3169	340320.6375	340320.9420	0.0000	1.0000	0.5861
18cl01	3	3	0	0	1.0000	0.0000	-1.0000	0.4645	NaN	NaN	NaN	340323.8085	340324.2233	1.0000	0.0000	0.4087
18cl01	3	3	0	0	2.0000	0.0000	-1.0000	NaN	7.4887	-9.0230	13.2049	340325.2341	340325.5386	0.0000	1.0000	0.3574
18cl01	3	4	0	0	1.0000	0.0000	-1.0000	0.4181	NaN	NaN	NaN	340328.3269	340328.7110	0.0000	1.0000	1.0247
18cl01	3	4	0	0	2.0000	0.0000	-1.0000	NaN	6.3257	-7.5803	17.0790	340330.2937	340330.5971	0.0000	1.0000	0.2578
18cl01	3	5	0	0	1.0000	0.0000	-1.0000	0.7193	NaN	NaN	NaN	340333.0719	340333.4275	0.0000	1.0000	0.3565
18cl01	3	5	0	0	2.0000	0.0000	1.0000	NaN	9.0447	9.4445	13.3697	340334.3412	340334.6433	1.0000	1.0000	0.2597
18cl01	3	6	0	0	1.0000	0.0000	1.0000	0.2416	NaN	NaN	NaN	340337.1780	340337.5312	1.0000	1.0000	0.3329
18cl01	3	6	0	0	2.0000	0.0000	-1.0000	NaN	9.7714	-9.9482	15.5594	340338.4385	340338.7407	0.0000	1.0000	0.3235
18cl01	3	7	0	0	1.0000	0.0000	-1.0000	0.0566	NaN	NaN	NaN	340341.0809	340341.4323	1.0000	0.0000	0.5107
18cl01	3	7	0	0	2.0000	0.0000	1.0000	NaN	8.1837	8.6210	14.8550	340342.5034	340342.8056	1.0000	1.0000	0.3534
18cl01	3	8	0	0	1.0000	0.0000	1.0000	0.7652	NaN	NaN	NaN	340345.4571	340345.8488	1.0000	1.0000	0.4800
18cl01	3	8	0	0	2.0000	0.0000	1.0000	NaN	6.9207	7.9695	14.3691	340346.8712	340347.1734	1.0000	1.0000	0.3230
18cl01	3	9	0	0	1.0000	0.0000	1.0000	0.6757	NaN	NaN	NaN	340350.1015	340350.4531	1.0000	1.0000	0.2750
18cl01	3	9	0	0	2.0000	0.0000	1.0000	NaN	2.6610	2.5548	15.5708	340351.3016	340351.6039	0.0000	0.0000	0.4519
18cl01	3	10	0	0	1.0000	0.0000	-1.0000	0.0679	NaN	NaN	NaN	340354.6384	340354.9928	1.0000	0.0000	0.2942
18cl01	3	10	0	0	2.0000	0.0000	1.0000	NaN	6.2598	8.2126	14.4502	340355.8634	340356.1657	1.0000	1.0000	0.3544
18cl01	3	11	0	0	1.0000	0.0000	-1.0000	0.0113	NaN	NaN	NaN	340358.5283	340358.8814	1.0000	0.0000	0.3416
18cl01	3	11	0	0	2.0000	0.0000	-1.0000	NaN	4.0455	-3.6382	15.9552	340359.8144	340360.1165	0.0000	1.0000	0.4194
18cl01	3	12	0	0	1.0000	0.0000	-1.0000	0.7075	NaN	NaN	NaN	340362.9150	340363.2665	1.0000	0.0000	0.4050
18cl01	3	12	0	0	2.0000	0.0000	1.0000	NaN	2.2675	1.8422	12.6709	340364.2465	340364.5487	0.0000	0.0000	0.5319
18cl01	3	13	0	0	1.0000	0.0000	1.0000	0.7199	NaN	NaN	NaN	340367.5339	340367.8859	1.0000	1.0000	0.3451
18cl01	3	13	0	0	2.0000	0.0000	1.0000	NaN	8.9176	6.6259	16.5808	340368.7899	340369.0921	1.0000	1.0000	0.4367
18cl01	3	14	0	0	1.0000	0.0000	-1.0000	0.4654	NaN	NaN	NaN	340372.0124	340372.3641	0.0000	1.0000	0.5069
18cl01	3	14	0	0	2.0000	0.0000	1.0000	NaN	2.0151	0.9876	14.9066	340373.4131	340373.7153	1.0000	1.0000	0.7886
18cl01	3	15	0	0	1.0000	0.0000	1.0000	0.7554	NaN	NaN	NaN	340376.4109	340376.7639	1.0000	1.0000	0.3475
18cl01	3	15	0	0	2.0000	0.0000	1.0000	NaN	2.2425	0.5476	14.2312	340377.6867	340377.9889	1.0000	1.0000	0.6114
18cl01	3	16	0	0	1.0000	0.0000	1.0000	0.3757	NaN	NaN	NaN	340381.1580	340381.5124	1.0000	1.0000	0.3354
18cl01	3	16	0	0	2.0000	0.0000	1.0000	NaN	4.4092	4.8104	15.6129	340382.4053	340382.7076	1.0000	1.0000	0.4525
18cl01	3	17	0	0	1.0000	0.0000	-1.0000	0.5686	NaN	NaN	NaN	340385.5087	340385.8619	0.0000	1.0000	0.4183
18cl01	3	17	0	0	2.0000	0.0000	-1.0000	NaN	5.6511	-6.3190	15.1599	340386.8224	340387.1247	0.0000	1.0000	0.7543
18cl01	3	18	0	0	1.0000	0.0000	1.0000	0.1879	NaN	NaN	NaN	340390.4963	340390.8485	1.0000	1.0000	0.3435
18cl01	3	18	0	0	2.0000	0.0000	1.0000	NaN	0.3665	1.0052	14.6712	340391.7662	340392.0684	0.0000	0.0000	0.5465
18cl01	3	19	0	0	1.0000	0.0000	-1.0000	0.4017	NaN	NaN	NaN	340394.8506	340395.2806	0.0000	1.0000	1.2703
18cl01	3	19	0	0	2.0000	0.0000	-1.0000	NaN	6.5745	-6.8698	14.5111	340397.0999	340397.4041	0.0000	1.0000	0.2988
18cl01	3	20	0	0	1.0000	0.0000	-1.0000	0.4474	NaN	NaN	NaN	340399.7904	340400.2153	0.0000	1.0000	0.3686
18cl01	3	20	0	0	2.0000	0.0000	-1.0000	NaN	2.7659	-0.4575	17.0174	340401.1502	340401.4546	0.0000	1.0000	0.4243
18cl01	3	21	0	0	1.0000	0.0000	-1.0000	0.9118	NaN	NaN	NaN	340404.2500	340404.6692	0.0000	1.0000	0.4751
18cl01	3	21	0	0	2.0000	0.0000	1.0000	NaN	4.0846	3.4031	14.7793	340405.6863	340405.9885	0.0000	0.0000	0.5156
18cl01	3	22	0	0	1.0000	0.0000	-1.0000	0.1814	NaN	NaN	NaN	340409.1508	340409.5069	0.0000	1.0000	0.5488
18cl01	3	22	0	0	2.0000	0.0000	1.0000	NaN	5.1390	7.1787	15.5629	340410.5977	340410.8999	0.0000	0.0000	0.8990
18cl01	3	23	0	0	1.0000	0.0000	-1.0000	0.3538	NaN	NaN	NaN	340414.0947	340414.4454	0.0000	1.0000	0.3944
18cl01	3	23	0	0	2.0000	0.0000	-1.0000	NaN	2.3774	-3.6436	14.6151	340415.3825	340415.6848	0.0000	1.0000	0.5958
18cl01	3	24	0	0	1.0000	0.0000	-1.0000	0.5195	NaN	NaN	NaN	340418.5220	340418.8773	0.0000	1.0000	0.4112
18cl01	3	24	0	0	2.0000	0.0000	-1.0000	NaN	11.4901	-11.7224	13.9301	340419.8615	340420.1636	0.0000	1.0000	0.3724
18cl01	3	25	0	0	1.0000	0.0000	-1.0000	0.4205	NaN	NaN	NaN	340422.9101	340423.2616	0.0000	1.0000	0.3942
18cl01	3	25	0	0	2.0000	0.0000	1.0000	NaN	1.2798	0.9174	14.2986	340424.2138	340424.5160	0.0000	0.0000	0.8349
18cl01	3	26	0	0	1.0000	0.0000	-1.0000	0.2163	NaN	NaN	NaN	340427.7798	340428.1297	0.0000	1.0000	0.3742
18cl01	3	26	0	0	2.0000	0.0000	-1.0000	NaN	5.2284	-5.8029	14.9821	340429.0772	340429.3794	0.0000	1.0000	0.4195
18cl01	3	27	0	0	1.0000	0.0000	1.0000	0.4611	NaN	NaN	NaN	340431.6484	340431.9992	1.0000	1.0000	0.3924
18cl01	3	27	0	0	2.0000	0.0000	-1.0000	NaN	9.6034	-11.6870	14.2035	340432.9824	340433.2846	0.0000	1.0000	0.4194
18cl01	3	28	0	0	1.0000	0.0000	-1.0000	0.0654	NaN	NaN	NaN	340436.1116	340436.4626	1.0000	0.0000	0.3923
18cl01	3	28	0	0	2.0000	0.0000	1.0000	NaN	3.8352	3.8329	14.4238	340437.4297	340437.7319	0.0000	0.0000	1.0277
18cl01	3	29	0	0	1.0000	0.0000	1.0000	0.6632	NaN	NaN	NaN	340440.5968	340441.0173	1.0000	1.0000	0.2385
18cl01	3	29	0	0	2.0000	0.0000	1.0000	NaN	7.9983	7.2086	15.4947	340441.8551	340442.1615	1.0000	1.0000	0.5494
18cl01	3	30	0	0	1.0000	0.0000	1.0000	0.0500	NaN	NaN	NaN	340444.9843	340445.3998	1.0000	1.0000	0.4162
18cl01	3	30	0	0	2.0000	0.0000	1.0000	NaN	8.8543	9.2921	14.7694	340446.3519	340446.6588	1.0000	1.0000	0.9814
18cl01	3	31	0	0	1.0000	0.0000	1.0000	0.0574	NaN	NaN	NaN	340449.8695	340450.2835	0.0000	0.0000	0.7319
18cl01	3	31	0	0	2.0000	0.0000	-1.0000	NaN	4.7911	-4.7163	13.9180	340451.5677	340451.8736	0.0000	1.0000	0.4070
18cl01	3	32	0	0	1.0000	0.0000	1.0000	0.6649	NaN	NaN	NaN	340454.6068	340455.0167	1.0000	1.0000	0.2714
18cl01	3	32	0	0	2.0000	0.0000	-1.0000	NaN	7.6624	-8.0226	14.0161	340455.8549	340456.1608	0.0000	1.0000	0.3746
18cl01	3	33	0	0	1.0000	0.0000	-1.0000	0.1383	NaN	NaN	NaN	340458.5220	340458.9331	0.0000	1.0000	0.4989
18cl01	3	33	0	0	2.0000	0.0000	-1.0000	NaN	1.6328	-5.4214	13.9782	340459.9748	340460.2770	0.0000	1.0000	0.3699
18cl01	3	34	0	0	1.0000	0.0000	-1.0000	0.8127	NaN	NaN	NaN	340462.7805	340463.1376	0.0000	1.0000	0.5813
18cl01	3	34	0	0	2.0000	0.0000	-1.0000	NaN	7.7372	-7.5964	15.6351	340464.2618	340464.5641	0.0000	1.0000	0.4201
18cl01	3	35	0	0	1.0000	0.0000	-1.0000	0.8651	NaN	NaN	NaN	340467.0505	340467.4038	0.0000	1.0000	0.3159
18cl01	3	35	0	0	2.0000	0.0000	-1.0000	NaN	2.1822	-3.9170	15.4341	340468.2772	340468.5794	0.0000	1.0000	0.3726
18cl01	3	36	0	0	1.0000	0.0000	1.0000	0.3272	NaN	NaN	NaN	340470.9939	340471.3438	1.0000	1.0000	0.2641
18cl01	3	36	0	0	2.0000	0.0000	1.0000	NaN	9.3662	9.8371	13.6417	340472.1498	340472.4523	1.0000	1.0000	0.8993
18cl01	3	37	0	0	1.0000	0.0000	1.0000	0.6938	NaN	NaN	NaN	340475.3615	340475.7134	1.0000	1.0000	0.2946
18cl01	3	37	0	0	2.0000	0.0000	-1.0000	NaN	5.8633	-7.1091	14.5119	340476.5336	340476.8357	0.0000	1.0000	0.1632
18cl01	3	38	0	0	1.0000	0.0000	-1.0000	0.3654	NaN	NaN	NaN	340479.1578	340479.5087	1.0000	0.0000	0.4673
18cl01	3	38	0	0	2.0000	0.0000	-1.0000	NaN	6.9958	-6.5685	13.7919	340480.4858	340480.7895	0.0000	1.0000	0.1305
18cl01	3	39	0	0	1.0000	0.0000	-1.0000	0.2280	NaN	NaN	NaN	340483.1792	340483.5365	1.0000	0.0000	0.3743
18cl01	3	39	0	0	2.0000	0.0000	-1.0000	NaN	5.0072	-4.5806	14.0632	340484.4223	340484.7245	0.0000	1.0000	0.2743
18cl01	3	40	0	0	1.0000	0.0000	1.0000	0.3267	NaN	NaN	NaN	340487.3540	340487.7650	1.0000	1.0000	0.2907
18cl01	3	40	0	0	2.0000	0.0000	-1.0000	NaN	7.0088	-5.1283	15.0413	340488.6095	340488.9141	0.0000	1.0000	0.4056
18cl01	3	41	0	0	1.0000	0.0000	1.0000	0.2774	NaN	NaN	NaN	340491.2493	340491.6653	1.0000	1.0000	0.3266
18cl01	3	41	0	0	2.0000	0.0000	1.0000	NaN	5.1798	3.6718	14.5262	340492.5497	340492.8518	0.0000	0.0000	0.4197
18cl01	3	42	0	0	1.0000	0.0000	1.0000	0.7170	NaN	NaN	NaN	340495.3990	340495.7525	1.0000	1.0000	0.3356
18cl01	3	42	0	0	2.0000	0.0000	1.0000	NaN	3.3123	2.3901	16.4852	340496.6143	340496.9165	0.0000	0.0000	0.4997
18cl01	3	43	0	0	1.0000	0.0000	-1.0000	0.8702	NaN	NaN	NaN	340499.8739	340500.2244	0.0000	1.0000	0.2797
18cl01	3	43	0	0	2.0000	0.0000	-1.0000	NaN	0.0138	-0.4371	14.4622	340501.0791	340501.3813	1.0000	0.0000	0.8336
18cl01	3	44	0	0	1.0000	0.0000	-1.0000	0.8772	NaN	NaN	NaN	340504.3497	340504.7062	0.0000	1.0000	0.3086
18cl01	3	44	0	0	2.0000	0.0000	-1.0000	NaN	5.1625	-4.6061	15.1381	340505.5734	340505.8756	0.0000	1.0000	0.4200
18cl01	3	45	0	0	1.0000	0.0000	1.0000	0.3703	NaN	NaN	NaN	340508.4541	340508.8072	1.0000	1.0000	0.3196
18cl01	3	45	0	0	2.0000	0.0000	-1.0000	NaN	2.9003	-2.1433	15.2443	340509.6715	340509.9738	0.0000	1.0000	0.4825
18cl01	3	46	0	0	1.0000	0.0000	-1.0000	0.5043	NaN	NaN	NaN	340512.4295	340512.7851	0.0000	1.0000	0.4857
18cl01	3	46	0	0	2.0000	0.0000	-1.0000	NaN	9.3500	-11.5359	14.4939	340513.8141	340514.1162	0.0000	1.0000	0.3716
18cl01	3	47	0	0	1.0000	0.0000	-1.0000	0.1216	NaN	NaN	NaN	340516.9719	340517.3235	0.0000	1.0000	0.4931
18cl01	3	47	0	0	2.0000	0.0000	-1.0000	NaN	11.9890	-11.5675	14.8588	340518.3425	340518.6447	0.0000	1.0000	0.1953
18cl01	3	48	0	0	1.0000	0.0000	-1.0000	0.8596	NaN	NaN	NaN	340521.0559	340521.4066	0.0000	1.0000	0.2813
18cl01	3	48	0	0	2.0000	0.0000	1.0000	NaN	11.7570	9.9564	15.4732	340522.2297	340522.5318	1.0000	1.0000	0.2910
18cl01	3	49	0	0	1.0000	0.0000	-1.0000	0.2759	NaN	NaN	NaN	340525.2726	340525.6230	0.0000	1.0000	0.3690
18cl01	3	49	0	0	2.0000	0.0000	-1.0000	NaN	7.4051	-6.3045	16.7097	340526.5333	340526.8366	0.0000	1.0000	0.4982
18cl01	3	50	0	0	1.0000	0.0000	1.0000	0.7412	NaN	NaN	NaN	340529.9858	340530.3394	1.0000	1.0000	0.2434
18cl01	3	50	0	0	2.0000	0.0000	1.0000	NaN	0.9735	0.8975	14.9951	340531.1428	340531.4450	0.0000	0.0000	0.5138
