31zt04	1	1	1	0	1.0000	0.0000	1.0000	0.0900	NaN	NaN	NaN	258.7333	259.0981	1.0000	1.0000	0.3361
31zt04	1	1	1	0	2.0000	0.0000	1.0000	NaN	0.8813	0.6151	14.4456	260.0483	260.3500	1.0000	1.0000	0.6039
31zt04	1	2	1	0	1.0000	0.0000	1.0000	0.3445	NaN	NaN	NaN	263.4298	263.7638	1.0000	1.0000	0.3016
31zt04	1	2	1	0	2.0000	0.0000	1.0000	NaN	6.1577	7.9621	14.6767	264.6109	264.9120	1.0000	1.0000	0.1921
31zt04	1	3	1	0	1.0000	0.0000	-1.0000	0.4468	NaN	NaN	NaN	267.4229	267.7532	0.0000	1.0000	0.1277
31zt04	1	3	1	0	2.0000	0.0000	1.0000	NaN	2.4169	2.4390	14.9111	268.4646	268.7656	1.0000	1.0000	0.0092
31zt04	1	4	1	0	1.0000	0.0000	-1.0000	0.3846	NaN	NaN	NaN	271.0625	271.3932	0.0000	1.0000	0.1128
31zt04	1	4	1	0	2.0000	0.0000	1.0000	NaN	4.5993	6.2938	14.8019	272.0860	272.3872	1.0000	1.0000	0.0095
31zt04	1	5	1	0	1.0000	0.0000	-1.0000	0.2511	NaN	NaN	NaN	274.7875	275.1415	0.0000	1.0000	0.1551
31zt04	1	5	1	0	2.0000	0.0000	1.0000	NaN	4.8601	6.2466	14.4279	275.8942	276.1953	1.0000	1.0000	0.0108
31zt04	1	6	1	0	1.0000	0.0000	1.0000	0.1499	NaN	NaN	NaN	278.2216	278.5527	1.0000	1.0000	0.1753
31zt04	1	6	1	0	2.0000	0.0000	1.0000	NaN	5.2038	5.9895	14.6842	279.2616	279.5628	1.0000	1.0000	0.1035
31zt04	1	7	1	0	1.0000	0.0000	-1.0000	0.2665	NaN	NaN	NaN	281.9980	282.3262	1.0000	0.0000	0.1156
31zt04	1	7	1	0	2.0000	0.0000	-1.0000	NaN	1.2122	-0.2071	14.4162	282.9519	283.2532	0.0000	1.0000	0.0107
31zt04	1	8	1	0	1.0000	0.0000	1.0000	0.5979	NaN	NaN	NaN	285.5307	285.8608	1.0000	1.0000	0.1151
31zt04	1	8	1	0	2.0000	0.0000	1.0000	NaN	6.2275	8.4043	15.9902	286.5511	286.8521	1.0000	1.0000	0.2199
31zt04	1	9	1	0	1.0000	0.0000	1.0000	0.3897	NaN	NaN	NaN	289.4875	289.8176	1.0000	1.0000	0.3602
31zt04	1	9	1	0	2.0000	0.0000	1.0000	NaN	1.9068	1.0266	15.0754	290.7018	291.0031	1.0000	1.0000	0.0092
31zt04	1	10	1	0	1.0000	0.0000	-1.0000	0.0911	NaN	NaN	NaN	293.2279	293.5627	0.0000	1.0000	0.2772
31zt04	1	10	1	0	2.0000	0.0000	1.0000	NaN	4.5459	5.0174	15.5544	294.3889	294.6900	1.0000	1.0000	0.0236
31zt04	1	11	1	0	1.0000	0.0000	1.0000	0.6967	NaN	NaN	NaN	296.8850	297.2144	1.0000	1.0000	0.1319
31zt04	1	11	1	0	2.0000	0.0000	1.0000	NaN	4.5978	6.9522	13.4516	297.9406	298.2417	1.0000	1.0000	0.0083
31zt04	1	12	1	0	1.0000	0.0000	1.0000	0.4170	NaN	NaN	NaN	300.5171	300.8468	1.0000	1.0000	0.0812
31zt04	1	12	1	0	2.0000	0.0000	1.0000	NaN	1.6250	2.2565	15.7673	301.4852	301.7862	1.0000	1.0000	0.0938
31zt04	1	13	1	0	1.0000	0.0000	-1.0000	0.0326	NaN	NaN	NaN	304.2132	304.5436	1.0000	0.0000	0.3382
31zt04	1	13	1	0	2.0000	0.0000	-1.0000	NaN	4.4274	-5.7932	15.2834	305.4457	305.7467	0.0000	1.0000	0.1984
31zt04	1	14	1	0	1.0000	0.0000	-1.0000	0.6948	NaN	NaN	NaN	308.0411	308.3699	0.0000	1.0000	0.1829
31zt04	1	14	1	0	2.0000	0.0000	1.0000	NaN	5.9808	6.9569	14.7446	309.1577	309.4587	1.0000	1.0000	0.0083
31zt04	1	15	1	0	1.0000	0.0000	-1.0000	0.0542	NaN	NaN	NaN	311.8486	312.1776	1.0000	0.0000	0.2240
31zt04	1	15	1	0	2.0000	0.0000	-1.0000	NaN	1.3972	-4.2576	13.4501	312.9817	313.2831	0.0000	1.0000	0.1511
31zt04	1	16	1	0	1.0000	0.0000	1.0000	0.1978	NaN	NaN	NaN	315.8799	316.2081	1.0000	1.0000	0.1198
31zt04	1	16	1	0	2.0000	0.0000	1.0000	NaN	0.2409	0.4378	16.1066	316.8926	317.1938	1.0000	1.0000	0.1187
31zt04	1	17	1	0	1.0000	0.0000	-1.0000	0.5949	NaN	NaN	NaN	319.5444	319.8729	0.0000	1.0000	0.1534
31zt04	1	17	1	0	2.0000	0.0000	1.0000	NaN	2.0687	1.0082	15.3920	320.5976	320.8987	1.0000	1.0000	0.1011
31zt04	1	18	1	0	1.0000	0.0000	1.0000	0.6951	NaN	NaN	NaN	323.3574	323.6867	1.0000	1.0000	0.1314
31zt04	1	18	1	0	2.0000	0.0000	1.0000	NaN	0.5364	0.6192	14.2412	324.4144	324.7157	0.0000	0.0000	0.2138
31zt04	1	19	1	0	1.0000	0.0000	1.0000	0.2428	NaN	NaN	NaN	328.1590	328.4867	1.0000	1.0000	0.3867
31zt04	1	19	1	0	2.0000	0.0000	1.0000	NaN	3.4902	2.7374	15.1179	329.4535	329.7544	0.0000	0.0000	0.3416
31zt04	1	20	1	0	1.0000	0.0000	-1.0000	0.8754	NaN	NaN	NaN	332.1036	332.4342	0.0000	1.0000	0.2002
31zt04	1	20	1	0	2.0000	0.0000	1.0000	NaN	4.0870	3.3000	16.0994	333.1963	333.4973	1.0000	1.0000	0.0726
31zt04	1	21	1	0	1.0000	0.0000	-1.0000	0.7011	NaN	NaN	NaN	335.4679	335.7954	0.0000	1.0000	0.1669
31zt04	1	21	1	0	2.0000	0.0000	1.0000	NaN	5.2569	5.1418	13.8449	336.5015	336.8029	1.0000	1.0000	0.0088
31zt04	1	22	1	0	1.0000	0.0000	1.0000	0.8687	NaN	NaN	NaN	338.9847	339.3152	1.0000	1.0000	0.0608
31zt04	1	22	1	0	2.0000	0.0000	1.0000	NaN	0.6661	2.1325	12.5011	339.9084	340.2096	1.0000	1.0000	0.1275
31zt04	1	23	1	0	1.0000	0.0000	-1.0000	0.2085	NaN	NaN	NaN	342.5187	342.8468	0.0000	1.0000	0.3852
31zt04	1	23	1	0	2.0000	0.0000	1.0000	NaN	4.4573	3.4258	15.5329	343.7826	344.0836	1.0000	1.0000	0.0085
31zt04	1	24	1	0	1.0000	0.0000	-1.0000	0.6352	NaN	NaN	NaN	346.3326	346.6622	0.0000	1.0000	0.0829
31zt04	1	24	1	0	2.0000	0.0000	1.0000	NaN	2.2237	0.7295	15.4363	347.2695	347.5705	1.0000	1.0000	0.0695
31zt04	1	25	1	0	1.0000	0.0000	1.0000	0.0252	NaN	NaN	NaN	349.6721	349.9998	0.0000	0.0000	0.0582
31zt04	1	25	1	0	2.0000	0.0000	-1.0000	NaN	6.6444	-5.6244	16.1065	350.6209	350.9221	1.0000	0.0000	0.0320
31zt04	1	26	1	0	1.0000	0.0000	-1.0000	0.9133	NaN	NaN	NaN	353.6792	354.0074	0.0000	1.0000	0.1367
31zt04	1	26	1	0	2.0000	0.0000	1.0000	NaN	1.2021	2.7188	15.3542	354.7086	355.0099	1.0000	1.0000	0.0556
31zt04	1	27	1	0	1.0000	0.0000	1.0000	0.5466	NaN	NaN	NaN	357.3457	357.6744	1.0000	1.0000	0.1507
31zt04	1	27	1	0	2.0000	0.0000	1.0000	NaN	3.3587	3.3755	17.1177	358.3900	358.6910	1.0000	1.0000	0.1831
31zt04	1	28	1	0	1.0000	0.0000	-1.0000	0.1925	NaN	NaN	NaN	361.1537	361.4830	0.0000	1.0000	0.4688
31zt04	1	28	1	0	2.0000	0.0000	1.0000	NaN	0.9710	1.1533	13.3846	362.5335	362.8350	1.0000	1.0000	0.0704
31zt04	1	29	1	0	1.0000	0.0000	-1.0000	0.2348	NaN	NaN	NaN	364.9110	365.2428	0.0000	1.0000	0.2052
31zt04	1	29	1	0	2.0000	0.0000	1.0000	NaN	2.7862	1.9041	13.2377	366.0038	366.3051	1.0000	1.0000	0.0086
31zt04	1	30	1	0	1.0000	0.0000	-1.0000	0.4561	NaN	NaN	NaN	368.8355	369.1634	0.0000	1.0000	0.1666
31zt04	1	30	1	0	2.0000	0.0000	1.0000	NaN	0.8021	0.8729	15.0231	369.8937	370.1947	1.0000	1.0000	0.1276
31zt04	1	31	1	0	1.0000	0.0000	-1.0000	0.9293	NaN	NaN	NaN	372.2082	372.5362	0.0000	1.0000	0.1060
31zt04	1	31	1	0	2.0000	0.0000	1.0000	NaN	2.7611	5.3713	14.8810	373.2372	373.5384	1.0000	1.0000	0.0155
31zt04	1	32	1	0	1.0000	0.0000	1.0000	0.7689	NaN	NaN	NaN	375.8425	376.1707	1.0000	1.0000	0.1277
31zt04	1	32	1	0	2.0000	0.0000	1.0000	NaN	1.3195	2.2884	12.7576	376.8632	377.1644	1.0000	1.0000	0.0765
31zt04	1	33	1	0	1.0000	0.0000	-1.0000	0.1757	NaN	NaN	NaN	379.5569	379.8839	0.0000	1.0000	0.1240
31zt04	1	33	1	0	2.0000	0.0000	1.0000	NaN	1.6484	1.9102	14.7900	380.5735	380.8745	1.0000	1.0000	0.0083
31zt04	1	34	1	0	1.0000	0.0000	-1.0000	0.0924	NaN	NaN	NaN	383.1731	383.5014	0.0000	1.0000	0.2207
31zt04	1	34	1	0	2.0000	0.0000	1.0000	NaN	0.0617	0.6210	16.2668	384.2947	384.5958	1.0000	1.0000	0.0083
31zt04	1	35	1	0	1.0000	0.0000	-1.0000	0.6074	NaN	NaN	NaN	386.5256	386.8561	0.0000	1.0000	0.0652
31zt04	1	35	1	0	2.0000	0.0000	1.0000	NaN	1.5127	3.0276	14.2865	387.5005	387.8015	1.0000	1.0000	0.0083
31zt04	1	36	1	0	1.0000	0.0000	1.0000	0.1088	NaN	NaN	NaN	390.0109	390.3385	1.0000	1.0000	0.3036
31zt04	1	36	1	0	2.0000	0.0000	1.0000	NaN	4.9842	5.5926	14.7647	391.1813	391.4824	1.0000	1.0000	0.0088
31zt04	1	37	1	0	1.0000	0.0000	-1.0000	0.8181	NaN	NaN	NaN	393.9493	394.2786	0.0000	1.0000	0.0253
31zt04	1	37	1	0	2.0000	0.0000	1.0000	NaN	6.4498	6.1627	13.4249	394.8848	395.1861	1.0000	1.0000	0.0082
31zt04	1	38	1	0	1.0000	0.0000	-1.0000	0.2400	NaN	NaN	NaN	397.1783	397.5069	1.0000	0.0000	0.3989
31zt04	1	38	1	0	2.0000	0.0000	-1.0000	NaN	3.2919	-0.8090	16.0796	398.4704	398.7716	1.0000	0.0000	0.0783
31zt04	1	39	1	0	1.0000	0.0000	1.0000	0.4854	NaN	NaN	NaN	401.1312	401.4593	1.0000	1.0000	0.1431
31zt04	1	39	1	0	2.0000	0.0000	1.0000	NaN	6.3136	4.6202	15.6708	402.1734	402.4744	1.0000	1.0000	0.0637
31zt04	1	40	1	0	1.0000	0.0000	1.0000	0.9595	NaN	NaN	NaN	404.9272	405.2560	1.0000	1.0000	0.1377
31zt04	1	40	1	0	2.0000	0.0000	1.0000	NaN	5.1733	5.4529	15.1830	405.9415	406.2426	1.0000	1.0000	0.1174
31zt04	1	41	1	0	1.0000	0.0000	1.0000	0.8759	NaN	NaN	NaN	409.0166	409.3447	1.0000	1.0000	0.0333
31zt04	1	41	1	0	2.0000	0.0000	1.0000	NaN	4.3403	2.4746	15.7944	409.9405	410.2417	1.0000	1.0000	0.0237
31zt04	1	42	1	0	1.0000	0.0000	-1.0000	0.1455	NaN	NaN	NaN	412.4802	412.8098	0.0000	1.0000	0.3683
31zt04	1	42	1	0	2.0000	0.0000	1.0000	NaN	1.0735	3.5027	14.0955	413.7100	414.0110	1.0000	1.0000	0.0095
31zt04	1	43	1	0	1.0000	0.0000	-1.0000	0.9106	NaN	NaN	NaN	416.0091	416.3385	0.0000	1.0000	0.1997
31zt04	1	43	1	0	2.0000	0.0000	1.0000	NaN	1.4346	2.0979	16.1521	417.1181	417.4193	1.0000	1.0000	0.0085
31zt04	1	44	1	0	1.0000	0.0000	-1.0000	0.9841	NaN	NaN	NaN	419.3399	419.6738	0.0000	1.0000	0.0792
31zt04	1	44	1	0	2.0000	0.0000	1.0000	NaN	1.3188	0.8503	15.7526	420.3331	420.6346	1.0000	1.0000	0.0090
31zt04	1	45	1	0	1.0000	0.0000	-1.0000	0.1209	NaN	NaN	NaN	423.0746	423.4022	1.0000	0.0000	0.3897
31zt04	1	45	1	0	2.0000	0.0000	-1.0000	NaN	6.8061	-5.6871	15.7740	424.3580	424.6590	1.0000	0.0000	0.0628
31zt04	1	46	1	0	1.0000	0.0000	1.0000	0.7378	NaN	NaN	NaN	426.8020	427.1299	1.0000	1.0000	0.1100
31zt04	1	46	1	0	2.0000	0.0000	1.0000	NaN	0.5002	2.2404	14.3462	427.7803	428.0815	1.0000	1.0000	0.1288
31zt04	1	47	1	0	1.0000	0.0000	-1.0000	0.1280	NaN	NaN	NaN	430.0484	430.3765	0.0000	1.0000	0.2394
31zt04	1	47	1	0	2.0000	0.0000	1.0000	NaN	7.8820	10.0895	15.1978	431.1896	431.4906	1.0000	1.0000	0.0235
31zt04	1	48	1	0	1.0000	0.0000	1.0000	0.7802	NaN	NaN	NaN	433.7364	434.0643	1.0000	1.0000	0.0898
31zt04	1	48	1	0	2.0000	0.0000	1.0000	NaN	0.6400	0.3461	14.8393	434.7102	435.0113	1.0000	1.0000	0.1332
31zt04	1	49	1	0	1.0000	0.0000	-1.0000	0.7655	NaN	NaN	NaN	437.5192	437.8484	0.0000	1.0000	0.1374
31zt04	1	49	1	0	2.0000	0.0000	1.0000	NaN	1.4884	0.0178	16.1128	438.5968	438.8979	1.0000	1.0000	0.0085
31zt04	1	50	1	0	1.0000	0.0000	-1.0000	0.1465	NaN	NaN	NaN	441.1632	441.4914	1.0000	0.0000	0.3726
31zt04	1	50	1	0	2.0000	0.0000	-1.0000	NaN	1.4916	-1.7031	13.7493	442.4204	442.7215	1.0000	0.0000	0.1997
31zt04	2	1	1	0	1.0000	0.0000	1.0000	0.4538	NaN	NaN	NaN	445.7947	446.1230	1.0000	1.0000	0.0789
31zt04	2	1	1	0	2.0000	0.0000	1.0000	NaN	3.4112	4.1348	14.1578	446.7574	447.0583	1.0000	1.0000	0.1038
31zt04	2	2	1	0	1.0000	0.0000	1.0000	0.4452	NaN	NaN	NaN	449.3602	449.6872	1.0000	1.0000	0.0654
31zt04	2	2	1	0	2.0000	0.0000	1.0000	NaN	0.9777	2.4274	13.6089	450.3006	450.6016	1.0000	1.0000	0.0944
31zt04	2	3	1	0	1.0000	0.0000	1.0000	0.7856	NaN	NaN	NaN	452.5282	452.8565	1.0000	1.0000	0.0956
31zt04	2	3	1	0	2.0000	0.0000	1.0000	NaN	4.0502	1.2190	13.7782	453.5004	453.8016	1.0000	1.0000	0.0083
31zt04	2	4	1	0	1.0000	0.0000	1.0000	0.0046	NaN	NaN	NaN	455.8676	456.1956	1.0000	1.0000	0.4220
31zt04	2	4	1	0	2.0000	0.0000	1.0000	NaN	6.1135	5.6894	14.9577	457.1652	457.4664	1.0000	1.0000	0.0084
31zt04	2	5	1	0	1.0000	0.0000	-1.0000	0.6713	NaN	NaN	NaN	459.7135	460.0420	0.0000	1.0000	0.1759
31zt04	2	5	1	0	2.0000	0.0000	1.0000	NaN	3.4606	3.9646	13.8053	460.8219	461.1232	1.0000	1.0000	0.0084
31zt04	2	6	1	0	1.0000	0.0000	1.0000	0.2428	NaN	NaN	NaN	463.2989	463.6290	1.0000	1.0000	0.1550
31zt04	2	6	1	0	2.0000	0.0000	1.0000	NaN	7.2378	6.6373	14.6579	464.3889	464.6899	1.0000	1.0000	0.0082
31zt04	2	7	1	0	1.0000	0.0000	-1.0000	0.4228	NaN	NaN	NaN	466.8827	467.2114	0.0000	1.0000	0.2148
31zt04	2	7	1	0	2.0000	0.0000	1.0000	NaN	4.3223	3.5258	16.1191	468.0048	468.3061	1.0000	1.0000	0.0239
31zt04	2	8	1	0	1.0000	0.0000	-1.0000	0.4899	NaN	NaN	NaN	470.5840	470.9120	0.0000	1.0000	0.1760
31zt04	2	8	1	0	2.0000	0.0000	1.0000	NaN	1.3248	2.9427	13.1040	471.6537	471.9548	1.0000	1.0000	0.2150
31zt04	2	9	1	0	1.0000	0.0000	-1.0000	0.9009	NaN	NaN	NaN	474.2091	474.5388	0.0000	1.0000	0.9435
31zt04	2	9	1	0	2.0000	0.0000	1.0000	NaN	4.5336	3.9426	15.5100	476.0287	476.3297	1.0000	1.0000	0.8622
31zt04	2	10	1	0	1.0000	0.0000	1.0000	0.7184	NaN	NaN	NaN	479.3401	479.6697	1.0000	1.0000	0.1303
31zt04	2	10	1	0	2.0000	0.0000	1.0000	NaN	7.6419	8.7585	16.0574	480.3728	480.6738	1.0000	1.0000	0.6541
31zt04	2	11	1	0	1.0000	0.0000	-1.0000	0.1111	NaN	NaN	NaN	483.5695	483.8988	0.0000	1.0000	0.8632
31zt04	2	11	1	0	2.0000	0.0000	1.0000	NaN	2.0359	1.0749	14.2335	485.3328	485.6341	1.0000	1.0000	0.2068
31zt04	2	12	1	0	1.0000	0.0000	-1.0000	0.1518	NaN	NaN	NaN	488.1478	488.4769	1.0000	0.0000	0.3805
31zt04	2	12	1	0	2.0000	0.0000	-1.0000	NaN	6.1688	-5.5108	15.7806	489.4456	489.7467	0.0000	1.0000	0.5272
31zt04	2	13	1	0	1.0000	0.0000	1.0000	0.9283	NaN	NaN	NaN	492.5033	492.8319	1.0000	1.0000	0.1061
31zt04	2	13	1	0	2.0000	0.0000	1.0000	NaN	4.5765	4.2944	14.3245	493.4999	493.8011	1.0000	1.0000	1.0167
31zt04	2	14	1	0	1.0000	0.0000	-1.0000	0.0119	NaN	NaN	NaN	497.3655	497.6947	1.0000	0.0000	0.8110
31zt04	2	14	1	0	2.0000	0.0000	-1.0000	NaN	2.6596	-2.9568	15.2818	499.0604	499.3614	0.0000	1.0000	0.1667
31zt04	2	15	1	0	1.0000	0.0000	1.0000	0.4876	NaN	NaN	NaN	501.7853	502.1131	1.0000	1.0000	0.4157
31zt04	2	15	1	0	2.0000	0.0000	1.0000	NaN	6.0665	5.4105	14.2748	503.1005	503.4015	1.0000	1.0000	0.3764
31zt04	2	16	1	0	1.0000	0.0000	1.0000	0.7210	NaN	NaN	NaN	506.1342	506.4615	1.0000	1.0000	0.2025
31zt04	2	16	1	0	2.0000	0.0000	1.0000	NaN	4.1221	5.1756	13.7738	507.1744	507.4755	1.0000	1.0000	0.6136
31zt04	2	17	1	0	1.0000	0.0000	-1.0000	0.0688	NaN	NaN	NaN	510.3702	510.6996	0.0000	1.0000	0.3326
31zt04	2	17	1	0	2.0000	0.0000	1.0000	NaN	2.5214	1.5958	14.1211	511.6070	511.9082	1.0000	1.0000	0.5734
31zt04	2	18	1	0	1.0000	0.0000	1.0000	0.7757	NaN	NaN	NaN	515.0883	515.4186	1.0000	1.0000	0.3975
31zt04	2	18	1	0	2.0000	0.0000	1.0000	NaN	3.8404	3.7430	16.1419	516.3882	516.6894	0.0000	0.0000	0.5046
31zt04	2	19	1	0	1.0000	0.0000	-1.0000	0.9234	NaN	NaN	NaN	519.3514	519.6797	0.0000	1.0000	0.3043
31zt04	2	19	1	0	2.0000	0.0000	1.0000	NaN	3.3940	3.4650	14.2649	520.5326	520.8336	1.0000	1.0000	0.5288
31zt04	2	20	1	0	1.0000	0.0000	-1.0000	0.3395	NaN	NaN	NaN	523.6503	523.9782	0.0000	1.0000	0.2320
31zt04	2	20	1	0	2.0000	0.0000	1.0000	NaN	7.5076	7.7164	14.5786	524.7894	525.0904	1.0000	1.0000	0.1676
31zt04	2	21	1	0	1.0000	0.0000	1.0000	0.7386	NaN	NaN	NaN	527.6558	527.9821	1.0000	1.0000	0.1860
31zt04	2	21	1	0	2.0000	0.0000	1.0000	NaN	4.6230	3.5985	14.7050	528.7326	529.0336	1.0000	1.0000	0.4884
31zt04	2	22	1	0	1.0000	0.0000	1.0000	0.6999	NaN	NaN	NaN	531.3445	531.6728	1.0000	1.0000	0.2312
31zt04	2	22	1	0	2.0000	0.0000	1.0000	NaN	5.0375	6.3625	15.6537	532.4522	532.7533	1.0000	1.0000	0.3034
31zt04	2	23	1	0	1.0000	0.0000	1.0000	0.2290	NaN	NaN	NaN	535.4557	535.7837	1.0000	1.0000	0.3524
31zt04	2	23	1	0	2.0000	0.0000	1.0000	NaN	5.0644	5.6584	16.2717	536.6757	536.9771	1.0000	1.0000	0.4869
31zt04	2	24	1	0	1.0000	0.0000	1.0000	0.0594	NaN	NaN	NaN	539.8884	540.2159	1.0000	1.0000	0.2027
31zt04	2	24	1	0	2.0000	0.0000	1.0000	NaN	2.4915	2.4751	14.5512	540.9968	541.2978	1.0000	1.0000	0.3042
31zt04	2	25	1	0	1.0000	0.0000	-1.0000	0.3517	NaN	NaN	NaN	544.1222	544.4514	0.0000	1.0000	0.3027
31zt04	2	25	1	0	2.0000	0.0000	1.0000	NaN	6.5546	7.4632	14.9857	545.3391	545.6402	1.0000	1.0000	0.4660
31zt04	2	26	1	0	1.0000	0.0000	-1.0000	0.0971	NaN	NaN	NaN	548.5274	548.8555	0.0000	1.0000	0.2485
31zt04	2	26	1	0	2.0000	0.0000	1.0000	NaN	6.4965	7.0544	14.1628	549.7009	550.0019	1.0000	1.0000	0.4381
31zt04	2	27	1	0	1.0000	0.0000	1.0000	0.2187	NaN	NaN	NaN	552.6711	552.9983	1.0000	1.0000	0.1480
31zt04	2	27	1	0	2.0000	0.0000	1.0000	NaN	0.8347	0.2785	14.7091	553.7171	554.0182	0.0000	0.0000	0.6642
31zt04	2	28	1	0	1.0000	0.0000	1.0000	0.7547	NaN	NaN	NaN	557.3184	557.6481	1.0000	1.0000	0.3542
31zt04	2	28	1	0	2.0000	0.0000	1.0000	NaN	2.1776	3.4743	15.7976	558.5671	558.8681	0.0000	0.0000	0.4059
31zt04	2	29	1	0	1.0000	0.0000	1.0000	0.9899	NaN	NaN	NaN	561.7717	562.1016	1.0000	1.0000	0.1158
31zt04	2	29	1	0	2.0000	0.0000	1.0000	NaN	4.0584	5.0563	15.7494	562.7964	563.0975	1.0000	1.0000	0.5358
31zt04	2	30	1	0	1.0000	0.0000	1.0000	0.0521	NaN	NaN	NaN	565.9056	566.2352	1.0000	1.0000	0.3183
31zt04	2	30	1	0	2.0000	0.0000	1.0000	NaN	7.3465	8.1255	16.1769	567.1485	567.4498	1.0000	1.0000	0.2394
31zt04	2	31	1	0	1.0000	0.0000	-1.0000	0.4889	NaN	NaN	NaN	570.2694	570.5986	0.0000	1.0000	0.2342
31zt04	2	31	1	0	2.0000	0.0000	1.0000	NaN	4.9234	6.0200	13.9041	571.4377	571.7387	1.0000	1.0000	0.1753
31zt04	2	32	1	0	1.0000	0.0000	1.0000	0.5497	NaN	NaN	NaN	574.1277	574.4591	1.0000	1.0000	0.0609
31zt04	2	32	1	0	2.0000	0.0000	1.0000	NaN	7.2360	8.2065	15.7281	575.0773	575.3786	1.0000	1.0000	0.2458
31zt04	2	33	1	0	1.0000	0.0000	1.0000	0.0103	NaN	NaN	NaN	577.7979	578.1266	1.0000	1.0000	0.6345
31zt04	2	33	1	0	2.0000	0.0000	1.0000	NaN	0.3822	1.7213	14.9457	579.2927	579.5937	1.0000	1.0000	0.5441
31zt04	2	34	1	0	1.0000	0.0000	-1.0000	0.6491	NaN	NaN	NaN	582.3673	582.6965	0.0000	1.0000	0.1540
31zt04	2	34	1	0	2.0000	0.0000	1.0000	NaN	5.7727	6.2452	13.9913	583.4523	583.7535	1.0000	1.0000	0.4167
31zt04	2	35	1	0	1.0000	0.0000	-1.0000	0.6538	NaN	NaN	NaN	586.1583	586.4870	0.0000	1.0000	0.1474
31zt04	2	35	1	0	2.0000	0.0000	1.0000	NaN	5.9101	4.3787	13.7251	587.2375	587.5385	1.0000	1.0000	0.1592
31zt04	2	36	1	0	1.0000	0.0000	-1.0000	0.0616	NaN	NaN	NaN	589.7447	590.0744	0.0000	1.0000	0.7362
31zt04	2	36	1	0	2.0000	0.0000	1.0000	NaN	6.1550	7.4277	14.9600	591.3970	591.6982	1.0000	1.0000	0.2320
31zt04	2	37	1	0	1.0000	0.0000	-1.0000	0.4456	NaN	NaN	NaN	594.2601	594.5878	0.0000	1.0000	0.1323
31zt04	2	37	1	0	2.0000	0.0000	1.0000	NaN	5.0989	3.4260	15.7301	595.2938	595.5948	1.0000	1.0000	0.6452
31zt04	2	38	1	0	1.0000	0.0000	1.0000	0.6456	NaN	NaN	NaN	598.1136	598.4414	1.0000	1.0000	0.4071
31zt04	2	38	1	0	2.0000	0.0000	1.0000	NaN	3.7826	2.9729	16.6072	599.4218	599.7230	0.0000	0.0000	0.4951
31zt04	2	39	1	0	1.0000	0.0000	1.0000	0.9344	NaN	NaN	NaN	602.6619	602.9905	1.0000	1.0000	0.3471
31zt04	2	39	1	0	2.0000	0.0000	1.0000	NaN	7.7662	8.2379	15.2875	603.9090	604.2100	1.0000	1.0000	0.5347
31zt04	2	40	1	0	1.0000	0.0000	-1.0000	0.0538	NaN	NaN	NaN	606.9253	607.2539	0.0000	1.0000	0.4279
31zt04	2	40	1	0	2.0000	0.0000	1.0000	NaN	3.4848	3.5857	15.1125	608.2756	608.5767	1.0000	1.0000	0.2175
31zt04	2	41	1	0	1.0000	0.0000	1.0000	0.4299	NaN	NaN	NaN	610.7985	611.1264	1.0000	1.0000	0.5537
31zt04	2	41	1	0	2.0000	0.0000	1.0000	NaN	7.0038	8.1132	14.9224	612.2624	612.5635	1.0000	1.0000	0.3965
31zt04	2	42	1	0	1.0000	0.0000	-1.0000	0.4607	NaN	NaN	NaN	615.3422	615.6726	0.0000	1.0000	0.2654
31zt04	2	42	1	0	2.0000	0.0000	1.0000	NaN	7.7444	8.9433	14.8662	616.5246	616.8255	1.0000	1.0000	0.1446
31zt04	2	43	1	0	1.0000	0.0000	-1.0000	0.6555	NaN	NaN	NaN	619.6170	619.9443	0.0000	1.0000	0.1523
31zt04	2	43	1	0	2.0000	0.0000	1.0000	NaN	0.8659	2.8385	14.1642	620.6852	620.9863	1.0000	1.0000	0.4242
31zt04	2	44	1	0	1.0000	0.0000	-1.0000	0.6555	NaN	NaN	NaN	623.7407	624.0677	0.0000	1.0000	0.0782
31zt04	2	44	1	0	2.0000	0.0000	1.0000	NaN	1.3505	0.4133	15.4062	624.7489	625.0504	1.0000	1.0000	0.2617
31zt04	2	45	1	0	1.0000	0.0000	1.0000	0.3134	NaN	NaN	NaN	627.6352	627.9631	1.0000	1.0000	0.4869
31zt04	2	45	1	0	2.0000	0.0000	1.0000	NaN	1.3112	0.8318	13.5302	629.0135	629.3146	1.0000	1.0000	0.3095
31zt04	2	46	1	0	1.0000	0.0000	1.0000	0.2362	NaN	NaN	NaN	631.7891	632.1176	0.0000	0.0000	0.0924
31zt04	2	46	1	0	2.0000	0.0000	-1.0000	NaN	0.9419	-0.0278	15.8023	632.8132	633.1146	1.0000	0.0000	0.4315
31zt04	2	47	1	0	1.0000	0.0000	-1.0000	0.0196	NaN	NaN	NaN	635.9971	636.3255	1.0000	0.0000	0.2923
31zt04	2	47	1	0	2.0000	0.0000	-1.0000	NaN	2.6102	-1.8824	15.7282	637.1890	637.4902	1.0000	0.0000	0.3180
31zt04	2	48	1	0	1.0000	0.0000	1.0000	0.8055	NaN	NaN	NaN	639.9077	640.2373	1.0000	1.0000	0.2594
31zt04	2	48	1	0	2.0000	0.0000	1.0000	NaN	4.5499	6.7225	14.5620	641.0528	641.3538	1.0000	1.0000	0.3375
31zt04	2	49	1	0	1.0000	0.0000	-1.0000	0.2060	NaN	NaN	NaN	644.0444	644.3723	0.0000	1.0000	0.1735
31zt04	2	49	1	0	2.0000	0.0000	1.0000	NaN	0.6837	0.4900	15.7056	645.1338	645.4348	1.0000	1.0000	0.1747
31zt04	2	50	1	0	1.0000	0.0000	1.0000	0.2238	NaN	NaN	NaN	647.9311	648.2598	1.0000	1.0000	0.3643
31zt04	2	50	1	0	2.0000	0.0000	1.0000	NaN	5.9269	7.1528	14.3993	649.2061	649.5071	1.0000	1.0000	0.3586
31zt04	3	1	1	0	1.0000	0.0000	-1.0000	0.1279	NaN	NaN	NaN	652.7710	653.1021	1.0000	0.0000	0.4599
31zt04	3	1	1	0	2.0000	0.0000	-1.0000	NaN	4.3355	-2.9545	14.4195	654.1099	654.4111	1.0000	0.0000	0.6370
31zt04	3	2	1	0	1.0000	0.0000	-1.0000	0.1683	NaN	NaN	NaN	657.4729	657.8007	1.0000	0.0000	0.4094
31zt04	3	2	1	0	2.0000	0.0000	-1.0000	NaN	1.5483	-0.8980	13.8787	658.7553	659.0565	0.0000	1.0000	0.2890
31zt04	3	3	1	0	1.0000	0.0000	-1.0000	0.3909	NaN	NaN	NaN	661.8585	662.1877	0.0000	1.0000	0.3004
31zt04	3	3	1	0	2.0000	0.0000	1.0000	NaN	6.5590	9.2315	13.7296	663.0928	663.3938	1.0000	1.0000	0.1263
31zt04	3	4	1	0	1.0000	0.0000	1.0000	0.4177	NaN	NaN	NaN	665.5372	665.8658	1.0000	1.0000	0.3270
31zt04	3	4	1	0	2.0000	0.0000	1.0000	NaN	7.7555	7.2296	13.5101	666.7341	667.0353	1.0000	1.0000	0.4140
31zt04	3	5	1	0	1.0000	0.0000	1.0000	0.8790	NaN	NaN	NaN	669.2889	669.6169	1.0000	1.0000	0.2167
31zt04	3	5	1	0	2.0000	0.0000	1.0000	NaN	7.8018	8.7283	15.0089	670.3878	670.6890	1.0000	1.0000	0.2871
31zt04	3	6	1	0	1.0000	0.0000	-1.0000	0.4218	NaN	NaN	NaN	673.0165	673.3467	0.0000	1.0000	0.2214
31zt04	3	6	1	0	2.0000	0.0000	1.0000	NaN	7.2245	7.2629	15.5737	674.1409	674.4425	1.0000	1.0000	0.1337
31zt04	3	7	1	0	1.0000	0.0000	1.0000	0.2607	NaN	NaN	NaN	676.7179	677.0454	0.0000	0.0000	0.2667
31zt04	3	7	1	0	2.0000	0.0000	-1.0000	NaN	4.6890	-4.8122	14.2578	677.8619	678.1630	0.0000	1.0000	0.1428
31zt04	3	8	1	0	1.0000	0.0000	-1.0000	0.1909	NaN	NaN	NaN	680.6610	680.9886	1.0000	0.0000	0.4275
31zt04	3	8	1	0	2.0000	0.0000	-1.0000	NaN	3.3786	-3.5966	13.7203	681.9495	682.2511	0.0000	1.0000	0.3587
31zt04	3	9	1	0	1.0000	0.0000	-1.0000	0.0714	NaN	NaN	NaN	684.8398	685.1675	1.0000	0.0000	0.4418
31zt04	3	9	1	0	2.0000	0.0000	-1.0000	NaN	4.1154	-2.9220	15.8735	686.1813	686.4833	0.0000	1.0000	0.2127
31zt04	3	10	1	0	1.0000	0.0000	1.0000	0.6754	NaN	NaN	NaN	689.2273	689.5571	1.0000	1.0000	0.2524
31zt04	3	10	1	0	2.0000	0.0000	1.0000	NaN	3.6959	2.7724	14.8104	690.3717	690.6728	0.0000	0.0000	0.1612
31zt04	3	11	1	0	1.0000	0.0000	1.0000	0.2373	NaN	NaN	NaN	692.9229	693.2518	1.0000	1.0000	0.5564
31zt04	3	11	1	0	2.0000	0.0000	1.0000	NaN	3.6200	3.9871	14.3586	694.3813	694.6824	1.0000	1.0000	0.2555
31zt04	3	12	1	0	1.0000	0.0000	1.0000	0.8541	NaN	NaN	NaN	697.2095	697.5383	1.0000	1.0000	0.2217
31zt04	3	12	1	0	2.0000	0.0000	1.0000	NaN	2.7445	1.0778	15.7239	698.3327	698.6338	1.0000	1.0000	0.4724
31zt04	3	13	1	0	1.0000	0.0000	-1.0000	0.0809	NaN	NaN	NaN	701.6697	701.9968	1.0000	0.0000	0.3264
31zt04	3	13	1	0	2.0000	0.0000	-1.0000	NaN	6.1318	-6.1554	15.8522	702.8755	703.1767	0.0000	1.0000	0.3056
31zt04	3	14	1	0	1.0000	0.0000	-1.0000	0.7447	NaN	NaN	NaN	705.6364	705.9650	0.0000	1.0000	0.2291
31zt04	3	14	1	0	2.0000	0.0000	1.0000	NaN	1.4907	2.9201	14.7243	706.7830	707.0840	1.0000	1.0000	0.1721
31zt04	3	15	1	0	1.0000	0.0000	-1.0000	0.5469	NaN	NaN	NaN	709.4805	709.8088	0.0000	1.0000	0.2087
31zt04	3	15	1	0	2.0000	0.0000	1.0000	NaN	7.5540	7.4951	14.9398	710.5890	710.8901	1.0000	1.0000	0.2310
31zt04	3	16	1	0	1.0000	0.0000	1.0000	0.9058	NaN	NaN	NaN	713.3032	713.6313	1.0000	1.0000	0.2888
31zt04	3	16	1	0	2.0000	0.0000	1.0000	NaN	1.0018	2.4941	15.2449	714.5002	714.8014	1.0000	1.0000	0.3049
31zt04	3	17	1	0	1.0000	0.0000	1.0000	0.4501	NaN	NaN	NaN	717.2125	717.5396	1.0000	1.0000	0.1660
31zt04	3	17	1	0	2.0000	0.0000	1.0000	NaN	3.6190	3.1969	15.7980	718.2775	718.5786	1.0000	1.0000	0.3414
31zt04	3	18	1	0	1.0000	0.0000	1.0000	0.7720	NaN	NaN	NaN	721.3929	721.7215	1.0000	1.0000	0.1193
31zt04	3	18	1	0	2.0000	0.0000	1.0000	NaN	7.3595	6.6875	15.2451	722.4133	722.7150	1.0000	1.0000	0.3268
31zt04	3	19	1	0	1.0000	0.0000	-1.0000	0.7904	NaN	NaN	NaN	725.2967	725.6256	0.0000	1.0000	0.2317
31zt04	3	19	1	0	2.0000	0.0000	1.0000	NaN	7.4893	7.4385	14.3937	726.4371	726.7382	1.0000	1.0000	0.1999
31zt04	3	20	1	0	1.0000	0.0000	1.0000	0.0513	NaN	NaN	NaN	729.4355	729.7639	1.0000	1.0000	0.1337
31zt04	3	20	1	0	2.0000	0.0000	1.0000	NaN	0.5750	2.3459	12.7968	730.4539	730.7550	1.0000	1.0000	0.4712
31zt04	3	21	1	0	1.0000	0.0000	1.0000	0.1835	NaN	NaN	NaN	733.3220	733.6511	1.0000	1.0000	0.3654
31zt04	3	21	1	0	2.0000	0.0000	1.0000	NaN	2.9071	3.5674	14.3932	734.5973	734.8983	1.0000	1.0000	0.6718
31zt04	3	22	1	0	1.0000	0.0000	1.0000	0.7303	NaN	NaN	NaN	737.9853	738.3161	1.0000	1.0000	0.3259
31zt04	3	22	1	0	2.0000	0.0000	1.0000	NaN	3.8548	3.0567	15.1425	739.2373	739.5383	1.0000	1.0000	8.5484
31zt04	3	23	1	0	1.0000	0.0000	1.0000	0.9730	NaN	NaN	NaN	750.2749	750.6030	1.0000	1.0000	0.5745
31zt04	3	23	1	0	2.0000	0.0000	1.0000	NaN	5.1200	6.3640	13.8402	751.7893	752.0904	1.0000	1.0000	1.2781
31zt04	3	24	1	0	1.0000	0.0000	-1.0000	0.9597	NaN	NaN	NaN	755.6418	755.9702	0.0000	1.0000	0.2779
31zt04	3	24	1	0	2.0000	0.0000	1.0000	NaN	2.6854	4.3089	13.8803	756.8609	757.1619	1.0000	1.0000	0.6383
31zt04	3	25	1	0	1.0000	0.0000	-1.0000	0.1493	NaN	NaN	NaN	760.1986	760.5274	0.0000	1.0000	0.4737
31zt04	3	25	1	0	2.0000	0.0000	1.0000	NaN	2.0315	3.2123	14.1447	761.6052	761.9062	1.0000	1.0000	0.6139
31zt04	3	26	1	0	1.0000	0.0000	1.0000	0.2543	NaN	NaN	NaN	764.6594	764.9878	0.0000	0.0000	0.5582
31zt04	3	26	1	0	2.0000	0.0000	-1.0000	NaN	6.4241	-6.9333	15.2099	766.0855	766.3867	0.0000	1.0000	0.4792
31zt04	3	27	1	0	1.0000	0.0000	-1.0000	0.9884	NaN	NaN	NaN	769.3632	769.6906	0.0000	1.0000	0.2792
31zt04	3	27	1	0	2.0000	0.0000	1.0000	NaN	4.2600	4.0565	15.0104	770.5649	770.8659	1.0000	1.0000	0.9183
31zt04	3	28	1	0	1.0000	0.0000	-1.0000	0.2277	NaN	NaN	NaN	774.0347	774.3632	0.0000	1.0000	0.2139
31zt04	3	28	1	0	2.0000	0.0000	1.0000	NaN	3.4373	6.0940	15.2695	775.1981	775.4992	1.0000	1.0000	0.5349
31zt04	3	29	1	0	1.0000	0.0000	1.0000	0.8909	NaN	NaN	NaN	778.3470	778.6754	1.0000	1.0000	0.3428
31zt04	3	29	1	0	2.0000	0.0000	1.0000	NaN	2.6363	2.9563	15.1678	779.6134	779.9143	0.0000	0.0000	0.5178
31zt04	3	30	1	0	1.0000	0.0000	1.0000	0.9879	NaN	NaN	NaN	782.8383	783.1670	1.0000	1.0000	0.3635
31zt04	3	30	1	0	2.0000	0.0000	1.0000	NaN	1.3446	1.4753	14.7981	784.1007	784.4018	1.0000	1.0000	0.7689
31zt04	3	31	1	0	1.0000	0.0000	1.0000	0.1875	NaN	NaN	NaN	787.4925	787.8197	1.0000	1.0000	0.4226
31zt04	3	31	1	0	2.0000	0.0000	1.0000	NaN	2.0999	2.6829	15.8636	788.7884	789.0903	1.0000	1.0000	0.9601
31zt04	3	32	1	0	1.0000	0.0000	1.0000	0.6544	NaN	NaN	NaN	792.4456	792.7744	1.0000	1.0000	0.3458
31zt04	3	32	1	0	2.0000	0.0000	1.0000	NaN	3.2158	1.8041	15.5351	793.7023	794.0034	1.0000	1.0000	0.6466
31zt04	3	33	1	0	1.0000	0.0000	1.0000	0.1626	NaN	NaN	NaN	796.6897	797.0182	1.0000	1.0000	0.5898
31zt04	3	33	1	0	2.0000	0.0000	1.0000	NaN	0.9388	1.1450	15.6468	798.1358	798.4370	1.0000	1.0000	0.6129
31zt04	3	34	1	0	1.0000	0.0000	1.0000	0.7551	NaN	NaN	NaN	801.0977	801.4269	1.0000	1.0000	0.2693
31zt04	3	34	1	0	2.0000	0.0000	1.0000	NaN	2.9774	2.6499	16.2502	802.2686	802.5696	1.0000	1.0000	0.9846
31zt04	3	35	1	0	1.0000	0.0000	1.0000	0.1299	NaN	NaN	NaN	805.6916	806.0205	1.0000	1.0000	0.8036
31zt04	3	35	1	0	2.0000	0.0000	1.0000	NaN	4.4876	3.7090	13.8158	807.4137	807.7149	1.0000	1.0000	0.7833
31zt04	3	36	1	0	1.0000	0.0000	-1.0000	0.4427	NaN	NaN	NaN	810.8701	811.1982	0.0000	1.0000	0.2509
31zt04	3	36	1	0	2.0000	0.0000	1.0000	NaN	0.8414	1.3780	14.9709	812.0521	812.3531	1.0000	1.0000	1.1932
31zt04	3	37	1	0	1.0000	0.0000	1.0000	0.6609	NaN	NaN	NaN	816.0264	816.3541	1.0000	1.0000	0.3993
31zt04	3	37	1	0	2.0000	0.0000	1.0000	NaN	5.7572	6.0040	14.7438	817.3015	817.6025	1.0000	1.0000	0.9436
31zt04	3	38	1	0	1.0000	0.0000	1.0000	0.1002	NaN	NaN	NaN	820.8352	821.1637	1.0000	1.0000	0.6066
31zt04	3	38	1	0	2.0000	0.0000	1.0000	NaN	1.4052	2.2358	13.3194	822.3342	822.6353	1.0000	1.0000	0.6550
31zt04	3	39	1	0	1.0000	0.0000	1.0000	0.1844	NaN	NaN	NaN	825.5295	825.8566	1.0000	1.0000	0.3835
31zt04	3	39	1	0	2.0000	0.0000	1.0000	NaN	1.6728	1.6705	15.9196	826.8540	827.1549	1.0000	1.0000	0.8167
31zt04	3	40	1	0	1.0000	0.0000	1.0000	0.6952	NaN	NaN	NaN	830.3240	830.6521	1.0000	1.0000	0.4294
31zt04	3	40	1	0	2.0000	0.0000	1.0000	NaN	3.9376	4.2921	13.7241	831.6925	831.9939	1.0000	1.0000	0.8882
31zt04	3	41	1	0	1.0000	0.0000	-1.0000	0.7984	NaN	NaN	NaN	835.0877	835.4164	0.0000	1.0000	0.3118
31zt04	3	41	1	0	2.0000	0.0000	1.0000	NaN	7.4396	6.8390	15.9376	836.3015	836.6025	1.0000	1.0000	0.7434
31zt04	3	42	1	0	1.0000	0.0000	1.0000	0.3308	NaN	NaN	NaN	839.5348	839.8630	1.0000	1.0000	0.3231
31zt04	3	42	1	0	2.0000	0.0000	1.0000	NaN	7.0884	6.7645	15.7037	840.7891	841.0903	1.0000	1.0000	0.8238
31zt04	3	43	1	0	1.0000	0.0000	-1.0000	0.8929	NaN	NaN	NaN	844.1858	844.5142	0.0000	1.0000	0.1519
31zt04	3	43	1	0	2.0000	0.0000	1.0000	NaN	5.5479	6.5443	14.3481	845.2613	845.5623	1.0000	1.0000	0.5359
31zt04	3	44	1	0	1.0000	0.0000	-1.0000	0.3354	NaN	NaN	NaN	848.3946	848.7249	0.0000	1.0000	0.2131
31zt04	3	44	1	0	2.0000	0.0000	1.0000	NaN	5.3625	6.9761	15.5185	849.5170	849.8181	1.0000	1.0000	0.5909
31zt04	3	45	1	0	1.0000	0.0000	-1.0000	0.3986	NaN	NaN	NaN	852.6736	853.0018	0.0000	1.0000	0.1765
31zt04	3	45	1	0	2.0000	0.0000	1.0000	NaN	1.0566	1.5717	14.2970	853.7692	854.0703	1.0000	1.0000	0.5959
31zt04	3	46	1	0	1.0000	0.0000	1.0000	0.2621	NaN	NaN	NaN	857.1104	857.4401	1.0000	1.0000	0.2976
31zt04	3	46	1	0	2.0000	0.0000	1.0000	NaN	0.3507	0.3495	14.6367	858.3235	858.6251	1.0000	1.0000	0.9909
31zt04	3	47	1	0	1.0000	0.0000	-1.0000	0.5132	NaN	NaN	NaN	862.0982	862.4264	0.0000	1.0000	0.1898
31zt04	3	47	1	0	2.0000	0.0000	1.0000	NaN	3.1700	4.7461	15.5659	863.1736	863.4748	1.0000	1.0000	0.1734
31zt04	3	48	1	0	1.0000	0.0000	1.0000	0.0154	NaN	NaN	NaN	866.1554	866.4841	1.0000	1.0000	0.2700
31zt04	3	48	1	0	2.0000	0.0000	1.0000	NaN	0.3394	0.5228	14.8677	867.2841	867.5852	1.0000	1.0000	0.7851
31zt04	3	49	1	0	1.0000	0.0000	-1.0000	0.3658	NaN	NaN	NaN	870.5682	870.8974	0.0000	1.0000	0.5827
31zt04	3	49	1	0	2.0000	0.0000	1.0000	NaN	6.0235	6.1745	14.3767	872.0517	872.3529	1.0000	1.0000	0.5848
31zt04	3	50	1	0	1.0000	0.0000	-1.0000	0.5985	NaN	NaN	NaN	875.2085	875.5384	0.0000	1.0000	0.1600
31zt04	3	50	1	0	2.0000	0.0000	1.0000	NaN	3.7152	3.7116	14.8694	876.2616	876.5627	1.0000	1.0000	0.4227
31zt04	4	1	1	0	1.0000	0.0000	1.0000	0.3171	NaN	NaN	NaN	880.2936	880.6216	1.0000	1.0000	0.2195
31zt04	4	1	1	0	2.0000	0.0000	1.0000	NaN	7.4965	6.8767	15.8722	881.4132	881.7144	1.0000	1.0000	0.4957
31zt04	4	2	1	0	1.0000	0.0000	-1.0000	0.4243	NaN	NaN	NaN	884.6386	884.9678	0.0000	1.0000	0.1708
31zt04	4	2	1	0	2.0000	0.0000	1.0000	NaN	3.6363	3.7725	14.3351	885.7090	886.0101	1.0000	1.0000	0.5601
31zt04	4	3	1	0	1.0000	0.0000	-1.0000	0.4401	NaN	NaN	NaN	889.0250	889.3543	0.0000	1.0000	0.1603
31zt04	4	3	1	0	2.0000	0.0000	1.0000	NaN	4.1588	3.4837	13.8393	890.0767	890.3778	1.0000	1.0000	0.5184
31zt04	4	4	1	0	1.0000	0.0000	-1.0000	0.4893	NaN	NaN	NaN	893.2119	893.5402	0.0000	1.0000	0.1171
31zt04	4	4	1	0	2.0000	0.0000	1.0000	NaN	2.6643	3.1973	14.2345	894.2370	894.5380	1.0000	1.0000	0.4301
31zt04	4	5	1	0	1.0000	0.0000	1.0000	0.4509	NaN	NaN	NaN	897.0253	897.3542	1.0000	1.0000	0.2479
31zt04	4	5	1	0	2.0000	0.0000	1.0000	NaN	4.3155	4.2310	15.3396	898.1570	898.4580	1.0000	1.0000	0.6301
31zt04	4	6	1	0	1.0000	0.0000	-1.0000	0.6925	NaN	NaN	NaN	901.3863	901.7137	0.0000	1.0000	0.2865
31zt04	4	6	1	0	2.0000	0.0000	1.0000	NaN	4.3917	3.8646	14.5278	902.6040	902.9052	1.0000	1.0000	0.5189
31zt04	4	7	1	0	1.0000	0.0000	-1.0000	0.6714	NaN	NaN	NaN	905.2561	905.5862	0.0000	1.0000	0.1523
31zt04	4	7	1	0	2.0000	0.0000	1.0000	NaN	5.8480	7.5314	15.5782	906.3090	906.6101	1.0000	1.0000	0.7021
31zt04	4	8	1	0	1.0000	0.0000	1.0000	0.6035	NaN	NaN	NaN	909.5607	909.8892	1.0000	1.0000	0.4568
31zt04	4	8	1	0	2.0000	0.0000	1.0000	NaN	4.1505	5.7631	14.8930	910.8849	911.1859	1.0000	1.0000	0.6154
31zt04	4	9	1	0	1.0000	0.0000	1.0000	0.0821	NaN	NaN	NaN	914.2224	914.5514	1.0000	1.0000	0.5228
31zt04	4	9	1	0	2.0000	0.0000	1.0000	NaN	0.8340	2.8645	14.1967	915.5738	915.8748	1.0000	1.0000	0.5273
31zt04	4	10	1	0	1.0000	0.0000	-1.0000	0.5060	NaN	NaN	NaN	918.9155	919.2428	0.0000	1.0000	0.2385
31zt04	4	10	1	0	2.0000	0.0000	1.0000	NaN	5.5152	6.2967	15.7250	920.0930	920.3943	1.0000	1.0000	0.6160
31zt04	4	11	1	0	1.0000	0.0000	1.0000	0.2920	NaN	NaN	NaN	923.4729	923.8007	1.0000	1.0000	0.2738
31zt04	4	11	1	0	2.0000	0.0000	1.0000	NaN	3.4054	4.7439	14.1272	924.6528	924.9542	1.0000	1.0000	0.7100
31zt04	4	12	1	0	1.0000	0.0000	-1.0000	0.1788	NaN	NaN	NaN	927.8788	928.2082	0.0000	1.0000	0.4251
31zt04	4	12	1	0	2.0000	0.0000	1.0000	NaN	3.3362	2.2632	15.3365	929.1803	929.4814	1.0000	1.0000	0.3847
31zt04	4	13	1	0	1.0000	0.0000	1.0000	0.1948	NaN	NaN	NaN	932.0364	932.3646	1.0000	1.0000	0.4134
31zt04	4	13	1	0	2.0000	0.0000	1.0000	NaN	1.7824	2.2732	15.2910	933.3648	933.6659	1.0000	1.0000	0.4863
31zt04	4	14	1	0	1.0000	0.0000	1.0000	0.8611	NaN	NaN	NaN	936.1660	936.4941	1.0000	1.0000	0.3960
31zt04	4	14	1	0	2.0000	0.0000	1.0000	NaN	3.8251	6.2159	14.9082	937.4533	937.7544	1.0000	1.0000	0.7818
31zt04	4	15	1	0	1.0000	0.0000	1.0000	0.3477	NaN	NaN	NaN	940.8015	941.1313	1.0000	1.0000	0.3741
31zt04	4	15	1	0	2.0000	0.0000	1.0000	NaN	1.1834	2.3943	15.7890	942.0853	942.3864	1.0000	1.0000	0.5979
31zt04	4	16	1	0	1.0000	0.0000	-1.0000	0.1343	NaN	NaN	NaN	945.2733	945.6014	1.0000	0.0000	0.4411
31zt04	4	16	1	0	2.0000	0.0000	-1.0000	NaN	0.7778	-0.0135	14.1298	946.5902	946.8912	1.0000	0.0000	0.4149
31zt04	4	17	1	0	1.0000	0.0000	-1.0000	0.1123	NaN	NaN	NaN	949.9225	950.2510	1.0000	0.0000	0.5331
31zt04	4	17	1	0	2.0000	0.0000	-1.0000	NaN	6.1885	-6.3082	15.8211	951.3006	951.6018	0.0000	1.0000	0.5916
31zt04	4	18	1	0	1.0000	0.0000	1.0000	0.7952	NaN	NaN	NaN	954.1894	954.5178	1.0000	1.0000	0.3649
31zt04	4	18	1	0	2.0000	0.0000	1.0000	NaN	1.4743	1.7210	14.3770	955.4608	955.7620	1.0000	1.0000	0.4300
31zt04	4	19	1	0	1.0000	0.0000	1.0000	0.1920	NaN	NaN	NaN	958.6234	958.9519	1.0000	1.0000	0.8339
31zt04	4	19	1	0	2.0000	0.0000	1.0000	NaN	1.0956	0.1199	14.3794	960.3729	960.6745	0.0000	0.0000	0.8865
31zt04	4	20	1	0	1.0000	0.0000	-1.0000	0.0596	NaN	NaN	NaN	963.9890	964.3172	1.0000	0.0000	0.4829
31zt04	4	20	1	0	2.0000	0.0000	-1.0000	NaN	5.3802	-6.5140	13.7006	965.4046	965.7056	0.0000	1.0000	0.6627
31zt04	4	21	1	0	1.0000	0.0000	1.0000	0.6476	NaN	NaN	NaN	968.6426	968.9702	1.0000	1.0000	0.3738
31zt04	4	21	1	0	2.0000	0.0000	1.0000	NaN	5.3569	7.4238	14.8027	969.9245	970.2255	1.0000	1.0000	0.4485
31zt04	4	22	1	0	1.0000	0.0000	-1.0000	0.4253	NaN	NaN	NaN	972.9444	973.2731	0.0000	1.0000	0.5034
31zt04	4	22	1	0	2.0000	0.0000	1.0000	NaN	2.4671	1.0333	12.1424	974.3727	974.6737	1.0000	1.0000	1.5687
31zt04	4	23	1	0	1.0000	0.0000	-1.0000	0.8949	NaN	NaN	NaN	978.7050	979.0341	0.0000	1.0000	0.2959
31zt04	4	23	1	0	2.0000	0.0000	1.0000	NaN	0.5637	1.0341	14.5744	979.9406	980.2421	1.0000	1.0000	0.5763
31zt04	4	24	1	0	1.0000	0.0000	-1.0000	0.6079	NaN	NaN	NaN	983.4803	983.8106	0.0000	1.0000	0.4617
31zt04	4	24	1	0	2.0000	0.0000	1.0000	NaN	5.8479	3.8249	14.0084	984.8525	985.1537	1.0000	1.0000	0.6145
31zt04	4	25	1	0	1.0000	0.0000	1.0000	0.1576	NaN	NaN	NaN	987.9991	988.3289	1.0000	1.0000	0.5200
31zt04	4	25	1	0	2.0000	0.0000	1.0000	NaN	7.6572	7.4264	14.6363	989.4378	989.7388	1.0000	1.0000	0.8474
31zt04	4	26	1	0	1.0000	0.0000	1.0000	0.9823	NaN	NaN	NaN	992.4573	992.7858	1.0000	1.0000	0.5525
31zt04	4	26	1	0	2.0000	0.0000	1.0000	NaN	6.0671	4.8829	15.2425	993.9329	994.2341	1.0000	1.0000	0.6636
31zt04	4	27	1	0	1.0000	0.0000	1.0000	0.0915	NaN	NaN	NaN	997.0205	997.3487	1.0000	1.0000	0.2995
31zt04	4	27	1	0	2.0000	0.0000	1.0000	NaN	3.1976	1.6773	14.3590	998.2042	998.5052	1.0000	1.0000	0.4971
31zt04	4	28	1	0	1.0000	0.0000	1.0000	0.4735	NaN	NaN	NaN	1001.3743	1001.7023	1.0000	1.0000	0.6354
31zt04	4	28	1	0	2.0000	0.0000	1.0000	NaN	1.2049	1.8704	15.4178	1002.9169	1003.2179	1.0000	1.0000	0.8396
31zt04	4	29	1	0	1.0000	0.0000	-1.0000	0.1206	NaN	NaN	NaN	1006.2616	1006.5894	0.0000	1.0000	0.7489
31zt04	4	29	1	0	2.0000	0.0000	1.0000	NaN	4.6508	3.9698	15.8666	1007.9020	1008.2031	1.0000	1.0000	0.5113
31zt04	4	30	1	0	1.0000	0.0000	-1.0000	0.3329	NaN	NaN	NaN	1010.7346	1011.0654	0.0000	1.0000	0.5194
31zt04	4	30	1	0	2.0000	0.0000	1.0000	NaN	3.6848	2.7066	14.1756	1012.1320	1012.4331	1.0000	1.0000	0.6881
31zt04	4	31	1	0	1.0000	0.0000	1.0000	0.6099	NaN	NaN	NaN	1015.5505	1015.8795	1.0000	1.0000	0.3624
31zt04	4	31	1	0	2.0000	0.0000	1.0000	NaN	4.8729	3.8379	14.7201	1016.8053	1017.1063	1.0000	1.0000	0.7027
31zt04	4	32	1	0	1.0000	0.0000	-1.0000	0.7212	NaN	NaN	NaN	1020.2995	1020.6268	0.0000	1.0000	0.5813
31zt04	4	32	1	0	2.0000	0.0000	1.0000	NaN	0.8423	0.2130	16.0249	1021.7973	1022.0985	1.0000	1.0000	0.6858
31zt04	4	33	1	0	1.0000	0.0000	1.0000	0.6981	NaN	NaN	NaN	1025.2152	1025.5439	1.0000	1.0000	0.2895
31zt04	4	33	1	0	2.0000	0.0000	1.0000	NaN	5.2584	6.5385	14.5391	1026.4368	1026.7380	1.0000	1.0000	0.7042
31zt04	4	34	1	0	1.0000	0.0000	-1.0000	0.8010	NaN	NaN	NaN	1030.1293	1030.4570	0.0000	1.0000	0.2392
31zt04	4	34	1	0	2.0000	0.0000	1.0000	NaN	0.2305	1.1570	16.1093	1031.2602	1031.5611	1.0000	1.0000	0.4631
31zt04	4	35	1	0	1.0000	0.0000	-1.0000	0.2982	NaN	NaN	NaN	1033.8732	1034.2009	1.0000	0.0000	0.9377
31zt04	4	35	1	0	2.0000	0.0000	-1.0000	NaN	0.3657	-2.0198	14.1048	1035.7016	1036.0027	0.0000	1.0000	0.6471
31zt04	4	36	1	0	1.0000	0.0000	1.0000	0.7127	NaN	NaN	NaN	1038.9210	1039.2478	1.0000	1.0000	0.2083
31zt04	4	36	1	0	2.0000	0.0000	1.0000	NaN	3.9483	3.9722	13.9406	1040.0455	1040.3467	1.0000	1.0000	0.3905
31zt04	4	37	1	0	1.0000	0.0000	-1.0000	0.7572	NaN	NaN	NaN	1042.8512	1043.1798	0.0000	1.0000	0.5002
31zt04	4	37	1	0	2.0000	0.0000	1.0000	NaN	5.9463	4.6197	15.5712	1044.2291	1044.5301	1.0000	1.0000	0.9501
31zt04	4	38	1	0	1.0000	0.0000	1.0000	0.6443	NaN	NaN	NaN	1047.4198	1047.7501	1.0000	1.0000	0.7002
31zt04	4	38	1	0	2.0000	0.0000	1.0000	NaN	2.9869	4.1227	14.4253	1049.0442	1049.3455	1.0000	1.0000	1.2159
31zt04	4	39	1	0	1.0000	0.0000	-1.0000	0.6035	NaN	NaN	NaN	1052.7580	1053.0870	0.0000	1.0000	0.4971
31zt04	4	39	1	0	2.0000	0.0000	1.0000	NaN	7.6086	5.7839	14.9945	1054.1179	1054.4193	1.0000	1.0000	0.8547
31zt04	4	40	1	0	1.0000	0.0000	-1.0000	0.8555	NaN	NaN	NaN	1057.1294	1057.4582	0.0000	1.0000	0.4061
31zt04	4	40	1	0	2.0000	0.0000	1.0000	NaN	5.0867	6.8429	14.7952	1058.4372	1058.7384	1.0000	1.0000	0.8081
31zt04	4	41	1	0	1.0000	0.0000	1.0000	0.5447	NaN	NaN	NaN	1061.6109	1061.9381	1.0000	1.0000	0.4873
31zt04	4	41	1	0	2.0000	0.0000	1.0000	NaN	5.1068	4.2753	13.6516	1063.0290	1063.3301	1.0000	1.0000	0.9269
31zt04	4	42	1	0	1.0000	0.0000	1.0000	0.2057	NaN	NaN	NaN	1066.2469	1066.5751	1.0000	1.0000	1.0193
31zt04	4	42	1	0	2.0000	0.0000	1.0000	NaN	3.0632	3.5295	14.0642	1068.1661	1068.4672	1.0000	1.0000	0.6789
31zt04	4	43	1	0	1.0000	0.0000	1.0000	0.5797	NaN	NaN	NaN	1071.3573	1071.6851	1.0000	1.0000	0.2692
31zt04	4	43	1	0	2.0000	0.0000	1.0000	NaN	4.3380	4.5448	16.0257	1072.5334	1072.8348	1.0000	1.0000	0.6945
31zt04	4	44	1	0	1.0000	0.0000	-1.0000	0.2967	NaN	NaN	NaN	1075.9263	1076.2546	0.0000	1.0000	0.2835
31zt04	4	44	1	0	2.0000	0.0000	1.0000	NaN	2.5149	1.8757	14.2535	1077.1245	1077.4256	1.0000	1.0000	0.5047
31zt04	4	45	1	0	1.0000	0.0000	-1.0000	0.6664	NaN	NaN	NaN	1080.0022	1080.3299	0.0000	1.0000	0.2302
31zt04	4	45	1	0	2.0000	0.0000	1.0000	NaN	0.6586	0.2688	15.8304	1081.1171	1081.4181	1.0000	1.0000	0.2964
31zt04	4	46	1	0	1.0000	0.0000	1.0000	0.2564	NaN	NaN	NaN	1084.1592	1084.4884	1.0000	1.0000	0.5061
31zt04	4	46	1	0	2.0000	0.0000	1.0000	NaN	4.8397	3.8200	14.7251	1085.5727	1085.8745	1.0000	1.0000	0.9528
31zt04	4	47	1	0	1.0000	0.0000	1.0000	0.3692	NaN	NaN	NaN	1089.1491	1089.4763	1.0000	1.0000	0.5092
31zt04	4	47	1	0	2.0000	0.0000	1.0000	NaN	0.8773	2.5017	13.9239	1090.5649	1090.8661	1.0000	1.0000	0.7920
31zt04	4	48	1	0	1.0000	0.0000	-1.0000	0.0636	NaN	NaN	NaN	1093.7330	1094.0614	1.0000	0.0000	0.6269
31zt04	4	48	1	0	2.0000	0.0000	-1.0000	NaN	3.1918	-3.1821	15.7740	1095.2772	1095.5784	0.0000	1.0000	0.6954
31zt04	4	49	1	0	1.0000	0.0000	1.0000	0.5383	NaN	NaN	NaN	1098.1204	1098.4483	1.0000	1.0000	0.6479
31zt04	4	49	1	0	2.0000	0.0000	1.0000	NaN	7.8587	6.5070	13.1765	1099.7255	1100.0266	1.0000	1.0000	0.6395
31zt04	4	50	1	0	1.0000	0.0000	1.0000	0.0067	NaN	NaN	NaN	1102.7272	1103.0571	1.0000	1.0000	0.5928
31zt04	4	50	1	0	2.0000	0.0000	1.0000	NaN	4.7507	4.9142	15.2548	1104.1978	1104.4992	1.0000	1.0000	0.6610
31zt04	5	1	1	0	1.0000	0.0000	1.0000	0.0318	NaN	NaN	NaN	1108.3513	1108.6789	1.0000	1.0000	0.3454
31zt04	5	1	1	0	2.0000	0.0000	1.0000	NaN	2.1847	2.2145	14.8775	1109.6128	1109.9138	1.0000	1.0000	0.7344
31zt04	5	2	1	0	1.0000	0.0000	1.0000	0.7900	NaN	NaN	NaN	1113.2303	1113.5592	1.0000	1.0000	0.2590
31zt04	5	2	1	0	2.0000	0.0000	1.0000	NaN	2.5129	2.2164	13.4855	1114.3976	1114.6989	1.0000	1.0000	1.0471
31zt04	5	3	1	0	1.0000	0.0000	1.0000	0.1321	NaN	NaN	NaN	1118.0266	1118.3549	1.0000	1.0000	0.5913
31zt04	5	3	1	0	2.0000	0.0000	1.0000	NaN	5.7017	4.4390	15.8774	1119.5327	1119.8337	1.0000	1.0000	0.7452
31zt04	5	4	1	0	1.0000	0.0000	-1.0000	0.2399	NaN	NaN	NaN	1122.6916	1123.0220	0.0000	1.0000	0.7326
31zt04	5	4	1	0	2.0000	0.0000	1.0000	NaN	0.9729	0.1469	14.3579	1124.3169	1124.6179	1.0000	1.0000	0.7053
31zt04	5	5	1	0	1.0000	0.0000	1.0000	0.9900	NaN	NaN	NaN	1127.6920	1128.0213	1.0000	1.0000	0.4769
31zt04	5	5	1	0	2.0000	0.0000	1.0000	NaN	4.1630	4.0709	15.1068	1129.0845	1129.3857	1.0000	1.0000	0.8865
31zt04	5	6	1	0	1.0000	0.0000	-1.0000	0.2941	NaN	NaN	NaN	1132.7957	1133.1236	1.0000	0.0000	0.9344
31zt04	5	6	1	0	2.0000	0.0000	-1.0000	NaN	1.8727	-0.8172	13.4123	1134.6055	1134.9065	1.0000	0.0000	0.7976
31zt04	5	7	1	0	1.0000	0.0000	1.0000	0.2999	NaN	NaN	NaN	1138.1472	1138.4781	1.0000	1.0000	0.5961
31zt04	5	7	1	0	2.0000	0.0000	1.0000	NaN	1.0581	0.6409	14.2407	1139.6143	1139.9154	1.0000	1.0000	0.7347
31zt04	5	8	1	0	1.0000	0.0000	-1.0000	0.2729	NaN	NaN	NaN	1142.8894	1143.2189	1.0000	0.0000	0.5412
31zt04	5	8	1	0	2.0000	0.0000	-1.0000	NaN	0.2938	-3.5567	15.2242	1144.3251	1144.6265	0.0000	1.0000	0.7108
31zt04	5	9	1	0	1.0000	0.0000	-1.0000	0.5079	NaN	NaN	NaN	1147.4358	1147.7679	0.0000	1.0000	0.5782
31zt04	5	9	1	0	2.0000	0.0000	1.0000	NaN	0.6747	0.7082	14.2549	1148.9024	1149.2036	1.0000	1.0000	0.4779
31zt04	5	10	1	0	1.0000	0.0000	1.0000	0.3592	NaN	NaN	NaN	1151.6370	1151.9667	1.0000	1.0000	0.4817
31zt04	5	10	1	0	2.0000	0.0000	1.0000	NaN	5.8092	6.9801	14.8226	1152.9974	1153.2984	1.0000	1.0000	0.4957
31zt04	5	11	1	0	1.0000	0.0000	1.0000	0.6692	NaN	NaN	NaN	1155.9404	1156.2701	1.0000	1.0000	0.1560
31zt04	5	11	1	0	2.0000	0.0000	1.0000	NaN	1.5024	0.8854	16.9796	1156.9823	1157.2837	1.0000	1.0000	0.3646
31zt04	5	12	1	0	1.0000	0.0000	1.0000	0.0835	NaN	NaN	NaN	1159.4581	1159.7873	0.0000	0.0000	0.5825
31zt04	5	12	1	0	2.0000	0.0000	-1.0000	NaN	1.0506	-0.4135	15.3830	1160.9567	1161.2579	1.0000	0.0000	0.8407
31zt04	5	13	1	0	1.0000	0.0000	1.0000	0.5880	NaN	NaN	NaN	1164.7942	1165.1219	1.0000	1.0000	1.0462
31zt04	5	13	1	0	2.0000	0.0000	1.0000	NaN	1.2209	0.7292	16.5003	1166.7983	1167.0994	1.0000	1.0000	1.1900
31zt04	5	14	1	0	1.0000	0.0000	-1.0000	0.8013	NaN	NaN	NaN	1170.6860	1171.0143	0.0000	1.0000	0.7316
31zt04	5	14	1	0	2.0000	0.0000	1.0000	NaN	1.7975	2.0588	13.3358	1172.3086	1172.6096	1.0000	1.0000	0.7751
31zt04	5	15	1	0	1.0000	0.0000	1.0000	0.3321	NaN	NaN	NaN	1175.9502	1176.2784	1.0000	1.0000	0.1799
31zt04	5	15	1	0	2.0000	0.0000	1.0000	NaN	2.3458	0.6572	14.7281	1177.0685	1177.3695	1.0000	1.0000	0.9766
31zt04	5	16	1	0	1.0000	0.0000	1.0000	0.6964	NaN	NaN	NaN	1180.6179	1180.9473	1.0000	1.0000	0.0789
31zt04	5	16	1	0	2.0000	0.0000	1.0000	NaN	0.9888	1.2114	14.5727	1181.6049	1181.9059	1.0000	1.0000	1.0005
31zt04	5	17	1	0	1.0000	0.0000	1.0000	0.4168	NaN	NaN	NaN	1185.0622	1185.3913	1.0000	1.0000	0.4992
31zt04	5	17	1	0	2.0000	0.0000	1.0000	NaN	5.1821	6.8941	15.5370	1186.4773	1186.7785	1.0000	1.0000	0.6711
31zt04	5	18	1	0	1.0000	0.0000	1.0000	0.9706	NaN	NaN	NaN	1189.7468	1190.0756	1.0000	1.0000	0.0447
31zt04	5	18	1	0	2.0000	0.0000	1.0000	NaN	6.8394	7.3496	14.2069	1190.6772	1190.9784	1.0000	1.0000	0.6078
31zt04	5	19	1	0	1.0000	0.0000	-1.0000	0.6541	NaN	NaN	NaN	1193.5163	1193.8441	0.0000	1.0000	0.2775
31zt04	5	19	1	0	2.0000	0.0000	1.0000	NaN	5.4374	4.2899	13.9058	1194.7094	1195.0105	1.0000	1.0000	0.8235
31zt04	5	20	1	0	1.0000	0.0000	1.0000	0.9593	NaN	NaN	NaN	1197.7155	1198.0439	1.0000	1.0000	0.2303
31zt04	5	20	1	0	2.0000	0.0000	1.0000	NaN	4.3171	3.9187	16.4609	1198.8210	1199.1223	1.0000	1.0000	0.6460
31zt04	5	21	1	0	1.0000	0.0000	1.0000	0.4505	NaN	NaN	NaN	1201.7584	1202.0869	1.0000	1.0000	0.3717
31zt04	5	21	1	0	2.0000	0.0000	1.0000	NaN	0.6613	2.2106	15.7238	1203.0443	1203.3453	1.0000	1.0000	0.6309
31zt04	5	22	1	0	1.0000	0.0000	1.0000	0.3439	NaN	NaN	NaN	1206.2985	1206.6280	0.0000	0.0000	0.4842
31zt04	5	22	1	0	2.0000	0.0000	-1.0000	NaN	4.6079	-4.2908	15.7879	1207.6615	1207.9626	0.0000	1.0000	0.4936
31zt04	5	23	1	0	1.0000	0.0000	1.0000	0.9561	NaN	NaN	NaN	1210.7135	1211.0424	1.0000	1.0000	0.0886
31zt04	5	23	1	0	2.0000	0.0000	1.0000	NaN	4.5380	3.1574	15.0540	1211.7012	1212.0022	1.0000	1.0000	0.7420
31zt04	5	24	1	0	1.0000	0.0000	1.0000	0.5338	NaN	NaN	NaN	1215.1266	1215.4554	1.0000	1.0000	0.3217
31zt04	5	24	1	0	2.0000	0.0000	1.0000	NaN	0.8611	0.4061	14.5037	1216.3421	1216.6431	1.0000	1.0000	0.6711
31zt04	5	25	1	0	1.0000	0.0000	1.0000	0.0938	NaN	NaN	NaN	1219.5375	1219.8681	1.0000	1.0000	0.3260
31zt04	5	25	1	0	2.0000	0.0000	1.0000	NaN	4.1450	4.5575	14.9108	1220.7568	1221.0578	1.0000	1.0000	0.6865
31zt04	5	26	1	0	1.0000	0.0000	-1.0000	0.9049	NaN	NaN	NaN	1224.0596	1224.3885	0.0000	1.0000	0.3737
31zt04	5	26	1	0	2.0000	0.0000	1.0000	NaN	7.7295	5.1644	14.0844	1225.3250	1225.6267	1.0000	1.0000	0.3574
31zt04	5	27	1	0	1.0000	0.0000	-1.0000	0.8905	NaN	NaN	NaN	1228.3329	1228.6624	0.0000	1.0000	0.1232
31zt04	5	27	1	0	2.0000	0.0000	1.0000	NaN	6.3032	4.5806	15.8092	1229.3424	1229.6434	1.0000	1.0000	0.3009
31zt04	5	28	1	0	1.0000	0.0000	-1.0000	0.8491	NaN	NaN	NaN	1232.2606	1232.5887	0.0000	1.0000	0.1811
31zt04	5	28	1	0	2.0000	0.0000	1.0000	NaN	7.3685	8.1592	14.7984	1233.3180	1233.6190	1.0000	1.0000	0.5825
31zt04	5	29	1	0	1.0000	0.0000	1.0000	0.1656	NaN	NaN	NaN	1236.2751	1236.6032	0.0000	0.0000	0.3754
31zt04	5	29	1	0	2.0000	0.0000	-1.0000	NaN	4.7492	-4.8957	15.6015	1237.5261	1237.8273	0.0000	1.0000	0.4629
31zt04	5	30	1	0	1.0000	0.0000	-1.0000	0.7943	NaN	NaN	NaN	1240.7625	1241.0911	0.0000	1.0000	0.2239
31zt04	5	30	1	0	2.0000	0.0000	1.0000	NaN	2.4552	2.2164	13.3639	1241.8696	1242.1708	1.0000	1.0000	0.2794
31zt04	5	31	1	0	1.0000	0.0000	-1.0000	0.3181	NaN	NaN	NaN	1244.3559	1244.6858	0.0000	1.0000	0.3560
31zt04	5	31	1	0	2.0000	0.0000	1.0000	NaN	0.9405	2.6255	15.9837	1245.6052	1245.9062	1.0000	1.0000	0.4941
31zt04	5	32	1	0	1.0000	0.0000	1.0000	0.6299	NaN	NaN	NaN	1249.0327	1249.3610	1.0000	1.0000	0.3752
31zt04	5	32	1	0	2.0000	0.0000	1.0000	NaN	0.2524	0.0242	15.1479	1250.2943	1250.5953	1.0000	1.0000	0.6309
31zt04	5	33	1	0	1.0000	0.0000	1.0000	0.7112	NaN	NaN	NaN	1253.4740	1253.8048	1.0000	1.0000	0.2835
31zt04	5	33	1	0	2.0000	0.0000	1.0000	NaN	1.7494	2.5309	13.3671	1254.5818	1254.8829	1.0000	1.0000	0.6156
31zt04	5	34	1	0	1.0000	0.0000	-1.0000	0.8507	NaN	NaN	NaN	1257.6617	1257.9892	0.0000	1.0000	0.3345
31zt04	5	34	1	0	2.0000	0.0000	1.0000	NaN	4.4224	5.2148	15.0155	1258.8692	1259.1701	1.0000	1.0000	0.7361
31zt04	5	35	1	0	1.0000	0.0000	-1.0000	0.1665	NaN	NaN	NaN	1261.9609	1262.2902	0.0000	1.0000	0.4319
31zt04	5	35	1	0	2.0000	0.0000	1.0000	NaN	4.8989	4.9081	14.0173	1263.2611	1263.5625	1.0000	1.0000	0.4149
31zt04	5	36	1	0	1.0000	0.0000	-1.0000	0.4070	NaN	NaN	NaN	1266.0325	1266.3609	0.0000	1.0000	0.2575
31zt04	5	36	1	0	2.0000	0.0000	1.0000	NaN	5.9067	4.4499	15.1033	1267.1576	1267.4588	1.0000	1.0000	0.4874
31zt04	5	37	1	0	1.0000	0.0000	-1.0000	0.9160	NaN	NaN	NaN	1269.7768	1270.1060	0.0000	1.0000	0.1836
31zt04	5	37	1	0	2.0000	0.0000	1.0000	NaN	0.0091	2.1422	15.5639	1270.8227	1271.1240	1.0000	1.0000	0.6683
31zt04	5	38	1	0	1.0000	0.0000	1.0000	0.0377	NaN	NaN	NaN	1273.6246	1273.9549	0.0000	0.0000	0.2774
31zt04	5	38	1	0	2.0000	0.0000	-1.0000	NaN	6.9833	-6.8928	15.1745	1274.7971	1275.0983	0.0000	1.0000	0.7595
31zt04	5	39	1	0	1.0000	0.0000	-1.0000	0.4709	NaN	NaN	NaN	1277.9813	1278.3086	0.0000	1.0000	0.3260
31zt04	5	39	1	0	2.0000	0.0000	1.0000	NaN	1.8184	1.1899	14.9693	1279.1911	1279.4923	1.0000	1.0000	0.8280
31zt04	5	40	1	0	1.0000	0.0000	-1.0000	0.8244	NaN	NaN	NaN	1282.6535	1282.9819	0.0000	1.0000	0.1704
31zt04	5	40	1	0	2.0000	0.0000	1.0000	NaN	7.7525	6.2329	14.5616	1283.7013	1284.0025	1.0000	1.0000	0.6938
31zt04	5	41	1	0	1.0000	0.0000	1.0000	0.6377	NaN	NaN	NaN	1286.9122	1287.2398	1.0000	1.0000	0.2825
31zt04	5	41	1	0	2.0000	0.0000	1.0000	NaN	7.5555	8.0850	14.1623	1288.0700	1288.3713	1.0000	1.0000	0.7571
31zt04	5	42	1	0	1.0000	0.0000	1.0000	0.3251	NaN	NaN	NaN	1291.3525	1291.6802	1.0000	1.0000	0.4183
31zt04	5	42	1	0	2.0000	0.0000	1.0000	NaN	0.8333	1.6718	15.2839	1292.6697	1292.9710	1.0000	1.0000	0.5434
31zt04	5	43	1	0	1.0000	0.0000	-1.0000	0.3164	NaN	NaN	NaN	1295.8941	1296.2229	0.0000	1.0000	0.2494
31zt04	5	43	1	0	2.0000	0.0000	1.0000	NaN	1.7164	3.1550	14.9642	1297.0305	1297.3317	1.0000	1.0000	0.3186
31zt04	5	44	1	0	1.0000	0.0000	-1.0000	0.0965	NaN	NaN	NaN	1300.0973	1300.4262	0.0000	1.0000	0.3189
31zt04	5	44	1	0	2.0000	0.0000	1.0000	NaN	1.0412	0.4768	15.0765	1301.2523	1301.5536	0.0000	0.0000	0.7128
31zt04	5	45	1	0	1.0000	0.0000	-1.0000	0.4648	NaN	NaN	NaN	1304.6939	1305.0242	0.0000	1.0000	0.2104
31zt04	5	45	1	0	2.0000	0.0000	1.0000	NaN	6.0270	3.1811	14.3318	1305.7977	1306.0989	1.0000	1.0000	0.7893
31zt04	5	46	1	0	1.0000	0.0000	-1.0000	0.9063	NaN	NaN	NaN	1309.5535	1309.8833	0.0000	1.0000	0.5249
31zt04	5	46	1	0	2.0000	0.0000	1.0000	NaN	6.9398	8.0924	16.2199	1310.9968	1311.2979	1.0000	1.0000	1.0064
31zt04	5	47	1	0	1.0000	0.0000	1.0000	0.3955	NaN	NaN	NaN	1314.4771	1314.8064	1.0000	1.0000	0.4338
31zt04	5	47	1	0	2.0000	0.0000	1.0000	NaN	2.8988	3.4225	14.1458	1315.8048	1316.1058	1.0000	1.0000	0.7681
31zt04	5	48	1	0	1.0000	0.0000	1.0000	0.5468	NaN	NaN	NaN	1319.4547	1319.7837	1.0000	1.0000	0.2183
31zt04	5	48	1	0	2.0000	0.0000	1.0000	NaN	4.1114	3.0746	15.5447	1320.5977	1320.8992	1.0000	1.0000	0.6050
31zt04	5	49	1	0	1.0000	0.0000	-1.0000	0.2599	NaN	NaN	NaN	1323.3687	1323.6971	0.0000	1.0000	0.4814
31zt04	5	49	1	0	2.0000	0.0000	1.0000	NaN	6.3119	6.5883	14.4425	1324.7255	1325.0267	1.0000	1.0000	0.2632
31zt04	5	50	1	0	1.0000	0.0000	-1.0000	0.8449	NaN	NaN	NaN	1327.6456	1327.9739	0.0000	1.0000	0.1803
31zt04	5	50	1	0	2.0000	0.0000	1.0000	NaN	1.6520	1.3426	14.6564	1328.6844	1328.9855	1.0000	1.0000	0.4724
31zt04	6	1	1	0	1.0000	0.0000	-1.0000	0.4387	NaN	NaN	NaN	1332.7390	1333.0683	0.0000	1.0000	0.4142
31zt04	6	1	1	0	2.0000	0.0000	1.0000	NaN	3.0102	3.4654	14.4171	1334.0456	1334.3466	1.0000	1.0000	0.6071
31zt04	6	2	1	0	1.0000	0.0000	1.0000	0.7614	NaN	NaN	NaN	1337.3842	1337.7115	1.0000	1.0000	0.2112
31zt04	6	2	1	0	2.0000	0.0000	1.0000	NaN	4.9787	5.4854	13.2462	1338.5016	1338.8027	1.0000	1.0000	0.1495
31zt04	6	3	1	0	1.0000	0.0000	1.0000	0.3381	NaN	NaN	NaN	1341.0007	1341.3289	1.0000	1.0000	0.5609
31zt04	6	3	1	0	2.0000	0.0000	1.0000	NaN	2.3192	3.9319	15.3100	1342.4696	1342.7707	1.0000	1.0000	0.4868
31zt04	6	4	1	0	1.0000	0.0000	-1.0000	0.6556	NaN	NaN	NaN	1345.6459	1345.9753	0.0000	1.0000	0.0729
31zt04	6	4	1	0	2.0000	0.0000	1.0000	NaN	5.7033	6.6570	14.7125	1346.6120	1346.9132	1.0000	1.0000	0.6097
31zt04	6	5	1	0	1.0000	0.0000	1.0000	0.7400	NaN	NaN	NaN	1349.8781	1350.2065	1.0000	1.0000	0.2195
31zt04	6	5	1	0	2.0000	0.0000	1.0000	NaN	1.8526	1.9377	14.5968	1350.9654	1351.2666	1.0000	1.0000	0.8937
31zt04	6	6	1	0	1.0000	0.0000	1.0000	0.0605	NaN	NaN	NaN	1354.6348	1354.9679	0.0000	0.0000	0.2747
31zt04	6	6	1	0	2.0000	0.0000	-1.0000	NaN	3.1498	-4.6022	14.5639	1355.8054	1356.1064	0.0000	1.0000	0.4459
31zt04	6	7	1	0	1.0000	0.0000	-1.0000	0.6787	NaN	NaN	NaN	1358.9179	1359.2462	1.0000	0.0000	0.2763
31zt04	6	7	1	0	2.0000	0.0000	-1.0000	NaN	3.9066	-2.8604	14.9774	1360.0929	1360.3940	1.0000	0.0000	0.6639
31zt04	6	8	1	0	1.0000	0.0000	1.0000	0.7962	NaN	NaN	NaN	1362.9231	1363.2525	1.0000	1.0000	0.3341
31zt04	6	8	1	0	2.0000	0.0000	1.0000	NaN	0.7788	2.0168	15.7378	1364.1581	1364.4591	1.0000	1.0000	0.5978
31zt04	6	9	1	0	1.0000	0.0000	1.0000	0.4296	NaN	NaN	NaN	1367.4555	1367.7855	1.0000	1.0000	0.4150
31zt04	6	9	1	0	2.0000	0.0000	1.0000	NaN	3.5639	4.8183	15.3264	1368.7574	1369.0584	1.0000	1.0000	0.5919
31zt04	6	10	1	0	1.0000	0.0000	1.0000	0.5000	NaN	NaN	NaN	1371.8138	1372.1433	1.0000	1.0000	0.3303
31zt04	6	10	1	0	2.0000	0.0000	1.0000	NaN	3.7862	3.7846	14.8668	1373.0523	1373.3533	1.0000	1.0000	0.5604
31zt04	6	11	1	0	1.0000	0.0000	1.0000	0.7577	NaN	NaN	NaN	1375.9938	1376.3222	1.0000	1.0000	0.2781
31zt04	6	11	1	0	2.0000	0.0000	1.0000	NaN	5.8627	3.2548	16.3232	1377.2050	1377.5061	1.0000	1.0000	0.6062
31zt04	6	12	1	0	1.0000	0.0000	-1.0000	0.9138	NaN	NaN	NaN	1380.5872	1380.9142	0.0000	1.0000	0.1501
31zt04	6	12	1	0	2.0000	0.0000	1.0000	NaN	5.5754	5.6178	14.8677	1381.6205	1381.9216	1.0000	1.0000	0.5848
31zt04	6	13	1	0	1.0000	0.0000	1.0000	0.3225	NaN	NaN	NaN	1384.5029	1384.8316	1.0000	1.0000	0.4967
31zt04	6	13	1	0	2.0000	0.0000	1.0000	NaN	6.1910	5.1386	14.6841	1385.9020	1386.2033	1.0000	1.0000	0.5650
31zt04	6	14	1	0	1.0000	0.0000	-1.0000	0.7691	NaN	NaN	NaN	1389.1674	1389.4963	0.0000	1.0000	0.0818
31zt04	6	14	1	0	2.0000	0.0000	1.0000	NaN	3.1304	2.4171	12.6159	1390.1250	1390.4261	1.0000	1.0000	0.6080
31zt04	6	15	1	0	1.0000	0.0000	-1.0000	0.8530	NaN	NaN	NaN	1393.0061	1393.3333	0.0000	1.0000	0.1952
31zt04	6	15	1	0	2.0000	0.0000	1.0000	NaN	4.9075	3.4171	16.1524	1394.1021	1394.4033	1.0000	1.0000	0.3024
31zt04	6	16	1	0	1.0000	0.0000	-1.0000	0.0567	NaN	NaN	NaN	1397.1533	1397.4835	0.0000	1.0000	0.0608
31zt04	6	16	1	0	2.0000	0.0000	1.0000	NaN	4.1173	4.7724	14.6015	1398.1010	1398.4021	1.0000	1.0000	0.4873
31zt04	6	17	1	0	1.0000	0.0000	-1.0000	0.8530	NaN	NaN	NaN	1401.1872	1401.5166	0.0000	1.0000	0.3235
31zt04	6	17	1	0	2.0000	0.0000	1.0000	NaN	6.8946	5.9445	14.2386	1402.4035	1402.7045	1.0000	1.0000	0.5918
31zt04	6	18	1	0	1.0000	0.0000	-1.0000	0.0358	NaN	NaN	NaN	1405.5018	1405.8312	1.0000	0.0000	0.4105
31zt04	6	18	1	0	2.0000	0.0000	-1.0000	NaN	1.3875	-0.8535	14.7067	1406.8285	1407.1297	1.0000	0.0000	0.7290
31zt04	6	19	1	0	1.0000	0.0000	-1.0000	0.9391	NaN	NaN	NaN	1409.8819	1410.2106	0.0000	1.0000	0.2309
31zt04	6	19	1	0	2.0000	0.0000	1.0000	NaN	2.3771	3.4549	16.8585	1411.0375	1411.3387	1.0000	1.0000	0.7094
31zt04	6	20	1	0	1.0000	0.0000	-1.0000	0.2904	NaN	NaN	NaN	1414.1629	1414.4911	0.0000	1.0000	1.0392
31zt04	6	20	1	0	2.0000	0.0000	1.0000	NaN	4.8684	6.9622	16.6287	1416.0851	1416.3870	1.0000	1.0000	0.3254
31zt04	6	21	1	0	1.0000	0.0000	1.0000	0.5619	NaN	NaN	NaN	1419.2842	1419.6132	1.0000	1.0000	0.2766
31zt04	6	21	1	0	2.0000	0.0000	1.0000	NaN	1.4532	1.4992	15.1138	1420.4382	1420.7394	1.0000	1.0000	0.6312
31zt04	6	22	1	0	1.0000	0.0000	1.0000	0.5870	NaN	NaN	NaN	1423.3080	1423.6381	1.0000	1.0000	0.2122
31zt04	6	22	1	0	2.0000	0.0000	1.0000	NaN	1.6389	1.1554	15.1858	1424.3886	1424.6897	1.0000	1.0000	0.5917
31zt04	6	23	1	0	1.0000	0.0000	-1.0000	0.4950	NaN	NaN	NaN	1427.5126	1427.8419	0.0000	1.0000	0.2164
31zt04	6	23	1	0	2.0000	0.0000	1.0000	NaN	1.1645	0.4102	14.9173	1428.6291	1428.9303	1.0000	1.0000	0.4621
31zt04	6	24	1	0	1.0000	0.0000	1.0000	0.5108	NaN	NaN	NaN	1431.7659	1432.0943	1.0000	1.0000	0.4280
31zt04	6	24	1	0	2.0000	0.0000	1.0000	NaN	6.4505	6.4522	14.0999	1433.0618	1433.3630	1.0000	1.0000	0.7435
31zt04	6	25	1	0	1.0000	0.0000	1.0000	0.0527	NaN	NaN	NaN	1436.0545	1436.3829	0.0000	0.0000	0.6494
31zt04	6	25	1	0	2.0000	0.0000	-1.0000	NaN	5.8211	-6.5420	15.8251	1437.6047	1437.9058	0.0000	1.0000	0.6866
31zt04	6	26	1	0	1.0000	0.0000	1.0000	0.1040	NaN	NaN	NaN	1440.6382	1440.9662	1.0000	1.0000	0.2982
31zt04	6	26	1	0	2.0000	0.0000	1.0000	NaN	5.8818	4.7086	15.0544	1441.8133	1442.1144	1.0000	1.0000	0.5522
31zt04	6	27	1	0	1.0000	0.0000	1.0000	0.5328	NaN	NaN	NaN	1445.0044	1445.3328	1.0000	1.0000	0.4368
31zt04	6	27	1	0	2.0000	0.0000	1.0000	NaN	2.7670	2.4013	16.0178	1446.3255	1446.6265	1.0000	1.0000	0.7418
31zt04	6	28	1	0	1.0000	0.0000	1.0000	0.3624	NaN	NaN	NaN	1449.4746	1449.8023	1.0000	1.0000	0.4954
31zt04	6	28	1	0	2.0000	0.0000	1.0000	NaN	0.3908	2.7836	14.6601	1450.8457	1451.1468	1.0000	1.0000	0.9518
31zt04	6	29	1	0	1.0000	0.0000	-1.0000	0.5308	NaN	NaN	NaN	1454.1448	1454.4733	0.0000	1.0000	0.5215
31zt04	6	29	1	0	2.0000	0.0000	1.0000	NaN	6.1470	6.9071	15.2662	1455.5985	1455.8997	1.0000	1.0000	0.5749
31zt04	6	30	1	0	1.0000	0.0000	-1.0000	0.1967	NaN	NaN	NaN	1458.7554	1459.0849	1.0000	0.0000	0.8124
31zt04	6	30	1	0	2.0000	0.0000	-1.0000	NaN	0.7366	-1.0015	16.2810	1460.4862	1460.7873	0.0000	1.0000	1.0614
31zt04	6	31	1	0	1.0000	0.0000	-1.0000	0.2240	NaN	NaN	NaN	1463.6815	1464.0099	0.0000	1.0000	0.5050
31zt04	6	31	1	0	2.0000	0.0000	1.0000	NaN	5.2687	5.5951	14.6255	1465.0456	1465.3466	1.0000	1.0000	0.7266
31zt04	6	32	1	0	1.0000	0.0000	1.0000	0.9452	NaN	NaN	NaN	1468.1029	1468.4344	1.0000	1.0000	0.3041
31zt04	6	32	1	0	2.0000	0.0000	1.0000	NaN	1.6483	2.9211	15.0171	1469.2691	1469.5701	1.0000	1.0000	0.5593
31zt04	6	33	1	0	1.0000	0.0000	1.0000	0.4162	NaN	NaN	NaN	1472.7684	1473.0965	1.0000	1.0000	0.2736
31zt04	6	33	1	0	2.0000	0.0000	1.0000	NaN	6.6422	6.3899	15.2533	1473.9176	1474.2187	1.0000	1.0000	0.6715
31zt04	6	34	1	0	1.0000	0.0000	1.0000	0.7791	NaN	NaN	NaN	1476.9367	1477.2639	1.0000	1.0000	0.3925
31zt04	6	34	1	0	2.0000	0.0000	1.0000	NaN	5.6411	8.2264	15.7625	1478.2294	1478.5306	1.0000	1.0000	0.9601
31zt04	6	35	1	0	1.0000	0.0000	-1.0000	0.9027	NaN	NaN	NaN	1481.9212	1482.2492	0.0000	1.0000	0.4246
31zt04	6	35	1	0	2.0000	0.0000	1.0000	NaN	7.4536	4.9417	16.0362	1483.2211	1483.5221	1.0000	1.0000	0.3583
31zt04	6	36	1	0	1.0000	0.0000	-1.0000	0.3664	NaN	NaN	NaN	1485.7528	1486.0810	0.0000	1.0000	0.4564
31zt04	6	36	1	0	2.0000	0.0000	1.0000	NaN	2.9127	3.3280	15.4189	1487.1267	1487.4278	1.0000	1.0000	0.6773
31zt04	6	37	1	0	1.0000	0.0000	-1.0000	0.5678	NaN	NaN	NaN	1490.3361	1490.6644	0.0000	1.0000	0.4817
31zt04	6	37	1	0	2.0000	0.0000	1.0000	NaN	0.5984	0.4701	16.2141	1491.6847	1491.9858	1.0000	1.0000	0.7605
31zt04	6	38	1	0	1.0000	0.0000	-1.0000	0.3724	NaN	NaN	NaN	1494.9512	1495.2817	0.0000	1.0000	0.3047
31zt04	6	38	1	0	2.0000	0.0000	1.0000	NaN	1.5630	0.6821	14.5491	1496.1417	1496.4428	1.0000	1.0000	0.8455
31zt04	6	39	1	0	1.0000	0.0000	-1.0000	0.3968	NaN	NaN	NaN	1499.7280	1500.0584	0.0000	1.0000	0.1826
31zt04	6	39	1	0	2.0000	0.0000	1.0000	NaN	0.5838	2.3589	13.5657	1500.8085	1501.1095	1.0000	1.0000	0.6113
31zt04	6	40	1	0	1.0000	0.0000	-1.0000	0.2703	NaN	NaN	NaN	1503.9365	1504.2665	0.0000	1.0000	0.1020
31zt04	6	40	1	0	2.0000	0.0000	1.0000	NaN	1.5546	0.8167	13.8243	1504.8950	1505.1960	1.0000	1.0000	0.6604
31zt04	6	41	1	0	1.0000	0.0000	-1.0000	0.1175	NaN	NaN	NaN	1508.1957	1508.5246	0.0000	1.0000	0.2299
31zt04	6	41	1	0	2.0000	0.0000	1.0000	NaN	5.0548	3.6072	14.0331	1509.3323	1509.6333	1.0000	1.0000	0.4472
31zt04	6	42	1	0	1.0000	0.0000	1.0000	0.7073	NaN	NaN	NaN	1512.5040	1512.8330	1.0000	1.0000	0.3282
31zt04	6	42	1	0	2.0000	0.0000	1.0000	NaN	6.1645	6.3136	15.8380	1513.7512	1514.0522	1.0000	1.0000	0.6294
31zt04	6	43	1	0	1.0000	0.0000	1.0000	0.6324	NaN	NaN	NaN	1517.1805	1517.5093	1.0000	1.0000	0.4050
31zt04	6	43	1	0	2.0000	0.0000	1.0000	NaN	0.7695	0.2374	14.5019	1518.4623	1518.7636	1.0000	1.0000	0.8138
31zt04	6	44	1	0	1.0000	0.0000	1.0000	0.7703	NaN	NaN	NaN	1521.5347	1521.8629	1.0000	1.0000	0.6995
31zt04	6	44	1	0	2.0000	0.0000	1.0000	NaN	2.7630	2.9590	15.7766	1523.1419	1523.4431	1.0000	1.0000	0.6373
31zt04	6	45	1	0	1.0000	0.0000	1.0000	0.7788	NaN	NaN	NaN	1526.3456	1526.6726	1.0000	1.0000	0.4957
31zt04	6	45	1	0	2.0000	0.0000	1.0000	NaN	3.3407	4.1557	13.5048	1527.7168	1528.0179	1.0000	1.0000	0.7205
31zt04	6	46	1	0	1.0000	0.0000	1.0000	0.5407	NaN	NaN	NaN	1531.1355	1531.4643	0.0000	0.0000	0.6900
31zt04	6	46	1	0	2.0000	0.0000	-1.0000	NaN	6.8632	-5.4475	16.5781	1532.7164	1533.0175	0.0000	1.0000	0.6960
31zt04	6	47	1	0	1.0000	0.0000	-1.0000	0.6761	NaN	NaN	NaN	1535.8527	1536.1805	0.0000	1.0000	0.3092
31zt04	6	47	1	0	2.0000	0.0000	1.0000	NaN	2.2805	2.6121	15.1697	1537.0775	1537.3793	1.0000	1.0000	0.8230
31zt04	6	48	1	0	1.0000	0.0000	-1.0000	0.6834	NaN	NaN	NaN	1540.1484	1540.4778	0.0000	1.0000	0.2431
31zt04	6	48	1	0	2.0000	0.0000	1.0000	NaN	5.5544	4.7624	15.8378	1541.3098	1541.6109	1.0000	1.0000	0.6232
31zt04	6	49	1	0	1.0000	0.0000	-1.0000	0.2399	NaN	NaN	NaN	1544.5386	1544.8675	0.0000	1.0000	0.0928
31zt04	6	49	1	0	2.0000	0.0000	1.0000	NaN	6.9939	8.2660	15.0024	1545.5495	1545.8505	1.0000	1.0000	0.6153
31zt04	6	50	1	0	1.0000	0.0000	1.0000	0.9995	NaN	NaN	NaN	1548.5368	1548.8658	1.0000	1.0000	0.2246
31zt04	6	50	1	0	2.0000	0.0000	1.0000	NaN	2.2709	1.5495	15.1845	1549.6697	1549.9709	0.0000	0.0000	0.3434
