32ls03	1	1	1	0	1.0000	0.0000	1.0000	0.0478	NaN	NaN	NaN	160560.0803	160560.4185	0.0000	0.0000	0.7011
32ls03	1	1	1	0	2.0000	0.0000	-1.0000	NaN	3.5141	-5.0463	13.8986	160561.7433	160562.0448	0.0000	1.0000	0.8321
32ls03	1	2	1	0	1.0000	0.0000	-1.0000	0.5070	NaN	NaN	NaN	160564.9852	160565.3131	0.0000	1.0000	0.5476
32ls03	1	2	1	0	2.0000	0.0000	1.0000	NaN	2.0433	1.2236	14.4376	160566.4663	160566.7673	1.0000	1.0000	0.9097
32ls03	1	3	1	0	1.0000	0.0000	1.0000	0.5633	NaN	NaN	NaN	160569.9925	160570.3183	1.0000	1.0000	0.7106
32ls03	1	3	1	0	2.0000	0.0000	1.0000	NaN	3.8882	4.1697	14.8277	160571.6262	160571.9273	1.0000	1.0000	1.0081
32ls03	1	4	1	0	1.0000	0.0000	-1.0000	0.4362	NaN	NaN	NaN	160575.3653	160575.6938	0.0000	1.0000	0.7601
32ls03	1	4	1	0	2.0000	0.0000	1.0000	NaN	2.6732	2.9077	14.7578	160577.0582	160577.3592	1.0000	1.0000	0.9038
32ls03	1	5	1	0	1.0000	0.0000	1.0000	0.6479	NaN	NaN	NaN	160580.8266	160581.1530	1.0000	1.0000	0.4380
32ls03	1	5	1	0	2.0000	0.0000	1.0000	NaN	0.6303	0.0067	14.4992	160582.1950	160582.4962	1.0000	1.0000	0.7676
32ls03	1	6	1	0	1.0000	0.0000	-1.0000	0.7404	NaN	NaN	NaN	160585.1116	160585.4402	0.0000	1.0000	0.2548
32ls03	1	6	1	0	2.0000	0.0000	1.0000	NaN	3.7092	3.8061	15.0262	160586.2415	160586.5429	1.0000	1.0000	0.1682
32ls03	1	7	1	0	1.0000	0.0000	1.0000	0.7343	NaN	NaN	NaN	160588.8329	160589.1606	1.0000	1.0000	0.2222
32ls03	1	7	1	0	2.0000	0.0000	1.0000	NaN	1.6268	1.1081	14.5290	160589.9611	160590.2621	1.0000	1.0000	0.1910
32ls03	1	8	1	0	1.0000	0.0000	-1.0000	0.6533	NaN	NaN	NaN	160592.9088	160593.2366	0.0000	1.0000	0.2027
32ls03	1	8	1	0	2.0000	0.0000	1.0000	NaN	5.3093	5.3421	13.7492	160593.9863	160594.2875	1.0000	1.0000	0.0155
32ls03	1	9	1	0	1.0000	0.0000	-1.0000	0.3392	NaN	NaN	NaN	160596.8328	160597.1618	0.0000	1.0000	0.1491
32ls03	1	9	1	0	2.0000	0.0000	1.0000	NaN	5.5443	6.3430	15.3857	160597.8573	160598.1583	1.0000	1.0000	0.0226
32ls03	1	10	1	0	1.0000	0.0000	-1.0000	0.3790	NaN	NaN	NaN	160600.6303	160600.9587	0.0000	1.0000	0.1367
32ls03	1	10	1	0	2.0000	0.0000	1.0000	NaN	2.1960	3.0032	15.4847	160601.6502	160601.9511	1.0000	1.0000	0.0083
32ls03	1	11	1	0	1.0000	0.0000	-1.0000	0.5575	NaN	NaN	NaN	160604.1581	160604.4855	0.0000	1.0000	0.1594
32ls03	1	11	1	0	2.0000	0.0000	1.0000	NaN	2.0490	1.3997	16.9982	160605.1858	160605.4873	1.0000	1.0000	0.0082
32ls03	1	12	1	0	1.0000	0.0000	1.0000	0.2999	NaN	NaN	NaN	160607.8183	160608.1452	0.0000	0.0000	0.5103
32ls03	1	12	1	0	2.0000	0.0000	-1.0000	NaN	2.8098	-1.7545	15.5860	160609.2250	160609.5262	1.0000	0.0000	0.4228
32ls03	1	13	1	0	1.0000	0.0000	-1.0000	0.2131	NaN	NaN	NaN	160612.0558	160612.3820	0.0000	1.0000	0.3830
32ls03	1	13	1	0	2.0000	0.0000	1.0000	NaN	3.4984	4.2636	16.3169	160613.3635	160613.6654	1.0000	1.0000	0.1394
32ls03	1	14	1	0	1.0000	0.0000	-1.0000	0.0183	NaN	NaN	NaN	160615.9216	160616.2495	0.0000	1.0000	0.4596
32ls03	1	14	1	0	2.0000	0.0000	1.0000	NaN	2.0722	1.5088	14.4667	160617.2736	160617.5749	1.0000	1.0000	0.0309
32ls03	1	15	1	0	1.0000	0.0000	1.0000	0.1554	NaN	NaN	NaN	160619.4691	160619.7968	0.0000	0.0000	0.5306
32ls03	1	15	1	0	2.0000	0.0000	-1.0000	NaN	4.2312	-1.3060	15.7231	160620.9066	160621.2078	1.0000	0.0000	0.0690
32ls03	1	16	1	0	1.0000	0.0000	-1.0000	0.2716	NaN	NaN	NaN	160623.4104	160623.7397	0.0000	1.0000	0.2835
32ls03	1	16	1	0	2.0000	0.0000	1.0000	NaN	3.5528	3.4319	15.2395	160624.5866	160624.8877	1.0000	1.0000	0.0933
32ls03	1	17	1	0	1.0000	0.0000	-1.0000	0.3193	NaN	NaN	NaN	160627.3294	160627.6565	0.0000	1.0000	0.3266
32ls03	1	17	1	0	2.0000	0.0000	1.0000	NaN	1.2485	0.5379	15.0840	160628.5533	160628.8543	1.0000	1.0000	0.0972
32ls03	1	18	1	0	1.0000	0.0000	1.0000	0.6256	NaN	NaN	NaN	160631.2706	160631.5982	1.0000	1.0000	0.3510
32ls03	1	18	1	0	2.0000	0.0000	1.0000	NaN	4.0829	3.9459	16.0322	160632.5296	160632.8308	1.0000	1.0000	0.2540
32ls03	1	19	1	0	1.0000	0.0000	-1.0000	0.5804	NaN	NaN	NaN	160635.5012	160635.8300	0.0000	1.0000	0.2328
32ls03	1	19	1	0	2.0000	0.0000	1.0000	NaN	4.1685	2.6207	14.2402	160636.6332	160636.9342	1.0000	1.0000	0.1108
32ls03	1	20	1	0	1.0000	0.0000	1.0000	0.7346	NaN	NaN	NaN	160639.2770	160639.6064	1.0000	1.0000	0.1771
32ls03	1	20	1	0	2.0000	0.0000	1.0000	NaN	4.4512	3.5643	13.9278	160640.3533	160640.6544	1.0000	1.0000	0.0568
32ls03	1	21	1	0	1.0000	0.0000	-1.0000	0.7408	NaN	NaN	NaN	160643.1499	160643.4785	0.0000	1.0000	0.2411
32ls03	1	21	1	0	2.0000	0.0000	1.0000	NaN	1.8431	2.9744	13.3803	160644.2892	160644.5915	1.0000	1.0000	0.0475
32ls03	1	22	1	0	1.0000	0.0000	1.0000	0.4365	NaN	NaN	NaN	160646.9188	160647.2461	1.0000	1.0000	0.3270
32ls03	1	22	1	0	2.0000	0.0000	1.0000	NaN	3.7219	2.2969	14.2431	160648.1621	160648.4631	1.0000	1.0000	0.1578
32ls03	1	23	1	0	1.0000	0.0000	1.0000	0.7202	NaN	NaN	NaN	160650.8442	160651.1794	1.0000	1.0000	0.2027
32ls03	1	23	1	0	2.0000	0.0000	1.0000	NaN	1.2814	1.4292	13.7632	160651.9921	160652.2930	1.0000	1.0000	0.3544
32ls03	1	24	1	0	1.0000	0.0000	-1.0000	0.5553	NaN	NaN	NaN	160654.7263	160655.0593	0.0000	1.0000	0.2098
32ls03	1	24	1	0	2.0000	0.0000	1.0000	NaN	2.0846	1.0890	13.8363	160655.8585	160656.1599	1.0000	1.0000	0.0084
32ls03	1	25	1	0	1.0000	0.0000	1.0000	0.6581	NaN	NaN	NaN	160658.2653	160658.5925	1.0000	1.0000	0.1405
32ls03	1	25	1	0	2.0000	0.0000	1.0000	NaN	2.7011	1.0897	15.2905	160659.3311	160659.6322	1.0000	1.0000	0.2209
32ls03	1	26	1	0	1.0000	0.0000	1.0000	0.7047	NaN	NaN	NaN	160662.4348	160662.7618	1.0000	1.0000	0.1631
32ls03	1	26	1	0	2.0000	0.0000	1.0000	NaN	0.8314	0.8550	14.1051	160663.5527	160663.8537	1.0000	1.0000	0.2473
32ls03	1	27	1	0	1.0000	0.0000	1.0000	0.3452	NaN	NaN	NaN	160665.9664	160666.2943	1.0000	1.0000	0.1986
32ls03	1	27	1	0	2.0000	0.0000	1.0000	NaN	0.1153	1.5093	16.0839	160667.0928	160667.3938	1.0000	1.0000	0.1655
32ls03	1	28	1	0	1.0000	0.0000	1.0000	0.3259	NaN	NaN	NaN	160669.7249	160670.0511	1.0000	1.0000	0.1389
32ls03	1	28	1	0	2.0000	0.0000	1.0000	NaN	2.0189	0.8994	15.9172	160670.7609	160671.0621	1.0000	1.0000	0.3749
32ls03	1	29	1	0	1.0000	0.0000	1.0000	0.2447	NaN	NaN	NaN	160673.8010	160674.1332	1.0000	1.0000	0.1037
32ls03	1	29	1	0	2.0000	0.0000	1.0000	NaN	3.4558	3.9041	14.3192	160674.8423	160675.1434	1.0000	1.0000	0.1337
32ls03	1	30	1	0	1.0000	0.0000	1.0000	0.4487	NaN	NaN	NaN	160677.7584	160678.0857	1.0000	1.0000	0.1698
32ls03	1	30	1	0	2.0000	0.0000	1.0000	NaN	3.2758	2.0506	12.8826	160678.8507	160679.1517	1.0000	1.0000	0.4153
32ls03	1	31	1	0	1.0000	0.0000	-1.0000	0.5288	NaN	NaN	NaN	160681.7039	160682.0305	0.0000	1.0000	0.3743
32ls03	1	31	1	0	2.0000	0.0000	1.0000	NaN	2.1090	1.4948	13.4321	160682.9780	160683.2791	1.0000	1.0000	0.0156
32ls03	1	32	1	0	1.0000	0.0000	1.0000	0.2067	NaN	NaN	NaN	160685.6074	160685.9366	1.0000	1.0000	0.5803
32ls03	1	32	1	0	2.0000	0.0000	1.0000	NaN	5.3527	5.3242	15.4072	160687.1055	160687.4065	1.0000	1.0000	0.1208
32ls03	1	33	1	0	1.0000	0.0000	1.0000	0.0569	NaN	NaN	NaN	160689.5237	160689.8527	1.0000	1.0000	0.5630
32ls03	1	33	1	0	2.0000	0.0000	1.0000	NaN	0.4271	0.4428	14.8363	160691.0023	160691.3034	1.0000	1.0000	0.3517
32ls03	1	34	1	0	1.0000	0.0000	-1.0000	0.5657	NaN	NaN	NaN	160694.0425	160694.3706	0.0000	1.0000	0.2183
32ls03	1	34	1	0	2.0000	0.0000	1.0000	NaN	3.8922	3.0015	16.5294	160695.1533	160695.4543	1.0000	1.0000	0.0546
32ls03	1	35	1	0	1.0000	0.0000	-1.0000	0.2647	NaN	NaN	NaN	160697.7153	160698.0432	0.0000	1.0000	0.1876
32ls03	1	35	1	0	2.0000	0.0000	1.0000	NaN	0.2525	0.0753	15.8127	160698.7979	160699.0992	1.0000	1.0000	0.3080
32ls03	1	36	1	0	1.0000	0.0000	1.0000	0.3004	NaN	NaN	NaN	160701.6857	160702.0153	0.0000	0.0000	0.5434
32ls03	1	36	1	0	2.0000	0.0000	-1.0000	NaN	2.2697	-1.9962	15.7035	160703.1296	160703.4306	0.0000	1.0000	0.7584
32ls03	1	37	1	0	1.0000	0.0000	-1.0000	0.3339	NaN	NaN	NaN	160706.3378	160706.6656	0.0000	1.0000	0.6452
32ls03	1	37	1	0	2.0000	0.0000	1.0000	NaN	2.7520	3.9263	15.0785	160707.8736	160708.1747	1.0000	1.0000	0.2221
32ls03	1	38	1	0	1.0000	0.0000	-1.0000	0.2113	NaN	NaN	NaN	160710.8356	160711.1635	0.0000	1.0000	0.8039
32ls03	1	38	1	0	2.0000	0.0000	1.0000	NaN	0.6588	1.5861	14.0112	160712.5285	160712.8295	1.0000	1.0000	0.0084
32ls03	1	39	1	0	1.0000	0.0000	-1.0000	0.2086	NaN	NaN	NaN	160715.0776	160715.4056	0.0000	1.0000	0.3056
32ls03	1	39	1	0	2.0000	0.0000	1.0000	NaN	5.1751	5.1018	14.5560	160716.2571	160716.5581	1.0000	1.0000	0.1590
32ls03	1	40	1	0	1.0000	0.0000	-1.0000	0.6653	NaN	NaN	NaN	160718.9395	160719.2667	0.0000	1.0000	0.1622
32ls03	1	40	1	0	2.0000	0.0000	1.0000	NaN	5.3813	4.3366	14.6421	160720.0097	160720.3107	1.0000	1.0000	0.0621
32ls03	1	41	1	0	1.0000	0.0000	1.0000	0.1206	NaN	NaN	NaN	160722.1983	160722.5281	0.0000	0.0000	0.7674
32ls03	1	41	1	0	2.0000	0.0000	-1.0000	NaN	3.3927	-3.4085	15.2007	160723.8499	160724.1509	1.0000	0.0000	0.3204
32ls03	1	42	1	0	1.0000	0.0000	1.0000	0.6098	NaN	NaN	NaN	160726.5186	160726.8471	1.0000	1.0000	0.3656
32ls03	1	42	1	0	2.0000	0.0000	1.0000	NaN	1.9099	3.0028	15.4423	160727.7935	160728.0948	1.0000	1.0000	0.1102
32ls03	1	43	1	0	1.0000	0.0000	1.0000	0.2011	NaN	NaN	NaN	160730.2295	160730.5566	1.0000	1.0000	0.7226
32ls03	1	43	1	0	2.0000	0.0000	1.0000	NaN	5.4244	5.8112	15.9606	160731.8418	160732.1428	1.0000	1.0000	0.2719
32ls03	1	44	1	0	1.0000	0.0000	1.0000	0.3325	NaN	NaN	NaN	160734.7529	160735.0836	1.0000	1.0000	0.5532
32ls03	1	44	1	0	2.0000	0.0000	1.0000	NaN	3.2897	3.2115	14.4814	160736.2178	160736.5189	1.0000	1.0000	0.2460
32ls03	1	45	1	0	1.0000	0.0000	1.0000	0.2868	NaN	NaN	NaN	160739.1387	160739.4658	1.0000	1.0000	0.1977
32ls03	1	45	1	0	2.0000	0.0000	1.0000	NaN	4.0491	4.3842	15.2890	160740.2344	160740.5356	1.0000	1.0000	0.1891
32ls03	1	46	1	0	1.0000	0.0000	-1.0000	0.5985	NaN	NaN	NaN	160742.9565	160743.2847	0.0000	1.0000	0.3866
32ls03	1	46	1	0	2.0000	0.0000	1.0000	NaN	0.9122	0.2197	17.1527	160744.2500	160744.5511	1.0000	1.0000	0.2715
32ls03	1	47	1	0	1.0000	0.0000	1.0000	0.0333	NaN	NaN	NaN	160747.0778	160747.4056	0.0000	0.0000	0.6316
32ls03	1	47	1	0	2.0000	0.0000	-1.0000	NaN	3.7450	-6.9183	13.7419	160748.5781	160748.8793	0.0000	1.0000	0.3043
32ls03	1	48	1	0	1.0000	0.0000	1.0000	0.7395	NaN	NaN	NaN	160751.7473	160752.0742	1.0000	1.0000	0.2268
32ls03	1	48	1	0	2.0000	0.0000	1.0000	NaN	2.8097	2.3916	12.9221	160752.8735	160753.1748	1.0000	1.0000	0.7502
32ls03	1	49	1	0	1.0000	0.0000	-1.0000	0.2847	NaN	NaN	NaN	160756.0319	160756.3587	0.0000	1.0000	0.2893
32ls03	1	49	1	0	2.0000	0.0000	1.0000	NaN	4.4738	7.1904	14.9775	160757.2104	160757.5116	1.0000	1.0000	0.0233
32ls03	1	50	1	0	1.0000	0.0000	1.0000	0.4541	NaN	NaN	NaN	160759.8245	160760.1511	0.0000	0.0000	0.5113
32ls03	1	50	1	0	2.0000	0.0000	-1.0000	NaN	3.8655	-4.6581	15.1038	160761.2816	160761.5826	1.0000	0.0000	0.1343
32ls03	2	1	1	0	1.0000	0.0000	1.0000	0.3554	NaN	NaN	NaN	160767.9531	160768.2821	1.0000	1.0000	0.7230
32ls03	2	1	1	0	2.0000	0.0000	1.0000	NaN	3.9578	0.9944	15.2335	160769.5617	160769.8628	1.0000	1.0000	0.4621
32ls03	2	2	1	0	1.0000	0.0000	-1.0000	0.5613	NaN	NaN	NaN	160772.4994	160772.8288	0.0000	1.0000	0.2256
32ls03	2	2	1	0	2.0000	0.0000	1.0000	NaN	1.7232	2.3987	15.0755	160773.6010	160773.9020	1.0000	1.0000	0.0868
32ls03	2	3	1	0	1.0000	0.0000	1.0000	0.4091	NaN	NaN	NaN	160775.9712	160776.2993	1.0000	1.0000	0.0976
32ls03	2	3	1	0	2.0000	0.0000	1.0000	NaN	2.9287	0.6840	14.9253	160776.9695	160777.2705	1.0000	1.0000	0.0086
32ls03	2	4	1	0	1.0000	0.0000	1.0000	0.7442	NaN	NaN	NaN	160779.2470	160779.5745	1.0000	1.0000	0.1583
32ls03	2	4	1	0	2.0000	0.0000	1.0000	NaN	0.1905	1.7743	14.9361	160780.2653	160780.5665	1.0000	1.0000	0.1506
32ls03	2	5	1	0	1.0000	0.0000	-1.0000	0.1934	NaN	NaN	NaN	160782.9829	160783.3112	0.0000	1.0000	0.2138
32ls03	2	5	1	0	2.0000	0.0000	1.0000	NaN	3.9660	2.6288	16.7117	160784.1134	160784.4143	1.0000	1.0000	0.0082
32ls03	2	6	1	0	1.0000	0.0000	1.0000	0.3874	NaN	NaN	NaN	160786.3050	160786.6365	1.0000	1.0000	0.1776
32ls03	2	6	1	0	2.0000	0.0000	1.0000	NaN	0.4753	0.8387	14.7307	160787.3531	160787.6541	1.0000	1.0000	0.0085
32ls03	2	7	1	0	1.0000	0.0000	-1.0000	0.3205	NaN	NaN	NaN	160790.0211	160790.3486	0.0000	1.0000	0.1610
32ls03	2	7	1	0	2.0000	0.0000	1.0000	NaN	3.3096	4.4069	14.8348	160791.0506	160791.3519	1.0000	1.0000	0.0086
32ls03	2	8	1	0	1.0000	0.0000	-1.0000	0.4738	NaN	NaN	NaN	160793.5412	160793.8718	0.0000	1.0000	0.1492
32ls03	2	8	1	0	2.0000	0.0000	1.0000	NaN	0.0184	0.7156	16.0993	160794.5989	160794.9006	1.0000	1.0000	0.0085
32ls03	2	9	1	0	1.0000	0.0000	1.0000	0.5694	NaN	NaN	NaN	160797.2273	160797.5568	1.0000	1.0000	0.1442
32ls03	2	9	1	0	2.0000	0.0000	1.0000	NaN	1.0864	1.0131	15.2727	160798.2808	160798.5817	1.0000	1.0000	0.0081
32ls03	2	10	1	0	1.0000	0.0000	-1.0000	0.2178	NaN	NaN	NaN	160800.6586	160800.9884	0.0000	1.0000	0.1293
32ls03	2	10	1	0	2.0000	0.0000	1.0000	NaN	3.3271	1.3774	14.7221	160801.6570	160801.9586	1.0000	1.0000	0.0083
32ls03	2	11	1	0	1.0000	0.0000	-1.0000	0.5613	NaN	NaN	NaN	160804.1165	160804.4446	0.0000	1.0000	0.0901
32ls03	2	11	1	0	2.0000	0.0000	1.0000	NaN	3.7458	3.2743	14.7499	160805.0749	160805.3759	1.0000	1.0000	0.0085
32ls03	2	12	1	0	1.0000	0.0000	1.0000	0.4153	NaN	NaN	NaN	160807.4060	160807.7321	1.0000	1.0000	0.4889
32ls03	2	12	1	0	2.0000	0.0000	1.0000	NaN	0.7542	2.4916	15.3208	160808.7642	160809.0655	1.0000	1.0000	0.0085
32ls03	2	13	1	0	1.0000	0.0000	-1.0000	0.5057	NaN	NaN	NaN	160811.3479	160811.6765	0.0000	1.0000	0.2249
32ls03	2	13	1	0	2.0000	0.0000	1.0000	NaN	5.4865	2.5689	13.9005	160812.4493	160812.7503	1.0000	1.0000	0.0087
32ls03	2	14	1	0	1.0000	0.0000	1.0000	0.5886	NaN	NaN	NaN	160814.9333	160815.2617	1.0000	1.0000	0.0554
32ls03	2	14	1	0	2.0000	0.0000	1.0000	NaN	0.7465	0.4841	14.8436	160815.8652	160816.1664	1.0000	1.0000	0.0090
32ls03	2	15	1	0	1.0000	0.0000	1.0000	0.4381	NaN	NaN	NaN	160818.4604	160818.7880	1.0000	1.0000	0.0809
32ls03	2	15	1	0	2.0000	0.0000	1.0000	NaN	4.9014	6.6688	15.8335	160819.4421	160819.7433	1.0000	1.0000	0.0082
32ls03	2	16	1	0	1.0000	0.0000	-1.0000	0.4816	NaN	NaN	NaN	160821.9491	160822.2766	1.0000	0.0000	0.1296
32ls03	2	16	1	0	2.0000	0.0000	-1.0000	NaN	2.6453	-0.2411	15.5135	160822.9374	160823.2384	0.0000	1.0000	0.0083
32ls03	2	17	1	0	1.0000	0.0000	-1.0000	0.2605	NaN	NaN	NaN	160825.0815	160825.4112	0.0000	1.0000	0.1883
32ls03	2	17	1	0	2.0000	0.0000	1.0000	NaN	3.5682	3.4584	15.3552	160826.1545	160826.4555	1.0000	1.0000	0.0084
32ls03	2	18	1	0	1.0000	0.0000	1.0000	0.2516	NaN	NaN	NaN	160828.7958	160829.1225	1.0000	1.0000	0.6041
32ls03	2	18	1	0	2.0000	0.0000	1.0000	NaN	4.6496	5.5006	14.8446	160830.2890	160830.5900	1.0000	1.0000	4.6071
32ls03	2	19	1	0	1.0000	0.0000	1.0000	0.7163	NaN	NaN	NaN	160837.7785	160838.1061	1.0000	1.0000	0.3894
32ls03	2	19	1	0	2.0000	0.0000	1.0000	NaN	2.7150	1.0883	14.2378	160838.9851	160839.2863	1.0000	1.0000	0.2869
32ls03	2	20	1	0	1.0000	0.0000	1.0000	0.5881	NaN	NaN	NaN	160841.8390	160842.1658	1.0000	1.0000	0.3991
32ls03	2	20	1	0	2.0000	0.0000	1.0000	NaN	4.6984	3.8808	15.7761	160843.1456	160843.4468	1.0000	1.0000	0.2304
32ls03	2	21	1	0	1.0000	0.0000	-1.0000	0.5334	NaN	NaN	NaN	160846.2091	160846.5359	0.0000	1.0000	0.2611
32ls03	2	21	1	0	2.0000	0.0000	1.0000	NaN	5.2845	5.6478	12.9567	160847.3777	160847.6791	1.0000	1.0000	0.2087
32ls03	2	22	1	0	1.0000	0.0000	-1.0000	0.6163	NaN	NaN	NaN	160850.2585	160850.5854	0.0000	1.0000	0.1395
32ls03	2	22	1	0	2.0000	0.0000	1.0000	NaN	3.2532	4.6409	14.4413	160851.2814	160851.5823	1.0000	1.0000	0.0410
32ls03	2	23	1	0	1.0000	0.0000	1.0000	0.3230	NaN	NaN	NaN	160854.1282	160854.4554	1.0000	1.0000	0.2548
32ls03	2	23	1	0	2.0000	0.0000	1.0000	NaN	0.7432	0.3228	15.1687	160855.2735	160855.5746	1.0000	1.0000	0.2166
32ls03	2	24	1	0	1.0000	0.0000	1.0000	0.4836	NaN	NaN	NaN	160857.8531	160858.1813	1.0000	1.0000	0.2316
32ls03	2	24	1	0	2.0000	0.0000	1.0000	NaN	4.8476	4.5424	16.1782	160858.9690	160859.2702	1.0000	1.0000	0.1766
32ls03	2	25	1	0	1.0000	0.0000	1.0000	0.3283	NaN	NaN	NaN	160861.7773	160862.1046	0.0000	0.0000	0.3750
32ls03	2	25	1	0	2.0000	0.0000	-1.0000	NaN	4.1229	-4.6179	15.2099	160863.0969	160863.3981	0.0000	1.0000	0.3349
32ls03	2	26	1	0	1.0000	0.0000	1.0000	0.5254	NaN	NaN	NaN	160866.2487	160866.5781	1.0000	1.0000	0.2749
32ls03	2	26	1	0	2.0000	0.0000	1.0000	NaN	4.8621	4.0664	14.6000	160867.4745	160867.7755	1.0000	1.0000	0.2880
32ls03	2	27	1	0	1.0000	0.0000	1.0000	0.2887	NaN	NaN	NaN	160870.1359	160870.4630	1.0000	1.0000	0.2321
32ls03	2	27	1	0	2.0000	0.0000	1.0000	NaN	1.0261	1.7946	15.2142	160871.2592	160871.5602	1.0000	1.0000	0.2369
32ls03	2	28	1	0	1.0000	0.0000	-1.0000	0.0495	NaN	NaN	NaN	160873.7869	160874.1154	1.0000	0.0000	0.3215
32ls03	2	28	1	0	2.0000	0.0000	-1.0000	NaN	5.3807	-3.5683	15.0110	160875.0182	160875.3192	1.0000	0.0000	0.4325
32ls03	2	29	1	0	1.0000	0.0000	1.0000	0.0028	NaN	NaN	NaN	160877.8258	160878.1535	1.0000	1.0000	0.9254
32ls03	2	29	1	0	2.0000	0.0000	1.0000	NaN	3.4020	2.3710	14.2611	160879.6731	160879.9741	1.0000	1.0000	0.3990
32ls03	2	30	1	0	1.0000	0.0000	-1.0000	0.4535	NaN	NaN	NaN	160882.8298	160883.1585	0.0000	1.0000	0.3047
32ls03	2	30	1	0	2.0000	0.0000	1.0000	NaN	0.6097	0.1847	14.5936	160884.0026	160884.3037	1.0000	1.0000	0.0082
32ls03	2	31	1	0	1.0000	0.0000	-1.0000	0.3466	NaN	NaN	NaN	160886.5759	160886.9033	0.0000	1.0000	0.2858
32ls03	2	31	1	0	2.0000	0.0000	1.0000	NaN	4.1245	5.6747	15.2452	160887.7294	160888.0309	1.0000	1.0000	0.0642
32ls03	2	32	1	0	1.0000	0.0000	-1.0000	0.2761	NaN	NaN	NaN	160890.2256	160890.5535	0.0000	1.0000	0.2195
32ls03	2	32	1	0	2.0000	0.0000	1.0000	NaN	2.6606	2.6553	14.7547	160891.3304	160891.6314	1.0000	1.0000	0.3417
32ls03	2	33	1	0	1.0000	0.0000	1.0000	0.6550	NaN	NaN	NaN	160894.0709	160894.3991	1.0000	1.0000	0.2798
32ls03	2	33	1	0	2.0000	0.0000	1.0000	NaN	3.6673	3.2857	16.4896	160895.2495	160895.5506	1.0000	1.0000	0.3036
32ls03	2	34	1	0	1.0000	0.0000	-1.0000	0.7689	NaN	NaN	NaN	160897.8370	160898.1647	0.0000	1.0000	0.1945
32ls03	2	34	1	0	2.0000	0.0000	1.0000	NaN	3.5385	6.6854	15.0121	160898.9376	160899.2386	1.0000	1.0000	0.0945
32ls03	2	35	1	0	1.0000	0.0000	-1.0000	0.1325	NaN	NaN	NaN	160901.6336	160901.9598	0.0000	1.0000	0.3094
32ls03	2	35	1	0	2.0000	0.0000	1.0000	NaN	4.1573	4.0245	14.8448	160902.8336	160903.1346	1.0000	1.0000	0.1424
32ls03	2	36	1	0	1.0000	0.0000	1.0000	0.7591	NaN	NaN	NaN	160905.6843	160906.0133	1.0000	1.0000	0.1757
32ls03	2	36	1	0	2.0000	0.0000	1.0000	NaN	0.0764	0.9240	15.3460	160906.7687	160907.0697	1.0000	1.0000	0.2018
32ls03	2	37	1	0	1.0000	0.0000	-1.0000	0.6054	NaN	NaN	NaN	160909.6181	160909.9456	0.0000	1.0000	0.3257
32ls03	2	37	1	0	2.0000	0.0000	1.0000	NaN	3.2380	4.3374	15.7074	160910.8343	160911.1353	1.0000	1.0000	0.0483
32ls03	2	38	1	0	1.0000	0.0000	-1.0000	0.4786	NaN	NaN	NaN	160913.5541	160913.8848	0.0000	1.0000	0.1545
32ls03	2	38	1	0	2.0000	0.0000	1.0000	NaN	3.3265	5.2818	14.5801	160914.6336	160914.9346	1.0000	1.0000	0.1205
32ls03	2	39	1	0	1.0000	0.0000	1.0000	0.6626	NaN	NaN	NaN	160917.4762	160917.8056	1.0000	1.0000	0.1789
32ls03	2	39	1	0	2.0000	0.0000	1.0000	NaN	4.5415	3.4377	15.3889	160918.5689	160918.8701	1.0000	1.0000	0.1208
32ls03	2	40	1	0	1.0000	0.0000	1.0000	0.1515	NaN	NaN	NaN	160920.8463	160921.1737	1.0000	1.0000	0.1135
32ls03	2	40	1	0	2.0000	0.0000	1.0000	NaN	2.1381	3.5449	14.1672	160921.8816	160922.1826	1.0000	1.0000	0.2384
32ls03	2	41	1	0	1.0000	0.0000	-1.0000	0.1659	NaN	NaN	NaN	160924.5684	160924.8957	0.0000	1.0000	0.2933
32ls03	2	41	1	0	2.0000	0.0000	1.0000	NaN	5.3699	3.4955	14.9445	160925.7939	160926.0949	1.0000	1.0000	0.1286
32ls03	2	42	1	0	1.0000	0.0000	-1.0000	0.3881	NaN	NaN	NaN	160928.3541	160928.6818	0.0000	1.0000	0.1953
32ls03	2	42	1	0	2.0000	0.0000	1.0000	NaN	4.2939	3.9807	14.2812	160929.4442	160929.7456	1.0000	1.0000	0.1579
32ls03	2	43	1	0	1.0000	0.0000	1.0000	0.0415	NaN	NaN	NaN	160932.0340	160932.3616	0.0000	0.0000	0.5421
32ls03	2	43	1	0	2.0000	0.0000	-1.0000	NaN	3.2926	-1.2177	13.2599	160933.4582	160933.7595	1.0000	0.0000	0.5096
32ls03	2	44	1	0	1.0000	0.0000	-1.0000	0.4953	NaN	NaN	NaN	160936.4187	160936.7469	0.0000	1.0000	0.1621
32ls03	2	44	1	0	2.0000	0.0000	1.0000	NaN	4.6642	6.4270	14.5552	160937.4726	160937.7736	1.0000	1.0000	0.0084
32ls03	2	45	1	0	1.0000	0.0000	-1.0000	0.2970	NaN	NaN	NaN	160940.1812	160940.5098	0.0000	1.0000	0.1832
32ls03	2	45	1	0	2.0000	0.0000	1.0000	NaN	0.4106	0.2854	15.4415	160941.2740	160941.5750	1.0000	1.0000	0.0084
32ls03	2	46	1	0	1.0000	0.0000	-1.0000	0.1094	NaN	NaN	NaN	160944.1982	160944.5260	0.0000	1.0000	0.2968
32ls03	2	46	1	0	2.0000	0.0000	1.0000	NaN	4.3589	3.2721	14.4717	160945.3776	160945.6788	1.0000	1.0000	0.5526
32ls03	2	47	1	0	1.0000	0.0000	-1.0000	0.5711	NaN	NaN	NaN	160948.4030	160948.7313	0.0000	1.0000	0.1713
32ls03	2	47	1	0	2.0000	0.0000	1.0000	NaN	3.6825	3.6449	14.3150	160949.4737	160949.7747	1.0000	1.0000	0.1341
32ls03	2	48	1	0	1.0000	0.0000	-1.0000	0.6419	NaN	NaN	NaN	160952.1489	160952.4757	0.0000	1.0000	0.0730
32ls03	2	48	1	0	2.0000	0.0000	1.0000	NaN	3.3862	3.9836	13.8492	160953.1135	160953.4146	1.0000	1.0000	0.0566
32ls03	2	49	1	0	1.0000	0.0000	1.0000	0.6665	NaN	NaN	NaN	160955.8432	160956.1707	1.0000	1.0000	0.2198
32ls03	2	49	1	0	2.0000	0.0000	1.0000	NaN	1.9539	3.1947	15.1029	160956.9451	160957.2463	1.0000	1.0000	0.2329
32ls03	2	50	1	0	1.0000	0.0000	1.0000	0.0335	NaN	NaN	NaN	160959.6679	160959.9966	0.0000	0.0000	0.3311
32ls03	2	50	1	0	2.0000	0.0000	-1.0000	NaN	4.5206	-4.8852	16.4834	160960.8890	160961.1900	1.0000	0.0000	0.1294
32ls03	3	1	1	0	1.0000	0.0000	1.0000	0.7021	NaN	NaN	NaN	160966.4089	160966.7375	1.0000	1.0000	0.5494
32ls03	3	1	1	0	2.0000	0.0000	1.0000	NaN	5.2537	6.0742	16.4763	160967.8734	160968.1746	1.0000	1.0000	0.4142
32ls03	3	2	1	0	1.0000	0.0000	1.0000	0.3005	NaN	NaN	NaN	160970.8885	160971.2179	0.0000	0.0000	0.6830
32ls03	3	2	1	0	2.0000	0.0000	-1.0000	NaN	3.7945	-2.8795	14.8976	160972.4589	160972.7599	0.0000	1.0000	0.6532
32ls03	3	3	1	0	1.0000	0.0000	1.0000	0.2589	NaN	NaN	NaN	160975.5206	160975.8490	0.0000	0.0000	0.5000
32ls03	3	3	1	0	2.0000	0.0000	-1.0000	NaN	5.4879	-3.7681	14.9706	160976.9379	160977.2390	1.0000	0.0000	0.0167
32ls03	3	4	1	0	1.0000	0.0000	-1.0000	0.6631	NaN	NaN	NaN	160979.5430	160979.8714	0.0000	1.0000	0.3116
32ls03	3	4	1	0	2.0000	0.0000	1.0000	NaN	3.5734	4.6172	15.3487	160980.7214	160981.0224	1.0000	1.0000	0.0082
32ls03	3	5	1	0	1.0000	0.0000	1.0000	0.1567	NaN	NaN	NaN	160983.3221	160983.6521	0.0000	0.0000	0.4677
32ls03	3	5	1	0	2.0000	0.0000	-1.0000	NaN	1.9532	-2.1116	16.2489	160984.6974	160984.9985	1.0000	0.0000	0.1664
32ls03	3	6	1	0	1.0000	0.0000	1.0000	0.1546	NaN	NaN	NaN	160987.8089	160988.1360	0.0000	0.0000	0.5492
32ls03	3	6	1	0	2.0000	0.0000	-1.0000	NaN	0.1245	-0.3660	15.2559	160989.2410	160989.5421	1.0000	0.0000	0.7121
32ls03	3	7	1	0	1.0000	0.0000	1.0000	0.7184	NaN	NaN	NaN	160992.6367	160992.9646	1.0000	1.0000	0.2642
32ls03	3	7	1	0	2.0000	0.0000	1.0000	NaN	1.2596	0.9618	15.4975	160993.8013	160994.1024	1.0000	1.0000	0.0083
32ls03	3	8	1	0	1.0000	0.0000	1.0000	0.1685	NaN	NaN	NaN	160996.1609	160996.4887	1.0000	1.0000	0.4628
32ls03	3	8	1	0	2.0000	0.0000	1.0000	NaN	2.0656	0.7141	16.1440	160997.5367	160997.8377	1.0000	1.0000	0.2477
32ls03	3	9	1	0	1.0000	0.0000	-1.0000	0.4056	NaN	NaN	NaN	161000.2173	161000.5443	0.0000	1.0000	0.3165
32ls03	3	9	1	0	2.0000	0.0000	1.0000	NaN	0.9365	0.5494	14.3530	161001.4329	161001.7341	1.0000	1.0000	0.0083
32ls03	3	10	1	0	1.0000	0.0000	-1.0000	0.5433	NaN	NaN	NaN	161004.0183	161004.3470	0.0000	1.0000	0.2261
32ls03	3	10	1	0	2.0000	0.0000	1.0000	NaN	2.9900	4.6231	13.7955	161005.1769	161005.4779	1.0000	1.0000	0.0086
32ls03	3	11	1	0	1.0000	0.0000	-1.0000	0.5295	NaN	NaN	NaN	161007.7058	161008.0346	0.0000	1.0000	0.1704
32ls03	3	11	1	0	2.0000	0.0000	1.0000	NaN	4.4564	2.8544	15.8530	161008.7695	161009.0705	1.0000	1.0000	0.0226
32ls03	3	12	1	0	1.0000	0.0000	1.0000	0.3718	NaN	NaN	NaN	161011.3676	161011.6952	0.0000	0.0000	0.0858
32ls03	3	12	1	0	2.0000	0.0000	-1.0000	NaN	2.7754	-3.7211	14.0373	161012.4024	161012.7034	0.0000	1.0000	0.1199
32ls03	3	13	1	0	1.0000	0.0000	1.0000	0.2486	NaN	NaN	NaN	161015.2701	161015.5974	0.0000	0.0000	0.5518
32ls03	3	13	1	0	2.0000	0.0000	-1.0000	NaN	0.9965	-1.6962	14.9778	161016.7369	161017.0379	0.0000	1.0000	0.3297
32ls03	3	14	1	0	1.0000	0.0000	1.0000	0.7306	NaN	NaN	NaN	161019.7298	161020.0592	1.0000	1.0000	0.3378
32ls03	3	14	1	0	2.0000	0.0000	1.0000	NaN	1.4189	3.0848	15.3970	161020.9626	161021.2636	1.0000	1.0000	0.2774
32ls03	3	15	1	0	1.0000	0.0000	-1.0000	0.2671	NaN	NaN	NaN	161023.7825	161024.1130	0.0000	1.0000	0.2283
32ls03	3	15	1	0	2.0000	0.0000	1.0000	NaN	2.4579	2.2263	14.2850	161024.9131	161025.2141	1.0000	1.0000	0.3693
32ls03	3	16	1	0	1.0000	0.0000	-1.0000	0.4010	NaN	NaN	NaN	161027.7734	161028.1007	0.0000	1.0000	0.2982
32ls03	3	16	1	0	2.0000	0.0000	1.0000	NaN	3.3417	4.5472	15.1000	161028.9293	161029.2304	1.0000	1.0000	0.1188
32ls03	3	17	1	0	1.0000	0.0000	-1.0000	0.6391	NaN	NaN	NaN	161031.5070	161031.8333	0.0000	1.0000	0.1823
32ls03	3	17	1	0	2.0000	0.0000	1.0000	NaN	2.6351	2.3990	14.2866	161032.5489	161032.8498	1.0000	1.0000	0.0083
32ls03	3	18	1	0	1.0000	0.0000	-1.0000	0.2615	NaN	NaN	NaN	161035.4534	161035.7809	0.0000	1.0000	0.2004
32ls03	3	18	1	0	2.0000	0.0000	1.0000	NaN	0.9579	1.2853	15.6903	161036.5524	161036.8535	1.0000	1.0000	0.0082
32ls03	3	19	1	0	1.0000	0.0000	-1.0000	0.4430	NaN	NaN	NaN	161038.9545	161039.2829	0.0000	1.0000	0.1939
32ls03	3	19	1	0	2.0000	0.0000	1.0000	NaN	4.6995	7.4043	14.8166	161040.0344	161040.3358	1.0000	1.0000	0.2133
32ls03	3	20	1	0	1.0000	0.0000	1.0000	0.1984	NaN	NaN	NaN	161042.4344	161042.7612	0.0000	0.0000	0.3240
32ls03	3	20	1	0	2.0000	0.0000	-1.0000	NaN	4.4142	-5.6765	15.2868	161043.6415	161043.9427	0.0000	1.0000	0.3290
32ls03	3	21	1	0	1.0000	0.0000	1.0000	0.1989	NaN	NaN	NaN	161046.5439	161046.8719	0.0000	0.0000	0.5410
32ls03	3	21	1	0	2.0000	0.0000	-1.0000	NaN	1.7269	-2.4447	13.9849	161047.9693	161048.2704	0.0000	1.0000	0.2623
32ls03	3	22	1	0	1.0000	0.0000	1.0000	0.2529	NaN	NaN	NaN	161050.9324	161051.2595	1.0000	1.0000	0.6092
32ls03	3	22	1	0	2.0000	0.0000	1.0000	NaN	1.7383	1.4628	15.6844	161052.4505	161052.7516	1.0000	1.0000	0.0085
32ls03	3	23	1	0	1.0000	0.0000	1.0000	0.4893	NaN	NaN	NaN	161055.3582	161055.6864	1.0000	1.0000	0.0574
32ls03	3	23	1	0	2.0000	0.0000	1.0000	NaN	5.2783	5.1658	14.8122	161056.3461	161056.6472	1.0000	1.0000	0.2779
32ls03	3	24	1	0	1.0000	0.0000	-1.0000	0.3217	NaN	NaN	NaN	161059.3080	161059.6344	0.0000	1.0000	0.2215
32ls03	3	24	1	0	2.0000	0.0000	1.0000	NaN	1.2703	1.0721	14.4064	161060.4183	161060.7193	1.0000	1.0000	0.1738
32ls03	3	25	1	0	1.0000	0.0000	1.0000	0.2591	NaN	NaN	NaN	161063.4171	161063.7453	0.0000	0.0000	0.4759
32ls03	3	25	1	0	2.0000	0.0000	-1.0000	NaN	5.1591	-4.5795	15.4567	161064.7702	161065.0715	1.0000	0.0000	0.1177
32ls03	3	26	1	0	1.0000	0.0000	-1.0000	0.7580	NaN	NaN	NaN	161067.8218	161068.1487	0.0000	1.0000	0.1921
32ls03	3	26	1	0	2.0000	0.0000	1.0000	NaN	0.3524	1.4490	16.0740	161068.8957	161069.1967	1.0000	1.0000	0.3704
32ls03	3	27	1	0	1.0000	0.0000	1.0000	0.6823	NaN	NaN	NaN	161071.7221	161072.0509	1.0000	1.0000	0.2600
32ls03	3	27	1	0	2.0000	0.0000	1.0000	NaN	3.5087	3.2949	14.6081	161072.8807	161073.1819	1.0000	1.0000	0.1750
32ls03	3	28	1	0	1.0000	0.0000	1.0000	0.3917	NaN	NaN	NaN	161075.5213	161075.8478	1.0000	1.0000	0.2462
32ls03	3	28	1	0	2.0000	0.0000	1.0000	NaN	1.7736	2.2877	14.4505	161076.6748	161076.9760	1.0000	1.0000	0.1749
32ls03	3	29	1	0	1.0000	0.0000	-1.0000	0.2582	NaN	NaN	NaN	161079.5819	161079.9103	0.0000	1.0000	0.1690
32ls03	3	29	1	0	2.0000	0.0000	1.0000	NaN	0.9233	2.4496	15.6757	161080.6501	161080.9510	1.0000	1.0000	0.0621
32ls03	3	30	1	0	1.0000	0.0000	-1.0000	0.2270	NaN	NaN	NaN	161083.5634	161083.8914	0.0000	1.0000	0.4018
32ls03	3	30	1	0	2.0000	0.0000	1.0000	NaN	0.3387	0.5666	15.1186	161084.9077	161085.2087	1.0000	1.0000	0.1483
32ls03	3	31	1	0	1.0000	0.0000	1.0000	0.2914	NaN	NaN	NaN	161087.7723	161088.0997	1.0000	1.0000	0.1635
32ls03	3	31	1	0	2.0000	0.0000	1.0000	NaN	5.1266	5.6563	15.0099	161088.8425	161089.1438	1.0000	1.0000	0.0089
32ls03	3	32	1	0	1.0000	0.0000	-1.0000	0.7251	NaN	NaN	NaN	161091.7418	161092.0692	0.0000	1.0000	0.2003
32ls03	3	32	1	0	2.0000	0.0000	1.0000	NaN	4.7694	4.4570	16.1500	161092.8490	161093.1500	1.0000	1.0000	0.0085
32ls03	3	33	1	0	1.0000	0.0000	1.0000	0.1390	NaN	NaN	NaN	161095.2747	161095.6027	1.0000	1.0000	0.3636
32ls03	3	33	1	0	2.0000	0.0000	1.0000	NaN	0.1764	1.2930	14.7762	161096.5341	161096.8357	1.0000	1.0000	0.3293
32ls03	3	34	1	0	1.0000	0.0000	1.0000	0.6919	NaN	NaN	NaN	161099.6651	161099.9920	1.0000	1.0000	0.2530
32ls03	3	34	1	0	2.0000	0.0000	1.0000	NaN	0.4735	1.8024	14.4741	161100.8341	161101.1352	1.0000	1.0000	0.1258
32ls03	3	35	1	0	1.0000	0.0000	1.0000	0.3967	NaN	NaN	NaN	161103.4445	161103.7722	1.0000	1.0000	0.1707
32ls03	3	35	1	0	2.0000	0.0000	1.0000	NaN	2.7824	3.9776	14.6985	161104.5455	161104.8465	1.0000	1.0000	0.0966
32ls03	3	36	1	0	1.0000	0.0000	-1.0000	0.1128	NaN	NaN	NaN	161107.5469	161107.8780	1.0000	0.0000	0.5778
32ls03	3	36	1	0	2.0000	0.0000	-1.0000	NaN	3.8256	-4.7589	13.1071	161109.0255	161109.3264	0.0000	1.0000	0.2723
32ls03	3	37	1	0	1.0000	0.0000	-1.0000	0.0254	NaN	NaN	NaN	161111.9125	161112.2401	0.0000	1.0000	0.4156
32ls03	3	37	1	0	2.0000	0.0000	1.0000	NaN	0.8399	1.6935	15.3565	161113.2678	161113.5689	1.0000	1.0000	0.1080
32ls03	3	38	1	0	1.0000	0.0000	-1.0000	0.7051	NaN	NaN	NaN	161115.7424	161116.0711	0.0000	1.0000	0.2059
32ls03	3	38	1	0	2.0000	0.0000	1.0000	NaN	2.6114	4.1842	16.3749	161116.8503	161117.1515	1.0000	1.0000	0.1914
32ls03	3	39	1	0	1.0000	0.0000	-1.0000	0.0949	NaN	NaN	NaN	161119.5990	161119.9256	0.0000	1.0000	0.3703
32ls03	3	39	1	0	2.0000	0.0000	1.0000	NaN	0.2075	0.3951	14.9860	161120.8514	161121.1525	1.0000	1.0000	0.2123
32ls03	3	40	1	0	1.0000	0.0000	1.0000	0.3197	NaN	NaN	NaN	161123.1891	161123.5171	0.0000	0.0000	0.3226
32ls03	3	40	1	0	2.0000	0.0000	-1.0000	NaN	4.7890	-6.5298	15.4862	161124.4103	161124.7113	0.0000	1.0000	0.4319
32ls03	3	41	1	0	1.0000	0.0000	1.0000	0.3429	NaN	NaN	NaN	161127.2581	161127.5851	0.0000	0.0000	0.2216
32ls03	3	41	1	0	2.0000	0.0000	-1.0000	NaN	0.9192	-1.2032	15.6982	161128.3861	161128.6872	0.0000	1.0000	0.2858
32ls03	3	42	1	0	1.0000	0.0000	1.0000	0.4149	NaN	NaN	NaN	161131.4802	161131.8092	1.0000	1.0000	0.3261
32ls03	3	42	1	0	2.0000	0.0000	1.0000	NaN	4.9294	3.6547	12.9339	161132.7451	161133.0461	1.0000	1.0000	0.0550
32ls03	3	43	1	0	1.0000	0.0000	1.0000	0.3044	NaN	NaN	NaN	161135.3335	161135.6607	1.0000	1.0000	0.2830
32ls03	3	43	1	0	2.0000	0.0000	1.0000	NaN	5.2538	5.1342	13.6353	161136.4991	161136.8006	1.0000	1.0000	0.2378
32ls03	3	44	1	0	1.0000	0.0000	1.0000	0.1723	NaN	NaN	NaN	161139.6874	161140.0164	1.0000	1.0000	0.1007
32ls03	3	44	1	0	2.0000	0.0000	1.0000	NaN	1.0122	0.8187	15.2261	161140.6978	161140.9988	1.0000	1.0000	0.0407
32ls03	3	45	1	0	1.0000	0.0000	-1.0000	0.6341	NaN	NaN	NaN	161143.2190	161143.5452	0.0000	1.0000	0.2039
32ls03	3	45	1	0	2.0000	0.0000	1.0000	NaN	1.4600	1.0232	14.9244	161144.3213	161144.6223	1.0000	1.0000	0.0085
32ls03	3	46	1	0	1.0000	0.0000	-1.0000	0.7012	NaN	NaN	NaN	161146.4804	161146.8077	0.0000	1.0000	0.1600
32ls03	3	46	1	0	2.0000	0.0000	1.0000	NaN	2.0845	3.5837	14.4958	161147.5209	161147.8219	1.0000	1.0000	0.0087
32ls03	3	47	1	0	1.0000	0.0000	1.0000	0.6767	NaN	NaN	NaN	161149.9815	161150.3090	1.0000	1.0000	0.3943
32ls03	3	47	1	0	2.0000	0.0000	1.0000	NaN	0.6329	2.9308	14.7198	161151.2747	161151.5758	1.0000	1.0000	0.0957
32ls03	3	48	1	0	1.0000	0.0000	-1.0000	0.1812	NaN	NaN	NaN	161153.8430	161154.1714	1.0000	0.0000	0.1941
32ls03	3	48	1	0	2.0000	0.0000	-1.0000	NaN	4.9066	-4.9789	14.8220	161154.9303	161155.2315	0.0000	1.0000	0.0933
32ls03	3	49	1	0	1.0000	0.0000	-1.0000	0.1313	NaN	NaN	NaN	161157.9976	161158.3240	0.0000	1.0000	0.4274
32ls03	3	49	1	0	2.0000	0.0000	1.0000	NaN	0.7914	1.2415	14.5372	161159.3205	161159.6216	1.0000	1.0000	0.2097
32ls03	3	50	1	0	1.0000	0.0000	1.0000	0.5821	NaN	NaN	NaN	161162.0710	161162.3994	1.0000	1.0000	0.3922
32ls03	3	50	1	0	2.0000	0.0000	1.0000	NaN	1.8918	1.3814	15.9573	161163.3776	161163.6789	1.0000	1.0000	0.0085
32ls03	4	1	1	0	1.0000	0.0000	1.0000	0.3853	NaN	NaN	NaN	161167.3777	161167.7056	1.0000	1.0000	0.2213
32ls03	4	1	1	0	2.0000	0.0000	1.0000	NaN	5.2262	6.2581	14.0095	161168.4649	161168.7660	1.0000	1.0000	0.0082
32ls03	4	2	1	0	1.0000	0.0000	-1.0000	0.2780	NaN	NaN	NaN	161170.8079	161171.1351	1.0000	0.0000	0.0458
32ls03	4	2	1	0	2.0000	0.0000	-1.0000	NaN	0.3712	-1.6297	14.8902	161171.7210	161172.0224	1.0000	0.0000	0.0947
32ls03	4	3	1	0	1.0000	0.0000	1.0000	0.6525	NaN	NaN	NaN	161174.7844	161175.1119	1.0000	1.0000	0.1355
32ls03	4	3	1	0	2.0000	0.0000	1.0000	NaN	1.6781	3.6084	13.8180	161175.8015	161176.1028	1.0000	1.0000	0.1280
32ls03	4	4	1	0	1.0000	0.0000	1.0000	0.0227	NaN	NaN	NaN	161178.2783	161178.6064	1.0000	1.0000	0.3453
32ls03	4	4	1	0	2.0000	0.0000	1.0000	NaN	4.6302	4.4572	13.7429	161179.5053	161179.8067	1.0000	1.0000	0.0083
32ls03	4	5	1	0	1.0000	0.0000	-1.0000	0.2024	NaN	NaN	NaN	161182.3234	161182.6509	0.0000	1.0000	0.2449
32ls03	4	5	1	0	2.0000	0.0000	1.0000	NaN	0.0804	1.6265	15.5253	161183.4435	161183.7446	1.0000	1.0000	0.0083
32ls03	4	6	1	0	1.0000	0.0000	-1.0000	0.0322	NaN	NaN	NaN	161185.5984	161185.9257	1.0000	0.0000	0.3536
32ls03	4	6	1	0	2.0000	0.0000	-1.0000	NaN	2.2883	-1.8833	15.2583	161186.8182	161187.1193	1.0000	0.0000	0.0088
32ls03	4	7	1	0	1.0000	0.0000	1.0000	0.6564	NaN	NaN	NaN	161189.3447	161189.6718	1.0000	1.0000	0.1842
32ls03	4	7	1	0	2.0000	0.0000	1.0000	NaN	0.5312	0.3601	13.9889	161190.4269	161190.7283	1.0000	1.0000	0.0083
32ls03	4	8	1	0	1.0000	0.0000	1.0000	0.2568	NaN	NaN	NaN	161192.7098	161193.0376	1.0000	1.0000	0.1458
32ls03	4	8	1	0	2.0000	0.0000	1.0000	NaN	1.6784	1.5946	15.3474	161193.7449	161194.0461	1.0000	1.0000	0.0950
32ls03	4	9	1	0	1.0000	0.0000	-1.0000	0.2925	NaN	NaN	NaN	161196.6577	161196.9857	0.0000	1.0000	0.2540
32ls03	4	9	1	0	2.0000	0.0000	1.0000	NaN	2.0269	0.9250	14.7238	161197.7940	161198.0951	1.0000	1.0000	0.2459
32ls03	4	10	1	0	1.0000	0.0000	-1.0000	0.0156	NaN	NaN	NaN	161200.3403	161200.6661	1.0000	0.0000	0.4930
32ls03	4	10	1	0	2.0000	0.0000	-1.0000	NaN	4.6728	-4.3858	13.7390	161201.7371	161202.0385	1.0000	0.0000	0.1265
32ls03	4	11	1	0	1.0000	0.0000	-1.0000	0.1227	NaN	NaN	NaN	161204.5359	161204.8626	0.0000	1.0000	0.3370
32ls03	4	11	1	0	2.0000	0.0000	1.0000	NaN	4.6995	3.5792	14.6105	161205.7693	161206.0704	1.0000	1.0000	0.1436
32ls03	4	12	1	0	1.0000	0.0000	-1.0000	0.4228	NaN	NaN	NaN	161208.1708	161208.4991	0.0000	1.0000	0.3086
32ls03	4	12	1	0	2.0000	0.0000	1.0000	NaN	2.3903	1.8602	15.3693	161209.3703	161209.6714	1.0000	1.0000	0.1096
32ls03	4	13	1	0	1.0000	0.0000	1.0000	0.1295	NaN	NaN	NaN	161212.1985	161212.5238	0.0000	0.0000	0.2331
32ls03	4	13	1	0	2.0000	0.0000	-1.0000	NaN	5.5220	-5.7247	14.7833	161213.3371	161213.6385	1.0000	0.0000	0.0943
32ls03	4	14	1	0	1.0000	0.0000	-1.0000	0.2779	NaN	NaN	NaN	161215.8085	161216.1365	0.0000	1.0000	0.3651
32ls03	4	14	1	0	2.0000	0.0000	1.0000	NaN	4.4881	2.4484	15.8137	161217.0093	161217.3105	1.0000	1.0000	0.1586
32ls03	4	15	1	0	1.0000	0.0000	-1.0000	0.4757	NaN	NaN	NaN	161219.7774	161220.1070	0.0000	1.0000	0.1886
32ls03	4	15	1	0	2.0000	0.0000	1.0000	NaN	3.0152	2.0072	15.2626	161220.8735	161221.1746	1.0000	1.0000	0.1826
32ls03	4	16	1	0	1.0000	0.0000	-1.0000	0.0463	NaN	NaN	NaN	161223.6238	161223.9507	0.0000	1.0000	0.4806
32ls03	4	16	1	0	2.0000	0.0000	1.0000	NaN	4.3613	3.4696	15.2913	161225.0179	161225.3190	1.0000	1.0000	0.1037
32ls03	4	17	1	0	1.0000	0.0000	1.0000	0.4342	NaN	NaN	NaN	161227.8300	161228.1567	1.0000	1.0000	0.2883
32ls03	4	17	1	0	2.0000	0.0000	1.0000	NaN	0.7051	1.4745	15.3826	161229.0248	161229.3258	1.0000	1.0000	0.1374
32ls03	4	18	1	0	1.0000	0.0000	1.0000	0.2172	NaN	NaN	NaN	161231.6848	161232.0131	0.0000	0.0000	0.3379
32ls03	4	18	1	0	2.0000	0.0000	-1.0000	NaN	5.3121	-5.8631	14.4378	161232.9304	161233.2314	0.0000	1.0000	0.3095
32ls03	4	19	1	0	1.0000	0.0000	1.0000	0.5672	NaN	NaN	NaN	161235.5398	161235.8684	1.0000	1.0000	0.2351
32ls03	4	19	1	0	2.0000	0.0000	1.0000	NaN	2.9313	2.5358	14.6237	161236.6488	161236.9503	1.0000	1.0000	0.3195
32ls03	4	20	1	0	1.0000	0.0000	1.0000	0.5747	NaN	NaN	NaN	161239.3933	161239.7214	1.0000	1.0000	0.0859
32ls03	4	20	1	0	2.0000	0.0000	1.0000	NaN	1.5784	1.6468	16.0418	161240.3869	161240.6882	1.0000	1.0000	0.0082
32ls03	4	21	1	0	1.0000	0.0000	1.0000	0.4848	NaN	NaN	NaN	161242.4546	161242.7820	1.0000	1.0000	0.0950
32ls03	4	21	1	0	2.0000	0.0000	1.0000	NaN	1.5797	2.7616	14.2070	161243.4259	161243.7271	1.0000	1.0000	0.0088
32ls03	4	22	1	0	1.0000	0.0000	1.0000	0.5808	NaN	NaN	NaN	161245.9418	161246.2715	1.0000	1.0000	0.1742
32ls03	4	22	1	0	2.0000	0.0000	1.0000	NaN	5.4658	6.7126	15.4276	161246.9878	161247.2890	1.0000	1.0000	0.0088
32ls03	4	23	1	0	1.0000	0.0000	1.0000	0.1926	NaN	NaN	NaN	161249.8025	161250.1296	1.0000	1.0000	0.0995
32ls03	4	23	1	0	2.0000	0.0000	1.0000	NaN	3.3176	2.7910	14.2090	161250.8164	161251.1174	1.0000	1.0000	0.0083
32ls03	4	24	1	0	1.0000	0.0000	-1.0000	0.6534	NaN	NaN	NaN	161252.9881	161253.3154	0.0000	1.0000	0.2910
32ls03	4	24	1	0	2.0000	0.0000	1.0000	NaN	5.0628	5.2173	16.3239	161254.1696	161254.4707	1.0000	1.0000	4.5040
32ls03	4	25	1	0	1.0000	0.0000	1.0000	0.5829	NaN	NaN	NaN	161261.1561	161261.4847	1.0000	1.0000	0.2892
32ls03	4	25	1	0	2.0000	0.0000	1.0000	NaN	5.3544	6.5449	15.3043	161262.3290	161262.6300	1.0000	1.0000	0.0088
32ls03	4	26	1	0	1.0000	0.0000	-1.0000	0.1584	NaN	NaN	NaN	161264.7029	161265.0304	0.0000	1.0000	0.2725
32ls03	4	26	1	0	2.0000	0.0000	1.0000	NaN	2.0713	2.3642	14.3352	161265.8334	161266.1346	1.0000	1.0000	0.0085
32ls03	4	27	1	0	1.0000	0.0000	-1.0000	0.1368	NaN	NaN	NaN	161268.2512	161268.5784	0.0000	1.0000	0.2290
32ls03	4	27	1	0	2.0000	0.0000	1.0000	NaN	4.3407	3.1450	15.7819	161269.3607	161269.6617	1.0000	1.0000	0.1114
32ls03	4	28	1	0	1.0000	0.0000	1.0000	0.0764	NaN	NaN	NaN	161272.3959	161272.7227	0.0000	0.0000	0.3089
32ls03	4	28	1	0	2.0000	0.0000	-1.0000	NaN	3.2618	-4.7298	15.2250	161273.5938	161273.8953	1.0000	0.0000	0.3026
32ls03	4	29	1	0	1.0000	0.0000	1.0000	0.5541	NaN	NaN	NaN	161276.4298	161276.7576	1.0000	1.0000	0.4964
32ls03	4	29	1	0	2.0000	0.0000	1.0000	NaN	0.2503	0.5280	14.5256	161277.8193	161278.1203	1.0000	1.0000	0.4632
32ls03	4	30	1	0	1.0000	0.0000	1.0000	0.6209	NaN	NaN	NaN	161280.7823	161281.1108	1.0000	1.0000	0.1903
32ls03	4	30	1	0	2.0000	0.0000	1.0000	NaN	3.4217	2.6048	14.2310	161281.8728	161282.1742	1.0000	1.0000	0.2895
32ls03	4	31	1	0	1.0000	0.0000	1.0000	0.1257	NaN	NaN	NaN	161284.6429	161284.9734	1.0000	1.0000	0.3276
32ls03	4	31	1	0	2.0000	0.0000	1.0000	NaN	5.0997	5.1844	15.0089	161285.8664	161286.1677	1.0000	1.0000	0.1444
32ls03	4	32	1	0	1.0000	0.0000	1.0000	0.5540	NaN	NaN	NaN	161288.5091	161288.8364	1.0000	1.0000	0.1777
32ls03	4	32	1	0	2.0000	0.0000	1.0000	NaN	5.2659	5.0915	15.0521	161289.5771	161289.8783	1.0000	1.0000	0.1905
32ls03	4	33	1	0	1.0000	0.0000	1.0000	0.7382	NaN	NaN	NaN	161292.5502	161292.8799	1.0000	1.0000	0.2069
32ls03	4	33	1	0	2.0000	0.0000	1.0000	NaN	3.1791	2.7088	15.1715	161293.6814	161293.9827	1.0000	1.0000	0.2806
32ls03	4	34	1	0	1.0000	0.0000	-1.0000	0.1822	NaN	NaN	NaN	161296.8520	161297.1809	0.0000	1.0000	0.2481
32ls03	4	34	1	0	2.0000	0.0000	1.0000	NaN	4.5967	4.6819	15.4768	161298.0022	161298.3031	1.0000	1.0000	0.1684
32ls03	4	35	1	0	1.0000	0.0000	-1.0000	0.2996	NaN	NaN	NaN	161300.7935	161301.1215	0.0000	1.0000	0.2466
32ls03	4	35	1	0	2.0000	0.0000	1.0000	NaN	0.8624	2.7678	15.8939	161301.9329	161302.2341	1.0000	1.0000	0.1652
32ls03	4	36	1	0	1.0000	0.0000	-1.0000	0.0735	NaN	NaN	NaN	161304.8297	161305.1583	0.0000	1.0000	0.3685
32ls03	4	36	1	0	2.0000	0.0000	1.0000	NaN	1.0289	1.7420	13.5490	161306.0653	161306.3665	1.0000	1.0000	0.2558
32ls03	4	37	1	0	1.0000	0.0000	1.0000	0.4044	NaN	NaN	NaN	161308.5192	161308.8468	1.0000	1.0000	0.2703
32ls03	4	37	1	0	2.0000	0.0000	1.0000	NaN	2.5947	2.2641	14.4990	161309.7291	161310.0302	1.0000	1.0000	0.1680
32ls03	4	38	1	0	1.0000	0.0000	1.0000	0.4692	NaN	NaN	NaN	161312.2538	161312.5812	1.0000	1.0000	0.2238
32ls03	4	38	1	0	2.0000	0.0000	1.0000	NaN	3.6658	3.9819	15.0326	161313.3854	161313.6864	1.0000	1.0000	0.1746
32ls03	4	39	1	0	1.0000	0.0000	1.0000	0.1568	NaN	NaN	NaN	161316.2687	161316.5962	1.0000	1.0000	0.2490
32ls03	4	39	1	0	2.0000	0.0000	1.0000	NaN	2.8676	4.5060	14.4157	161317.4372	161317.7382	1.0000	1.0000	0.1566
32ls03	4	40	1	0	1.0000	0.0000	1.0000	0.7347	NaN	NaN	NaN	161320.4168	161320.7454	1.0000	1.0000	0.1819
32ls03	4	40	1	0	2.0000	0.0000	1.0000	NaN	2.3111	1.1798	14.3020	161321.5053	161321.8064	1.0000	1.0000	0.1347
32ls03	4	41	1	0	1.0000	0.0000	-1.0000	0.7621	NaN	NaN	NaN	161324.2922	161324.6197	0.0000	1.0000	0.2428
32ls03	4	41	1	0	2.0000	0.0000	1.0000	NaN	2.0518	0.5075	13.1139	161325.3930	161325.6941	1.0000	1.0000	0.1591
32ls03	4	42	1	0	1.0000	0.0000	1.0000	0.4583	NaN	NaN	NaN	161328.1930	161328.5195	1.0000	1.0000	0.2229
32ls03	4	42	1	0	2.0000	0.0000	1.0000	NaN	0.5573	1.5592	14.5676	161329.3085	161329.6095	1.0000	1.0000	0.0209
32ls03	4	43	1	0	1.0000	0.0000	-1.0000	0.3044	NaN	NaN	NaN	161331.9277	161332.2554	0.0000	1.0000	0.3116
32ls03	4	43	1	0	2.0000	0.0000	1.0000	NaN	5.5680	6.7020	13.1449	161333.1064	161333.4076	1.0000	1.0000	0.0774
32ls03	4	44	1	0	1.0000	0.0000	-1.0000	0.2170	NaN	NaN	NaN	161335.6911	161336.0191	0.0000	1.0000	0.2673
32ls03	4	44	1	0	2.0000	0.0000	1.0000	NaN	3.5932	2.0659	16.0192	161336.8752	161337.1762	1.0000	1.0000	0.1250
32ls03	4	45	1	0	1.0000	0.0000	1.0000	0.4037	NaN	NaN	NaN	161339.8663	161340.1951	1.0000	1.0000	0.3297
32ls03	4	45	1	0	2.0000	0.0000	1.0000	NaN	2.5757	4.1026	14.7528	161341.1069	161341.4080	1.0000	1.0000	0.1252
32ls03	4	46	1	0	1.0000	0.0000	-1.0000	0.6610	NaN	NaN	NaN	161343.9559	161344.2838	0.0000	1.0000	0.2269
32ls03	4	46	1	0	2.0000	0.0000	1.0000	NaN	0.4262	1.3629	15.6505	161345.0513	161345.3523	1.0000	1.0000	0.1087
32ls03	4	47	1	0	1.0000	0.0000	-1.0000	0.1634	NaN	NaN	NaN	161348.1099	161348.4370	0.0000	1.0000	0.2961
32ls03	4	47	1	0	2.0000	0.0000	1.0000	NaN	4.9354	3.3638	15.3245	161349.2829	161349.5841	1.0000	1.0000	0.1892
32ls03	4	48	1	0	1.0000	0.0000	1.0000	0.1579	NaN	NaN	NaN	161352.0547	161352.3817	0.0000	0.0000	0.3914
32ls03	4	48	1	0	2.0000	0.0000	-1.0000	NaN	2.4122	-2.2985	14.3367	161353.3691	161353.6702	1.0000	0.0000	0.0085
32ls03	4	49	1	0	1.0000	0.0000	-1.0000	0.4433	NaN	NaN	NaN	161355.7309	161356.0616	0.0000	1.0000	0.2501
32ls03	4	49	1	0	2.0000	0.0000	1.0000	NaN	4.7460	3.1228	16.9274	161356.8585	161357.1595	1.0000	1.0000	0.0085
32ls03	4	50	1	0	1.0000	0.0000	1.0000	0.0263	NaN	NaN	NaN	161359.0677	161359.3968	0.0000	0.0000	0.2724
32ls03	4	50	1	0	2.0000	0.0000	-1.0000	NaN	1.2795	-1.0285	14.4004	161360.2175	161360.5186	1.0000	0.0000	0.1107
32ls03	5	1	1	0	1.0000	0.0000	1.0000	0.2123	NaN	NaN	NaN	161365.3637	161365.6934	0.0000	0.0000	0.6182
32ls03	5	1	1	0	2.0000	0.0000	-1.0000	NaN	2.4664	-0.8043	14.8303	161366.9052	161367.2062	1.0000	0.0000	0.8808
32ls03	5	2	1	0	1.0000	0.0000	-1.0000	0.3688	NaN	NaN	NaN	161370.6286	161370.9562	0.0000	1.0000	0.2091
32ls03	5	2	1	0	2.0000	0.0000	1.0000	NaN	0.9650	0.5682	14.6597	161371.7470	161372.0481	1.0000	1.0000	0.1503
32ls03	5	3	1	0	1.0000	0.0000	-1.0000	0.5682	NaN	NaN	NaN	161374.3316	161374.6593	0.0000	1.0000	0.2257
32ls03	5	3	1	0	2.0000	0.0000	1.0000	NaN	3.2936	5.1847	15.1075	161375.4568	161375.7581	1.0000	1.0000	0.0573
32ls03	5	4	1	0	1.0000	0.0000	-1.0000	0.0125	NaN	NaN	NaN	161377.8122	161378.1394	0.0000	1.0000	0.5617
32ls03	5	4	1	0	2.0000	0.0000	1.0000	NaN	3.3129	0.4582	14.0391	161379.2894	161379.5906	1.0000	1.0000	0.0806
32ls03	5	5	1	0	1.0000	0.0000	1.0000	0.3431	NaN	NaN	NaN	161381.7831	161382.1111	1.0000	1.0000	0.3838
32ls03	5	5	1	0	2.0000	0.0000	1.0000	NaN	3.0055	2.9188	15.9056	161383.0730	161383.3739	1.0000	1.0000	0.1432
32ls03	5	6	1	0	1.0000	0.0000	-1.0000	0.4013	NaN	NaN	NaN	161385.7330	161386.0599	0.0000	1.0000	0.2517
32ls03	5	6	1	0	2.0000	0.0000	1.0000	NaN	4.0044	4.5909	14.9641	161386.8834	161387.1846	1.0000	1.0000	0.0097
32ls03	5	7	1	0	1.0000	0.0000	-1.0000	0.1321	NaN	NaN	NaN	161389.4973	161389.8244	0.0000	1.0000	0.1749
32ls03	5	7	1	0	2.0000	0.0000	1.0000	NaN	4.9661	7.5555	14.0813	161390.5371	161390.8381	1.0000	1.0000	0.0086
32ls03	5	8	1	0	1.0000	0.0000	-1.0000	0.0760	NaN	NaN	NaN	161393.2137	161393.5428	0.0000	1.0000	0.2059
32ls03	5	8	1	0	2.0000	0.0000	1.0000	NaN	4.9599	4.2686	14.6835	161394.3362	161394.6373	1.0000	1.0000	0.0502
32ls03	5	9	1	0	1.0000	0.0000	1.0000	0.1539	NaN	NaN	NaN	161397.2176	161397.5462	0.0000	0.0000	0.3495
32ls03	5	9	1	0	2.0000	0.0000	-1.0000	NaN	5.1083	-3.8298	15.0518	161398.4899	161398.7910	1.0000	0.0000	0.1508
32ls03	5	10	1	0	1.0000	0.0000	-1.0000	0.1031	NaN	NaN	NaN	161401.1341	161401.4617	0.0000	1.0000	0.2579
32ls03	5	10	1	0	2.0000	0.0000	1.0000	NaN	0.3176	0.8278	14.6588	161402.3076	161402.6086	1.0000	1.0000	0.1170
32ls03	5	11	1	0	1.0000	0.0000	-1.0000	0.3211	NaN	NaN	NaN	161404.9991	161405.3273	0.0000	1.0000	0.2402
32ls03	5	11	1	0	2.0000	0.0000	1.0000	NaN	4.9093	5.4525	13.9224	161406.1453	161406.4462	1.0000	1.0000	0.1534
32ls03	5	12	1	0	1.0000	0.0000	-1.0000	0.0296	NaN	NaN	NaN	161409.0803	161409.4072	0.0000	1.0000	0.2860
32ls03	5	12	1	0	2.0000	0.0000	1.0000	NaN	5.4427	5.6631	14.4387	161410.2815	161410.5825	1.0000	1.0000	0.1121
32ls03	5	13	1	0	1.0000	0.0000	1.0000	0.2353	NaN	NaN	NaN	161412.8419	161413.1689	1.0000	1.0000	0.4923
32ls03	5	13	1	0	2.0000	0.0000	1.0000	NaN	2.4231	1.4790	13.3188	161414.2659	161414.5669	1.0000	1.0000	0.2886
32ls03	5	14	1	0	1.0000	0.0000	-1.0000	0.5966	NaN	NaN	NaN	161417.5018	161417.8291	0.0000	1.0000	0.2332
32ls03	5	14	1	0	2.0000	0.0000	1.0000	NaN	2.4484	3.1411	15.7219	161418.6249	161418.9259	1.0000	1.0000	0.0492
32ls03	5	15	1	0	1.0000	0.0000	-1.0000	0.3038	NaN	NaN	NaN	161421.3135	161421.6405	0.0000	1.0000	0.2388
32ls03	5	15	1	0	2.0000	0.0000	1.0000	NaN	0.7543	1.9180	15.3443	161422.4593	161422.7604	1.0000	1.0000	0.0211
32ls03	5	16	1	0	1.0000	0.0000	-1.0000	0.7245	NaN	NaN	NaN	161424.7211	161425.0494	0.0000	1.0000	0.2542
32ls03	5	16	1	0	2.0000	0.0000	1.0000	NaN	2.4929	1.5533	14.4990	161425.8495	161426.1507	1.0000	1.0000	0.1103
32ls03	5	17	1	0	1.0000	0.0000	-1.0000	0.1128	NaN	NaN	NaN	161428.3515	161428.6796	0.0000	1.0000	0.2314
32ls03	5	17	1	0	2.0000	0.0000	1.0000	NaN	0.9724	0.0872	13.5309	161429.4494	161429.7504	1.0000	1.0000	0.0308
32ls03	5	18	1	0	1.0000	0.0000	1.0000	0.3138	NaN	NaN	NaN	161432.0052	161432.3332	0.0000	0.0000	0.2317
32ls03	5	18	1	0	2.0000	0.0000	-1.0000	NaN	0.5861	-0.5482	14.6078	161433.1937	161433.4947	1.0000	0.0000	0.1047
32ls03	5	19	1	0	1.0000	0.0000	1.0000	0.6214	NaN	NaN	NaN	161435.7358	161436.0628	1.0000	1.0000	0.2704
32ls03	5	19	1	0	2.0000	0.0000	1.0000	NaN	1.6550	0.3110	14.9589	161436.9295	161437.2305	1.0000	1.0000	0.1423
32ls03	5	20	1	0	1.0000	0.0000	-1.0000	0.0084	NaN	NaN	NaN	161439.3395	161439.6672	1.0000	0.0000	0.3009
32ls03	5	20	1	0	2.0000	0.0000	-1.0000	NaN	3.5354	-3.9683	14.0658	161440.5380	161440.8391	1.0000	0.0000	0.1349
32ls03	5	21	1	0	1.0000	0.0000	-1.0000	0.6262	NaN	NaN	NaN	161443.1887	161443.5158	0.0000	1.0000	0.2342
32ls03	5	21	1	0	2.0000	0.0000	1.0000	NaN	0.4633	0.6720	15.8086	161444.3077	161444.6087	1.0000	1.0000	0.0085
32ls03	5	22	1	0	1.0000	0.0000	-1.0000	0.1205	NaN	NaN	NaN	161446.8887	161447.2169	0.0000	1.0000	0.1741
32ls03	5	22	1	0	2.0000	0.0000	1.0000	NaN	0.8044	2.1203	16.8838	161447.9527	161448.2537	1.0000	1.0000	0.0153
32ls03	5	23	1	0	1.0000	0.0000	1.0000	0.0955	NaN	NaN	NaN	161450.6522	161450.9794	1.0000	1.0000	0.4897
32ls03	5	23	1	0	2.0000	0.0000	1.0000	NaN	4.8406	5.3511	15.5272	161452.0256	161452.3267	1.0000	1.0000	0.1743
32ls03	5	24	1	0	1.0000	0.0000	-1.0000	0.1467	NaN	NaN	NaN	161455.1261	161455.4540	1.0000	0.0000	0.4789
32ls03	5	24	1	0	2.0000	0.0000	-1.0000	NaN	1.3090	-1.6683	14.3501	161456.4969	161456.7979	0.0000	1.0000	0.2793
32ls03	5	25	1	0	1.0000	0.0000	1.0000	0.6395	NaN	NaN	NaN	161459.2667	161459.5943	1.0000	1.0000	0.2187
32ls03	5	25	1	0	2.0000	0.0000	1.0000	NaN	1.1891	1.1041	14.6218	161460.3459	161460.6469	1.0000	1.0000	0.1287
32ls03	5	26	1	0	1.0000	0.0000	-1.0000	0.4221	NaN	NaN	NaN	161462.9889	161463.3171	0.0000	1.0000	0.2025
32ls03	5	26	1	0	2.0000	0.0000	1.0000	NaN	4.8372	4.7089	15.5297	161464.1052	161464.4062	1.0000	1.0000	0.0083
32ls03	5	27	1	0	1.0000	0.0000	-1.0000	0.2902	NaN	NaN	NaN	161466.4483	161466.7766	0.0000	1.0000	0.1644
32ls03	5	27	1	0	2.0000	0.0000	1.0000	NaN	3.5272	3.8939	16.9918	161467.5222	161467.8233	1.0000	1.0000	0.0093
32ls03	5	28	1	0	1.0000	0.0000	-1.0000	0.1087	NaN	NaN	NaN	161470.0370	161470.3633	0.0000	1.0000	0.2819
32ls03	5	28	1	0	2.0000	0.0000	1.0000	NaN	4.1390	1.5275	15.3566	161471.1939	161471.4949	1.0000	1.0000	0.0807
32ls03	5	29	1	0	1.0000	0.0000	-1.0000	0.6557	NaN	NaN	NaN	161473.5886	161473.9171	0.0000	1.0000	0.1048
32ls03	5	29	1	0	2.0000	0.0000	1.0000	NaN	0.0499	1.1639	15.6686	161474.5854	161474.8865	1.0000	1.0000	0.0086
32ls03	5	30	1	0	1.0000	0.0000	-1.0000	0.4038	NaN	NaN	NaN	161476.9923	161477.3206	0.0000	1.0000	0.1026
32ls03	5	30	1	0	2.0000	0.0000	1.0000	NaN	4.5886	2.9548	15.5555	161477.9541	161478.2550	1.0000	1.0000	3.7343
32ls03	5	31	1	0	1.0000	0.0000	-1.0000	0.1525	NaN	NaN	NaN	161484.6382	161484.9657	0.0000	1.0000	0.2073
32ls03	5	31	1	0	2.0000	0.0000	1.0000	NaN	2.5419	4.3792	16.7958	161485.7371	161486.0384	1.0000	1.0000	0.1775
32ls03	5	32	1	0	1.0000	0.0000	-1.0000	0.2993	NaN	NaN	NaN	161488.4787	161488.8059	0.0000	1.0000	0.1913
32ls03	5	32	1	0	2.0000	0.0000	1.0000	NaN	3.5440	3.0111	14.7828	161489.5786	161489.8796	1.0000	1.0000	0.0083
32ls03	5	33	1	0	1.0000	0.0000	1.0000	0.0968	NaN	NaN	NaN	161492.4671	161492.7964	0.0000	0.0000	0.3366
32ls03	5	33	1	0	2.0000	0.0000	-1.0000	NaN	2.7815	-3.8132	14.6227	161493.6735	161493.9745	1.0000	0.0000	0.0085
32ls03	5	34	1	0	1.0000	0.0000	-1.0000	0.5775	NaN	NaN	NaN	161496.3465	161496.6744	0.0000	1.0000	0.1967
32ls03	5	34	1	0	2.0000	0.0000	1.0000	NaN	1.7604	2.5040	13.7263	161497.4253	161497.7263	1.0000	1.0000	0.0084
32ls03	5	35	1	0	1.0000	0.0000	1.0000	0.0650	NaN	NaN	NaN	161500.0510	161500.3783	0.0000	0.0000	0.4753
32ls03	5	35	1	0	2.0000	0.0000	-1.0000	NaN	0.6427	-0.3537	13.7588	161501.4024	161501.7033	1.0000	0.0000	0.0086
32ls03	5	36	1	0	1.0000	0.0000	1.0000	0.2944	NaN	NaN	NaN	161504.1555	161504.4825	0.0000	0.0000	0.2766
32ls03	5	36	1	0	2.0000	0.0000	-1.0000	NaN	5.4833	-6.8191	15.2487	161505.2973	161505.5984	0.0000	1.0000	0.1107
32ls03	5	37	1	0	1.0000	0.0000	-1.0000	0.3889	NaN	NaN	NaN	161508.1675	161508.4961	0.0000	1.0000	0.1758
32ls03	5	37	1	0	2.0000	0.0000	1.0000	NaN	2.1478	2.0127	15.7232	161509.1862	161509.4874	1.0000	1.0000	0.0085
32ls03	5	38	1	0	1.0000	0.0000	-1.0000	0.2891	NaN	NaN	NaN	161511.9715	161512.3003	0.0000	1.0000	0.1713
32ls03	5	38	1	0	2.0000	0.0000	1.0000	NaN	4.5170	7.1421	14.6522	161513.0015	161513.3025	1.0000	1.0000	0.0082
32ls03	5	39	1	0	1.0000	0.0000	1.0000	0.2023	NaN	NaN	NaN	161515.5670	161515.8951	0.0000	0.0000	0.1604
32ls03	5	39	1	0	2.0000	0.0000	-1.0000	NaN	3.5662	-2.0252	15.1493	161516.6102	161516.9113	0.0000	1.0000	0.3202
32ls03	5	40	1	0	1.0000	0.0000	-1.0000	0.4636	NaN	NaN	NaN	161519.5786	161519.9064	0.0000	1.0000	0.1328
32ls03	5	40	1	0	2.0000	0.0000	1.0000	NaN	5.5173	4.9971	15.9310	161520.5679	161520.8690	1.0000	1.0000	0.0086
32ls03	5	41	1	0	1.0000	0.0000	-1.0000	0.2418	NaN	NaN	NaN	161522.7872	161523.1151	0.0000	1.0000	0.0741
32ls03	5	41	1	0	2.0000	0.0000	1.0000	NaN	2.2582	3.3660	13.9653	161523.7300	161524.0310	1.0000	1.0000	0.0085
32ls03	5	42	1	0	1.0000	0.0000	1.0000	0.6330	NaN	NaN	NaN	161526.1626	161526.4892	0.0000	0.0000	0.0519
32ls03	5	42	1	0	2.0000	0.0000	-1.0000	NaN	4.5572	-4.4601	16.1234	161527.1134	161527.4146	0.0000	1.0000	4.0006
32ls03	5	43	1	0	1.0000	0.0000	1.0000	0.0497	NaN	NaN	NaN	161533.4715	161533.7987	0.0000	0.0000	0.1905
32ls03	5	43	1	0	2.0000	0.0000	-1.0000	NaN	2.5747	-1.7305	13.9088	161534.5549	161534.8559	1.0000	0.0000	0.6772
32ls03	5	44	1	0	1.0000	0.0000	1.0000	0.0644	NaN	NaN	NaN	161537.6670	161537.9940	0.0000	0.0000	0.2431
32ls03	5	44	1	0	2.0000	0.0000	-1.0000	NaN	4.5386	-6.5999	15.5967	161538.7766	161539.0776	0.0000	1.0000	0.2557
32ls03	5	45	1	0	1.0000	0.0000	-1.0000	0.3781	NaN	NaN	NaN	161541.1730	161541.5104	0.0000	1.0000	0.1769
32ls03	5	45	1	0	2.0000	0.0000	1.0000	NaN	3.1203	2.3647	13.8028	161542.2251	161542.5261	1.0000	1.0000	1.6727
32ls03	5	46	1	0	1.0000	0.0000	-1.0000	0.5735	NaN	NaN	NaN	161546.5717	161546.8989	0.0000	1.0000	0.1703
32ls03	5	46	1	0	2.0000	0.0000	1.0000	NaN	5.0124	4.4355	15.7827	161547.6331	161547.9341	1.0000	1.0000	0.3592
32ls03	5	47	1	0	1.0000	0.0000	-1.0000	0.4467	NaN	NaN	NaN	161550.5841	161550.9122	0.0000	1.0000	0.1890
32ls03	5	47	1	0	2.0000	0.0000	1.0000	NaN	4.0863	3.0193	14.6605	161551.6485	161551.9496	1.0000	1.0000	0.2712
32ls03	5	48	1	0	1.0000	0.0000	1.0000	0.1853	NaN	NaN	NaN	161554.6030	161554.9306	0.0000	0.0000	0.0608
32ls03	5	48	1	0	2.0000	0.0000	-1.0000	NaN	0.8705	-0.4469	14.7615	161555.5928	161555.8938	1.0000	0.0000	0.2470
32ls03	5	49	1	0	1.0000	0.0000	1.0000	0.6047	NaN	NaN	NaN	161558.8140	161559.1410	0.0000	0.0000	0.0813
32ls03	5	49	1	0	2.0000	0.0000	-1.0000	NaN	0.7387	-1.3331	14.9389	161559.7939	161560.0949	0.0000	1.0000	0.2154
32ls03	5	50	1	0	1.0000	0.0000	-1.0000	0.7608	NaN	NaN	NaN	161562.7686	161563.0978	0.0000	1.0000	0.1490
32ls03	5	50	1	0	2.0000	0.0000	1.0000	NaN	1.2931	0.3383	16.0587	161563.8106	161564.1118	1.0000	1.0000	0.2079
32ls03	6	1	1	0	1.0000	0.0000	1.0000	0.3320	NaN	NaN	NaN	161568.5262	161568.8541	1.0000	1.0000	0.3528
32ls03	6	1	1	0	2.0000	0.0000	1.0000	NaN	2.8085	2.7404	15.0296	161569.7864	161570.0875	1.0000	1.0000	0.0239
32ls03	6	2	1	0	1.0000	0.0000	-1.0000	0.4962	NaN	NaN	NaN	161572.1085	161572.4362	0.0000	1.0000	0.2090
32ls03	6	2	1	0	2.0000	0.0000	1.0000	NaN	1.6264	1.0327	15.5947	161573.2263	161573.5272	1.0000	1.0000	0.0081
32ls03	6	3	1	0	1.0000	0.0000	1.0000	0.4299	NaN	NaN	NaN	161575.6903	161576.0169	0.0000	0.0000	0.1321
32ls03	6	3	1	0	2.0000	0.0000	-1.0000	NaN	0.6409	-0.7262	15.9897	161576.7372	161577.0383	1.0000	0.0000	0.1454
32ls03	6	4	1	0	1.0000	0.0000	-1.0000	0.4470	NaN	NaN	NaN	161579.1215	161579.4486	0.0000	1.0000	0.0632
32ls03	6	4	1	0	2.0000	0.0000	1.0000	NaN	4.8035	4.9441	13.7066	161580.1135	161580.4146	1.0000	1.0000	0.2784
32ls03	6	5	1	0	1.0000	0.0000	-1.0000	0.3161	NaN	NaN	NaN	161582.6251	161582.9528	0.0000	1.0000	0.2230
32ls03	6	5	1	0	2.0000	0.0000	1.0000	NaN	1.7279	1.0983	15.1530	161583.7213	161584.0223	1.0000	1.0000	0.0253
32ls03	6	6	1	0	1.0000	0.0000	-1.0000	0.1925	NaN	NaN	NaN	161586.0195	161586.3483	0.0000	1.0000	0.1471
32ls03	6	6	1	0	2.0000	0.0000	1.0000	NaN	2.9403	1.9691	14.6999	161587.0894	161587.3905	1.0000	1.0000	0.0085
32ls03	6	7	1	0	1.0000	0.0000	-1.0000	0.4973	NaN	NaN	NaN	161589.2942	161589.6216	0.0000	1.0000	0.0555
32ls03	6	7	1	0	2.0000	0.0000	1.0000	NaN	5.3829	5.4103	15.1988	161590.2649	161590.5660	1.0000	1.0000	0.0254
32ls03	6	8	1	0	1.0000	0.0000	-1.0000	0.5651	NaN	NaN	NaN	161592.8320	161593.1583	0.0000	1.0000	0.0336
32ls03	6	8	1	0	2.0000	0.0000	1.0000	NaN	1.8337	0.5814	14.3412	161593.7375	161594.0387	1.0000	1.0000	0.0085
32ls03	6	9	1	0	1.0000	0.0000	1.0000	0.2599	NaN	NaN	NaN	161596.0885	161596.4174	0.0000	0.0000	0.0219
32ls03	6	9	1	0	2.0000	0.0000	-1.0000	NaN	2.3793	-3.3396	13.7500	161597.0345	161597.3361	0.0000	1.0000	0.1837
32ls03	6	10	1	0	1.0000	0.0000	-1.0000	0.2445	NaN	NaN	NaN	161599.9069	161600.2334	0.0000	1.0000	0.0861
32ls03	6	10	1	0	2.0000	0.0000	1.0000	NaN	4.2665	6.5292	14.5301	161600.8902	161601.1912	1.0000	1.0000	0.0083
32ls03	6	11	1	0	1.0000	0.0000	1.0000	0.0397	NaN	NaN	NaN	161603.5387	161603.8662	1.0000	1.0000	0.6028
32ls03	6	11	1	0	2.0000	0.0000	1.0000	NaN	0.4462	0.7049	15.5083	161605.0183	161605.3193	1.0000	1.0000	0.0083
32ls03	6	12	1	0	1.0000	0.0000	1.0000	0.2552	NaN	NaN	NaN	161607.5684	161607.8969	1.0000	1.0000	0.1882
32ls03	6	12	1	0	2.0000	0.0000	1.0000	NaN	0.9388	1.4159	15.8970	161608.6347	161608.9357	1.0000	1.0000	0.1424
32ls03	6	13	1	0	1.0000	0.0000	1.0000	0.3647	NaN	NaN	NaN	161610.9775	161611.3040	1.0000	1.0000	0.1491
32ls03	6	13	1	0	2.0000	0.0000	1.0000	NaN	3.2518	3.9715	15.1968	161612.0428	161612.3438	1.0000	1.0000	0.0692
32ls03	6	14	1	0	1.0000	0.0000	1.0000	0.5352	NaN	NaN	NaN	161614.4282	161614.7549	1.0000	1.0000	0.2343
32ls03	6	14	1	0	2.0000	0.0000	1.0000	NaN	3.5688	2.0733	16.3285	161615.5693	161615.8704	1.0000	1.0000	0.1292
32ls03	6	15	1	0	1.0000	0.0000	-1.0000	0.6556	NaN	NaN	NaN	161618.1305	161618.4580	0.0000	1.0000	0.3414
32ls03	6	15	1	0	2.0000	0.0000	1.0000	NaN	4.9867	6.5834	15.2793	161619.3772	161619.6782	1.0000	1.0000	0.0085
32ls03	6	16	1	0	1.0000	0.0000	-1.0000	0.4436	NaN	NaN	NaN	161622.1454	161622.4724	0.0000	1.0000	0.1410
32ls03	6	16	1	0	2.0000	0.0000	1.0000	NaN	1.3411	3.2100	15.3341	161623.2263	161623.5275	1.0000	1.0000	0.0083
32ls03	6	17	1	0	1.0000	0.0000	1.0000	0.5990	NaN	NaN	NaN	161625.7773	161626.1053	1.0000	1.0000	0.2036
32ls03	6	17	1	0	2.0000	0.0000	1.0000	NaN	4.5895	3.6473	14.9658	161626.8811	161627.1822	1.0000	1.0000	0.1690
32ls03	6	18	1	0	1.0000	0.0000	1.0000	0.5924	NaN	NaN	NaN	161629.3481	161629.6769	1.0000	1.0000	0.2666
32ls03	6	18	1	0	2.0000	0.0000	1.0000	NaN	4.8768	3.2009	14.2298	161630.5617	161630.8628	1.0000	1.0000	0.0142
32ls03	6	19	1	0	1.0000	0.0000	-1.0000	0.5959	NaN	NaN	NaN	161633.2078	161633.5372	0.0000	1.0000	0.2138
32ls03	6	19	1	0	2.0000	0.0000	1.0000	NaN	1.8127	3.6020	16.2652	161634.3619	161634.6629	1.0000	1.0000	0.0082
32ls03	6	20	1	0	1.0000	0.0000	1.0000	0.3935	NaN	NaN	NaN	161636.8790	161637.2054	1.0000	1.0000	0.3942
32ls03	6	20	1	0	2.0000	0.0000	1.0000	NaN	3.7031	5.2999	14.9392	161638.1784	161638.4794	1.0000	1.0000	0.1014
32ls03	6	21	1	0	1.0000	0.0000	-1.0000	0.1902	NaN	NaN	NaN	161640.6638	161640.9916	1.0000	0.0000	0.0638
32ls03	6	21	1	0	2.0000	0.0000	-1.0000	NaN	3.2354	-3.9694	15.9705	161641.6098	161641.9109	0.0000	1.0000	0.1771
32ls03	6	22	1	0	1.0000	0.0000	-1.0000	0.3892	NaN	NaN	NaN	161644.3761	161644.7034	0.0000	1.0000	0.1906
32ls03	6	22	1	0	2.0000	0.0000	1.0000	NaN	4.9861	5.9913	16.2760	161645.4820	161645.7832	1.0000	1.0000	0.0084
32ls03	6	23	1	0	1.0000	0.0000	1.0000	0.3989	NaN	NaN	NaN	161648.3580	161648.6854	1.0000	1.0000	0.1459
32ls03	6	23	1	0	2.0000	0.0000	1.0000	NaN	1.3220	1.0786	14.5225	161649.4203	161649.7213	1.0000	1.0000	0.2462
32ls03	6	24	1	0	1.0000	0.0000	-1.0000	0.5822	NaN	NaN	NaN	161652.2819	161652.6092	0.0000	1.0000	0.2069
32ls03	6	24	1	0	2.0000	0.0000	1.0000	NaN	5.2614	5.1191	13.0977	161653.3681	161653.6692	1.0000	1.0000	0.0090
32ls03	6	25	1	0	1.0000	0.0000	1.0000	0.6261	NaN	NaN	NaN	161655.8154	161656.1414	1.0000	1.0000	0.1357
32ls03	6	25	1	0	2.0000	0.0000	1.0000	NaN	3.2928	2.9648	15.6539	161656.8257	161657.1268	1.0000	1.0000	3.7456
32ls03	6	26	1	0	1.0000	0.0000	1.0000	0.3343	NaN	NaN	NaN	161662.7265	161663.0549	1.0000	1.0000	0.2562
32ls03	6	26	1	0	2.0000	0.0000	1.0000	NaN	1.7050	2.2671	15.1378	161663.8801	161664.1812	1.0000	1.0000	0.2664
32ls03	6	27	1	0	1.0000	0.0000	-1.0000	0.2265	NaN	NaN	NaN	161667.0197	161667.3453	0.0000	1.0000	0.1718
32ls03	6	27	1	0	2.0000	0.0000	1.0000	NaN	0.6709	2.5089	15.5678	161668.0744	161668.3755	1.0000	1.0000	0.0217
32ls03	6	28	1	0	1.0000	0.0000	1.0000	0.7271	NaN	NaN	NaN	161670.7391	161671.0673	1.0000	1.0000	0.2257
32ls03	6	28	1	0	2.0000	0.0000	1.0000	NaN	1.4021	0.0562	15.0332	161671.8822	161672.1834	1.0000	1.0000	0.2457
32ls03	6	29	1	0	1.0000	0.0000	1.0000	0.4681	NaN	NaN	NaN	161674.5167	161674.8455	1.0000	1.0000	0.1441
32ls03	6	29	1	0	2.0000	0.0000	1.0000	NaN	3.2260	3.8262	13.8227	161675.5383	161675.8396	1.0000	1.0000	0.3428
32ls03	6	30	1	0	1.0000	0.0000	1.0000	0.5035	NaN	NaN	NaN	161678.3545	161678.6825	1.0000	1.0000	0.1226
32ls03	6	30	1	0	2.0000	0.0000	1.0000	NaN	4.5212	2.2820	16.9301	161679.3612	161679.6624	1.0000	1.0000	0.1188
32ls03	6	31	1	0	1.0000	0.0000	-1.0000	0.4333	NaN	NaN	NaN	161681.9026	161682.2321	0.0000	1.0000	0.1036
32ls03	6	31	1	0	2.0000	0.0000	1.0000	NaN	5.2465	4.3709	14.7971	161682.9308	161683.2320	1.0000	1.0000	0.2084
32ls03	6	32	1	0	1.0000	0.0000	1.0000	0.1385	NaN	NaN	NaN	161685.6846	161686.0136	1.0000	1.0000	0.0496
32ls03	6	32	1	0	2.0000	0.0000	1.0000	NaN	3.1930	4.6177	14.8722	161686.6335	161686.9345	1.0000	1.0000	0.1454
32ls03	6	33	1	0	1.0000	0.0000	-1.0000	0.2911	NaN	NaN	NaN	161689.2021	161689.5295	1.0000	0.0000	0.0299
32ls03	6	33	1	0	2.0000	0.0000	-1.0000	NaN	2.3808	-1.9778	16.7749	161690.1296	161690.4307	0.0000	1.0000	0.4466
32ls03	6	34	1	0	1.0000	0.0000	-1.0000	0.1231	NaN	NaN	NaN	161693.0500	161693.3792	0.0000	1.0000	0.2199
32ls03	6	34	1	0	2.0000	0.0000	1.0000	NaN	3.9560	5.9601	14.7809	161694.2099	161694.5109	1.0000	1.0000	0.0141
32ls03	6	35	1	0	1.0000	0.0000	1.0000	0.1289	NaN	NaN	NaN	161696.6412	161696.9694	0.0000	0.0000	0.2134
32ls03	6	35	1	0	2.0000	0.0000	-1.0000	NaN	5.0757	-2.9795	15.6202	161697.7701	161698.0713	1.0000	0.0000	0.0616
32ls03	6	36	1	0	1.0000	0.0000	-1.0000	0.6949	NaN	NaN	NaN	161700.5343	161700.8626	0.0000	1.0000	0.1042
32ls03	6	36	1	0	2.0000	0.0000	1.0000	NaN	1.7311	4.1255	14.5389	161701.5140	161701.8150	1.0000	1.0000	0.1127
32ls03	6	37	1	0	1.0000	0.0000	-1.0000	0.3407	NaN	NaN	NaN	161704.0475	161704.3744	0.0000	1.0000	0.0469
32ls03	6	37	1	0	2.0000	0.0000	1.0000	NaN	1.6232	0.8128	16.7000	161705.0009	161705.3018	1.0000	1.0000	0.2899
32ls03	6	38	1	0	1.0000	0.0000	1.0000	0.2344	NaN	NaN	NaN	161707.7044	161708.0317	1.0000	1.0000	0.2214
32ls03	6	38	1	0	2.0000	0.0000	1.0000	NaN	2.7391	4.7233	16.0263	161708.8333	161709.1343	1.0000	1.0000	0.0310
32ls03	6	39	1	0	1.0000	0.0000	1.0000	0.3901	NaN	NaN	NaN	161711.4571	161711.7842	1.0000	1.0000	0.2855
32ls03	6	39	1	0	2.0000	0.0000	1.0000	NaN	1.3158	3.4379	15.3115	161712.6489	161712.9500	1.0000	1.0000	0.0552
32ls03	6	40	1	0	1.0000	0.0000	1.0000	0.2501	NaN	NaN	NaN	161715.3190	161715.6452	1.0000	1.0000	0.3536
32ls03	6	40	1	0	2.0000	0.0000	1.0000	NaN	2.0083	2.0876	16.1439	161716.5535	161716.8545	1.0000	1.0000	0.1281
32ls03	6	41	1	0	1.0000	0.0000	1.0000	0.0917	NaN	NaN	NaN	161718.8971	161719.2262	1.0000	1.0000	0.4773
32ls03	6	41	1	0	2.0000	0.0000	1.0000	NaN	5.1243	6.7904	15.8053	161720.2343	161720.5353	1.0000	1.0000	0.3122
32ls03	6	42	1	0	1.0000	0.0000	-1.0000	0.4499	NaN	NaN	NaN	161722.9445	161723.2715	0.0000	1.0000	0.1654
32ls03	6	42	1	0	2.0000	0.0000	1.0000	NaN	3.1122	3.2903	15.2092	161724.0189	161724.3200	1.0000	1.0000	0.0084
32ls03	6	43	1	0	1.0000	0.0000	-1.0000	0.1424	NaN	NaN	NaN	161726.3995	161726.7280	0.0000	1.0000	0.4944
32ls03	6	43	1	0	2.0000	0.0000	1.0000	NaN	1.5917	0.5216	13.8918	161727.7855	161728.0865	1.0000	1.0000	0.0226
32ls03	6	44	1	0	1.0000	0.0000	-1.0000	0.0357	NaN	NaN	NaN	161730.5924	161730.9216	0.0000	1.0000	0.1636
32ls03	6	44	1	0	2.0000	0.0000	1.0000	NaN	0.0925	1.1983	14.4930	161731.6936	161731.9948	1.0000	1.0000	0.0087
32ls03	6	45	1	0	1.0000	0.0000	-1.0000	0.7661	NaN	NaN	NaN	161734.5562	161734.8867	0.0000	1.0000	0.1422
32ls03	6	45	1	0	2.0000	0.0000	1.0000	NaN	3.1875	3.2557	13.6900	161735.6030	161735.9040	1.0000	1.0000	0.0084
32ls03	6	46	1	0	1.0000	0.0000	1.0000	0.0168	NaN	NaN	NaN	161738.2599	161738.5866	0.0000	0.0000	0.0676
32ls03	6	46	1	0	2.0000	0.0000	-1.0000	NaN	4.4145	-5.2440	13.6596	161739.2196	161739.5206	1.0000	0.0000	0.0472
32ls03	6	47	1	0	1.0000	0.0000	-1.0000	0.6774	NaN	NaN	NaN	161741.7036	161742.0305	0.0000	1.0000	0.1045
32ls03	6	47	1	0	2.0000	0.0000	1.0000	NaN	4.5771	1.6389	14.6360	161742.6972	161742.9984	1.0000	1.0000	0.0320
32ls03	6	48	1	0	1.0000	0.0000	1.0000	0.2334	NaN	NaN	NaN	161745.4103	161745.7378	0.0000	0.0000	0.0453
32ls03	6	48	1	0	2.0000	0.0000	-1.0000	NaN	2.3139	-3.3071	15.0471	161746.3525	161746.6536	0.0000	1.0000	0.0083
32ls03	6	49	1	0	1.0000	0.0000	1.0000	0.4906	NaN	NaN	NaN	161748.8304	161749.1574	1.0000	1.0000	0.5208
32ls03	6	49	1	0	2.0000	0.0000	1.0000	NaN	0.8824	0.7742	15.1102	161750.2249	161750.5262	1.0000	1.0000	0.0085
32ls03	6	50	1	0	1.0000	0.0000	1.0000	0.7492	NaN	NaN	NaN	161752.5526	161752.8809	1.0000	1.0000	0.0947
32ls03	6	50	1	0	2.0000	0.0000	1.0000	NaN	3.6419	4.3187	13.4910	161753.5296	161753.8307	1.0000	1.0000	0.0088
