36sx01	1	1	0	0	1.0000	0.0000	1.0000	0.1424	NaN	NaN	NaN	342935.9300	342936.2774	1.0000	1.0000	0.4015
36sx01	1	1	0	0	2.0000	0.0000	-1.0000	NaN	7.9153	-8.3671	14.4699	342937.4252	342937.7264	0.0000	1.0000	0.8874
36sx01	1	2	0	0	1.0000	0.0000	1.0000	0.9115	NaN	NaN	NaN	342940.9841	342941.3113	1.0000	1.0000	0.5376
36sx01	1	2	0	0	2.0000	0.0000	1.0000	NaN	7.8689	7.7698	16.1386	342942.5622	342942.8633	1.0000	1.0000	0.7980
36sx01	1	3	0	0	1.0000	0.0000	1.0000	0.8464	NaN	NaN	NaN	342946.2648	342946.5931	0.0000	0.0000	0.6765
36sx01	1	3	0	0	2.0000	0.0000	1.0000	NaN	4.0100	3.1472	15.4240	342947.9071	342948.2082	0.0000	0.0000	0.9675
36sx01	1	4	0	0	1.0000	0.0000	-1.0000	0.2128	NaN	NaN	NaN	342951.6564	342951.9890	0.0000	1.0000	1.3618
36sx01	1	4	0	0	2.0000	0.0000	-1.0000	NaN	8.0140	-8.7712	13.7078	342953.9945	342954.2959	1.0000	0.0000	2.3836
36sx01	1	5	0	0	1.0000	0.0000	1.0000	0.6121	NaN	NaN	NaN	342958.8225	342959.1486	1.0000	1.0000	0.6994
36sx01	1	5	0	0	2.0000	0.0000	-1.0000	NaN	4.5433	-5.5419	15.2829	342960.5228	342960.8239	0.0000	1.0000	2.2790
36sx01	1	6	0	0	1.0000	0.0000	1.0000	0.3089	NaN	NaN	NaN	342965.4436	342965.7711	1.0000	1.0000	1.2663
36sx01	1	6	0	0	2.0000	0.0000	1.0000	NaN	1.2676	3.5217	15.3594	342967.6917	342967.9927	1.0000	1.0000	1.5191
36sx01	1	7	0	0	1.0000	0.0000	1.0000	0.9113	NaN	NaN	NaN	342971.6239	342971.9527	1.0000	1.0000	1.3090
36sx01	1	7	0	0	2.0000	0.0000	-1.0000	NaN	6.5666	-6.7599	15.4096	342973.9156	342974.2167	0.0000	1.0000	2.0607
36sx01	1	8	0	0	1.0000	0.0000	-1.0000	0.2818	NaN	NaN	NaN	342978.5092	342978.8353	1.0000	0.0000	1.0102
36sx01	1	8	0	0	2.0000	0.0000	1.0000	NaN	3.8253	5.4821	13.7726	342980.5137	342980.8146	1.0000	1.0000	2.4949
36sx01	1	9	0	0	1.0000	0.0000	-1.0000	0.4244	NaN	NaN	NaN	342985.5226	342985.8495	0.0000	1.0000	0.9985
36sx01	1	9	0	0	2.0000	0.0000	-1.0000	NaN	3.6762	-4.1460	16.3031	342987.4600	342987.7610	1.0000	0.0000	3.4868
36sx01	1	10	0	0	1.0000	0.0000	1.0000	0.4852	NaN	NaN	NaN	342993.4835	342993.8107	0.0000	0.0000	1.1949
36sx01	1	10	0	0	2.0000	0.0000	-1.0000	NaN	9.8115	-9.9455	15.0429	342995.6658	342995.9668	0.0000	1.0000	1.1108
36sx01	1	11	0	0	1.0000	0.0000	1.0000	0.7399	NaN	NaN	NaN	342999.0067	342999.3349	1.0000	1.0000	0.6809
36sx01	1	11	0	0	2.0000	0.0000	-1.0000	NaN	5.0814	-5.0247	15.6222	343000.7059	343001.0091	0.0000	1.0000	4.0364
36sx01	1	12	0	0	1.0000	0.0000	1.0000	0.3508	NaN	NaN	NaN	343007.2507	343007.5779	0.0000	0.0000	2.2059
36sx01	1	12	0	0	2.0000	0.0000	1.0000	NaN	1.3344	2.6898	16.4875	343010.4183	343010.7202	0.0000	0.0000	2.5676
36sx01	1	13	0	0	1.0000	0.0000	1.0000	0.1574	NaN	NaN	NaN	343015.8234	343016.1493	0.0000	0.0000	2.9860
36sx01	1	13	0	0	2.0000	0.0000	1.0000	NaN	7.2238	9.1866	15.6481	343019.7483	343020.0494	1.0000	1.0000	0.9742
36sx01	1	14	0	0	1.0000	0.0000	-1.0000	0.2531	NaN	NaN	NaN	343023.4209	343023.7486	1.0000	0.0000	1.2028
36sx01	1	14	0	0	2.0000	0.0000	-1.0000	NaN	1.8439	-2.8763	15.7976	343025.6262	343025.9274	0.0000	1.0000	2.4806
36sx01	1	15	0	0	1.0000	0.0000	-1.0000	0.5652	NaN	NaN	NaN	343030.4695	343030.7956	0.0000	1.0000	3.7802
36sx01	1	15	0	0	2.0000	0.0000	-1.0000	NaN	3.1465	-3.3230	14.6317	343035.1546	343035.4556	0.0000	1.0000	3.9186
36sx01	1	16	0	0	1.0000	0.0000	1.0000	0.6604	NaN	NaN	NaN	343041.4618	343041.7911	1.0000	1.0000	0.7527
36sx01	1	16	0	0	2.0000	0.0000	1.0000	NaN	0.8159	0.3581	15.4536	343043.1959	343043.4969	0.0000	0.0000	1.6366
36sx01	1	17	0	0	1.0000	0.0000	-1.0000	0.3186	NaN	NaN	NaN	343047.7511	343048.0773	0.0000	1.0000	1.4652
36sx01	1	17	0	0	2.0000	0.0000	-1.0000	NaN	8.1567	-6.3338	14.8044	343050.1953	343050.4963	0.0000	1.0000	3.7510
36sx01	1	18	0	0	1.0000	0.0000	1.0000	0.0302	NaN	NaN	NaN	343056.4519	343056.7786	1.0000	1.0000	0.7947
36sx01	1	18	0	0	2.0000	0.0000	-1.0000	NaN	3.3231	-3.2970	12.9186	343058.2899	343058.5910	0.0000	1.0000	1.8398
36sx01	1	19	0	0	1.0000	0.0000	1.0000	0.2477	NaN	NaN	NaN	343062.7124	343063.0398	1.0000	1.0000	0.6076
36sx01	1	19	0	0	2.0000	0.0000	-1.0000	NaN	7.1323	-7.2786	15.5646	343064.3501	343064.6511	0.0000	1.0000	1.3805
36sx01	1	20	0	0	1.0000	0.0000	-1.0000	0.1146	NaN	NaN	NaN	343068.3174	343068.6456	1.0000	0.0000	0.9046
36sx01	1	20	0	0	2.0000	0.0000	-1.0000	NaN	7.0741	-7.2480	15.0015	343070.2270	343070.5281	0.0000	1.0000	1.4542
36sx01	1	21	0	0	1.0000	0.0000	-1.0000	0.8067	NaN	NaN	NaN	343074.5176	343074.8454	0.0000	1.0000	0.6023
36sx01	1	21	0	0	2.0000	0.0000	1.0000	NaN	11.2079	12.5358	15.1205	343076.0829	343076.3839	1.0000	1.0000	0.9416
36sx01	1	22	0	0	1.0000	0.0000	1.0000	0.2126	NaN	NaN	NaN	343079.5969	343079.9247	1.0000	1.0000	1.2032
36sx01	1	22	0	0	2.0000	0.0000	-1.0000	NaN	9.0152	-8.6471	14.5354	343081.7929	343082.0939	0.0000	1.0000	1.9692
36sx01	1	23	0	0	1.0000	0.0000	1.0000	0.6058	NaN	NaN	NaN	343086.6567	343086.9849	1.0000	1.0000	0.8068
36sx01	1	23	0	0	2.0000	0.0000	1.0000	NaN	11.4923	10.8618	13.7396	343088.5140	343088.8152	1.0000	1.0000	0.6225
36sx01	1	24	0	0	1.0000	0.0000	-1.0000	0.4168	NaN	NaN	NaN	343092.0727	343092.3994	0.0000	1.0000	1.0154
36sx01	1	24	0	0	2.0000	0.0000	-1.0000	NaN	4.5787	-2.3782	15.4416	343094.0840	343094.3852	1.0000	0.0000	1.3429
36sx01	1	25	0	0	1.0000	0.0000	-1.0000	0.1056	NaN	NaN	NaN	343097.9630	343098.2902	1.0000	0.0000	0.8378
36sx01	1	25	0	0	2.0000	0.0000	1.0000	NaN	3.0968	5.3154	15.2020	343099.7394	343100.0406	1.0000	1.0000	2.8310
36sx01	1	26	0	0	1.0000	0.0000	-1.0000	0.3714	NaN	NaN	NaN	343105.3436	343105.6711	1.0000	0.0000	0.5686
36sx01	1	26	0	0	2.0000	0.0000	-1.0000	NaN	9.9766	-8.9917	14.8910	343106.8580	343107.1592	0.0000	1.0000	1.0156
36sx01	1	27	0	0	1.0000	0.0000	-1.0000	0.4040	NaN	NaN	NaN	343110.7529	343111.0794	1.0000	0.0000	0.9607
36sx01	1	27	0	0	2.0000	0.0000	1.0000	NaN	3.7526	6.0365	16.0894	343112.7063	343113.0073	1.0000	1.0000	1.8301
36sx01	1	28	0	0	1.0000	0.0000	1.0000	0.1234	NaN	NaN	NaN	343117.1623	343117.4881	1.0000	1.0000	1.3335
36sx01	1	28	0	0	2.0000	0.0000	1.0000	NaN	6.8259	6.9999	15.1356	343119.4577	343119.7590	1.0000	1.0000	0.9526
36sx01	1	29	0	0	1.0000	0.0000	-1.0000	0.6660	NaN	NaN	NaN	343122.9128	343123.2393	0.0000	1.0000	0.9041
36sx01	1	29	0	0	2.0000	0.0000	-1.0000	NaN	7.9961	-8.0455	15.8777	343124.7786	343125.0796	0.0000	1.0000	1.1419
36sx01	1	30	0	0	1.0000	0.0000	1.0000	0.7369	NaN	NaN	NaN	343128.5785	343128.9071	1.0000	1.0000	0.4848
36sx01	1	30	0	0	2.0000	0.0000	-1.0000	NaN	5.8415	-5.3897	14.6393	343130.0182	343130.3194	0.0000	1.0000	2.1102
36sx01	1	31	0	0	1.0000	0.0000	-1.0000	0.7546	NaN	NaN	NaN	343134.5697	343134.8957	0.0000	1.0000	0.7099
36sx01	1	31	0	0	2.0000	0.0000	-1.0000	NaN	3.7346	-5.0422	15.5137	343136.2443	343136.5457	0.0000	1.0000	3.3026
36sx01	1	32	0	0	1.0000	0.0000	1.0000	0.4750	NaN	NaN	NaN	343141.8437	343142.1715	1.0000	1.0000	0.4443
36sx01	1	32	0	0	2.0000	0.0000	-1.0000	NaN	5.7591	-4.0531	15.0759	343143.2827	343143.5838	0.0000	1.0000	1.6298
36sx01	1	33	0	0	1.0000	0.0000	-1.0000	0.4233	NaN	NaN	NaN	343147.3612	343147.6892	0.0000	1.0000	3.0763
36sx01	1	33	0	0	2.0000	0.0000	-1.0000	NaN	7.7558	-9.2333	15.7913	343151.3541	343151.6551	0.0000	1.0000	3.4248
36sx01	1	34	0	0	1.0000	0.0000	1.0000	0.5507	NaN	NaN	NaN	343157.2100	343157.5376	1.0000	1.0000	0.6372
36sx01	1	34	0	0	2.0000	0.0000	1.0000	NaN	6.5983	4.7405	13.9297	343158.7781	343159.0791	0.0000	0.0000	1.5530
36sx01	1	35	0	0	1.0000	0.0000	1.0000	0.7401	NaN	NaN	NaN	343162.8997	343163.2264	1.0000	1.0000	0.5580
36sx01	1	35	0	0	2.0000	0.0000	-1.0000	NaN	8.5804	-9.3946	15.7214	343164.4176	343164.7187	0.0000	1.0000	2.9669
36sx01	1	36	0	0	1.0000	0.0000	-1.0000	0.8576	NaN	NaN	NaN	343169.7764	343170.1030	0.0000	1.0000	1.0008
36sx01	1	36	0	0	2.0000	0.0000	-1.0000	NaN	11.3374	-10.1177	15.0271	343171.7710	343172.0721	0.0000	1.0000	4.0880
36sx01	1	37	0	0	1.0000	0.0000	1.0000	0.1545	NaN	NaN	NaN	343178.5623	343178.8880	1.0000	1.0000	1.1841
36sx01	1	37	0	0	2.0000	0.0000	-1.0000	NaN	1.4280	-1.1700	14.9250	343180.7116	343181.0129	0.0000	1.0000	1.7288
36sx01	1	38	0	0	1.0000	0.0000	1.0000	0.0793	NaN	NaN	NaN	343185.2531	343185.5807	0.0000	0.0000	2.2824
36sx01	1	38	0	0	2.0000	0.0000	-1.0000	NaN	1.5981	-2.3754	15.4969	343188.5310	343188.8324	0.0000	1.0000	4.2471
36sx01	1	39	0	0	1.0000	0.0000	-1.0000	0.4807	NaN	NaN	NaN	343195.0824	343195.4115	0.0000	1.0000	0.5167
36sx01	1	39	0	0	2.0000	0.0000	1.0000	NaN	8.3889	6.8153	15.4577	343196.5711	343196.8721	1.0000	1.0000	0.9829
36sx01	1	40	0	0	1.0000	0.0000	-1.0000	0.4648	NaN	NaN	NaN	343200.5468	343200.8738	0.0000	1.0000	0.7158
36sx01	1	40	0	0	2.0000	0.0000	-1.0000	NaN	4.0526	-5.2293	14.6461	343202.3143	343202.6153	1.0000	0.0000	1.7261
36sx01	1	41	0	0	1.0000	0.0000	1.0000	0.6217	NaN	NaN	NaN	343206.7061	343207.0327	1.0000	1.0000	1.0302
36sx01	1	41	0	0	2.0000	0.0000	1.0000	NaN	4.8914	3.3247	15.3654	343208.7302	343209.0313	1.0000	1.0000	4.0245
36sx01	1	42	0	0	1.0000	0.0000	1.0000	0.1497	NaN	NaN	NaN	343215.2582	343215.5847	0.0000	0.0000	1.1674
36sx01	1	42	0	0	2.0000	0.0000	-1.0000	NaN	11.6471	-10.8728	15.8321	343217.3953	343217.6963	0.0000	1.0000	1.1981
36sx01	1	43	0	0	1.0000	0.0000	-1.0000	0.0310	NaN	NaN	NaN	343221.2601	343221.5895	0.0000	1.0000	2.1405
36sx01	1	43	0	0	2.0000	0.0000	1.0000	NaN	6.7344	6.7475	15.5700	343224.4028	343224.7038	0.0000	0.0000	4.7352
36sx01	1	44	0	0	1.0000	0.0000	1.0000	0.9243	NaN	NaN	NaN	343231.7495	343232.0759	1.0000	1.0000	0.5230
36sx01	1	44	0	0	2.0000	0.0000	-1.0000	NaN	7.7879	-8.4414	16.0526	343233.2507	343233.5518	0.0000	1.0000	1.6240
36sx01	1	45	0	0	1.0000	0.0000	-1.0000	0.0923	NaN	NaN	NaN	343237.6627	343237.9902	1.0000	0.0000	1.2874
36sx01	1	45	0	0	2.0000	0.0000	1.0000	NaN	9.8815	9.2853	15.9941	343239.9697	343240.2707	0.0000	0.0000	5.3370
36sx01	1	46	0	0	1.0000	0.0000	1.0000	0.7564	NaN	NaN	NaN	343247.7854	343248.1142	1.0000	1.0000	0.4536
36sx01	1	46	0	0	2.0000	0.0000	-1.0000	NaN	1.1845	-1.4860	15.0933	343249.2502	343249.5512	1.0000	0.0000	3.3525
36sx01	1	47	0	0	1.0000	0.0000	1.0000	0.0044	NaN	NaN	NaN	343255.1227	343255.4489	1.0000	1.0000	0.7810
36sx01	1	47	0	0	2.0000	0.0000	1.0000	NaN	9.2989	11.2941	14.5058	343256.9219	343257.2230	1.0000	1.0000	6.2165
36sx01	1	48	0	0	1.0000	0.0000	-1.0000	0.2279	NaN	NaN	NaN	343265.3935	343265.7216	0.0000	1.0000	1.1898
36sx01	1	48	0	0	2.0000	0.0000	1.0000	NaN	10.6381	10.2178	14.4720	343267.5481	343267.8491	0.0000	0.0000	2.8708
36sx01	1	49	0	0	1.0000	0.0000	1.0000	0.5577	NaN	NaN	NaN	343273.0735	343273.4008	0.0000	0.0000	0.6847
36sx01	1	49	0	0	2.0000	0.0000	1.0000	NaN	2.4929	3.1558	14.6561	343274.7221	343275.0236	0.0000	0.0000	2.9761
36sx01	1	50	0	0	1.0000	0.0000	1.0000	0.3969	NaN	NaN	NaN	343280.6399	343280.9652	0.0000	0.0000	1.1780
36sx01	1	50	0	0	2.0000	0.0000	1.0000	NaN	11.7966	13.7306	15.4835	343282.8022	343283.1033	1.0000	1.0000	1.1823
36sx01	2	1	0	0	1.0000	0.0000	-1.0000	0.9349	NaN	NaN	NaN	343291.1513	343291.4786	0.0000	1.0000	0.3286
36sx01	2	1	0	0	2.0000	0.0000	1.0000	NaN	2.0060	2.3070	15.8481	343292.4826	343292.7837	1.0000	1.0000	0.8236
36sx01	2	2	0	0	1.0000	0.0000	1.0000	0.5195	NaN	NaN	NaN	343295.9610	343296.2882	1.0000	1.0000	0.6634
36sx01	2	2	0	0	2.0000	0.0000	1.0000	NaN	6.2536	4.0441	15.9912	343297.6028	343297.9038	0.0000	0.0000	1.4225
36sx01	2	3	0	0	1.0000	0.0000	1.0000	0.6771	NaN	NaN	NaN	343301.5145	343301.8431	1.0000	1.0000	2.8671
36sx01	2	3	0	0	2.0000	0.0000	1.0000	NaN	6.0057	6.5234	13.9178	343305.3785	343305.6797	0.0000	0.0000	1.8699
36sx01	2	4	0	0	1.0000	0.0000	-1.0000	0.3225	NaN	NaN	NaN	343310.1670	343310.4936	0.0000	1.0000	0.6012
36sx01	2	4	0	0	2.0000	0.0000	-1.0000	NaN	11.4196	-11.6543	14.0844	343311.7556	343312.0566	0.0000	1.0000	0.7490
36sx01	2	5	0	0	1.0000	0.0000	1.0000	0.5062	NaN	NaN	NaN	343315.3599	343315.6858	1.0000	1.0000	1.0396
36sx01	2	5	0	0	2.0000	0.0000	-1.0000	NaN	4.2087	-3.8471	14.7693	343317.3549	343317.6560	0.0000	1.0000	1.2153
36sx01	2	6	0	0	1.0000	0.0000	-1.0000	0.1698	NaN	NaN	NaN	343320.9819	343321.3091	1.0000	0.0000	0.9461
36sx01	2	6	0	0	2.0000	0.0000	-1.0000	NaN	5.0746	-2.2285	14.3272	343322.8979	343323.1990	0.0000	1.0000	1.2088
36sx01	2	7	0	0	1.0000	0.0000	-1.0000	0.2469	NaN	NaN	NaN	343326.6195	343326.9467	1.0000	0.0000	1.1893
36sx01	2	7	0	0	2.0000	0.0000	-1.0000	NaN	9.6008	-10.6238	15.0406	343328.8260	343329.1275	0.0000	1.0000	1.2004
36sx01	2	8	0	0	1.0000	0.0000	1.0000	0.4311	NaN	NaN	NaN	343332.5817	343332.9082	1.0000	1.0000	1.2339
36sx01	2	8	0	0	2.0000	0.0000	1.0000	NaN	5.1887	4.7275	14.7958	343334.7974	343335.0985	0.0000	0.0000	7.6214
36sx01	2	9	0	0	1.0000	0.0000	1.0000	0.8605	NaN	NaN	NaN	343345.1702	343345.4974	1.0000	1.0000	0.3890
36sx01	2	9	0	0	2.0000	0.0000	-1.0000	NaN	1.5238	-1.2101	14.8069	343346.6264	343346.9274	0.0000	1.0000	2.7581
36sx01	2	10	0	0	1.0000	0.0000	-1.0000	0.2385	NaN	NaN	NaN	343351.7568	343352.0828	1.0000	0.0000	0.7247
36sx01	2	10	0	0	2.0000	0.0000	-1.0000	NaN	7.3925	-4.0885	15.7742	343353.5139	343353.8149	0.0000	1.0000	3.2649
36sx01	2	11	0	0	1.0000	0.0000	1.0000	0.3960	NaN	NaN	NaN	343359.6327	343359.9591	1.0000	1.0000	0.3930
36sx01	2	11	0	0	2.0000	0.0000	-1.0000	NaN	7.8823	-9.4148	14.0316	343361.0034	343361.3045	0.0000	1.0000	4.0400
36sx01	2	12	0	0	1.0000	0.0000	-1.0000	0.4377	NaN	NaN	NaN	343367.7459	343368.0731	1.0000	0.0000	0.4685
36sx01	2	12	0	0	2.0000	0.0000	-1.0000	NaN	11.7797	-11.5081	15.7871	343369.2120	343369.5131	1.0000	0.0000	1.5337
36sx01	2	13	0	0	1.0000	0.0000	-1.0000	0.7772	NaN	NaN	NaN	343373.5672	343373.8923	0.0000	1.0000	0.5302
36sx01	2	13	0	0	2.0000	0.0000	1.0000	NaN	9.8106	11.5922	12.9908	343375.0751	343375.3765	1.0000	1.0000	0.6793
36sx01	2	14	0	0	1.0000	0.0000	1.0000	0.5794	NaN	NaN	NaN	343377.9266	343378.2526	1.0000	1.0000	0.5469
36sx01	2	14	0	0	2.0000	0.0000	1.0000	NaN	7.4120	6.4551	14.9744	343379.4920	343379.7933	1.0000	1.0000	0.6923
36sx01	2	15	0	0	1.0000	0.0000	1.0000	0.8321	NaN	NaN	NaN	343382.6908	343383.0171	1.0000	1.0000	0.7579
36sx01	2	15	0	0	2.0000	0.0000	1.0000	NaN	6.6019	4.4187	13.7256	343384.4442	343384.7452	1.0000	1.0000	0.3246
36sx01	2	16	0	0	1.0000	0.0000	1.0000	0.4280	NaN	NaN	NaN	343387.1472	343387.4745	1.0000	1.0000	0.3734
36sx01	2	16	0	0	2.0000	0.0000	1.0000	NaN	1.0059	1.2845	13.5804	343388.4844	343388.7855	1.0000	1.0000	0.5242
36sx01	2	17	0	0	1.0000	0.0000	-1.0000	0.8677	NaN	NaN	NaN	343391.2225	343391.5492	0.0000	1.0000	0.1541
36sx01	2	17	0	0	2.0000	0.0000	-1.0000	NaN	1.8285	-3.3768	16.3081	343392.3560	343392.6573	1.0000	0.0000	0.4283
36sx01	2	18	0	0	1.0000	0.0000	1.0000	0.6007	NaN	NaN	NaN	343395.5788	343395.9079	1.0000	1.0000	0.3077
36sx01	2	18	0	0	2.0000	0.0000	1.0000	NaN	1.1705	0.3532	14.0387	343396.8740	343397.1751	0.0000	0.0000	0.3430
36sx01	2	19	0	0	1.0000	0.0000	-1.0000	0.4007	NaN	NaN	NaN	343400.1513	343400.4788	0.0000	1.0000	1.6726
36sx01	2	19	0	0	2.0000	0.0000	-1.0000	NaN	10.9888	-10.8863	14.7984	343402.7547	343403.0558	0.0000	1.0000	0.5274
36sx01	2	20	0	0	1.0000	0.0000	-1.0000	0.6227	NaN	NaN	NaN	343406.2543	343406.5816	0.0000	1.0000	1.1300
36sx01	2	20	0	0	2.0000	0.0000	-1.0000	NaN	2.0542	-3.1891	15.0845	343408.3546	343408.6556	0.0000	1.0000	1.9283
36sx01	2	21	0	0	1.0000	0.0000	1.0000	0.9083	NaN	NaN	NaN	343412.9558	343413.2829	1.0000	1.0000	0.2847
36sx01	2	21	0	0	2.0000	0.0000	1.0000	NaN	6.9025	5.4340	13.7728	343414.1943	343414.4954	1.0000	1.0000	0.2943
36sx01	2	22	0	0	1.0000	0.0000	1.0000	0.2254	NaN	NaN	NaN	343416.7584	343417.0848	1.0000	1.0000	1.2905
36sx01	2	22	0	0	2.0000	0.0000	1.0000	NaN	5.5062	6.0396	14.8419	343418.9783	343419.2793	1.0000	1.0000	0.2410
36sx01	2	23	0	0	1.0000	0.0000	-1.0000	0.6423	NaN	NaN	NaN	343421.5474	343421.8752	0.0000	1.0000	0.2366
36sx01	2	23	0	0	2.0000	0.0000	1.0000	NaN	3.4688	4.2986	13.9531	343422.7229	343423.0239	1.0000	1.0000	0.2136
36sx01	2	24	0	0	1.0000	0.0000	-1.0000	0.8316	NaN	NaN	NaN	343425.5993	343425.9252	0.0000	1.0000	0.1628
36sx01	2	24	0	0	2.0000	0.0000	-1.0000	NaN	6.2166	-5.8549	15.0661	343426.7218	343427.0229	0.0000	1.0000	0.3667
36sx01	2	25	0	0	1.0000	0.0000	-1.0000	0.7832	NaN	NaN	NaN	343429.9620	343430.2890	0.0000	1.0000	0.1820
36sx01	2	25	0	0	2.0000	0.0000	-1.0000	NaN	11.7920	-12.2234	16.4237	343431.0999	343431.4010	0.0000	1.0000	0.2151
36sx01	2	26	0	0	1.0000	0.0000	1.0000	0.0359	NaN	NaN	NaN	343433.7511	343434.0786	1.0000	1.0000	0.5591
36sx01	2	26	0	0	2.0000	0.0000	-1.0000	NaN	10.6220	-11.6413	14.6812	343435.2583	343435.5596	0.0000	1.0000	0.2081
36sx01	2	27	0	0	1.0000	0.0000	1.0000	0.1743	NaN	NaN	NaN	343438.1123	343438.4400	1.0000	1.0000	0.1734
36sx01	2	27	0	0	2.0000	0.0000	1.0000	NaN	4.4218	4.2739	15.0499	343439.2691	343439.5703	1.0000	1.0000	0.2215
36sx01	2	28	0	0	1.0000	0.0000	-1.0000	0.4825	NaN	NaN	NaN	343442.2914	343442.6200	0.0000	1.0000	0.2200
36sx01	2	28	0	0	2.0000	0.0000	-1.0000	NaN	1.0262	-0.6414	15.9451	343443.4760	343443.7770	0.0000	1.0000	0.3022
36sx01	2	29	0	0	1.0000	0.0000	-1.0000	0.7610	NaN	NaN	NaN	343446.3021	343446.6295	0.0000	1.0000	0.1841
36sx01	2	29	0	0	2.0000	0.0000	1.0000	NaN	0.3506	1.8185	15.6465	343447.4454	343447.7465	1.0000	1.0000	0.3153
36sx01	2	30	0	0	1.0000	0.0000	1.0000	0.6824	NaN	NaN	NaN	343450.7749	343451.1021	1.0000	1.0000	0.2250
36sx01	2	30	0	0	2.0000	0.0000	1.0000	NaN	11.6238	12.1305	14.0454	343451.9398	343452.2408	1.0000	1.0000	0.1589
36sx01	2	31	0	0	1.0000	0.0000	-1.0000	0.2279	NaN	NaN	NaN	343454.8520	343455.1789	0.0000	1.0000	0.1411
36sx01	2	31	0	0	2.0000	0.0000	1.0000	NaN	1.4798	2.5716	15.4663	343456.0030	343456.3041	1.0000	1.0000	0.2480
36sx01	2	32	0	0	1.0000	0.0000	1.0000	0.4284	NaN	NaN	NaN	343458.6706	343458.9967	1.0000	1.0000	0.2422
36sx01	2	32	0	0	2.0000	0.0000	-1.0000	NaN	6.5641	-5.7648	15.7780	343459.8819	343460.1831	0.0000	1.0000	0.2066
36sx01	2	33	0	0	1.0000	0.0000	1.0000	0.0146	NaN	NaN	NaN	343462.8533	343463.1802	1.0000	1.0000	0.2435
36sx01	2	33	0	0	2.0000	0.0000	1.0000	NaN	0.5163	2.3898	14.4330	343464.0358	343464.3369	1.0000	1.0000	0.2943
36sx01	2	34	0	0	1.0000	0.0000	-1.0000	0.8828	NaN	NaN	NaN	343467.1071	343467.4341	0.0000	1.0000	0.2218
36sx01	2	34	0	0	2.0000	0.0000	-1.0000	NaN	4.1998	-5.3603	13.6828	343468.2748	343468.5759	0.0000	1.0000	0.2218
36sx01	2	35	0	0	1.0000	0.0000	1.0000	0.0064	NaN	NaN	NaN	343471.1365	343471.4621	1.0000	1.0000	0.2483
36sx01	2	35	0	0	2.0000	0.0000	-1.0000	NaN	7.2260	-6.2434	15.0311	343472.3632	343472.6643	0.0000	1.0000	0.2077
36sx01	2	36	0	0	1.0000	0.0000	-1.0000	0.1418	NaN	NaN	NaN	343475.0758	343475.4029	1.0000	0.0000	0.3079
36sx01	2	36	0	0	2.0000	0.0000	-1.0000	NaN	3.0901	-3.2240	15.4872	343476.3061	343476.6072	0.0000	1.0000	0.5048
36sx01	2	37	0	0	1.0000	0.0000	-1.0000	0.4876	NaN	NaN	NaN	343479.8136	343480.1407	0.0000	1.0000	0.2890
36sx01	2	37	0	0	2.0000	0.0000	-1.0000	NaN	4.8217	-4.6146	14.7410	343481.0499	343481.3510	1.0000	0.0000	0.2387
36sx01	2	38	0	0	1.0000	0.0000	-1.0000	0.6852	NaN	NaN	NaN	343483.7773	343484.1058	0.0000	1.0000	0.1958
36sx01	2	38	0	0	2.0000	0.0000	1.0000	NaN	1.2811	1.5339	16.5583	343484.9747	343485.2760	1.0000	1.0000	0.9056
36sx01	2	39	0	0	1.0000	0.0000	-1.0000	0.8610	NaN	NaN	NaN	343488.4235	343488.7514	0.0000	1.0000	0.2062
36sx01	2	39	0	0	2.0000	0.0000	1.0000	NaN	10.5558	11.6419	15.6545	343489.6026	343489.9036	1.0000	1.0000	0.1523
36sx01	2	40	0	0	1.0000	0.0000	-1.0000	0.6214	NaN	NaN	NaN	343492.6437	343492.9698	0.0000	1.0000	0.1423
36sx01	2	40	0	0	2.0000	0.0000	-1.0000	NaN	8.2706	-8.8444	15.1583	343493.7457	343494.0468	0.0000	1.0000	0.1291
36sx01	2	41	0	0	1.0000	0.0000	1.0000	0.3012	NaN	NaN	NaN	343496.3535	343496.6803	0.0000	0.0000	0.1894
36sx01	2	41	0	0	2.0000	0.0000	-1.0000	NaN	11.4027	-10.3448	15.6301	343497.4991	343497.8001	0.0000	1.0000	0.3575
36sx01	2	42	0	0	1.0000	0.0000	-1.0000	0.8104	NaN	NaN	NaN	343500.0717	343500.4011	0.0000	1.0000	0.2055
36sx01	2	42	0	0	2.0000	0.0000	-1.0000	NaN	7.4647	-7.2579	14.7397	343501.2100	343501.5110	0.0000	1.0000	0.6398
36sx01	2	43	0	0	1.0000	0.0000	1.0000	0.1850	NaN	NaN	NaN	343504.6551	343504.9818	1.0000	1.0000	0.3136
36sx01	2	43	0	0	2.0000	0.0000	-1.0000	NaN	2.7111	-2.7089	14.5358	343505.9137	343506.2148	0.0000	1.0000	1.4968
36sx01	2	44	0	0	1.0000	0.0000	-1.0000	0.5394	NaN	NaN	NaN	343509.9247	343510.2525	0.0000	1.0000	0.2514
36sx01	2	44	0	0	2.0000	0.0000	-1.0000	NaN	0.9103	-1.6776	14.9713	343511.1140	343511.4150	0.0000	1.0000	1.1266
36sx01	2	45	0	0	1.0000	0.0000	-1.0000	0.2230	NaN	NaN	NaN	343514.8813	343515.2097	0.0000	1.0000	0.1900
36sx01	2	45	0	0	2.0000	0.0000	1.0000	NaN	4.2379	3.0812	15.9831	343516.0107	343516.3119	0.0000	0.0000	1.8884
36sx01	2	46	0	0	1.0000	0.0000	-1.0000	0.3341	NaN	NaN	NaN	343520.5113	343520.8369	0.0000	1.0000	0.3848
36sx01	2	46	0	0	2.0000	0.0000	-1.0000	NaN	9.9699	-12.0167	14.3153	343521.7944	343522.0955	0.0000	1.0000	0.8169
36sx01	2	47	0	0	1.0000	0.0000	-1.0000	0.0916	NaN	NaN	NaN	343525.3165	343525.6436	1.0000	0.0000	0.7622
36sx01	2	47	0	0	2.0000	0.0000	-1.0000	NaN	1.5837	-1.0750	15.0423	343527.0178	343527.3199	1.0000	0.0000	1.0296
36sx01	2	48	0	0	1.0000	0.0000	-1.0000	0.6167	NaN	NaN	NaN	343530.8406	343531.1687	1.0000	0.0000	0.5273
36sx01	2	48	0	0	2.0000	0.0000	1.0000	NaN	8.7807	7.9235	15.6653	343532.2668	343532.5678	1.0000	1.0000	0.3436
36sx01	2	49	0	0	1.0000	0.0000	1.0000	0.5222	NaN	NaN	NaN	343535.4357	343535.7620	1.0000	1.0000	0.3019
36sx01	2	49	0	0	2.0000	0.0000	-1.0000	NaN	11.0063	-12.0766	14.7102	343536.6921	343536.9931	0.0000	1.0000	0.2868
36sx01	2	50	0	0	1.0000	0.0000	1.0000	0.5114	NaN	NaN	NaN	343539.3513	343539.6784	1.0000	1.0000	0.2394
36sx01	2	50	0	0	2.0000	0.0000	1.0000	NaN	11.9536	13.5039	15.7731	343540.5700	343540.8710	1.0000	1.0000	0.5026
36sx01	3	1	0	0	1.0000	0.0000	1.0000	0.8253	NaN	NaN	NaN	343545.2536	343545.5811	1.0000	1.0000	0.2676
36sx01	3	1	0	0	2.0000	0.0000	-1.0000	NaN	1.0132	-1.3032	13.9965	343546.4705	343546.7715	0.0000	1.0000	0.6100
36sx01	3	2	0	0	1.0000	0.0000	1.0000	0.6357	NaN	NaN	NaN	343549.7476	343550.0754	1.0000	1.0000	0.1485
36sx01	3	2	0	0	2.0000	0.0000	-1.0000	NaN	2.2852	-4.5657	15.3739	343550.8510	343551.1520	1.0000	0.0000	0.4057
36sx01	3	3	0	0	1.0000	0.0000	-1.0000	0.4645	NaN	NaN	NaN	343553.3676	343553.6947	0.0000	1.0000	0.2416
36sx01	3	3	0	0	2.0000	0.0000	-1.0000	NaN	7.4887	-7.9155	15.2178	343554.5386	343554.8396	0.0000	1.0000	0.4219
36sx01	3	4	0	0	1.0000	0.0000	-1.0000	0.4181	NaN	NaN	NaN	343557.6245	343557.9510	0.0000	1.0000	1.3850
36sx01	3	4	0	0	2.0000	0.0000	1.0000	NaN	6.3257	2.8418	14.3649	343559.9387	343560.2404	0.0000	0.0000	0.9971
36sx01	3	5	0	0	1.0000	0.0000	-1.0000	0.7193	NaN	NaN	NaN	343563.2800	343563.6071	0.0000	1.0000	2.8395
36sx01	3	5	0	0	2.0000	0.0000	-1.0000	NaN	9.0447	-8.3329	15.8204	343567.0739	343567.3750	0.0000	1.0000	0.3988
36sx01	3	6	0	0	1.0000	0.0000	1.0000	0.2416	NaN	NaN	NaN	343570.1543	343570.4825	1.0000	1.0000	1.0372
36sx01	3	6	0	0	2.0000	0.0000	1.0000	NaN	9.7714	7.7056	14.4211	343572.1386	343572.4402	1.0000	1.0000	0.2949
36sx01	3	7	0	0	1.0000	0.0000	-1.0000	0.0566	NaN	NaN	NaN	343575.0301	343575.3575	1.0000	0.0000	0.3621
36sx01	3	7	0	0	2.0000	0.0000	1.0000	NaN	8.1837	8.6399	14.4518	343576.3301	343576.6311	1.0000	1.0000	0.1926
36sx01	3	8	0	0	1.0000	0.0000	1.0000	0.7652	NaN	NaN	NaN	343579.5900	343579.9170	1.0000	1.0000	0.6176
36sx01	3	8	0	0	2.0000	0.0000	1.0000	NaN	6.9207	7.2273	14.7027	343581.1864	343581.4874	1.0000	1.0000	0.6704
36sx01	3	9	0	0	1.0000	0.0000	1.0000	0.6757	NaN	NaN	NaN	343584.7725	343585.1022	1.0000	1.0000	0.2730
36sx01	3	9	0	0	2.0000	0.0000	1.0000	NaN	2.6610	1.4397	15.6050	343586.0752	343586.3770	0.0000	0.0000	0.5968
36sx01	3	10	0	0	1.0000	0.0000	-1.0000	0.0679	NaN	NaN	NaN	343589.2222	343589.5505	1.0000	0.0000	0.3294
36sx01	3	10	0	0	2.0000	0.0000	1.0000	NaN	6.2598	5.7887	15.3872	343590.5629	343590.8643	1.0000	1.0000	0.2214
36sx01	3	11	0	0	1.0000	0.0000	-1.0000	0.0113	NaN	NaN	NaN	343593.7353	343594.0618	1.0000	0.0000	0.3036
36sx01	3	11	0	0	2.0000	0.0000	1.0000	NaN	4.0455	3.7940	13.6423	343594.9953	343595.2968	0.0000	0.0000	1.0545
36sx01	3	12	0	0	1.0000	0.0000	-1.0000	0.7075	NaN	NaN	NaN	343598.5662	343598.8975	0.0000	1.0000	0.2782
36sx01	3	12	0	0	2.0000	0.0000	-1.0000	NaN	2.2675	-1.4078	15.7677	343599.7555	343600.0565	0.0000	1.0000	1.5112
36sx01	3	13	0	0	1.0000	0.0000	1.0000	0.7199	NaN	NaN	NaN	343603.9804	343604.3087	1.0000	1.0000	0.1554
36sx01	3	13	0	0	2.0000	0.0000	-1.0000	NaN	8.9176	-7.4434	14.2239	343605.1475	343605.4486	0.0000	1.0000	0.3263
36sx01	3	14	0	0	1.0000	0.0000	-1.0000	0.4654	NaN	NaN	NaN	343607.9208	343608.2485	0.0000	1.0000	0.0390
36sx01	3	14	0	0	2.0000	0.0000	-1.0000	NaN	2.0151	-2.6057	15.0444	343608.8995	343609.2006	0.0000	1.0000	0.9892
36sx01	3	15	0	0	1.0000	0.0000	1.0000	0.7554	NaN	NaN	NaN	343612.7060	343613.0347	1.0000	1.0000	0.3096
36sx01	3	15	0	0	2.0000	0.0000	-1.0000	NaN	2.2425	-2.1331	14.9705	343614.1310	343614.4322	0.0000	1.0000	0.4295
36sx01	3	16	0	0	1.0000	0.0000	1.0000	0.3757	NaN	NaN	NaN	343616.8852	343617.2118	1.0000	1.0000	0.2196
36sx01	3	16	0	0	2.0000	0.0000	-1.0000	NaN	4.4092	-2.4187	15.9191	343618.0829	343618.3839	0.0000	1.0000	0.3444
36sx01	3	17	0	0	1.0000	0.0000	-1.0000	0.5686	NaN	NaN	NaN	343621.3735	343621.7014	1.0000	0.0000	0.3123
36sx01	3	17	0	0	2.0000	0.0000	1.0000	NaN	5.6511	4.4998	12.3219	343622.6269	343622.9279	1.0000	1.0000	0.4394
36sx01	3	18	0	0	1.0000	0.0000	1.0000	0.1879	NaN	NaN	NaN	343625.9585	343626.2851	1.0000	1.0000	1.2671
36sx01	3	18	0	0	2.0000	0.0000	-1.0000	NaN	0.3665	-0.2965	15.3372	343628.1659	343628.4670	0.0000	1.0000	0.4125
36sx01	3	19	0	0	1.0000	0.0000	-1.0000	0.4017	NaN	NaN	NaN	343631.0942	343631.4215	0.0000	1.0000	0.4027
36sx01	3	19	0	0	2.0000	0.0000	-1.0000	NaN	6.5745	-5.9938	15.1623	343632.4106	343632.7116	0.0000	1.0000	0.4486
36sx01	3	20	0	0	1.0000	0.0000	-1.0000	0.4474	NaN	NaN	NaN	343635.3233	343635.6500	1.0000	0.0000	0.3658
36sx01	3	20	0	0	2.0000	0.0000	-1.0000	NaN	2.7659	-3.7967	16.6848	343636.6592	343636.9603	0.0000	1.0000	0.3254
36sx01	3	21	0	0	1.0000	0.0000	-1.0000	0.9118	NaN	NaN	NaN	343639.8119	343640.1383	0.0000	1.0000	0.2594
36sx01	3	21	0	0	2.0000	0.0000	1.0000	NaN	4.0846	3.7005	15.2586	343640.9707	343641.2716	0.0000	0.0000	0.8152
36sx01	3	22	0	0	1.0000	0.0000	-1.0000	0.1814	NaN	NaN	NaN	343644.6369	343644.9650	1.0000	0.0000	0.7228
36sx01	3	22	0	0	2.0000	0.0000	-1.0000	NaN	5.1390	-5.9774	15.8499	343646.3163	343646.6174	0.0000	1.0000	0.4622
36sx01	3	23	0	0	1.0000	0.0000	-1.0000	0.3538	NaN	NaN	NaN	343648.9351	343649.2630	0.0000	1.0000	0.9027
36sx01	3	23	0	0	2.0000	0.0000	1.0000	NaN	2.3774	2.3881	14.9372	343650.7721	343651.0732	0.0000	0.0000	3.3183
36sx01	3	24	0	0	1.0000	0.0000	-1.0000	0.5195	NaN	NaN	NaN	343656.6915	343657.0177	0.0000	1.0000	0.4302
36sx01	3	24	0	0	2.0000	0.0000	-1.0000	NaN	11.4901	-11.1708	14.4606	343658.0599	343658.3611	0.0000	1.0000	0.3580
36sx01	3	25	0	0	1.0000	0.0000	-1.0000	0.4205	NaN	NaN	NaN	343660.7568	343661.0831	1.0000	0.0000	0.9324
36sx01	3	25	0	0	2.0000	0.0000	1.0000	NaN	1.2798	1.7792	15.1190	343662.6523	343662.9533	0.0000	0.0000	1.0150
36sx01	3	26	0	0	1.0000	0.0000	-1.0000	0.2163	NaN	NaN	NaN	343666.1418	343666.4686	1.0000	0.0000	0.8265
36sx01	3	26	0	0	2.0000	0.0000	1.0000	NaN	5.2284	6.3567	15.9475	343668.0105	343668.3117	1.0000	1.0000	0.5044
36sx01	3	27	0	0	1.0000	0.0000	1.0000	0.4611	NaN	NaN	NaN	343671.0630	343671.3898	1.0000	1.0000	0.3997
36sx01	3	27	0	0	2.0000	0.0000	-1.0000	NaN	9.6034	-10.2693	14.3870	343672.4260	343672.7272	0.0000	1.0000	0.3598
36sx01	3	28	0	0	1.0000	0.0000	-1.0000	0.0654	NaN	NaN	NaN	343675.0756	343675.4046	1.0000	0.0000	0.3211
36sx01	3	28	0	0	2.0000	0.0000	1.0000	NaN	3.8352	4.7586	16.6518	343676.3628	343676.6639	1.0000	1.0000	0.2718
36sx01	3	29	0	0	1.0000	0.0000	1.0000	0.6632	NaN	NaN	NaN	343679.5842	343679.9122	1.0000	1.0000	0.1904
36sx01	3	29	0	0	2.0000	0.0000	-1.0000	NaN	7.9983	-8.5354	14.8570	343680.7712	343681.0723	0.0000	1.0000	0.1816
36sx01	3	30	0	0	1.0000	0.0000	1.0000	0.0500	NaN	NaN	NaN	343683.6519	343683.9799	1.0000	1.0000	0.3163
36sx01	3	30	0	0	2.0000	0.0000	-1.0000	NaN	8.8543	-10.3907	15.6821	343684.9233	343685.2244	0.0000	1.0000	0.1995
36sx01	3	31	0	0	1.0000	0.0000	1.0000	0.0574	NaN	NaN	NaN	343687.5114	343687.8379	1.0000	1.0000	0.1298
36sx01	3	31	0	0	2.0000	0.0000	1.0000	NaN	4.7911	4.8760	14.9333	343688.6272	343688.9281	1.0000	1.0000	0.4162
36sx01	3	32	0	0	1.0000	0.0000	1.0000	0.6649	NaN	NaN	NaN	343691.4442	343691.7716	1.0000	1.0000	0.1545
36sx01	3	32	0	0	2.0000	0.0000	1.0000	NaN	7.6624	6.2047	16.0078	343692.5865	343692.8877	1.0000	1.0000	0.2701
36sx01	3	33	0	0	1.0000	0.0000	-1.0000	0.1383	NaN	NaN	NaN	343695.4380	343695.7653	0.0000	1.0000	0.5844
36sx01	3	33	0	0	2.0000	0.0000	1.0000	NaN	1.6328	3.6902	14.2485	343696.9552	343697.2562	1.0000	1.0000	1.0949
36sx01	3	34	0	0	1.0000	0.0000	-1.0000	0.8127	NaN	NaN	NaN	343700.5231	343700.8505	0.0000	1.0000	0.2848
36sx01	3	34	0	0	2.0000	0.0000	-1.0000	NaN	7.7372	-6.6163	16.1164	343701.7151	343702.0163	0.0000	1.0000	0.8477
36sx01	3	35	0	0	1.0000	0.0000	-1.0000	0.8651	NaN	NaN	NaN	343705.2369	343705.5634	0.0000	1.0000	0.2204
36sx01	3	35	0	0	2.0000	0.0000	-1.0000	NaN	2.1822	-1.1915	14.0271	343706.3387	343706.6398	0.0000	1.0000	0.4299
36sx01	3	36	0	0	1.0000	0.0000	1.0000	0.3272	NaN	NaN	NaN	343709.6193	343709.9457	0.0000	0.0000	0.1579
36sx01	3	36	0	0	2.0000	0.0000	1.0000	NaN	9.3662	9.9096	14.6790	343710.6112	343710.9121	1.0000	1.0000	0.3839
36sx01	3	37	0	0	1.0000	0.0000	1.0000	0.6938	NaN	NaN	NaN	343713.7014	343714.0290	1.0000	1.0000	0.5710
36sx01	3	37	0	0	2.0000	0.0000	-1.0000	NaN	5.8633	-5.6262	15.6867	343715.2015	343715.5026	0.0000	1.0000	2.9205
36sx01	3	38	0	0	1.0000	0.0000	-1.0000	0.3654	NaN	NaN	NaN	343720.2696	343720.5979	0.0000	1.0000	0.6342
36sx01	3	38	0	0	2.0000	0.0000	-1.0000	NaN	6.9958	-7.3669	16.4747	343721.8036	343722.1050	0.0000	1.0000	0.2628
36sx01	3	39	0	0	1.0000	0.0000	-1.0000	0.2280	NaN	NaN	NaN	343724.4072	343724.7357	0.0000	1.0000	0.5439
36sx01	3	39	0	0	2.0000	0.0000	1.0000	NaN	5.0072	4.9480	13.9436	343725.8579	343726.1591	1.0000	1.0000	0.2808
36sx01	3	40	0	0	1.0000	0.0000	1.0000	0.3267	NaN	NaN	NaN	343728.3670	343728.6956	0.0000	0.0000	0.6063
36sx01	3	40	0	0	2.0000	0.0000	-1.0000	NaN	7.0088	-7.8714	15.5182	343729.8743	343730.1753	0.0000	1.0000	0.2544
36sx01	3	41	0	0	1.0000	0.0000	1.0000	0.2774	NaN	NaN	NaN	343732.7733	343733.1002	0.0000	0.0000	0.3871
36sx01	3	41	0	0	2.0000	0.0000	-1.0000	NaN	5.1798	-3.3262	14.8485	343734.0353	343734.3363	1.0000	0.0000	0.3586
36sx01	3	42	0	0	1.0000	0.0000	1.0000	0.7170	NaN	NaN	NaN	343736.7721	343737.0994	1.0000	1.0000	0.3303
36sx01	3	42	0	0	2.0000	0.0000	-1.0000	NaN	3.3123	-2.4255	16.2809	343738.0429	343738.3439	0.0000	1.0000	0.2217
36sx01	3	43	0	0	1.0000	0.0000	-1.0000	0.8702	NaN	NaN	NaN	343740.4895	343740.8210	0.0000	1.0000	0.2748
36sx01	3	43	0	0	2.0000	0.0000	1.0000	NaN	0.0138	1.3534	14.1033	343741.6931	343741.9942	1.0000	1.0000	0.2515
36sx01	3	44	0	0	1.0000	0.0000	-1.0000	0.8772	NaN	NaN	NaN	343744.3673	343744.6950	0.0000	1.0000	0.1604
36sx01	3	44	0	0	2.0000	0.0000	-1.0000	NaN	5.1625	-6.0569	15.4089	343745.4430	343745.7440	0.0000	1.0000	0.1759
36sx01	3	45	0	0	1.0000	0.0000	1.0000	0.3703	NaN	NaN	NaN	343748.4411	343748.7667	1.0000	1.0000	0.2175
36sx01	3	45	0	0	2.0000	0.0000	-1.0000	NaN	2.9003	-3.8883	14.8845	343749.6511	343749.9524	0.0000	1.0000	0.1986
36sx01	3	46	0	0	1.0000	0.0000	-1.0000	0.5043	NaN	NaN	NaN	343752.8151	343753.1424	0.0000	1.0000	0.1513
36sx01	3	46	0	0	2.0000	0.0000	-1.0000	NaN	9.3500	-9.8334	14.0736	343753.8899	343754.1909	0.0000	1.0000	0.1612
36sx01	3	47	0	0	1.0000	0.0000	-1.0000	0.1216	NaN	NaN	NaN	343756.5723	343756.8983	0.0000	1.0000	1.6372
36sx01	3	47	0	0	2.0000	0.0000	-1.0000	NaN	11.9890	-10.1584	15.3538	343759.1158	343759.4169	0.0000	1.0000	0.2146
36sx01	3	48	0	0	1.0000	0.0000	-1.0000	0.8596	NaN	NaN	NaN	343761.6952	343762.0240	0.0000	1.0000	0.2400
36sx01	3	48	0	0	2.0000	0.0000	-1.0000	NaN	11.7570	-13.2737	14.1759	343762.8828	343763.1838	0.0000	1.0000	0.1835
36sx01	3	49	0	0	1.0000	0.0000	-1.0000	0.2759	NaN	NaN	NaN	343765.5551	343765.8824	1.0000	0.0000	0.2537
36sx01	3	49	0	0	2.0000	0.0000	-1.0000	NaN	7.4051	-5.3145	15.8189	343766.7711	343767.0721	0.0000	1.0000	1.0949
36sx01	3	50	0	0	1.0000	0.0000	1.0000	0.7412	NaN	NaN	NaN	343770.3720	343770.6996	1.0000	1.0000	0.3485
36sx01	3	50	0	0	2.0000	0.0000	-1.0000	NaN	0.9735	-2.2581	14.5813	343771.7224	343772.0234	1.0000	0.0000	0.8485
