53zm02	1	1	0	0	1.0000	0.0000	-1.0000	0.7959	NaN	NaN	NaN	3113.1888	3113.5152	0.0000	1.0000	0.3784
53zm02	1	1	0	0	2.0000	0.0000	-1.0000	NaN	11.9829	-11.3968	15.5037	3114.4564	3114.7577	0.0000	1.0000	0.1834
53zm02	1	2	0	0	1.0000	0.0000	1.0000	0.8625	NaN	NaN	NaN	3117.3316	3117.6575	1.0000	1.0000	0.2523
53zm02	1	2	0	0	2.0000	0.0000	-1.0000	NaN	3.9143	-3.4478	14.7409	3118.4398	3118.7409	0.0000	1.0000	0.1679
53zm02	1	3	0	0	1.0000	0.0000	-1.0000	0.4358	NaN	NaN	NaN	3121.4144	3121.7405	0.0000	1.0000	1.0730
53zm02	1	3	0	0	2.0000	0.0000	-1.0000	NaN	0.4294	-0.5174	14.7012	3123.3932	3123.6942	1.0000	0.0000	0.2633
53zm02	1	4	0	0	1.0000	0.0000	-1.0000	0.0544	NaN	NaN	NaN	3126.3488	3126.6766	1.0000	0.0000	1.7529
53zm02	1	4	0	0	2.0000	0.0000	-1.0000	NaN	8.1259	-8.3839	13.8517	3128.9922	3129.2932	0.0000	1.0000	0.3202
53zm02	1	5	0	0	1.0000	0.0000	-1.0000	0.3108	NaN	NaN	NaN	3131.6777	3132.0049	0.0000	1.0000	1.1919
53zm02	1	5	0	0	2.0000	0.0000	1.0000	NaN	4.2225	3.5411	14.2284	3133.7923	3134.0933	1.0000	1.0000	0.6643
53zm02	1	6	0	0	1.0000	0.0000	-1.0000	0.2476	NaN	NaN	NaN	3136.7961	3137.1249	0.0000	1.0000	0.9998
53zm02	1	6	0	0	2.0000	0.0000	-1.0000	NaN	10.6138	-9.7577	14.9218	3138.6883	3138.9892	0.0000	1.0000	0.7441
53zm02	1	7	0	0	1.0000	0.0000	1.0000	0.3259	NaN	NaN	NaN	3141.6795	3142.0068	0.0000	0.0000	1.1821
53zm02	1	7	0	0	2.0000	0.0000	-1.0000	NaN	10.4392	-10.5214	15.4590	3143.7521	3144.0533	0.0000	1.0000	0.7363
53zm02	1	8	0	0	1.0000	0.0000	-1.0000	0.6626	NaN	NaN	NaN	3147.1724	3147.4989	0.0000	1.0000	0.0985
53zm02	1	8	0	0	2.0000	0.0000	-1.0000	NaN	3.9726	-6.4567	15.5747	3148.1698	3148.4708	0.0000	1.0000	0.6227
53zm02	1	9	0	0	1.0000	0.0000	-1.0000	0.8997	NaN	NaN	NaN	3151.2645	3151.5930	0.0000	1.0000	0.4445
53zm02	1	9	0	0	2.0000	0.0000	1.0000	NaN	9.7073	10.8934	14.8045	3152.6236	3152.9246	1.0000	1.0000	0.2163
53zm02	1	10	0	0	1.0000	0.0000	-1.0000	0.7273	NaN	NaN	NaN	3155.3374	3155.6636	0.0000	1.0000	0.1980
53zm02	1	10	0	0	2.0000	0.0000	1.0000	NaN	7.8540	9.3720	13.7804	3156.4329	3156.7339	1.0000	1.0000	0.1670
53zm02	1	11	0	0	1.0000	0.0000	-1.0000	0.6903	NaN	NaN	NaN	3159.4142	3159.7406	0.0000	1.0000	0.3128
53zm02	1	11	0	0	2.0000	0.0000	-1.0000	NaN	10.1494	-8.2291	14.2221	3160.6086	3160.9096	0.0000	1.0000	0.3124
53zm02	1	12	0	0	1.0000	0.0000	-1.0000	0.1438	NaN	NaN	NaN	3163.2766	3163.6028	1.0000	0.0000	1.3386
53zm02	1	12	0	0	2.0000	0.0000	-1.0000	NaN	2.1650	-1.9324	14.6512	3165.4882	3165.7893	0.0000	1.0000	1.2636
53zm02	1	13	0	0	1.0000	0.0000	-1.0000	0.2180	NaN	NaN	NaN	3169.3000	3169.6277	1.0000	0.0000	1.0897
53zm02	1	13	0	0	2.0000	0.0000	1.0000	NaN	8.9368	9.0973	16.0383	3171.2959	3171.5969	1.0000	1.0000	0.5684
53zm02	1	14	0	0	1.0000	0.0000	1.0000	0.1085	NaN	NaN	NaN	3174.5857	3174.9115	1.0000	1.0000	1.2060
53zm02	1	14	0	0	2.0000	0.0000	1.0000	NaN	0.4388	1.2382	15.4918	3176.6838	3176.9851	1.0000	1.0000	1.1245
53zm02	1	15	0	0	1.0000	0.0000	-1.0000	0.7720	NaN	NaN	NaN	3179.9728	3180.2991	0.0000	1.0000	0.9225
53zm02	1	15	0	0	2.0000	0.0000	1.0000	NaN	2.9672	2.8050	14.3844	3181.8327	3182.1338	1.0000	1.0000	1.3751
53zm02	1	16	0	0	1.0000	0.0000	-1.0000	0.8998	NaN	NaN	NaN	3185.7385	3186.0661	0.0000	1.0000	2.3155
53zm02	1	16	0	0	2.0000	0.0000	1.0000	NaN	2.7903	3.0201	13.7121	3188.9761	3189.2771	0.0000	0.0000	1.3677
53zm02	1	17	0	0	1.0000	0.0000	-1.0000	0.3639	NaN	NaN	NaN	3193.3714	3193.6981	1.0000	0.0000	0.9478
53zm02	1	17	0	0	2.0000	0.0000	1.0000	NaN	4.1801	5.0252	15.2280	3195.2170	3195.5180	1.0000	1.0000	0.5115
53zm02	1	18	0	0	1.0000	0.0000	-1.0000	0.4077	NaN	NaN	NaN	3198.3572	3198.6851	1.0000	0.0000	0.7762
53zm02	1	18	0	0	2.0000	0.0000	1.0000	NaN	1.7243	2.6309	16.3534	3200.0245	3200.3254	1.0000	1.0000	0.5598
53zm02	1	19	0	0	1.0000	0.0000	1.0000	0.7004	NaN	NaN	NaN	3203.1868	3203.5135	1.0000	1.0000	0.7479
53zm02	1	19	0	0	2.0000	0.0000	1.0000	NaN	6.3811	6.1414	14.7050	3204.8658	3205.1669	1.0000	1.0000	0.5258
53zm02	1	20	0	0	1.0000	0.0000	-1.0000	0.9124	NaN	NaN	NaN	3207.9475	3208.2740	1.0000	0.0000	0.7868
53zm02	1	20	0	0	2.0000	0.0000	-1.0000	NaN	0.7224	-3.1809	14.4727	3209.6415	3209.9429	0.0000	1.0000	0.8466
53zm02	1	21	0	0	1.0000	0.0000	1.0000	0.3502	NaN	NaN	NaN	3213.4062	3213.7332	1.0000	1.0000	0.5122
53zm02	1	21	0	0	2.0000	0.0000	1.0000	NaN	3.5086	4.6779	14.3816	3214.8317	3215.1330	1.0000	1.0000	0.3764
53zm02	1	22	0	0	1.0000	0.0000	-1.0000	0.8253	NaN	NaN	NaN	3217.3725	3217.6993	0.0000	1.0000	0.5054
53zm02	1	22	0	0	2.0000	0.0000	1.0000	NaN	11.9382	11.3930	13.2718	3218.7676	3219.0686	1.0000	1.0000	0.2089
53zm02	1	23	0	0	1.0000	0.0000	-1.0000	0.5706	NaN	NaN	NaN	3221.4576	3221.7845	0.0000	1.0000	1.0122
53zm02	1	23	0	0	2.0000	0.0000	1.0000	NaN	10.4479	9.4613	14.7935	3223.3763	3223.6773	1.0000	1.0000	0.1915
53zm02	1	24	0	0	1.0000	0.0000	1.0000	0.2932	NaN	NaN	NaN	3225.9646	3226.2915	1.0000	1.0000	0.7693
53zm02	1	24	0	0	2.0000	0.0000	1.0000	NaN	2.5824	3.0041	14.0335	3227.6560	3227.9571	1.0000	1.0000	0.9285
53zm02	1	25	0	0	1.0000	0.0000	1.0000	0.4779	NaN	NaN	NaN	3231.3983	3231.7251	1.0000	1.0000	0.6405
53zm02	1	25	0	0	2.0000	0.0000	-1.0000	NaN	0.5166	-0.9684	14.6232	3232.9458	3233.2469	1.0000	0.0000	0.5583
53zm02	1	26	0	0	1.0000	0.0000	1.0000	0.9204	NaN	NaN	NaN	3235.6936	3236.0200	1.0000	1.0000	0.3056
53zm02	1	26	0	0	2.0000	0.0000	-1.0000	NaN	7.3277	-6.2159	14.5618	3236.8885	3237.1900	0.0000	1.0000	0.3107
53zm02	1	27	0	0	1.0000	0.0000	-1.0000	0.1134	NaN	NaN	NaN	3239.4818	3239.8080	1.0000	0.0000	0.7574
53zm02	1	27	0	0	2.0000	0.0000	-1.0000	NaN	5.1789	-3.3363	16.0254	3241.1285	3241.4295	0.0000	1.0000	0.8319
53zm02	1	28	0	0	1.0000	0.0000	1.0000	0.6685	NaN	NaN	NaN	3244.8118	3245.1381	1.0000	1.0000	0.2587
53zm02	1	28	0	0	2.0000	0.0000	-1.0000	NaN	5.1320	-2.4883	14.6723	3245.9602	3246.2612	1.0000	0.0000	0.5766
53zm02	1	29	0	0	1.0000	0.0000	-1.0000	0.6653	NaN	NaN	NaN	3248.9824	3249.3093	0.0000	1.0000	0.6555
53zm02	1	29	0	0	2.0000	0.0000	-1.0000	NaN	1.2747	-0.7165	15.0944	3250.5533	3250.8543	0.0000	1.0000	0.7592
53zm02	1	30	0	0	1.0000	0.0000	-1.0000	0.6328	NaN	NaN	NaN	3253.8770	3254.2041	0.0000	1.0000	0.5687
53zm02	1	30	0	0	2.0000	0.0000	1.0000	NaN	3.9504	3.7392	15.4816	3255.3285	3255.6295	1.0000	1.0000	0.7363
53zm02	1	31	0	0	1.0000	0.0000	1.0000	0.5844	NaN	NaN	NaN	3258.4623	3258.7903	1.0000	1.0000	0.3272
53zm02	1	31	0	0	2.0000	0.0000	1.0000	NaN	7.0623	5.9118	15.0772	3259.6715	3259.9725	1.0000	1.0000	0.8573
53zm02	1	32	0	0	1.0000	0.0000	1.0000	0.0604	NaN	NaN	NaN	3263.3938	3263.7212	1.0000	1.0000	0.4684
53zm02	1	32	0	0	2.0000	0.0000	1.0000	NaN	7.9825	7.3283	15.8619	3264.7360	3265.0369	1.0000	1.0000	0.5524
53zm02	1	33	0	0	1.0000	0.0000	-1.0000	0.8166	NaN	NaN	NaN	3268.2525	3268.5792	0.0000	1.0000	0.4103
53zm02	1	33	0	0	2.0000	0.0000	1.0000	NaN	1.6817	1.9231	14.7037	3269.5283	3269.8293	0.0000	0.0000	0.8481
53zm02	1	34	0	0	1.0000	0.0000	1.0000	0.4095	NaN	NaN	NaN	3273.1948	3273.5221	1.0000	1.0000	0.2274
53zm02	1	34	0	0	2.0000	0.0000	-1.0000	NaN	1.3367	-2.8940	15.2562	3274.2798	3274.5808	0.0000	1.0000	0.6003
53zm02	1	35	0	0	1.0000	0.0000	-1.0000	0.7635	NaN	NaN	NaN	3277.4288	3277.7556	0.0000	1.0000	0.6977
53zm02	1	35	0	0	2.0000	0.0000	1.0000	NaN	3.2858	2.8963	15.1433	3279.0160	3279.3172	1.0000	1.0000	1.2962
53zm02	1	36	0	0	1.0000	0.0000	-1.0000	0.9369	NaN	NaN	NaN	3282.5786	3282.9056	0.0000	1.0000	0.9231
53zm02	1	36	0	0	2.0000	0.0000	1.0000	NaN	10.6460	13.0993	13.8983	3284.3841	3284.6853	1.0000	1.0000	0.3921
53zm02	1	37	0	0	1.0000	0.0000	-1.0000	0.5084	NaN	NaN	NaN	3287.6811	3288.0091	0.0000	1.0000	0.7877
53zm02	1	37	0	0	2.0000	0.0000	-1.0000	NaN	7.8393	-7.8051	14.5783	3289.3839	3289.6850	0.0000	1.0000	0.6485
53zm02	1	38	0	0	1.0000	0.0000	-1.0000	0.2802	NaN	NaN	NaN	3292.3781	3292.7050	1.0000	0.0000	0.4839
53zm02	1	38	0	0	2.0000	0.0000	-1.0000	NaN	1.5443	-1.8838	14.6330	3293.7286	3294.0301	0.0000	1.0000	0.6395
53zm02	1	39	0	0	1.0000	0.0000	1.0000	0.1593	NaN	NaN	NaN	3296.9773	3297.3068	1.0000	1.0000	0.7379
53zm02	1	39	0	0	2.0000	0.0000	-1.0000	NaN	2.7130	-1.6458	13.9013	3298.5598	3298.8607	0.0000	1.0000	0.6249
53zm02	1	40	0	0	1.0000	0.0000	1.0000	0.5781	NaN	NaN	NaN	3301.6566	3301.9833	1.0000	1.0000	0.2541
53zm02	1	40	0	0	2.0000	0.0000	-1.0000	NaN	10.1793	-8.5661	15.0255	3302.7921	3303.0931	0.0000	1.0000	0.4882
53zm02	1	41	0	0	1.0000	0.0000	1.0000	0.2131	NaN	NaN	NaN	3305.7858	3306.1125	1.0000	1.0000	0.4369
53zm02	1	41	0	0	2.0000	0.0000	1.0000	NaN	9.7813	10.1104	15.2650	3307.1128	3307.4141	1.0000	1.0000	0.5268
53zm02	1	42	0	0	1.0000	0.0000	-1.0000	0.6703	NaN	NaN	NaN	3310.2467	3310.5720	0.0000	1.0000	0.4734
53zm02	1	42	0	0	2.0000	0.0000	1.0000	NaN	11.0637	12.7584	14.3985	3311.6083	3311.9093	1.0000	1.0000	0.2561
53zm02	1	43	0	0	1.0000	0.0000	-1.0000	0.9062	NaN	NaN	NaN	3314.2795	3314.6054	0.0000	1.0000	0.2799
53zm02	1	43	0	0	2.0000	0.0000	1.0000	NaN	6.8522	5.7267	15.2321	3315.4482	3315.7496	1.0000	1.0000	0.5272
53zm02	1	44	0	0	1.0000	0.0000	1.0000	0.4194	NaN	NaN	NaN	3318.5076	3318.8355	1.0000	1.0000	0.7299
53zm02	1	44	0	0	2.0000	0.0000	1.0000	NaN	0.1122	1.6305	14.7071	3320.1536	3320.4546	1.0000	1.0000	1.2307
53zm02	1	45	0	0	1.0000	0.0000	1.0000	0.3855	NaN	NaN	NaN	3323.9568	3324.2840	1.0000	1.0000	0.3448
53zm02	1	45	0	0	2.0000	0.0000	1.0000	NaN	0.7792	1.7763	14.7040	3325.1996	3325.5006	0.0000	0.0000	1.0402
53zm02	1	46	0	0	1.0000	0.0000	1.0000	0.4561	NaN	NaN	NaN	3328.7208	3329.0469	1.0000	1.0000	0.2546
53zm02	1	46	0	0	2.0000	0.0000	1.0000	NaN	1.9351	1.2302	14.4870	3329.8824	3330.1834	1.0000	1.0000	1.0298
53zm02	1	47	0	0	1.0000	0.0000	1.0000	0.4098	NaN	NaN	NaN	3333.6014	3333.9279	1.0000	1.0000	0.2295
53zm02	1	47	0	0	2.0000	0.0000	1.0000	NaN	3.0483	2.5806	14.6191	3334.7288	3335.0301	1.0000	1.0000	0.6227
53zm02	1	48	0	0	1.0000	0.0000	-1.0000	0.3135	NaN	NaN	NaN	3338.1487	3338.4754	0.0000	1.0000	0.5381
53zm02	1	48	0	0	2.0000	0.0000	-1.0000	NaN	8.0274	-9.6514	14.5730	3339.5920	3339.8931	0.0000	1.0000	0.4324
53zm02	1	49	0	0	1.0000	0.0000	-1.0000	0.2202	NaN	NaN	NaN	3342.6274	3342.9547	0.0000	1.0000	0.5867
53zm02	1	49	0	0	2.0000	0.0000	-1.0000	NaN	10.9755	-10.5443	15.1195	3344.1362	3344.4372	0.0000	1.0000	0.6243
53zm02	1	50	0	0	1.0000	0.0000	-1.0000	0.0333	NaN	NaN	NaN	3347.0662	3347.3921	1.0000	0.0000	0.3806
53zm02	1	50	0	0	2.0000	0.0000	1.0000	NaN	0.9829	2.0605	16.3390	3348.3443	3348.6455	0.0000	0.0000	1.1916
53zm02	2	1	0	0	1.0000	0.0000	-1.0000	0.7175	NaN	NaN	NaN	3354.4493	3354.7754	0.0000	1.0000	0.4144
53zm02	2	1	0	0	2.0000	0.0000	1.0000	NaN	11.4691	11.0931	15.9050	3355.7608	3356.0620	1.0000	1.0000	0.1848
53zm02	2	2	0	0	1.0000	0.0000	-1.0000	0.9053	NaN	NaN	NaN	3358.6751	3359.0015	0.0000	1.0000	0.3473
53zm02	2	2	0	0	2.0000	0.0000	-1.0000	NaN	8.7549	-7.6304	14.5525	3359.9288	3360.2300	0.0000	1.0000	1.4075
53zm02	2	3	0	0	1.0000	0.0000	-1.0000	0.3581	NaN	NaN	NaN	3363.7689	3364.0950	0.0000	1.0000	0.2946
53zm02	2	3	0	0	2.0000	0.0000	1.0000	NaN	5.1192	6.6862	14.9738	3364.9516	3365.2527	1.0000	1.0000	0.4409
53zm02	2	4	0	0	1.0000	0.0000	1.0000	0.1658	NaN	NaN	NaN	3367.6634	3367.9899	1.0000	1.0000	0.9035
53zm02	2	4	0	0	2.0000	0.0000	1.0000	NaN	3.7094	2.5499	14.5318	3369.4960	3369.7970	1.0000	1.0000	0.9126
53zm02	2	5	0	0	1.0000	0.0000	-1.0000	0.0367	NaN	NaN	NaN	3373.0126	3373.3392	1.0000	0.0000	0.4982
53zm02	2	5	0	0	2.0000	0.0000	1.0000	NaN	11.7206	13.0005	14.8267	3374.4080	3374.7092	1.0000	1.0000	0.6644
53zm02	2	6	0	0	1.0000	0.0000	-1.0000	0.3993	NaN	NaN	NaN	3377.9941	3378.3206	0.0000	1.0000	0.5721
53zm02	2	6	0	0	2.0000	0.0000	1.0000	NaN	0.3564	1.1891	15.4663	3379.4503	3379.7512	1.0000	1.0000	0.8375
53zm02	2	7	0	0	1.0000	0.0000	-1.0000	0.0392	NaN	NaN	NaN	3382.9521	3383.2791	1.0000	0.0000	0.5104
53zm02	2	7	0	0	2.0000	0.0000	1.0000	NaN	10.9019	9.8230	13.6666	3384.3846	3384.6856	1.0000	1.0000	0.3439
53zm02	2	8	0	0	1.0000	0.0000	-1.0000	0.2348	NaN	NaN	NaN	3387.2746	3387.6011	0.0000	1.0000	0.9402
53zm02	2	8	0	0	2.0000	0.0000	-1.0000	NaN	10.1413	-11.5529	14.4874	3389.1519	3389.4529	0.0000	1.0000	0.4008
53zm02	2	9	0	0	1.0000	0.0000	-1.0000	0.5900	NaN	NaN	NaN	3392.2636	3392.5921	0.0000	1.0000	0.3888
53zm02	2	9	0	0	2.0000	0.0000	1.0000	NaN	5.2973	4.4713	14.9734	3393.5605	3393.8616	1.0000	1.0000	0.4718
53zm02	2	10	0	0	1.0000	0.0000	-1.0000	0.0615	NaN	NaN	NaN	3396.5787	3396.9066	0.0000	1.0000	0.4661
53zm02	2	10	0	0	2.0000	0.0000	1.0000	NaN	5.6448	6.5684	15.8898	3397.9516	3398.2526	1.0000	1.0000	0.3287
53zm02	2	11	0	0	1.0000	0.0000	-1.0000	0.2966	NaN	NaN	NaN	3401.0016	3401.3291	0.0000	1.0000	0.5004
53zm02	2	11	0	0	2.0000	0.0000	1.0000	NaN	2.5540	0.9964	15.2579	3402.4084	3402.7094	0.0000	0.0000	0.6074
53zm02	2	12	0	0	1.0000	0.0000	1.0000	0.5869	NaN	NaN	NaN	3405.5223	3405.8520	1.0000	1.0000	0.2968
53zm02	2	12	0	0	2.0000	0.0000	1.0000	NaN	11.9775	12.4438	14.9034	3406.7681	3407.0691	1.0000	1.0000	0.2637
53zm02	2	13	0	0	1.0000	0.0000	-1.0000	0.0716	NaN	NaN	NaN	3409.5607	3409.8878	1.0000	0.0000	0.9657
53zm02	2	13	0	0	2.0000	0.0000	1.0000	NaN	7.9499	7.3434	14.3280	3411.4640	3411.7651	1.0000	1.0000	0.4478
53zm02	2	14	0	0	1.0000	0.0000	-1.0000	0.1076	NaN	NaN	NaN	3414.1498	3414.4769	0.0000	1.0000	1.1767
53zm02	2	14	0	0	2.0000	0.0000	1.0000	NaN	6.5921	8.2970	14.9910	3416.2320	3416.5330	1.0000	1.0000	0.2245
53zm02	2	15	0	0	1.0000	0.0000	1.0000	0.7522	NaN	NaN	NaN	3418.8864	3419.2140	1.0000	1.0000	0.7348
53zm02	2	15	0	0	2.0000	0.0000	-1.0000	NaN	4.0880	-3.3202	15.0923	3420.5447	3420.8457	0.0000	1.0000	0.4397
53zm02	2	16	0	0	1.0000	0.0000	-1.0000	0.0509	NaN	NaN	NaN	3423.5903	3423.9159	1.0000	0.0000	0.6976
53zm02	2	16	0	0	2.0000	0.0000	-1.0000	NaN	9.4337	-9.8325	14.0296	3425.2159	3425.5170	0.0000	1.0000	0.3836
53zm02	2	17	0	0	1.0000	0.0000	1.0000	0.0965	NaN	NaN	NaN	3428.4702	3428.7974	1.0000	1.0000	0.7122
53zm02	2	17	0	0	2.0000	0.0000	-1.0000	NaN	0.5885	-1.4877	14.9239	3430.1137	3430.4151	1.0000	0.0000	1.2465
53zm02	2	18	0	0	1.0000	0.0000	-1.0000	0.6240	NaN	NaN	NaN	3433.5422	3433.8692	1.0000	0.0000	1.9843
53zm02	2	18	0	0	2.0000	0.0000	-1.0000	NaN	11.1098	-11.7374	14.0792	3436.4401	3436.7411	0.0000	1.0000	0.3284
53zm02	2	19	0	0	1.0000	0.0000	1.0000	0.7609	NaN	NaN	NaN	3439.5837	3439.9119	1.0000	1.0000	0.4296
53zm02	2	19	0	0	2.0000	0.0000	1.0000	NaN	8.7071	5.8923	14.8833	3440.9516	3441.2526	1.0000	1.0000	0.3609
53zm02	2	20	0	0	1.0000	0.0000	1.0000	0.0371	NaN	NaN	NaN	3443.4928	3443.8194	1.0000	1.0000	0.8903
53zm02	2	20	0	0	2.0000	0.0000	1.0000	NaN	3.3618	3.0384	15.8147	3445.3120	3445.6130	1.0000	1.0000	0.3441
53zm02	2	21	0	0	1.0000	0.0000	1.0000	0.4304	NaN	NaN	NaN	3448.2708	3448.5980	1.0000	1.0000	0.6548
53zm02	2	21	0	0	2.0000	0.0000	-1.0000	NaN	11.9456	-13.7289	16.4376	3449.8564	3450.1574	0.0000	1.0000	0.4474
53zm02	2	22	0	0	1.0000	0.0000	-1.0000	0.3520	NaN	NaN	NaN	3452.9182	3453.2454	0.0000	1.0000	0.5273
53zm02	2	22	0	0	2.0000	0.0000	1.0000	NaN	0.4498	2.0921	14.8504	3454.3703	3454.6713	1.0000	1.0000	0.3342
53zm02	2	23	0	0	1.0000	0.0000	-1.0000	0.5848	NaN	NaN	NaN	3457.1500	3457.4771	0.0000	1.0000	0.4478
53zm02	2	23	0	0	2.0000	0.0000	1.0000	NaN	1.0866	2.0074	15.1147	3458.5142	3458.8152	1.0000	1.0000	1.0301
53zm02	2	24	0	0	1.0000	0.0000	-1.0000	0.9428	NaN	NaN	NaN	3461.8316	3462.1580	0.0000	1.0000	0.2635
53zm02	2	24	0	0	2.0000	0.0000	-1.0000	NaN	6.8765	-7.6468	14.6125	3462.9922	3463.2932	0.0000	1.0000	0.4325
53zm02	2	25	0	0	1.0000	0.0000	1.0000	0.0985	NaN	NaN	NaN	3465.8370	3466.1638	1.0000	1.0000	0.8978
53zm02	2	25	0	0	2.0000	0.0000	-1.0000	NaN	1.8300	-4.5869	15.7898	3467.6885	3467.9895	0.0000	1.0000	0.5602
53zm02	2	26	0	0	1.0000	0.0000	-1.0000	0.0740	NaN	NaN	NaN	3470.8792	3471.2055	1.0000	0.0000	1.2151
53zm02	2	26	0	0	2.0000	0.0000	-1.0000	NaN	11.1518	-13.8248	14.2215	3473.0562	3473.3572	0.0000	1.0000	0.7921
53zm02	2	27	0	0	1.0000	0.0000	-1.0000	0.7417	NaN	NaN	NaN	3476.3878	3476.7132	0.0000	1.0000	0.7723
53zm02	2	27	0	0	2.0000	0.0000	-1.0000	NaN	1.7670	-2.5396	14.1957	3478.1115	3478.4126	0.0000	1.0000	0.9609
53zm02	2	28	0	0	1.0000	0.0000	-1.0000	0.5831	NaN	NaN	NaN	3482.0684	3482.3949	0.0000	1.0000	0.2578
53zm02	2	28	0	0	2.0000	0.0000	-1.0000	NaN	9.3432	-12.1326	15.7573	3483.2399	3483.5409	0.0000	1.0000	0.3518
53zm02	2	29	0	0	1.0000	0.0000	1.0000	0.0709	NaN	NaN	NaN	3486.4473	3486.7738	0.0000	0.0000	0.4630
53zm02	2	29	0	0	2.0000	0.0000	-1.0000	NaN	5.5997	-6.0610	15.6213	3487.8242	3488.1252	0.0000	1.0000	0.3914
53zm02	2	30	0	0	1.0000	0.0000	-1.0000	0.1121	NaN	NaN	NaN	3490.9210	3491.2475	0.0000	1.0000	0.5419
53zm02	2	30	0	0	2.0000	0.0000	1.0000	NaN	0.4399	1.0744	15.2751	3492.3942	3492.6955	1.0000	1.0000	0.4220
53zm02	2	31	0	0	1.0000	0.0000	1.0000	0.4392	NaN	NaN	NaN	3495.6921	3496.0195	1.0000	1.0000	0.8738
53zm02	2	31	0	0	2.0000	0.0000	-1.0000	NaN	9.5182	-10.3302	13.8848	3497.5446	3497.8457	0.0000	1.0000	0.4950
53zm02	2	32	0	0	1.0000	0.0000	1.0000	0.2009	NaN	NaN	NaN	3500.5717	3500.8988	0.0000	0.0000	1.0346
53zm02	2	32	0	0	2.0000	0.0000	-1.0000	NaN	2.4013	-2.6387	15.5424	3502.4876	3502.7887	1.0000	0.0000	0.6721
53zm02	2	33	0	0	1.0000	0.0000	-1.0000	0.4313	NaN	NaN	NaN	3506.1153	3506.4422	0.0000	1.0000	0.3393
53zm02	2	33	0	0	2.0000	0.0000	1.0000	NaN	11.7749	11.0600	14.5027	3507.3365	3507.6376	1.0000	1.0000	0.2151
53zm02	2	34	0	0	1.0000	0.0000	-1.0000	0.7258	NaN	NaN	NaN	3509.8151	3510.1425	0.0000	1.0000	0.7663
53zm02	2	34	0	0	2.0000	0.0000	-1.0000	NaN	10.8657	-12.5345	15.1206	3511.4804	3511.7815	0.0000	1.0000	0.5754
53zm02	2	35	0	0	1.0000	0.0000	1.0000	0.4564	NaN	NaN	NaN	3514.5204	3514.8474	0.0000	0.0000	0.7581
53zm02	2	35	0	0	2.0000	0.0000	1.0000	NaN	4.3723	6.4096	16.9120	3516.1604	3516.4615	1.0000	1.0000	0.2879
53zm02	2	36	0	0	1.0000	0.0000	-1.0000	0.9343	NaN	NaN	NaN	3519.3514	3519.6783	0.0000	1.0000	0.5511
53zm02	2	36	0	0	2.0000	0.0000	1.0000	NaN	0.8744	1.2240	14.2451	3520.8248	3521.1258	1.0000	1.0000	0.6714
53zm02	2	37	0	0	1.0000	0.0000	1.0000	0.8955	NaN	NaN	NaN	3524.0422	3524.3702	1.0000	1.0000	0.8266
53zm02	2	37	0	0	2.0000	0.0000	1.0000	NaN	11.7154	10.8516	15.4863	3525.8083	3526.1093	1.0000	1.0000	0.5358
53zm02	2	38	0	0	1.0000	0.0000	-1.0000	0.6146	NaN	NaN	NaN	3528.8982	3529.2251	0.0000	1.0000	0.4281
53zm02	2	38	0	0	2.0000	0.0000	1.0000	NaN	2.4658	2.4358	14.8230	3530.2322	3530.5332	1.0000	1.0000	0.2243
53zm02	2	39	0	0	1.0000	0.0000	1.0000	0.8077	NaN	NaN	NaN	3533.4205	3533.7462	1.0000	1.0000	0.3227
53zm02	2	39	0	0	2.0000	0.0000	-1.0000	NaN	4.4004	-4.9041	15.6696	3534.6561	3534.9571	0.0000	1.0000	0.4003
53zm02	2	40	0	0	1.0000	0.0000	1.0000	0.6012	NaN	NaN	NaN	3537.4364	3537.7620	1.0000	1.0000	0.2916
53zm02	2	40	0	0	2.0000	0.0000	1.0000	NaN	2.4416	2.5263	12.9355	3538.6240	3538.9253	1.0000	1.0000	0.4320
53zm02	2	41	0	0	1.0000	0.0000	-1.0000	0.7346	NaN	NaN	NaN	3541.2957	3541.6226	0.0000	1.0000	0.4221
53zm02	2	41	0	0	2.0000	0.0000	1.0000	NaN	1.4128	2.3268	15.1936	3542.6160	3542.9173	1.0000	1.0000	0.2161
53zm02	2	42	0	0	1.0000	0.0000	1.0000	0.0864	NaN	NaN	NaN	3545.3966	3545.7229	1.0000	1.0000	0.2988
53zm02	2	42	0	0	2.0000	0.0000	-1.0000	NaN	2.2535	-3.9931	15.7322	3546.6001	3546.9017	0.0000	1.0000	1.3596
53zm02	2	43	0	0	1.0000	0.0000	-1.0000	0.7306	NaN	NaN	NaN	3550.6249	3550.9521	0.0000	1.0000	0.3812
53zm02	2	43	0	0	2.0000	0.0000	1.0000	NaN	1.8003	3.4292	14.1708	3551.9050	3552.2060	1.0000	1.0000	0.3666
53zm02	2	44	0	0	1.0000	0.0000	-1.0000	0.3231	NaN	NaN	NaN	3554.6929	3555.0190	0.0000	1.0000	0.4425
53zm02	2	44	0	0	2.0000	0.0000	-1.0000	NaN	3.6568	-3.5467	14.7591	3556.0244	3556.3254	0.0000	1.0000	1.1113
53zm02	2	45	0	0	1.0000	0.0000	-1.0000	0.6832	NaN	NaN	NaN	3559.6507	3559.9775	0.0000	1.0000	0.3801
53zm02	2	45	0	0	2.0000	0.0000	1.0000	NaN	0.0190	1.3768	15.7312	3560.9282	3561.2292	1.0000	1.0000	1.4715
53zm02	2	46	0	0	1.0000	0.0000	-1.0000	0.6475	NaN	NaN	NaN	3564.9976	3565.3239	0.0000	1.0000	0.3288
53zm02	2	46	0	0	2.0000	0.0000	-1.0000	NaN	7.6533	-7.6477	14.8582	3566.2235	3566.5245	0.0000	1.0000	0.3369
53zm02	2	47	0	0	1.0000	0.0000	-1.0000	0.8784	NaN	NaN	NaN	3569.2333	3569.5611	0.0000	1.0000	0.3317
53zm02	2	47	0	0	2.0000	0.0000	-1.0000	NaN	8.1379	-7.4526	15.4651	3570.4484	3570.7493	0.0000	1.0000	0.6874
53zm02	2	48	0	0	1.0000	0.0000	-1.0000	0.3699	NaN	NaN	NaN	3573.8504	3574.1769	0.0000	1.0000	0.4365
53zm02	2	48	0	0	2.0000	0.0000	1.0000	NaN	10.7747	10.1581	13.9848	3575.1843	3575.4858	1.0000	1.0000	0.5597
53zm02	2	49	0	0	1.0000	0.0000	-1.0000	0.9362	NaN	NaN	NaN	3578.4318	3578.7582	0.0000	1.0000	0.4074
53zm02	2	49	0	0	2.0000	0.0000	1.0000	NaN	8.4695	9.2549	15.4933	3579.7203	3580.0213	1.0000	1.0000	0.5602
53zm02	2	50	0	0	1.0000	0.0000	-1.0000	0.2249	NaN	NaN	NaN	3582.8785	3583.2056	0.0000	1.0000	0.9277
53zm02	2	50	0	0	2.0000	0.0000	-1.0000	NaN	2.4766	-2.0862	13.9529	3584.7198	3585.0209	0.0000	1.0000	1.7364
53zm02	3	1	0	0	1.0000	0.0000	1.0000	0.1807	NaN	NaN	NaN	3592.5292	3592.8576	1.0000	1.0000	0.4518
53zm02	3	1	0	0	2.0000	0.0000	-1.0000	NaN	11.1021	-12.5538	14.8969	3593.9600	3594.2610	0.0000	1.0000	0.4569
53zm02	3	2	0	0	1.0000	0.0000	1.0000	0.4132	NaN	NaN	NaN	3596.5731	3596.9003	1.0000	1.0000	0.4169
53zm02	3	2	0	0	2.0000	0.0000	1.0000	NaN	8.9084	9.1149	14.2621	3597.9201	3598.2211	1.0000	1.0000	0.2003
53zm02	3	3	0	0	1.0000	0.0000	-1.0000	0.4289	NaN	NaN	NaN	3600.8668	3601.1945	0.0000	1.0000	0.2984
53zm02	3	3	0	0	2.0000	0.0000	-1.0000	NaN	6.8568	-8.1424	15.7190	3602.0648	3602.3658	0.0000	1.0000	0.8398
53zm02	3	4	0	0	1.0000	0.0000	-1.0000	0.9237	NaN	NaN	NaN	3605.6355	3605.9620	0.0000	1.0000	0.1963
53zm02	3	4	0	0	2.0000	0.0000	1.0000	NaN	4.4111	5.8522	16.0305	3606.7448	3607.0458	1.0000	1.0000	0.4637
53zm02	3	5	0	0	1.0000	0.0000	1.0000	0.2567	NaN	NaN	NaN	3609.9704	3610.2967	0.0000	0.0000	0.7409
53zm02	3	5	0	0	2.0000	0.0000	1.0000	NaN	7.5116	7.4394	14.7903	3611.6320	3611.9333	1.0000	1.0000	0.0874
53zm02	3	6	0	0	1.0000	0.0000	1.0000	0.4380	NaN	NaN	NaN	3614.0528	3614.3806	1.0000	1.0000	0.5209
53zm02	3	6	0	0	2.0000	0.0000	-1.0000	NaN	8.2023	-8.8023	13.7290	3615.5363	3615.8373	0.0000	1.0000	0.5201
53zm02	3	7	0	0	1.0000	0.0000	-1.0000	0.2443	NaN	NaN	NaN	3618.8275	3619.1550	0.0000	1.0000	1.0824
53zm02	3	7	0	0	2.0000	0.0000	1.0000	NaN	8.1145	9.6656	14.3728	3620.8318	3621.1328	1.0000	1.0000	0.5601
53zm02	3	8	0	0	1.0000	0.0000	1.0000	0.4299	NaN	NaN	NaN	3623.7466	3624.0759	0.0000	0.0000	1.2974
53zm02	3	8	0	0	2.0000	0.0000	-1.0000	NaN	6.8756	-8.1913	15.0400	3625.9437	3626.2447	0.0000	1.0000	0.4979
53zm02	3	9	0	0	1.0000	0.0000	1.0000	0.4616	NaN	NaN	NaN	3629.1327	3629.4594	0.0000	0.0000	0.8419
53zm02	3	9	0	0	2.0000	0.0000	1.0000	NaN	0.0438	0.2149	13.2119	3630.8887	3631.1896	1.0000	1.0000	0.9350
53zm02	3	10	0	0	1.0000	0.0000	1.0000	0.8204	NaN	NaN	NaN	3634.4622	3634.7897	1.0000	1.0000	0.6397
53zm02	3	10	0	0	2.0000	0.0000	1.0000	NaN	11.8909	10.9211	14.5874	3636.0569	3636.3579	1.0000	1.0000	0.6958
53zm02	3	11	0	0	1.0000	0.0000	1.0000	0.3915	NaN	NaN	NaN	3639.5667	3639.8935	1.0000	1.0000	0.4478
53zm02	3	11	0	0	2.0000	0.0000	1.0000	NaN	10.7161	11.9574	14.8375	3640.9518	3641.2528	1.0000	1.0000	1.0649
53zm02	3	12	0	0	1.0000	0.0000	1.0000	0.6066	NaN	NaN	NaN	3644.5897	3644.9169	1.0000	1.0000	0.2487
53zm02	3	12	0	0	2.0000	0.0000	1.0000	NaN	2.8159	2.8805	13.7519	3645.7528	3646.0538	0.0000	0.0000	1.1193
53zm02	3	13	0	0	1.0000	0.0000	1.0000	0.3352	NaN	NaN	NaN	3649.3030	3649.6292	1.0000	1.0000	0.2483
53zm02	3	13	0	0	2.0000	0.0000	1.0000	NaN	10.2485	10.0305	14.5759	3650.4723	3650.7733	1.0000	1.0000	0.4876
53zm02	3	14	0	0	1.0000	0.0000	1.0000	0.4230	NaN	NaN	NaN	3653.4816	3653.8082	1.0000	1.0000	0.2931
53zm02	3	14	0	0	2.0000	0.0000	-1.0000	NaN	1.9558	-0.4741	15.6512	3654.6793	3654.9803	0.0000	1.0000	0.6493
53zm02	3	15	0	0	1.0000	0.0000	1.0000	0.7070	NaN	NaN	NaN	3658.3166	3658.6428	1.0000	1.0000	0.1790
53zm02	3	15	0	0	2.0000	0.0000	1.0000	NaN	1.8764	0.0156	14.3108	3659.3921	3659.6931	1.0000	1.0000	1.0562
53zm02	3	16	0	0	1.0000	0.0000	1.0000	0.0022	NaN	NaN	NaN	3663.1354	3663.4629	1.0000	1.0000	1.0944
53zm02	3	16	0	0	2.0000	0.0000	1.0000	NaN	0.6022	0.0275	14.9763	3665.1437	3665.4447	1.0000	1.0000	1.2644
53zm02	3	17	0	0	1.0000	0.0000	-1.0000	0.6322	NaN	NaN	NaN	3668.9376	3669.2649	1.0000	0.0000	0.8759
53zm02	3	17	0	0	2.0000	0.0000	1.0000	NaN	10.7465	12.4522	13.2621	3670.7124	3671.0134	1.0000	1.0000	0.6480
53zm02	3	18	0	0	1.0000	0.0000	1.0000	0.9026	NaN	NaN	NaN	3673.9825	3674.3101	1.0000	1.0000	0.3354
53zm02	3	18	0	0	2.0000	0.0000	-1.0000	NaN	0.2396	-2.2248	15.2233	3675.2582	3675.5591	0.0000	1.0000	0.9418
53zm02	3	19	0	0	1.0000	0.0000	-1.0000	0.5103	NaN	NaN	NaN	3678.9774	3679.3030	0.0000	1.0000	0.4863
53zm02	3	19	0	0	2.0000	0.0000	-1.0000	NaN	3.2744	-2.9340	15.7174	3680.4320	3680.7333	0.0000	1.0000	0.2561
53zm02	3	20	0	0	1.0000	0.0000	-1.0000	0.0698	NaN	NaN	NaN	3683.4596	3683.7871	1.0000	0.0000	0.0828
53zm02	3	20	0	0	2.0000	0.0000	1.0000	NaN	7.5058	8.0065	15.9446	3684.4327	3684.7336	1.0000	1.0000	0.2397
53zm02	3	21	0	0	1.0000	0.0000	-1.0000	0.9140	NaN	NaN	NaN	3687.3496	3687.6765	0.0000	1.0000	0.5364
53zm02	3	21	0	0	2.0000	0.0000	1.0000	NaN	5.9388	7.0491	15.4329	3688.8164	3689.1176	1.0000	1.0000	0.5280
53zm02	3	22	0	0	1.0000	0.0000	-1.0000	0.5223	NaN	NaN	NaN	3691.9595	3692.2855	0.0000	1.0000	0.2404
53zm02	3	22	0	0	2.0000	0.0000	1.0000	NaN	0.1759	0.9706	14.7945	3693.0956	3693.3966	1.0000	1.0000	0.4802
53zm02	3	23	0	0	1.0000	0.0000	1.0000	0.3261	NaN	NaN	NaN	3696.0996	3696.4260	0.0000	0.0000	0.0753
53zm02	3	23	0	0	2.0000	0.0000	-1.0000	NaN	3.4367	-2.2512	15.1044	3697.0567	3697.3577	0.0000	1.0000	0.5360
53zm02	3	24	0	0	1.0000	0.0000	-1.0000	0.2990	NaN	NaN	NaN	3700.2600	3700.5874	0.0000	1.0000	0.3293
53zm02	3	24	0	0	2.0000	0.0000	-1.0000	NaN	10.6451	-10.3901	15.9141	3701.4881	3701.7891	0.0000	1.0000	0.5035
53zm02	3	25	0	0	1.0000	0.0000	-1.0000	0.6768	NaN	NaN	NaN	3704.6726	3704.9997	0.0000	1.0000	0.3089
53zm02	3	25	0	0	2.0000	0.0000	-1.0000	NaN	8.4241	-9.7528	15.1941	3705.8963	3706.1972	0.0000	1.0000	0.4720
53zm02	3	26	0	0	1.0000	0.0000	1.0000	0.6129	NaN	NaN	NaN	3709.3641	3709.6934	1.0000	1.0000	0.3600
53zm02	3	26	0	0	2.0000	0.0000	-1.0000	NaN	0.6565	-0.5214	15.0304	3710.6482	3710.9492	1.0000	0.0000	1.0562
53zm02	3	27	0	0	1.0000	0.0000	1.0000	0.5946	NaN	NaN	NaN	3714.4850	3714.8124	1.0000	1.0000	0.2730
53zm02	3	27	0	0	2.0000	0.0000	1.0000	NaN	3.4491	3.3903	14.8007	3715.6477	3715.9489	1.0000	1.0000	0.7139
53zm02	3	28	0	0	1.0000	0.0000	-1.0000	0.9113	NaN	NaN	NaN	3719.0294	3719.3575	0.0000	1.0000	0.3753
53zm02	3	28	0	0	2.0000	0.0000	1.0000	NaN	1.1129	1.7346	15.6937	3720.3030	3720.6041	1.0000	1.0000	0.9933
53zm02	3	29	0	0	1.0000	0.0000	-1.0000	0.2302	NaN	NaN	NaN	3723.6509	3723.9782	0.0000	1.0000	1.3790
53zm02	3	29	0	0	2.0000	0.0000	-1.0000	NaN	8.5070	-8.4098	13.7768	3725.9441	3726.2452	0.0000	1.0000	0.6561
53zm02	3	30	0	0	1.0000	0.0000	1.0000	0.9062	NaN	NaN	NaN	3729.3215	3729.6499	1.0000	1.0000	0.2835
53zm02	3	30	0	0	2.0000	0.0000	-1.0000	NaN	9.3157	-9.0510	14.2890	3730.5121	3730.8131	0.0000	1.0000	0.4644
53zm02	3	31	0	0	1.0000	0.0000	1.0000	0.1459	NaN	NaN	NaN	3733.4994	3733.8270	1.0000	1.0000	1.1144
53zm02	3	31	0	0	2.0000	0.0000	-1.0000	NaN	0.8145	-0.8296	15.7207	3735.5680	3735.8690	0.0000	1.0000	0.2804
53zm02	3	32	0	0	1.0000	0.0000	1.0000	0.7765	NaN	NaN	NaN	3738.4196	3738.7468	1.0000	1.0000	0.2820
53zm02	3	32	0	0	2.0000	0.0000	1.0000	NaN	9.7381	8.5642	14.0155	3739.6399	3739.9409	1.0000	1.0000	0.3206
53zm02	3	33	0	0	1.0000	0.0000	-1.0000	0.3731	NaN	NaN	NaN	3742.1732	3742.5006	0.0000	1.0000	0.4810
53zm02	3	33	0	0	2.0000	0.0000	1.0000	NaN	1.2138	1.1567	15.3421	3743.5682	3743.8693	1.0000	1.0000	0.8644
53zm02	3	34	0	0	1.0000	0.0000	1.0000	0.6284	NaN	NaN	NaN	3747.4441	3747.7706	1.0000	1.0000	0.1627
53zm02	3	34	0	0	2.0000	0.0000	1.0000	NaN	5.9414	6.1552	14.7519	3748.5120	3748.8131	1.0000	1.0000	0.7997
53zm02	3	35	0	0	1.0000	0.0000	1.0000	0.2048	NaN	NaN	NaN	3751.8505	3752.1767	1.0000	1.0000	1.0211
53zm02	3	35	0	0	2.0000	0.0000	-1.0000	NaN	1.2219	-0.4179	13.9793	3753.8161	3754.1171	1.0000	0.0000	0.6163
53zm02	3	36	0	0	1.0000	0.0000	1.0000	0.4746	NaN	NaN	NaN	3757.0915	3757.4183	1.0000	1.0000	0.4665
53zm02	3	36	0	0	2.0000	0.0000	-1.0000	NaN	7.8669	-6.3694	15.1181	3758.4721	3758.7731	0.0000	1.0000	0.5594
53zm02	3	37	0	0	1.0000	0.0000	-1.0000	0.6128	NaN	NaN	NaN	3761.4952	3761.8218	0.0000	1.0000	0.4709
53zm02	3	37	0	0	2.0000	0.0000	-1.0000	NaN	7.3218	-7.5263	14.8472	3762.8401	3763.1416	0.0000	1.0000	0.7996
53zm02	3	38	0	0	1.0000	0.0000	1.0000	0.6158	NaN	NaN	NaN	3766.0624	3766.3900	1.0000	1.0000	0.6877
53zm02	3	38	0	0	2.0000	0.0000	1.0000	NaN	4.5020	2.8606	14.9773	3767.6959	3767.9969	1.0000	1.0000	0.5846
53zm02	3	39	0	0	1.0000	0.0000	1.0000	0.6444	NaN	NaN	NaN	3771.0345	3771.3602	1.0000	1.0000	0.3251
53zm02	3	39	0	0	2.0000	0.0000	1.0000	NaN	2.0317	0.5376	12.9176	3772.2651	3772.5661	1.0000	1.0000	1.1036
53zm02	3	40	0	0	1.0000	0.0000	-1.0000	0.6760	NaN	NaN	NaN	3775.6319	3775.9595	0.0000	1.0000	0.3259
53zm02	3	40	0	0	2.0000	0.0000	1.0000	NaN	9.9674	10.3839	15.1305	3776.8481	3777.1491	1.0000	1.0000	0.5445
53zm02	3	41	0	0	1.0000	0.0000	-1.0000	0.4382	NaN	NaN	NaN	3779.8617	3780.1880	0.0000	1.0000	0.4733
53zm02	3	41	0	0	2.0000	0.0000	1.0000	NaN	11.7548	12.7501	15.6844	3781.2568	3781.5577	1.0000	1.0000	0.6796
53zm02	3	42	0	0	1.0000	0.0000	1.0000	0.3014	NaN	NaN	NaN	3784.1321	3784.4596	1.0000	1.0000	0.6492
53zm02	3	42	0	0	2.0000	0.0000	-1.0000	NaN	1.1736	-2.2898	14.3755	3785.7117	3786.0127	0.0000	1.0000	0.4727
53zm02	3	43	0	0	1.0000	0.0000	1.0000	0.4300	NaN	NaN	NaN	3788.7810	3789.1080	1.0000	1.0000	0.3286
53zm02	3	43	0	0	2.0000	0.0000	-1.0000	NaN	2.9699	-1.2020	15.9928	3790.0314	3790.3328	0.0000	1.0000	1.3928
53zm02	3	44	0	0	1.0000	0.0000	1.0000	0.7674	NaN	NaN	NaN	3794.3136	3794.6417	1.0000	1.0000	0.3077
53zm02	3	44	0	0	2.0000	0.0000	1.0000	NaN	0.2678	1.0906	14.6603	3795.5299	3795.8309	1.0000	1.0000	1.2057
53zm02	3	45	0	0	1.0000	0.0000	-1.0000	0.8568	NaN	NaN	NaN	3799.2323	3799.5601	0.0000	1.0000	0.3013
53zm02	3	45	0	0	2.0000	0.0000	-1.0000	NaN	6.9711	-7.3792	16.2819	3800.4240	3800.7250	0.0000	1.0000	0.4163
53zm02	3	46	0	0	1.0000	0.0000	-1.0000	0.0527	NaN	NaN	NaN	3803.3523	3803.6792	1.0000	0.0000	0.5419
53zm02	3	46	0	0	2.0000	0.0000	-1.0000	NaN	1.7711	-2.3139	16.1878	3804.7924	3805.0934	1.0000	0.0000	1.3833
53zm02	3	47	0	0	1.0000	0.0000	-1.0000	0.7159	NaN	NaN	NaN	3808.3738	3808.6997	0.0000	1.0000	0.7216
53zm02	3	47	0	0	2.0000	0.0000	1.0000	NaN	5.4757	3.8159	14.7051	3810.0082	3810.3092	1.0000	1.0000	0.7843
53zm02	3	48	0	0	1.0000	0.0000	1.0000	0.8566	NaN	NaN	NaN	3813.6148	3813.9412	1.0000	1.0000	0.1756
53zm02	3	48	0	0	2.0000	0.0000	-1.0000	NaN	8.5490	-8.1457	14.7219	3814.6728	3814.9739	0.0000	1.0000	0.8317
53zm02	3	49	0	0	1.0000	0.0000	-1.0000	0.7078	NaN	NaN	NaN	3817.7435	3818.0708	0.0000	1.0000	0.3737
53zm02	3	49	0	0	2.0000	0.0000	-1.0000	NaN	4.6611	-5.0599	14.7040	3819.0084	3819.3094	1.0000	0.0000	1.1519
53zm02	3	50	0	0	1.0000	0.0000	-1.0000	0.8306	NaN	NaN	NaN	3822.8562	3823.1843	0.0000	1.0000	0.3410
53zm02	3	50	0	0	2.0000	0.0000	1.0000	NaN	4.4228	7.7766	15.6202	3824.0967	3824.3978	1.0000	1.0000	0.2316
