14lh02	1	1	0	1	1	1	-1	NaN	3.2419	-4.9059	15.315	240335.5462	240335.8485	0	1	0.7096
14lh02	1	1	0	1	2	1	1	0.8706	NaN	NaN	NaN	240337.115	240337.4703	1	1	0.607
14lh02	1	2	0	1	1	1	1	NaN	6.6023	6.4467	15.2983	240340.4357	240340.7426	1	1	0.3117
14lh02	1	2	0	1	2	1	-1	0.6806	NaN	NaN	NaN	240341.6144	240342.0319	0	1	0.4781
14lh02	1	3	0	1	1	1	-1	NaN	3.3259	-2.8566	14.1282	240345.082	240345.3873	0	1	0.3701
14lh02	1	3	0	1	2	1	-1	0.2261	NaN	NaN	NaN	240346.319	240346.7323	1	0	0.7549
14lh02	1	4	0	1	1	1	-1	NaN	2.8134	-3.8845	14.0996	240349.5263	240349.8311	0	1	0.8075
14lh02	1	4	0	1	2	1	-1	0.7645	NaN	NaN	NaN	240351.1991	240351.6149	0	1	0.7344
14lh02	1	5	0	1	1	1	-1	NaN	6.0261	-4.5788	15.3431	240354.5638	240354.8682	0	1	0.3618
14lh02	1	5	0	1	2	1	1	0.3669	NaN	NaN	NaN	240355.7771	240356.198	1	1	0.5674
14lh02	1	6	0	1	1	1	-1	NaN	0.8377	-1.9551	14.4168	240358.9593	240359.2639	0	1	0.4781
14lh02	1	6	0	1	2	1	-1	0.7966	NaN	NaN	NaN	240360.3188	240360.7311	0	1	0.5802
14lh02	1	7	0	1	1	1	-1	NaN	6.5258	-4.9901	14.7373	240363.748	240364.0529	0	1	0.4574
14lh02	1	7	0	1	2	1	1	0.9376	NaN	NaN	NaN	240365.0386	240365.4595	1	1	0.6658
14lh02	1	8	0	1	1	1	-1	NaN	3.8008	-5.2372	15.1337	240368.378	240368.6824	0	1	0.675
14lh02	1	8	0	1	2	1	-1	0.587	NaN	NaN	NaN	240369.9186	240370.3072	0	1	0.6502
14lh02	1	9	0	1	1	1	1	NaN	1.785	1.5929	14.8126	240373.0389	240373.3412	0	0	0.6733
14lh02	1	9	0	1	2	1	1	0.0946	NaN	NaN	NaN	240374.5872	240374.9404	0	0	0.785
14lh02	1	10	0	1	1	1	1	NaN	5.2526	7.4826	13.3131	240378.1035	240378.4057	1	1	0.7443
14lh02	1	10	0	1	2	1	1	0.4397	NaN	NaN	NaN	240379.7557	240380.1068	1	1	0.8666
14lh02	1	11	0	1	1	1	1	NaN	8.2994	11.3091	16.2958	240383.1664	240383.4695	1	1	0.4494
14lh02	1	11	0	1	2	1	-1	0.2142	NaN	NaN	NaN	240384.5249	240384.8751	0	1	0.8502
14lh02	1	12	0	1	1	1	-1	NaN	0.2279	-0.1748	13.6596	240387.9763	240388.2807	0	1	0.5966
14lh02	1	12	0	1	2	1	-1	0.0266	NaN	NaN	NaN	240389.4545	240389.8666	0	1	0.8042
14lh02	1	13	0	1	1	1	-1	NaN	8.3212	-8.548	13.764	240393.226	240393.5305	0	1	0.3228
14lh02	1	13	0	1	2	1	1	0.6434	NaN	NaN	NaN	240394.4142	240394.8294	1	1	0.8165
14lh02	1	14	0	1	1	1	-1	NaN	7.1929	-7.8668	14.9409	240397.9121	240398.2168	0	1	0.2766
14lh02	1	14	0	1	2	1	-1	0.4046	NaN	NaN	NaN	240399.0402	240399.4578	0	1	0.6841
14lh02	1	15	0	1	1	1	-1	NaN	3.5616	-3.1398	14.6979	240402.6244	240402.9289	0	1	0.3979
14lh02	1	15	0	1	2	1	-1	0.4026	NaN	NaN	NaN	240403.8872	240404.3073	0	1	0.7313
14lh02	1	16	0	1	1	1	-1	NaN	5.4496	-6.075	14.5043	240407.5218	240407.8264	0	1	0.3958
14lh02	1	16	0	1	2	1	-1	0.3183	NaN	NaN	NaN	240408.7822	240409.1955	0	1	0.947
14lh02	1	17	0	1	1	1	1	NaN	8.0539	9.0999	14.2134	240412.6802	240412.9867	1	1	0.3879
14lh02	1	17	0	1	2	1	1	0.0115	NaN	NaN	NaN	240413.9509	240414.3618	0	0	0.9331
14lh02	1	18	0	1	1	1	-1	NaN	7.8906	-7.7654	15.4724	240417.5256	240417.83	0	1	0.2314
14lh02	1	18	0	1	2	1	-1	0.1346	NaN	NaN	NaN	240418.6089	240419.0283	0	1	0.9211
14lh02	1	19	0	1	1	1	1	NaN	4.2082	1.844	16.2641	240422.4794	240422.7856	1	1	0.4758
14lh02	1	19	0	1	2	1	1	0.8239	NaN	NaN	NaN	240423.8414	240424.2612	1	1	0.6962
14lh02	1	20	0	1	1	1	1	NaN	3.6504	3.4512	15.3391	240427.0886	240427.3927	0	0	0.8772
14lh02	1	20	0	1	2	1	-1	0.5712	NaN	NaN	NaN	240428.8136	240429.2272	0	1	0.5957
14lh02	1	21	0	1	1	1	1	NaN	5.2677	5.0243	15.3786	240432.3155	240432.6215	1	1	0.5119
14lh02	1	21	0	1	2	1	-1	0.0336	NaN	NaN	NaN	240433.7103	240434.1271	1	0	0.783
14lh02	1	22	0	1	1	1	-1	NaN	0.8276	-0.5308	15.1799	240437.6767	240437.9809	1	0	0.9452
14lh02	1	22	0	1	2	1	-1	0.8217	NaN	NaN	NaN	240439.5174	240439.9405	0	1	0.6169
14lh02	1	23	0	1	1	1	-1	NaN	2.8103	-2.8041	13.6042	240442.9283	240443.235	0	1	0.907
14lh02	1	23	0	1	2	1	1	0.8264	NaN	NaN	NaN	240444.7187	240445.1386	1	1	0.7958
14lh02	1	24	0	1	1	1	-1	NaN	4.4242	-4.4075	14.8431	240448.2772	240448.5821	0	1	0.4722
14lh02	1	24	0	1	2	1	1	0.2731	NaN	NaN	NaN	240449.598	240450.0059	1	1	0.7281
14lh02	1	25	0	1	1	1	1	NaN	4.8105	2.2814	15.0833	240453.3752	240453.6775	0	0	0.7048
14lh02	1	25	0	1	2	1	1	0.2619	NaN	NaN	NaN	240454.94	240455.2913	1	1	0.6911
14lh02	1	26	0	1	1	1	1	NaN	9.1645	10.0997	15.6173	240458.1148	240458.4173	1	1	0.6681
14lh02	1	26	0	1	2	1	1	0.2585	NaN	NaN	NaN	240459.6108	240459.964	1	1	0.898
14lh02	1	27	0	1	1	1	-1	NaN	3.886	-3.7654	15.293	240463.0144	240463.317	0	1	0.4724
14lh02	1	27	0	1	2	1	1	0.1142	NaN	NaN	NaN	240464.3155	240464.6693	1	1	0.8814
14lh02	1	28	0	1	1	1	1	NaN	3.2579	0.4823	17.0583	240467.5281	240467.8303	1	1	0.5997
14lh02	1	28	0	1	2	1	-1	0.442	NaN	NaN	NaN	240469.0529	240469.4043	0	1	0.7696
14lh02	1	29	0	1	1	1	1	NaN	2.2404	2.4529	13.5607	240472.5597	240472.862	0	0	0.7521
14lh02	1	29	0	1	2	1	1	0.7841	NaN	NaN	NaN	240474.1874	240474.5406	1	1	0.7222
14lh02	1	30	0	1	1	1	-1	NaN	9.5911	-7.9666	14.6524	240477.6247	240477.9269	0	1	0.6314
14lh02	1	30	0	1	2	1	-1	0.5874	NaN	NaN	NaN	240479.1475	240479.5019	0	1	1.1045
14lh02	1	31	0	1	1	1	1	NaN	1.4502	0.9944	16.1826	240483.0053	240483.3099	0	0	0.6409
14lh02	1	31	0	1	2	1	1	0.0555	NaN	NaN	NaN	240484.5423	240484.9584	1	1	0.7991
14lh02	1	32	0	1	1	1	-1	NaN	11.9873	-12.6469	15.0203	240487.9827	240488.2875	0	1	0.5917
14lh02	1	32	0	1	2	1	1	0.0345	NaN	NaN	NaN	240489.4578	240489.8882	1	1	1.0532
14lh02	1	33	0	1	1	1	-1	NaN	11.2631	-12.0553	16.0733	240493.2727	240493.5775	0	1	0.5171
14lh02	1	33	0	1	2	1	-1	0.3861	NaN	NaN	NaN	240494.6575	240495.0882	0	1	0.9428
14lh02	1	34	0	1	1	1	1	NaN	9.3077	8.7468	15.4581	240498.3427	240498.65	1	1	0.4047
14lh02	1	34	0	1	2	1	-1	0.804	NaN	NaN	NaN	240499.6462	240500.071	0	1	0.6784
14lh02	1	35	0	1	1	1	1	NaN	0.4076	0.408	14.5435	240502.9019	240503.2067	1	1	0.7908
14lh02	1	35	0	1	2	1	-1	0.4785	NaN	NaN	NaN	240504.5743	240504.9907	1	0	0.6228
14lh02	1	36	0	1	1	1	1	NaN	8.81	7.7103	14.5339	240508.0743	240508.3792	1	1	0.4676
14lh02	1	36	0	1	2	1	-1	0.5786	NaN	NaN	NaN	240509.4066	240509.7952	1	0	0.8589
14lh02	1	37	0	1	1	1	-1	NaN	3.6216	-3.0026	13.9804	240513.0323	240513.3345	1	0	0.8401
14lh02	1	37	0	1	2	1	-1	0.1625	NaN	NaN	NaN	240514.7322	240515.0835	0	1	0.9464
14lh02	1	38	0	1	1	1	1	NaN	2.269	3.0299	15.7795	240518.4472	240518.7494	1	1	0.5136
14lh02	1	38	0	1	2	1	1	0.9137	NaN	NaN	NaN	240519.8683	240520.2185	1	1	0.8029
14lh02	1	39	0	1	1	1	1	NaN	1.2457	1.0392	16.5116	240523.32	240523.6222	1	1	1.1593
14lh02	1	39	0	1	2	1	1	0.1474	NaN	NaN	NaN	240525.3556	240525.7111	1	1	0.7832
14lh02	1	40	0	1	1	1	1	NaN	10.7144	11.073	13.6238	240528.9338	240529.2383	1	1	0.4716
14lh02	1	40	0	1	2	1	-1	0.3728	NaN	NaN	NaN	240530.2888	240530.7062	0	1	0.8918
14lh02	1	41	0	1	1	1	1	NaN	10.7863	10.84	14.7741	240533.6521	240533.957	1	1	0.4737
14lh02	1	41	0	1	2	1	-1	0.5968	NaN	NaN	NaN	240535.039	240535.4564	0	1	0.9091
14lh02	1	42	0	1	1	1	-1	NaN	10.3188	-8.4918	15.4767	240538.8338	240539.1385	0	1	0.4269
14lh02	1	42	0	1	2	1	1	0.6336	NaN	NaN	NaN	240540.1109	240540.5223	1	1	0.6751
14lh02	1	43	0	1	1	1	1	NaN	5.7814	7.138	15.3519	240543.4904	240543.7969	1	1	0.4566
14lh02	1	43	0	1	2	1	1	0.5547	NaN	NaN	NaN	240544.863	240545.264	1	1	0.8135
14lh02	1	44	0	1	1	1	1	NaN	6.9984	6.0922	14.5702	240548.5472	240548.8495	1	1	0.588
14lh02	1	44	0	1	2	1	1	0.3183	NaN	NaN	NaN	240550.0438	240550.3971	1	1	0.9444
14lh02	1	45	0	1	1	1	-1	NaN	4.3645	-6.1333	15.4242	240553.533	240553.8353	0	1	0.4662
14lh02	1	45	0	1	2	1	1	0.2316	NaN	NaN	NaN	240554.8437	240555.197	0	0	0.945
14lh02	1	46	0	1	1	1	-1	NaN	3.4982	-5.6184	16.3667	240558.3381	240558.6403	0	1	0.5582
14lh02	1	46	0	1	2	1	1	0.4869	NaN	NaN	NaN	240559.7393	240560.0925	1	1	1.041
14lh02	1	47	0	1	1	1	1	NaN	10.9264	10.2941	14.9437	240563.6404	240563.9428	1	1	0.4724
14lh02	1	47	0	1	2	1	-1	0.5042	NaN	NaN	NaN	240565.0192	240565.3758	0	1	1.0856
14lh02	1	48	0	1	1	1	1	NaN	4.0444	5.5026	15.0829	240568.5339	240568.8361	1	1	0.506
14lh02	1	48	0	1	2	1	1	0.4279	NaN	NaN	NaN	240569.9488	240570.2992	1	1	1.3463
14lh02	1	49	0	1	1	1	-1	NaN	6.3841	-5.6279	15.6211	240574.0301	240574.3323	0	1	0.5132
14lh02	1	49	0	1	2	1	-1	0.1814	NaN	NaN	NaN	240575.3875	240575.7417	0	1	1.0238
14lh02	1	50	0	1	1	1	-1	NaN	1.5276	-3.0259	15.4279	240579.1158	240579.4203	0	1	0.4812
14lh02	1	50	0	1	2	1	1	0.2646	NaN	NaN	NaN	240580.4797	240580.8986	1	1	1.1002
14lh02	2	1	0	1	1	1	1	NaN	6.4635	6.3108	15.5439	240587.8085	240588.1144	1	1	0.2355
14lh02	2	1	0	1	2	1	-1	0.5977	NaN	NaN	NaN	240588.9269	240589.3503	0	1	0.8244
14lh02	2	2	0	1	1	1	-1	NaN	11.1677	-12.5081	15.9843	240592.6696	240592.9745	0	1	0.463
14lh02	2	2	0	1	2	1	1	0.9258	NaN	NaN	NaN	240593.9856	240594.4035	1	1	0.6026
14lh02	2	3	0	1	1	1	1	NaN	7.6452	7.8975	13.6487	240596.9046	240597.2117	1	1	0.6105
14lh02	2	3	0	1	2	1	1	0.475	NaN	NaN	NaN	240598.3858	240598.8149	1	1	0.6226
14lh02	2	4	0	1	1	1	1	NaN	0.8563	0.4457	13.7967	240601.5828	240601.8874	0	0	0.7341
14lh02	2	4	0	1	2	1	1	0.0082	NaN	NaN	NaN	240603.1519	240603.5692	1	1	0.6688
14lh02	2	5	0	1	1	1	-1	NaN	8.052	-8.5097	14.8343	240606.293	240606.5975	0	1	0.4881
14lh02	2	5	0	1	2	1	-1	0.8631	NaN	NaN	NaN	240607.6338	240608.0523	0	1	0.6658
14lh02	2	6	0	1	1	1	-1	NaN	7.981	-7.9289	14.4023	240611.2259	240611.5303	0	1	0.3713
14lh02	2	6	0	1	2	1	-1	0.0555	NaN	NaN	NaN	240612.4657	240612.8855	1	0	0.8566
14lh02	2	7	0	1	1	1	1	NaN	10.5992	10.8759	15.4622	240616.28	240616.5846	1	1	0.214
14lh02	2	7	0	1	2	1	-1	0.1459	NaN	NaN	NaN	240617.3747	240617.7618	0	1	0.6837
14lh02	2	8	0	1	1	1	-1	NaN	1.8515	-2.2471	15.6304	240620.485	240620.7872	0	1	0.6509
14lh02	2	8	0	1	2	1	-1	0.1715	NaN	NaN	NaN	240621.9314	240622.2828	1	0	0.8027
14lh02	2	9	0	1	1	1	-1	NaN	8.4791	-7.905	14.7455	240624.9584	240625.2628	0	1	0.3513
14lh02	2	9	0	1	2	1	1	0.3974	NaN	NaN	NaN	240626.128	240626.5466	1	1	0.6363
14lh02	2	10	0	1	1	1	-1	NaN	0.0209	-1.062	14.0098	240629.5868	240629.894	1	0	0.7772
14lh02	2	10	0	1	2	1	1	0.2681	NaN	NaN	NaN	240631.2496	240631.6684	1	1	0.8264
14lh02	2	11	0	1	1	1	1	NaN	3.8477	4.5912	14.7947	240634.7962	240635.0985	1	1	0.691
14lh02	2	11	0	1	2	1	-1	0.003	NaN	NaN	NaN	240636.3307	240636.6823	1	0	0.9004
14lh02	2	12	0	1	1	1	-1	NaN	0.6221	-1.0507	15.4096	240640.1647	240640.4669	1	0	0.7638
14lh02	2	12	0	1	2	1	1	0.4471	NaN	NaN	NaN	240641.7399	240642.094	0	0	1.3281
14lh02	2	13	0	1	1	1	-1	NaN	0.7182	-0.2288	15.4015	240645.8506	240646.1527	0	1	1.0457
14lh02	2	13	0	1	2	1	-1	0.233	NaN	NaN	NaN	240647.7557	240648.109	1	0	0.9292
14lh02	2	14	0	1	1	1	-1	NaN	10.7634	-11.3897	14.993	240651.1364	240651.4392	0	1	0.5913
14lh02	2	14	0	1	2	1	1	0.0533	NaN	NaN	NaN	240652.5714	240652.9255	0	0	1.2007
14lh02	2	15	0	1	1	1	-1	NaN	1.6389	-2.4986	14.3804	240656.3315	240656.6337	0	1	0.565
14lh02	2	15	0	1	2	1	-1	0.1925	NaN	NaN	NaN	240657.7559	240658.1099	1	0	0.8643
14lh02	2	16	0	1	1	1	1	NaN	6.8776	6.4894	14.896	240661.675	240661.9772	1	1	0.4541
14lh02	2	16	0	1	2	1	1	0.0535	NaN	NaN	NaN	240662.9876	240663.3415	1	1	1.2321
14lh02	2	17	0	1	1	1	-1	NaN	3.5535	-1.2186	14.2449	240666.7289	240667.0311	0	1	1.1265
14lh02	2	17	0	1	2	1	-1	0.2845	NaN	NaN	NaN	240668.6836	240669.0372	0	1	1.3293
14lh02	2	18	0	1	1	1	-1	NaN	10.0547	-9.6619	14.9232	240672.4588	240672.7625	0	1	0.483
14lh02	2	18	0	1	2	1	-1	0.6906	NaN	NaN	NaN	240673.7601	240674.1653	0	1	0.8093
14lh02	2	19	0	1	1	1	1	NaN	7.8575	9.33	15.3161	240677.0291	240677.334	1	1	0.4555
14lh02	2	19	0	1	2	1	1	0.3924	NaN	NaN	NaN	240678.3514	240678.7659	1	1	0.7996
14lh02	2	20	0	1	1	1	1	NaN	0.6255	1.1516	15.2084	240681.6621	240681.9642	1	1	0.2253
14lh02	2	20	0	1	2	1	1	0.0544	NaN	NaN	NaN	240682.7638	240683.12	1	1	0.9427
14lh02	2	21	0	1	1	1	-1	NaN	4.7477	-5.2511	14.5415	240686.4849	240686.7877	0	1	0.8738
14lh02	2	21	0	1	2	1	1	0.0026	NaN	NaN	NaN	240688.2348	240688.5905	1	1	0.9443
14lh02	2	22	0	1	1	1	-1	NaN	4.784	-5.623	14.485	240691.4978	240691.8	1	0	1.0135
14lh02	2	22	0	1	2	1	1	0.0732	NaN	NaN	NaN	240693.3547	240693.7081	1	1	0.8975
14lh02	2	23	0	1	1	1	1	NaN	5.4227	6.9354	15.2043	240696.7781	240697.0802	1	1	0.4219
14lh02	2	23	0	1	2	1	1	0.3791	NaN	NaN	NaN	240698.0281	240698.3794	1	1	0.9954
14lh02	2	24	0	1	1	1	1	NaN	5.2821	4.3361	14.801	240701.5773	240701.8794	1	1	0.7591
14lh02	2	24	0	1	2	1	1	0.3531	NaN	NaN	NaN	240703.1952	240703.5524	1	1	1.0386
14lh02	2	25	0	1	1	1	-1	NaN	3.1225	-4.1822	13.1405	240706.8626	240707.1648	0	1	0.8651
14lh02	2	25	0	1	2	1	1	0.8875	NaN	NaN	NaN	240708.5401	240708.8907	1	1	1.1389
14lh02	2	26	0	1	1	1	1	NaN	2.7951	1.4793	14.6439	240712.0768	240712.3789	1	1	0.6272
14lh02	2	26	0	1	2	1	-1	0.7424	NaN	NaN	NaN	240713.5636	240713.9182	0	1	0.8153
14lh02	2	27	0	1	1	1	1	NaN	0.8164	0.7806	14.0308	240717.0106	240717.3154	1	1	1.0198
14lh02	2	27	0	1	2	1	1	0.5761	NaN	NaN	NaN	240718.8799	240719.2969	1	1	0.8607
14lh02	2	28	0	1	1	1	-1	NaN	1.0531	-0.6276	14.266	240722.6581	240722.9629	1	0	0.6364
14lh02	2	28	0	1	2	1	-1	0.2951	NaN	NaN	NaN	240724.1296	240724.5597	1	0	0.8625
14lh02	2	29	0	1	1	1	1	NaN	4.6713	4.9675	14.4458	240727.6728	240727.9771	1	1	0.6129
14lh02	2	29	0	1	2	1	-1	0.924	NaN	NaN	NaN	240729.135	240729.5464	0	1	0.8992
14lh02	2	30	0	1	1	1	1	NaN	11.9339	12.1439	14.5813	240732.9862	240733.2906	1	1	0.371
14lh02	2	30	0	1	2	1	-1	0.6308	NaN	NaN	NaN	240734.1776	240734.5842	0	1	0.7264
14lh02	2	31	0	1	1	1	1	NaN	0.8548	1.5239	14.9137	240737.6575	240737.9598	1	1	0.759
14lh02	2	31	0	1	2	1	-1	0.5021	NaN	NaN	NaN	240739.2435	240739.6004	0	1	0.7823
14lh02	2	32	0	1	1	1	-1	NaN	5.6307	-6.0586	14.1197	240742.7375	240743.0395	0	1	0.43
14lh02	2	32	0	1	2	1	1	0.6531	NaN	NaN	NaN	240744.0121	240744.3669	1	1	0.7033
14lh02	2	33	0	1	1	1	-1	NaN	2.023	-0.966	14.3198	240747.0497	240747.353	0	1	0.6453
14lh02	2	33	0	1	2	1	-1	0.8976	NaN	NaN	NaN	240748.4761	240748.8263	0	1	1.0443
14lh02	2	34	0	1	1	1	-1	NaN	2.3688	-3.388	14.5063	240751.8926	240752.1947	0	1	0.8275
14lh02	2	34	0	1	2	1	-1	0.2113	NaN	NaN	NaN	240753.5315	240753.8873	0	1	1.0229
14lh02	2	35	0	1	1	1	-1	NaN	8.488	-8.5568	15.4652	240757.1995	240757.5026	0	1	0.3996
14lh02	2	35	0	1	2	1	-1	0.7542	NaN	NaN	NaN	240758.4758	240758.8331	0	1	1.0046
14lh02	2	36	0	1	1	1	-1	NaN	10.5459	-9.8869	15.6214	240762.0634	240762.3705	0	1	0.2845
14lh02	2	36	0	1	2	1	1	0.7184	NaN	NaN	NaN	240763.2311	240763.6447	1	1	1.1049
14lh02	2	37	0	1	1	1	-1	NaN	4.2953	-4.9974	13.6552	240767.1245	240767.4294	0	1	0.5538
14lh02	2	37	0	1	2	1	-1	0.2113	NaN	NaN	NaN	240768.5113	240768.9283	1	0	0.7666
14lh02	2	38	0	1	1	1	-1	NaN	5.9673	-6.8317	15.4857	240771.724	240772.0262	0	1	0.7251
14lh02	2	38	0	1	2	1	1	0.7522	NaN	NaN	NaN	240773.2912	240773.6423	1	1	1.093
14lh02	2	39	0	1	1	1	-1	NaN	5.9666	-7.7192	15.0538	240776.9058	240777.208	0	1	0.486
14lh02	2	39	0	1	2	1	1	0.9178	NaN	NaN	NaN	240778.2514	240778.604	1	1	1.0749
14lh02	2	40	0	1	1	1	1	NaN	6.6237	6.1998	16.2469	240781.8141	240782.1177	1	1	0.4079
14lh02	2	40	0	1	2	1	-1	0.0509	NaN	NaN	NaN	240783.0682	240783.4203	1	0	0.8823
14lh02	2	41	0	1	1	1	-1	NaN	5.4431	-6.0605	14.3271	240786.5233	240786.8256	0	1	0.9973
14lh02	2	41	0	1	2	1	1	0.6279	NaN	NaN	NaN	240788.3792	240788.7355	1	1	1.1341
14lh02	2	42	0	1	1	1	1	NaN	2.9496	2.8585	15.3588	240791.8326	240792.1348	0	0	0.7428
14lh02	2	42	0	1	2	1	-1	0.6987	NaN	NaN	NaN	240793.4522	240793.8032	0	1	0.931
14lh02	2	43	0	1	1	1	-1	NaN	11.7625	-11.7975	13.8361	240796.8506	240797.1528	0	1	0.2863
14lh02	2	43	0	1	2	1	-1	0.0026	NaN	NaN	NaN	240797.9634	240798.3184	0	1	1.1353
14lh02	2	44	0	1	1	1	1	NaN	3.1882	5.5688	14.9498	240801.3251	240801.6274	1	1	0.8353
14lh02	2	44	0	1	2	1	1	0.8466	NaN	NaN	NaN	240803.0046	240803.3574	1	1	0.8972
14lh02	2	45	0	1	1	1	-1	NaN	11.2458	-12.0629	15.7445	240806.3407	240806.6429	0	1	0.4604
14lh02	2	45	0	1	2	1	-1	0.1295	NaN	NaN	NaN	240807.6441	240808.0013	1	0	1.1176
14lh02	2	46	0	1	1	1	1	NaN	6.3194	5.0854	13.9998	240811.5392	240811.8442	1	1	0.3631
14lh02	2	46	0	1	2	1	-1	0.598	NaN	NaN	NaN	240812.7679	240813.1542	1	0	0.7155
14lh02	2	47	0	1	1	1	1	NaN	7.5641	9.6061	15.314	240815.8014	240816.1037	1	1	0.4866
14lh02	2	47	0	1	2	1	-1	0.5086	NaN	NaN	NaN	240817.1316	240817.4854	0	1	0.9454
14lh02	2	48	0	1	1	1	-1	NaN	6.9556	-10.7232	15.2657	240820.8688	240821.171	0	1	0.5713
14lh02	2	48	0	1	2	1	1	0.7951	NaN	NaN	NaN	240822.331	240822.6852	1	1	1.0575
14lh02	2	49	0	1	1	1	1	NaN	4.7634	2.3545	14.8766	240825.7636	240826.0659	1	1	0.6842
14lh02	2	49	0	1	2	1	-1	0.8661	NaN	NaN	NaN	240827.276	240827.6294	0	1	0.8652
14lh02	2	50	0	1	1	1	1	NaN	1.8683	2.6084	15.7021	240830.8561	240831.1582	0	0	1.1291
14lh02	2	50	0	1	2	1	-1	0.896	NaN	NaN	NaN	240832.8601	240833.2167	0	1	1.1169
14lh02	3	1	0	1	1	1	1	NaN	9.1688	8.6396	15.807	240844.3766	240844.679	1	1	0.4722
14lh02	3	1	0	1	2	1	1	0.7212	NaN	NaN	NaN	240845.7559	240846.1121	1	1	1.055
14lh02	3	2	0	1	1	1	1	NaN	3.2821	2.6856	16.7037	240849.4207	240849.7229	1	1	0.8193
14lh02	3	2	0	1	2	1	1	0.4082	NaN	NaN	NaN	240851.1796	240851.5337	1	1	1.0083
14lh02	3	3	0	1	1	1	-1	NaN	8.5072	-7.4975	14.9291	240855.1986	240855.5008	0	1	0.6742
14lh02	3	3	0	1	2	1	-1	0.6494	NaN	NaN	NaN	240856.7326	240857.1397	0	1	0.8585
14lh02	3	4	0	1	1	1	-1	NaN	1.6659	-2.2214	16.2353	240860.0463	240860.3513	0	1	0.8157
14lh02	3	4	0	1	2	1	-1	0.1945	NaN	NaN	NaN	240861.7273	240862.1399	0	1	0.8832
14lh02	3	5	0	1	1	1	-1	NaN	8.8631	-5.5586	15.7027	240865.008	240865.3144	0	1	0.6518
14lh02	3	5	0	1	2	1	1	0.6391	NaN	NaN	NaN	240866.5265	240866.9397	1	1	0.7546
14lh02	3	6	0	1	1	1	-1	NaN	8.6691	-10.2185	16.1719	240870.0806	240870.3826	0	1	0.4631
14lh02	3	6	0	1	2	1	1	0.5712	NaN	NaN	NaN	240871.3709	240871.7275	1	1	0.7189
14lh02	3	7	0	1	1	1	-1	NaN	10.8672	-9.8685	15.1906	240874.576	240874.8794	0	1	0.4143
14lh02	3	7	0	1	2	1	1	0.8166	NaN	NaN	NaN	240875.8843	240876.2343	1	1	0.836
14lh02	3	8	0	1	1	1	-1	NaN	11.3348	-11.9199	15.5059	240879.5975	240879.8996	0	1	0.2434
14lh02	3	8	0	1	2	1	-1	0.7089	NaN	NaN	NaN	240880.7173	240881.0674	1	0	0.9943
14lh02	3	9	0	1	1	1	1	NaN	7.1835	8.1578	14.4014	240884.2876	240884.5898	1	1	0.6878
14lh02	3	9	0	1	2	1	1	0.4677	NaN	NaN	NaN	240885.8841	240886.2363	1	1	1.1534
14lh02	3	10	0	1	1	1	1	NaN	3.8632	2.7185	15.3306	240889.8387	240890.1408	1	1	0.8808
14lh02	3	10	0	1	2	1	1	0.0952	NaN	NaN	NaN	240891.5953	240891.9484	0	0	1.314
14lh02	3	11	0	1	1	1	1	NaN	2.5429	3.403	15.0485	240895.6248	240895.9277	1	1	0.5992
14lh02	3	11	0	1	2	1	1	0.0852	NaN	NaN	NaN	240897.0678	240897.4199	0	0	0.9144
14lh02	3	12	0	1	1	1	1	NaN	2.2179	4.2325	14.5121	240901.042	240901.3455	1	1	0.6847
14lh02	3	12	0	1	2	1	-1	0.6051	NaN	NaN	NaN	240902.5559	240902.9546	1	0	0.9966
14lh02	3	13	0	1	1	1	1	NaN	6.5181	5.4626	13.3789	240906.2473	240906.5521	1	1	0.5346
14lh02	3	13	0	1	2	1	1	0.2117	NaN	NaN	NaN	240907.6478	240908.0592	1	1	0.7079
14lh02	3	14	0	1	1	1	1	NaN	6.3989	5.9582	12.4884	240910.8691	240911.1714	1	1	0.4756
14lh02	3	14	0	1	2	1	-1	0.1684	NaN	NaN	NaN	240912.2202	240912.5753	1	0	0.8304
14lh02	3	15	0	1	1	1	-1	NaN	5.4706	-6.0815	15.9246	240915.5991	240915.9013	0	1	0.6084
14lh02	3	15	0	1	2	1	1	0.8428	NaN	NaN	NaN	240917.0673	240917.4186	1	1	0.8351
14lh02	3	16	0	1	1	1	1	NaN	8.8474	10.9463	14.5845	240920.4714	240920.7737	1	1	0.4888
14lh02	3	16	0	1	2	1	1	0.4316	NaN	NaN	NaN	240921.8359	240922.1917	1	1	0.7982
14lh02	3	17	0	1	1	1	-1	NaN	2.9734	-1.7652	14.2955	240925.1678	240925.4701	0	1	0.5121
14lh02	3	17	0	1	2	1	1	0.6221	NaN	NaN	NaN	240926.5719	240926.9288	1	1	0.7987
14lh02	3	18	0	1	1	1	1	NaN	10.5229	11.694	15.2803	240930.1456	240930.4478	1	1	0.5266
14lh02	3	18	0	1	2	1	-1	0.0394	NaN	NaN	NaN	240931.483	240931.8348	1	0	1.1394
14lh02	3	19	0	1	1	1	1	NaN	5.3639	5.7181	15.6966	240935.2944	240935.5966	1	1	0.4984
14lh02	3	19	0	1	2	1	1	0.3912	NaN	NaN	NaN	240936.6351	240936.991	1	1	1.1987
14lh02	3	20	0	1	1	1	1	NaN	11.2403	11.9539	15.4505	240940.4093	240940.7116	1	1	0.3906
14lh02	3	20	0	1	2	1	1	0.6383	NaN	NaN	NaN	240941.6285	240941.9793	1	1	0.8357
14lh02	3	21	0	1	1	1	-1	NaN	5.4441	-4.5023	14.7356	240945.5191	240945.8212	0	1	0.5134
14lh02	3	21	0	1	2	1	1	0.226	NaN	NaN	NaN	240946.86	240947.2124	1	1	0.8654
14lh02	3	22	0	1	1	1	-1	NaN	3.2833	-6.595	14.7832	240950.6181	240950.9223	0	1	0.8674
14lh02	3	22	0	1	2	1	1	0.372	NaN	NaN	NaN	240952.3845	240952.8022	1	1	0.8595
14lh02	3	23	0	1	1	1	-1	NaN	10.6912	-10.4588	14.3569	240956.1093	240956.4136	0	1	0.5133
14lh02	3	23	0	1	2	1	1	0.1744	NaN	NaN	NaN	240957.4707	240957.8852	1	1	0.7374
14lh02	3	24	0	1	1	1	-1	NaN	9.9876	-10.8591	14.2326	240960.8139	240961.1183	0	1	0.4162
14lh02	3	24	0	1	2	1	1	0.4151	NaN	NaN	NaN	240962.1127	240962.4896	1	1	0.933
14lh02	3	25	0	1	1	1	-1	NaN	11.8262	-11.093	13.6654	240965.5018	240965.8041	0	1	0.531
14lh02	3	25	0	1	2	1	1	0.1786	NaN	NaN	NaN	240966.9074	240967.2615	1	1	0.8174
14lh02	3	26	0	1	1	1	-1	NaN	6.3099	-5.7955	15.6951	240970.2578	240970.5601	1	0	1.1344
14lh02	3	26	0	1	2	1	1	0.9027	NaN	NaN	NaN	240972.2362	240972.5932	1	1	0.7023
14lh02	3	27	0	1	1	1	1	NaN	7.3693	8.3277	15.062	240975.378	240975.6803	1	1	0.511
14lh02	3	27	0	1	2	1	1	0.7412	NaN	NaN	NaN	240976.6836	240977.0391	1	1	0.6872
14lh02	3	28	0	1	1	1	1	NaN	1.5384	2.9003	14.6695	240979.9148	240980.217	1	1	0.7736
14lh02	3	28	0	1	2	1	1	0.4523	NaN	NaN	NaN	240981.5802	240981.9323	1	1	0.8975
14lh02	3	29	0	1	1	1	-1	NaN	5.9406	-6.0413	12.9652	240984.9535	240985.2562	0	1	0.6295
14lh02	3	29	0	1	2	1	1	0.4128	NaN	NaN	NaN	240986.4449	240986.7956	1	1	0.7542
14lh02	3	30	0	1	1	1	1	NaN	6.1834	7.3215	15.7639	240989.8458	240990.1481	1	1	0.5217
14lh02	3	30	0	1	2	1	-1	0.7087	NaN	NaN	NaN	240991.1963	240991.5481	0	1	0.7216
14lh02	3	31	0	1	1	1	-1	NaN	6.048	-7.7947	16.7188	240994.8652	240995.1674	0	1	0.4634
14lh02	3	31	0	1	2	1	-1	0.1271	NaN	NaN	NaN	240996.1722	240996.5256	1	0	0.5761
14lh02	3	32	0	1	1	1	1	NaN	10.7968	12.1037	16.1581	240999.1997	240999.5042	1	1	0.3188
14lh02	3	32	0	1	2	1	1	0.3382	NaN	NaN	NaN	241000.3505	241000.7665	1	1	0.8002
14lh02	3	33	0	1	1	1	-1	NaN	8.245	-7.469	14.2287	241003.9304	241004.2352	0	1	0.3712
14lh02	3	33	0	1	2	1	1	0.4021	NaN	NaN	NaN	241005.1826	241005.5996	1	1	0.7662
14lh02	3	34	0	1	1	1	-1	NaN	8.3585	-8.6235	14.641	241008.6458	241008.9504	0	1	0.5673
14lh02	3	34	0	1	2	1	-1	0.7793	NaN	NaN	NaN	241010.032	241010.4493	0	1	0.845
14lh02	3	35	0	1	1	1	-1	NaN	7.1014	-7.9902	14.4288	241013.6903	241013.9946	0	1	0.4511
14lh02	3	35	0	1	2	1	-1	0.0869	NaN	NaN	NaN	241015.0229	241015.4441	1	0	0.8109
14lh02	3	36	0	1	1	1	1	NaN	9.9717	10.1824	14.1632	241018.5669	241018.873	1	1	0.3567
14lh02	3	36	0	1	2	1	1	0.8486	NaN	NaN	NaN	241019.7926	241020.2104	1	1	1.0528
14lh02	3	37	0	1	1	1	1	NaN	7.0719	8.8766	15.7137	241023.4425	241023.7469	1	1	0.3949
14lh02	3	37	0	1	2	1	-1	0.1354	NaN	NaN	NaN	241024.7026	241025.1153	1	0	0.9145
14lh02	3	38	0	1	1	1	-1	NaN	6.7974	-7.465	14.3905	241028.6594	241028.9638	0	1	0.7306
14lh02	3	38	0	1	2	1	-1	0.3235	NaN	NaN	NaN	241030.2062	241030.6129	1	0	1.2409
14lh02	3	39	0	1	1	1	-1	NaN	7.3142	-7.4972	15.33	241033.7754	241034.0775	0	1	0.7055
14lh02	3	39	0	1	2	1	-1	0.0444	NaN	NaN	NaN	241035.3407	241035.6914	1	0	1.1709
14lh02	3	40	0	1	1	1	-1	NaN	7.1168	-7.2892	15.312	241039.5607	241039.8629	0	1	0.5838
14lh02	3	40	0	1	2	1	-1	0.6156	NaN	NaN	NaN	241041.0357	241041.3898	0	1	1.1043
14lh02	3	41	0	1	1	1	-1	NaN	9.4637	-9.3772	14.5783	241044.6168	241044.924	0	1	0.4977
14lh02	3	41	0	1	2	1	1	0.4357	NaN	NaN	NaN	241045.9828	241046.3975	1	1	0.8015
14lh02	3	42	0	1	1	1	1	NaN	0.1762	0.8953	16.4784	241049.5971	241049.9019	1	1	0.7362
14lh02	3	42	0	1	2	1	-1	0.3208	NaN	NaN	NaN	241051.2154	241051.6312	1	0	0.7998
14lh02	3	43	0	1	1	1	-1	NaN	1.379	-1.6162	15.3135	241054.639	241054.9413	0	1	0.7693
14lh02	3	43	0	1	2	1	1	0.3005	NaN	NaN	NaN	241056.2677	241056.6225	1	1	0.8798
14lh02	3	44	0	1	1	1	-1	NaN	3.6391	-3.4669	17.7693	241059.6833	241059.9862	0	1	0.7167
14lh02	3	44	0	1	2	1	1	0.8705	NaN	NaN	NaN	241061.2442	241061.6016	1	1	0.7813
14lh02	3	45	0	1	1	1	1	NaN	8.7272	7.2205	13.2663	241064.5681	241064.871	1	1	0.5682
14lh02	3	45	0	1	2	1	-1	0.8271	NaN	NaN	NaN	241065.9802	241066.3343	0	1	0.8155
14lh02	3	46	0	1	1	1	-1	NaN	6.9431	-6.0222	15.5702	241069.523	241069.8251	0	1	0.4776
14lh02	3	46	0	1	2	1	1	0.746	NaN	NaN	NaN	241070.9082	241071.258	1	1	0.7249
14lh02	3	47	0	1	1	1	-1	NaN	9.025	-11.244	15.3195	241074.4601	241074.7622	0	1	0.4047
14lh02	3	47	0	1	2	1	1	0.3338	NaN	NaN	NaN	241075.7246	241076.0745	1	1	0.6753
14lh02	3	48	0	1	1	1	-1	NaN	5.4666	-7.3767	14.838	241079.1169	241079.4202	0	1	0.4023
14lh02	3	48	0	1	2	1	-1	0.8987	NaN	NaN	NaN	241080.3799	241080.7336	1	0	0.8965
14lh02	3	49	0	1	1	1	-1	NaN	5.9698	-5.4139	16.9485	241084.0387	241084.3409	0	1	0.6028
14lh02	3	49	0	1	2	1	-1	0.1028	NaN	NaN	NaN	241085.4835	241085.8377	1	0	1.0093
14lh02	3	50	0	1	1	1	-1	NaN	11.5666	-9.7374	14.1116	241089.0102	241089.315	0	1	0.4433
14lh02	3	50	0	1	2	1	-1	0.4711	NaN	NaN	NaN	241090.304	241090.7238	1	0	0.7785
