16hq03	1	1	1	0	1.0000	0.0000	1.0000	0.0534	NaN	NaN	NaN	418458.3818	418458.7403	1.0000	1.0000	0.7298	0.8413
16hq03	1	1	1	0	2.0000	0.0000	1.0000	NaN	0.8236	4.3270	13.3448	418460.0166	418460.3193	1.0000	1.0000	1.1819	1.3258
16hq03	1	2	1	0	1.0000	0.0000	1.0000	0.2044	NaN	NaN	NaN	418463.8161	418464.1719	0.0000	0.0000	0.6412	0.7383
16hq03	1	2	1	0	2.0000	0.0000	-1.0000	NaN	5.7545	-5.2243	15.7710	418465.3461	418465.6483	0.0000	1.0000	0.6858	0.7978
16hq03	1	3	1	0	1.0000	0.0000	-1.0000	0.2652	NaN	NaN	NaN	418468.5665	418468.9218	0.0000	1.0000	0.5963	0.7085
16hq03	1	3	1	0	2.0000	0.0000	1.0000	NaN	2.2586	2.4321	15.7544	418470.0651	418470.3672	1.0000	1.0000	0.7351	0.8630
16hq03	1	4	1	0	1.0000	0.0000	-1.0000	0.2283	NaN	NaN	NaN	418473.2563	418473.6664	0.0000	1.0000	0.5229	0.6348
16hq03	1	4	1	0	2.0000	0.0000	1.0000	NaN	4.2981	4.2652	16.1520	418474.7434	418475.0476	0.0000	0.0000	0.9971	1.1096
16hq03	1	5	1	0	1.0000	0.0000	-1.0000	0.1490	NaN	NaN	NaN	418478.8281	418479.2464	0.0000	1.0000	0.4634	0.5758
16hq03	1	5	1	0	2.0000	0.0000	1.0000	NaN	4.5419	4.7704	15.5881	418480.2686	418480.5737	1.0000	1.0000	1.1361	1.2644
16hq03	1	6	1	0	1.0000	0.0000	1.0000	0.0889	NaN	NaN	NaN	418483.6921	418484.1123	0.0000	0.0000	1.9332	2.0289
16hq03	1	6	1	0	2.0000	0.0000	-1.0000	NaN	4.8630	-4.7673	12.9674	418486.5897	418486.8942	0.0000	1.0000	0.5917	0.6872
16hq03	1	7	1	0	1.0000	0.0000	-1.0000	0.1582	NaN	NaN	NaN	418489.8289	418490.2453	0.0000	1.0000	1.0953	1.2081
16hq03	1	7	1	0	2.0000	0.0000	1.0000	NaN	1.1329	1.3964	14.8401	418491.8990	418492.2059	1.0000	1.0000	0.3668	0.5281
16hq03	1	8	1	0	1.0000	0.0000	1.0000	0.3549	NaN	NaN	NaN	418495.1078	418495.5284	1.0000	1.0000	0.3573	0.5017
16hq03	1	8	1	0	2.0000	0.0000	1.0000	NaN	5.8197	6.9916	14.5767	418496.4748	418496.7792	0.0000	0.0000	1.1220	1.2340
16hq03	1	9	1	0	1.0000	0.0000	1.0000	0.2313	NaN	NaN	NaN	418500.1355	418500.5562	1.0000	1.0000	0.9291	1.0421
16hq03	1	9	1	0	2.0000	0.0000	1.0000	NaN	1.7819	1.1343	13.9901	418502.0411	418502.3457	1.0000	1.0000	1.0756	1.1887
16hq03	1	10	1	0	1.0000	0.0000	-1.0000	0.0541	NaN	NaN	NaN	418505.4072	418505.8279	0.0000	1.0000	0.8098	0.9226
16hq03	1	10	1	0	2.0000	0.0000	1.0000	NaN	4.2482	2.9830	13.1397	418507.1859	418507.4881	0.0000	0.0000	1.4846	1.5504
16hq03	1	11	1	0	1.0000	0.0000	1.0000	0.4135	NaN	NaN	NaN	418511.0740	418511.4255	1.0000	1.0000	0.4912	0.6359
16hq03	1	11	1	0	2.0000	0.0000	1.0000	NaN	4.2967	4.2076	14.5140	418512.4962	418512.7985	1.0000	1.0000	1.0554	1.1989
16hq03	1	12	1	0	1.0000	0.0000	1.0000	0.2475	NaN	NaN	NaN	418515.7184	418516.0707	1.0000	1.0000	0.9986	1.0952
16hq03	1	12	1	0	2.0000	0.0000	1.0000	NaN	1.5186	2.1128	15.7409	418517.6019	418517.9041	1.0000	1.0000	1.1005	1.2293
16hq03	1	13	1	0	1.0000	0.0000	-1.0000	0.0193	NaN	NaN	NaN	418521.3060	418521.6921	1.0000	0.0000	1.0406	1.1541
16hq03	1	13	1	0	2.0000	0.0000	-1.0000	NaN	4.1375	-4.5386	15.6925	418523.2810	418523.5844	0.0000	1.0000	0.3655	0.4614
16hq03	1	14	1	0	1.0000	0.0000	-1.0000	0.4123	NaN	NaN	NaN	418526.2904	418526.6417	0.0000	1.0000	0.3315	0.4441
16hq03	1	14	1	0	2.0000	0.0000	1.0000	NaN	5.5892	5.7405	15.7677	418527.5205	418527.8228	1.0000	1.0000	1.0224	1.1185
16hq03	1	15	1	0	1.0000	0.0000	-1.0000	0.0322	NaN	NaN	NaN	418531.3108	418531.6644	1.0000	0.0000	0.8931	1.0698
16hq03	1	15	1	0	2.0000	0.0000	-1.0000	NaN	1.3057	-1.5582	13.8179	418533.1706	418533.4728	0.0000	1.0000	0.5243	0.6366
16hq03	1	16	1	0	1.0000	0.0000	1.0000	0.1174	NaN	NaN	NaN	418535.9790	418536.3350	1.0000	1.0000	0.6382	0.7505
16hq03	1	16	1	0	2.0000	0.0000	1.0000	NaN	0.2252	1.5160	14.7670	418537.5202	418537.8225	0.0000	0.0000	0.4141	0.5427
16hq03	1	17	1	0	1.0000	0.0000	-1.0000	0.3531	NaN	NaN	NaN	418540.2043	418540.5546	0.0000	1.0000	0.3076	0.4194
16hq03	1	17	1	0	2.0000	0.0000	1.0000	NaN	1.9332	1.9623	14.2464	418541.4089	418541.7112	0.0000	0.0000	0.6539	0.7672
16hq03	1	18	1	0	1.0000	0.0000	1.0000	0.4126	NaN	NaN	NaN	418544.7100	418545.0637	1.0000	1.0000	0.3095	0.4225
16hq03	1	18	1	0	2.0000	0.0000	1.0000	NaN	0.5013	0.7389	15.9480	418545.9211	418546.2233	0.0000	0.0000	1.4060	1.5344
16hq03	1	19	1	0	1.0000	0.0000	1.0000	0.1441	NaN	NaN	NaN	418549.7023	418550.0541	1.0000	1.0000	0.5356	0.6161
16hq03	1	19	1	0	2.0000	0.0000	1.0000	NaN	3.2617	2.9399	14.9307	418551.1049	418551.4071	1.0000	1.0000	1.2296	1.3103
16hq03	1	20	1	0	1.0000	0.0000	-1.0000	0.5195	NaN	NaN	NaN	418555.0871	418555.4371	0.0000	1.0000	0.2876	0.3845
16hq03	1	20	1	0	2.0000	0.0000	1.0000	NaN	3.8194	4.5452	13.6000	418556.2574	418556.5596	1.0000	1.0000	0.4942	0.5908
16hq03	1	21	1	0	1.0000	0.0000	-1.0000	0.4161	NaN	NaN	NaN	418559.5951	418559.9506	0.0000	1.0000	0.2701	0.3518
16hq03	1	21	1	0	2.0000	0.0000	1.0000	NaN	4.9127	3.9061	15.0418	418560.7377	418561.0398	1.0000	1.0000	0.7184	0.8303
16hq03	1	22	1	0	1.0000	0.0000	1.0000	0.5156	NaN	NaN	NaN	418564.3146	418564.6682	1.0000	1.0000	0.3205	0.4183
16hq03	1	22	1	0	2.0000	0.0000	1.0000	NaN	0.6225	0.2007	14.7940	418565.5226	418565.8249	1.0000	1.0000	0.4763	0.6372
16hq03	1	23	1	0	1.0000	0.0000	-1.0000	0.1237	NaN	NaN	NaN	418568.4080	418568.8239	0.0000	1.0000	0.6609	0.7742
16hq03	1	23	1	0	2.0000	0.0000	1.0000	NaN	4.1654	5.0027	14.9831	418570.0395	418570.3436	1.0000	1.0000	0.4857	0.5988
16hq03	1	24	1	0	1.0000	0.0000	-1.0000	0.3770	NaN	NaN	NaN	418573.1673	418573.5873	0.0000	1.0000	0.1071	0.2025
16hq03	1	24	1	0	2.0000	0.0000	1.0000	NaN	2.0781	2.3879	15.5975	418574.2365	418574.5412	1.0000	1.0000	0.4482	0.5927
16hq03	1	25	1	0	1.0000	0.0000	1.0000	0.0150	NaN	NaN	NaN	418577.5068	418577.9357	1.0000	1.0000	0.6218	0.7337
16hq03	1	25	1	0	2.0000	0.0000	1.0000	NaN	6.2093	7.3665	13.9168	418579.1154	418579.4199	1.0000	1.0000	0.3368	0.4666
16hq03	1	26	1	0	1.0000	0.0000	-1.0000	0.5421	NaN	NaN	NaN	418581.9090	418582.3209	0.0000	1.0000	0.1558	0.2534
16hq03	1	26	1	0	2.0000	0.0000	1.0000	NaN	1.1234	1.7816	15.1062	418583.0091	418583.3114	1.0000	1.0000	0.4133	0.5105
16hq03	1	27	1	0	1.0000	0.0000	1.0000	0.3244	NaN	NaN	NaN	418585.6665	418586.0172	1.0000	1.0000	0.4115	0.4932
16hq03	1	27	1	0	2.0000	0.0000	1.0000	NaN	3.1387	3.6538	16.1028	418586.9452	418587.2480	1.0000	1.0000	0.2698	0.3659
16hq03	1	28	1	0	1.0000	0.0000	-1.0000	0.1143	NaN	NaN	NaN	418589.9086	418590.2655	0.0000	1.0000	0.3233	0.4039
16hq03	1	28	1	0	2.0000	0.0000	1.0000	NaN	0.9075	0.7850	14.2308	418591.1053	418591.4075	1.0000	1.0000	0.3506	0.4629
16hq03	1	29	1	0	1.0000	0.0000	-1.0000	0.1393	NaN	NaN	NaN	418593.8149	418594.1668	0.0000	1.0000	0.2780	0.3591
16hq03	1	29	1	0	2.0000	0.0000	1.0000	NaN	2.6037	3.6408	14.3335	418594.9600	418595.2632	1.0000	1.0000	0.3025	0.4314
16hq03	1	30	1	0	1.0000	0.0000	-1.0000	0.2707	NaN	NaN	NaN	418598.0893	418598.4443	0.0000	1.0000	0.3370	0.4172
16hq03	1	30	1	0	2.0000	0.0000	1.0000	NaN	0.7496	1.4994	14.3864	418599.2977	418599.5999	1.0000	1.0000	0.3818	0.5262
16hq03	1	31	1	0	1.0000	0.0000	-1.0000	0.5515	NaN	NaN	NaN	418602.3710	418602.7277	0.0000	1.0000	0.1502	0.2464
16hq03	1	31	1	0	2.0000	0.0000	1.0000	NaN	2.5803	2.5724	15.1268	418603.4090	418603.7118	1.0000	1.0000	0.2370	0.3346
16hq03	1	32	1	0	1.0000	0.0000	1.0000	0.4563	NaN	NaN	NaN	418606.2410	418606.5982	1.0000	1.0000	0.3107	0.4232
16hq03	1	32	1	0	2.0000	0.0000	1.0000	NaN	1.2331	0.6188	17.0336	418607.4563	418607.7585	1.0000	1.0000	0.2862	0.3999
16hq03	1	33	1	0	1.0000	0.0000	-1.0000	0.1043	NaN	NaN	NaN	418610.5530	418610.9043	0.0000	1.0000	0.2452	0.3411
16hq03	1	33	1	0	2.0000	0.0000	1.0000	NaN	1.5405	1.5901	16.3685	418611.6812	418611.9837	1.0000	1.0000	0.2380	0.3659
16hq03	1	34	1	0	1.0000	0.0000	-1.0000	0.0548	NaN	NaN	NaN	418614.2192	418614.6390	0.0000	1.0000	0.0617	0.1263
16hq03	1	34	1	0	2.0000	0.0000	1.0000	NaN	0.0577	0.7741	15.6087	418615.2113	418615.5166	1.0000	1.0000	0.4321	0.5767
16hq03	1	35	1	0	1.0000	0.0000	-1.0000	0.3605	NaN	NaN	NaN	418618.3684	418618.7889	0.0000	1.0000	0.1363	0.2176
16hq03	1	35	1	0	2.0000	0.0000	1.0000	NaN	1.4137	1.9147	15.6789	418619.4520	418619.7565	1.0000	1.0000	0.3043	0.4015
16hq03	1	36	1	0	1.0000	0.0000	1.0000	0.0646	NaN	NaN	NaN	418621.8832	418622.3002	0.0000	0.0000	0.0978	0.1623
16hq03	1	36	1	0	2.0000	0.0000	-1.0000	NaN	4.6578	-4.0770	15.5364	418622.9085	418623.2156	1.0000	0.0000	0.1577	0.2058
16hq03	1	37	1	0	1.0000	0.0000	-1.0000	0.4856	NaN	NaN	NaN	418625.5122	418625.9219	0.0000	1.0000	0.2358	0.3167
16hq03	1	37	1	0	2.0000	0.0000	1.0000	NaN	6.0275	6.1013	16.5481	418626.6839	418626.9883	1.0000	1.0000	0.2084	0.3217
16hq03	1	38	1	0	1.0000	0.0000	-1.0000	0.1424	NaN	NaN	NaN	418629.1094	418629.5217	0.0000	1.0000	0.3470	0.4128
16hq03	1	38	1	0	2.0000	0.0000	1.0000	NaN	3.0764	1.8074	16.2580	418630.3815	418630.6859	1.0000	1.0000	0.4156	0.4642
16hq03	1	39	1	0	1.0000	0.0000	1.0000	0.2881	NaN	NaN	NaN	418633.4005	418633.8215	1.0000	1.0000	0.5753	0.6727
16hq03	1	39	1	0	2.0000	0.0000	1.0000	NaN	5.9002	5.2034	15.1664	418634.9380	418635.2424	1.0000	1.0000	0.2583	0.3718
16hq03	1	40	1	0	1.0000	0.0000	1.0000	0.5695	NaN	NaN	NaN	418637.7368	418638.1595	0.0000	0.0000	0.2066	0.2867
16hq03	1	40	1	0	2.0000	0.0000	-1.0000	NaN	4.8345	-5.7260	14.7176	418638.8909	418639.1979	0.0000	1.0000	0.1601	0.2406
16hq03	1	41	1	0	1.0000	0.0000	1.0000	0.5199	NaN	NaN	NaN	418641.4635	418641.8744	1.0000	1.0000	0.2184	0.3149
16hq03	1	41	1	0	2.0000	0.0000	1.0000	NaN	4.0561	3.6929	14.1743	418642.6338	418642.9380	1.0000	1.0000	0.3074	0.4208
16hq03	1	42	1	0	1.0000	0.0000	-1.0000	0.0864	NaN	NaN	NaN	418645.3560	418645.7704	0.0000	1.0000	0.5464	0.5799
16hq03	1	42	1	0	2.0000	0.0000	1.0000	NaN	1.0032	1.1807	16.1024	418646.7860	418647.0882	1.0000	1.0000	0.3338	0.4303
16hq03	1	43	1	0	1.0000	0.0000	-1.0000	0.5405	NaN	NaN	NaN	418649.8132	418650.1640	0.0000	1.0000	0.2498	0.2980
16hq03	1	43	1	0	2.0000	0.0000	1.0000	NaN	1.3407	0.0268	14.4095	418650.8962	418651.1983	1.0000	1.0000	0.3676	0.4470
16hq03	1	44	1	0	1.0000	0.0000	-1.0000	0.5841	NaN	NaN	NaN	418653.9149	418654.2656	0.0000	1.0000	0.1806	0.2449
16hq03	1	44	1	0	2.0000	0.0000	1.0000	NaN	1.2325	3.4517	14.5500	418654.9457	418655.2480	1.0000	1.0000	0.1088	0.2705
16hq03	1	45	1	0	1.0000	0.0000	-1.0000	0.0717	NaN	NaN	NaN	418657.4629	418657.8136	0.0000	1.0000	1.2409	1.3047
16hq03	1	45	1	0	2.0000	0.0000	1.0000	NaN	6.3604	4.2399	15.2268	418659.5531	418659.8553	1.0000	1.0000	0.5095	0.6064
16hq03	1	46	1	0	1.0000	0.0000	1.0000	0.4379	NaN	NaN	NaN	418662.9091	418663.3196	1.0000	1.0000	0.1979	0.3108
16hq03	1	46	1	0	2.0000	0.0000	1.0000	NaN	0.4675	0.7573	14.5214	418664.0740	418664.3805	1.0000	1.0000	0.5127	0.6258
16hq03	1	47	1	0	1.0000	0.0000	-1.0000	0.0760	NaN	NaN	NaN	418666.9813	418667.4036	0.0000	1.0000	0.2417	0.3224
16hq03	1	47	1	0	2.0000	0.0000	1.0000	NaN	7.3659	7.0034	15.3739	418668.1712	418668.4783	1.0000	1.0000	0.4304	0.5922
16hq03	1	48	1	0	1.0000	0.0000	1.0000	0.4631	NaN	NaN	NaN	418671.2958	418671.7143	1.0000	1.0000	0.4278	0.5718
16hq03	1	48	1	0	2.0000	0.0000	1.0000	NaN	0.5981	0.4949	15.2707	418672.7309	418673.0353	1.0000	1.0000	0.4015	0.4989
16hq03	1	49	1	0	1.0000	0.0000	-1.0000	0.4543	NaN	NaN	NaN	418675.5321	418675.9293	0.0000	1.0000	0.2115	0.3250
16hq03	1	49	1	0	2.0000	0.0000	1.0000	NaN	1.3909	4.0832	14.3898	418676.6889	418676.9917	1.0000	1.0000	0.3181	0.4308
16hq03	1	50	1	0	1.0000	0.0000	-1.0000	0.0870	NaN	NaN	NaN	418679.3683	418679.7238	0.0000	1.0000	0.2089	0.3228
16hq03	1	50	1	0	2.0000	0.0000	1.0000	NaN	1.3940	0.3667	15.8830	418680.4818	418680.7841	1.0000	1.0000	0.2053	0.3505
16hq03	2	1	1	0	1.0000	0.0000	1.0000	0.2693	NaN	NaN	NaN	418689.2623	418689.6141	1.0000	1.0000	0.3360	0.4639
16hq03	2	1	1	0	2.0000	0.0000	1.0000	NaN	3.1879	4.8220	14.7897	418690.5133	418690.8155	1.0000	1.0000	0.3025	0.4150
16hq03	2	2	1	0	1.0000	0.0000	1.0000	0.2642	NaN	NaN	NaN	418692.9501	418693.3065	1.0000	1.0000	0.5628	0.6596
16hq03	2	2	1	0	2.0000	0.0000	1.0000	NaN	0.9137	1.0938	16.0307	418694.4024	418694.7047	1.0000	1.0000	0.2376	0.3977
16hq03	2	3	1	0	1.0000	0.0000	1.0000	0.4662	NaN	NaN	NaN	418697.3220	418697.6771	1.0000	1.0000	0.2397	0.3536
16hq03	2	3	1	0	2.0000	0.0000	1.0000	NaN	3.7849	3.3502	14.8819	418698.4663	418698.7685	1.0000	1.0000	0.1563	0.2700
16hq03	2	4	1	0	1.0000	0.0000	1.0000	0.0028	NaN	NaN	NaN	418700.7596	418701.1114	0.0000	0.0000	0.9494	1.0463
16hq03	2	4	1	0	2.0000	0.0000	-1.0000	NaN	5.7131	-5.5375	14.3801	418702.5934	418702.8955	0.0000	1.0000	0.4452	0.5262
16hq03	2	5	1	0	1.0000	0.0000	-1.0000	0.3984	NaN	NaN	NaN	418705.6428	418705.9945	0.0000	1.0000	0.3229	0.4351
16hq03	2	5	1	0	2.0000	0.0000	1.0000	NaN	3.2340	1.9265	13.0788	418706.8657	418707.1680	1.0000	1.0000	0.3339	0.4303
16hq03	2	6	1	0	1.0000	0.0000	1.0000	0.1441	NaN	NaN	NaN	418710.1209	418710.5110	1.0000	1.0000	0.6058	0.7352
16hq03	2	6	1	0	2.0000	0.0000	1.0000	NaN	6.7638	5.6382	14.7401	418711.6821	418711.9843	1.0000	1.0000	0.2862	0.3977
16hq03	2	7	1	0	1.0000	0.0000	-1.0000	0.2510	NaN	NaN	NaN	418714.7516	418715.1052	0.0000	1.0000	0.3653	0.4451
16hq03	2	7	1	0	2.0000	0.0000	1.0000	NaN	4.0393	5.5769	15.5260	418715.9844	418716.2866	1.0000	1.0000	0.1102	0.2399
16hq03	2	8	1	0	1.0000	0.0000	-1.0000	0.2908	NaN	NaN	NaN	418718.8211	418719.1760	0.0000	1.0000	0.5008	0.5825
16hq03	2	8	1	0	2.0000	0.0000	1.0000	NaN	1.2381	2.5876	14.4250	418720.1933	418720.4956	1.0000	1.0000	0.1413	0.2710
16hq03	2	9	1	0	1.0000	0.0000	-1.0000	0.5347	NaN	NaN	NaN	418722.8113	418723.1621	0.0000	1.0000	0.2280	0.3238
16hq03	2	9	1	0	2.0000	0.0000	1.0000	NaN	4.2368	5.9591	15.5090	418723.9208	418724.2244	1.0000	1.0000	0.1419	0.2861
16hq03	2	10	1	0	1.0000	0.0000	1.0000	0.4264	NaN	NaN	NaN	418726.3555	418726.7089	1.0000	1.0000	0.3604	0.5044
16hq03	2	10	1	0	2.0000	0.0000	1.0000	NaN	7.1415	7.6125	14.5876	418727.6489	418727.9511	1.0000	1.0000	0.3184	0.4476
16hq03	2	11	1	0	1.0000	0.0000	-1.0000	0.0660	NaN	NaN	NaN	418730.3933	418730.7451	1.0000	0.0000	1.0918	1.2212
16hq03	2	11	1	0	2.0000	0.0000	-1.0000	NaN	1.9026	-2.9163	15.5775	418732.4008	418732.7031	0.0000	1.0000	0.3183	0.4310
16hq03	2	12	1	0	1.0000	0.0000	-1.0000	0.0901	NaN	NaN	NaN	418735.2536	418735.6085	1.0000	0.0000	0.8687	1.0138
16hq03	2	12	1	0	2.0000	0.0000	-1.0000	NaN	5.7649	-5.7763	13.5874	418737.0576	418737.3598	0.0000	1.0000	0.3824	0.4788
16hq03	2	13	1	0	1.0000	0.0000	1.0000	0.5510	NaN	NaN	NaN	418739.6331	418739.9873	1.0000	1.0000	0.2349	0.3471
16hq03	2	13	1	0	2.0000	0.0000	1.0000	NaN	4.2768	5.8857	16.1994	418740.7691	418741.0721	1.0000	1.0000	0.1737	0.3347
16hq03	2	14	1	0	1.0000	0.0000	-1.0000	0.0071	NaN	NaN	NaN	418743.5763	418743.9278	1.0000	0.0000	0.6297	0.7589
16hq03	2	14	1	0	2.0000	0.0000	-1.0000	NaN	2.4855	-1.2855	14.6819	418745.1221	418745.4243	1.0000	0.0000	0.6692	0.7979
16hq03	2	15	1	0	1.0000	0.0000	1.0000	0.2894	NaN	NaN	NaN	418748.2401	418748.5923	1.0000	1.0000	0.3165	0.4462
16hq03	2	15	1	0	2.0000	0.0000	1.0000	NaN	5.6692	5.0473	15.1337	418749.4743	418749.7765	1.0000	1.0000	0.7328	0.8774
16hq03	2	16	1	0	1.0000	0.0000	1.0000	0.4279	NaN	NaN	NaN	418752.8741	418753.2254	1.0000	1.0000	0.3074	0.4372
16hq03	2	16	1	0	2.0000	0.0000	1.0000	NaN	3.8522	3.5255	13.9395	418754.0983	418754.4005	1.0000	1.0000	0.8603	0.9421
16hq03	2	17	1	0	1.0000	0.0000	-1.0000	0.0408	NaN	NaN	NaN	418757.6398	418758.0482	1.0000	0.0000	0.9098	1.0866
16hq03	2	17	1	0	2.0000	0.0000	-1.0000	NaN	2.3563	-1.8162	15.2333	418759.5780	418759.8820	0.0000	1.0000	0.6591	0.7724
16hq03	2	18	1	0	1.0000	0.0000	1.0000	0.4604	NaN	NaN	NaN	418762.3781	418762.7989	1.0000	1.0000	0.2071	0.3187
16hq03	2	18	1	0	2.0000	0.0000	1.0000	NaN	3.5889	3.0631	15.2943	418763.5619	418763.8668	1.0000	1.0000	0.8021	0.9476
16hq03	2	19	1	0	1.0000	0.0000	-1.0000	0.5480	NaN	NaN	NaN	418766.5389	418766.9614	0.0000	1.0000	0.1727	0.2841
16hq03	2	19	1	0	2.0000	0.0000	1.0000	NaN	3.1718	2.5723	14.3273	418767.6935	418767.9984	1.0000	1.0000	0.7521	0.9122
16hq03	2	20	1	0	1.0000	0.0000	-1.0000	0.2015	NaN	NaN	NaN	418770.9334	418771.3438	0.0000	1.0000	0.1900	0.3028
16hq03	2	20	1	0	2.0000	0.0000	1.0000	NaN	7.0160	6.3670	14.2379	418772.0814	418772.3836	1.0000	1.0000	0.2533	0.3818
16hq03	2	21	1	0	1.0000	0.0000	1.0000	0.4384	NaN	NaN	NaN	418775.2849	418775.6397	1.0000	1.0000	0.2616	0.3895
16hq03	2	21	1	0	2.0000	0.0000	1.0000	NaN	4.3203	3.1798	14.9221	418776.4642	418776.7664	1.0000	1.0000	0.3988	0.4950
16hq03	2	22	1	0	1.0000	0.0000	1.0000	0.4154	NaN	NaN	NaN	418779.4560	418779.8075	1.0000	1.0000	0.5253	0.6710
16hq03	2	22	1	0	2.0000	0.0000	1.0000	NaN	4.7077	6.9095	15.2494	418780.9137	418781.2159	1.0000	1.0000	0.2689	0.4144
16hq03	2	23	1	0	1.0000	0.0000	1.0000	0.1359	NaN	NaN	NaN	418783.6247	418783.9756	0.0000	0.0000	0.9668	1.0629
16hq03	2	23	1	0	2.0000	0.0000	-1.0000	NaN	4.7328	-6.6608	14.8259	418785.4732	418785.7754	1.0000	0.0000	0.6382	0.7348
16hq03	2	24	1	0	1.0000	0.0000	1.0000	0.0353	NaN	NaN	NaN	418788.6780	418789.0351	1.0000	1.0000	1.3304	1.4592
16hq03	2	24	1	0	2.0000	0.0000	1.0000	NaN	2.3284	0.2562	14.1270	418790.9296	418791.2318	1.0000	1.0000	0.5096	0.6228
16hq03	2	25	1	0	1.0000	0.0000	-1.0000	0.2087	NaN	NaN	NaN	418793.8243	418794.1753	0.0000	1.0000	0.3016	0.3991
16hq03	2	25	1	0	2.0000	0.0000	1.0000	NaN	6.1254	6.1799	14.5721	418795.0101	418795.3123	1.0000	1.0000	0.2206	0.3502
16hq03	2	26	1	0	1.0000	0.0000	-1.0000	0.0576	NaN	NaN	NaN	418797.9072	418798.2585	1.0000	0.0000	1.6903	1.7878
16hq03	2	26	1	0	2.0000	0.0000	-1.0000	NaN	6.0711	-4.6289	14.7778	418800.4809	418800.7831	1.0000	0.0000	0.7817	0.8952
16hq03	2	27	1	0	1.0000	0.0000	1.0000	0.1298	NaN	NaN	NaN	418803.7721	418804.1912	1.0000	1.0000	1.4062	1.5354
16hq03	2	27	1	0	2.0000	0.0000	1.0000	NaN	0.7800	1.0341	14.3660	418806.1738	418806.4783	1.0000	1.0000	0.9754	1.0723
16hq03	2	28	1	0	1.0000	0.0000	1.0000	0.4479	NaN	NaN	NaN	418809.8508	418810.2627	1.0000	1.0000	0.3435	0.4561
16hq03	2	28	1	0	2.0000	0.0000	1.0000	NaN	2.0350	1.9137	16.3086	418811.1628	418811.4673	1.0000	1.0000	0.4994	0.6112
16hq03	2	29	1	0	1.0000	0.0000	1.0000	0.5875	NaN	NaN	NaN	418814.2512	418814.6504	1.0000	1.0000	0.2760	0.4197
16hq03	2	29	1	0	2.0000	0.0000	1.0000	NaN	3.7927	4.8200	14.5332	418815.5050	418815.8072	1.0000	1.0000	0.1427	0.2554
16hq03	2	30	1	0	1.0000	0.0000	1.0000	0.0309	NaN	NaN	NaN	418818.0072	418818.3574	0.0000	0.0000	1.2081	1.3042
16hq03	2	30	1	0	2.0000	0.0000	-1.0000	NaN	6.8654	-7.8886	15.5163	418820.0966	418820.3987	0.0000	1.0000	0.4789	0.5914
16hq03	2	31	1	0	1.0000	0.0000	-1.0000	0.2902	NaN	NaN	NaN	418823.1848	418823.5386	0.0000	1.0000	0.6027	0.6837
16hq03	2	31	1	0	2.0000	0.0000	1.0000	NaN	4.6010	5.4075	14.3690	418824.6573	418824.9595	1.0000	1.0000	0.2389	0.3828
16hq03	2	32	1	0	1.0000	0.0000	1.0000	0.3263	NaN	NaN	NaN	418827.7868	418828.1384	1.0000	1.0000	0.4362	0.5479
16hq03	2	32	1	0	2.0000	0.0000	1.0000	NaN	6.7621	7.8796	14.2768	418829.1203	418829.4225	1.0000	1.0000	0.1744	0.3670
16hq03	2	33	1	0	1.0000	0.0000	1.0000	0.0061	NaN	NaN	NaN	418831.8852	418832.2382	0.0000	0.0000	1.4392	1.5192
16hq03	2	33	1	0	2.0000	0.0000	-1.0000	NaN	0.3572	-0.1224	14.0257	418834.1932	418834.4954	1.0000	0.0000	0.6695	0.8312
16hq03	2	34	1	0	1.0000	0.0000	-1.0000	0.3853	NaN	NaN	NaN	418837.1383	418837.4898	0.0000	1.0000	0.2670	0.3643
16hq03	2	34	1	0	2.0000	0.0000	1.0000	NaN	5.3947	4.8282	17.3099	418838.2886	418838.5909	1.0000	1.0000	0.7832	0.8948
16hq03	2	35	1	0	1.0000	0.0000	-1.0000	0.3880	NaN	NaN	NaN	418841.6554	418842.0063	0.0000	1.0000	0.2466	0.3445
16hq03	2	35	1	0	2.0000	0.0000	1.0000	NaN	5.5231	5.9098	14.0687	418842.7864	418843.0886	1.0000	1.0000	0.2373	0.3972
16hq03	2	36	1	0	1.0000	0.0000	-1.0000	0.0366	NaN	NaN	NaN	418845.5304	418845.8864	0.0000	1.0000	0.5119	0.5922
16hq03	2	36	1	0	2.0000	0.0000	1.0000	NaN	5.7519	7.6820	15.0452	418846.9133	418847.2156	1.0000	1.0000	0.2390	0.3825
16hq03	2	37	1	0	1.0000	0.0000	-1.0000	0.2645	NaN	NaN	NaN	418849.6678	418850.0774	0.0000	1.0000	0.1601	0.2731
16hq03	2	37	1	0	2.0000	0.0000	1.0000	NaN	4.7650	7.2388	13.9963	418850.7928	418851.0972	1.0000	1.0000	0.3085	0.4215
16hq03	2	38	1	0	1.0000	0.0000	1.0000	0.3831	NaN	NaN	NaN	418853.9663	418854.3898	1.0000	1.0000	0.2007	0.3437
16hq03	2	38	1	0	2.0000	0.0000	1.0000	NaN	3.5349	3.8138	15.1998	418855.1777	418855.4829	1.0000	1.0000	0.6580	0.8185
16hq03	2	39	1	0	1.0000	0.0000	1.0000	0.5546	NaN	NaN	NaN	418858.7003	418859.1103	1.0000	1.0000	0.2466	0.3603
16hq03	2	39	1	0	2.0000	0.0000	1.0000	NaN	7.2576	5.4225	15.3286	418859.9151	418860.2210	1.0000	1.0000	0.3679	0.5130
16hq03	2	40	1	0	1.0000	0.0000	-1.0000	0.0319	NaN	NaN	NaN	418862.7069	418863.1267	0.0000	1.0000	0.7910	0.8721
16hq03	2	40	1	0	2.0000	0.0000	1.0000	NaN	3.2567	2.8218	14.4840	418864.4417	418864.7461	1.0000	1.0000	0.2759	0.4360
16hq03	2	41	1	0	1.0000	0.0000	1.0000	0.2552	NaN	NaN	NaN	418866.9809	418867.3644	1.0000	1.0000	0.1381	0.2823
16hq03	2	41	1	0	2.0000	0.0000	1.0000	NaN	6.5452	6.3576	15.3445	418868.0817	418868.3841	1.0000	1.0000	0.1900	0.3187
16hq03	2	42	1	0	1.0000	0.0000	-1.0000	0.2734	NaN	NaN	NaN	418870.5724	418870.9243	0.0000	1.0000	0.2726	0.3863
16hq03	2	42	1	0	2.0000	0.0000	1.0000	NaN	7.2373	8.6895	14.8485	418871.7447	418872.0468	1.0000	1.0000	0.2548	0.3834
16hq03	2	43	1	0	1.0000	0.0000	-1.0000	0.3890	NaN	NaN	NaN	418874.4999	418874.8527	0.0000	1.0000	0.2326	0.3615
16hq03	2	43	1	0	2.0000	0.0000	1.0000	NaN	0.8092	0.8286	14.7841	418875.6519	418875.9541	1.0000	1.0000	0.3157	0.4441
16hq03	2	44	1	0	1.0000	0.0000	-1.0000	0.3890	NaN	NaN	NaN	418878.4927	418878.8470	0.0000	1.0000	0.2384	0.3677
16hq03	2	44	1	0	2.0000	0.0000	1.0000	NaN	1.2621	2.1984	15.2026	418879.6510	418879.9532	1.0000	1.0000	0.2208	0.3328
16hq03	2	45	1	0	1.0000	0.0000	1.0000	0.1860	NaN	NaN	NaN	418882.5055	418882.8569	1.0000	1.0000	0.5320	0.6606
16hq03	2	45	1	0	2.0000	0.0000	1.0000	NaN	1.2254	1.7723	15.9825	418883.9522	418884.2545	1.0000	1.0000	0.3984	0.5598
16hq03	2	46	1	0	1.0000	0.0000	1.0000	0.1402	NaN	NaN	NaN	418886.8590	418887.2133	1.0000	1.0000	0.8653	0.9132
16hq03	2	46	1	0	2.0000	0.0000	1.0000	NaN	0.8803	2.3847	14.2151	418888.5606	418888.8627	1.0000	1.0000	0.4789	0.5757
16hq03	2	47	1	0	1.0000	0.0000	-1.0000	0.0116	NaN	NaN	NaN	418891.4831	418891.8352	0.0000	1.0000	1.6017	1.6990
16hq03	2	47	1	0	2.0000	0.0000	1.0000	NaN	2.4393	1.4998	14.4467	418893.9690	418894.2712	1.0000	1.0000	0.3031	0.4315
16hq03	2	48	1	0	1.0000	0.0000	1.0000	0.4781	NaN	NaN	NaN	418896.9254	418897.3417	1.0000	1.0000	0.2077	0.3358
16hq03	2	48	1	0	2.0000	0.0000	1.0000	NaN	4.2520	2.8964	14.4153	418898.1215	418898.4259	1.0000	1.0000	0.3084	0.4204
16hq03	2	49	1	0	1.0000	0.0000	-1.0000	0.1223	NaN	NaN	NaN	418900.9440	418901.3587	0.0000	1.0000	1.5823	1.6949
16hq03	2	49	1	0	2.0000	0.0000	1.0000	NaN	0.6390	0.9343	15.3073	418903.5022	418903.8071	1.0000	1.0000	0.5579	0.6545
16hq03	2	50	1	0	1.0000	0.0000	1.0000	0.1328	NaN	NaN	NaN	418906.8594	418907.2745	1.0000	1.0000	0.2744	0.3556
16hq03	2	50	1	0	2.0000	0.0000	1.0000	NaN	5.5388	6.1468	14.9398	418908.0737	418908.3782	1.0000	1.0000	0.2427	0.3726
16hq03	3	1	1	0	1.0000	0.0000	-1.0000	0.0759	NaN	NaN	NaN	418912.7636	418913.1620	0.0000	1.0000	1.5075	1.6035
16hq03	3	1	1	0	2.0000	0.0000	1.0000	NaN	4.0516	3.6017	16.6275	418915.1998	418915.5021	1.0000	1.0000	0.5748	0.7205
16hq03	3	2	1	0	1.0000	0.0000	-1.0000	0.0999	NaN	NaN	NaN	418918.3922	418918.7494	0.0000	1.0000	1.8883	1.9692
16hq03	3	2	1	0	2.0000	0.0000	1.0000	NaN	1.4469	1.8272	14.1248	418921.1545	418921.4567	1.0000	1.0000	0.4602	0.5577
16hq03	3	3	1	0	1.0000	0.0000	-1.0000	0.2320	NaN	NaN	NaN	418924.0590	418924.4157	0.0000	1.0000	1.4702	1.5509
16hq03	3	3	1	0	2.0000	0.0000	1.0000	NaN	6.1295	6.5236	12.8170	418926.4014	418926.7037	1.0000	1.0000	0.2708	0.3990
16hq03	3	4	1	0	1.0000	0.0000	1.0000	0.2479	NaN	NaN	NaN	418929.1473	418929.5000	1.0000	1.0000	0.4815	0.6104
16hq03	3	4	1	0	2.0000	0.0000	1.0000	NaN	7.2477	6.6065	14.7927	418930.5459	418930.8480	1.0000	1.0000	0.3009	0.4145
16hq03	3	5	1	0	1.0000	0.0000	1.0000	0.5217	NaN	NaN	NaN	418933.7071	418934.0608	1.0000	1.0000	0.2736	0.3697
16hq03	3	5	1	0	2.0000	0.0000	1.0000	NaN	7.2909	9.7205	16.5210	418934.8653	418935.1674	1.0000	1.0000	0.3015	0.4465
16hq03	3	6	1	0	1.0000	0.0000	-1.0000	0.2503	NaN	NaN	NaN	418937.8086	418938.1650	0.0000	1.0000	0.6812	0.7934
16hq03	3	6	1	0	2.0000	0.0000	1.0000	NaN	6.7514	6.9482	14.6644	418939.3925	418939.6954	0.0000	0.0000	0.8471	0.9593
16hq03	3	7	1	0	1.0000	0.0000	1.0000	0.1547	NaN	NaN	NaN	418942.7940	418943.2061	1.0000	1.0000	1.5921	1.7050
16hq03	3	7	1	0	2.0000	0.0000	1.0000	NaN	4.3820	4.1883	15.6152	418945.3538	418945.6583	1.0000	1.0000	0.3080	0.4521
16hq03	3	8	1	0	1.0000	0.0000	-1.0000	0.1133	NaN	NaN	NaN	418948.0605	418948.4856	0.0000	1.0000	1.3674	1.4327
16hq03	3	8	1	0	2.0000	0.0000	1.0000	NaN	3.1574	2.1698	14.1074	418950.3664	418950.6709	1.0000	1.0000	0.7995	0.9272
16hq03	3	9	1	0	1.0000	0.0000	-1.0000	0.0424	NaN	NaN	NaN	418953.5706	418953.9888	1.0000	0.0000	1.4161	1.5456
16hq03	3	9	1	0	2.0000	0.0000	-1.0000	NaN	3.8459	-3.0367	15.3926	418955.9826	418956.2870	0.0000	1.0000	0.5755	0.6558
16hq03	3	10	1	0	1.0000	0.0000	1.0000	0.4009	NaN	NaN	NaN	418959.3180	418959.7386	1.0000	1.0000	0.3063	0.3879
16hq03	3	10	1	0	2.0000	0.0000	1.0000	NaN	3.4538	4.2571	15.0611	418960.5694	418960.8740	1.0000	1.0000	0.3885	0.4843
16hq03	3	11	1	0	1.0000	0.0000	1.0000	0.1408	NaN	NaN	NaN	418963.5835	418964.0050	1.0000	1.0000	1.2880	1.3847
16hq03	3	11	1	0	2.0000	0.0000	1.0000	NaN	3.3829	4.0727	15.5211	418965.8348	418966.1392	1.0000	1.0000	0.3714	0.5147
16hq03	3	12	1	0	1.0000	0.0000	1.0000	0.5069	NaN	NaN	NaN	418968.8017	418969.2214	1.0000	1.0000	0.7283	0.8406
16hq03	3	12	1	0	2.0000	0.0000	1.0000	NaN	2.5648	3.0141	15.0465	418970.5076	418970.8146	1.0000	1.0000	0.3030	0.4000
16hq03	3	13	1	0	1.0000	0.0000	-1.0000	0.0480	NaN	NaN	NaN	418972.9372	418973.3312	1.0000	0.0000	0.8104	0.9232
16hq03	3	13	1	0	2.0000	0.0000	-1.0000	NaN	5.7303	-6.9829	14.4568	418974.6891	418974.9913	1.0000	0.0000	0.3675	0.4954
16hq03	3	14	1	0	1.0000	0.0000	-1.0000	0.4420	NaN	NaN	NaN	418977.6519	418978.0091	0.0000	1.0000	0.2450	0.3569
16hq03	3	14	1	0	2.0000	0.0000	1.0000	NaN	1.3931	1.5652	14.8775	418978.8021	418979.1043	1.0000	1.0000	0.2211	0.3179
16hq03	3	15	1	0	1.0000	0.0000	-1.0000	0.3246	NaN	NaN	NaN	418981.4917	418981.8462	0.0000	1.0000	0.3120	0.4086
16hq03	3	15	1	0	2.0000	0.0000	1.0000	NaN	7.0593	8.3566	14.6522	418982.6894	418982.9917	1.0000	1.0000	0.2373	0.3988
16hq03	3	16	1	0	1.0000	0.0000	1.0000	0.5376	NaN	NaN	NaN	418985.3613	418985.7139	0.0000	0.0000	1.1315	1.2123
16hq03	3	16	1	0	2.0000	0.0000	-1.0000	NaN	0.9362	-0.8189	15.5290	418987.3616	418987.6638	1.0000	0.0000	0.6377	0.7985
16hq03	3	17	1	0	1.0000	0.0000	1.0000	0.2672	NaN	NaN	NaN	418990.2026	418990.6203	0.0000	0.0000	1.6807	1.7940
16hq03	3	17	1	0	2.0000	0.0000	-1.0000	NaN	3.3820	-2.0543	14.6494	418992.8577	418993.1641	0.0000	1.0000	0.6418	0.7535
16hq03	3	18	1	0	1.0000	0.0000	1.0000	0.4582	NaN	NaN	NaN	418996.3655	418996.7518	1.0000	1.0000	0.5256	0.6537
16hq03	3	18	1	0	2.0000	0.0000	1.0000	NaN	6.8776	9.6075	16.8851	418997.8402	418998.1436	1.0000	1.0000	0.3334	0.4632
16hq03	3	19	1	0	1.0000	0.0000	-1.0000	0.4691	NaN	NaN	NaN	419000.4026	419000.7577	0.0000	1.0000	0.3283	0.4090
16hq03	3	19	1	0	2.0000	0.0000	1.0000	NaN	6.9989	9.2359	15.0420	419001.6022	419001.9044	1.0000	1.0000	0.1901	0.3658
16hq03	3	20	1	0	1.0000	0.0000	1.0000	0.0305	NaN	NaN	NaN	419004.2897	419004.6450	0.0000	0.0000	1.0480	1.1605
16hq03	3	20	1	0	2.0000	0.0000	-1.0000	NaN	0.5374	-2.7974	15.2404	419006.2403	419006.5438	0.0000	1.0000	0.3652	0.4786
16hq03	3	21	1	0	1.0000	0.0000	1.0000	0.1089	NaN	NaN	NaN	419009.0681	419009.4241	1.0000	1.0000	0.4946	0.6386
16hq03	3	21	1	0	2.0000	0.0000	1.0000	NaN	2.7167	3.3126	14.3762	419010.4967	419010.7989	1.0000	1.0000	0.4158	0.5279
16hq03	3	22	1	0	1.0000	0.0000	1.0000	0.4335	NaN	NaN	NaN	419013.5964	419013.9473	1.0000	1.0000	0.3386	0.4995
16hq03	3	22	1	0	2.0000	0.0000	1.0000	NaN	3.6023	4.3702	14.3571	419014.8823	419015.1846	1.0000	1.0000	0.3501	0.4931
16hq03	3	23	1	0	1.0000	0.0000	1.0000	0.5775	NaN	NaN	NaN	419017.3972	419017.7472	1.0000	1.0000	0.4418	0.5556
16hq03	3	23	1	0	2.0000	0.0000	1.0000	NaN	4.7848	4.8864	15.0508	419018.7375	419019.0397	1.0000	1.0000	0.3505	0.4951
16hq03	3	24	1	0	1.0000	0.0000	-1.0000	0.5696	NaN	NaN	NaN	419021.8044	419022.1609	0.0000	1.0000	0.2536	0.3659
16hq03	3	24	1	0	2.0000	0.0000	1.0000	NaN	2.5095	1.1464	15.6990	419022.9614	419023.2636	1.0000	1.0000	0.0306	0.1585
16hq03	3	25	1	0	1.0000	0.0000	-1.0000	0.0886	NaN	NaN	NaN	419025.4681	419025.8231	0.0000	1.0000	1.0860	1.1832
16hq03	3	25	1	0	2.0000	0.0000	1.0000	NaN	1.8985	1.6045	15.4542	419027.4421	419027.7444	1.0000	1.0000	0.4611	0.6060
16hq03	3	26	1	0	1.0000	0.0000	1.0000	0.1509	NaN	NaN	NaN	419030.5449	419030.8969	0.0000	0.0000	0.9093	1.0217
16hq03	3	26	1	0	2.0000	0.0000	-1.0000	NaN	6.0034	-5.9552	16.8585	419032.3525	419032.6547	0.0000	1.0000	0.4469	0.5590
16hq03	3	27	1	0	1.0000	0.0000	-1.0000	0.5866	NaN	NaN	NaN	419035.2135	419035.6190	0.0000	1.0000	0.1540	0.2672
16hq03	3	27	1	0	2.0000	0.0000	1.0000	NaN	3.9811	2.2779	14.6159	419036.3313	419036.6354	1.0000	1.0000	0.0187	0.1789
16hq03	3	28	1	0	1.0000	0.0000	-1.0000	0.1351	NaN	NaN	NaN	419039.3365	419039.7394	0.0000	1.0000	0.3067	0.4032
16hq03	3	28	1	0	2.0000	0.0000	1.0000	NaN	3.2122	2.2086	14.5055	419040.5773	419040.8796	1.0000	1.0000	0.3335	0.4951
16hq03	3	29	1	0	1.0000	0.0000	1.0000	0.5288	NaN	NaN	NaN	419043.7442	419044.0963	1.0000	1.0000	0.2059	0.3503
16hq03	3	29	1	0	2.0000	0.0000	1.0000	NaN	2.4637	2.6753	14.9264	419044.8822	419045.1845	1.0000	1.0000	0.3170	0.4464
16hq03	3	30	1	0	1.0000	0.0000	1.0000	0.5863	NaN	NaN	NaN	419047.6005	419047.9554	1.0000	1.0000	0.2336	0.3793
16hq03	3	30	1	0	2.0000	0.0000	1.0000	NaN	1.2565	1.0338	14.9338	419048.7694	419049.0717	0.0000	0.0000	1.0699	1.1832
16hq03	3	31	1	0	1.0000	0.0000	1.0000	0.1113	NaN	NaN	NaN	419052.7459	419053.0985	1.0000	1.0000	0.7240	0.8523
16hq03	3	31	1	0	2.0000	0.0000	1.0000	NaN	1.9624	1.5526	13.1336	419054.3847	419054.6869	1.0000	1.0000	0.3516	0.4957
16hq03	3	32	1	0	1.0000	0.0000	1.0000	0.3884	NaN	NaN	NaN	419057.6273	419057.9785	1.0000	1.0000	0.3876	0.5164
16hq03	3	32	1	0	2.0000	0.0000	1.0000	NaN	3.0052	1.8900	14.0140	419058.9308	419059.2330	1.0000	1.0000	0.7176	0.8615
16hq03	3	33	1	0	1.0000	0.0000	1.0000	0.0965	NaN	NaN	NaN	419062.0149	419062.3716	1.0000	1.0000	1.5614	1.6420
16hq03	3	33	1	0	2.0000	0.0000	1.0000	NaN	0.8773	0.4613	13.5316	419064.4495	419064.7517	1.0000	1.0000	0.6853	0.8471
16hq03	3	34	1	0	1.0000	0.0000	1.0000	0.4481	NaN	NaN	NaN	419067.7434	419068.0951	1.0000	1.0000	0.3505	0.4633
16hq03	3	34	1	0	2.0000	0.0000	1.0000	NaN	2.7824	1.9018	15.2098	419068.9933	419069.2954	1.0000	1.0000	0.3508	0.4795
16hq03	3	35	1	0	1.0000	0.0000	1.0000	0.0771	NaN	NaN	NaN	419071.7193	419072.0752	1.0000	1.0000	1.5551	1.6991
16hq03	3	35	1	0	2.0000	0.0000	1.0000	NaN	4.1937	5.0693	15.7568	419074.2090	419074.5112	1.0000	1.0000	0.3498	0.4797
16hq03	3	36	1	0	1.0000	0.0000	-1.0000	0.2627	NaN	NaN	NaN	419077.1855	419077.5415	0.0000	1.0000	0.2316	0.3612
16hq03	3	36	1	0	2.0000	0.0000	1.0000	NaN	0.7863	2.0424	15.0633	419078.3367	419078.6401	1.0000	1.0000	0.0300	0.1427
16hq03	3	37	1	0	1.0000	0.0000	1.0000	0.3923	NaN	NaN	NaN	419081.1775	419081.5591	1.0000	1.0000	0.2147	0.3597
16hq03	3	37	1	0	2.0000	0.0000	1.0000	NaN	5.3802	4.0432	15.0440	419082.3535	419082.6567	1.0000	1.0000	0.3968	0.5415
16hq03	3	38	1	0	1.0000	0.0000	1.0000	0.0595	NaN	NaN	NaN	419085.0678	419085.4245	0.0000	0.0000	0.5892	0.6703
16hq03	3	38	1	0	2.0000	0.0000	-1.0000	NaN	1.3132	-0.5777	13.4930	419086.5328	419086.8351	0.0000	1.0000	0.3144	0.4111
16hq03	3	39	1	0	1.0000	0.0000	1.0000	0.1095	NaN	NaN	NaN	419089.5406	419089.8921	0.0000	0.0000	1.4170	1.5145
16hq03	3	39	1	0	2.0000	0.0000	-1.0000	NaN	1.5632	-0.7851	14.7181	419091.8413	419092.1435	1.0000	0.0000	0.6699	0.7501
16hq03	3	40	1	0	1.0000	0.0000	1.0000	0.4126	NaN	NaN	NaN	419095.2090	419095.5604	1.0000	1.0000	0.4046	0.5504
16hq03	3	40	1	0	2.0000	0.0000	1.0000	NaN	3.6798	2.0619	15.2423	419096.5460	419096.8482	1.0000	1.0000	0.0623	0.1907
16hq03	3	41	1	0	1.0000	0.0000	-1.0000	0.4738	NaN	NaN	NaN	419099.4084	419099.7602	0.0000	1.0000	0.2693	0.3664
16hq03	3	41	1	0	2.0000	0.0000	1.0000	NaN	6.9525	6.2651	15.3815	419100.5628	419100.8651	1.0000	1.0000	0.2535	0.3963
16hq03	3	42	1	0	1.0000	0.0000	1.0000	0.1964	NaN	NaN	NaN	419103.4317	419103.7860	0.0000	0.0000	0.5150	0.6127
16hq03	3	42	1	0	2.0000	0.0000	-1.0000	NaN	6.6242	-9.5079	14.1575	419104.8334	419105.1356	0.0000	1.0000	0.3348	0.4471
16hq03	3	43	1	0	1.0000	0.0000	-1.0000	0.5300	NaN	NaN	NaN	419107.7523	419108.1065	0.0000	1.0000	0.2105	0.3229
16hq03	3	43	1	0	2.0000	0.0000	1.0000	NaN	5.1846	5.0527	14.9966	419108.8641	419109.1663	1.0000	1.0000	0.0324	0.1592
16hq03	3	44	1	0	1.0000	0.0000	-1.0000	0.1990	NaN	NaN	NaN	419111.6951	419112.0523	0.0000	1.0000	0.6017	0.6973
16hq03	3	44	1	0	2.0000	0.0000	1.0000	NaN	5.0114	7.0319	15.9259	419113.1845	419113.4878	1.0000	1.0000	0.1092	0.2710
16hq03	3	45	1	0	1.0000	0.0000	-1.0000	0.2366	NaN	NaN	NaN	419116.2783	419116.6354	0.0000	1.0000	0.2105	0.3061
16hq03	3	45	1	0	2.0000	0.0000	1.0000	NaN	0.9874	0.2485	15.5699	419117.3756	419117.6778	1.0000	1.0000	0.3203	0.4319
16hq03	3	46	1	0	1.0000	0.0000	1.0000	0.1556	NaN	NaN	NaN	419120.1542	419120.5072	1.0000	1.0000	0.4181	0.5793
16hq03	3	46	1	0	2.0000	0.0000	1.0000	NaN	0.3277	1.6943	15.0386	419121.5223	419121.8246	0.0000	0.0000	0.9405	1.0699
16hq03	3	47	1	0	1.0000	0.0000	-1.0000	0.3046	NaN	NaN	NaN	419125.4601	419125.8121	0.0000	1.0000	0.2170	0.3461
16hq03	3	47	1	0	2.0000	0.0000	1.0000	NaN	2.9624	1.2892	16.9384	419126.5938	419126.8960	1.0000	1.0000	0.9096	1.0227
16hq03	3	48	1	0	1.0000	0.0000	1.0000	0.0091	NaN	NaN	NaN	419129.8636	419130.2791	1.0000	1.0000	0.7100	0.9036
16hq03	3	48	1	0	2.0000	0.0000	1.0000	NaN	0.3172	0.5219	15.2662	419131.6282	419131.9323	1.0000	1.0000	0.4008	0.5142
16hq03	3	49	1	0	1.0000	0.0000	-1.0000	0.2171	NaN	NaN	NaN	419134.4205	419134.8435	0.0000	1.0000	0.3219	0.4354
16hq03	3	49	1	0	2.0000	0.0000	1.0000	NaN	5.6290	7.8689	14.3036	419135.7246	419136.0291	1.0000	1.0000	0.1924	0.3535
16hq03	3	50	1	0	1.0000	0.0000	-1.0000	0.3552	NaN	NaN	NaN	419138.1827	419138.5842	0.0000	1.0000	0.2454	0.3423
16hq03	3	50	1	0	2.0000	0.0000	1.0000	NaN	3.4720	3.3427	15.9236	419139.3621	419139.6643	1.0000	1.0000	0.1904	0.3186
16hq03	4	1	1	0	1.0000	0.0000	1.0000	0.1882	NaN	NaN	NaN	419168.4085	419168.7595	1.0000	1.0000	0.5497	0.6791
16hq03	4	1	1	0	2.0000	0.0000	1.0000	NaN	7.0056	6.7231	13.2807	419169.8733	419170.1755	1.0000	1.0000	0.1906	0.3033
16hq03	4	2	1	0	1.0000	0.0000	-1.0000	0.2519	NaN	NaN	NaN	419172.6483	419173.0031	0.0000	1.0000	0.2105	0.3387
16hq03	4	2	1	0	2.0000	0.0000	1.0000	NaN	3.3982	1.6429	15.5102	419173.7773	419174.0795	1.0000	1.0000	0.0310	0.1429
16hq03	4	3	1	0	1.0000	0.0000	-1.0000	0.2612	NaN	NaN	NaN	419176.8965	419177.2825	0.0000	1.0000	0.1882	0.3001
16hq03	4	3	1	0	2.0000	0.0000	1.0000	NaN	3.8864	3.6484	15.3286	419178.0185	419178.3207	1.0000	1.0000	0.0934	0.2061
16hq03	4	4	1	0	1.0000	0.0000	-1.0000	0.2904	NaN	NaN	NaN	419180.5964	419180.9529	0.0000	1.0000	0.1642	0.2939
16hq03	4	4	1	0	2.0000	0.0000	1.0000	NaN	2.4899	1.8405	15.1396	419181.6806	419181.9835	1.0000	1.0000	0.0302	0.1272
16hq03	4	5	1	0	1.0000	0.0000	1.0000	0.2676	NaN	NaN	NaN	419184.5553	419184.9060	1.0000	1.0000	0.3403	0.4365
16hq03	4	5	1	0	2.0000	0.0000	1.0000	NaN	4.0329	4.1289	14.8834	419185.7773	419186.0795	1.0000	1.0000	0.0456	0.1594
16hq03	4	6	1	0	1.0000	0.0000	-1.0000	0.4110	NaN	NaN	NaN	419188.2585	419188.6151	0.0000	1.0000	0.1349	0.2157
16hq03	4	6	1	0	2.0000	0.0000	1.0000	NaN	4.1041	1.6639	16.3619	419189.2659	419189.5682	1.0000	1.0000	0.0610	0.1906
16hq03	4	7	1	0	1.0000	0.0000	-1.0000	0.3985	NaN	NaN	NaN	419191.7284	419192.0815	0.0000	1.0000	0.1401	0.2530
16hq03	4	7	1	0	2.0000	0.0000	1.0000	NaN	5.4650	6.2300	14.6750	419192.7690	419193.0712	1.0000	1.0000	0.0634	0.2398
16hq03	4	8	1	0	1.0000	0.0000	1.0000	0.3582	NaN	NaN	NaN	419195.1806	419195.5355	1.0000	1.0000	0.1900	0.3194
16hq03	4	8	1	0	2.0000	0.0000	1.0000	NaN	3.8788	3.3362	14.9398	419196.2907	419196.5930	1.0000	1.0000	0.4127	0.5257
16hq03	4	9	1	0	1.0000	0.0000	1.0000	0.0487	NaN	NaN	NaN	419199.4381	419199.7884	0.0000	0.0000	0.1931	0.2902
16hq03	4	9	1	0	2.0000	0.0000	-1.0000	NaN	0.7794	-0.5617	14.3643	419200.5127	419200.8154	1.0000	0.0000	0.0304	0.1754
16hq03	4	10	1	0	1.0000	0.0000	-1.0000	0.3003	NaN	NaN	NaN	419203.0084	419203.3641	0.0000	1.0000	0.1537	0.2186
16hq03	4	10	1	0	2.0000	0.0000	1.0000	NaN	5.1540	6.8358	14.0015	419204.0184	419204.3206	1.0000	1.0000	4.2378	4.3818
16hq03	4	11	1	0	1.0000	0.0000	1.0000	0.1733	NaN	NaN	NaN	419210.9719	419211.3309	1.0000	1.0000	0.3475	0.4436
16hq03	4	11	1	0	2.0000	0.0000	1.0000	NaN	3.1824	4.5771	15.2706	419212.2092	419212.5115	1.0000	1.0000	0.3816	0.5115
16hq03	4	12	1	0	1.0000	0.0000	-1.0000	0.1061	NaN	NaN	NaN	419215.1928	419215.5470	0.0000	1.0000	0.7706	0.8827
16hq03	4	12	1	0	2.0000	0.0000	1.0000	NaN	3.1178	4.3036	15.4430	419216.8651	419217.1673	1.0000	1.0000	0.3195	0.4637
16hq03	4	13	1	0	1.0000	0.0000	1.0000	0.1156	NaN	NaN	NaN	419219.7006	419220.0522	0.0000	0.0000	0.6969	0.8105
16hq03	4	13	1	0	2.0000	0.0000	-1.0000	NaN	1.6656	-0.2329	14.0019	419221.2977	419221.6000	1.0000	0.0000	0.4140	0.5589
16hq03	4	14	1	0	1.0000	0.0000	1.0000	0.5111	NaN	NaN	NaN	419224.2528	419224.6586	1.0000	1.0000	0.4119	0.5722
16hq03	4	14	1	0	2.0000	0.0000	1.0000	NaN	3.5746	4.5138	16.4822	419225.6712	419225.9751	1.0000	1.0000	0.2460	0.3917
16hq03	4	15	1	0	1.0000	0.0000	1.0000	0.2064	NaN	NaN	NaN	419228.4646	419228.8885	1.0000	1.0000	0.1966	0.3422
16hq03	4	15	1	0	2.0000	0.0000	1.0000	NaN	1.1059	0.3057	16.0636	419229.6753	419229.9806	1.0000	1.0000	0.2726	0.4659
16hq03	4	16	1	0	1.0000	0.0000	-1.0000	0.0797	NaN	NaN	NaN	419232.4214	419232.8417	0.0000	1.0000	0.3074	0.4209
16hq03	4	16	1	0	2.0000	0.0000	1.0000	NaN	0.7269	0.2915	15.2328	419233.7051	419234.0097	1.0000	1.0000	0.3234	0.5011
16hq03	4	17	1	0	1.0000	0.0000	-1.0000	0.0666	NaN	NaN	NaN	419236.4334	419236.8530	0.0000	1.0000	0.5207	0.6496
16hq03	4	17	1	0	2.0000	0.0000	1.0000	NaN	5.7833	4.8088	13.9622	419237.9463	419238.2523	1.0000	1.0000	0.4488	0.5783
16hq03	4	18	1	0	1.0000	0.0000	1.0000	0.4720	NaN	NaN	NaN	419240.8540	419241.2626	1.0000	1.0000	0.1905	0.2883
16hq03	4	18	1	0	2.0000	0.0000	1.0000	NaN	1.3777	1.4696	15.6362	419241.9856	419242.2878	1.0000	1.0000	0.0304	0.1433
16hq03	4	19	1	0	1.0000	0.0000	1.0000	0.1140	NaN	NaN	NaN	419244.5257	419244.8789	1.0000	1.0000	1.4863	1.5842
16hq03	4	19	1	0	2.0000	0.0000	1.0000	NaN	1.0239	2.1493	14.7828	419246.8984	419247.2006	1.0000	1.0000	0.2526	0.3500
16hq03	4	20	1	0	1.0000	0.0000	-1.0000	0.0354	NaN	NaN	NaN	419249.7951	419250.1497	0.0000	1.0000	0.7275	0.8251
16hq03	4	20	1	0	2.0000	0.0000	1.0000	NaN	5.0279	4.3167	14.5824	419251.4093	419251.7116	1.0000	1.0000	0.5422	0.6862
16hq03	4	21	1	0	1.0000	0.0000	1.0000	0.3844	NaN	NaN	NaN	419254.5673	419254.9190	1.0000	1.0000	0.2149	0.3439
16hq03	4	21	1	0	2.0000	0.0000	1.0000	NaN	5.0061	4.7347	15.4804	419255.6989	419256.0010	1.0000	1.0000	0.1897	0.3501
16hq03	4	22	1	0	1.0000	0.0000	-1.0000	0.2524	NaN	NaN	NaN	419258.8706	419259.2285	0.0000	1.0000	0.3220	0.4503
16hq03	4	22	1	0	2.0000	0.0000	1.0000	NaN	2.3056	0.4484	14.3073	419260.1149	419260.4170	1.0000	1.0000	0.3001	0.4299
16hq03	4	23	1	0	1.0000	0.0000	-1.0000	0.5312	NaN	NaN	NaN	419262.7664	419263.1168	0.0000	1.0000	0.1123	0.2257
16hq03	4	23	1	0	2.0000	0.0000	1.0000	NaN	0.5268	1.8193	14.5106	419263.7796	419264.0818	1.0000	1.0000	0.3153	0.4609
16hq03	4	24	1	0	1.0000	0.0000	-1.0000	0.3608	NaN	NaN	NaN	419266.5887	419266.9447	0.0000	1.0000	0.1420	0.2382
16hq03	4	24	1	0	2.0000	0.0000	1.0000	NaN	5.4650	5.0437	14.5719	419267.6178	419267.9200	1.0000	1.0000	0.2544	0.4623
16hq03	4	25	1	0	1.0000	0.0000	1.0000	0.0935	NaN	NaN	NaN	419270.9019	419271.3231	1.0000	1.0000	0.4661	0.6272
16hq03	4	25	1	0	2.0000	0.0000	1.0000	NaN	7.1558	8.9033	15.9078	419272.3947	419272.7006	1.0000	1.0000	0.2100	0.4015
16hq03	4	26	1	0	1.0000	0.0000	1.0000	0.5830	NaN	NaN	NaN	419275.4277	419275.8567	1.0000	1.0000	0.1735	0.3173
16hq03	4	26	1	0	2.0000	0.0000	1.0000	NaN	5.6698	6.8543	15.5158	419276.6197	419276.9246	1.0000	1.0000	0.2100	0.4025
16hq03	4	27	1	0	1.0000	0.0000	1.0000	0.0543	NaN	NaN	NaN	419279.3775	419279.8013	1.0000	1.0000	0.6285	0.7736
16hq03	4	27	1	0	2.0000	0.0000	1.0000	NaN	2.9882	3.5476	14.8920	419281.0191	419281.3236	1.0000	1.0000	0.2261	0.4353
16hq03	4	28	1	0	1.0000	0.0000	1.0000	0.2810	NaN	NaN	NaN	419283.6343	419284.0558	1.0000	1.0000	0.1660	0.2787
16hq03	4	28	1	0	2.0000	0.0000	1.0000	NaN	1.1260	4.0736	15.0332	419284.7778	419285.0833	1.0000	1.0000	0.0498	0.2433
16hq03	4	29	1	0	1.0000	0.0000	-1.0000	0.0716	NaN	NaN	NaN	419287.7767	419288.1889	0.0000	1.0000	1.5375	1.6337
16hq03	4	29	1	0	2.0000	0.0000	1.0000	NaN	4.3462	4.3549	15.1691	419290.2684	419290.5729	1.0000	1.0000	0.1442	0.2899
16hq03	4	30	1	0	1.0000	0.0000	-1.0000	0.1976	NaN	NaN	NaN	419293.0110	419293.4221	0.0000	1.0000	0.2071	0.3213
16hq03	4	30	1	0	2.0000	0.0000	1.0000	NaN	3.4435	2.6711	14.9966	419294.1859	419294.4903	1.0000	1.0000	0.1798	0.3722
16hq03	4	31	1	0	1.0000	0.0000	1.0000	0.3620	NaN	NaN	NaN	419296.7350	419297.1552	1.0000	1.0000	0.5550	0.6997
16hq03	4	31	1	0	2.0000	0.0000	1.0000	NaN	4.5538	2.0122	15.0626	419298.2896	419298.5919	1.0000	1.0000	0.2702	0.4310
16hq03	4	32	1	0	1.0000	0.0000	-1.0000	0.4281	NaN	NaN	NaN	419301.0423	419301.3971	0.0000	1.0000	0.1361	0.2655
16hq03	4	32	1	0	2.0000	0.0000	1.0000	NaN	0.7871	1.1332	15.9635	419302.0988	419302.4010	1.0000	1.0000	0.3808	0.5735
16hq03	4	33	1	0	1.0000	0.0000	1.0000	0.4143	NaN	NaN	NaN	419304.9951	419305.3480	0.0000	0.0000	0.1537	0.2509
16hq03	4	33	1	0	2.0000	0.0000	-1.0000	NaN	4.9141	-5.5295	14.8333	419306.0343	419306.3366	0.0000	1.0000	0.2534	0.3825
16hq03	4	34	1	0	1.0000	0.0000	-1.0000	0.4754	NaN	NaN	NaN	419308.6387	419308.9924	0.0000	1.0000	0.0928	0.1902
16hq03	4	34	1	0	2.0000	0.0000	1.0000	NaN	0.2154	1.1664	14.8196	419309.6206	419309.9228	1.0000	1.0000	0.4264	0.5711
16hq03	4	35	1	0	1.0000	0.0000	-1.0000	0.1770	NaN	NaN	NaN	419312.8884	419313.2423	0.0000	1.0000	0.1635	0.2766
16hq03	4	35	1	0	2.0000	0.0000	1.0000	NaN	0.3417	0.0640	14.8925	419313.9538	419314.2561	1.0000	1.0000	0.0611	0.1907
16hq03	4	36	1	0	1.0000	0.0000	1.0000	0.4230	NaN	NaN	NaN	419316.2413	419316.6542	1.0000	1.0000	0.1605	0.2720
16hq03	4	36	1	0	2.0000	0.0000	1.0000	NaN	3.6898	4.1815	15.2732	419317.3685	419317.6729	1.0000	1.0000	0.0061	0.1178
16hq03	4	37	1	0	1.0000	0.0000	-1.0000	0.4494	NaN	NaN	NaN	419319.6661	419320.0754	0.0000	1.0000	0.0030	0.1155
16hq03	4	37	1	0	2.0000	0.0000	1.0000	NaN	5.5570	5.8850	14.5322	419320.6259	419320.9283	1.0000	1.0000	0.0289	0.2063
16hq03	4	38	1	0	1.0000	0.0000	1.0000	0.3824	NaN	NaN	NaN	419323.2042	419323.5583	1.0000	1.0000	0.6954	0.8244
16hq03	4	38	1	0	2.0000	0.0000	1.0000	NaN	2.7913	2.4504	15.2540	419324.8184	419325.1206	1.0000	1.0000	0.2685	0.4459
16hq03	4	39	1	0	1.0000	0.0000	-1.0000	0.3582	NaN	NaN	NaN	419327.4121	419327.7636	0.0000	1.0000	0.1056	0.2354
16hq03	4	39	1	0	2.0000	0.0000	1.0000	NaN	7.1103	6.3292	13.0579	419328.4349	419328.7370	1.0000	1.0000	0.3179	0.4777
16hq03	4	40	1	0	1.0000	0.0000	-1.0000	0.5078	NaN	NaN	NaN	419331.1355	419331.4915	0.0000	1.0000	0.0754	0.2183
16hq03	4	40	1	0	2.0000	0.0000	1.0000	NaN	4.7536	3.2870	14.3682	419332.1454	419332.4476	1.0000	1.0000	0.0936	0.2553
16hq03	4	41	1	0	1.0000	0.0000	1.0000	0.3233	NaN	NaN	NaN	419334.7475	419335.0985	1.0000	1.0000	0.1483	0.3240
16hq03	4	41	1	0	2.0000	0.0000	1.0000	NaN	4.7724	5.1605	16.1327	419335.8563	419336.1592	1.0000	1.0000	0.1751	0.3353
16hq03	4	42	1	0	1.0000	0.0000	1.0000	0.1221	NaN	NaN	NaN	419338.8140	419339.1649	1.0000	1.0000	0.7364	0.8969
16hq03	4	42	1	0	2.0000	0.0000	1.0000	NaN	2.8626	2.7261	13.7450	419340.4966	419340.7987	1.0000	1.0000	0.1589	0.3043
16hq03	4	43	1	0	1.0000	0.0000	1.0000	0.3441	NaN	NaN	NaN	419343.2226	419343.5782	1.0000	1.0000	0.1952	0.3715
16hq03	4	43	1	0	2.0000	0.0000	1.0000	NaN	4.0539	2.8631	16.0257	419344.3856	419344.6878	1.0000	1.0000	0.0454	0.2231
16hq03	4	44	1	0	1.0000	0.0000	-1.0000	0.1761	NaN	NaN	NaN	419347.1305	419347.4811	0.0000	1.0000	0.1970	0.3098
16hq03	4	44	1	0	2.0000	0.0000	1.0000	NaN	2.3502	2.5524	14.5692	419348.2268	419348.5290	1.0000	1.0000	0.1882	0.3172
16hq03	4	45	1	0	1.0000	0.0000	-1.0000	0.3955	NaN	NaN	NaN	419351.1406	419351.4946	0.0000	1.0000	0.1524	0.2802
16hq03	4	45	1	0	2.0000	0.0000	1.0000	NaN	0.6155	3.8383	15.0395	419352.2109	419352.5132	1.0000	1.0000	0.0440	0.2058
16hq03	4	46	1	0	1.0000	0.0000	1.0000	0.1522	NaN	NaN	NaN	419354.7635	419355.1141	0.0000	0.0000	0.7711	0.8688
16hq03	4	46	1	0	2.0000	0.0000	-1.0000	NaN	4.5228	-4.5975	14.6248	419356.4181	419356.7203	0.0000	1.0000	0.4129	0.5265
16hq03	4	47	1	0	1.0000	0.0000	1.0000	0.2192	NaN	NaN	NaN	419359.4414	419359.7954	1.0000	1.0000	0.3942	0.5224
16hq03	4	47	1	0	2.0000	0.0000	1.0000	NaN	0.8199	0.3294	15.5102	419360.7603	419361.0625	0.0000	0.0000	0.8547	0.9682
16hq03	4	48	1	0	1.0000	0.0000	-1.0000	0.0377	NaN	NaN	NaN	419364.1235	419364.5340	0.0000	1.0000	0.7912	0.9043
16hq03	4	48	1	0	2.0000	0.0000	1.0000	NaN	2.9828	3.6943	14.7271	419365.8809	419366.1848	0.0000	0.0000	1.1252	1.2381
16hq03	4	49	1	0	1.0000	0.0000	1.0000	0.3195	NaN	NaN	NaN	419369.1647	419369.5615	1.0000	1.0000	0.3090	0.4692
16hq03	4	49	1	0	2.0000	0.0000	1.0000	NaN	7.3441	5.2125	15.9404	419370.4663	419370.7684	1.0000	1.0000	0.1248	0.2705
16hq03	4	50	1	0	1.0000	0.0000	1.0000	0.0040	NaN	NaN	NaN	419373.1086	419373.4613	0.0000	0.0000	1.1759	1.3055
16hq03	4	50	1	0	2.0000	0.0000	-1.0000	NaN	4.4396	-4.8513	15.1916	419375.2015	419375.5037	0.0000	1.0000	0.8301	0.9261
16hq03	5	1	1	0	1.0000	0.0000	1.0000	0.0189	NaN	NaN	NaN	419440.8558	419441.2775	0.0000	0.0000	0.7677	0.8646
16hq03	5	1	1	0	2.0000	0.0000	-1.0000	NaN	2.0417	-0.7408	16.1308	419442.5875	419442.8926	0.0000	1.0000	0.3536	0.4661
16hq03	5	2	1	0	1.0000	0.0000	1.0000	0.4689	NaN	NaN	NaN	419445.5817	419445.9978	1.0000	1.0000	0.1115	0.2572
16hq03	5	2	1	0	2.0000	0.0000	1.0000	NaN	2.3484	3.0481	15.2901	419446.7001	419447.0072	1.0000	1.0000	0.0061	0.0637
16hq03	5	3	1	0	1.0000	0.0000	1.0000	0.0784	NaN	NaN	NaN	419449.4437	419449.8643	0.0000	0.0000	0.5187	0.6134
16hq03	5	3	1	0	2.0000	0.0000	-1.0000	NaN	5.3284	-4.5672	15.5508	419450.9252	419451.2296	0.0000	1.0000	0.5276	0.6416
16hq03	5	4	1	0	1.0000	0.0000	-1.0000	0.1424	NaN	NaN	NaN	419453.8187	419454.2307	0.0000	1.0000	0.2790	0.3912
16hq03	5	4	1	0	2.0000	0.0000	1.0000	NaN	0.9092	0.7782	13.8008	419455.0699	419455.3749	1.0000	1.0000	0.1104	0.2722
16hq03	5	5	1	0	1.0000	0.0000	1.0000	0.5875	NaN	NaN	NaN	419458.1716	419458.5939	1.0000	1.0000	0.1406	0.2853
16hq03	5	5	1	0	2.0000	0.0000	1.0000	NaN	3.8904	2.9819	14.3109	419459.3258	419459.6306	1.0000	1.0000	0.0061	0.0804
16hq03	5	6	1	0	1.0000	0.0000	-1.0000	0.1745	NaN	NaN	NaN	419462.1590	419462.5809	0.0000	1.0000	0.3610	0.4418
16hq03	5	6	1	0	2.0000	0.0000	1.0000	NaN	1.7501	1.5075	14.6854	419463.4694	419463.7748	1.0000	1.0000	0.0061	0.1282
16hq03	5	7	1	0	1.0000	0.0000	1.0000	0.1780	NaN	NaN	NaN	419466.0760	419466.4617	1.0000	1.0000	0.4167	0.5773
16hq03	5	7	1	0	2.0000	0.0000	1.0000	NaN	0.9888	1.9105	15.2472	419467.4750	419467.7772	1.0000	1.0000	0.0061	0.0778
16hq03	5	8	1	0	1.0000	0.0000	-1.0000	0.1620	NaN	NaN	NaN	419469.9995	419470.4271	0.0000	1.0000	0.0989	0.1797
16hq03	5	8	1	0	2.0000	0.0000	1.0000	NaN	0.2745	0.7792	15.7688	419471.0528	419471.3578	1.0000	1.0000	0.0061	0.1291
16hq03	5	9	1	0	1.0000	0.0000	-1.0000	0.3014	NaN	NaN	NaN	419473.8598	419474.2564	0.0000	1.0000	0.1249	0.2063
16hq03	5	9	1	0	2.0000	0.0000	1.0000	NaN	0.6305	0.9735	13.6967	419474.8972	419475.1993	1.0000	1.0000	0.0060	0.1118
16hq03	5	10	1	0	1.0000	0.0000	1.0000	0.2132	NaN	NaN	NaN	419477.5556	419477.9062	1.0000	1.0000	0.2042	0.3645
16hq03	5	10	1	0	2.0000	0.0000	1.0000	NaN	5.4288	5.9546	15.6030	419478.7053	419479.0075	1.0000	1.0000	0.0061	0.1276
16hq03	5	11	1	0	1.0000	0.0000	1.0000	0.3972	NaN	NaN	NaN	419481.4296	419481.7838	1.0000	1.0000	0.2461	0.3592
16hq03	5	11	1	0	2.0000	0.0000	1.0000	NaN	1.4040	2.5242	16.0608	419482.5780	419482.8802	1.0000	1.0000	0.0061	0.0937
16hq03	5	12	1	0	1.0000	0.0000	1.0000	0.0495	NaN	NaN	NaN	419484.8435	419485.2005	0.0000	0.0000	0.6688	0.7657
16hq03	5	12	1	0	2.0000	0.0000	-1.0000	NaN	0.9818	-0.8716	14.2004	419486.4014	419486.7037	1.0000	0.0000	0.0306	0.2061
16hq03	5	13	1	0	1.0000	0.0000	1.0000	0.3490	NaN	NaN	NaN	419488.8719	419489.2241	1.0000	1.0000	0.1812	0.3106
16hq03	5	13	1	0	2.0000	0.0000	1.0000	NaN	1.1409	2.5712	14.7498	419489.9715	419490.2737	1.0000	1.0000	0.0453	0.1415
16hq03	5	14	1	0	1.0000	0.0000	-1.0000	0.4756	NaN	NaN	NaN	419492.4360	419492.7888	0.0000	1.0000	0.1702	0.2494
16hq03	5	14	1	0	2.0000	0.0000	1.0000	NaN	1.6798	2.0865	15.0270	419493.4732	419493.7753	1.0000	1.0000	0.0061	0.0798
16hq03	5	15	1	0	1.0000	0.0000	1.0000	0.1971	NaN	NaN	NaN	419495.7997	419496.1540	1.0000	1.0000	0.2277	0.3408
16hq03	5	15	1	0	2.0000	0.0000	1.0000	NaN	2.1922	3.5772	14.8065	419496.9286	419497.2308	1.0000	1.0000	0.0061	0.0962
16hq03	5	16	1	0	1.0000	0.0000	1.0000	0.4133	NaN	NaN	NaN	419499.4715	419499.8217	1.0000	1.0000	0.3682	0.4974
16hq03	5	16	1	0	2.0000	0.0000	1.0000	NaN	0.9240	0.6056	14.3626	419500.7560	419501.0582	1.0000	1.0000	0.0440	0.1887
16hq03	5	17	1	0	1.0000	0.0000	1.0000	0.2474	NaN	NaN	NaN	419503.2416	419503.5934	1.0000	1.0000	0.5651	0.6937
16hq03	5	17	1	0	2.0000	0.0000	1.0000	NaN	4.8428	4.0972	14.1831	419504.7218	419505.0240	1.0000	1.0000	0.0943	0.2390
16hq03	5	18	1	0	1.0000	0.0000	1.0000	0.5761	NaN	NaN	NaN	419507.2826	419507.6369	1.0000	1.0000	0.3604	0.4423
16hq03	5	18	1	0	2.0000	0.0000	1.0000	NaN	6.3916	8.0208	14.9002	419508.5139	419508.8162	1.0000	1.0000	0.0781	0.1749
16hq03	5	19	1	0	1.0000	0.0000	-1.0000	0.3882	NaN	NaN	NaN	419511.2107	419511.5654	0.0000	1.0000	0.1759	0.2736
16hq03	5	19	1	0	2.0000	0.0000	1.0000	NaN	5.0813	2.7142	15.7948	419512.2733	419512.5756	1.0000	1.0000	0.3817	0.4952
16hq03	5	20	1	0	1.0000	0.0000	1.0000	0.5693	NaN	NaN	NaN	419515.3403	419515.7257	1.0000	1.0000	0.3047	0.4333
16hq03	5	20	1	0	2.0000	0.0000	1.0000	NaN	4.0344	2.6065	15.3590	419516.5939	419516.8961	1.0000	1.0000	0.0942	0.2229
16hq03	5	21	1	0	1.0000	0.0000	1.0000	0.2674	NaN	NaN	NaN	419519.6386	419519.9893	1.0000	1.0000	0.5041	0.6338
16hq03	5	21	1	0	2.0000	0.0000	1.0000	NaN	0.6180	0.6171	14.2858	419521.0587	419521.3608	1.0000	1.0000	0.4605	0.5742
16hq03	5	22	1	0	1.0000	0.0000	1.0000	0.2041	NaN	NaN	NaN	419524.0546	419524.4055	1.0000	1.0000	0.2318	0.3287
16hq03	5	22	1	0	2.0000	0.0000	1.0000	NaN	4.3061	5.7920	15.6574	419525.1692	419525.4714	1.0000	1.0000	0.0629	0.1757
16hq03	5	23	1	0	1.0000	0.0000	1.0000	0.5675	NaN	NaN	NaN	419527.3680	419527.7204	1.0000	1.0000	0.1827	0.3106
16hq03	5	23	1	0	2.0000	0.0000	1.0000	NaN	4.2408	3.2645	15.5816	419528.4663	419528.7686	1.0000	1.0000	0.0061	0.1103
16hq03	5	24	1	0	1.0000	0.0000	1.0000	0.3168	NaN	NaN	NaN	419530.9989	419531.3524	1.0000	1.0000	0.2770	0.3906
16hq03	5	24	1	0	2.0000	0.0000	1.0000	NaN	0.8048	1.0757	14.9614	419532.1770	419532.4792	1.0000	1.0000	0.1267	0.2712
16hq03	5	25	1	0	1.0000	0.0000	1.0000	0.0557	NaN	NaN	NaN	419535.0201	419535.3717	0.0000	0.0000	0.5461	0.6594
16hq03	5	25	1	0	2.0000	0.0000	-1.0000	NaN	3.8736	-2.8018	14.5439	419536.4673	419536.7696	0.0000	1.0000	0.2852	0.4131
16hq03	5	26	1	0	1.0000	0.0000	-1.0000	0.5371	NaN	NaN	NaN	419539.5772	419539.9309	0.0000	1.0000	0.1469	0.2271
16hq03	5	26	1	0	2.0000	0.0000	1.0000	NaN	7.2233	6.8079	14.4751	419540.5929	419540.8951	1.0000	1.0000	0.0061	0.0957
16hq03	5	27	1	0	1.0000	0.0000	-1.0000	0.5285	NaN	NaN	NaN	419543.1604	419543.5141	0.0000	1.0000	0.1472	0.2446
16hq03	5	27	1	0	2.0000	0.0000	1.0000	NaN	5.8904	6.0105	14.4384	419544.1934	419544.4956	1.0000	1.0000	0.0060	0.0475
16hq03	5	28	1	0	1.0000	0.0000	-1.0000	0.5040	NaN	NaN	NaN	419546.4126	419546.7680	0.0000	1.0000	0.1108	0.2229
16hq03	5	28	1	0	2.0000	0.0000	1.0000	NaN	6.8860	6.8374	15.9201	419547.4256	419547.7277	1.0000	1.0000	0.0061	0.0475
16hq03	5	29	1	0	1.0000	0.0000	1.0000	0.0983	NaN	NaN	NaN	419549.7197	419550.0711	0.0000	0.0000	0.9987	1.0957
16hq03	5	29	1	0	2.0000	0.0000	-1.0000	NaN	4.4382	-3.2471	14.7465	419551.6012	419551.9034	0.0000	1.0000	0.2397	0.3514
16hq03	5	30	1	0	1.0000	0.0000	-1.0000	0.4714	NaN	NaN	NaN	419554.6992	419555.0524	0.0000	1.0000	0.1934	0.2902
16hq03	5	30	1	0	2.0000	0.0000	1.0000	NaN	2.2945	2.7632	15.9596	419555.7774	419556.0795	1.0000	1.0000	0.0060	0.0955
16hq03	5	31	1	0	1.0000	0.0000	-1.0000	0.1888	NaN	NaN	NaN	419558.3696	419558.7207	0.0000	1.0000	0.2218	0.3341
16hq03	5	31	1	0	2.0000	0.0000	1.0000	NaN	0.8789	0.0178	16.0842	419559.4905	419559.7926	1.0000	1.0000	0.0061	0.0945
16hq03	5	32	1	0	1.0000	0.0000	1.0000	0.3738	NaN	NaN	NaN	419561.8317	419562.2415	1.0000	1.0000	0.1251	0.2373
16hq03	5	32	1	0	2.0000	0.0000	1.0000	NaN	0.2359	1.6208	15.8314	419562.9293	419563.2359	1.0000	1.0000	0.0061	0.0593
16hq03	5	33	1	0	1.0000	0.0000	1.0000	0.4221	NaN	NaN	NaN	419565.3675	419565.7886	1.0000	1.0000	0.1307	0.2419
16hq03	5	33	1	0	2.0000	0.0000	1.0000	NaN	1.6349	1.0293	14.4981	419566.4746	419566.7794	1.0000	1.0000	0.0063	0.0996
16hq03	5	34	1	0	1.0000	0.0000	-1.0000	0.5049	NaN	NaN	NaN	419569.0525	419569.4722	0.0000	1.0000	0.0780	0.1912
16hq03	5	34	1	0	2.0000	0.0000	1.0000	NaN	4.1328	3.2896	15.2574	419570.1075	419570.4123	1.0000	1.0000	0.0063	0.1147
16hq03	5	35	1	0	1.0000	0.0000	-1.0000	0.0988	NaN	NaN	NaN	419572.7274	419573.1415	0.0000	1.0000	0.0889	0.1853
16hq03	5	35	1	0	2.0000	0.0000	1.0000	NaN	4.5781	5.5972	15.7690	419573.7712	419574.0758	1.0000	1.0000	0.0061	0.1310
16hq03	5	36	1	0	1.0000	0.0000	-1.0000	0.2415	NaN	NaN	NaN	419576.3293	419576.7413	0.0000	1.0000	0.0561	0.1538
16hq03	5	36	1	0	2.0000	0.0000	1.0000	NaN	5.5199	5.4878	15.0553	419577.3379	419577.6425	1.0000	1.0000	0.0189	0.1645
16hq03	5	37	1	0	1.0000	0.0000	-1.0000	0.5436	NaN	NaN	NaN	419580.0547	419580.4745	0.0000	1.0000	0.1316	0.2285
16hq03	5	37	1	0	2.0000	0.0000	1.0000	NaN	0.0085	1.2836	14.9817	419581.1460	419581.4519	1.0000	1.0000	0.0654	0.2430
16hq03	5	38	1	0	1.0000	0.0000	1.0000	0.0224	NaN	NaN	NaN	419584.1454	419584.5570	0.0000	0.0000	0.2889	0.3848
16hq03	5	38	1	0	2.0000	0.0000	-1.0000	NaN	6.5260	-6.4949	15.4178	419585.3867	419585.6909	1.0000	0.0000	0.4042	0.5153
16hq03	5	39	1	0	1.0000	0.0000	-1.0000	0.2795	NaN	NaN	NaN	419588.0713	419588.4674	0.0000	1.0000	0.2502	0.3314
16hq03	5	39	1	0	2.0000	0.0000	1.0000	NaN	1.6993	2.3047	14.2131	419589.2337	419589.5360	1.0000	1.0000	0.0783	0.2233
16hq03	5	40	1	0	1.0000	0.0000	-1.0000	0.4893	NaN	NaN	NaN	419591.7041	419592.0554	0.0000	1.0000	0.1499	0.2473
16hq03	5	40	1	0	2.0000	0.0000	1.0000	NaN	7.2448	7.2696	15.4751	419592.7387	419593.0409	1.0000	1.0000	0.0942	0.2379
16hq03	5	41	1	0	1.0000	0.0000	1.0000	0.3785	NaN	NaN	NaN	419595.4988	419595.8504	1.0000	1.0000	0.1154	0.2604
16hq03	5	41	1	0	2.0000	0.0000	1.0000	NaN	7.0607	8.7058	15.2862	419596.5459	419596.8481	1.0000	1.0000	0.1903	0.3179
16hq03	5	42	1	0	1.0000	0.0000	1.0000	0.1930	NaN	NaN	NaN	419599.2856	419599.6383	0.0000	0.0000	0.1688	0.2648
16hq03	5	42	1	0	2.0000	0.0000	-1.0000	NaN	0.7788	-2.9296	14.5848	419600.3380	419600.6403	0.0000	1.0000	0.8624	0.9428
16hq03	5	43	1	0	1.0000	0.0000	-1.0000	0.1878	NaN	NaN	NaN	419604.0275	419604.3820	0.0000	1.0000	0.1765	0.2728
16hq03	5	43	1	0	2.0000	0.0000	1.0000	NaN	1.6040	2.6039	15.1649	419605.0896	419605.3918	1.0000	1.0000	0.3507	0.4788
16hq03	5	44	1	0	1.0000	0.0000	-1.0000	0.0572	NaN	NaN	NaN	419608.0152	419608.4267	0.0000	1.0000	0.1324	0.2123
16hq03	5	44	1	0	2.0000	0.0000	1.0000	NaN	0.9730	1.7172	13.9920	419609.0836	419609.3879	0.0000	0.0000	0.5615	0.6431
16hq03	5	45	1	0	1.0000	0.0000	-1.0000	0.2759	NaN	NaN	NaN	419612.3951	419612.8193	0.0000	1.0000	0.0590	0.1716
16hq03	5	45	1	0	2.0000	0.0000	1.0000	NaN	5.6324	5.4635	16.7920	419613.4363	419613.7413	1.0000	1.0000	0.2095	0.3380
16hq03	5	46	1	0	1.0000	0.0000	-1.0000	0.5379	NaN	NaN	NaN	419616.3272	419616.7512	0.0000	1.0000	0.0633	0.1586
16hq03	5	46	1	0	2.0000	0.0000	1.0000	NaN	6.4854	6.0732	15.4299	419617.3528	419617.6572	1.0000	1.0000	0.3562	0.4697
16hq03	5	47	1	0	1.0000	0.0000	1.0000	0.2347	NaN	NaN	NaN	419620.1019	419620.5224	1.0000	1.0000	0.9475	1.0447
16hq03	5	47	1	0	2.0000	0.0000	1.0000	NaN	2.7090	2.5208	15.1274	419622.0106	419622.3167	1.0000	1.0000	0.3384	0.4506
16hq03	5	48	1	0	1.0000	0.0000	1.0000	0.3245	NaN	NaN	NaN	419624.9649	419625.3837	0.0000	0.0000	0.8388	0.9193
16hq03	5	48	1	0	2.0000	0.0000	-1.0000	NaN	3.8421	-2.8717	15.1655	419626.7498	419627.0542	0.0000	1.0000	0.3511	0.4326
16hq03	5	49	1	0	1.0000	0.0000	-1.0000	0.1542	NaN	NaN	NaN	419629.6348	419630.0554	0.0000	1.0000	0.0708	0.1827
16hq03	5	49	1	0	2.0000	0.0000	1.0000	NaN	5.8986	5.6568	16.7575	419630.6834	419630.9878	1.0000	1.0000	0.0674	0.2266
16hq03	5	50	1	0	1.0000	0.0000	-1.0000	0.5014	NaN	NaN	NaN	419632.9372	419633.3552	0.0000	1.0000	0.0833	0.1790
16hq03	5	50	1	0	2.0000	0.0000	1.0000	NaN	1.5439	2.0235	16.0320	419633.9823	419634.2868	1.0000	1.0000	0.0482	0.1925
16hq03	6	1	1	0	1.0000	0.0000	-1.0000	0.2604	NaN	NaN	NaN	419660.7428	419661.1710	0.0000	1.0000	0.2996	0.3640
16hq03	6	1	1	0	2.0000	0.0000	1.0000	NaN	2.8131	5.6837	14.7570	419661.9825	419662.2873	1.0000	1.0000	0.1901	0.2880
16hq03	6	2	1	0	1.0000	0.0000	1.0000	0.4519	NaN	NaN	NaN	419664.4982	419664.9203	1.0000	1.0000	0.0867	0.1980
16hq03	6	2	1	0	2.0000	0.0000	1.0000	NaN	4.6526	5.0161	15.1327	419665.5650	419665.8694	1.0000	1.0000	0.0061	0.0977
16hq03	6	3	1	0	1.0000	0.0000	1.0000	0.2007	NaN	NaN	NaN	419668.0898	419668.5035	1.0000	1.0000	0.2788	0.3595
16hq03	6	3	1	0	2.0000	0.0000	1.0000	NaN	2.1674	1.1958	15.2001	419669.2977	419669.5999	1.0000	1.0000	0.0945	0.2072
16hq03	6	4	1	0	1.0000	0.0000	-1.0000	0.3891	NaN	NaN	NaN	419672.1031	419672.5199	0.0000	1.0000	0.1335	0.2313
16hq03	6	4	1	0	2.0000	0.0000	1.0000	NaN	5.3298	3.7373	15.4042	419673.1860	419673.4881	1.0000	1.0000	0.0061	0.0787
16hq03	6	5	1	0	1.0000	0.0000	1.0000	0.4392	NaN	NaN	NaN	419675.9616	419676.3130	1.0000	1.0000	0.2764	0.3900
16hq03	6	5	1	0	2.0000	0.0000	1.0000	NaN	1.7313	3.1311	14.8185	419677.1378	419677.4400	1.0000	1.0000	0.0306	0.1264
16hq03	6	6	1	0	1.0000	0.0000	1.0000	0.0359	NaN	NaN	NaN	419679.6615	419680.0129	0.0000	0.0000	0.4650	0.5301
16hq03	6	6	1	0	2.0000	0.0000	-1.0000	NaN	2.9436	-1.6116	15.3486	419680.9781	419681.2803	1.0000	0.0000	0.5421	0.6067
16hq03	6	7	1	0	1.0000	0.0000	-1.0000	0.4028	NaN	NaN	NaN	419684.1546	419684.5115	0.0000	1.0000	0.1424	0.2395
16hq03	6	7	1	0	2.0000	0.0000	1.0000	NaN	3.6508	2.1056	15.5859	419685.1854	419685.4876	1.0000	1.0000	0.0138	0.0957
16hq03	6	8	1	0	1.0000	0.0000	1.0000	0.4725	NaN	NaN	NaN	419687.9778	419688.3292	1.0000	1.0000	0.2603	0.3414
16hq03	6	8	1	0	2.0000	0.0000	1.0000	NaN	0.7278	0.1937	15.1788	419689.1054	419689.4081	1.0000	1.0000	0.8618	0.9740
16hq03	6	9	1	0	1.0000	0.0000	1.0000	0.2550	NaN	NaN	NaN	419692.5016	419692.8569	0.0000	0.0000	0.3245	0.4221
16hq03	6	9	1	0	2.0000	0.0000	-1.0000	NaN	3.3305	-2.0064	15.0871	419693.7138	419694.0160	1.0000	0.0000	0.3974	0.4952
16hq03	6	10	1	0	1.0000	0.0000	1.0000	0.2968	NaN	NaN	NaN	419696.2478	419696.6000	1.0000	1.0000	0.2471	0.3750
16hq03	6	10	1	0	2.0000	0.0000	1.0000	NaN	3.5383	5.1823	16.5302	419697.4107	419697.7128	1.0000	1.0000	0.4138	0.5262
16hq03	6	11	1	0	1.0000	0.0000	1.0000	0.4497	NaN	NaN	NaN	419700.2100	419700.5618	1.0000	1.0000	0.2524	0.3492
16hq03	6	11	1	0	2.0000	0.0000	1.0000	NaN	5.4788	5.7449	15.5210	419701.3456	419701.6479	1.0000	1.0000	0.6864	0.7986
16hq03	6	12	1	0	1.0000	0.0000	-1.0000	0.5423	NaN	NaN	NaN	419704.8159	419705.1730	0.0000	1.0000	0.1690	0.2502
16hq03	6	12	1	0	2.0000	0.0000	1.0000	NaN	5.2104	5.7631	15.7248	419705.8583	419706.1605	1.0000	1.0000	0.4145	0.5107
16hq03	6	13	1	0	1.0000	0.0000	1.0000	0.1914	NaN	NaN	NaN	419709.1169	419709.4728	1.0000	1.0000	1.5167	1.5983
16hq03	6	13	1	0	2.0000	0.0000	1.0000	NaN	5.7856	5.2375	15.2567	419711.5059	419711.8089	1.0000	1.0000	0.4136	0.5255
16hq03	6	14	1	0	1.0000	0.0000	-1.0000	0.4565	NaN	NaN	NaN	419714.7790	419715.1296	0.0000	1.0000	0.2293	0.3258
16hq03	6	14	1	0	2.0000	0.0000	1.0000	NaN	2.9254	2.3596	14.1073	419715.8914	419716.1935	1.0000	1.0000	0.2538	0.3656
16hq03	6	15	1	0	1.0000	0.0000	-1.0000	0.5063	NaN	NaN	NaN	419718.6537	419719.0670	0.0000	1.0000	0.0831	0.1951
16hq03	6	15	1	0	2.0000	0.0000	1.0000	NaN	4.5862	4.2778	15.3519	419719.7050	419720.0115	1.0000	1.0000	0.0351	0.1797
16hq03	6	16	1	0	1.0000	0.0000	-1.0000	0.0337	NaN	NaN	NaN	419722.7133	419723.1301	1.0000	0.0000	1.4434	1.5721
16hq03	6	16	1	0	2.0000	0.0000	-1.0000	NaN	3.8477	-4.2993	16.7247	419725.1370	419725.4398	0.0000	1.0000	0.7662	0.8472
16hq03	6	17	1	0	1.0000	0.0000	-1.0000	0.5063	NaN	NaN	NaN	419728.6066	419728.9604	0.0000	1.0000	0.1730	0.2544
16hq03	6	17	1	0	2.0000	0.0000	1.0000	NaN	6.4431	5.0334	15.3817	419729.6500	419729.9522	1.0000	1.0000	0.2852	0.3990
16hq03	6	18	1	0	1.0000	0.0000	-1.0000	0.0212	NaN	NaN	NaN	419732.7459	419733.0982	0.0000	1.0000	0.4684	0.5646
16hq03	6	18	1	0	2.0000	0.0000	1.0000	NaN	1.2967	0.4673	14.4991	419734.0986	419734.4008	1.0000	1.0000	0.7336	0.8303
16hq03	6	19	1	0	1.0000	0.0000	-1.0000	0.5574	NaN	NaN	NaN	419737.0756	419737.4266	0.0000	1.0000	0.3647	0.4763
16hq03	6	19	1	0	2.0000	0.0000	1.0000	NaN	2.2214	2.6030	14.8688	419738.3375	419738.6409	1.0000	1.0000	0.0606	0.1581
16hq03	6	20	1	0	1.0000	0.0000	-1.0000	0.1724	NaN	NaN	NaN	419740.6685	419741.0254	0.0000	1.0000	0.4931	0.5898
16hq03	6	20	1	0	2.0000	0.0000	1.0000	NaN	4.5496	2.8154	15.0230	419742.0500	419742.3524	1.0000	1.0000	0.5090	0.6227
16hq03	6	21	1	0	1.0000	0.0000	1.0000	0.3335	NaN	NaN	NaN	419745.1197	419745.4750	1.0000	1.0000	0.4750	0.5881
16hq03	6	21	1	0	2.0000	0.0000	1.0000	NaN	1.3580	2.1832	16.0263	419746.4990	419746.8013	1.0000	1.0000	0.3167	0.4767
16hq03	6	22	1	0	1.0000	0.0000	1.0000	0.3484	NaN	NaN	NaN	419748.9976	419749.3540	1.0000	1.0000	0.2435	0.3893
16hq03	6	22	1	0	2.0000	0.0000	1.0000	NaN	1.5316	0.8802	14.6106	419750.1773	419750.4794	1.0000	1.0000	0.2552	0.4154
16hq03	6	23	1	0	1.0000	0.0000	-1.0000	0.2938	NaN	NaN	NaN	419752.7409	419753.0925	0.0000	1.0000	0.1689	0.2660
16hq03	6	23	1	0	2.0000	0.0000	1.0000	NaN	1.0883	2.4856	15.3038	419753.7932	419754.0954	1.0000	1.0000	0.2871	0.4155
16hq03	6	24	1	0	1.0000	0.0000	1.0000	0.3031	NaN	NaN	NaN	419756.3568	419756.7090	1.0000	1.0000	0.2170	0.3296
16hq03	6	24	1	0	2.0000	0.0000	1.0000	NaN	6.0281	2.9346	14.3122	419757.4744	419757.7766	1.0000	1.0000	0.2859	0.4304
16hq03	6	25	1	0	1.0000	0.0000	1.0000	0.0313	NaN	NaN	NaN	419760.6017	419760.9576	0.0000	0.0000	0.7518	0.8329
16hq03	6	25	1	0	2.0000	0.0000	-1.0000	NaN	5.4400	-4.9294	15.9975	419762.2251	419762.5273	1.0000	0.0000	0.6541	0.7355
16hq03	6	26	1	0	1.0000	0.0000	1.0000	0.0617	NaN	NaN	NaN	419765.7019	419766.1033	0.0000	0.0000	0.9034	0.9678
16hq03	6	26	1	0	2.0000	0.0000	-1.0000	NaN	5.4966	-7.8166	15.5269	419767.5070	419767.8092	0.0000	1.0000	0.3657	0.4296
16hq03	6	27	1	0	1.0000	0.0000	1.0000	0.3162	NaN	NaN	NaN	419770.1083	419770.4601	1.0000	1.0000	0.4333	0.5470
16hq03	6	27	1	0	2.0000	0.0000	1.0000	NaN	2.5858	2.0291	15.5222	419771.4410	419771.7433	1.0000	1.0000	1.1502	1.2639
16hq03	6	28	1	0	1.0000	0.0000	1.0000	0.2151	NaN	NaN	NaN	419775.2519	419775.6068	1.0000	1.0000	1.7347	1.8481
16hq03	6	28	1	0	2.0000	0.0000	1.0000	NaN	0.3652	0.1980	14.3686	419777.8917	419778.1939	1.0000	1.0000	0.3811	0.4932
16hq03	6	29	1	0	1.0000	0.0000	-1.0000	0.3150	NaN	NaN	NaN	419780.8316	419781.1856	0.0000	1.0000	0.1891	0.3011
16hq03	6	29	1	0	2.0000	0.0000	1.0000	NaN	5.7445	5.5509	14.7231	419781.9229	419782.2252	1.0000	1.0000	0.2684	0.4458
16hq03	6	30	1	0	1.0000	0.0000	-1.0000	0.1167	NaN	NaN	NaN	419784.9905	419785.3428	0.0000	1.0000	1.1670	1.2644
16hq03	6	30	1	0	2.0000	0.0000	1.0000	NaN	0.6884	1.7543	14.5917	419787.0419	419787.3441	0.0000	0.0000	1.3109	1.4235
16hq03	6	31	1	0	1.0000	0.0000	-1.0000	0.1330	NaN	NaN	NaN	419791.1095	419791.4620	0.0000	1.0000	0.3446	0.4412
16hq03	6	31	1	0	2.0000	0.0000	1.0000	NaN	4.9237	1.4047	15.9791	419792.3384	419792.6407	1.0000	1.0000	0.5099	0.6055
16hq03	6	32	1	0	1.0000	0.0000	1.0000	0.5610	NaN	NaN	NaN	419795.4409	419795.7920	1.0000	1.0000	0.2543	0.3511
16hq03	6	32	1	0	2.0000	0.0000	1.0000	NaN	1.5404	1.4418	16.4659	419796.5788	419796.8811	1.0000	1.0000	0.0284	0.1252
16hq03	6	33	1	0	1.0000	0.0000	1.0000	0.2470	NaN	NaN	NaN	419799.2759	419799.6286	1.0000	1.0000	0.5129	0.6264
16hq03	6	33	1	0	2.0000	0.0000	1.0000	NaN	6.2072	4.5061	15.7643	419800.6895	419800.9917	1.0000	1.0000	0.3818	0.4952
16hq03	6	34	1	0	1.0000	0.0000	1.0000	0.4624	NaN	NaN	NaN	419803.5564	419803.9086	1.0000	1.0000	0.3621	0.4746
16hq03	6	34	1	0	2.0000	0.0000	1.0000	NaN	5.2717	5.7355	15.2838	419804.8178	419805.1209	1.0000	1.0000	0.3823	0.5253
16hq03	6	35	1	0	1.0000	0.0000	-1.0000	0.5358	NaN	NaN	NaN	419807.8407	419808.1917	0.0000	1.0000	0.2067	0.2875
16hq03	6	35	1	0	2.0000	0.0000	1.0000	NaN	6.9656	8.1519	17.3054	419808.9140	419809.2162	1.0000	1.0000	0.2227	0.3511
16hq03	6	36	1	0	1.0000	0.0000	-1.0000	0.2175	NaN	NaN	NaN	419811.8119	419812.2295	0.0000	1.0000	0.1365	0.2494
16hq03	6	36	1	0	2.0000	0.0000	1.0000	NaN	2.7220	1.5025	16.2938	419812.9238	419813.2280	1.0000	1.0000	0.2584	0.4031
16hq03	6	37	1	0	1.0000	0.0000	-1.0000	0.3370	NaN	NaN	NaN	419815.6811	419816.0966	0.0000	1.0000	0.1419	0.2383
16hq03	6	37	1	0	2.0000	0.0000	1.0000	NaN	0.5592	1.3283	15.0912	419816.7795	419817.0848	1.0000	1.0000	0.2738	0.4016
16hq03	6	38	1	0	1.0000	0.0000	-1.0000	0.2210	NaN	NaN	NaN	419819.9343	419820.3576	0.0000	1.0000	0.1679	0.2497
16hq03	6	38	1	0	2.0000	0.0000	1.0000	NaN	1.4607	2.5726	15.5464	419821.0547	419821.3592	1.0000	1.0000	0.0463	0.1439
16hq03	6	39	1	0	1.0000	0.0000	-1.0000	0.2355	NaN	NaN	NaN	419823.7256	419824.1457	0.0000	1.0000	0.1722	0.2535
16hq03	6	39	1	0	2.0000	0.0000	1.0000	NaN	0.5455	0.1399	16.7904	419824.8375	419825.1397	1.0000	1.0000	0.0915	0.1867
16hq03	6	40	1	0	1.0000	0.0000	-1.0000	0.1604	NaN	NaN	NaN	419827.5960	419827.9500	0.0000	1.0000	0.1770	0.2885
16hq03	6	40	1	0	2.0000	0.0000	1.0000	NaN	1.4528	1.3500	14.0791	419828.6726	419828.9748	1.0000	1.0000	0.3032	0.4165
16hq03	6	41	1	0	1.0000	0.0000	-1.0000	0.0697	NaN	NaN	NaN	419831.5620	419831.9166	0.0000	1.0000	0.2099	0.3226
16hq03	6	41	1	0	2.0000	0.0000	1.0000	NaN	4.7238	4.3794	14.6682	419832.6742	419832.9764	1.0000	1.0000	0.2542	0.3985
16hq03	6	42	1	0	1.0000	0.0000	1.0000	0.4198	NaN	NaN	NaN	419835.4945	419835.8498	1.0000	1.0000	0.2768	0.3893
16hq03	6	42	1	0	2.0000	0.0000	1.0000	NaN	5.7608	5.5317	16.8103	419836.6744	419836.9766	1.0000	1.0000	0.3809	0.5267
16hq03	6	43	1	0	1.0000	0.0000	1.0000	0.3753	NaN	NaN	NaN	419839.3728	419839.7234	1.0000	1.0000	0.3381	0.4826
16hq03	6	43	1	0	2.0000	0.0000	1.0000	NaN	0.7191	0.6941	15.9150	419840.6418	419840.9441	1.0000	1.0000	0.2541	0.3832
16hq03	6	44	1	0	1.0000	0.0000	1.0000	0.4572	NaN	NaN	NaN	419843.2469	419843.6035	1.0000	1.0000	0.3627	0.4752
16hq03	6	44	1	0	2.0000	0.0000	1.0000	NaN	2.5820	1.8384	14.5929	419844.5133	419844.8156	1.0000	1.0000	0.2073	0.3357
16hq03	6	45	1	0	1.0000	0.0000	1.0000	0.4622	NaN	NaN	NaN	419847.5209	419847.8730	1.0000	1.0000	0.3325	0.4297
16hq03	6	45	1	0	2.0000	0.0000	1.0000	NaN	3.1220	3.5822	14.1468	419848.7366	419849.0388	1.0000	1.0000	0.2562	0.3684
16hq03	6	46	1	0	1.0000	0.0000	1.0000	0.3209	NaN	NaN	NaN	419851.9268	419852.2824	1.0000	1.0000	0.5960	0.7088
16hq03	6	46	1	0	2.0000	0.0000	1.0000	NaN	6.4138	6.3033	17.6751	419853.4270	419853.7292	1.0000	1.0000	0.3018	0.4135
16hq03	6	47	1	0	1.0000	0.0000	-1.0000	0.4013	NaN	NaN	NaN	419856.3122	419856.6696	0.0000	1.0000	0.1925	0.3214
16hq03	6	47	1	0	2.0000	0.0000	1.0000	NaN	2.1312	1.9043	15.3323	419857.4268	419857.7291	1.0000	1.0000	0.2382	0.3816
16hq03	6	48	1	0	1.0000	0.0000	-1.0000	0.4056	NaN	NaN	NaN	419860.2803	419860.6706	0.0000	1.0000	0.1279	0.2565
16hq03	6	48	1	0	2.0000	0.0000	1.0000	NaN	5.1907	2.8771	14.7383	419861.3617	419861.6639	1.0000	1.0000	0.1270	0.2713
16hq03	6	49	1	0	1.0000	0.0000	-1.0000	0.1424	NaN	NaN	NaN	419864.3798	419864.7358	0.0000	1.0000	0.1577	0.3029
16hq03	6	49	1	0	2.0000	0.0000	1.0000	NaN	6.5359	5.0904	15.6060	419865.4747	419865.7770	1.0000	1.0000	0.2206	0.3660
16hq03	6	50	1	0	1.0000	0.0000	1.0000	0.5932	NaN	NaN	NaN	419868.2126	419868.5689	1.0000	1.0000	0.2617	0.4052
16hq03	6	50	1	0	2.0000	0.0000	1.0000	NaN	2.1222	2.3096	15.6525	419869.4093	419869.7116	1.0000	1.0000	0.2540	0.3676
