21zf01	1	1	0	1	1.0000	1.0000	1.0000	NaN	7.9153	9.1605	15.0034	400701.9030	400702.2103	1.0000	1.0000	0.3593
21zf01	1	1	0	1	2.0000	1.0000	-1.0000	0.1424	NaN	NaN	NaN	400703.1287	400703.5508	1.0000	0.0000	0.9228
21zf01	1	2	0	1	1.0000	1.0000	1.0000	NaN	7.8689	8.7862	13.9941	400707.7139	400708.0183	1.0000	1.0000	0.4403
21zf01	1	2	0	1	2.0000	1.0000	1.0000	0.9115	NaN	NaN	NaN	400709.0480	400709.4663	1.0000	1.0000	1.0719
21zf01	1	3	0	1	1.0000	1.0000	1.0000	NaN	4.0100	3.7764	13.9117	400713.1896	400713.4941	1.0000	1.0000	0.4371
21zf01	1	3	0	1	2.0000	1.0000	-1.0000	0.8464	NaN	NaN	NaN	400714.5180	400714.9326	0.0000	1.0000	0.5010
21zf01	1	4	0	1	1.0000	1.0000	-1.0000	NaN	8.0140	-8.0635	14.9997	400717.8451	400718.1495	0.0000	1.0000	0.5480
21zf01	1	4	0	1	2.0000	1.0000	1.0000	0.2128	NaN	NaN	NaN	400719.2374	400719.6369	1.0000	1.0000	1.2373
21zf01	1	5	0	1	1.0000	1.0000	1.0000	NaN	4.5433	5.6530	15.6781	400723.4033	400723.7096	1.0000	1.0000	0.5247
21zf01	1	5	0	1	2.0000	1.0000	-1.0000	0.6121	NaN	NaN	NaN	400724.8222	400725.2455	0.0000	1.0000	1.5975
21zf01	1	6	0	1	1.0000	1.0000	1.0000	NaN	1.2676	2.1278	16.7414	400729.1516	400729.4587	1.0000	1.0000	1.1276
21zf01	1	6	0	1	2.0000	1.0000	-1.0000	0.3089	NaN	NaN	NaN	400731.1433	400731.5602	0.0000	1.0000	1.7619
21zf01	1	7	0	1	1.0000	1.0000	1.0000	NaN	6.5666	7.9320	14.1297	400735.3226	400735.6270	1.0000	1.0000	0.4785
21zf01	1	7	0	1	2.0000	1.0000	-1.0000	0.9113	NaN	NaN	NaN	400736.6808	400737.0982	0.0000	1.0000	1.2646
21zf01	1	8	0	1	1.0000	1.0000	-1.0000	NaN	3.8253	-3.5945	15.4498	400740.9424	400741.2446	0.0000	1.0000	0.7022
21zf01	1	8	0	1	2.0000	1.0000	1.0000	0.2818	NaN	NaN	NaN	400742.5147	400742.8690	1.0000	1.0000	0.8539
21zf01	1	9	0	1	1.0000	1.0000	-1.0000	NaN	3.6762	-0.5394	15.6184	400745.5944	400745.8966	0.0000	1.0000	0.5770
21zf01	1	9	0	1	2.0000	1.0000	-1.0000	0.4244	NaN	NaN	NaN	400747.0260	400747.3761	1.0000	0.0000	1.0661
21zf01	1	10	0	1	1.0000	1.0000	1.0000	NaN	9.8115	9.2237	13.4359	400750.6274	400750.9297	1.0000	1.0000	0.4565
21zf01	1	10	0	1	2.0000	1.0000	-1.0000	0.4852	NaN	NaN	NaN	400751.9709	400752.3240	1.0000	0.0000	1.5102
21zf01	1	11	0	1	1.0000	1.0000	1.0000	NaN	5.0814	4.2677	13.9927	400756.3402	400756.6424	1.0000	1.0000	0.5042
21zf01	1	11	0	1	2.0000	1.0000	-1.0000	0.7399	NaN	NaN	NaN	400757.7148	400758.0681	0.0000	1.0000	0.6306
21zf01	1	12	0	1	1.0000	1.0000	1.0000	NaN	1.3344	1.3499	16.0529	400760.7513	400761.0544	0.0000	0.0000	0.9236
21zf01	1	12	0	1	2.0000	1.0000	1.0000	0.3508	NaN	NaN	NaN	400762.5144	400762.8680	1.0000	1.0000	0.8861
21zf01	1	13	0	1	1.0000	1.0000	1.0000	NaN	7.2238	8.0302	16.2475	400766.1813	400766.4835	1.0000	1.0000	0.9513
21zf01	1	13	0	1	2.0000	1.0000	1.0000	0.1574	NaN	NaN	NaN	400767.9866	400768.3397	0.0000	0.0000	0.9022
21zf01	1	14	0	1	1.0000	1.0000	-1.0000	NaN	1.8439	-1.2881	14.5598	400771.6499	400771.9569	0.0000	1.0000	0.6136
21zf01	1	14	0	1	2.0000	1.0000	-1.0000	0.2531	NaN	NaN	NaN	400773.1290	400773.5463	1.0000	0.0000	1.2002
21zf01	1	15	0	1	1.0000	1.0000	-1.0000	NaN	3.1465	-3.7573	15.4025	400776.8368	400777.1417	0.0000	1.0000	0.9805
21zf01	1	15	0	1	2.0000	1.0000	-1.0000	0.5652	NaN	NaN	NaN	400778.6622	400779.0793	0.0000	1.0000	0.8023
21zf01	1	16	0	1	1.0000	1.0000	1.0000	NaN	0.8159	2.1671	15.2450	400782.4084	400782.7129	1.0000	1.0000	0.5286
21zf01	1	16	0	1	2.0000	1.0000	1.0000	0.6604	NaN	NaN	NaN	400783.8300	400784.2170	1.0000	1.0000	0.7694
21zf01	1	17	0	1	1.0000	1.0000	-1.0000	NaN	8.1567	-8.5889	14.4285	400787.4245	400787.7267	0.0000	1.0000	0.6828
21zf01	1	17	0	1	2.0000	1.0000	-1.0000	0.3186	NaN	NaN	NaN	400788.9786	400789.3332	1.0000	0.0000	1.6043
21zf01	1	18	0	1	1.0000	1.0000	1.0000	NaN	3.3231	3.2563	15.8870	400793.4747	400793.7769	1.0000	1.0000	0.6172
21zf01	1	18	0	1	2.0000	1.0000	-1.0000	0.0302	NaN	NaN	NaN	400794.9465	400795.2995	0.0000	1.0000	0.8871
21zf01	1	19	0	1	1.0000	1.0000	1.0000	NaN	7.1323	7.7006	15.3740	400798.3517	400798.6539	1.0000	1.0000	0.4928
21zf01	1	19	0	1	2.0000	1.0000	-1.0000	0.2477	NaN	NaN	NaN	400799.7148	400800.0703	0.0000	1.0000	3.4912
21zf01	1	20	0	1	1.0000	1.0000	-1.0000	NaN	7.0741	-7.0222	14.4871	400805.5034	400805.8056	0.0000	1.0000	0.5568
21zf01	1	20	0	1	2.0000	1.0000	1.0000	0.1146	NaN	NaN	NaN	400806.8986	400807.2533	1.0000	1.0000	1.5564
21zf01	1	21	0	1	1.0000	1.0000	-1.0000	NaN	11.2079	-9.7050	16.6123	400810.9587	400811.2609	0.0000	1.0000	0.4926
21zf01	1	21	0	1	2.0000	1.0000	1.0000	0.8067	NaN	NaN	NaN	400812.2910	400812.6423	1.0000	1.0000	0.8877
21zf01	1	22	0	1	1.0000	1.0000	1.0000	NaN	9.0152	11.6689	15.2458	400815.9214	400816.2236	1.0000	1.0000	0.3790
21zf01	1	22	0	1	2.0000	1.0000	-1.0000	0.2126	NaN	NaN	NaN	400817.1557	400817.5058	0.0000	1.0000	2.0562
21zf01	1	23	0	1	1.0000	1.0000	1.0000	NaN	11.4923	11.4610	15.4480	400822.0712	400822.3757	1.0000	1.0000	1.2190
21zf01	1	23	0	1	2.0000	1.0000	1.0000	0.6058	NaN	NaN	NaN	400824.1343	400824.5570	1.0000	1.0000	1.5013
21zf01	1	24	0	1	1.0000	1.0000	-1.0000	NaN	4.5787	-1.9770	14.8792	400828.3359	400828.6409	0.0000	1.0000	0.7127
21zf01	1	24	0	1	2.0000	1.0000	1.0000	0.4168	NaN	NaN	NaN	400829.8941	400830.3100	1.0000	1.0000	1.7168
21zf01	1	25	0	1	1.0000	1.0000	-1.0000	NaN	3.0968	-3.3180	14.3059	400834.4743	400834.7787	1.0000	0.0000	1.2154
21zf01	1	25	0	1	2.0000	1.0000	-1.0000	0.1056	NaN	NaN	NaN	400836.5172	400836.9377	0.0000	1.0000	0.7373
21zf01	1	26	0	1	1.0000	1.0000	-1.0000	NaN	9.9766	-10.0104	15.1938	400839.7234	400840.0278	0.0000	1.0000	0.3667
21zf01	1	26	0	1	2.0000	1.0000	1.0000	0.3714	NaN	NaN	NaN	400840.9176	400841.3380	0.0000	0.0000	0.9114
21zf01	1	27	0	1	1.0000	1.0000	-1.0000	NaN	3.7526	-3.6700	13.4086	400844.5274	400844.8340	0.0000	1.0000	0.3602
21zf01	1	27	0	1	2.0000	1.0000	1.0000	0.4040	NaN	NaN	NaN	400845.7816	400846.1637	1.0000	1.0000	0.7423
21zf01	1	28	0	1	1.0000	1.0000	1.0000	NaN	6.8259	4.6682	14.8169	400849.4207	400849.7229	0.0000	0.0000	1.3750
21zf01	1	28	0	1	2.0000	1.0000	-1.0000	0.1234	NaN	NaN	NaN	400851.6201	400851.9706	0.0000	1.0000	2.7119
21zf01	1	29	0	1	1.0000	1.0000	-1.0000	NaN	7.9961	-10.7016	13.3489	400857.3084	400857.6106	0.0000	1.0000	0.2719
21zf01	1	29	0	1	2.0000	1.0000	1.0000	0.6660	NaN	NaN	NaN	400858.4360	400858.7871	1.0000	1.0000	0.6316
21zf01	1	30	0	1	1.0000	1.0000	1.0000	NaN	5.8415	6.6013	14.2694	400861.9490	400862.2511	1.0000	1.0000	0.8471
21zf01	1	30	0	1	2.0000	1.0000	1.0000	0.7369	NaN	NaN	NaN	400863.6353	400863.9868	1.0000	1.0000	1.1586
21zf01	1	31	0	1	1.0000	1.0000	-1.0000	NaN	3.7346	-2.6658	16.2023	400867.2212	400867.5257	1.0000	0.0000	1.7640
21zf01	1	31	0	1	2.0000	1.0000	1.0000	0.7546	NaN	NaN	NaN	400869.8138	400870.2294	1.0000	1.0000	0.6128
21zf01	1	32	0	1	1.0000	1.0000	1.0000	NaN	5.7591	6.1804	13.6043	400872.9931	400873.2953	1.0000	1.0000	0.7317
21zf01	1	32	0	1	2.0000	1.0000	1.0000	0.4750	NaN	NaN	NaN	400874.5624	400874.9165	0.0000	0.0000	2.3576
21zf01	1	33	0	1	1.0000	1.0000	-1.0000	NaN	7.7558	-6.5580	16.3672	400879.2772	400879.5801	0.0000	1.0000	0.4143
21zf01	1	33	0	1	2.0000	1.0000	1.0000	0.4233	NaN	NaN	NaN	400880.5305	400880.8840	0.0000	0.0000	0.6141
21zf01	1	34	0	1	1.0000	1.0000	1.0000	NaN	6.5983	8.2786	14.8981	400883.6733	400883.9756	1.0000	1.0000	0.4826
21zf01	1	34	0	1	2.0000	1.0000	-1.0000	0.5507	NaN	NaN	NaN	400885.0425	400885.3992	0.0000	1.0000	0.8342
21zf01	1	35	0	1	1.0000	1.0000	1.0000	NaN	8.5804	10.5662	16.1210	400888.6227	400888.9248	1.0000	1.0000	0.6537
21zf01	1	35	0	1	2.0000	1.0000	1.0000	0.7401	NaN	NaN	NaN	400890.1465	400890.5002	1.0000	1.0000	2.1172
21zf01	1	36	0	1	1.0000	1.0000	-1.0000	NaN	11.3374	-8.6709	14.8913	400894.8514	400895.1537	0.0000	1.0000	0.4088
21zf01	1	36	0	1	2.0000	1.0000	1.0000	0.8576	NaN	NaN	NaN	400896.0990	400896.4499	1.0000	1.0000	1.1601
21zf01	1	37	0	1	1.0000	1.0000	1.0000	NaN	1.4280	3.6168	13.8424	400899.5256	400899.8279	1.0000	1.0000	0.5508
21zf01	1	37	0	1	2.0000	1.0000	-1.0000	0.1545	NaN	NaN	NaN	400900.8993	400901.2497	0.0000	1.0000	1.8970
21zf01	1	38	0	1	1.0000	1.0000	1.0000	NaN	1.5981	0.8067	15.2499	400905.2793	400905.5815	1.0000	1.0000	0.5563
21zf01	1	38	0	1	2.0000	1.0000	1.0000	0.0793	NaN	NaN	NaN	400906.6586	400907.0149	1.0000	1.0000	2.5153
21zf01	1	39	0	1	1.0000	1.0000	-1.0000	NaN	8.3889	-7.9955	13.8254	400911.7051	400912.0073	0.0000	1.0000	0.4981
21zf01	1	39	0	1	2.0000	1.0000	1.0000	0.4807	NaN	NaN	NaN	400913.0303	400913.4177	1.0000	1.0000	1.4882
21zf01	1	40	0	1	1.0000	1.0000	-1.0000	NaN	4.0526	-3.3499	15.3434	400916.8475	400917.1497	0.0000	1.0000	0.4916
21zf01	1	40	0	1	2.0000	1.0000	1.0000	0.4648	NaN	NaN	NaN	400918.1464	400918.4988	0.0000	0.0000	0.9673
21zf01	1	41	0	1	1.0000	1.0000	1.0000	NaN	4.8914	2.7918	14.8056	400921.4843	400921.7865	0.0000	0.0000	1.6788
21zf01	1	41	0	1	2.0000	1.0000	-1.0000	0.6217	NaN	NaN	NaN	400923.9540	400924.3098	1.0000	0.0000	0.6441
21zf01	1	42	0	1	1.0000	1.0000	1.0000	NaN	11.6471	11.6227	15.2525	400927.3297	400927.6318	1.0000	1.0000	0.4266
21zf01	1	42	0	1	2.0000	1.0000	1.0000	0.1497	NaN	NaN	NaN	400928.5938	400928.9483	1.0000	1.0000	1.0291
21zf01	1	43	0	1	1.0000	1.0000	-1.0000	NaN	6.7344	-8.8010	14.4502	400932.0113	400932.3135	0.0000	1.0000	0.4478
21zf01	1	43	0	1	2.0000	1.0000	-1.0000	0.0310	NaN	NaN	NaN	400933.2997	400933.6498	0.0000	1.0000	1.2561
21zf01	1	44	0	1	1.0000	1.0000	1.0000	NaN	7.7879	8.7646	15.0519	400936.8980	400937.2002	1.0000	1.0000	0.5371
21zf01	1	44	0	1	2.0000	1.0000	-1.0000	0.9243	NaN	NaN	NaN	400938.2269	400938.5811	0.0000	1.0000	0.7563
21zf01	1	45	0	1	1.0000	1.0000	-1.0000	NaN	9.8815	-9.3280	14.8525	400941.4796	400941.7817	0.0000	1.0000	0.4197
21zf01	1	45	0	1	2.0000	1.0000	1.0000	0.0923	NaN	NaN	NaN	400942.7059	400943.0630	1.0000	1.0000	2.5623
21zf01	1	46	0	1	1.0000	1.0000	1.0000	NaN	1.1845	1.1241	13.5678	400947.6492	400947.9514	1.0000	1.0000	1.6899
21zf01	1	46	0	1	2.0000	1.0000	1.0000	0.7564	NaN	NaN	NaN	400950.1476	400950.4991	0.0000	0.0000	1.3350
21zf01	1	47	0	1	1.0000	1.0000	1.0000	NaN	9.2989	9.0880	14.3196	400953.9061	400954.2085	1.0000	1.0000	0.3608
21zf01	1	47	0	1	2.0000	1.0000	-1.0000	0.0044	NaN	NaN	NaN	400955.1225	400955.4790	1.0000	0.0000	0.6428
21zf01	1	48	0	1	1.0000	1.0000	-1.0000	NaN	10.6381	-10.3322	15.4140	400958.1662	400958.4703	0.0000	1.0000	0.5150
21zf01	1	48	0	1	2.0000	1.0000	1.0000	0.2279	NaN	NaN	NaN	400959.4770	400959.8862	1.0000	1.0000	0.5231
21zf01	1	49	0	1	1.0000	1.0000	1.0000	NaN	2.4929	3.6812	15.1067	400962.6639	400962.9689	1.0000	1.0000	0.4005
21zf01	1	49	0	1	2.0000	1.0000	1.0000	0.5577	NaN	NaN	NaN	400963.9576	400964.3870	1.0000	1.0000	2.1823
21zf01	1	50	0	1	1.0000	1.0000	1.0000	NaN	11.7966	13.6274	15.0560	400968.7320	400969.0368	1.0000	1.0000	0.4125
21zf01	1	50	0	1	2.0000	1.0000	1.0000	0.3969	NaN	NaN	NaN	400970.0377	400970.4529	0.0000	0.0000	2.1645
21zf01	2	1	0	1	1.0000	1.0000	-1.0000	NaN	2.0060	-3.8396	12.8957	400976.2465	400976.5509	0.0000	1.0000	1.4744
21zf01	2	1	0	1	2.0000	1.0000	1.0000	0.9349	NaN	NaN	NaN	400978.5517	400978.9690	1.0000	1.0000	1.4730
21zf01	2	2	0	1	1.0000	1.0000	1.0000	NaN	6.2536	4.8770	15.1741	400982.7653	400983.0698	1.0000	1.0000	0.3973
21zf01	2	2	0	1	2.0000	1.0000	1.0000	0.5195	NaN	NaN	NaN	400984.0533	400984.4688	1.0000	1.0000	1.7165
21zf01	2	3	0	1	1.0000	1.0000	1.0000	NaN	6.0057	5.3360	16.0076	400988.3359	400988.6412	1.0000	1.0000	0.8884
21zf01	2	3	0	1	2.0000	1.0000	-1.0000	0.6771	NaN	NaN	NaN	400990.0534	400990.4398	0.0000	1.0000	0.4975
21zf01	2	4	0	1	1.0000	1.0000	-1.0000	NaN	11.4196	-9.4707	15.5897	400993.0546	400993.3576	0.0000	1.0000	0.9406
21zf01	2	4	0	1	2.0000	1.0000	1.0000	0.3225	NaN	NaN	NaN	400994.8022	400995.1560	0.0000	0.0000	1.5093
21zf01	2	5	0	1	1.0000	1.0000	1.0000	NaN	4.2087	3.1763	16.3424	400998.6260	400998.9282	0.0000	0.0000	1.4810
21zf01	2	5	0	1	2.0000	1.0000	1.0000	0.5062	NaN	NaN	NaN	401000.9145	401001.2662	1.0000	1.0000	0.4871
21zf01	2	6	0	1	1.0000	1.0000	-1.0000	NaN	5.0746	-4.0529	14.1162	401004.1958	401004.5004	1.0000	0.0000	1.6369
21zf01	2	6	0	1	2.0000	1.0000	1.0000	0.1698	NaN	NaN	NaN	401006.6639	401007.0609	1.0000	1.0000	0.7094
21zf01	2	7	0	1	1.0000	1.0000	-1.0000	NaN	9.6008	-12.1630	15.4265	401010.1145	401010.4167	0.0000	1.0000	0.5209
21zf01	2	7	0	1	2.0000	1.0000	-1.0000	0.2469	NaN	NaN	NaN	401011.4743	401011.8274	1.0000	0.0000	1.8466
21zf01	2	8	0	1	1.0000	1.0000	1.0000	NaN	5.1887	5.6043	14.1218	401015.7402	401016.0425	1.0000	1.0000	0.4803
21zf01	2	8	0	1	2.0000	1.0000	-1.0000	0.4311	NaN	NaN	NaN	401017.0581	401017.4104	1.0000	0.0000	1.7988
21zf01	2	9	0	1	1.0000	1.0000	1.0000	NaN	1.5238	1.0435	16.3114	401021.3448	401021.6470	1.0000	1.0000	0.3629
21zf01	2	9	0	1	2.0000	1.0000	-1.0000	0.8605	NaN	NaN	NaN	401022.5619	401022.9149	0.0000	1.0000	1.9583
21zf01	2	10	0	1	1.0000	1.0000	-1.0000	NaN	7.3925	-7.9248	14.2338	401026.9805	401027.2828	0.0000	1.0000	0.6144
21zf01	2	10	0	1	2.0000	1.0000	1.0000	0.2385	NaN	NaN	NaN	401028.4502	401028.8044	0.0000	0.0000	1.0934
21zf01	2	11	0	1	1.0000	1.0000	1.0000	NaN	7.8823	7.3318	14.8574	401032.1342	401032.4364	1.0000	1.0000	0.4220
21zf01	2	11	0	1	2.0000	1.0000	-1.0000	0.3960	NaN	NaN	NaN	401033.4278	401033.7783	0.0000	1.0000	2.4241
21zf01	2	12	0	1	1.0000	1.0000	-1.0000	NaN	11.7797	-11.1174	14.7322	401038.2522	401038.5550	0.0000	1.0000	1.1519
21zf01	2	12	0	1	2.0000	1.0000	-1.0000	0.4377	NaN	NaN	NaN	401040.2110	401040.5639	1.0000	0.0000	1.2383
21zf01	2	13	0	1	1.0000	1.0000	-1.0000	NaN	9.8106	-8.2798	15.1714	401043.6863	401043.9899	0.0000	1.0000	0.7879
21zf01	2	13	0	1	2.0000	1.0000	-1.0000	0.7772	NaN	NaN	NaN	401045.2982	401045.6536	1.0000	0.0000	2.1636
21zf01	2	14	0	1	1.0000	1.0000	1.0000	NaN	7.4120	8.4065	15.5561	401049.9330	401050.2351	1.0000	1.0000	0.5269
21zf01	2	14	0	1	2.0000	1.0000	1.0000	0.5794	NaN	NaN	NaN	401051.3331	401051.7603	1.0000	1.0000	1.4182
21zf01	2	15	0	1	1.0000	1.0000	1.0000	NaN	6.6019	7.2260	15.2251	401055.8598	401056.1643	1.0000	1.0000	0.3250
21zf01	2	15	0	1	2.0000	1.0000	-1.0000	0.8321	NaN	NaN	NaN	401057.0644	401057.4817	0.0000	1.0000	1.1201
21zf01	2	16	0	1	1.0000	1.0000	1.0000	NaN	1.0059	0.8533	14.4097	401060.8369	401061.1424	0.0000	0.0000	0.9957
21zf01	2	16	0	1	2.0000	1.0000	1.0000	0.4280	NaN	NaN	NaN	401062.6641	401063.0815	0.0000	0.0000	1.3449
21zf01	2	17	0	1	1.0000	1.0000	-1.0000	NaN	1.8285	-1.1574	14.6596	401066.9596	401067.2641	1.0000	0.0000	2.2977
21zf01	2	17	0	1	2.0000	1.0000	1.0000	0.8677	NaN	NaN	NaN	401070.1014	401070.5144	1.0000	1.0000	0.5046
21zf01	2	18	0	1	1.0000	1.0000	1.0000	NaN	1.1705	1.9535	14.8358	401073.4933	401073.7978	1.0000	1.0000	0.7554
21zf01	2	18	0	1	2.0000	1.0000	-1.0000	0.6007	NaN	NaN	NaN	401075.1125	401075.5307	0.0000	1.0000	0.5431
21zf01	2	19	0	1	1.0000	1.0000	-1.0000	NaN	10.9888	-10.7385	16.4672	401078.6909	401078.9952	0.0000	1.0000	0.6300
21zf01	2	19	0	1	2.0000	1.0000	-1.0000	0.4007	NaN	NaN	NaN	401080.1650	401080.5801	1.0000	0.0000	1.7980
21zf01	2	20	0	1	1.0000	1.0000	-1.0000	NaN	2.0542	-4.2104	15.4417	401084.6311	401084.9334	0.0000	1.0000	0.6446
21zf01	2	20	0	1	2.0000	1.0000	-1.0000	0.6227	NaN	NaN	NaN	401086.1462	401086.5013	0.0000	1.0000	0.6772
21zf01	2	21	0	1	1.0000	1.0000	1.0000	NaN	6.9025	6.0190	14.4054	401089.2043	401089.5065	1.0000	1.0000	0.4078
21zf01	2	21	0	1	2.0000	1.0000	1.0000	0.9083	NaN	NaN	NaN	401090.5144	401090.8677	1.0000	1.0000	0.6620
21zf01	2	22	0	1	1.0000	1.0000	1.0000	NaN	5.5062	4.2439	15.8219	401093.5361	401093.8383	1.0000	1.0000	0.5241
21zf01	2	22	0	1	2.0000	1.0000	1.0000	0.2254	NaN	NaN	NaN	401094.8979	401095.2508	0.0000	0.0000	1.2223
21zf01	2	23	0	1	1.0000	1.0000	-1.0000	NaN	3.4688	-2.3501	15.6045	401098.8168	401099.1234	0.0000	1.0000	1.3498
21zf01	2	23	0	1	2.0000	1.0000	-1.0000	0.6423	NaN	NaN	NaN	401101.0121	401101.4300	0.0000	1.0000	0.8362
21zf01	2	24	0	1	1.0000	1.0000	-1.0000	NaN	6.2166	-6.1216	15.2287	401104.2095	401104.5143	0.0000	1.0000	0.6000
21zf01	2	24	0	1	2.0000	1.0000	-1.0000	0.8316	NaN	NaN	NaN	401105.6536	401106.0548	0.0000	1.0000	0.4823
21zf01	2	25	0	1	1.0000	1.0000	-1.0000	NaN	11.7920	-12.2015	15.8956	401109.0270	401109.3292	0.0000	1.0000	1.0166
21zf01	2	25	0	1	2.0000	1.0000	1.0000	0.7832	NaN	NaN	NaN	401110.8981	401111.2544	1.0000	1.0000	0.5307
21zf01	2	26	0	1	1.0000	1.0000	1.0000	NaN	10.6220	10.2541	16.1180	401114.3154	401114.6184	1.0000	1.0000	0.6074
21zf01	2	26	0	1	2.0000	1.0000	1.0000	0.0359	NaN	NaN	NaN	401115.7783	401116.1331	1.0000	1.0000	1.8285
21zf01	2	27	0	1	1.0000	1.0000	1.0000	NaN	4.4218	4.7604	14.9713	401120.4360	401120.7382	1.0000	1.0000	0.5990
21zf01	2	27	0	1	2.0000	1.0000	-1.0000	0.1743	NaN	NaN	NaN	401121.8901	401122.2403	0.0000	1.0000	0.6974
21zf01	2	28	0	1	1.0000	1.0000	-1.0000	NaN	1.0262	-2.7919	15.0835	401125.2375	401125.5398	1.0000	0.0000	1.5744
21zf01	2	28	0	1	2.0000	1.0000	-1.0000	0.4825	NaN	NaN	NaN	401127.6023	401127.9548	0.0000	1.0000	0.6634
21zf01	2	29	0	1	1.0000	1.0000	-1.0000	NaN	0.3506	-1.1422	14.9618	401131.0207	401131.3228	0.0000	1.0000	1.1515
21zf01	2	29	0	1	2.0000	1.0000	1.0000	0.7610	NaN	NaN	NaN	401132.9781	401133.3322	1.0000	1.0000	0.3420
21zf01	2	30	0	1	1.0000	1.0000	1.0000	NaN	11.6238	11.8788	14.1516	401136.1734	401136.4757	1.0000	1.0000	1.6615
21zf01	2	30	0	1	2.0000	1.0000	1.0000	0.6824	NaN	NaN	NaN	401138.6575	401139.0091	1.0000	1.0000	0.4086
21zf01	2	31	0	1	1.0000	1.0000	-1.0000	NaN	1.4798	-2.7952	13.7617	401141.7910	401142.0932	1.0000	0.0000	1.4206
21zf01	2	31	0	1	2.0000	1.0000	1.0000	0.2279	NaN	NaN	NaN	401144.0015	401144.3539	1.0000	1.0000	1.0157
21zf01	2	32	0	1	1.0000	1.0000	1.0000	NaN	6.5641	5.7056	14.2700	401148.0270	401148.3320	1.0000	1.0000	0.5736
21zf01	2	32	0	1	2.0000	1.0000	1.0000	0.4284	NaN	NaN	NaN	401149.5266	401149.9438	0.0000	0.0000	0.8345
21zf01	2	33	0	1	1.0000	1.0000	1.0000	NaN	0.5163	1.9052	15.8584	401152.7222	401153.0269	1.0000	1.0000	0.4542
21zf01	2	33	0	1	2.0000	1.0000	1.0000	0.0146	NaN	NaN	NaN	401154.0718	401154.4939	1.0000	1.0000	0.6846
21zf01	2	34	0	1	1.0000	1.0000	-1.0000	NaN	4.1998	-3.2548	15.4288	401157.5783	401157.8855	0.0000	1.0000	0.6046
21zf01	2	34	0	1	2.0000	1.0000	1.0000	0.8828	NaN	NaN	NaN	401159.0298	401159.4604	1.0000	1.0000	1.5257
21zf01	2	35	0	1	1.0000	1.0000	1.0000	NaN	7.2260	9.8447	13.7367	401163.1203	401163.4251	1.0000	1.0000	0.6970
21zf01	2	35	0	1	2.0000	1.0000	-1.0000	0.0064	NaN	NaN	NaN	401164.6620	401165.0762	0.0000	1.0000	1.3489
21zf01	2	36	0	1	1.0000	1.0000	-1.0000	NaN	3.0901	-3.2642	15.1442	401169.0176	401169.3198	1.0000	0.0000	0.8023
21zf01	2	36	0	1	2.0000	1.0000	-1.0000	0.1418	NaN	NaN	NaN	401170.6581	401171.0139	0.0000	1.0000	0.6441
21zf01	2	37	0	1	1.0000	1.0000	-1.0000	NaN	4.8217	-4.1738	14.9973	401174.0584	401174.3606	0.0000	1.0000	0.7211
21zf01	2	37	0	1	2.0000	1.0000	1.0000	0.4876	NaN	NaN	NaN	401175.6030	401175.9542	1.0000	1.0000	0.6317
21zf01	2	38	0	1	1.0000	1.0000	-1.0000	NaN	1.2811	-0.6616	15.2454	401178.7513	401179.0535	1.0000	0.0000	1.2449
21zf01	2	38	0	1	2.0000	1.0000	-1.0000	0.6852	NaN	NaN	NaN	401180.8347	401181.1854	0.0000	1.0000	0.9207
21zf01	2	39	0	1	1.0000	1.0000	-1.0000	NaN	10.5558	-12.6608	14.0897	401184.5052	401184.8074	0.0000	1.0000	1.0256
21zf01	2	39	0	1	2.0000	1.0000	-1.0000	0.8610	NaN	NaN	NaN	401186.3869	401186.7368	0.0000	1.0000	0.6978
21zf01	2	40	0	1	1.0000	1.0000	-1.0000	NaN	8.2706	-9.1537	15.7597	401189.7503	401190.0525	0.0000	1.0000	0.8376
21zf01	2	40	0	1	2.0000	1.0000	-1.0000	0.6214	NaN	NaN	NaN	401191.4098	401191.7669	0.0000	1.0000	0.5789
21zf01	2	41	0	1	1.0000	1.0000	1.0000	NaN	11.4027	10.4781	16.6700	401194.6410	401194.9455	1.0000	1.0000	0.3922
21zf01	2	41	0	1	2.0000	1.0000	1.0000	0.3012	NaN	NaN	NaN	401195.8929	401196.3079	1.0000	1.0000	0.6950
21zf01	2	42	0	1	1.0000	1.0000	-1.0000	NaN	7.4647	-7.5290	15.8308	401199.2093	401199.5116	0.0000	1.0000	0.7391
21zf01	2	42	0	1	2.0000	1.0000	-1.0000	0.8104	NaN	NaN	NaN	401200.7700	401201.1229	0.0000	1.0000	0.4875
21zf01	2	43	0	1	1.0000	1.0000	1.0000	NaN	2.7111	1.2898	14.0629	401204.1073	401204.4095	1.0000	1.0000	0.4315
21zf01	2	43	0	1	2.0000	1.0000	1.0000	0.1850	NaN	NaN	NaN	401205.3778	401205.7329	0.0000	0.0000	1.2367
21zf01	2	44	0	1	1.0000	1.0000	-1.0000	NaN	0.9103	-0.2434	14.5036	401209.1770	401209.4800	1.0000	0.0000	0.5301
21zf01	2	44	0	1	2.0000	1.0000	1.0000	0.5394	NaN	NaN	NaN	401210.5941	401210.9493	1.0000	1.0000	0.5957
21zf01	2	45	0	1	1.0000	1.0000	-1.0000	NaN	4.2379	-3.7013	14.8304	401214.1990	401214.5012	0.0000	1.0000	0.4849
21zf01	2	45	0	1	2.0000	1.0000	1.0000	0.2230	NaN	NaN	NaN	401215.5543	401215.9116	0.0000	0.0000	0.9142
21zf01	2	46	0	1	1.0000	1.0000	-1.0000	NaN	9.9699	-12.5782	14.2867	401219.1678	401219.4700	0.0000	1.0000	0.5074
21zf01	2	46	0	1	2.0000	1.0000	1.0000	0.3341	NaN	NaN	NaN	401220.5295	401220.8834	1.0000	1.0000	0.5034
21zf01	2	47	0	1	1.0000	1.0000	-1.0000	NaN	1.5837	-1.9392	14.9133	401223.5867	401223.8889	0.0000	1.0000	0.6167
21zf01	2	47	0	1	2.0000	1.0000	-1.0000	0.0916	NaN	NaN	NaN	401225.0573	401225.4109	1.0000	0.0000	0.8713
21zf01	2	48	0	1	1.0000	1.0000	-1.0000	NaN	8.7807	-8.1779	13.9072	401228.3536	401228.6558	0.0000	1.0000	0.3949
21zf01	2	48	0	1	2.0000	1.0000	1.0000	0.6167	NaN	NaN	NaN	401229.5704	401229.9276	0.0000	0.0000	0.7854
21zf01	2	49	0	1	1.0000	1.0000	1.0000	NaN	11.0063	14.2952	15.2181	401232.9647	401233.2669	1.0000	1.0000	0.3741
21zf01	2	49	0	1	2.0000	1.0000	1.0000	0.5222	NaN	NaN	NaN	401234.1936	401234.5481	1.0000	1.0000	0.4856
21zf01	2	50	0	1	1.0000	1.0000	1.0000	NaN	11.9536	10.7489	16.4074	401236.9158	401237.2179	1.0000	1.0000	0.3116
21zf01	2	50	0	1	2.0000	1.0000	-1.0000	0.5114	NaN	NaN	NaN	401238.0975	401238.4491	0.0000	1.0000	0.5359
21zf01	3	1	0	1	1.0000	1.0000	1.0000	NaN	1.0132	0.6551	15.9471	401243.2169	401243.5207	1.0000	1.0000	0.5683
21zf01	3	1	0	1	2.0000	1.0000	-1.0000	0.8253	NaN	NaN	NaN	401244.6451	401245.0674	0.0000	1.0000	0.3662
21zf01	3	2	0	1	1.0000	1.0000	1.0000	NaN	2.2852	1.4701	15.5282	401247.7457	401248.0502	1.0000	1.0000	1.4148
21zf01	3	2	0	1	2.0000	1.0000	1.0000	0.6357	NaN	NaN	NaN	401250.0378	401250.4265	1.0000	1.0000	0.2865
21zf01	3	3	0	1	1.0000	1.0000	-1.0000	NaN	7.4887	-8.5611	13.1753	401253.1847	401253.4869	0.0000	1.0000	0.3142
21zf01	3	3	0	1	2.0000	1.0000	-1.0000	0.4645	NaN	NaN	NaN	401254.3542	401254.7096	0.0000	1.0000	0.5153
21zf01	3	4	0	1	1.0000	1.0000	-1.0000	NaN	6.3257	-5.6815	13.9015	401257.2491	401257.5513	0.0000	1.0000	0.4742
21zf01	3	4	0	1	2.0000	1.0000	-1.0000	0.4181	NaN	NaN	NaN	401258.5613	401258.9147	0.0000	1.0000	0.4075
21zf01	3	5	0	1	1.0000	1.0000	-1.0000	NaN	9.0447	-8.3485	14.5860	401261.6036	401261.9059	0.0000	1.0000	0.3271
21zf01	3	5	0	1	2.0000	1.0000	-1.0000	0.7193	NaN	NaN	NaN	401262.7855	401263.1424	0.0000	1.0000	0.2585
21zf01	3	6	0	1	1.0000	1.0000	1.0000	NaN	9.7714	11.1374	14.0236	401265.5003	401265.8025	1.0000	1.0000	0.1591
21zf01	3	6	0	1	2.0000	1.0000	-1.0000	0.2416	NaN	NaN	NaN	401266.5308	401266.8829	1.0000	0.0000	1.2392
21zf01	3	7	0	1	1.0000	1.0000	-1.0000	NaN	8.1837	-8.8276	14.7204	401270.1462	401270.4483	0.0000	1.0000	0.3127
21zf01	3	7	0	1	2.0000	1.0000	-1.0000	0.0566	NaN	NaN	NaN	401271.2991	401271.6524	0.0000	1.0000	0.4051
21zf01	3	8	0	1	1.0000	1.0000	1.0000	NaN	6.9207	8.4816	14.0491	401273.9571	401274.2600	1.0000	1.0000	0.3100
21zf01	3	8	0	1	2.0000	1.0000	-1.0000	0.7652	NaN	NaN	NaN	401275.1220	401275.4794	0.0000	1.0000	0.4988
21zf01	3	9	0	1	1.0000	1.0000	1.0000	NaN	2.6610	0.7463	15.5539	401278.3451	401278.6473	1.0000	1.0000	0.3536
21zf01	3	9	0	1	2.0000	1.0000	1.0000	0.6757	NaN	NaN	NaN	401279.5854	401279.9417	1.0000	1.0000	0.4198
21zf01	3	10	0	1	1.0000	1.0000	-1.0000	NaN	6.2598	-7.9901	16.2200	401282.2452	401282.5475	0.0000	1.0000	0.2945
21zf01	3	10	0	1	2.0000	1.0000	1.0000	0.0679	NaN	NaN	NaN	401283.3619	401283.7135	0.0000	0.0000	0.7447
21zf01	3	11	0	1	1.0000	1.0000	-1.0000	NaN	4.0455	-4.1376	15.3044	401286.9831	401287.2876	0.0000	1.0000	0.3706
21zf01	3	11	0	1	2.0000	1.0000	1.0000	0.0113	NaN	NaN	NaN	401288.2002	401288.6199	1.0000	1.0000	0.9096
21zf01	3	12	0	1	1.0000	1.0000	-1.0000	NaN	2.2675	-1.7923	15.8308	401291.9821	401292.2869	0.0000	1.0000	0.2180
21zf01	3	12	0	1	2.0000	1.0000	-1.0000	0.7075	NaN	NaN	NaN	401293.0323	401293.4297	0.0000	1.0000	0.4678
21zf01	3	13	0	1	1.0000	1.0000	1.0000	NaN	8.9176	10.5366	14.4217	401296.5042	401296.8064	1.0000	1.0000	0.2436
21zf01	3	13	0	1	2.0000	1.0000	-1.0000	0.7199	NaN	NaN	NaN	401297.6343	401297.9908	0.0000	1.0000	0.8029
21zf01	3	14	0	1	1.0000	1.0000	-1.0000	NaN	2.0151	-2.0160	15.4807	401300.8418	401301.1440	0.0000	1.0000	0.8650
21zf01	3	14	0	1	2.0000	1.0000	1.0000	0.4654	NaN	NaN	NaN	401302.5473	401302.8976	0.0000	0.0000	0.5851
21zf01	3	15	0	1	1.0000	1.0000	1.0000	NaN	2.2425	2.8432	14.0126	401305.5231	401305.8265	1.0000	1.0000	0.2796
21zf01	3	15	0	1	2.0000	1.0000	1.0000	0.7554	NaN	NaN	NaN	401306.6734	401307.0278	1.0000	1.0000	0.4371
21zf01	3	16	0	1	1.0000	1.0000	1.0000	NaN	4.4092	5.9546	15.1596	401310.1205	401310.4227	1.0000	1.0000	0.3712
21zf01	3	16	0	1	2.0000	1.0000	1.0000	0.3757	NaN	NaN	NaN	401311.3305	401311.6806	1.0000	1.0000	0.5849
21zf01	3	17	0	1	1.0000	1.0000	-1.0000	NaN	5.6511	-5.9008	15.2152	401314.5652	401314.8675	0.0000	1.0000	0.4706
21zf01	3	17	0	1	2.0000	1.0000	-1.0000	0.5686	NaN	NaN	NaN	401315.8734	401316.2268	0.0000	1.0000	0.7905
21zf01	3	18	0	1	1.0000	1.0000	1.0000	NaN	0.3665	1.2951	14.6557	401319.1915	401319.4938	0.0000	0.0000	0.7235
21zf01	3	18	0	1	2.0000	1.0000	-1.0000	0.1879	NaN	NaN	NaN	401320.7696	401321.1269	0.0000	1.0000	0.6913
21zf01	3	19	0	1	1.0000	1.0000	-1.0000	NaN	6.5745	-5.6929	13.7953	401324.4877	401324.7904	0.0000	1.0000	0.5478
21zf01	3	19	0	1	2.0000	1.0000	-1.0000	0.4017	NaN	NaN	NaN	401325.8894	401326.2434	0.0000	1.0000	1.1415
21zf01	3	20	0	1	1.0000	1.0000	-1.0000	NaN	2.7659	-3.8784	14.1165	401329.4336	401329.7359	0.0000	1.0000	0.6262
21zf01	3	20	0	1	2.0000	1.0000	1.0000	0.4474	NaN	NaN	NaN	401330.9141	401331.2660	1.0000	1.0000	0.6148
21zf01	3	21	0	1	1.0000	1.0000	-1.0000	NaN	4.0846	-4.8768	15.1425	401333.8624	401334.1663	0.0000	1.0000	0.4837
21zf01	3	21	0	1	2.0000	1.0000	-1.0000	0.9118	NaN	NaN	NaN	401335.2040	401335.5828	0.0000	1.0000	0.5221
21zf01	3	22	0	1	1.0000	1.0000	-1.0000	NaN	5.1390	-5.8428	13.9593	401338.4629	401338.7651	0.0000	1.0000	0.4296
21zf01	3	22	0	1	2.0000	1.0000	1.0000	0.1814	NaN	NaN	NaN	401339.7300	401340.0820	1.0000	1.0000	0.9193
21zf01	3	23	0	1	1.0000	1.0000	-1.0000	NaN	2.3774	-4.8655	15.3890	401343.1151	401343.4174	0.0000	1.0000	0.3355
21zf01	3	23	0	1	2.0000	1.0000	-1.0000	0.3538	NaN	NaN	NaN	401344.2901	401344.6437	1.0000	0.0000	0.9492
21zf01	3	24	0	1	1.0000	1.0000	-1.0000	NaN	11.4901	-12.2050	15.2883	401348.2032	401348.5061	0.0000	1.0000	0.4317
21zf01	3	24	0	1	2.0000	1.0000	1.0000	0.5195	NaN	NaN	NaN	401349.4272	401349.7788	0.0000	0.0000	0.7593
21zf01	3	25	0	1	1.0000	1.0000	-1.0000	NaN	1.2798	-0.4758	13.9726	401353.1480	401353.4502	0.0000	1.0000	0.8797
21zf01	3	25	0	1	2.0000	1.0000	-1.0000	0.4205	NaN	NaN	NaN	401354.8496	401355.2043	0.0000	1.0000	0.4692
21zf01	3	26	0	1	1.0000	1.0000	-1.0000	NaN	5.2284	-5.5074	15.2320	401357.9532	401358.2571	0.0000	1.0000	0.4878
21zf01	3	26	0	1	2.0000	1.0000	-1.0000	0.2163	NaN	NaN	NaN	401359.2818	401359.6377	1.0000	0.0000	0.5799
21zf01	3	27	0	1	1.0000	1.0000	1.0000	NaN	9.6034	8.7813	15.7205	401362.9178	401363.2201	1.0000	1.0000	0.3888
21zf01	3	27	0	1	2.0000	1.0000	-1.0000	0.4611	NaN	NaN	NaN	401364.1779	401364.5309	0.0000	1.0000	0.4220
21zf01	3	28	0	1	1.0000	1.0000	-1.0000	NaN	3.8352	-2.7282	15.0894	401367.1514	401367.4537	0.0000	1.0000	0.4932
21zf01	3	28	0	1	2.0000	1.0000	-1.0000	0.0654	NaN	NaN	NaN	401368.4654	401368.8203	0.0000	1.0000	0.6446
21zf01	3	29	0	1	1.0000	1.0000	1.0000	NaN	7.9983	9.9811	14.5340	401371.8741	401372.1763	1.0000	1.0000	0.3299
21zf01	3	29	0	1	2.0000	1.0000	1.0000	0.6632	NaN	NaN	NaN	401373.0432	401373.3941	1.0000	1.0000	0.4708
21zf01	3	30	0	1	1.0000	1.0000	1.0000	NaN	8.8543	9.7765	15.4859	401376.1719	401376.4742	1.0000	1.0000	0.3667
21zf01	3	30	0	1	2.0000	1.0000	1.0000	0.0500	NaN	NaN	NaN	401377.4752	401377.8270	0.0000	0.0000	0.5350
21zf01	3	31	0	1	1.0000	1.0000	1.0000	NaN	4.7911	3.6262	15.4272	401380.8878	401381.1925	1.0000	1.0000	0.2563
21zf01	3	31	0	1	2.0000	1.0000	1.0000	0.0574	NaN	NaN	NaN	401382.0365	401382.4479	1.0000	1.0000	0.4908
21zf01	3	32	0	1	1.0000	1.0000	1.0000	NaN	7.6624	7.0240	13.9196	401385.3500	401385.6573	1.0000	1.0000	0.2894
21zf01	3	32	0	1	2.0000	1.0000	-1.0000	0.6649	NaN	NaN	NaN	401386.5495	401386.9654	1.0000	0.0000	0.9645
21zf01	3	33	0	1	1.0000	1.0000	-1.0000	NaN	1.6328	-2.9427	14.9039	401390.2271	401390.5320	1.0000	0.0000	1.6528
21zf01	3	33	0	1	2.0000	1.0000	1.0000	0.1383	NaN	NaN	NaN	401392.7438	401393.1646	0.0000	0.0000	0.7642
21zf01	3	34	0	1	1.0000	1.0000	-1.0000	NaN	7.7372	-6.5908	14.0458	401396.4351	401396.7418	0.0000	1.0000	0.6430
21zf01	3	34	0	1	2.0000	1.0000	-1.0000	0.8127	NaN	NaN	NaN	401397.9115	401398.3311	0.0000	1.0000	0.5097
21zf01	3	35	0	1	1.0000	1.0000	-1.0000	NaN	2.1822	-3.3152	13.6178	401401.4751	401401.7795	0.0000	1.0000	0.4053
21zf01	3	35	0	1	2.0000	1.0000	-1.0000	0.8651	NaN	NaN	NaN	401402.7275	401403.1474	0.0000	1.0000	0.3830
21zf01	3	36	0	1	1.0000	1.0000	1.0000	NaN	9.3662	7.6296	15.8891	401405.5448	401405.8491	1.0000	1.0000	0.6877
21zf01	3	36	0	1	2.0000	1.0000	1.0000	0.3272	NaN	NaN	NaN	401407.1275	401407.5472	1.0000	1.0000	0.5273
21zf01	3	37	0	1	1.0000	1.0000	1.0000	NaN	5.8633	6.1093	16.3195	401410.3319	401410.6383	1.0000	1.0000	0.3952
21zf01	3	37	0	1	2.0000	1.0000	1.0000	0.6938	NaN	NaN	NaN	401411.6687	401412.0798	1.0000	1.0000	0.3617
21zf01	3	38	0	1	1.0000	1.0000	-1.0000	NaN	6.9958	-8.7312	14.7778	401414.6444	401414.9485	0.0000	1.0000	0.3083
21zf01	3	38	0	1	2.0000	1.0000	-1.0000	0.3654	NaN	NaN	NaN	401415.7487	401416.1629	1.0000	0.0000	0.6151
21zf01	3	39	0	1	1.0000	1.0000	-1.0000	NaN	5.0072	-3.2850	14.8051	401418.7845	401419.0906	0.0000	1.0000	0.3117
21zf01	3	39	0	1	2.0000	1.0000	-1.0000	0.2280	NaN	NaN	NaN	401419.9275	401420.3466	1.0000	0.0000	0.4469
21zf01	3	40	0	1	1.0000	1.0000	1.0000	NaN	7.0088	8.4457	14.5284	401423.1926	401423.4967	1.0000	1.0000	0.3040
21zf01	3	40	0	1	2.0000	1.0000	1.0000	0.3267	NaN	NaN	NaN	401424.3735	401424.7831	0.0000	0.0000	0.4267
21zf01	3	41	0	1	1.0000	1.0000	1.0000	NaN	5.1798	5.1152	13.7657	401427.8545	401428.1586	1.0000	1.0000	0.3628
21zf01	3	41	0	1	2.0000	1.0000	-1.0000	0.2774	NaN	NaN	NaN	401429.1113	401429.5295	1.0000	0.0000	0.5272
21zf01	3	42	0	1	1.0000	1.0000	1.0000	NaN	3.3123	3.8173	14.1867	401432.4429	401432.7477	0.0000	0.0000	0.5903
21zf01	3	42	0	1	2.0000	1.0000	1.0000	0.7170	NaN	NaN	NaN	401433.8133	401434.2292	1.0000	1.0000	0.8675
21zf01	3	43	0	1	1.0000	1.0000	-1.0000	NaN	0.0138	-1.7316	14.8574	401437.4921	401437.7966	0.0000	1.0000	0.7247
21zf01	3	43	0	1	2.0000	1.0000	1.0000	0.8702	NaN	NaN	NaN	401439.0616	401439.4502	1.0000	1.0000	0.3675
21zf01	3	44	0	1	1.0000	1.0000	-1.0000	NaN	5.1625	-3.1102	17.1153	401442.1609	401442.4654	0.0000	1.0000	0.5045
21zf01	3	44	0	1	2.0000	1.0000	-1.0000	0.8772	NaN	NaN	NaN	401443.4780	401443.8954	0.0000	1.0000	0.4022
21zf01	3	45	0	1	1.0000	1.0000	1.0000	NaN	2.9003	2.7312	15.4957	401446.2632	401446.5695	1.0000	1.0000	0.6252
21zf01	3	45	0	1	2.0000	1.0000	-1.0000	0.3703	NaN	NaN	NaN	401447.7491	401448.1331	0.0000	1.0000	0.8836
21zf01	3	46	0	1	1.0000	1.0000	-1.0000	NaN	9.3500	-7.8676	14.0943	401451.0580	401451.3603	0.0000	1.0000	0.4731
21zf01	3	46	0	1	2.0000	1.0000	1.0000	0.5043	NaN	NaN	NaN	401452.3857	401452.7382	1.0000	1.0000	1.3025
21zf01	3	47	0	1	1.0000	1.0000	-1.0000	NaN	11.9890	-12.4229	16.5261	401456.1807	401456.4833	0.0000	1.0000	0.2774
21zf01	3	47	0	1	2.0000	1.0000	-1.0000	0.1216	NaN	NaN	NaN	401457.2652	401457.6201	0.0000	1.0000	0.6618
21zf01	3	48	0	1	1.0000	1.0000	-1.0000	NaN	11.7570	-12.4605	14.4126	401460.8455	401461.1477	0.0000	1.0000	0.3029
21zf01	3	48	0	1	2.0000	1.0000	1.0000	0.8596	NaN	NaN	NaN	401462.0019	401462.3544	1.0000	1.0000	0.4228
21zf01	3	49	0	1	1.0000	1.0000	-1.0000	NaN	7.4051	-7.9175	15.4567	401465.0405	401465.3426	0.0000	1.0000	0.3954
21zf01	3	49	0	1	2.0000	1.0000	1.0000	0.2759	NaN	NaN	NaN	401466.2893	401466.6394	1.0000	1.0000	1.0333
21zf01	3	50	0	1	1.0000	1.0000	1.0000	NaN	0.9735	1.1017	13.4628	401469.9389	401470.2410	1.0000	1.0000	0.4409
21zf01	3	50	0	1	2.0000	1.0000	1.0000	0.7412	NaN	NaN	NaN	401471.2973	401471.6527	1.0000	1.0000	0.4686
