19ll01	1	1	0	1	1.0000	1.0000	1.0000	NaN	7.9153	9.1605	15.0034	845894.1107	845894.4178	1.0000	1.0000	0.1513
19ll01	1	1	0	1	2.0000	1.0000	-1.0000	0.1424	NaN	NaN	NaN	845895.0929	845895.4782	1.0000	0.0000	0.5305
19ll01	1	2	0	1	1.0000	1.0000	1.0000	NaN	7.8689	8.7862	13.9941	845899.2042	845899.5063	1.0000	1.0000	0.1661
19ll01	1	2	0	1	2.0000	1.0000	1.0000	0.9115	NaN	NaN	NaN	845900.2405	845900.5946	1.0000	1.0000	0.1506
19ll01	1	3	0	1	1.0000	1.0000	1.0000	NaN	4.0100	3.7764	13.9117	845903.4171	845903.7192	1.0000	1.0000	0.4335
19ll01	1	3	0	1	2.0000	1.0000	-1.0000	0.8464	NaN	NaN	NaN	845904.7365	845905.0872	0.0000	1.0000	0.2816
19ll01	1	4	0	1	1.0000	1.0000	-1.0000	NaN	8.0140	-8.0635	14.9997	845907.8007	845908.1027	0.0000	1.0000	0.4974
19ll01	1	4	0	1	2.0000	1.0000	1.0000	0.2128	NaN	NaN	NaN	845909.1849	845909.5367	1.0000	1.0000	0.1208
19ll01	1	5	0	1	1.0000	1.0000	1.0000	NaN	4.5433	5.6530	15.6781	845912.1886	845912.4907	1.0000	1.0000	0.2390
19ll01	1	5	0	1	2.0000	1.0000	-1.0000	0.6121	NaN	NaN	NaN	845913.2811	845913.6326	0.0000	1.0000	0.3921
19ll01	1	6	0	1	1.0000	1.0000	1.0000	NaN	1.2676	2.1278	16.7414	845916.3594	845916.6629	1.0000	1.0000	0.5772
19ll01	1	6	0	1	2.0000	1.0000	-1.0000	0.3089	NaN	NaN	NaN	845917.7935	845918.1476	0.0000	1.0000	0.1964
19ll01	1	7	0	1	1.0000	1.0000	1.0000	NaN	6.5666	7.9320	14.1297	845920.3514	845920.6535	1.0000	1.0000	0.2518
19ll01	1	7	0	1	2.0000	1.0000	-1.0000	0.9113	NaN	NaN	NaN	845921.4574	845921.8141	0.0000	1.0000	0.1313
19ll01	1	8	0	1	1.0000	1.0000	-1.0000	NaN	3.8253	-3.5945	15.4498	845924.5096	845924.8160	1.0000	0.0000	0.8415
19ll01	1	8	0	1	2.0000	1.0000	1.0000	0.2818	NaN	NaN	NaN	845926.2441	845926.6547	1.0000	1.0000	0.3141
19ll01	1	9	0	1	1.0000	1.0000	-1.0000	NaN	3.6762	-0.5394	15.6184	845928.8802	845929.1844	0.0000	1.0000	0.4877
19ll01	1	9	0	1	2.0000	1.0000	-1.0000	0.4244	NaN	NaN	NaN	845930.2757	845930.6885	0.0000	1.0000	0.4561
19ll01	1	10	0	1	1.0000	1.0000	1.0000	NaN	9.8115	9.2237	13.4359	845933.3002	845933.6023	1.0000	1.0000	0.3097
19ll01	1	10	0	1	2.0000	1.0000	-1.0000	0.4852	NaN	NaN	NaN	845934.4661	845934.8163	0.0000	1.0000	0.2165
19ll01	1	11	0	1	1.0000	1.0000	1.0000	NaN	5.0814	4.2677	13.9927	845937.4470	845937.7491	1.0000	1.0000	0.4029
19ll01	1	11	0	1	2.0000	1.0000	-1.0000	0.7399	NaN	NaN	NaN	845938.7212	845939.0758	0.0000	1.0000	0.2934
19ll01	1	12	0	1	1.0000	1.0000	1.0000	NaN	1.3344	1.3499	16.0529	845941.3591	845941.6621	1.0000	1.0000	0.3632
19ll01	1	12	0	1	2.0000	1.0000	1.0000	0.3508	NaN	NaN	NaN	845942.5771	845942.9311	1.0000	1.0000	0.3096
19ll01	1	13	0	1	1.0000	1.0000	1.0000	NaN	7.2238	8.0302	16.2475	845945.6796	845945.9816	1.0000	1.0000	0.2677
19ll01	1	13	0	1	2.0000	1.0000	1.0000	0.1574	NaN	NaN	NaN	845946.8013	845947.1516	1.0000	1.0000	0.2490
19ll01	1	14	0	1	1.0000	1.0000	-1.0000	NaN	1.8439	-1.2881	14.5598	845949.7564	845950.0586	1.0000	0.0000	0.5575
19ll01	1	14	0	1	2.0000	1.0000	-1.0000	0.2531	NaN	NaN	NaN	845951.1854	845951.5421	0.0000	1.0000	0.5144
19ll01	1	15	0	1	1.0000	1.0000	-1.0000	NaN	3.1465	-3.7573	15.4025	845954.1532	845954.4553	1.0000	0.0000	0.5127
19ll01	1	15	0	1	2.0000	1.0000	-1.0000	0.5652	NaN	NaN	NaN	845955.5368	845955.8917	0.0000	1.0000	0.3723
19ll01	1	16	0	1	1.0000	1.0000	1.0000	NaN	0.8159	2.1671	15.2450	845958.8779	845959.1801	1.0000	1.0000	0.4119
19ll01	1	16	0	1	2.0000	1.0000	1.0000	0.6604	NaN	NaN	NaN	845960.1614	845960.5135	1.0000	1.0000	0.2945
19ll01	1	17	0	1	1.0000	1.0000	-1.0000	NaN	8.1567	-8.5889	14.4285	845963.2148	845963.5169	0.0000	1.0000	0.3311
19ll01	1	17	0	1	2.0000	1.0000	-1.0000	0.3186	NaN	NaN	NaN	845964.4166	845964.7672	0.0000	1.0000	1.2888
19ll01	1	18	0	1	1.0000	1.0000	1.0000	NaN	3.3231	3.2563	15.8870	845968.5455	845968.8475	1.0000	1.0000	0.5377
19ll01	1	18	0	1	2.0000	1.0000	-1.0000	0.0302	NaN	NaN	NaN	845969.9689	845970.3648	1.0000	0.0000	0.8120
19ll01	1	19	0	1	1.0000	1.0000	1.0000	NaN	7.1323	7.7006	15.3740	845973.4672	845973.7717	1.0000	1.0000	0.5408
19ll01	1	19	0	1	2.0000	1.0000	-1.0000	0.2477	NaN	NaN	NaN	845974.9022	845975.2909	1.0000	0.0000	0.8626
19ll01	1	20	0	1	1.0000	1.0000	-1.0000	NaN	7.0741	-7.0222	14.4871	845978.1992	845978.5014	0.0000	1.0000	0.6441
19ll01	1	20	0	1	2.0000	1.0000	1.0000	0.1146	NaN	NaN	NaN	845979.7309	845980.0806	1.0000	1.0000	0.5514
19ll01	1	21	0	1	1.0000	1.0000	-1.0000	NaN	11.2079	-9.7050	16.6123	845982.8289	845983.1311	0.0000	1.0000	0.3494
19ll01	1	21	0	1	2.0000	1.0000	1.0000	0.8067	NaN	NaN	NaN	845984.0650	845984.4163	1.0000	1.0000	0.2324
19ll01	1	22	0	1	1.0000	1.0000	1.0000	NaN	9.0152	11.6689	15.2458	845987.0546	845987.3567	1.0000	1.0000	0.3798
19ll01	1	22	0	1	2.0000	1.0000	-1.0000	0.2126	NaN	NaN	NaN	845988.3048	845988.6610	0.0000	1.0000	0.6116
19ll01	1	23	0	1	1.0000	1.0000	1.0000	NaN	11.4923	11.4610	15.4480	845991.8184	845992.1205	1.0000	1.0000	0.2395
19ll01	1	23	0	1	2.0000	1.0000	1.0000	0.6058	NaN	NaN	NaN	845992.9462	845993.2967	1.0000	1.0000	0.2960
19ll01	1	24	0	1	1.0000	1.0000	-1.0000	NaN	4.5787	-1.9770	14.8792	845995.8727	845996.1760	1.0000	0.0000	0.9201
19ll01	1	24	0	1	2.0000	1.0000	1.0000	0.4168	NaN	NaN	NaN	845997.6649	845998.0157	1.0000	1.0000	0.3763
19ll01	1	25	0	1	1.0000	1.0000	-1.0000	NaN	3.0968	-3.3180	14.3059	846000.9420	846001.2442	1.0000	0.0000	0.6043
19ll01	1	25	0	1	2.0000	1.0000	-1.0000	0.1056	NaN	NaN	NaN	846002.4334	846002.7895	0.0000	1.0000	0.7071
19ll01	1	26	0	1	1.0000	1.0000	-1.0000	NaN	9.9766	-10.0104	15.1938	846005.6014	846005.9036	0.0000	1.0000	0.3771
19ll01	1	26	0	1	2.0000	1.0000	1.0000	0.3714	NaN	NaN	NaN	846006.8492	846007.2059	1.0000	1.0000	0.3381
19ll01	1	27	0	1	1.0000	1.0000	-1.0000	NaN	3.7526	-3.6700	13.4086	846009.8263	846010.1285	0.0000	1.0000	0.9849
19ll01	1	27	0	1	2.0000	1.0000	1.0000	0.4040	NaN	NaN	NaN	846011.7127	846012.0624	1.0000	1.0000	0.2992
19ll01	1	28	0	1	1.0000	1.0000	1.0000	NaN	6.8259	4.6682	14.8169	846014.8963	846015.2001	1.0000	1.0000	0.6159
19ll01	1	28	0	1	2.0000	1.0000	-1.0000	0.1234	NaN	NaN	NaN	846016.3876	846016.7996	1.0000	0.0000	0.7931
19ll01	1	29	0	1	1.0000	1.0000	-1.0000	NaN	7.9961	-10.7016	13.3489	846020.2474	846020.5521	0.0000	1.0000	0.3684
19ll01	1	29	0	1	2.0000	1.0000	1.0000	0.6660	NaN	NaN	NaN	846021.5089	846021.9298	1.0000	1.0000	0.2388
19ll01	1	30	0	1	1.0000	1.0000	1.0000	NaN	5.8415	6.6013	14.2694	846024.7246	846025.0290	1.0000	1.0000	0.5316
19ll01	1	30	0	1	2.0000	1.0000	1.0000	0.7369	NaN	NaN	NaN	846026.1330	846026.5498	1.0000	1.0000	0.3542
19ll01	1	31	0	1	1.0000	1.0000	-1.0000	NaN	3.7346	-2.6658	16.2023	846028.9590	846029.2611	1.0000	0.0000	0.7955
19ll01	1	31	0	1	2.0000	1.0000	1.0000	0.7546	NaN	NaN	NaN	846030.6257	846030.9767	1.0000	1.0000	0.3279
19ll01	1	32	0	1	1.0000	1.0000	1.0000	NaN	5.7591	6.1804	13.6043	846033.4909	846033.7931	1.0000	1.0000	0.4229
19ll01	1	32	0	1	2.0000	1.0000	1.0000	0.4750	NaN	NaN	NaN	846034.7846	846035.1376	0.0000	0.0000	0.9343
19ll01	1	33	0	1	1.0000	1.0000	-1.0000	NaN	7.7558	-6.5580	16.3672	846038.1709	846038.4739	0.0000	1.0000	0.4307
19ll01	1	33	0	1	2.0000	1.0000	1.0000	0.4233	NaN	NaN	NaN	846039.4883	846039.8416	1.0000	1.0000	0.5184
19ll01	1	34	0	1	1.0000	1.0000	1.0000	NaN	6.5983	8.2786	14.8981	846042.5671	846042.8694	1.0000	1.0000	0.3552
19ll01	1	34	0	1	2.0000	1.0000	-1.0000	0.5507	NaN	NaN	NaN	846043.7944	846044.1445	0.0000	1.0000	0.4718
19ll01	1	35	0	1	1.0000	1.0000	1.0000	NaN	8.5804	10.5662	16.1210	846047.0374	846047.3401	1.0000	1.0000	0.3318
19ll01	1	35	0	1	2.0000	1.0000	1.0000	0.7401	NaN	NaN	NaN	846048.2403	846048.5925	1.0000	1.0000	0.2800
19ll01	1	36	0	1	1.0000	1.0000	-1.0000	NaN	11.3374	-8.6709	14.8913	846051.1360	846051.4393	0.0000	1.0000	0.3606
19ll01	1	36	0	1	2.0000	1.0000	1.0000	0.8576	NaN	NaN	NaN	846052.3844	846052.7410	1.0000	1.0000	0.2590
19ll01	1	37	0	1	1.0000	1.0000	1.0000	NaN	1.4280	3.6168	13.8424	846054.9158	846055.2178	1.0000	1.0000	0.2953
19ll01	1	37	0	1	2.0000	1.0000	-1.0000	0.1545	NaN	NaN	NaN	846056.0811	846056.4368	0.0000	1.0000	0.3725
19ll01	1	38	0	1	1.0000	1.0000	1.0000	NaN	1.5981	0.8067	15.2499	846059.0055	846059.3076	0.0000	0.0000	0.7973
19ll01	1	38	0	1	2.0000	1.0000	1.0000	0.0793	NaN	NaN	NaN	846060.7051	846061.0585	1.0000	1.0000	0.7902
19ll01	1	39	0	1	1.0000	1.0000	-1.0000	NaN	8.3889	-7.9955	13.8254	846064.1705	846064.4759	0.0000	1.0000	0.3325
19ll01	1	39	0	1	2.0000	1.0000	1.0000	0.4807	NaN	NaN	NaN	846065.4143	846065.8030	1.0000	1.0000	0.4293
19ll01	1	40	0	1	1.0000	1.0000	-1.0000	NaN	4.0526	-3.3499	15.3434	846068.2389	846068.5410	0.0000	1.0000	0.5229
19ll01	1	40	0	1	2.0000	1.0000	1.0000	0.4648	NaN	NaN	NaN	846069.6651	846070.0194	1.0000	1.0000	1.2063
19ll01	1	41	0	1	1.0000	1.0000	1.0000	NaN	4.8914	2.7918	14.8056	846073.2898	846073.5920	1.0000	1.0000	0.7040
19ll01	1	41	0	1	2.0000	1.0000	-1.0000	0.6217	NaN	NaN	NaN	846074.8653	846075.2190	0.0000	1.0000	0.4701
19ll01	1	42	0	1	1.0000	1.0000	1.0000	NaN	11.6471	11.6227	15.2525	846078.0855	846078.3886	1.0000	1.0000	0.3235
19ll01	1	42	0	1	2.0000	1.0000	1.0000	0.1497	NaN	NaN	NaN	846079.2805	846079.6355	1.0000	1.0000	0.4364
19ll01	1	43	0	1	1.0000	1.0000	-1.0000	NaN	6.7344	-8.8010	14.4502	846082.1538	846082.4558	0.0000	1.0000	0.3369
19ll01	1	43	0	1	2.0000	1.0000	-1.0000	0.0310	NaN	NaN	NaN	846083.3766	846083.7280	0.0000	1.0000	1.4799
19ll01	1	44	0	1	1.0000	1.0000	1.0000	NaN	7.7879	8.7646	15.0519	846087.2646	846087.5667	1.0000	1.0000	0.2972
19ll01	1	44	0	1	2.0000	1.0000	-1.0000	0.9243	NaN	NaN	NaN	846088.4481	846088.8016	0.0000	1.0000	0.3273
19ll01	1	45	0	1	1.0000	1.0000	-1.0000	NaN	9.8815	-9.3280	14.8525	846091.3181	846091.6212	1.0000	0.0000	0.6279
19ll01	1	45	0	1	2.0000	1.0000	1.0000	0.0923	NaN	NaN	NaN	846092.8167	846093.1722	1.0000	1.0000	0.7877
19ll01	1	46	0	1	1.0000	1.0000	1.0000	NaN	1.1845	1.1241	13.5678	846096.0499	846096.3529	1.0000	1.0000	1.2236
19ll01	1	46	0	1	2.0000	1.0000	1.0000	0.7564	NaN	NaN	NaN	846098.1609	846098.5178	1.0000	1.0000	0.2421
19ll01	1	47	0	1	1.0000	1.0000	1.0000	NaN	9.2989	9.0880	14.3196	846100.8819	846101.1841	1.0000	1.0000	0.4249
19ll01	1	47	0	1	2.0000	1.0000	-1.0000	0.0044	NaN	NaN	NaN	846102.1929	846102.5439	0.0000	1.0000	1.4320
19ll01	1	48	0	1	1.0000	1.0000	-1.0000	NaN	10.6381	-10.3322	15.4140	846106.0326	846106.3354	0.0000	1.0000	0.5045
19ll01	1	48	0	1	2.0000	1.0000	1.0000	0.2279	NaN	NaN	NaN	846107.4413	846107.7909	1.0000	1.0000	0.3770
19ll01	1	49	0	1	1.0000	1.0000	1.0000	NaN	2.4929	3.6812	15.1067	846110.4458	846110.7496	1.0000	1.0000	0.6032
19ll01	1	49	0	1	2.0000	1.0000	1.0000	0.5577	NaN	NaN	NaN	846111.9108	846112.3046	1.0000	1.0000	0.3599
19ll01	1	50	0	1	1.0000	1.0000	1.0000	NaN	11.7966	13.6274	15.0560	846114.8289	846115.1310	1.0000	1.0000	0.3339
19ll01	1	50	0	1	2.0000	1.0000	1.0000	0.3969	NaN	NaN	NaN	846116.0322	846116.3877	1.0000	1.0000	0.6778
19ll01	2	1	0	1	1.0000	1.0000	-1.0000	NaN	2.0060	-3.8396	12.8957	846125.4871	846125.7892	1.0000	0.0000	0.8279
19ll01	2	1	0	1	2.0000	1.0000	1.0000	0.9349	NaN	NaN	NaN	846127.2162	846127.5705	1.0000	1.0000	0.1014
19ll01	2	2	0	1	1.0000	1.0000	1.0000	NaN	6.2536	4.8770	15.1741	846129.9870	846130.2891	1.0000	1.0000	0.2804
19ll01	2	2	0	1	2.0000	1.0000	1.0000	0.5195	NaN	NaN	NaN	846131.1381	846131.4883	1.0000	1.0000	0.2801
19ll01	2	3	0	1	1.0000	1.0000	1.0000	NaN	6.0057	5.3360	16.0076	846133.9408	846134.2429	1.0000	1.0000	0.4536
19ll01	2	3	0	1	2.0000	1.0000	-1.0000	0.6771	NaN	NaN	NaN	846135.2811	846135.6367	0.0000	1.0000	0.1952
19ll01	2	4	0	1	1.0000	1.0000	-1.0000	NaN	11.4196	-9.4707	15.5897	846138.0134	846138.3156	0.0000	1.0000	0.2855
19ll01	2	4	0	1	2.0000	1.0000	1.0000	0.3225	NaN	NaN	NaN	846139.1687	846139.5212	1.0000	1.0000	0.3266
19ll01	2	5	0	1	1.0000	1.0000	1.0000	NaN	4.2087	3.1763	16.3424	846141.8544	846142.1565	1.0000	1.0000	0.3645
19ll01	2	5	0	1	2.0000	1.0000	1.0000	0.5062	NaN	NaN	NaN	846143.0895	846143.4392	1.0000	1.0000	0.2333
19ll01	2	6	0	1	1.0000	1.0000	-1.0000	NaN	5.0746	-4.0529	14.1162	846146.0529	846146.3549	0.0000	1.0000	0.3889
19ll01	2	6	0	1	2.0000	1.0000	1.0000	0.1698	NaN	NaN	NaN	846147.3128	846147.6696	1.0000	1.0000	0.2909
19ll01	2	7	0	1	1.0000	1.0000	-1.0000	NaN	9.6008	-12.1630	15.4265	846150.2742	846150.5763	0.0000	1.0000	0.2155
19ll01	2	7	0	1	2.0000	1.0000	-1.0000	0.2469	NaN	NaN	NaN	846151.3611	846151.7153	0.0000	1.0000	0.3725
19ll01	2	8	0	1	1.0000	1.0000	1.0000	NaN	5.1887	5.6043	14.1218	846154.1529	846154.4552	1.0000	1.0000	0.2902
19ll01	2	8	0	1	2.0000	1.0000	-1.0000	0.4311	NaN	NaN	NaN	846155.2973	846155.6525	0.0000	1.0000	0.2434
19ll01	2	9	0	1	1.0000	1.0000	1.0000	NaN	1.5238	1.0435	16.3114	846158.0021	846158.3042	1.0000	1.0000	0.2328
19ll01	2	9	0	1	2.0000	1.0000	-1.0000	0.8605	NaN	NaN	NaN	846159.1054	846159.4550	1.0000	0.0000	1.2248
19ll01	2	10	0	1	1.0000	1.0000	-1.0000	NaN	7.3925	-7.9248	14.2338	846162.8895	846163.1936	0.0000	1.0000	0.2714
19ll01	2	10	0	1	2.0000	1.0000	1.0000	0.2385	NaN	NaN	NaN	846164.0359	846164.4470	1.0000	1.0000	0.1688
19ll01	2	11	0	1	1.0000	1.0000	1.0000	NaN	7.8823	7.3318	14.8574	846166.8644	846167.1708	1.0000	1.0000	0.4060
19ll01	2	11	0	1	2.0000	1.0000	-1.0000	0.3960	NaN	NaN	NaN	846168.1318	846168.5432	0.0000	1.0000	0.4406
19ll01	2	12	0	1	1.0000	1.0000	-1.0000	NaN	11.7797	-11.1174	14.7322	846171.1238	846171.4282	0.0000	1.0000	0.3401
19ll01	2	12	0	1	2.0000	1.0000	-1.0000	0.4377	NaN	NaN	NaN	846172.3256	846172.7429	0.0000	1.0000	0.4502
19ll01	2	13	0	1	1.0000	1.0000	-1.0000	NaN	9.8106	-8.2798	15.1714	846175.1307	846175.4370	0.0000	1.0000	0.8120
19ll01	2	13	0	1	2.0000	1.0000	-1.0000	0.7772	NaN	NaN	NaN	846176.8224	846177.2428	0.0000	1.0000	0.3828
19ll01	2	14	0	1	1.0000	1.0000	1.0000	NaN	7.4120	8.4065	15.5561	846179.7497	846180.0540	1.0000	1.0000	0.2587
19ll01	2	14	0	1	2.0000	1.0000	1.0000	0.5794	NaN	NaN	NaN	846180.8690	846181.2872	1.0000	1.0000	0.1940
19ll01	2	15	0	1	1.0000	1.0000	1.0000	NaN	6.6019	7.2260	15.2251	846184.1445	846184.4516	1.0000	1.0000	0.2761
19ll01	2	15	0	1	2.0000	1.0000	-1.0000	0.8321	NaN	NaN	NaN	846185.2834	846185.7032	0.0000	1.0000	0.1452
19ll01	2	16	0	1	1.0000	1.0000	1.0000	NaN	1.0059	0.8533	14.4097	846188.1133	846188.4195	1.0000	1.0000	0.4372
19ll01	2	16	0	1	2.0000	1.0000	1.0000	0.4280	NaN	NaN	NaN	846189.4268	846189.8416	1.0000	1.0000	0.1666
19ll01	2	17	0	1	1.0000	1.0000	-1.0000	NaN	1.8285	-1.1574	14.6596	846192.5466	846192.8526	1.0000	0.0000	0.2612
19ll01	2	17	0	1	2.0000	1.0000	1.0000	0.8677	NaN	NaN	NaN	846193.6547	846194.0752	1.0000	1.0000	0.2536
19ll01	2	18	0	1	1.0000	1.0000	1.0000	NaN	1.1705	1.9535	14.8358	846196.8204	846197.1246	1.0000	1.0000	0.4041
19ll01	2	18	0	1	2.0000	1.0000	-1.0000	0.6007	NaN	NaN	NaN	846198.0700	846198.4782	0.0000	1.0000	0.1380
19ll01	2	19	0	1	1.0000	1.0000	-1.0000	NaN	10.9888	-10.7385	16.4672	846201.2640	846201.5688	0.0000	1.0000	0.2641
19ll01	2	19	0	1	2.0000	1.0000	-1.0000	0.4007	NaN	NaN	NaN	846202.3905	846202.8081	0.0000	1.0000	0.3202
19ll01	2	20	0	1	1.0000	1.0000	-1.0000	NaN	2.0542	-4.2104	15.4417	846205.3921	846205.6969	0.0000	1.0000	1.1434
19ll01	2	20	0	1	2.0000	1.0000	-1.0000	0.6227	NaN	NaN	NaN	846207.3797	846207.7790	0.0000	1.0000	0.1328
19ll01	2	21	0	1	1.0000	1.0000	1.0000	NaN	6.9025	6.0190	14.4054	846209.9862	846210.2884	1.0000	1.0000	0.2648
19ll01	2	21	0	1	2.0000	1.0000	1.0000	0.9083	NaN	NaN	NaN	846211.0917	846211.5071	1.0000	1.0000	0.1812
19ll01	2	22	0	1	1.0000	1.0000	1.0000	NaN	5.5062	4.2439	15.8219	846213.6537	846213.9577	1.0000	1.0000	0.2900
19ll01	2	22	0	1	2.0000	1.0000	1.0000	0.2254	NaN	NaN	NaN	846214.7905	846215.1841	1.0000	1.0000	0.9851
19ll01	2	23	0	1	1.0000	1.0000	-1.0000	NaN	3.4688	-2.3501	15.6045	846218.5492	846218.8513	0.0000	1.0000	0.8210
19ll01	2	23	0	1	2.0000	1.0000	-1.0000	0.6423	NaN	NaN	NaN	846220.2410	846220.5951	0.0000	1.0000	0.2286
19ll01	2	24	0	1	1.0000	1.0000	-1.0000	NaN	6.2166	-6.1216	15.2287	846222.8038	846223.1059	0.0000	1.0000	0.5025
19ll01	2	24	0	1	2.0000	1.0000	-1.0000	0.8316	NaN	NaN	NaN	846224.1767	846224.5322	0.0000	1.0000	0.4041
19ll01	2	25	0	1	1.0000	1.0000	-1.0000	NaN	11.7920	-12.2015	15.8956	846227.4250	846227.7272	0.0000	1.0000	0.3300
19ll01	2	25	0	1	2.0000	1.0000	1.0000	0.7832	NaN	NaN	NaN	846228.6086	846228.9653	1.0000	1.0000	0.4041
19ll01	2	26	0	1	1.0000	1.0000	1.0000	NaN	10.6220	10.2541	16.1180	846231.8824	846232.1845	1.0000	1.0000	0.2563
19ll01	2	26	0	1	2.0000	1.0000	1.0000	0.0359	NaN	NaN	NaN	846232.9769	846233.3319	1.0000	1.0000	1.1574
19ll01	2	27	0	1	1.0000	1.0000	1.0000	NaN	4.4218	4.7604	14.9713	846236.9778	846237.2806	1.0000	1.0000	0.4086
19ll01	2	27	0	1	2.0000	1.0000	-1.0000	0.1743	NaN	NaN	NaN	846238.2408	846238.5943	0.0000	1.0000	0.5500
19ll01	2	28	0	1	1.0000	1.0000	-1.0000	NaN	1.0262	-2.7919	15.0835	846241.4616	846241.7638	1.0000	0.0000	0.5330
19ll01	2	28	0	1	2.0000	1.0000	-1.0000	0.4825	NaN	NaN	NaN	846242.8657	846243.2160	1.0000	0.0000	0.8237
19ll01	2	29	0	1	1.0000	1.0000	-1.0000	NaN	0.3506	-1.1422	14.9618	846246.4756	846246.7782	1.0000	0.0000	0.3021
19ll01	2	29	0	1	2.0000	1.0000	1.0000	0.7610	NaN	NaN	NaN	846247.6176	846247.9672	1.0000	1.0000	0.2490
19ll01	2	30	0	1	1.0000	1.0000	1.0000	NaN	11.6238	11.8788	14.1516	846250.7716	846251.0738	1.0000	1.0000	0.2620
19ll01	2	30	0	1	2.0000	1.0000	1.0000	0.6824	NaN	NaN	NaN	846251.8886	846252.2434	1.0000	1.0000	0.3245
19ll01	2	31	0	1	1.0000	1.0000	-1.0000	NaN	1.4798	-2.7952	13.7617	846254.9591	846255.2657	1.0000	0.0000	0.5026
19ll01	2	31	0	1	2.0000	1.0000	1.0000	0.2279	NaN	NaN	NaN	846256.3071	846256.7101	1.0000	1.0000	0.5297
19ll01	2	32	0	1	1.0000	1.0000	1.0000	NaN	6.5641	5.7056	14.2700	846259.9246	846260.2270	1.0000	1.0000	0.3903
19ll01	2	32	0	1	2.0000	1.0000	1.0000	0.4284	NaN	NaN	NaN	846261.1691	846261.5190	1.0000	1.0000	0.4413
19ll01	2	33	0	1	1.0000	1.0000	1.0000	NaN	0.5163	1.9052	15.8584	846263.8748	846264.1775	1.0000	1.0000	0.7102
19ll01	2	33	0	1	2.0000	1.0000	1.0000	0.0146	NaN	NaN	NaN	846265.4399	846265.7968	1.0000	1.0000	0.8669
19ll01	2	34	0	1	1.0000	1.0000	-1.0000	NaN	4.1998	-3.2548	15.4288	846269.0529	846269.3550	1.0000	0.0000	0.8139
19ll01	2	34	0	1	2.0000	1.0000	1.0000	0.8828	NaN	NaN	NaN	846270.7206	846271.0761	1.0000	1.0000	0.2920
19ll01	2	35	0	1	1.0000	1.0000	1.0000	NaN	7.2260	9.8447	13.7367	846273.5571	846273.8595	1.0000	1.0000	0.2921
19ll01	2	35	0	1	2.0000	1.0000	-1.0000	0.0064	NaN	NaN	NaN	846274.7050	846275.0590	0.0000	1.0000	0.7087
19ll01	2	36	0	1	1.0000	1.0000	-1.0000	NaN	3.0901	-3.2642	15.1442	846278.4231	846278.7253	1.0000	0.0000	0.5636
19ll01	2	36	0	1	2.0000	1.0000	-1.0000	0.1418	NaN	NaN	NaN	846279.8558	846280.2127	0.0000	1.0000	0.6109
19ll01	2	37	0	1	1.0000	1.0000	-1.0000	NaN	4.8217	-4.1738	14.9973	846283.2258	846283.5283	1.0000	0.0000	0.6079
19ll01	2	37	0	1	2.0000	1.0000	1.0000	0.4876	NaN	NaN	NaN	846284.6889	846285.0459	1.0000	1.0000	0.3218
19ll01	2	38	0	1	1.0000	1.0000	-1.0000	NaN	1.2811	-0.6616	15.2454	846287.6387	846287.9408	1.0000	0.0000	0.5795
19ll01	2	38	0	1	2.0000	1.0000	-1.0000	0.6852	NaN	NaN	NaN	846289.0724	846289.4291	0.0000	1.0000	0.3866
19ll01	2	39	0	1	1.0000	1.0000	-1.0000	NaN	10.5558	-12.6608	14.0897	846292.2956	846292.5977	0.0000	1.0000	0.2579
19ll01	2	39	0	1	2.0000	1.0000	-1.0000	0.8610	NaN	NaN	NaN	846293.4079	846293.7621	0.0000	1.0000	0.2456
19ll01	2	40	0	1	1.0000	1.0000	-1.0000	NaN	8.2706	-9.1537	15.7597	846296.3875	846296.6896	1.0000	0.0000	0.8546
19ll01	2	40	0	1	2.0000	1.0000	-1.0000	0.6214	NaN	NaN	NaN	846298.1120	846298.4633	0.0000	1.0000	0.2968
19ll01	2	41	0	1	1.0000	1.0000	1.0000	NaN	11.4027	10.4781	16.6700	846301.1655	846301.4692	1.0000	1.0000	0.2670
19ll01	2	41	0	1	2.0000	1.0000	1.0000	0.3012	NaN	NaN	NaN	846302.3061	846302.7184	1.0000	1.0000	0.2812
19ll01	2	42	0	1	1.0000	1.0000	-1.0000	NaN	7.4647	-7.5290	15.8308	846305.2469	846305.5506	0.0000	1.0000	1.2411
19ll01	2	42	0	1	2.0000	1.0000	-1.0000	0.8104	NaN	NaN	NaN	846307.3659	846307.7862	0.0000	1.0000	0.2061
19ll01	2	43	0	1	1.0000	1.0000	1.0000	NaN	2.7111	1.2898	14.0629	846310.5489	846310.8533	1.0000	1.0000	0.4023
19ll01	2	43	0	1	2.0000	1.0000	1.0000	0.1850	NaN	NaN	NaN	846311.7987	846312.2193	1.0000	1.0000	0.5725
19ll01	2	44	0	1	1.0000	1.0000	-1.0000	NaN	0.9103	-0.2434	14.5036	846314.9887	846315.2958	1.0000	0.0000	0.8245
19ll01	2	44	0	1	2.0000	1.0000	1.0000	0.5394	NaN	NaN	NaN	846316.6921	846317.0992	1.0000	1.0000	0.3012
19ll01	2	45	0	1	1.0000	1.0000	-1.0000	NaN	4.2379	-3.7013	14.8304	846320.0697	846320.3718	0.0000	1.0000	0.6773
19ll01	2	45	0	1	2.0000	1.0000	1.0000	0.2230	NaN	NaN	NaN	846321.6164	846321.9735	1.0000	1.0000	0.3541
19ll01	2	46	0	1	1.0000	1.0000	-1.0000	NaN	9.9699	-12.5782	14.2867	846324.6761	846324.9783	0.0000	1.0000	0.3422
19ll01	2	46	0	1	2.0000	1.0000	1.0000	0.3341	NaN	NaN	NaN	846325.8880	846326.2439	1.0000	1.0000	0.4681
19ll01	2	47	0	1	1.0000	1.0000	-1.0000	NaN	1.5837	-1.9392	14.9133	846328.9438	846329.2460	1.0000	0.0000	0.5857
19ll01	2	47	0	1	2.0000	1.0000	-1.0000	0.0916	NaN	NaN	NaN	846330.4165	846330.7731	1.0000	0.0000	1.1705
19ll01	2	48	0	1	1.0000	1.0000	-1.0000	NaN	8.7807	-8.1779	13.9072	846334.0167	846334.3187	0.0000	1.0000	0.4409
19ll01	2	48	0	1	2.0000	1.0000	1.0000	0.6167	NaN	NaN	NaN	846335.3298	846335.6796	1.0000	1.0000	0.3290
19ll01	2	49	0	1	1.0000	1.0000	1.0000	NaN	11.0063	14.2952	15.2181	846338.2730	846338.5755	1.0000	1.0000	0.4087
19ll01	2	49	0	1	2.0000	1.0000	1.0000	0.5222	NaN	NaN	NaN	846339.5364	846339.8932	1.0000	1.0000	0.7561
19ll01	2	50	0	1	1.0000	1.0000	1.0000	NaN	11.9536	10.7489	16.4074	846342.5625	846342.8646	1.0000	1.0000	0.3595
19ll01	2	50	0	1	2.0000	1.0000	-1.0000	0.5114	NaN	NaN	NaN	846343.7622	846344.1124	0.0000	1.0000	0.4712
19ll01	3	1	0	1	1.0000	1.0000	1.0000	NaN	1.0132	0.6551	15.9471	846351.5840	846351.8884	1.0000	1.0000	0.6808
19ll01	3	1	0	1	2.0000	1.0000	-1.0000	0.8253	NaN	NaN	NaN	846353.1402	846353.5639	0.0000	1.0000	0.3003
19ll01	3	2	0	1	1.0000	1.0000	1.0000	NaN	2.2852	1.4701	15.5282	846356.1306	846356.4353	1.0000	1.0000	0.8683
19ll01	3	2	0	1	2.0000	1.0000	1.0000	0.6357	NaN	NaN	NaN	846357.8921	846358.3137	1.0000	1.0000	0.3019
19ll01	3	3	0	1	1.0000	1.0000	-1.0000	NaN	7.4887	-8.5611	13.1753	846361.0813	846361.3862	0.0000	1.0000	0.3179
19ll01	3	3	0	1	2.0000	1.0000	-1.0000	0.4645	NaN	NaN	NaN	846362.2611	846362.6823	0.0000	1.0000	0.3498
19ll01	3	4	0	1	1.0000	1.0000	-1.0000	NaN	6.3257	-5.6815	13.9015	846365.0566	846365.3587	1.0000	0.0000	0.6816
19ll01	3	4	0	1	2.0000	1.0000	-1.0000	0.4181	NaN	NaN	NaN	846366.6093	846366.9598	0.0000	1.0000	0.2808
19ll01	3	5	0	1	1.0000	1.0000	-1.0000	NaN	9.0447	-8.3485	14.5860	846369.6010	846369.9031	0.0000	1.0000	0.7137
19ll01	3	5	0	1	2.0000	1.0000	-1.0000	0.7193	NaN	NaN	NaN	846371.1689	846371.5249	0.0000	1.0000	0.3079
19ll01	3	6	0	1	1.0000	1.0000	1.0000	NaN	9.7714	11.1374	14.0236	846373.9299	846374.2320	1.0000	1.0000	0.2731
19ll01	3	6	0	1	2.0000	1.0000	-1.0000	0.2416	NaN	NaN	NaN	846375.0406	846375.3928	0.0000	1.0000	0.6638
19ll01	3	7	0	1	1.0000	1.0000	-1.0000	NaN	8.1837	-8.8276	14.7204	846378.1116	846378.4138	0.0000	1.0000	0.3618
19ll01	3	7	0	1	2.0000	1.0000	-1.0000	0.0566	NaN	NaN	NaN	846379.3279	846379.6773	1.0000	0.0000	0.3943
19ll01	3	8	0	1	1.0000	1.0000	1.0000	NaN	6.9207	8.4816	14.0491	846382.0045	846382.3067	1.0000	1.0000	0.2459
19ll01	3	8	0	1	2.0000	1.0000	-1.0000	0.7652	NaN	NaN	NaN	846383.1049	846383.4577	0.0000	1.0000	0.3109
19ll01	3	9	0	1	1.0000	1.0000	1.0000	NaN	2.6610	0.7463	15.5539	846386.2141	846386.5161	1.0000	1.0000	0.3882
19ll01	3	9	0	1	2.0000	1.0000	1.0000	0.6757	NaN	NaN	NaN	846387.4566	846387.8088	1.0000	1.0000	0.2472
19ll01	3	10	0	1	1.0000	1.0000	-1.0000	NaN	6.2598	-7.9901	16.2200	846389.9543	846390.2564	0.0000	1.0000	0.5364
19ll01	3	10	0	1	2.0000	1.0000	1.0000	0.0679	NaN	NaN	NaN	846391.3444	846391.6959	1.0000	1.0000	0.3762
19ll01	3	11	0	1	1.0000	1.0000	-1.0000	NaN	4.0455	-4.1376	15.3044	846394.5915	846394.8962	1.0000	0.0000	0.4079
19ll01	3	11	0	1	2.0000	1.0000	1.0000	0.0113	NaN	NaN	NaN	846395.8620	846396.2817	1.0000	1.0000	0.6386
19ll01	3	12	0	1	1.0000	1.0000	-1.0000	NaN	2.2675	-1.7923	15.8308	846399.4117	846399.7166	1.0000	0.0000	0.7550
19ll01	3	12	0	1	2.0000	1.0000	-1.0000	0.7075	NaN	NaN	NaN	846401.0470	846401.4649	0.0000	1.0000	0.2066
19ll01	3	13	0	1	1.0000	1.0000	1.0000	NaN	8.9176	10.5366	14.4217	846404.3660	846404.6721	1.0000	1.0000	0.2812
19ll01	3	13	0	1	2.0000	1.0000	-1.0000	0.7199	NaN	NaN	NaN	846405.5106	846405.9313	0.0000	1.0000	0.3014
19ll01	3	14	0	1	1.0000	1.0000	-1.0000	NaN	2.0151	-2.0160	15.4807	846408.2936	846408.5981	1.0000	0.0000	0.6261
19ll01	3	14	0	1	2.0000	1.0000	1.0000	0.4654	NaN	NaN	NaN	846409.7804	846410.1978	1.0000	1.0000	0.2902
19ll01	3	15	0	1	1.0000	1.0000	1.0000	NaN	2.2425	2.8432	14.0126	846412.5584	846412.8630	1.0000	1.0000	0.4086
19ll01	3	15	0	1	2.0000	1.0000	1.0000	0.7554	NaN	NaN	NaN	846413.8302	846414.2242	1.0000	1.0000	0.2953
19ll01	3	16	0	1	1.0000	1.0000	1.0000	NaN	4.4092	5.9546	15.1596	846417.1436	846417.4457	1.0000	1.0000	0.3550
19ll01	3	16	0	1	2.0000	1.0000	1.0000	0.3757	NaN	NaN	NaN	846418.3364	846418.6893	1.0000	1.0000	0.4062
19ll01	3	17	0	1	1.0000	1.0000	-1.0000	NaN	5.6511	-5.9008	15.2152	846421.3944	846421.6966	0.0000	1.0000	0.3909
19ll01	3	17	0	1	2.0000	1.0000	-1.0000	0.5686	NaN	NaN	NaN	846422.6417	846422.9919	0.0000	1.0000	0.3596
19ll01	3	18	0	1	1.0000	1.0000	1.0000	NaN	0.3665	1.2951	14.6557	846425.5092	846425.8114	1.0000	1.0000	0.5169
19ll01	3	18	0	1	2.0000	1.0000	-1.0000	0.1879	NaN	NaN	NaN	846426.8646	846427.2180	0.0000	1.0000	0.4227
19ll01	3	19	0	1	1.0000	1.0000	-1.0000	NaN	6.5745	-5.6929	13.7953	846430.2794	846430.5816	1.0000	0.0000	0.5299
19ll01	3	19	0	1	2.0000	1.0000	-1.0000	0.4017	NaN	NaN	NaN	846431.6329	846431.9886	0.0000	1.0000	0.5309
19ll01	3	20	0	1	1.0000	1.0000	-1.0000	NaN	2.7659	-3.8784	14.1165	846434.5710	846434.8732	0.0000	1.0000	0.4152
19ll01	3	20	0	1	2.0000	1.0000	1.0000	0.4474	NaN	NaN	NaN	846435.8086	846436.1603	1.0000	1.0000	0.3272
19ll01	3	21	0	1	1.0000	1.0000	-1.0000	NaN	4.0846	-4.8768	15.1425	846438.4522	846438.7543	0.0000	1.0000	0.5828
19ll01	3	21	0	1	2.0000	1.0000	-1.0000	0.9118	NaN	NaN	NaN	846439.8947	846440.3129	0.0000	1.0000	0.2386
19ll01	3	22	0	1	1.0000	1.0000	-1.0000	NaN	5.1390	-5.8428	13.9593	846442.9527	846443.2571	0.0000	1.0000	0.3522
19ll01	3	22	0	1	2.0000	1.0000	1.0000	0.1814	NaN	NaN	NaN	846444.1319	846444.5174	1.0000	1.0000	0.5461
19ll01	3	23	0	1	1.0000	1.0000	-1.0000	NaN	2.3774	-4.8655	15.3890	846447.1624	846447.4645	0.0000	1.0000	0.5109
19ll01	3	23	0	1	2.0000	1.0000	-1.0000	0.3538	NaN	NaN	NaN	846448.5278	846448.8839	0.0000	1.0000	0.4847
19ll01	3	24	0	1	1.0000	1.0000	-1.0000	NaN	11.4901	-12.2050	15.2883	846451.9168	846452.2199	0.0000	1.0000	0.4930
19ll01	3	24	0	1	2.0000	1.0000	1.0000	0.5195	NaN	NaN	NaN	846453.2317	846453.5875	1.0000	1.0000	0.3080
19ll01	3	25	0	1	1.0000	1.0000	-1.0000	NaN	1.2798	-0.4758	13.9726	846456.4444	846456.7466	1.0000	0.0000	0.6855
19ll01	3	25	0	1	2.0000	1.0000	-1.0000	0.4205	NaN	NaN	NaN	846457.9689	846458.3220	0.0000	1.0000	0.3415
19ll01	3	26	0	1	1.0000	1.0000	-1.0000	NaN	5.2284	-5.5074	15.2320	846460.9300	846461.2322	1.0000	0.0000	0.5680
19ll01	3	26	0	1	2.0000	1.0000	-1.0000	0.2163	NaN	NaN	NaN	846462.3523	846462.7051	0.0000	1.0000	0.2793
19ll01	3	27	0	1	1.0000	1.0000	1.0000	NaN	9.6034	8.7813	15.7205	846465.6867	846465.9889	1.0000	1.0000	0.3876
19ll01	3	27	0	1	2.0000	1.0000	-1.0000	0.4611	NaN	NaN	NaN	846466.9287	846467.2827	0.0000	1.0000	0.5655
19ll01	3	28	0	1	1.0000	1.0000	-1.0000	NaN	3.8352	-2.7282	15.0894	846470.0615	846470.3636	0.0000	1.0000	0.6851
19ll01	3	28	0	1	2.0000	1.0000	-1.0000	0.0654	NaN	NaN	NaN	846471.6005	846471.9546	1.0000	0.0000	0.5654
19ll01	3	29	0	1	1.0000	1.0000	1.0000	NaN	7.9983	9.9811	14.5340	846475.0157	846475.3187	1.0000	1.0000	0.3688
19ll01	3	29	0	1	2.0000	1.0000	1.0000	0.6632	NaN	NaN	NaN	846476.2245	846476.5750	1.0000	1.0000	0.3450
19ll01	3	30	0	1	1.0000	1.0000	1.0000	NaN	8.8543	9.7765	15.4859	846479.2092	846479.5115	1.0000	1.0000	0.3840
19ll01	3	30	0	1	2.0000	1.0000	1.0000	0.0500	NaN	NaN	NaN	846480.4478	846480.8028	1.0000	1.0000	0.9012
19ll01	3	31	0	1	1.0000	1.0000	1.0000	NaN	4.7911	3.6262	15.4272	846484.2184	846484.5205	1.0000	1.0000	0.4002
19ll01	3	31	0	1	2.0000	1.0000	1.0000	0.0574	NaN	NaN	NaN	846485.4560	846485.8082	1.0000	1.0000	0.8882
19ll01	3	32	0	1	1.0000	1.0000	1.0000	NaN	7.6624	7.0240	13.9196	846489.0228	846489.3267	1.0000	1.0000	0.3935
19ll01	3	32	0	1	2.0000	1.0000	-1.0000	0.6649	NaN	NaN	NaN	846490.2591	846490.6748	0.0000	1.0000	0.3247
19ll01	3	33	0	1	1.0000	1.0000	-1.0000	NaN	1.6328	-2.9427	14.9039	846493.2059	846493.5096	1.0000	0.0000	0.5304
19ll01	3	33	0	1	2.0000	1.0000	1.0000	0.1383	NaN	NaN	NaN	846494.5960	846495.0235	1.0000	1.0000	0.6163
19ll01	3	34	0	1	1.0000	1.0000	-1.0000	NaN	7.7372	-6.5908	14.0458	846498.0367	846498.3414	1.0000	0.0000	0.5957
19ll01	3	34	0	1	2.0000	1.0000	-1.0000	0.8127	NaN	NaN	NaN	846499.4929	846499.8866	0.0000	1.0000	0.2344
19ll01	3	35	0	1	1.0000	1.0000	-1.0000	NaN	2.1822	-3.3152	13.6178	846502.8057	846503.1079	0.0000	1.0000	0.5481
19ll01	3	35	0	1	2.0000	1.0000	-1.0000	0.8651	NaN	NaN	NaN	846504.1919	846504.5477	0.0000	1.0000	0.2282
19ll01	3	36	0	1	1.0000	1.0000	1.0000	NaN	9.3662	7.6296	15.8891	846506.8145	846507.1171	1.0000	1.0000	0.4269
19ll01	3	36	0	1	2.0000	1.0000	1.0000	0.3272	NaN	NaN	NaN	846508.0958	846508.4515	1.0000	1.0000	0.2769
19ll01	3	37	0	1	1.0000	1.0000	1.0000	NaN	5.8633	6.1093	16.3195	846510.9922	846511.2944	1.0000	1.0000	0.3615
19ll01	3	37	0	1	2.0000	1.0000	1.0000	0.6938	NaN	NaN	NaN	846512.1767	846512.5306	1.0000	1.0000	0.2295
19ll01	3	38	0	1	1.0000	1.0000	-1.0000	NaN	6.9958	-8.7312	14.7778	846514.9244	846515.2265	1.0000	0.0000	0.9264
19ll01	3	38	0	1	2.0000	1.0000	-1.0000	0.3654	NaN	NaN	NaN	846516.7208	846517.0705	0.0000	1.0000	0.2333
19ll01	3	39	0	1	1.0000	1.0000	-1.0000	NaN	5.0072	-3.2850	14.8051	846519.2718	846519.5739	1.0000	0.0000	0.6255
19ll01	3	39	0	1	2.0000	1.0000	-1.0000	0.2280	NaN	NaN	NaN	846520.7532	846521.1035	1.0000	0.0000	0.9521
19ll01	3	40	0	1	1.0000	1.0000	1.0000	NaN	7.0088	8.4457	14.5284	846524.4006	846524.7028	1.0000	1.0000	0.3611
19ll01	3	40	0	1	2.0000	1.0000	1.0000	0.3267	NaN	NaN	NaN	846525.6017	846525.9519	1.0000	1.0000	0.3117
19ll01	3	41	0	1	1.0000	1.0000	1.0000	NaN	5.1798	5.1152	13.7657	846528.8879	846529.1901	1.0000	1.0000	0.5298
19ll01	3	41	0	1	2.0000	1.0000	-1.0000	0.2774	NaN	NaN	NaN	846530.2562	846530.6131	0.0000	1.0000	0.7869
19ll01	3	42	0	1	1.0000	1.0000	1.0000	NaN	3.3123	3.8173	14.1867	846533.6764	846533.9833	1.0000	1.0000	0.5685
19ll01	3	42	0	1	2.0000	1.0000	1.0000	0.7170	NaN	NaN	NaN	846535.0911	846535.5075	1.0000	1.0000	0.3244
19ll01	3	43	0	1	1.0000	1.0000	-1.0000	NaN	0.0138	-1.7316	14.8574	846538.1997	846538.5045	1.0000	0.0000	1.3594
19ll01	3	43	0	1	2.0000	1.0000	1.0000	0.8702	NaN	NaN	NaN	846540.4076	846540.8012	1.0000	1.0000	0.3120
19ll01	3	44	0	1	1.0000	1.0000	-1.0000	NaN	5.1625	-3.1102	17.1153	846543.4995	846543.8017	1.0000	0.0000	0.8316
19ll01	3	44	0	1	2.0000	1.0000	-1.0000	0.8772	NaN	NaN	NaN	846545.1694	846545.5191	0.0000	1.0000	0.2969
19ll01	3	45	0	1	1.0000	1.0000	1.0000	NaN	2.9003	2.7312	15.4957	846547.8235	846548.1256	1.0000	1.0000	0.3618
19ll01	3	45	0	1	2.0000	1.0000	-1.0000	0.3703	NaN	NaN	NaN	846549.0401	846549.3955	0.0000	1.0000	0.3090
19ll01	3	46	0	1	1.0000	1.0000	-1.0000	NaN	9.3500	-7.8676	14.0943	846551.7766	846552.0791	0.0000	1.0000	0.6323
19ll01	3	46	0	1	2.0000	1.0000	1.0000	0.5043	NaN	NaN	NaN	846553.2327	846553.5839	1.0000	1.0000	0.5035
19ll01	3	47	0	1	1.0000	1.0000	-1.0000	NaN	11.9890	-12.4229	16.5261	846556.2107	846556.5140	0.0000	1.0000	0.2774
19ll01	3	47	0	1	2.0000	1.0000	-1.0000	0.1216	NaN	NaN	NaN	846557.3124	846557.6656	0.0000	1.0000	0.4706
19ll01	3	48	0	1	1.0000	1.0000	-1.0000	NaN	11.7570	-12.4605	14.4126	846560.6683	846560.9704	0.0000	1.0000	0.2369
19ll01	3	48	0	1	2.0000	1.0000	1.0000	0.8596	NaN	NaN	NaN	846561.7286	846562.0821	1.0000	1.0000	0.1985
19ll01	3	49	0	1	1.0000	1.0000	-1.0000	NaN	7.4051	-7.9175	15.4567	846564.4943	846564.7975	0.0000	1.0000	0.2674
19ll01	3	49	0	1	2.0000	1.0000	1.0000	0.2759	NaN	NaN	NaN	846565.5687	846565.9180	1.0000	1.0000	0.5853
19ll01	3	50	0	1	1.0000	1.0000	1.0000	NaN	0.9735	1.1017	13.4628	846568.7526	846569.0547	1.0000	1.0000	0.6331
19ll01	3	50	0	1	2.0000	1.0000	1.0000	0.7412	NaN	NaN	NaN	846570.2241	846570.5775	1.0000	1.0000	0.2783
