31zt03	1	1	1	1	1.0000	1.0000	1.0000	NaN	6.5674	6.6623	14.5816	505281.3451	505281.6469	1.0000	1.0000	0.7610
31zt03	1	1	1	1	2.0000	1.0000	1.0000	0.3773	NaN	NaN	NaN	505283.0148	505283.3473	0.0000	0.0000	0.9408
31zt03	1	2	1	1	1.0000	1.0000	-1.0000	NaN	7.4624	-9.8760	14.5580	505286.9456	505287.2466	0.0000	1.0000	0.2147
31zt03	1	2	1	1	2.0000	1.0000	1.0000	0.3083	NaN	NaN	NaN	505288.0456	505288.3722	1.0000	1.0000	0.5212
31zt03	1	3	1	1	1.0000	1.0000	1.0000	NaN	4.7969	5.1692	15.6671	505291.4459	505291.7470	1.0000	1.0000	0.3625
31zt03	1	3	1	1	2.0000	1.0000	1.0000	0.6982	NaN	NaN	NaN	505292.7267	505293.0546	1.0000	1.0000	0.7612
31zt03	1	4	1	1	1.0000	1.0000	-1.0000	NaN	4.9882	-3.9122	14.6596	505296.2840	505296.5851	1.0000	0.0000	0.7324
31zt03	1	4	1	1	2.0000	1.0000	-1.0000	0.7309	NaN	NaN	NaN	505297.9345	505298.2612	0.0000	1.0000	0.4323
31zt03	1	5	1	1	1.0000	1.0000	1.0000	NaN	4.2811	4.8860	14.8026	505301.1734	505301.4750	1.0000	1.0000	0.6370
31zt03	1	5	1	1	2.0000	1.0000	1.0000	0.9710	NaN	NaN	NaN	505302.7100	505303.0372	1.0000	1.0000	0.5443
31zt03	1	6	1	1	1.0000	1.0000	1.0000	NaN	7.1780	5.7467	15.6944	505305.7256	505306.0268	1.0000	1.0000	0.2587
31zt03	1	6	1	1	2.0000	1.0000	1.0000	0.9886	NaN	NaN	NaN	505306.8859	505307.2144	1.0000	1.0000	1.1032
31zt03	1	7	1	1	1.0000	1.0000	-1.0000	NaN	1.6296	-2.1939	15.0532	505310.7694	505311.0704	0.0000	1.0000	0.6315
31zt03	1	7	1	1	2.0000	1.0000	1.0000	0.1260	NaN	NaN	NaN	505312.2540	505312.5806	1.0000	1.0000	0.9608
31zt03	1	8	1	1	1.0000	1.0000	-1.0000	NaN	2.0223	-2.2417	14.0282	505315.7211	505316.0221	0.0000	1.0000	0.8900
31zt03	1	8	1	1	2.0000	1.0000	1.0000	0.2142	NaN	NaN	NaN	505317.4774	505317.8046	0.0000	0.0000	0.8009
31zt03	1	9	1	1	1.0000	1.0000	-1.0000	NaN	7.1775	-8.0130	16.5909	505320.7280	505321.0293	0.0000	1.0000	0.2963
31zt03	1	9	1	1	2.0000	1.0000	1.0000	0.4077	NaN	NaN	NaN	505321.9263	505322.2531	1.0000	1.0000	0.5942
31zt03	1	10	1	1	1.0000	1.0000	1.0000	NaN	2.5609	3.7621	14.7467	505325.0063	505325.3074	1.0000	1.0000	0.5962
31zt03	1	10	1	1	2.0000	1.0000	1.0000	0.2187	NaN	NaN	NaN	505326.5259	505326.8529	1.0000	1.0000	1.0647
31zt03	1	11	1	1	1.0000	1.0000	-1.0000	NaN	5.6256	-3.2439	15.4544	505330.1681	505330.4692	0.0000	1.0000	0.2643
31zt03	1	11	1	1	2.0000	1.0000	1.0000	0.3378	NaN	NaN	NaN	505331.3178	505331.6453	1.0000	1.0000	0.2985
31zt03	1	12	1	1	1.0000	1.0000	1.0000	NaN	4.6585	4.5374	14.5152	505334.4772	505334.7783	1.0000	1.0000	0.2298
31zt03	1	12	1	1	2.0000	1.0000	1.0000	0.5997	NaN	NaN	NaN	505335.6222	505335.9504	1.0000	1.0000	0.3223
31zt03	1	13	1	1	1.0000	1.0000	-1.0000	NaN	4.8272	-4.1904	13.2432	505338.1867	505338.4878	0.0000	1.0000	0.2313
31zt03	1	13	1	1	2.0000	1.0000	1.0000	0.0027	NaN	NaN	NaN	505339.2940	505339.6221	1.0000	1.0000	0.6579
31zt03	1	14	1	1	1.0000	1.0000	-1.0000	NaN	3.5709	-4.0343	13.5395	505342.2898	505342.5909	0.0000	1.0000	0.1846
31zt03	1	14	1	1	2.0000	1.0000	1.0000	0.7029	NaN	NaN	NaN	505343.3574	505343.6837	1.0000	1.0000	0.3298
31zt03	1	15	1	1	1.0000	1.0000	-1.0000	NaN	6.7970	-6.0340	14.5932	505346.2064	505346.5074	0.0000	1.0000	0.1468
31zt03	1	15	1	1	2.0000	1.0000	1.0000	0.0553	NaN	NaN	NaN	505347.2306	505347.5577	1.0000	1.0000	0.3438
31zt03	1	16	1	1	1.0000	1.0000	-1.0000	NaN	4.1601	-3.1597	15.7963	505350.1962	505350.4973	0.0000	1.0000	0.0944
31zt03	1	16	1	1	2.0000	1.0000	1.0000	0.1240	NaN	NaN	NaN	505351.1820	505351.5085	1.0000	1.0000	0.2649
31zt03	1	17	1	1	1.0000	1.0000	-1.0000	NaN	4.1150	-5.2966	14.4304	505353.6672	505353.9683	0.0000	1.0000	0.1996
31zt03	1	17	1	1	2.0000	1.0000	1.0000	0.4771	NaN	NaN	NaN	505354.7335	505355.0626	1.0000	1.0000	0.1374
31zt03	1	18	1	1	1.0000	1.0000	1.0000	NaN	3.2393	2.2613	16.4845	505357.6423	505357.9433	0.0000	0.0000	0.0710
31zt03	1	18	1	1	2.0000	1.0000	-1.0000	0.8552	NaN	NaN	NaN	505358.6055	505358.9327	0.0000	1.0000	0.7782
31zt03	1	19	1	1	1.0000	1.0000	1.0000	NaN	1.3748	0.5911	15.0048	505361.9311	505362.2320	1.0000	1.0000	0.8695
31zt03	1	19	1	1	2.0000	1.0000	1.0000	0.5370	NaN	NaN	NaN	505363.7014	505364.0274	1.0000	1.0000	0.4191
31zt03	1	20	1	1	1.0000	1.0000	-1.0000	NaN	2.6246	-2.7600	14.8637	505366.6823	505366.9833	0.0000	1.0000	0.1659
31zt03	1	20	1	1	2.0000	1.0000	1.0000	0.7745	NaN	NaN	NaN	505367.7338	505368.0602	1.0000	1.0000	0.3373
31zt03	1	21	1	1	1.0000	1.0000	1.0000	NaN	4.3824	4.8546	15.9847	505370.4007	505370.7017	1.0000	1.0000	0.2824
31zt03	1	21	1	1	2.0000	1.0000	1.0000	0.8509	NaN	NaN	NaN	505371.5817	505371.9092	1.0000	1.0000	1.1523
31zt03	1	22	1	1	1.0000	1.0000	1.0000	NaN	5.6017	7.0038	15.3541	505375.0483	505375.3493	1.0000	1.0000	0.2161
31zt03	1	22	1	1	2.0000	1.0000	1.0000	0.0976	NaN	NaN	NaN	505376.1891	505376.5162	1.0000	1.0000	1.0102
31zt03	1	23	1	1	1.0000	1.0000	-1.0000	NaN	1.9028	-1.9066	15.6590	505379.8526	505380.1536	1.0000	0.0000	0.5898
31zt03	1	23	1	1	2.0000	1.0000	-1.0000	0.1420	NaN	NaN	NaN	505381.3414	505381.6677	1.0000	0.0000	0.4671
31zt03	1	24	1	1	1.0000	1.0000	1.0000	NaN	1.1751	2.8780	14.1315	505384.5073	505384.8089	1.0000	1.0000	0.6781
31zt03	1	24	1	1	2.0000	1.0000	1.0000	0.9672	NaN	NaN	NaN	505386.0942	505386.4222	1.0000	1.0000	0.5832
31zt03	1	25	1	1	1.0000	1.0000	1.0000	NaN	4.5885	4.2699	15.8056	505389.1498	505389.4509	1.0000	1.0000	0.3865
31zt03	1	25	1	1	2.0000	1.0000	1.0000	0.4408	NaN	NaN	NaN	505390.4459	505390.7741	1.0000	1.0000	0.5054
31zt03	1	26	1	1	1.0000	1.0000	-1.0000	NaN	2.4790	-2.9270	16.3976	505393.7716	505394.0726	0.0000	1.0000	0.2528
31zt03	1	26	1	1	2.0000	1.0000	1.0000	0.4918	NaN	NaN	NaN	505394.8944	505395.2202	0.0000	0.0000	0.9215
31zt03	1	27	1	1	1.0000	1.0000	1.0000	NaN	2.9401	2.0714	16.1311	505398.4787	505398.7797	1.0000	1.0000	0.3714
31zt03	1	27	1	1	2.0000	1.0000	1.0000	0.4626	NaN	NaN	NaN	505399.7500	505400.0768	1.0000	1.0000	0.5066
31zt03	1	28	1	1	1.0000	1.0000	1.0000	NaN	3.9213	3.3750	14.7132	505402.8733	505403.1745	1.0000	1.0000	0.4167
31zt03	1	28	1	1	2.0000	1.0000	1.0000	0.1470	NaN	NaN	NaN	505404.1904	505404.5185	1.0000	1.0000	0.3830
31zt03	1	29	1	1	1.0000	1.0000	-1.0000	NaN	2.1334	-2.6764	14.3124	505407.2301	505407.5313	0.0000	1.0000	0.5703
31zt03	1	29	1	1	2.0000	1.0000	1.0000	0.7447	NaN	NaN	NaN	505408.6948	505409.0203	1.0000	1.0000	0.3221
31zt03	1	30	1	1	1.0000	1.0000	1.0000	NaN	2.8851	3.8952	15.1650	505411.4619	505411.7630	1.0000	1.0000	0.4283
31zt03	1	30	1	1	2.0000	1.0000	1.0000	0.4587	NaN	NaN	NaN	505412.7741	505413.1013	1.0000	1.0000	0.5522
31zt03	1	31	1	1	1.0000	1.0000	-1.0000	NaN	5.4148	-3.6222	16.2092	505416.0581	505416.3593	0.0000	1.0000	0.3760
31zt03	1	31	1	1	2.0000	1.0000	1.0000	0.5316	NaN	NaN	NaN	505417.3020	505417.6307	1.0000	1.0000	0.3127
31zt03	1	32	1	1	1.0000	1.0000	-1.0000	NaN	4.4349	-3.7185	15.8130	505419.8697	505420.1708	0.0000	1.0000	0.2765
31zt03	1	32	1	1	2.0000	1.0000	1.0000	0.6209	NaN	NaN	NaN	505421.0142	505421.3415	1.0000	1.0000	0.1759
31zt03	1	33	1	1	1.0000	1.0000	-1.0000	NaN	2.5312	-2.5297	16.1168	505423.4026	505423.7036	0.0000	1.0000	0.3677
31zt03	1	33	1	1	2.0000	1.0000	1.0000	0.4851	NaN	NaN	NaN	505424.6540	505424.9812	1.0000	1.0000	0.1459
31zt03	1	34	1	1	1.0000	1.0000	1.0000	NaN	3.3521	2.1784	15.0207	505427.2779	505427.5790	0.0000	0.0000	0.0609
31zt03	1	34	1	1	2.0000	1.0000	-1.0000	0.4443	NaN	NaN	NaN	505428.2296	505428.5622	0.0000	1.0000	0.3794
31zt03	1	35	1	1	1.0000	1.0000	-1.0000	NaN	5.0333	-4.1973	16.5818	505431.6273	505431.9283	0.0000	1.0000	0.2450
31zt03	1	35	1	1	2.0000	1.0000	1.0000	0.3449	NaN	NaN	NaN	505432.7179	505433.0449	1.0000	1.0000	0.6245
31zt03	1	36	1	1	1.0000	1.0000	-1.0000	NaN	4.9202	-4.2826	14.8719	505436.0728	505436.3739	0.0000	1.0000	0.1596
31zt03	1	36	1	1	2.0000	1.0000	1.0000	0.5321	NaN	NaN	NaN	505437.1257	505437.4521	1.0000	1.0000	0.2350
31zt03	1	37	1	1	1.0000	1.0000	1.0000	NaN	7.2736	8.6164	14.0524	505440.1461	505440.4471	1.0000	1.0000	0.3130
31zt03	1	37	1	1	2.0000	1.0000	1.0000	0.1639	NaN	NaN	NaN	505441.3422	505441.6699	1.0000	1.0000	0.4234
31zt03	1	38	1	1	1.0000	1.0000	1.0000	NaN	0.3871	0.0074	15.2086	505444.7817	505445.0828	0.0000	0.0000	0.2200
31zt03	1	38	1	1	2.0000	1.0000	-1.0000	0.0073	NaN	NaN	NaN	505445.9182	505446.2445	1.0000	0.0000	0.3314
31zt03	1	39	1	1	1.0000	1.0000	1.0000	NaN	4.2038	5.1125	12.6400	505448.7462	505449.0473	1.0000	1.0000	0.3442
31zt03	1	39	1	1	2.0000	1.0000	1.0000	0.9267	NaN	NaN	NaN	505449.9819	505450.3092	1.0000	1.0000	0.2003
31zt03	1	40	1	1	1.0000	1.0000	-1.0000	NaN	5.0108	-5.5191	14.6734	505452.5877	505452.8887	0.0000	1.0000	0.1831
31zt03	1	40	1	1	2.0000	1.0000	1.0000	0.1598	NaN	NaN	NaN	505453.6697	505453.9976	1.0000	1.0000	0.3947
31zt03	1	41	1	1	1.0000	1.0000	-1.0000	NaN	3.7825	-5.3796	13.8062	505456.6269	505456.9279	0.0000	1.0000	0.2155
31zt03	1	41	1	1	2.0000	1.0000	1.0000	0.1118	NaN	NaN	NaN	505457.7255	505458.0539	1.0000	1.0000	0.1697
31zt03	1	42	1	1	1.0000	1.0000	1.0000	NaN	4.4104	5.3699	16.4884	505460.5070	505460.8080	1.0000	1.0000	0.3831
31zt03	1	42	1	1	2.0000	1.0000	1.0000	0.3502	NaN	NaN	NaN	505461.8056	505462.1320	1.0000	1.0000	0.3934
31zt03	1	43	1	1	1.0000	1.0000	-1.0000	NaN	0.9839	-2.9419	13.7207	505465.1287	505465.4298	0.0000	1.0000	0.2237
31zt03	1	43	1	1	2.0000	1.0000	1.0000	0.5981	NaN	NaN	NaN	505466.2224	505466.5491	1.0000	1.0000	0.1924
31zt03	1	44	1	1	1.0000	1.0000	1.0000	NaN	2.6464	1.5695	14.8374	505468.9674	505469.2686	0.0000	0.0000	0.1129
31zt03	1	44	1	1	2.0000	1.0000	-1.0000	0.6712	NaN	NaN	NaN	505469.9412	505470.2678	0.0000	1.0000	0.2361
31zt03	1	45	1	1	1.0000	1.0000	1.0000	NaN	1.5103	1.8537	12.0363	505472.3732	505472.6745	1.0000	1.0000	0.3630
31zt03	1	45	1	1	2.0000	1.0000	1.0000	0.6116	NaN	NaN	NaN	505473.6694	505473.9980	1.0000	1.0000	0.2656
31zt03	1	46	1	1	1.0000	1.0000	-1.0000	NaN	7.5202	-7.4375	14.3980	505476.2986	505476.5998	0.0000	1.0000	0.2135
31zt03	1	46	1	1	2.0000	1.0000	1.0000	0.1193	NaN	NaN	NaN	505477.3810	505477.7080	1.0000	1.0000	0.3159
31zt03	1	47	1	1	1.0000	1.0000	1.0000	NaN	5.5739	6.5709	14.5566	505480.2087	505480.5098	1.0000	1.0000	0.3994
31zt03	1	47	1	1	2.0000	1.0000	1.0000	0.2071	NaN	NaN	NaN	505481.5174	505481.8460	1.0000	1.0000	0.1940
31zt03	1	48	1	1	1.0000	1.0000	1.0000	NaN	0.2415	1.3270	15.5720	505484.3348	505484.6360	1.0000	1.0000	0.1557
31zt03	1	48	1	1	2.0000	1.0000	1.0000	0.0808	NaN	NaN	NaN	505485.4379	505485.7636	1.0000	1.0000	0.1802
31zt03	1	49	1	1	1.0000	1.0000	-1.0000	NaN	0.4412	-0.7024	14.7122	505488.2033	505488.5046	1.0000	0.0000	0.2689
31zt03	1	49	1	1	2.0000	1.0000	-1.0000	0.9908	NaN	NaN	NaN	505489.3751	505489.7027	0.0000	1.0000	0.2867
31zt03	1	50	1	1	1.0000	1.0000	-1.0000	NaN	7.8188	-8.2756	15.4744	505492.0009	505492.3020	0.0000	1.0000	0.1775
31zt03	1	50	1	1	2.0000	1.0000	1.0000	0.8079	NaN	NaN	NaN	505493.0782	505493.4049	1.0000	1.0000	0.2885
31zt03	2	1	1	1	1.0000	1.0000	1.0000	NaN	2.4274	2.1178	16.2472	505497.4251	505497.7262	1.0000	1.0000	0.3688
31zt03	2	1	1	1	2.0000	1.0000	1.0000	0.4618	NaN	NaN	NaN	505498.6950	505499.0204	1.0000	1.0000	0.4251
31zt03	2	2	1	1	1.0000	1.0000	1.0000	NaN	6.3966	6.6800	15.4280	505501.8973	505502.1984	1.0000	1.0000	0.1691
31zt03	2	2	1	1	2.0000	1.0000	1.0000	0.6339	NaN	NaN	NaN	505502.9976	505503.3247	0.0000	0.0000	0.5527
31zt03	2	3	1	1	1.0000	1.0000	1.0000	NaN	2.6539	0.5157	16.4984	505506.0584	505506.3595	1.0000	1.0000	0.1500
31zt03	2	3	1	1	2.0000	1.0000	1.0000	0.1786	NaN	NaN	NaN	505507.1259	505507.4533	1.0000	1.0000	0.3362
31zt03	2	4	1	1	1.0000	1.0000	1.0000	NaN	3.5578	4.5544	14.1443	505509.8073	505510.1086	1.0000	1.0000	0.1783
31zt03	2	4	1	1	2.0000	1.0000	1.0000	0.5409	NaN	NaN	NaN	505510.8933	505511.2218	1.0000	1.0000	0.1699
31zt03	2	5	1	1	1.0000	1.0000	1.0000	NaN	6.3906	6.6660	13.1419	505513.5815	505513.8826	1.0000	1.0000	0.0990
31zt03	2	5	1	1	2.0000	1.0000	1.0000	0.3678	NaN	NaN	NaN	505514.5973	505514.9259	1.0000	1.0000	0.3466
31zt03	2	6	1	1	1.0000	1.0000	1.0000	NaN	3.1293	1.6793	15.4871	505517.8138	505518.1148	1.0000	1.0000	0.1971
31zt03	2	6	1	1	2.0000	1.0000	1.0000	0.7869	NaN	NaN	NaN	505518.9421	505519.2684	1.0000	1.0000	0.1209
31zt03	2	7	1	1	1.0000	1.0000	-1.0000	NaN	1.5983	-2.3479	14.8100	505521.8118	505522.1129	1.0000	0.0000	0.3407
31zt03	2	7	1	1	2.0000	1.0000	-1.0000	0.3976	NaN	NaN	NaN	505523.0295	505523.3572	1.0000	0.0000	0.2084
31zt03	2	8	1	1	1.0000	1.0000	-1.0000	NaN	1.5584	-0.1501	12.6993	505526.1648	505526.4660	1.0000	0.0000	0.4377
31zt03	2	8	1	1	2.0000	1.0000	-1.0000	0.4661	NaN	NaN	NaN	505527.4784	505527.8049	0.0000	1.0000	0.2414
31zt03	2	9	1	1	1.0000	1.0000	1.0000	NaN	0.6362	0.2125	16.0339	505530.3896	505530.6906	1.0000	1.0000	0.6273
31zt03	2	9	1	1	2.0000	1.0000	1.0000	0.9375	NaN	NaN	NaN	505531.9176	505532.2446	1.0000	1.0000	0.2825
31zt03	2	10	1	1	1.0000	1.0000	-1.0000	NaN	0.7791	-1.2401	15.0487	505535.0052	505535.3065	0.0000	1.0000	0.2448
31zt03	2	10	1	1	2.0000	1.0000	1.0000	0.6686	NaN	NaN	NaN	505536.1248	505536.4563	0.0000	0.0000	0.8451
31zt03	2	11	1	1	1.0000	1.0000	-1.0000	NaN	6.9895	-7.6832	16.3614	505539.3451	505539.6461	0.0000	1.0000	0.2019
31zt03	2	11	1	1	2.0000	1.0000	1.0000	0.2882	NaN	NaN	NaN	505540.4379	505540.7657	1.0000	1.0000	0.1387
31zt03	2	12	1	1	1.0000	1.0000	1.0000	NaN	7.6944	8.4875	16.3549	505543.0541	505543.3551	1.0000	1.0000	0.1406
31zt03	2	12	1	1	2.0000	1.0000	1.0000	0.4749	NaN	NaN	NaN	505544.1412	505544.4670	1.0000	1.0000	0.1150
31zt03	2	13	1	1	1.0000	1.0000	-1.0000	NaN	7.1921	-8.4274	15.0460	505547.2674	505547.5684	0.0000	1.0000	0.2067
31zt03	2	13	1	1	2.0000	1.0000	1.0000	0.6430	NaN	NaN	NaN	505548.3494	505548.6763	1.0000	1.0000	0.1136
31zt03	2	14	1	1	1.0000	1.0000	-1.0000	NaN	1.4768	-1.6622	15.7221	505551.3674	505551.6684	1.0000	0.0000	0.2667
31zt03	2	14	1	1	2.0000	1.0000	-1.0000	0.6329	NaN	NaN	NaN	505552.5422	505552.8694	0.0000	1.0000	0.2160
31zt03	2	15	1	1	1.0000	1.0000	1.0000	NaN	3.8196	4.6167	15.1307	505555.5233	505555.8244	1.0000	1.0000	0.2769
31zt03	2	15	1	1	2.0000	1.0000	1.0000	0.3636	NaN	NaN	NaN	505556.6862	505557.0139	1.0000	1.0000	0.3434
31zt03	2	16	1	1	1.0000	1.0000	1.0000	NaN	6.3095	8.0694	14.6499	505559.5273	505559.8283	1.0000	1.0000	0.1482
31zt03	2	16	1	1	2.0000	1.0000	1.0000	0.1280	NaN	NaN	NaN	505560.5974	505560.9258	1.0000	1.0000	0.1451
31zt03	2	17	1	1	1.0000	1.0000	-1.0000	NaN	2.3678	-3.5028	15.3128	505563.3660	505563.6672	1.0000	0.0000	0.1018
31zt03	2	17	1	1	2.0000	1.0000	-1.0000	0.2920	NaN	NaN	NaN	505564.3746	505564.7019	0.0000	1.0000	0.1292
31zt03	2	18	1	1	1.0000	1.0000	1.0000	NaN	5.9718	4.3907	14.7573	505566.9507	505567.2519	1.0000	1.0000	0.0113
31zt03	2	18	1	1	2.0000	1.0000	1.0000	0.1837	NaN	NaN	NaN	505567.8471	505568.1732	1.0000	1.0000	0.4352
31zt03	2	19	1	1	1.0000	1.0000	1.0000	NaN	2.0258	4.2659	13.3508	505570.8004	505571.1015	1.0000	1.0000	0.0960
31zt03	2	19	1	1	2.0000	1.0000	1.0000	0.5666	NaN	NaN	NaN	505571.7976	505572.1268	1.0000	1.0000	0.1133
31zt03	2	20	1	1	1.0000	1.0000	-1.0000	NaN	5.5582	-6.3420	14.9728	505574.5726	505574.8736	0.0000	1.0000	0.2198
31zt03	2	20	1	1	2.0000	1.0000	1.0000	0.6651	NaN	NaN	NaN	505575.6536	505575.9806	1.0000	1.0000	0.5152
31zt03	2	21	1	1	1.0000	1.0000	1.0000	NaN	1.2263	2.7279	14.1750	505578.8122	505579.1132	1.0000	1.0000	0.1106
31zt03	2	21	1	1	2.0000	1.0000	1.0000	0.9858	NaN	NaN	NaN	505579.8299	505580.1562	1.0000	1.0000	0.0332
31zt03	2	22	1	1	1.0000	1.0000	-1.0000	NaN	5.5619	-5.5998	15.2580	505582.6325	505582.9335	0.0000	1.0000	0.2409
31zt03	2	22	1	1	2.0000	1.0000	1.0000	0.5642	NaN	NaN	NaN	505583.7895	505584.1183	1.0000	1.0000	0.0008
31zt03	2	23	1	1	1.0000	1.0000	1.0000	NaN	7.7490	7.0038	15.1778	505586.3047	505586.6058	1.0000	1.0000	0.0957
31zt03	2	23	1	1	2.0000	1.0000	1.0000	0.9450	NaN	NaN	NaN	505587.3017	505587.6276	1.0000	1.0000	0.0758
31zt03	2	24	1	1	1.0000	1.0000	1.0000	NaN	0.1438	0.1860	14.7772	505590.0366	505590.3376	0.0000	0.0000	0.4199
31zt03	2	24	1	1	2.0000	1.0000	-1.0000	0.3877	NaN	NaN	NaN	505591.3258	505591.6521	0.0000	1.0000	0.2253
31zt03	2	25	1	1	1.0000	1.0000	-1.0000	NaN	3.9659	-3.1369	14.9746	505594.0052	505594.3061	1.0000	0.0000	0.3474
31zt03	2	25	1	1	2.0000	1.0000	-1.0000	0.0519	NaN	NaN	NaN	505595.2626	505595.5881	1.0000	0.0000	0.2175
31zt03	2	26	1	1	1.0000	1.0000	-1.0000	NaN	1.6930	-2.3698	14.1708	505597.9502	505598.2515	0.0000	1.0000	0.3779
31zt03	2	26	1	1	2.0000	1.0000	1.0000	0.6281	NaN	NaN	NaN	505599.1739	505599.5005	1.0000	1.0000	0.3051
31zt03	2	27	1	1	1.0000	1.0000	1.0000	NaN	1.0970	1.2392	15.0212	505602.1747	505602.4757	0.0000	0.0000	0.2347
31zt03	2	27	1	1	2.0000	1.0000	-1.0000	0.2387	NaN	NaN	NaN	505603.2940	505603.6210	0.0000	1.0000	0.3205
31zt03	2	28	1	1	1.0000	1.0000	-1.0000	NaN	1.7613	-1.3181	15.5293	505606.1041	505606.4053	0.0000	1.0000	0.1999
31zt03	2	28	1	1	2.0000	1.0000	1.0000	0.9487	NaN	NaN	NaN	505607.2134	505607.5399	1.0000	1.0000	0.1643
31zt03	2	29	1	1	1.0000	1.0000	-1.0000	NaN	7.1493	-6.0428	15.6546	505609.8285	505610.1296	0.0000	1.0000	0.2139
31zt03	2	29	1	1	2.0000	1.0000	1.0000	0.1267	NaN	NaN	NaN	505610.9097	505611.2370	1.0000	1.0000	0.2981
31zt03	2	30	1	1	1.0000	1.0000	-1.0000	NaN	0.5430	-0.2492	14.2225	505614.2203	505614.5214	0.0000	1.0000	0.0439
31zt03	2	30	1	1	2.0000	1.0000	1.0000	0.7483	NaN	NaN	NaN	505615.1179	505615.4459	1.0000	1.0000	0.0575
31zt03	2	31	1	1	1.0000	1.0000	1.0000	NaN	7.2371	5.7993	14.8129	505617.9962	505618.2974	0.0000	0.0000	0.2362
31zt03	2	31	1	1	2.0000	1.0000	-1.0000	0.9409	NaN	NaN	NaN	505619.0060	505619.3347	0.0000	1.0000	0.0868
31zt03	2	32	1	1	1.0000	1.0000	-1.0000	NaN	4.6723	-3.8433	14.6621	505621.6325	505621.9336	0.0000	1.0000	0.4256
31zt03	2	32	1	1	2.0000	1.0000	1.0000	0.5845	NaN	NaN	NaN	505622.9333	505623.2595	1.0000	1.0000	0.2203
31zt03	2	33	1	1	1.0000	1.0000	1.0000	NaN	1.8057	0.8644	14.2698	505625.8876	505626.1888	1.0000	1.0000	0.5389
31zt03	2	33	1	1	2.0000	1.0000	1.0000	0.2886	NaN	NaN	NaN	505627.3248	505627.6529	1.0000	1.0000	0.3206
31zt03	2	34	1	1	1.0000	1.0000	-1.0000	NaN	4.8887	-2.2481	15.1823	505630.3169	505630.6187	0.0000	1.0000	0.2508
31zt03	2	34	1	1	2.0000	1.0000	1.0000	0.8498	NaN	NaN	NaN	505631.4533	505631.7795	1.0000	1.0000	0.1320
31zt03	2	35	1	1	1.0000	1.0000	-1.0000	NaN	1.4148	-2.9781	14.1600	505633.9359	505634.2371	1.0000	0.0000	0.7064
31zt03	2	35	1	1	2.0000	1.0000	-1.0000	0.1236	NaN	NaN	NaN	505635.5417	505635.8694	0.0000	1.0000	0.4986
31zt03	2	36	1	1	1.0000	1.0000	1.0000	NaN	0.8450	2.2260	14.5951	505638.5210	505638.8223	1.0000	1.0000	0.3293
31zt03	2	36	1	1	2.0000	1.0000	1.0000	0.8586	NaN	NaN	NaN	505639.7257	505640.0538	1.0000	1.0000	0.2582
31zt03	2	37	1	1	1.0000	1.0000	-1.0000	NaN	2.6722	-2.8084	15.9019	505642.5612	505642.8623	0.0000	1.0000	0.3299
31zt03	2	37	1	1	2.0000	1.0000	1.0000	0.0496	NaN	NaN	NaN	505643.7737	505644.1002	1.0000	1.0000	0.3454
31zt03	2	38	1	1	1.0000	1.0000	-1.0000	NaN	4.7288	-4.8099	14.9182	505647.0063	505647.3074	0.0000	1.0000	0.2435
31zt03	2	38	1	1	2.0000	1.0000	1.0000	0.5889	NaN	NaN	NaN	505648.1259	505648.4522	1.0000	1.0000	0.2093
31zt03	2	39	1	1	1.0000	1.0000	1.0000	NaN	2.5282	1.9871	15.3522	505651.3401	505651.6412	0.0000	0.0000	0.2386
31zt03	2	39	1	1	2.0000	1.0000	-1.0000	0.9650	NaN	NaN	NaN	505652.4780	505652.8043	0.0000	1.0000	0.2033
31zt03	2	40	1	1	1.0000	1.0000	-1.0000	NaN	0.6241	-0.8411	15.2208	505655.2200	505655.5210	1.0000	0.0000	0.1566
31zt03	2	40	1	1	2.0000	1.0000	-1.0000	0.3768	NaN	NaN	NaN	505656.3258	505656.6568	0.0000	1.0000	0.7023
31zt03	2	41	1	1	1.0000	1.0000	1.0000	NaN	4.1050	5.6647	14.3956	505659.5704	505659.8714	1.0000	1.0000	0.2004
31zt03	2	41	1	1	2.0000	1.0000	1.0000	0.5970	NaN	NaN	NaN	505660.6703	505660.9977	1.0000	1.0000	0.2638
31zt03	2	42	1	1	1.0000	1.0000	-1.0000	NaN	6.0981	-4.6491	14.9522	505663.1572	505663.4582	0.0000	1.0000	0.2540
31zt03	2	42	1	1	2.0000	1.0000	1.0000	0.5214	NaN	NaN	NaN	505664.2854	505664.6126	1.0000	1.0000	0.2587
31zt03	2	43	1	1	1.0000	1.0000	1.0000	NaN	2.2525	3.1849	14.6473	505667.0875	505667.3885	0.0000	0.0000	0.0837
31zt03	2	43	1	1	2.0000	1.0000	-1.0000	0.1346	NaN	NaN	NaN	505667.9975	505668.3249	1.0000	0.0000	0.4509
31zt03	2	44	1	1	1.0000	1.0000	-1.0000	NaN	1.9807	-3.3385	13.9499	505670.8352	505671.1366	0.0000	1.0000	0.1364
31zt03	2	44	1	1	2.0000	1.0000	1.0000	0.2295	NaN	NaN	NaN	505671.8460	505672.1726	1.0000	1.0000	0.2834
31zt03	2	45	1	1	1.0000	1.0000	-1.0000	NaN	4.9106	-1.6374	14.5411	505674.9403	505675.2416	0.0000	1.0000	0.0678
31zt03	2	45	1	1	2.0000	1.0000	1.0000	0.7036	NaN	NaN	NaN	505675.8622	505676.1890	1.0000	1.0000	0.2966
31zt03	2	46	1	1	1.0000	1.0000	1.0000	NaN	2.5186	3.7704	13.8895	505678.7717	505679.0727	1.0000	1.0000	0.0712
31zt03	2	46	1	1	2.0000	1.0000	1.0000	0.2637	NaN	NaN	NaN	505679.7739	505680.1007	1.0000	1.0000	0.3462
31zt03	2	47	1	1	1.0000	1.0000	-1.0000	NaN	6.3092	-5.5587	13.6719	505682.6906	505682.9916	0.0000	1.0000	0.2307
31zt03	2	47	1	1	2.0000	1.0000	1.0000	0.4268	NaN	NaN	NaN	505683.7814	505684.1083	1.0000	1.0000	0.1853
31zt03	2	48	1	1	1.0000	1.0000	1.0000	NaN	5.9767	8.2482	16.8157	505686.2881	505686.5891	1.0000	1.0000	0.2674
31zt03	2	48	1	1	2.0000	1.0000	1.0000	0.4951	NaN	NaN	NaN	505687.4859	505687.8109	1.0000	1.0000	0.0188
31zt03	2	49	1	1	1.0000	1.0000	-1.0000	NaN	0.6719	-0.7928	14.7923	505690.1646	505690.4656	0.0000	1.0000	0.2385
31zt03	2	49	1	1	2.0000	1.0000	1.0000	0.0621	NaN	NaN	NaN	505691.2615	505691.5907	1.0000	1.0000	0.3526
31zt03	2	50	1	1	1.0000	1.0000	1.0000	NaN	7.2367	5.6949	14.9770	505694.1860	505694.4869	1.0000	1.0000	0.3372
31zt03	2	50	1	1	2.0000	1.0000	1.0000	0.7348	NaN	NaN	NaN	505695.4141	505695.7413	1.0000	1.0000	0.1712
31zt03	3	1	1	1	1.0000	1.0000	1.0000	NaN	4.8574	4.2883	15.6021	505699.3865	505699.6880	1.0000	1.0000	0.2214
31zt03	3	1	1	1	2.0000	1.0000	1.0000	0.9295	NaN	NaN	NaN	505700.5415	505700.8686	1.0000	1.0000	0.1608
31zt03	3	2	1	1	1.0000	1.0000	-1.0000	NaN	3.7970	-5.3495	14.6816	505702.9833	505703.2844	0.0000	1.0000	0.4411
31zt03	3	2	1	1	2.0000	1.0000	1.0000	0.9233	NaN	NaN	NaN	505704.2533	505704.5819	1.0000	1.0000	0.0584
31zt03	3	3	1	1	1.0000	1.0000	1.0000	NaN	3.4995	3.9525	15.5762	505706.9311	505707.2322	0.0000	0.0000	0.4873
31zt03	3	3	1	1	2.0000	1.0000	-1.0000	0.6447	NaN	NaN	NaN	505708.2937	505708.6220	0.0000	1.0000	0.3618
31zt03	3	4	1	1	1.0000	1.0000	-1.0000	NaN	7.3655	-7.0245	14.7796	505710.8354	505711.1364	0.0000	1.0000	0.2793
31zt03	3	4	1	1	2.0000	1.0000	1.0000	0.1081	NaN	NaN	NaN	505711.9580	505712.2865	1.0000	1.0000	0.3211
31zt03	3	5	1	1	1.0000	1.0000	-1.0000	NaN	4.6934	-6.0134	16.2960	505714.5429	505714.8439	0.0000	1.0000	0.4118
31zt03	3	5	1	1	2.0000	1.0000	1.0000	0.1099	NaN	NaN	NaN	505715.8134	505716.1411	1.0000	1.0000	0.2804
31zt03	3	6	1	1	1.0000	1.0000	-1.0000	NaN	2.3745	-4.4237	15.6167	505718.9582	505719.2592	0.0000	1.0000	0.1888
31zt03	3	6	1	1	2.0000	1.0000	1.0000	0.6008	NaN	NaN	NaN	505720.0218	505720.3490	1.0000	1.0000	0.1286
31zt03	3	7	1	1	1.0000	1.0000	1.0000	NaN	0.4602	0.9886	14.1229	505723.0226	505723.3237	0.0000	0.0000	0.2179
31zt03	3	7	1	1	2.0000	1.0000	-1.0000	0.4347	NaN	NaN	NaN	505724.0850	505724.4126	0.0000	1.0000	0.1799
31zt03	3	8	1	1	1.0000	1.0000	1.0000	NaN	5.0459	5.8790	15.2033	505727.0177	505727.3187	0.0000	0.0000	0.3029
31zt03	3	8	1	1	2.0000	1.0000	-1.0000	0.4145	NaN	NaN	NaN	505728.2053	505728.5319	0.0000	1.0000	0.2519
31zt03	3	9	1	1	1.0000	1.0000	-1.0000	NaN	6.0543	-6.2373	14.9440	505731.2189	505731.5201	0.0000	1.0000	0.1098
31zt03	3	9	1	1	2.0000	1.0000	1.0000	0.1470	NaN	NaN	NaN	505732.2133	505732.5412	1.0000	1.0000	0.3544
31zt03	3	10	1	1	1.0000	1.0000	1.0000	NaN	5.5184	4.4103	13.8317	505735.0554	505735.3565	1.0000	1.0000	0.3370
31zt03	3	10	1	1	2.0000	1.0000	1.0000	0.6968	NaN	NaN	NaN	505736.2940	505736.6234	1.0000	1.0000	0.1125
31zt03	3	11	1	1	1.0000	1.0000	1.0000	NaN	1.5335	1.6106	15.7875	505738.9423	505739.2433	0.0000	0.0000	0.2369
31zt03	3	11	1	1	2.0000	1.0000	-1.0000	0.2360	NaN	NaN	NaN	505740.0612	505740.3893	1.0000	0.0000	0.4509
31zt03	3	12	1	1	1.0000	1.0000	1.0000	NaN	2.5548	5.5175	16.6506	505743.0008	505743.3018	1.0000	1.0000	0.2263
31zt03	3	12	1	1	2.0000	1.0000	1.0000	0.7364	NaN	NaN	NaN	505744.1736	505744.5019	1.0000	1.0000	0.8318
31zt03	3	13	1	1	1.0000	1.0000	-1.0000	NaN	2.2814	-3.3488	15.0630	505747.5859	505747.8873	0.0000	1.0000	0.1841
31zt03	3	13	1	1	2.0000	1.0000	1.0000	0.7584	NaN	NaN	NaN	505748.6388	505748.9683	1.0000	1.0000	0.1998
31zt03	3	14	1	1	1.0000	1.0000	1.0000	NaN	0.6364	1.6805	15.7216	505751.3959	505751.6969	0.0000	0.0000	0.1885
31zt03	3	14	1	1	2.0000	1.0000	-1.0000	0.3792	NaN	NaN	NaN	505752.4769	505752.8042	0.0000	1.0000	0.3705
31zt03	3	15	1	1	1.0000	1.0000	1.0000	NaN	2.0714	1.8320	14.1577	505755.3620	505755.6630	1.0000	1.0000	0.3845
31zt03	3	15	1	1	2.0000	1.0000	1.0000	0.9564	NaN	NaN	NaN	505756.6377	505756.9667	1.0000	1.0000	0.0469
31zt03	3	16	1	1	1.0000	1.0000	-1.0000	NaN	5.5927	-5.7225	14.5362	505759.1745	505759.4755	0.0000	1.0000	0.1464
31zt03	3	16	1	1	2.0000	1.0000	1.0000	0.0007	NaN	NaN	NaN	505760.1823	505760.5095	1.0000	1.0000	0.3626
31zt03	3	17	1	1	1.0000	1.0000	1.0000	NaN	6.3063	6.8784	16.3304	505762.7967	505763.0977	1.0000	1.0000	0.1982
31zt03	3	17	1	1	2.0000	1.0000	1.0000	0.3712	NaN	NaN	NaN	505763.9255	505764.2515	1.0000	1.0000	0.1301
31zt03	3	18	1	1	1.0000	1.0000	1.0000	NaN	7.7454	6.4859	15.7192	505766.5533	505766.8543	1.0000	1.0000	0.2717
31zt03	3	18	1	1	2.0000	1.0000	1.0000	0.8428	NaN	NaN	NaN	505767.7424	505768.0686	1.0000	1.0000	0.0409
31zt03	3	19	1	1	1.0000	1.0000	-1.0000	NaN	5.6685	-4.3106	15.3766	505769.9888	505770.2899	0.0000	1.0000	0.1822
31zt03	3	19	1	1	2.0000	1.0000	1.0000	0.8132	NaN	NaN	NaN	505771.0377	505771.3632	1.0000	1.0000	0.0846
31zt03	3	20	1	1	1.0000	1.0000	-1.0000	NaN	6.1983	-4.9938	16.9781	505773.5338	505773.8351	0.0000	1.0000	0.1568
31zt03	3	20	1	1	2.0000	1.0000	1.0000	0.8635	NaN	NaN	NaN	505774.5573	505774.8845	1.0000	1.0000	0.1611
31zt03	3	21	1	1	1.0000	1.0000	-1.0000	NaN	7.1070	-7.3612	14.9476	505777.0566	505777.3577	0.0000	1.0000	0.0882
31zt03	3	21	1	1	2.0000	1.0000	1.0000	0.7016	NaN	NaN	NaN	505778.0211	505778.3464	1.0000	1.0000	0.1417
31zt03	3	22	1	1	1.0000	1.0000	-1.0000	NaN	7.6306	-9.5980	16.2044	505781.1798	505781.4808	0.0000	1.0000	0.0083
31zt03	3	22	1	1	2.0000	1.0000	1.0000	0.7806	NaN	NaN	NaN	505782.0301	505782.3577	1.0000	1.0000	0.1039
31zt03	3	23	1	1	1.0000	1.0000	-1.0000	NaN	0.3713	-0.0933	15.6503	505785.0387	505785.3398	0.0000	1.0000	0.2602
31zt03	3	23	1	1	2.0000	1.0000	1.0000	0.5154	NaN	NaN	NaN	505786.1660	505786.4928	1.0000	1.0000	0.1065
31zt03	3	24	1	1	1.0000	1.0000	-1.0000	NaN	2.1798	-5.3631	15.7944	505788.5909	505788.8918	0.0000	1.0000	0.0576
31zt03	3	24	1	1	2.0000	1.0000	1.0000	0.8447	NaN	NaN	NaN	505789.5263	505789.8521	1.0000	1.0000	0.0976
31zt03	3	25	1	1	1.0000	1.0000	-1.0000	NaN	2.2651	-1.5915	15.4186	505792.0936	505792.3947	0.0000	1.0000	0.0772
31zt03	3	25	1	1	2.0000	1.0000	1.0000	0.0806	NaN	NaN	NaN	505793.0294	505793.3567	1.0000	1.0000	0.2650
31zt03	3	26	1	1	1.0000	1.0000	1.0000	NaN	3.4197	3.6438	16.0689	505795.8837	505796.1847	1.0000	1.0000	0.2389
31zt03	3	26	1	1	2.0000	1.0000	1.0000	0.9242	NaN	NaN	NaN	505797.0377	505797.3653	1.0000	1.0000	0.0988
31zt03	3	27	1	1	1.0000	1.0000	1.0000	NaN	3.5854	2.4586	15.3265	505799.7315	505800.0325	1.0000	1.0000	0.5675
31zt03	3	27	1	1	2.0000	1.0000	1.0000	0.7018	NaN	NaN	NaN	505801.2133	505801.5418	1.0000	1.0000	0.1756
31zt03	3	28	1	1	1.0000	1.0000	1.0000	NaN	2.2343	1.6123	15.4818	505804.4277	505804.7288	1.0000	1.0000	0.4074
31zt03	3	28	1	1	2.0000	1.0000	1.0000	0.4285	NaN	NaN	NaN	505805.7168	505806.0445	1.0000	1.0000	0.1558
31zt03	3	29	1	1	1.0000	1.0000	1.0000	NaN	3.6888	5.0589	15.8629	505808.7257	505809.0267	1.0000	1.0000	0.1470
31zt03	3	29	1	1	2.0000	1.0000	1.0000	0.6998	NaN	NaN	NaN	505809.7735	505810.0987	1.0000	1.0000	0.1561
31zt03	3	30	1	1	1.0000	1.0000	1.0000	NaN	3.9198	2.7882	13.0261	505812.1921	505812.4931	1.0000	1.0000	0.1547
31zt03	3	30	1	1	2.0000	1.0000	1.0000	0.6838	NaN	NaN	NaN	505813.2306	505813.5581	1.0000	1.0000	0.0793
31zt03	3	31	1	1	1.0000	1.0000	1.0000	NaN	6.4706	8.0655	13.4411	505815.9340	505816.2363	1.0000	1.0000	0.0927
31zt03	3	31	1	1	2.0000	1.0000	1.0000	0.5005	NaN	NaN	NaN	505816.9184	505817.2508	1.0000	1.0000	0.0586
31zt03	3	32	1	1	1.0000	1.0000	1.0000	NaN	3.8270	2.6720	16.8052	505819.4560	505819.7570	1.0000	1.0000	0.1286
31zt03	3	32	1	1	2.0000	1.0000	1.0000	0.2377	NaN	NaN	NaN	505820.5023	505820.8297	1.0000	1.0000	0.2019
31zt03	3	33	1	1	1.0000	1.0000	1.0000	NaN	5.5217	6.3101	14.3956	505823.3924	505823.6939	1.0000	1.0000	0.1432
31zt03	3	33	1	1	2.0000	1.0000	1.0000	0.2241	NaN	NaN	NaN	505824.4694	505824.8016	1.0000	1.0000	0.1170
31zt03	3	34	1	1	1.0000	1.0000	-1.0000	NaN	5.4041	-6.3847	15.3469	505827.4625	505827.7635	0.0000	1.0000	0.1798
31zt03	3	34	1	1	2.0000	1.0000	1.0000	0.2582	NaN	NaN	NaN	505828.5018	505828.8320	1.0000	1.0000	0.1680
31zt03	3	35	1	1	1.0000	1.0000	1.0000	NaN	3.4198	2.6766	17.0817	505831.4588	505831.7600	1.0000	1.0000	0.1752
31zt03	3	35	1	1	2.0000	1.0000	1.0000	0.6687	NaN	NaN	NaN	505832.5263	505832.8591	1.0000	1.0000	0.1704
31zt03	3	36	1	1	1.0000	1.0000	-1.0000	NaN	4.4605	-4.2630	14.9765	505834.9227	505835.2237	0.0000	1.0000	0.1049
31zt03	3	36	1	1	2.0000	1.0000	1.0000	0.4011	NaN	NaN	NaN	505835.8853	505836.2120	1.0000	1.0000	0.1295
31zt03	3	37	1	1	1.0000	1.0000	-1.0000	NaN	4.3500	-3.9275	15.5104	505838.7780	505839.0790	0.0000	1.0000	0.1686
31zt03	3	37	1	1	2.0000	1.0000	1.0000	0.5110	NaN	NaN	NaN	505839.8376	505840.1635	1.0000	1.0000	0.1797
31zt03	3	38	1	1	1.0000	1.0000	1.0000	NaN	7.0930	6.8287	15.0988	505842.9446	505843.2457	1.0000	1.0000	0.2079
31zt03	3	38	1	1	2.0000	1.0000	1.0000	0.3970	NaN	NaN	NaN	505844.0455	505844.3715	1.0000	1.0000	0.0837
31zt03	3	39	1	1	1.0000	1.0000	-1.0000	NaN	2.0878	-3.3967	14.8015	505846.4800	505846.7810	0.0000	1.0000	0.1605
31zt03	3	39	1	1	2.0000	1.0000	1.0000	0.6555	NaN	NaN	NaN	505847.5259	505847.8529	1.0000	1.0000	0.0681
31zt03	3	40	1	1	1.0000	1.0000	-1.0000	NaN	1.3441	-2.7106	13.4669	505850.3123	505850.6133	0.0000	1.0000	0.0268
31zt03	3	40	1	1	2.0000	1.0000	1.0000	0.0961	NaN	NaN	NaN	505851.1656	505851.4934	1.0000	1.0000	0.3361
31zt03	3	41	1	1	1.0000	1.0000	1.0000	NaN	4.0846	4.5704	14.2104	505853.7158	505854.0168	0.0000	0.0000	0.2448
31zt03	3	41	1	1	2.0000	1.0000	-1.0000	0.6154	NaN	NaN	NaN	505854.8455	505855.1732	1.0000	0.0000	0.3444
31zt03	3	42	1	1	1.0000	1.0000	1.0000	NaN	0.1133	0.6675	14.9959	505857.7153	505858.0164	1.0000	1.0000	0.2462
31zt03	3	42	1	1	2.0000	1.0000	1.0000	0.8852	NaN	NaN	NaN	505858.8463	505859.1725	1.0000	1.0000	0.2675
31zt03	3	43	1	1	1.0000	1.0000	1.0000	NaN	0.5917	2.4536	14.3057	505861.4149	505861.7159	1.0000	1.0000	0.2596
31zt03	3	43	1	1	2.0000	1.0000	1.0000	0.6446	NaN	NaN	NaN	505862.5656	505862.8918	0.0000	0.0000	0.2975
31zt03	3	44	1	1	1.0000	1.0000	-1.0000	NaN	7.0432	-4.7998	15.1764	505865.3249	505865.6262	1.0000	0.0000	0.7646
31zt03	3	44	1	1	2.0000	1.0000	-1.0000	0.4641	NaN	NaN	NaN	505866.9664	505867.2934	0.0000	1.0000	0.3683
31zt03	3	45	1	1	1.0000	1.0000	-1.0000	NaN	5.1949	-6.1448	15.1407	505870.0898	505870.3909	0.0000	1.0000	0.2728
31zt03	3	45	1	1	2.0000	1.0000	1.0000	0.4399	NaN	NaN	NaN	505871.2457	505871.5723	1.0000	1.0000	0.1797
31zt03	3	46	1	1	1.0000	1.0000	-1.0000	NaN	3.2761	-2.1713	14.7263	505874.3948	505874.6958	0.0000	1.0000	0.4056
31zt03	3	46	1	1	2.0000	1.0000	1.0000	0.1368	NaN	NaN	NaN	505875.6621	505875.9887	1.0000	1.0000	0.1927
31zt03	3	47	1	1	1.0000	1.0000	-1.0000	NaN	6.8352	-4.4479	13.9291	505878.1418	505878.4428	0.0000	1.0000	0.1866
31zt03	3	47	1	1	2.0000	1.0000	1.0000	0.6573	NaN	NaN	NaN	505879.1824	505879.5118	1.0000	1.0000	0.1423
31zt03	3	48	1	1	1.0000	1.0000	-1.0000	NaN	1.0313	-0.3510	15.5788	505882.0913	505882.3923	1.0000	0.0000	0.4878
31zt03	3	48	1	1	2.0000	1.0000	-1.0000	0.0274	NaN	NaN	NaN	505883.4770	505883.8031	0.0000	1.0000	0.6022
31zt03	3	49	1	1	1.0000	1.0000	-1.0000	NaN	0.4615	-3.0001	15.8443	505886.2364	505886.5374	0.0000	1.0000	0.1810
31zt03	3	49	1	1	2.0000	1.0000	1.0000	0.8397	NaN	NaN	NaN	505887.2944	505887.6207	1.0000	1.0000	0.0832
31zt03	3	50	1	1	1.0000	1.0000	1.0000	NaN	2.7165	3.2732	15.6211	505889.8644	505890.1655	0.0000	0.0000	0.4178
31zt03	3	50	1	1	2.0000	1.0000	-1.0000	0.2670	NaN	NaN	NaN	505891.1576	505891.4851	0.0000	1.0000	0.2192
31zt03	4	1	1	1	1.0000	1.0000	1.0000	NaN	6.3118	7.3093	17.4242	505894.9124	505895.2135	1.0000	1.0000	0.2240
31zt03	4	1	1	1	2.0000	1.0000	1.0000	0.6210	NaN	NaN	NaN	505896.0473	505896.3761	1.0000	1.0000	0.0555
31zt03	4	2	1	1	1.0000	1.0000	-1.0000	NaN	7.1339	-6.5936	14.7315	505898.5480	505898.8493	0.0000	1.0000	0.0453
31zt03	4	2	1	1	2.0000	1.0000	1.0000	0.7981	NaN	NaN	NaN	505899.4700	505899.7989	1.0000	1.0000	0.0650
31zt03	4	3	1	1	1.0000	1.0000	1.0000	NaN	5.5193	6.1450	15.1156	505902.3395	505902.6405	1.0000	1.0000	0.0083
31zt03	4	3	1	1	2.0000	1.0000	1.0000	0.4385	NaN	NaN	NaN	505903.2212	505903.5478	1.0000	1.0000	0.0008
31zt03	4	4	1	1	1.0000	1.0000	1.0000	NaN	5.8775	6.2523	15.3503	505905.9439	505906.2449	1.0000	1.0000	0.7378
31zt03	4	4	1	1	2.0000	1.0000	1.0000	0.2923	NaN	NaN	NaN	505907.5737	505907.8995	1.0000	1.0000	0.2580
31zt03	4	5	1	1	1.0000	1.0000	1.0000	NaN	0.0530	0.5522	14.9403	505910.4626	505910.7637	1.0000	1.0000	0.2258
31zt03	4	5	1	1	2.0000	1.0000	1.0000	0.6300	NaN	NaN	NaN	505911.5816	505911.9086	1.0000	1.0000	0.0754
31zt03	4	6	1	1	1.0000	1.0000	-1.0000	NaN	3.9216	-4.5531	15.7346	505914.4436	505914.7447	0.0000	1.0000	0.1969
31zt03	4	6	1	1	2.0000	1.0000	1.0000	0.3498	NaN	NaN	NaN	505915.5330	505915.8592	1.0000	1.0000	0.1543
31zt03	4	7	1	1	1.0000	1.0000	1.0000	NaN	7.3936	7.7466	15.2123	505918.3835	505918.6845	1.0000	1.0000	0.1450
31zt03	4	7	1	1	2.0000	1.0000	1.0000	0.5033	NaN	NaN	NaN	505919.4299	505919.7569	1.0000	1.0000	0.2327
31zt03	4	8	1	1	1.0000	1.0000	1.0000	NaN	6.8331	6.2987	15.9277	505921.9674	505922.2684	1.0000	1.0000	0.2276
31zt03	4	8	1	1	2.0000	1.0000	1.0000	0.3542	NaN	NaN	NaN	505923.1096	505923.4376	1.0000	1.0000	0.0720
31zt03	4	9	1	1	1.0000	1.0000	-1.0000	NaN	5.2586	-5.3068	14.9454	505925.7634	505926.0645	0.0000	1.0000	0.3755
31zt03	4	9	1	1	2.0000	1.0000	1.0000	0.8780	NaN	NaN	NaN	505927.0229	505927.3522	1.0000	1.0000	0.0229
31zt03	4	10	1	1	1.0000	1.0000	-1.0000	NaN	5.8836	-6.5330	15.3202	505929.3998	505929.7010	0.0000	1.0000	0.1473
31zt03	4	10	1	1	2.0000	1.0000	1.0000	0.3349	NaN	NaN	NaN	505930.4140	505930.7406	1.0000	1.0000	0.1129
31zt03	4	11	1	1	1.0000	1.0000	1.0000	NaN	1.2158	1.7779	15.7578	505932.9395	505933.2404	0.0000	0.0000	0.4156
31zt03	4	11	1	1	2.0000	1.0000	-1.0000	0.9553	NaN	NaN	NaN	505934.2299	505934.5577	0.0000	1.0000	0.3040
31zt03	4	12	1	1	1.0000	1.0000	1.0000	NaN	7.4861	6.5000	14.8936	505936.7389	505937.0399	1.0000	1.0000	0.0720
31zt03	4	12	1	1	2.0000	1.0000	1.0000	0.2127	NaN	NaN	NaN	505937.7499	505938.0755	1.0000	1.0000	0.2110
31zt03	4	13	1	1	1.0000	1.0000	1.0000	NaN	4.1696	5.7344	15.3284	505940.7141	505941.0151	1.0000	1.0000	0.1678
31zt03	4	13	1	1	2.0000	1.0000	1.0000	0.7146	NaN	NaN	NaN	505941.7886	505942.1153	1.0000	1.0000	0.0743
31zt03	4	14	1	1	1.0000	1.0000	-1.0000	NaN	4.5840	-4.7185	15.4125	505944.3926	505944.6936	0.0000	1.0000	0.2585
31zt03	4	14	1	1	2.0000	1.0000	1.0000	0.9400	NaN	NaN	NaN	505945.5164	505945.8424	1.0000	1.0000	0.1093
31zt03	4	15	1	1	1.0000	1.0000	1.0000	NaN	0.3063	0.1368	14.7643	505948.5759	505948.8770	0.0000	0.0000	0.1951
31zt03	4	15	1	1	2.0000	1.0000	-1.0000	0.1537	NaN	NaN	NaN	505949.6539	505949.9804	1.0000	0.0000	0.1691
31zt03	4	16	1	1	1.0000	1.0000	-1.0000	NaN	4.7580	-6.1184	15.7110	505952.2885	505952.5895	0.0000	1.0000	0.3784
31zt03	4	16	1	1	2.0000	1.0000	1.0000	0.3852	NaN	NaN	NaN	505953.5415	505953.8688	1.0000	1.0000	0.1609
31zt03	4	17	1	1	1.0000	1.0000	1.0000	NaN	2.5320	1.2452	14.2671	505955.9157	505956.2167	1.0000	1.0000	0.4471
31zt03	4	17	1	1	2.0000	1.0000	1.0000	0.5426	NaN	NaN	NaN	505957.2451	505957.5718	1.0000	1.0000	0.3376
31zt03	4	18	1	1	1.0000	1.0000	1.0000	NaN	1.4802	3.3240	14.2201	505960.1638	505960.4652	1.0000	1.0000	0.4948
31zt03	4	18	1	1	2.0000	1.0000	1.0000	0.7466	NaN	NaN	NaN	505961.5246	505961.8522	1.0000	1.0000	0.2575
31zt03	4	19	1	1	1.0000	1.0000	1.0000	NaN	7.0263	6.4255	15.2828	505964.4786	505964.7796	1.0000	1.0000	0.1547
31zt03	4	19	1	1	2.0000	1.0000	1.0000	0.5197	NaN	NaN	NaN	505965.5504	505965.8769	1.0000	1.0000	0.1709
31zt03	4	20	1	1	1.0000	1.0000	-1.0000	NaN	6.3482	-7.5047	14.9028	505968.2234	505968.5244	0.0000	1.0000	0.2012
31zt03	4	20	1	1	2.0000	1.0000	1.0000	0.1310	NaN	NaN	NaN	505969.3096	505969.6355	1.0000	1.0000	0.0259
31zt03	4	21	1	1	1.0000	1.0000	1.0000	NaN	0.0454	0.1737	15.3692	505971.6397	505971.9412	1.0000	1.0000	0.1844
31zt03	4	21	1	1	2.0000	1.0000	1.0000	0.8085	NaN	NaN	NaN	505972.7823	505973.1086	1.0000	1.0000	0.0007
31zt03	4	22	1	1	1.0000	1.0000	1.0000	NaN	0.4219	2.6833	15.2275	505975.2125	505975.5137	1.0000	1.0000	0.1497
31zt03	4	22	1	1	2.0000	1.0000	1.0000	0.5513	NaN	NaN	NaN	505976.2621	505976.5901	1.0000	1.0000	0.0074
31zt03	4	23	1	1	1.0000	1.0000	-1.0000	NaN	3.4464	-3.1050	16.1633	505978.8146	505979.1156	0.0000	1.0000	0.2501
31zt03	4	23	1	1	2.0000	1.0000	1.0000	0.4201	NaN	NaN	NaN	505979.9095	505980.2369	1.0000	1.0000	0.0416
31zt03	4	24	1	1	1.0000	1.0000	-1.0000	NaN	7.8192	-8.6424	15.7904	505982.4483	505982.7494	0.0000	1.0000	0.1212
31zt03	4	24	1	1	2.0000	1.0000	1.0000	0.1566	NaN	NaN	NaN	505983.4382	505983.7649	1.0000	1.0000	0.1547
31zt03	4	25	1	1	1.0000	1.0000	-1.0000	NaN	1.7572	-3.4463	13.3355	505986.3280	505986.6291	0.0000	1.0000	0.2826
31zt03	4	25	1	1	2.0000	1.0000	1.0000	0.3820	NaN	NaN	NaN	505987.4941	505987.8193	1.0000	1.0000	0.0921
31zt03	4	26	1	1	1.0000	1.0000	-1.0000	NaN	5.5941	-6.1024	14.9561	505990.2751	505990.5761	0.0000	1.0000	0.1252
31zt03	4	26	1	1	2.0000	1.0000	1.0000	0.6391	NaN	NaN	NaN	505991.3023	505991.6280	1.0000	1.0000	0.0361
31zt03	4	27	1	1	1.0000	1.0000	1.0000	NaN	5.2323	7.5197	14.1327	505994.0637	505994.3648	0.0000	0.0000	0.0967
31zt03	4	27	1	1	2.0000	1.0000	-1.0000	0.4600	NaN	NaN	NaN	505994.9976	505995.3245	0.0000	1.0000	0.0990
31zt03	4	28	1	1	1.0000	1.0000	-1.0000	NaN	2.8683	-3.5647	14.6148	505997.8589	505998.1600	0.0000	1.0000	0.1279
31zt03	4	28	1	1	2.0000	1.0000	1.0000	0.8211	NaN	NaN	NaN	505998.8535	505999.1801	1.0000	1.0000	0.0437
31zt03	4	29	1	1	1.0000	1.0000	-1.0000	NaN	1.1462	-4.4515	15.1601	506001.2086	506001.5097	0.0000	1.0000	0.1783
31zt03	4	29	1	1	2.0000	1.0000	1.0000	0.8571	NaN	NaN	NaN	506002.2372	506002.5644	1.0000	1.0000	0.0835
31zt03	4	30	1	1	1.0000	1.0000	1.0000	NaN	0.4520	0.9560	14.9421	506004.7012	506005.0022	0.0000	0.0000	0.1740
31zt03	4	30	1	1	2.0000	1.0000	-1.0000	0.7257	NaN	NaN	NaN	506005.7656	506006.0908	1.0000	0.0000	0.0448
31zt03	4	31	1	1	1.0000	1.0000	1.0000	NaN	3.7972	3.5944	15.7612	506008.6876	506008.9886	1.0000	1.0000	0.3959
31zt03	4	31	1	1	2.0000	1.0000	1.0000	0.2021	NaN	NaN	NaN	506010.0461	506010.3730	1.0000	1.0000	0.3782
31zt03	4	32	1	1	1.0000	1.0000	1.0000	NaN	2.4710	3.2912	15.8018	506012.8171	506013.1182	1.0000	1.0000	0.5433
31zt03	4	32	1	1	2.0000	1.0000	1.0000	0.1806	NaN	NaN	NaN	506014.1983	506014.5252	1.0000	1.0000	0.2644
31zt03	4	33	1	1	1.0000	1.0000	-1.0000	NaN	5.0395	-6.2208	16.0422	506017.3769	506017.6779	0.0000	1.0000	0.6341
31zt03	4	33	1	1	2.0000	1.0000	1.0000	0.3300	NaN	NaN	NaN	506018.9175	506019.2463	1.0000	1.0000	0.2631
31zt03	4	34	1	1	1.0000	1.0000	-1.0000	NaN	4.4324	-3.5895	17.5151	506022.0368	506022.3378	0.0000	1.0000	0.2517
31zt03	4	34	1	1	2.0000	1.0000	1.0000	0.8968	NaN	NaN	NaN	506023.1819	506023.5088	1.0000	1.0000	0.1393
31zt03	4	35	1	1	1.0000	1.0000	1.0000	NaN	3.4615	2.8396	14.1407	506026.0996	506026.4007	1.0000	1.0000	0.4292
31zt03	4	35	1	1	2.0000	1.0000	1.0000	0.6153	NaN	NaN	NaN	506027.3741	506027.7013	1.0000	1.0000	0.2322
31zt03	4	36	1	1	1.0000	1.0000	-1.0000	NaN	4.5534	-7.5481	15.4431	506029.8965	506030.1979	0.0000	1.0000	0.1923
31zt03	4	36	1	1	2.0000	1.0000	1.0000	0.4865	NaN	NaN	NaN	506030.9897	506031.3165	1.0000	1.0000	0.0825
31zt03	4	37	1	1	1.0000	1.0000	1.0000	NaN	0.0821	1.4819	14.2427	506033.6337	506033.9346	1.0000	1.0000	0.1602
31zt03	4	37	1	1	2.0000	1.0000	1.0000	0.5902	NaN	NaN	NaN	506034.6545	506034.9825	1.0000	1.0000	0.1530
31zt03	4	38	1	1	1.0000	1.0000	-1.0000	NaN	6.0815	-4.5165	14.4427	506037.5376	506037.8386	0.0000	1.0000	0.2820
31zt03	4	38	1	1	2.0000	1.0000	1.0000	0.1598	NaN	NaN	NaN	506038.7421	506039.0686	1.0000	1.0000	0.1557
31zt03	4	39	1	1	1.0000	1.0000	-1.0000	NaN	6.7764	-4.7219	14.4810	506041.3738	506041.6748	0.0000	1.0000	0.1068
31zt03	4	39	1	1	2.0000	1.0000	1.0000	0.8191	NaN	NaN	NaN	506042.3819	506042.7090	1.0000	1.0000	0.1551
31zt03	4	40	1	1	1.0000	1.0000	-1.0000	NaN	1.3082	-2.2415	12.8637	506044.8421	506045.1434	0.0000	1.0000	0.1904
31zt03	4	40	1	1	2.0000	1.0000	1.0000	0.6764	NaN	NaN	NaN	506045.9261	506046.2525	1.0000	1.0000	0.0413
31zt03	4	41	1	1	1.0000	1.0000	1.0000	NaN	6.5659	5.9137	16.4000	506048.4159	506048.7169	1.0000	1.0000	0.2483
31zt03	4	41	1	1	2.0000	1.0000	1.0000	0.5729	NaN	NaN	NaN	506049.5574	506049.8848	1.0000	1.0000	0.0408
31zt03	4	42	1	1	1.0000	1.0000	1.0000	NaN	5.8001	5.2484	14.5182	506052.3873	506052.6882	1.0000	1.0000	0.1117
31zt03	4	42	1	1	2.0000	1.0000	1.0000	0.9032	NaN	NaN	NaN	506053.3496	506053.6759	1.0000	1.0000	0.1477
31zt03	4	43	1	1	1.0000	1.0000	-1.0000	NaN	0.8263	-0.4902	14.5510	506056.3308	506056.6320	0.0000	1.0000	0.1664
31zt03	4	43	1	1	2.0000	1.0000	1.0000	0.9355	NaN	NaN	NaN	506057.4058	506057.7325	1.0000	1.0000	0.0007
31zt03	4	44	1	1	1.0000	1.0000	1.0000	NaN	5.2621	4.7878	14.7382	506060.2306	506060.5316	1.0000	1.0000	0.2500
31zt03	4	44	1	1	2.0000	1.0000	1.0000	0.6665	NaN	NaN	NaN	506061.3420	506061.6684	1.0000	1.0000	0.1211
31zt03	4	45	1	1	1.0000	1.0000	1.0000	NaN	7.8810	6.8333	14.2894	506064.0436	506064.3446	1.0000	1.0000	0.1272
31zt03	4	45	1	1	2.0000	1.0000	1.0000	0.9261	NaN	NaN	NaN	506065.0297	506065.3567	1.0000	1.0000	0.0590
31zt03	4	46	1	1	1.0000	1.0000	1.0000	NaN	4.4341	2.7151	13.8336	506067.5329	506067.8339	0.0000	0.0000	0.2844
31zt03	4	46	1	1	2.0000	1.0000	-1.0000	0.9211	NaN	NaN	NaN	506068.7093	506069.0365	0.0000	1.0000	0.1637
31zt03	4	47	1	1	1.0000	1.0000	-1.0000	NaN	0.8250	-1.2052	15.0205	506071.3188	506071.6198	1.0000	0.0000	0.2177
31zt03	4	47	1	1	2.0000	1.0000	-1.0000	0.0579	NaN	NaN	NaN	506072.4296	506072.7559	1.0000	0.0000	0.4336
31zt03	4	48	1	1	1.0000	1.0000	1.0000	NaN	7.4423	8.7863	14.0930	506075.0287	506075.3297	1.0000	1.0000	0.1719
31zt03	4	48	1	1	2.0000	1.0000	1.0000	0.4528	NaN	NaN	NaN	506076.0777	506076.4071	1.0000	1.0000	0.1924
31zt03	4	49	1	1	1.0000	1.0000	-1.0000	NaN	4.0175	-4.8882	14.5519	506078.6427	506078.9442	0.0000	1.0000	0.2155
31zt03	4	49	1	1	2.0000	1.0000	1.0000	0.7162	NaN	NaN	NaN	506079.7497	506080.0773	1.0000	1.0000	0.0082
31zt03	4	50	1	1	1.0000	1.0000	-1.0000	NaN	1.0365	-0.1549	13.5572	506082.3974	506082.6984	1.0000	0.0000	0.1578
31zt03	4	50	1	1	2.0000	1.0000	-1.0000	0.7622	NaN	NaN	NaN	506083.4145	506083.7409	0.0000	1.0000	0.1469
31zt03	5	1	1	1	1.0000	1.0000	-1.0000	NaN	1.6518	-0.6444	15.0370	506086.7993	506087.1006	0.0000	1.0000	0.2091
31zt03	5	1	1	1	2.0000	1.0000	1.0000	0.8040	NaN	NaN	NaN	506087.9099	506088.2374	1.0000	1.0000	0.0881
31zt03	5	2	1	1	1.0000	1.0000	1.0000	NaN	4.0149	4.9391	13.8881	506090.7058	506091.0068	1.0000	1.0000	0.2322
31zt03	5	2	1	1	2.0000	1.0000	1.0000	0.3009	NaN	NaN	NaN	506091.7816	506092.1092	1.0000	1.0000	0.1524
31zt03	5	3	1	1	1.0000	1.0000	1.0000	NaN	6.6038	8.0316	16.0831	506094.1069	506094.4079	1.0000	1.0000	0.1737
31zt03	5	3	1	1	2.0000	1.0000	1.0000	0.8958	NaN	NaN	NaN	506095.1503	506095.4770	1.0000	1.0000	0.0417
31zt03	5	4	1	1	1.0000	1.0000	1.0000	NaN	3.5673	2.9839	15.5298	506097.6056	506097.9067	1.0000	1.0000	0.1330
31zt03	5	4	1	1	2.0000	1.0000	1.0000	0.3351	NaN	NaN	NaN	506098.6215	506098.9481	1.0000	1.0000	0.0976
31zt03	5	5	1	1	1.0000	1.0000	-1.0000	NaN	0.2591	-1.9524	15.7081	506101.4963	506101.7979	1.0000	0.0000	0.0804
31zt03	5	5	1	1	2.0000	1.0000	-1.0000	0.1371	NaN	NaN	NaN	506102.5178	506102.8454	1.0000	0.0000	0.3228
31zt03	5	6	1	1	1.0000	1.0000	-1.0000	NaN	3.0319	-1.9028	13.7463	506105.2028	506105.5039	0.0000	1.0000	0.2782
31zt03	5	6	1	1	2.0000	1.0000	1.0000	0.3735	NaN	NaN	NaN	506106.3570	506106.6842	1.0000	1.0000	0.0517
31zt03	5	7	1	1	1.0000	1.0000	-1.0000	NaN	0.5662	-1.0725	14.9119	506108.5875	506108.8886	0.0000	1.0000	0.1807
31zt03	5	7	1	1	2.0000	1.0000	1.0000	0.7978	NaN	NaN	NaN	506109.6455	506109.9730	1.0000	1.0000	0.0417
31zt03	5	8	1	1	1.0000	1.0000	-1.0000	NaN	1.2624	-0.8201	14.9452	506112.3919	506112.6930	1.0000	0.0000	0.6815
31zt03	5	8	1	1	2.0000	1.0000	-1.0000	0.6417	NaN	NaN	NaN	506113.9419	506114.2685	0.0000	1.0000	0.2587
31zt03	5	9	1	1	1.0000	1.0000	1.0000	NaN	1.9758	2.4229	14.9878	506116.8134	506117.1145	1.0000	1.0000	0.2361
31zt03	5	9	1	1	2.0000	1.0000	1.0000	0.9023	NaN	NaN	NaN	506117.9018	506118.2284	1.0000	1.0000	0.1772
31zt03	5	10	1	1	1.0000	1.0000	1.0000	NaN	4.4143	6.9831	15.4943	506120.6531	506120.9542	1.0000	1.0000	0.1638
31zt03	5	10	1	1	2.0000	1.0000	1.0000	0.2180	NaN	NaN	NaN	506121.6775	506122.0052	1.0000	1.0000	0.2003
31zt03	5	11	1	1	1.0000	1.0000	-1.0000	NaN	7.5286	-5.7768	14.7823	506124.5512	506124.8523	0.0000	1.0000	0.2436
31zt03	5	11	1	1	2.0000	1.0000	1.0000	0.8868	NaN	NaN	NaN	506125.7022	506126.0287	1.0000	1.0000	0.1151
31zt03	5	12	1	1	1.0000	1.0000	-1.0000	NaN	5.9768	-5.6609	16.0560	506128.5775	506128.8785	0.0000	1.0000	0.1611
31zt03	5	12	1	1	2.0000	1.0000	1.0000	0.6168	NaN	NaN	NaN	506129.6459	506129.9726	1.0000	1.0000	0.0169
31zt03	5	13	1	1	1.0000	1.0000	1.0000	NaN	1.6947	3.7663	15.0812	506132.2353	506132.5363	1.0000	1.0000	0.1811
31zt03	5	13	1	1	2.0000	1.0000	1.0000	0.1212	NaN	NaN	NaN	506133.2937	506133.6206	1.0000	1.0000	0.4176
31zt03	5	14	1	1	1.0000	1.0000	1.0000	NaN	3.1738	5.5066	15.6102	506136.3333	506136.6347	1.0000	1.0000	0.0910
31zt03	5	14	1	1	2.0000	1.0000	1.0000	0.0350	NaN	NaN	NaN	506137.2921	506137.6177	1.0000	1.0000	0.3479
31zt03	5	15	1	1	1.0000	1.0000	-1.0000	NaN	2.9909	-2.5295	15.9079	506140.2968	506140.5986	1.0000	0.0000	0.0802
31zt03	5	15	1	1	2.0000	1.0000	-1.0000	0.0186	NaN	NaN	NaN	506141.2218	506141.5494	1.0000	0.0000	0.2110
31zt03	5	16	1	1	1.0000	1.0000	-1.0000	NaN	2.8053	-3.8505	16.4179	506143.7038	506144.0048	0.0000	1.0000	0.2435
31zt03	5	16	1	1	2.0000	1.0000	1.0000	0.6653	NaN	NaN	NaN	506144.7741	506145.1012	1.0000	1.0000	0.1544
31zt03	5	17	1	1	1.0000	1.0000	1.0000	NaN	4.3184	4.9452	15.0130	506147.2492	506147.5503	1.0000	1.0000	0.1115
31zt03	5	17	1	1	2.0000	1.0000	1.0000	0.1697	NaN	NaN	NaN	506148.2220	506148.5483	1.0000	1.0000	0.1159
31zt03	5	18	1	1	1.0000	1.0000	1.0000	NaN	4.0672	6.3246	13.7970	506151.2142	506151.5152	1.0000	1.0000	0.1571
31zt03	5	18	1	1	2.0000	1.0000	1.0000	0.1107	NaN	NaN	NaN	506152.2455	506152.5732	1.0000	1.0000	0.2884
31zt03	5	19	1	1	1.0000	1.0000	1.0000	NaN	0.5270	2.8852	13.2815	506155.1579	506155.4592	1.0000	1.0000	0.0102
31zt03	5	19	1	1	2.0000	1.0000	1.0000	0.0009	NaN	NaN	NaN	506156.0301	506156.3586	1.0000	1.0000	0.1351
31zt03	5	20	1	1	1.0000	1.0000	-1.0000	NaN	7.6958	-8.5495	14.6546	506158.3549	506158.6562	1.0000	0.0000	0.0534
31zt03	5	20	1	1	2.0000	1.0000	-1.0000	0.6780	NaN	NaN	NaN	506159.2538	506159.5805	0.0000	1.0000	0.0110
31zt03	5	21	1	1	1.0000	1.0000	-1.0000	NaN	2.9098	-3.1547	15.5167	506161.9258	506162.2268	0.0000	1.0000	0.1809
31zt03	5	21	1	1	2.0000	1.0000	1.0000	0.5901	NaN	NaN	NaN	506162.9738	506163.3012	1.0000	1.0000	0.0008
31zt03	5	22	1	1	1.0000	1.0000	1.0000	NaN	5.9772	5.2864	14.4364	506165.2725	506165.5735	0.0000	0.0000	0.2481
31zt03	5	22	1	1	2.0000	1.0000	-1.0000	0.3527	NaN	NaN	NaN	506166.4056	506166.7329	0.0000	1.0000	0.1780
31zt03	5	23	1	1	1.0000	1.0000	-1.0000	NaN	5.5295	-4.1831	14.6865	506168.8885	506169.1896	1.0000	0.0000	0.0319
31zt03	5	23	1	1	2.0000	1.0000	-1.0000	0.8085	NaN	NaN	NaN	506169.7970	506170.1242	0.0000	1.0000	0.1776
31zt03	5	24	1	1	1.0000	1.0000	-1.0000	NaN	5.0131	-6.6994	16.1759	506172.5890	506172.8901	0.0000	1.0000	0.1492
31zt03	5	24	1	1	2.0000	1.0000	1.0000	0.2777	NaN	NaN	NaN	506173.6139	506173.9416	1.0000	1.0000	0.0007
31zt03	5	25	1	1	1.0000	1.0000	-1.0000	NaN	3.9664	-3.1992	13.9739	506175.8801	506176.1811	1.0000	0.0000	0.2103
31zt03	5	25	1	1	2.0000	1.0000	-1.0000	0.9704	NaN	NaN	NaN	506176.9738	506177.3015	0.0000	1.0000	0.0410
31zt03	5	26	1	1	1.0000	1.0000	1.0000	NaN	0.8754	1.1320	15.0345	506179.5859	506179.8869	1.0000	1.0000	0.1771
31zt03	5	26	1	1	2.0000	1.0000	1.0000	0.6157	NaN	NaN	NaN	506180.6057	506180.9330	1.0000	1.0000	0.1125
31zt03	5	27	1	1	1.0000	1.0000	1.0000	NaN	4.1474	3.4960	14.9910	506183.5590	506183.8602	1.0000	1.0000	0.2015
31zt03	5	27	1	1	2.0000	1.0000	1.0000	0.9428	NaN	NaN	NaN	506184.5975	506184.9233	1.0000	1.0000	0.1225
31zt03	5	28	1	1	1.0000	1.0000	1.0000	NaN	1.9946	1.4893	15.2787	506187.2007	506187.5017	1.0000	1.0000	0.0976
31zt03	5	28	1	1	2.0000	1.0000	1.0000	0.9715	NaN	NaN	NaN	506188.1422	506188.4699	1.0000	1.0000	0.0316
31zt03	5	29	1	1	1.0000	1.0000	1.0000	NaN	5.5153	6.9386	14.7899	506191.0413	506191.3422	1.0000	1.0000	0.1435
31zt03	5	29	1	1	2.0000	1.0000	1.0000	0.9858	NaN	NaN	NaN	506192.0460	506192.3722	1.0000	1.0000	0.2682
31zt03	5	30	1	1	1.0000	1.0000	1.0000	NaN	3.5935	5.6152	13.6555	506195.0681	506195.3691	1.0000	1.0000	0.1663
31zt03	5	30	1	1	2.0000	1.0000	1.0000	0.6425	NaN	NaN	NaN	506196.0620	506196.3897	1.0000	1.0000	0.0894
31zt03	5	31	1	1	1.0000	1.0000	1.0000	NaN	4.2208	4.1291	15.2942	506198.7897	506199.0907	1.0000	1.0000	0.0601
31zt03	5	31	1	1	2.0000	1.0000	1.0000	0.4969	NaN	NaN	NaN	506199.7096	506200.0359	1.0000	1.0000	0.0009
31zt03	5	32	1	1	1.0000	1.0000	1.0000	NaN	0.8941	2.1098	15.7035	506202.3080	506202.6090	1.0000	1.0000	0.1406
31zt03	5	32	1	1	2.0000	1.0000	1.0000	0.6519	NaN	NaN	NaN	506203.2942	506203.6211	1.0000	1.0000	0.1301
31zt03	5	33	1	1	1.0000	1.0000	-1.0000	NaN	6.2957	-7.4958	14.3958	506206.3040	506206.6050	0.0000	1.0000	0.1309
31zt03	5	33	1	1	2.0000	1.0000	1.0000	0.9652	NaN	NaN	NaN	506207.3418	506207.6681	1.0000	1.0000	0.0008
31zt03	5	34	1	1	1.0000	1.0000	-1.0000	NaN	2.3782	-2.8898	15.3321	506210.0832	506210.3843	0.0000	1.0000	0.1972
31zt03	5	34	1	1	2.0000	1.0000	1.0000	0.9645	NaN	NaN	NaN	506211.1732	506211.5026	1.0000	1.0000	0.0007
31zt03	5	35	1	1	1.0000	1.0000	1.0000	NaN	4.1255	2.4651	16.1166	506213.6232	506213.9243	0.0000	0.0000	0.1057
31zt03	5	35	1	1	2.0000	1.0000	-1.0000	0.8112	NaN	NaN	NaN	506214.6074	506214.9338	0.0000	1.0000	0.1303
31zt03	5	36	1	1	1.0000	1.0000	1.0000	NaN	2.9484	4.5073	14.4104	506217.2235	506217.5248	1.0000	1.0000	0.1370
31zt03	5	36	1	1	2.0000	1.0000	1.0000	0.7937	NaN	NaN	NaN	506218.2211	506218.5479	1.0000	1.0000	0.1377
31zt03	5	37	1	1	1.0000	1.0000	-1.0000	NaN	5.0767	-5.5254	16.5592	506220.6670	506220.9680	0.0000	1.0000	0.1520
31zt03	5	37	1	1	2.0000	1.0000	1.0000	0.0587	NaN	NaN	NaN	506221.7098	506222.0356	1.0000	1.0000	0.0007
31zt03	5	38	1	1	1.0000	1.0000	-1.0000	NaN	0.2138	-2.1806	14.3683	506224.0349	506224.3359	0.0000	1.0000	0.0378
31zt03	5	38	1	1	2.0000	1.0000	1.0000	0.5475	NaN	NaN	NaN	506224.9745	506225.3016	1.0000	1.0000	0.0007
31zt03	5	39	1	1	1.0000	1.0000	1.0000	NaN	1.0279	1.6645	14.6707	506227.3223	506227.6236	1.0000	1.0000	0.0484
31zt03	5	39	1	1	2.0000	1.0000	1.0000	0.8502	NaN	NaN	NaN	506228.1816	506228.5072	1.0000	1.0000	0.2683
31zt03	5	40	1	1	1.0000	1.0000	1.0000	NaN	3.7938	2.6260	14.9636	506231.0222	506231.3232	1.0000	1.0000	0.1565
31zt03	5	40	1	1	2.0000	1.0000	1.0000	0.7528	NaN	NaN	NaN	506232.0142	506232.3416	1.0000	1.0000	0.1201
31zt03	5	41	1	1	1.0000	1.0000	-1.0000	NaN	1.3314	-3.6037	15.4715	506234.7410	506235.0419	0.0000	1.0000	0.2290
31zt03	5	41	1	1	2.0000	1.0000	1.0000	0.4758	NaN	NaN	NaN	506235.8702	506236.2003	1.0000	1.0000	0.0009
31zt03	5	42	1	1	1.0000	1.0000	-1.0000	NaN	3.0277	-3.8324	14.4226	506238.6099	506238.9110	1.0000	0.0000	0.0320
31zt03	5	42	1	1	2.0000	1.0000	-1.0000	0.4962	NaN	NaN	NaN	506239.4701	506239.7988	1.0000	0.0000	0.0467
31zt03	5	43	1	1	1.0000	1.0000	-1.0000	NaN	0.4878	-0.4553	15.3169	506242.5349	506242.8360	0.0000	1.0000	0.2122
31zt03	5	43	1	1	2.0000	1.0000	1.0000	0.8777	NaN	NaN	NaN	506243.6455	506243.9738	1.0000	1.0000	0.0008
31zt03	5	44	1	1	1.0000	1.0000	1.0000	NaN	6.9126	6.8959	15.5700	506246.1614	506246.4624	1.0000	1.0000	0.1452
31zt03	5	44	1	1	2.0000	1.0000	1.0000	0.0193	NaN	NaN	NaN	506247.1576	506247.4839	0.0000	0.0000	0.1778
31zt03	5	45	1	1	1.0000	1.0000	-1.0000	NaN	6.7500	-9.2385	14.8562	506249.6332	506249.9343	0.0000	1.0000	0.4075
31zt03	5	45	1	1	2.0000	1.0000	1.0000	0.5946	NaN	NaN	NaN	506250.9259	506251.2531	1.0000	1.0000	0.0186
31zt03	5	46	1	1	1.0000	1.0000	-1.0000	NaN	6.2539	-6.3903	14.5383	506253.6254	506253.9264	0.0000	1.0000	0.1353
31zt03	5	46	1	1	2.0000	1.0000	1.0000	0.2735	NaN	NaN	NaN	506254.6302	506254.9575	1.0000	1.0000	0.0008
31zt03	5	47	1	1	1.0000	1.0000	-1.0000	NaN	3.5805	-2.2589	15.9137	506257.5212	506257.8226	0.0000	1.0000	0.3616
31zt03	5	47	1	1	2.0000	1.0000	1.0000	0.7626	NaN	NaN	NaN	506258.7828	506259.1088	1.0000	1.0000	0.1638
31zt03	5	48	1	1	1.0000	1.0000	1.0000	NaN	2.5207	1.9497	12.2540	506261.4253	506261.7264	1.0000	1.0000	0.2255
31zt03	5	48	1	1	2.0000	1.0000	1.0000	0.2419	NaN	NaN	NaN	506262.5260	506262.8527	1.0000	1.0000	0.0008
31zt03	5	49	1	1	1.0000	1.0000	1.0000	NaN	3.2382	4.1037	15.0056	506264.9277	506265.2286	1.0000	1.0000	0.3467
31zt03	5	49	1	1	2.0000	1.0000	1.0000	0.5779	NaN	NaN	NaN	506266.1342	506266.4608	1.0000	1.0000	0.0329
31zt03	5	50	1	1	1.0000	1.0000	1.0000	NaN	0.5445	0.3700	14.1996	506268.8813	506269.1822	1.0000	1.0000	0.2247
31zt03	5	50	1	1	2.0000	1.0000	1.0000	0.4133	NaN	NaN	NaN	506269.9580	506270.2851	1.0000	1.0000	0.2007
31zt03	6	1	1	1	1.0000	1.0000	-1.0000	NaN	5.1879	-6.5402	15.4450	506273.6488	506273.9498	0.0000	1.0000	0.2079
31zt03	6	1	1	1	2.0000	1.0000	1.0000	0.6079	NaN	NaN	NaN	506274.7257	506275.0526	1.0000	1.0000	0.0007
31zt03	6	2	1	1	1.0000	1.0000	1.0000	NaN	7.1947	7.8997	15.1439	506277.3180	506277.6196	1.0000	1.0000	0.2047
31zt03	6	2	1	1	2.0000	1.0000	1.0000	0.8084	NaN	NaN	NaN	506278.4151	506278.7418	1.0000	1.0000	0.0012
31zt03	6	3	1	1	1.0000	1.0000	-1.0000	NaN	0.5400	-0.5424	16.0162	506280.9896	506281.2907	1.0000	0.0000	0.1799
31zt03	6	3	1	1	2.0000	1.0000	-1.0000	0.9658	NaN	NaN	NaN	506282.0134	506282.3403	1.0000	0.0000	0.0007
31zt03	6	4	1	1	1.0000	1.0000	1.0000	NaN	0.1741	0.7977	16.0330	506284.7062	506285.0075	0.0000	0.0000	0.1021
31zt03	6	4	1	1	2.0000	1.0000	-1.0000	0.0399	NaN	NaN	NaN	506285.6536	506285.9818	1.0000	0.0000	0.0824
31zt03	6	5	1	1	1.0000	1.0000	1.0000	NaN	3.8069	0.7706	13.5434	506288.5234	506288.8244	1.0000	1.0000	0.1917
31zt03	6	5	1	1	2.0000	1.0000	1.0000	0.4910	NaN	NaN	NaN	506289.5980	506289.9244	1.0000	1.0000	0.1638
31zt03	6	6	1	1	1.0000	1.0000	-1.0000	NaN	4.8704	-5.0133	13.9137	506292.2385	506292.5395	1.0000	0.0000	0.3378
31zt03	6	6	1	1	2.0000	1.0000	-1.0000	0.0656	NaN	NaN	NaN	506293.4451	506293.7720	1.0000	0.0000	0.4759
31zt03	6	7	1	1	1.0000	1.0000	-1.0000	NaN	7.8005	-6.7509	14.4549	506296.4008	506296.7020	0.0000	1.0000	0.2258
31zt03	6	7	1	1	2.0000	1.0000	1.0000	0.0481	NaN	NaN	NaN	506297.5019	506297.8292	1.0000	1.0000	0.0643
31zt03	6	8	1	1	1.0000	1.0000	1.0000	NaN	0.1252	0.7662	14.4216	506300.0898	506300.3913	1.0000	1.0000	0.2171
31zt03	6	8	1	1	2.0000	1.0000	1.0000	0.5046	NaN	NaN	NaN	506301.1502	506301.4794	1.0000	1.0000	0.0800
31zt03	6	9	1	1	1.0000	1.0000	1.0000	NaN	2.7341	3.0157	15.0559	506303.5046	506303.8057	1.0000	1.0000	0.1358
31zt03	6	9	1	1	2.0000	1.0000	1.0000	0.2543	NaN	NaN	NaN	506304.4939	506304.8235	1.0000	1.0000	0.2647
31zt03	6	10	1	1	1.0000	1.0000	1.0000	NaN	7.7937	10.0128	14.0639	506307.4836	506307.7848	1.0000	1.0000	0.2472
31zt03	6	10	1	1	2.0000	1.0000	1.0000	0.0664	NaN	NaN	NaN	506308.5585	506308.8856	1.0000	1.0000	0.2423
31zt03	6	11	1	1	1.0000	1.0000	-1.0000	NaN	1.9809	-2.9989	14.6690	506311.5158	506311.8171	0.0000	1.0000	0.3350
31zt03	6	11	1	1	2.0000	1.0000	1.0000	0.6781	NaN	NaN	NaN	506312.7337	506313.0613	1.0000	1.0000	0.0486
31zt03	6	12	1	1	1.0000	1.0000	-1.0000	NaN	3.3384	-2.4926	13.5168	506315.2073	506315.5083	0.0000	1.0000	0.2493
31zt03	6	12	1	1	2.0000	1.0000	1.0000	0.0957	NaN	NaN	NaN	506316.3347	506316.6667	1.0000	1.0000	0.1149
31zt03	6	13	1	1	1.0000	1.0000	1.0000	NaN	1.4080	3.5499	15.4687	506319.0025	506319.3036	0.0000	0.0000	0.1052
31zt03	6	13	1	1	2.0000	1.0000	-1.0000	0.4994	NaN	NaN	NaN	506319.9339	506320.2610	0.0000	1.0000	0.0746
31zt03	6	14	1	1	1.0000	1.0000	1.0000	NaN	3.8079	3.3146	15.9162	506322.4623	506322.7633	1.0000	1.0000	0.2105
31zt03	6	14	1	1	2.0000	1.0000	1.0000	0.1442	NaN	NaN	NaN	506323.4859	506323.8131	1.0000	1.0000	0.1927
31zt03	6	15	1	1	1.0000	1.0000	-1.0000	NaN	1.9135	-0.7127	14.8860	506325.9853	506326.2866	0.0000	1.0000	0.1351
31zt03	6	15	1	1	2.0000	1.0000	1.0000	0.2341	NaN	NaN	NaN	506326.9901	506327.3186	1.0000	1.0000	0.1776
31zt03	6	16	1	1	1.0000	1.0000	1.0000	NaN	3.3089	4.7319	15.6168	506329.9572	506330.2583	0.0000	0.0000	0.0593
31zt03	6	16	1	1	2.0000	1.0000	-1.0000	0.4840	NaN	NaN	NaN	506330.8536	506331.1808	0.0000	1.0000	0.0007
31zt03	6	17	1	1	1.0000	1.0000	1.0000	NaN	2.8758	3.3783	16.7100	506333.0040	506333.3052	1.0000	1.0000	0.1589
31zt03	6	17	1	1	2.0000	1.0000	1.0000	0.6873	NaN	NaN	NaN	506333.9974	506334.3247	1.0000	1.0000	0.0095
31zt03	6	18	1	1	1.0000	1.0000	-1.0000	NaN	6.5925	-4.5960	14.8040	506336.2808	506336.5820	1.0000	0.0000	0.0812
31zt03	6	18	1	1	2.0000	1.0000	-1.0000	0.9041	NaN	NaN	NaN	506337.1588	506337.4871	0.0000	1.0000	0.0548
31zt03	6	19	1	1	1.0000	1.0000	-1.0000	NaN	7.2026	-7.9618	14.8750	506339.9133	506340.2143	0.0000	1.0000	0.2498
31zt03	6	19	1	1	2.0000	1.0000	1.0000	0.7149	NaN	NaN	NaN	506341.0306	506341.3561	1.0000	1.0000	0.1553
31zt03	6	20	1	1	1.0000	1.0000	1.0000	NaN	5.6429	3.6010	14.9883	506343.6964	506343.9975	0.0000	0.0000	0.4480
31zt03	6	20	1	1	2.0000	1.0000	-1.0000	0.6572	NaN	NaN	NaN	506345.0138	506345.3395	0.0000	1.0000	0.1141
31zt03	6	21	1	1	1.0000	1.0000	1.0000	NaN	4.3878	4.7713	15.3039	506347.8236	506348.1246	1.0000	1.0000	0.1608
31zt03	6	21	1	1	2.0000	1.0000	1.0000	0.9957	NaN	NaN	NaN	506348.8302	506349.1572	1.0000	1.0000	0.0562
31zt03	6	22	1	1	1.0000	1.0000	1.0000	NaN	6.0889	7.5843	15.0553	506351.8187	506352.1198	1.0000	1.0000	0.0778
31zt03	6	22	1	1	2.0000	1.0000	1.0000	0.5310	NaN	NaN	NaN	506352.7352	506353.0631	1.0000	1.0000	0.1430
31zt03	6	23	1	1	1.0000	1.0000	1.0000	NaN	7.0435	6.7363	15.5690	506355.4771	506355.7782	1.0000	1.0000	0.0914
31zt03	6	23	1	1	2.0000	1.0000	1.0000	0.0587	NaN	NaN	NaN	506356.4297	506356.7572	1.0000	1.0000	0.1684
31zt03	6	24	1	1	1.0000	1.0000	1.0000	NaN	6.5236	6.8343	14.2442	506359.2797	506359.5807	1.0000	1.0000	0.1390
31zt03	6	24	1	1	2.0000	1.0000	1.0000	0.6701	NaN	NaN	NaN	506360.2378	506360.5655	1.0000	1.0000	0.1385
31zt03	6	25	1	1	1.0000	1.0000	1.0000	NaN	7.6535	8.2269	15.2020	506362.7088	506363.0098	1.0000	1.0000	0.1960
31zt03	6	25	1	1	2.0000	1.0000	1.0000	0.5265	NaN	NaN	NaN	506363.7344	506364.0611	1.0000	1.0000	0.3065
31zt03	6	26	1	1	1.0000	1.0000	1.0000	NaN	2.1042	2.0241	14.1846	506366.3379	506366.6406	1.0000	1.0000	0.1011
31zt03	6	26	1	1	2.0000	1.0000	1.0000	0.2478	NaN	NaN	NaN	506367.2774	506367.6052	1.0000	1.0000	0.1524
31zt03	6	27	1	1	1.0000	1.0000	1.0000	NaN	5.1902	5.6962	16.3001	506369.6801	506369.9810	1.0000	1.0000	0.2432
31zt03	6	27	1	1	2.0000	1.0000	1.0000	0.3839	NaN	NaN	NaN	506370.7741	506371.1015	1.0000	1.0000	0.0256
31zt03	6	28	1	1	1.0000	1.0000	1.0000	NaN	5.9983	6.5456	16.0019	506373.3643	506373.6653	1.0000	1.0000	0.1425
31zt03	6	28	1	1	2.0000	1.0000	1.0000	0.9744	NaN	NaN	NaN	506374.3820	506374.7088	1.0000	1.0000	0.0007
31zt03	6	29	1	1	1.0000	1.0000	-1.0000	NaN	1.3376	-0.7573	14.7180	506376.5253	506376.8266	0.0000	1.0000	0.2850
31zt03	6	29	1	1	2.0000	1.0000	1.0000	0.8596	NaN	NaN	NaN	506377.6934	506378.0201	1.0000	1.0000	0.0009
31zt03	6	30	1	1	1.0000	1.0000	-1.0000	NaN	7.0410	-4.8132	14.4933	506380.1264	506380.4274	0.0000	1.0000	0.3484
31zt03	6	30	1	1	2.0000	1.0000	1.0000	0.3762	NaN	NaN	NaN	506381.3570	506381.6835	1.0000	1.0000	0.1702
31zt03	6	31	1	1	1.0000	1.0000	-1.0000	NaN	5.3274	-6.2014	15.9620	506384.2683	506384.5693	0.0000	1.0000	0.1484
31zt03	6	31	1	1	2.0000	1.0000	1.0000	0.1496	NaN	NaN	NaN	506385.2775	506385.6052	1.0000	1.0000	0.1215
31zt03	6	32	1	1	1.0000	1.0000	-1.0000	NaN	7.7023	-7.6375	14.5030	506387.6382	506387.9392	0.0000	1.0000	0.1705
31zt03	6	32	1	1	2.0000	1.0000	1.0000	0.8547	NaN	NaN	NaN	506388.6777	506389.0044	1.0000	1.0000	0.1130
31zt03	6	33	1	1	1.0000	1.0000	-1.0000	NaN	1.2298	-1.8390	16.3049	506391.4156	506391.7166	0.0000	1.0000	0.0115
31zt03	6	33	1	1	2.0000	1.0000	1.0000	0.7083	NaN	NaN	NaN	506392.2852	506392.6126	1.0000	1.0000	0.0508
31zt03	6	34	1	1	1.0000	1.0000	1.0000	NaN	4.6575	3.2894	14.6216	506395.0908	506395.3920	1.0000	1.0000	0.3672
31zt03	6	34	1	1	2.0000	1.0000	1.0000	0.5406	NaN	NaN	NaN	506396.3181	506396.6468	1.0000	1.0000	0.0008
31zt03	6	35	1	1	1.0000	1.0000	-1.0000	NaN	4.2023	-3.6042	13.6885	506398.5105	506398.8116	0.0000	1.0000	0.1879
31zt03	6	35	1	1	2.0000	1.0000	1.0000	0.8051	NaN	NaN	NaN	506399.5819	506399.9087	1.0000	1.0000	0.0089
31zt03	6	36	1	1	1.0000	1.0000	-1.0000	NaN	2.8627	-2.7872	14.6123	506401.8419	506402.1431	0.0000	1.0000	0.1985
31zt03	6	36	1	1	2.0000	1.0000	1.0000	0.7468	NaN	NaN	NaN	506402.8857	506403.2147	1.0000	1.0000	0.0007
31zt03	6	37	1	1	1.0000	1.0000	-1.0000	NaN	3.8233	-4.8482	14.6028	506405.6188	506405.9198	0.0000	1.0000	0.0859
31zt03	6	37	1	1	2.0000	1.0000	1.0000	0.8917	NaN	NaN	NaN	506406.5416	506406.8684	1.0000	1.0000	0.0333
31zt03	6	38	1	1	1.0000	1.0000	-1.0000	NaN	2.1765	-0.9255	13.5452	506409.5395	506409.8406	0.0000	1.0000	0.1197
31zt03	6	38	1	1	2.0000	1.0000	1.0000	0.4956	NaN	NaN	NaN	506410.4939	506410.8229	1.0000	1.0000	0.0088
31zt03	6	39	1	1	1.0000	1.0000	-1.0000	NaN	2.6751	-2.7889	15.8292	506413.1845	506413.4855	0.0000	1.0000	0.2666
31zt03	6	39	1	1	2.0000	1.0000	1.0000	0.0053	NaN	NaN	NaN	506414.3021	506414.6305	1.0000	1.0000	0.0008
31zt03	6	40	1	1	1.0000	1.0000	-1.0000	NaN	0.2627	-2.8531	15.8432	506416.5429	506416.8439	0.0000	1.0000	0.1135
31zt03	6	40	1	1	2.0000	1.0000	1.0000	0.3634	NaN	NaN	NaN	506417.5337	506417.8598	1.0000	1.0000	0.0428
31zt03	6	41	1	1	1.0000	1.0000	1.0000	NaN	5.2408	4.7237	13.0587	506420.3990	506420.7000	1.0000	1.0000	0.2199
31zt03	6	41	1	1	2.0000	1.0000	1.0000	0.6345	NaN	NaN	NaN	506421.5019	506421.8289	1.0000	1.0000	0.0011
31zt03	6	42	1	1	1.0000	1.0000	-1.0000	NaN	2.7820	-2.5938	15.8165	506424.4350	506424.7361	1.0000	0.0000	0.0398
31zt03	6	42	1	1	2.0000	1.0000	-1.0000	0.5622	NaN	NaN	NaN	506425.2698	506425.5972	0.0000	1.0000	0.0007
31zt03	6	43	1	1	1.0000	1.0000	1.0000	NaN	6.3891	3.5100	14.4809	506427.7773	506428.0782	1.0000	1.0000	0.1675
31zt03	6	43	1	1	2.0000	1.0000	1.0000	0.5244	NaN	NaN	NaN	506428.7663	506429.0929	1.0000	1.0000	0.1454
31zt03	6	44	1	1	1.0000	1.0000	-1.0000	NaN	7.5797	-6.4079	14.5051	506431.3000	506431.6011	0.0000	1.0000	0.1751
31zt03	6	44	1	1	2.0000	1.0000	1.0000	0.6138	NaN	NaN	NaN	506432.3737	506432.7014	1.0000	1.0000	0.0988
31zt03	6	45	1	1	1.0000	1.0000	1.0000	NaN	5.4948	7.9066	13.2584	506434.8531	506435.1543	1.0000	1.0000	0.2142
31zt03	6	45	1	1	2.0000	1.0000	1.0000	0.5005	NaN	NaN	NaN	506435.9258	506436.2525	1.0000	1.0000	0.1471
31zt03	6	46	1	1	1.0000	1.0000	1.0000	NaN	4.6848	5.8098	14.2331	506438.7105	506439.0115	1.0000	1.0000	0.1699
31zt03	6	46	1	1	2.0000	1.0000	1.0000	0.4871	NaN	NaN	NaN	506439.7258	506440.0535	1.0000	1.0000	0.0496
31zt03	6	47	1	1	1.0000	1.0000	1.0000	NaN	4.3521	2.4614	14.9029	506442.4232	506442.7243	1.0000	1.0000	0.0083
31zt03	6	47	1	1	2.0000	1.0000	1.0000	0.5979	NaN	NaN	NaN	506443.2531	506443.5787	1.0000	1.0000	0.0007
31zt03	6	48	1	1	1.0000	1.0000	1.0000	NaN	7.0385	6.3769	14.8680	506446.0333	506446.3343	1.0000	1.0000	0.1513
31zt03	6	48	1	1	2.0000	1.0000	1.0000	0.1688	NaN	NaN	NaN	506447.0055	506447.3323	1.0000	1.0000	0.1061
31zt03	6	49	1	1	1.0000	1.0000	-1.0000	NaN	2.8349	-2.1511	14.6780	506449.6867	506449.9877	0.0000	1.0000	0.2660
31zt03	6	49	1	1	2.0000	1.0000	1.0000	0.3405	NaN	NaN	NaN	506450.7992	506451.1256	1.0000	1.0000	0.0418
31zt03	6	50	1	1	1.0000	1.0000	-1.0000	NaN	2.6869	-3.5465	14.7945	506453.4721	506453.7730	0.0000	1.0000	0.2508
31zt03	6	50	1	1	2.0000	1.0000	1.0000	0.5338	NaN	NaN	NaN	506454.5735	506454.9004	1.0000	1.0000	0.0274
