41dl04	1	1	1	0	1.0000	0.0000	1.0000	0.0023	NaN	NaN	NaN	947487.4973	947487.8287	0.0000	0.0000	0.8106
41dl04	1	1	1	0	2.0000	0.0000	-1.0000	NaN	5.3183	-4.6803	15.5092	947489.2209	947489.5221	0.0000	1.0000	0.6286
41dl04	1	2	1	0	1.0000	0.0000	1.0000	0.1682	NaN	NaN	NaN	947492.7159	947493.0446	1.0000	1.0000	0.4260
41dl04	1	2	1	0	2.0000	0.0000	1.0000	NaN	3.1407	2.8941	15.7340	947494.0109	947494.3121	1.0000	1.0000	0.6223
41dl04	1	3	1	0	1.0000	0.0000	-1.0000	0.2642	NaN	NaN	NaN	947496.9505	947497.2811	1.0000	0.0000	0.4942
41dl04	1	3	1	0	2.0000	0.0000	-1.0000	NaN	6.3142	-6.2262	14.5263	947498.3135	947498.6147	0.0000	1.0000	0.5902
41dl04	1	4	1	0	1.0000	0.0000	1.0000	0.0008	NaN	NaN	NaN	947501.5519	947501.8822	1.0000	1.0000	0.5388
41dl04	1	4	1	0	2.0000	0.0000	1.0000	NaN	2.6517	1.2743	14.6656	947502.9537	947503.2549	0.0000	0.0000	0.5744
41dl04	1	5	1	0	1.0000	0.0000	-1.0000	0.2941	NaN	NaN	NaN	947506.4810	947506.8116	1.0000	0.0000	0.7223
41dl04	1	5	1	0	2.0000	0.0000	-1.0000	NaN	6.2910	-7.4789	16.5057	947508.0742	947508.3753	0.0000	1.0000	0.5758
41dl04	1	6	1	0	1.0000	0.0000	1.0000	0.1528	NaN	NaN	NaN	947511.3476	947511.6774	1.0000	1.0000	0.4715
41dl04	1	6	1	0	2.0000	0.0000	1.0000	NaN	0.5054	1.5135	13.2824	947512.6732	947512.9744	1.0000	1.0000	0.4483
41dl04	1	7	1	0	1.0000	0.0000	1.0000	0.4061	NaN	NaN	NaN	947516.0616	947516.3905	1.0000	1.0000	0.4004
41dl04	1	7	1	0	2.0000	0.0000	1.0000	NaN	5.2440	3.8571	14.7742	947517.3299	947517.6311	1.0000	1.0000	0.3522
41dl04	1	8	1	0	1.0000	0.0000	1.0000	0.4097	NaN	NaN	NaN	947520.2966	947520.6264	1.0000	1.0000	0.3654
41dl04	1	8	1	0	2.0000	0.0000	1.0000	NaN	5.3843	6.7380	15.0123	947521.5228	947521.8238	1.0000	1.0000	0.3350
41dl04	1	9	1	0	1.0000	0.0000	-1.0000	0.1494	NaN	NaN	NaN	947524.4380	947524.7679	0.0000	1.0000	0.3971
41dl04	1	9	1	0	2.0000	0.0000	1.0000	NaN	6.2251	6.7104	14.0469	947525.7144	947526.0164	1.0000	1.0000	0.5500
41dl04	1	10	1	0	1.0000	0.0000	1.0000	0.4469	NaN	NaN	NaN	947529.0155	947529.3439	1.0000	1.0000	0.4230
41dl04	1	10	1	0	2.0000	0.0000	1.0000	NaN	5.9994	5.3256	14.9225	947530.2986	947530.6005	1.0000	1.0000	0.4059
41dl04	1	11	1	0	1.0000	0.0000	1.0000	0.1786	NaN	NaN	NaN	947533.1390	947533.4677	1.0000	1.0000	0.3637
41dl04	1	11	1	0	2.0000	0.0000	1.0000	NaN	0.1375	0.5046	15.7214	947534.3858	947534.6868	0.0000	0.0000	0.4718
41dl04	1	12	1	0	1.0000	0.0000	-1.0000	0.4066	NaN	NaN	NaN	947537.5968	947537.9251	0.0000	1.0000	0.5438
41dl04	1	12	1	0	2.0000	0.0000	1.0000	NaN	1.5327	1.0686	14.3160	947539.0415	947539.3425	1.0000	1.0000	0.4880
41dl04	1	13	1	0	1.0000	0.0000	1.0000	0.3036	NaN	NaN	NaN	947541.8959	947542.2263	1.0000	1.0000	0.3714
41dl04	1	13	1	0	2.0000	0.0000	1.0000	NaN	5.1677	5.0940	13.4258	947543.1056	947543.4067	1.0000	1.0000	0.4725
41dl04	1	14	1	0	1.0000	0.0000	1.0000	0.1830	NaN	NaN	NaN	947546.2854	947546.6136	0.0000	0.0000	0.4416
41dl04	1	14	1	0	2.0000	0.0000	-1.0000	NaN	6.5399	-4.5173	14.6997	947547.5705	947547.8717	1.0000	0.0000	0.4959
41dl04	1	15	1	0	1.0000	0.0000	1.0000	0.3289	NaN	NaN	NaN	947550.5419	947550.8701	1.0000	1.0000	0.3284
41dl04	1	15	1	0	2.0000	0.0000	1.0000	NaN	3.1520	2.5242	15.8418	947551.7379	947552.0389	1.0000	1.0000	0.2949
41dl04	1	16	1	0	1.0000	0.0000	-1.0000	0.2129	NaN	NaN	NaN	947554.8153	947555.1446	1.0000	0.0000	0.4699
41dl04	1	16	1	0	2.0000	0.0000	-1.0000	NaN	2.8116	-3.9776	14.8913	947556.1469	947556.4481	0.0000	1.0000	0.4385
41dl04	1	17	1	0	1.0000	0.0000	1.0000	0.0729	NaN	NaN	NaN	947559.1838	947559.5108	1.0000	1.0000	0.3842
41dl04	1	17	1	0	2.0000	0.0000	1.0000	NaN	3.9806	4.3596	13.8237	947560.4499	947560.7511	0.0000	0.0000	0.5438
41dl04	1	18	1	0	1.0000	0.0000	1.0000	0.1491	NaN	NaN	NaN	947563.2867	947563.6154	1.0000	1.0000	0.5842
41dl04	1	18	1	0	2.0000	0.0000	1.0000	NaN	3.7327	4.3580	15.1213	947564.7225	947565.0235	1.0000	1.0000	0.5592
41dl04	1	19	1	0	1.0000	0.0000	1.0000	0.2407	NaN	NaN	NaN	947567.9132	947568.2417	1.0000	1.0000	0.4454
41dl04	1	19	1	0	2.0000	0.0000	1.0000	NaN	2.6112	1.9801	15.7976	947569.2017	947569.5027	1.0000	1.0000	0.4728
41dl04	1	20	1	0	1.0000	0.0000	1.0000	0.4440	NaN	NaN	NaN	947572.3812	947572.7104	1.0000	1.0000	0.3529
41dl04	1	20	1	0	2.0000	0.0000	1.0000	NaN	1.6272	1.2190	15.7148	947573.5779	947573.8789	1.0000	1.0000	0.4541
41dl04	1	21	1	0	1.0000	0.0000	1.0000	0.3062	NaN	NaN	NaN	947576.3824	947576.7112	1.0000	1.0000	0.2957
41dl04	1	21	1	0	2.0000	0.0000	1.0000	NaN	2.8772	1.4140	15.1123	947577.5396	947577.8407	1.0000	1.0000	0.4945
41dl04	1	22	1	0	1.0000	0.0000	1.0000	0.4480	NaN	NaN	NaN	947580.6831	947581.0120	1.0000	1.0000	0.3947
41dl04	1	22	1	0	2.0000	0.0000	1.0000	NaN	4.8328	4.7676	13.9746	947581.9143	947582.2155	1.0000	1.0000	0.4956
41dl04	1	23	1	0	1.0000	0.0000	1.0000	0.1265	NaN	NaN	NaN	947584.9501	947585.2792	1.0000	1.0000	0.3587
41dl04	1	23	1	0	2.0000	0.0000	1.0000	NaN	0.7196	0.2965	14.8500	947586.1859	947586.4872	1.0000	1.0000	0.5120
41dl04	1	24	1	0	1.0000	0.0000	1.0000	0.3770	NaN	NaN	NaN	947589.1876	947589.5172	1.0000	1.0000	0.3298
41dl04	1	24	1	0	2.0000	0.0000	1.0000	NaN	0.2703	0.6834	14.7175	947590.3602	947590.6614	1.0000	1.0000	0.4260
41dl04	1	25	1	0	1.0000	0.0000	-1.0000	0.2488	NaN	NaN	NaN	947593.2768	947593.6071	0.0000	1.0000	0.3342
41dl04	1	25	1	0	2.0000	0.0000	1.0000	NaN	0.1731	1.9514	15.2785	947594.5163	947594.8174	1.0000	1.0000	0.3235
41dl04	1	26	1	0	1.0000	0.0000	1.0000	0.3134	NaN	NaN	NaN	947597.4397	947597.7683	1.0000	1.0000	0.3176
41dl04	1	26	1	0	2.0000	0.0000	1.0000	NaN	6.3769	6.1866	15.1634	947598.6182	947598.9193	1.0000	1.0000	0.4311
41dl04	1	27	1	0	1.0000	0.0000	-1.0000	0.1865	NaN	NaN	NaN	947601.4162	947601.7449	0.0000	1.0000	0.2781
41dl04	1	27	1	0	2.0000	0.0000	1.0000	NaN	1.3775	0.2045	14.2272	947602.5772	947602.8784	1.0000	1.0000	0.4706
41dl04	1	28	1	0	1.0000	0.0000	-1.0000	0.1043	NaN	NaN	NaN	947605.7243	947606.0537	1.0000	0.0000	0.3030
41dl04	1	28	1	0	2.0000	0.0000	-1.0000	NaN	7.1490	-5.7909	14.1904	947606.8812	947607.1822	0.0000	1.0000	0.5186
41dl04	1	29	1	0	1.0000	0.0000	1.0000	0.0342	NaN	NaN	NaN	947609.9659	947610.2937	1.0000	1.0000	0.2953
41dl04	1	29	1	0	2.0000	0.0000	1.0000	NaN	3.4175	2.5602	13.0937	947611.1143	947611.4154	1.0000	1.0000	0.4469
41dl04	1	30	1	0	1.0000	0.0000	1.0000	0.3138	NaN	NaN	NaN	947614.0942	947614.4218	1.0000	1.0000	0.3591
41dl04	1	30	1	0	2.0000	0.0000	1.0000	NaN	6.7730	4.5405	15.5945	947615.2890	947615.5900	1.0000	1.0000	0.4652
41dl04	1	31	1	0	1.0000	0.0000	-1.0000	0.1996	NaN	NaN	NaN	947618.1717	947618.5011	0.0000	1.0000	0.6879
41dl04	1	31	1	0	2.0000	0.0000	1.0000	NaN	4.4526	3.7873	15.0829	947619.7139	947620.0150	1.0000	1.0000	0.3507
41dl04	1	32	1	0	1.0000	0.0000	1.0000	0.4432	NaN	NaN	NaN	947622.6731	947623.0032	1.0000	1.0000	0.2256
41dl04	1	32	1	0	2.0000	0.0000	1.0000	NaN	2.4129	3.5300	15.4257	947623.7794	947624.0804	1.0000	1.0000	0.4467
41dl04	1	33	1	0	1.0000	0.0000	-1.0000	0.4270	NaN	NaN	NaN	947626.5177	947626.8467	0.0000	1.0000	0.4384
41dl04	1	33	1	0	2.0000	0.0000	1.0000	NaN	5.6694	5.2492	15.0819	947627.8487	947628.1498	1.0000	1.0000	0.4574
41dl04	1	34	1	0	1.0000	0.0000	-1.0000	0.2884	NaN	NaN	NaN	947631.1045	947631.4329	0.0000	1.0000	0.3001
41dl04	1	34	1	0	2.0000	0.0000	1.0000	NaN	2.2962	2.1087	15.1609	947632.3067	947632.6078	1.0000	1.0000	0.3996
41dl04	1	35	1	0	1.0000	0.0000	-1.0000	0.4450	NaN	NaN	NaN	947635.5387	947635.8666	0.0000	1.0000	0.3324
41dl04	1	35	1	0	2.0000	0.0000	1.0000	NaN	2.7193	4.8260	14.7043	947636.7867	947637.0879	1.0000	1.0000	0.4067
41dl04	1	36	1	0	1.0000	0.0000	1.0000	0.2419	NaN	NaN	NaN	947639.8599	947640.1871	1.0000	1.0000	0.3479
41dl04	1	36	1	0	2.0000	0.0000	1.0000	NaN	4.5543	4.2926	15.6388	947641.0660	947641.3671	1.0000	1.0000	0.3356
41dl04	1	37	1	0	1.0000	0.0000	1.0000	0.2251	NaN	NaN	NaN	947643.9010	947644.2299	1.0000	1.0000	0.3601
41dl04	1	37	1	0	2.0000	0.0000	1.0000	NaN	5.0881	6.0611	13.6183	947645.1318	947645.4328	1.0000	1.0000	0.3585
41dl04	1	38	1	0	1.0000	0.0000	1.0000	0.0281	NaN	NaN	NaN	947648.0307	947648.3579	1.0000	1.0000	0.3044
41dl04	1	38	1	0	2.0000	0.0000	1.0000	NaN	3.2046	3.1699	17.4856	947649.1858	947649.4871	1.0000	1.0000	0.3525
41dl04	1	39	1	0	1.0000	0.0000	-1.0000	0.1719	NaN	NaN	NaN	947652.2029	947652.5329	1.0000	0.0000	0.3280
41dl04	1	39	1	0	2.0000	0.0000	-1.0000	NaN	3.4093	-4.7169	12.3430	947653.4016	947653.7029	0.0000	1.0000	0.4089
41dl04	1	40	1	0	1.0000	0.0000	-1.0000	0.3051	NaN	NaN	NaN	947656.2252	947656.5540	1.0000	0.0000	0.3230
41dl04	1	40	1	0	2.0000	0.0000	-1.0000	NaN	1.5541	-3.2772	15.2261	947657.3860	947657.6872	0.0000	1.0000	0.4071
41dl04	1	41	1	0	1.0000	0.0000	-1.0000	0.1838	NaN	NaN	NaN	947660.3347	947660.6671	0.0000	1.0000	0.3559
41dl04	1	41	1	0	2.0000	0.0000	1.0000	NaN	5.8615	4.1535	14.6941	947661.5396	947661.8409	1.0000	1.0000	0.3402
41dl04	1	42	1	0	1.0000	0.0000	1.0000	0.0434	NaN	NaN	NaN	947664.0805	947664.4098	1.0000	1.0000	0.3092
41dl04	1	42	1	0	2.0000	0.0000	1.0000	NaN	4.0795	2.3656	15.8809	947665.2174	947665.5183	1.0000	1.0000	0.3667
41dl04	1	43	1	0	1.0000	0.0000	-1.0000	0.3745	NaN	NaN	NaN	947668.1273	947668.4564	0.0000	1.0000	0.3585
41dl04	1	43	1	0	2.0000	0.0000	1.0000	NaN	6.8179	6.3962	16.8780	947669.3386	947669.6399	1.0000	1.0000	0.3992
41dl04	1	44	1	0	1.0000	0.0000	1.0000	0.0404	NaN	NaN	NaN	947671.9207	947672.2489	1.0000	1.0000	0.3013
41dl04	1	44	1	0	2.0000	0.0000	1.0000	NaN	7.3029	7.9504	14.3174	947673.0736	947673.3748	1.0000	1.0000	0.4062
41dl04	1	45	1	0	1.0000	0.0000	-1.0000	0.3720	NaN	NaN	NaN	947676.1648	947676.4933	0.0000	1.0000	0.4019
41dl04	1	45	1	0	2.0000	0.0000	1.0000	NaN	4.9599	4.3055	14.1112	947677.4172	947677.7182	1.0000	1.0000	0.3771
41dl04	1	46	1	0	1.0000	0.0000	1.0000	0.0560	NaN	NaN	NaN	947680.0345	947680.3648	1.0000	1.0000	0.2659
41dl04	1	46	1	0	2.0000	0.0000	1.0000	NaN	3.4228	4.4349	14.2541	947681.1312	947681.4322	1.0000	1.0000	0.4064
41dl04	1	47	1	0	1.0000	0.0000	1.0000	0.4540	NaN	NaN	NaN	947684.2959	947684.6236	1.0000	1.0000	0.2774
41dl04	1	47	1	0	2.0000	0.0000	1.0000	NaN	3.9484	3.8862	15.9588	947685.4420	947685.7430	1.0000	1.0000	0.4392
41dl04	1	48	1	0	1.0000	0.0000	-1.0000	0.0008	NaN	NaN	NaN	947688.2213	947688.5482	1.0000	0.0000	0.3154
41dl04	1	48	1	0	2.0000	0.0000	-1.0000	NaN	7.1123	-7.9097	13.8405	947689.3943	947689.6953	0.0000	1.0000	0.4159
41dl04	1	49	1	0	1.0000	0.0000	1.0000	0.0488	NaN	NaN	NaN	947692.4079	947692.7361	1.0000	1.0000	0.2768
41dl04	1	49	1	0	2.0000	0.0000	1.0000	NaN	5.9786	5.0832	15.2607	947693.5293	947693.8303	1.0000	1.0000	0.4317
41dl04	1	50	1	0	1.0000	0.0000	-1.0000	0.2636	NaN	NaN	NaN	947696.7357	947697.0630	0.0000	1.0000	0.3348
41dl04	1	50	1	0	2.0000	0.0000	1.0000	NaN	0.1898	2.7008	15.1059	947697.9572	947698.2585	1.0000	1.0000	0.4105
41dl04	2	1	1	0	1.0000	0.0000	-1.0000	0.1694	NaN	NaN	NaN	947714.4624	947714.7910	0.0000	1.0000	0.4642
41dl04	2	1	1	0	2.0000	0.0000	1.0000	NaN	1.0515	2.7890	15.2498	947715.8114	947716.1124	1.0000	1.0000	0.3886
41dl04	2	2	1	0	1.0000	0.0000	-1.0000	0.3961	NaN	NaN	NaN	947718.7671	947719.0954	1.0000	0.0000	0.3114
41dl04	2	2	1	0	2.0000	0.0000	-1.0000	NaN	5.4414	-5.9375	14.1941	947719.9456	947720.2467	0.0000	1.0000	0.4069
41dl04	2	3	1	0	1.0000	0.0000	-1.0000	0.3136	NaN	NaN	NaN	947722.8256	947723.1555	0.0000	1.0000	0.2976
41dl04	2	3	1	0	2.0000	0.0000	1.0000	NaN	3.0930	3.0390	14.9245	947724.0426	947724.3437	1.0000	1.0000	0.3573
41dl04	2	4	1	0	1.0000	0.0000	-1.0000	0.1061	NaN	NaN	NaN	947726.9925	947727.3224	0.0000	1.0000	0.3880
41dl04	2	4	1	0	2.0000	0.0000	1.0000	NaN	1.0505	0.8591	15.4260	947728.2340	947728.5353	0.0000	0.0000	0.4076
41dl04	2	5	1	0	1.0000	0.0000	-1.0000	0.0904	NaN	NaN	NaN	947731.3535	947731.6828	1.0000	0.0000	0.3487
41dl04	2	5	1	0	2.0000	0.0000	-1.0000	NaN	5.9985	-5.2293	15.1795	947732.5786	947732.8798	0.0000	1.0000	0.4066
41dl04	2	6	1	0	1.0000	0.0000	1.0000	0.2135	NaN	NaN	NaN	947735.5177	947735.8465	1.0000	1.0000	0.3203
41dl04	2	6	1	0	2.0000	0.0000	1.0000	NaN	0.4288	0.3669	15.3226	947736.6905	947736.9917	1.0000	1.0000	0.3510
41dl04	2	7	1	0	1.0000	0.0000	-1.0000	0.0237	NaN	NaN	NaN	947739.5076	947739.8379	0.0000	1.0000	0.5374
41dl04	2	7	1	0	2.0000	0.0000	1.0000	NaN	4.2176	4.0214	15.4300	947740.9057	947741.2069	1.0000	1.0000	0.3924
41dl04	2	8	1	0	1.0000	0.0000	1.0000	0.3744	NaN	NaN	NaN	947743.6570	947743.9896	1.0000	1.0000	0.3354
41dl04	2	8	1	0	2.0000	0.0000	1.0000	NaN	3.7279	3.3890	14.3639	947744.8424	947745.1434	1.0000	1.0000	0.3830
41dl04	2	9	1	0	1.0000	0.0000	1.0000	0.1920	NaN	NaN	NaN	947747.7832	947748.1126	1.0000	1.0000	0.2387
41dl04	2	9	1	0	2.0000	0.0000	1.0000	NaN	2.8938	2.6789	14.5088	947748.8655	947749.1667	1.0000	1.0000	0.4798
41dl04	2	10	1	0	1.0000	0.0000	-1.0000	0.3021	NaN	NaN	NaN	947752.1441	947752.4720	0.0000	1.0000	0.4144
41dl04	2	10	1	0	2.0000	0.0000	1.0000	NaN	4.9540	4.0744	15.8086	947753.4331	947753.7343	1.0000	1.0000	0.2645
41dl04	2	11	1	0	1.0000	0.0000	1.0000	0.0918	NaN	NaN	NaN	947756.1382	947756.4681	1.0000	1.0000	0.3704
41dl04	2	11	1	0	2.0000	0.0000	1.0000	NaN	1.5420	0.2168	13.3188	947757.3927	947757.6938	1.0000	1.0000	0.2252
41dl04	2	12	1	0	1.0000	0.0000	-1.0000	0.2412	NaN	NaN	NaN	947760.1837	947760.5123	0.0000	1.0000	0.3087
41dl04	2	12	1	0	2.0000	0.0000	1.0000	NaN	5.2366	4.9379	14.2264	947761.3855	947761.6865	1.0000	1.0000	0.3530
41dl04	2	13	1	0	1.0000	0.0000	-1.0000	0.0970	NaN	NaN	NaN	947764.1789	947764.5066	1.0000	0.0000	0.4925
41dl04	2	13	1	0	2.0000	0.0000	-1.0000	NaN	1.3092	-2.5522	16.2601	947765.5617	947765.8629	1.0000	0.0000	0.5029
41dl04	2	14	1	0	1.0000	0.0000	1.0000	0.1926	NaN	NaN	NaN	947768.2802	947768.6104	1.0000	1.0000	0.5147
41dl04	2	14	1	0	2.0000	0.0000	1.0000	NaN	0.8810	0.6738	15.6403	947769.6516	947769.9527	0.0000	0.0000	0.5883
41dl04	2	15	1	0	1.0000	0.0000	-1.0000	0.4355	NaN	NaN	NaN	947772.7247	947773.0534	0.0000	1.0000	0.2573
41dl04	2	15	1	0	2.0000	0.0000	1.0000	NaN	7.3165	5.8698	14.9612	947773.8511	947774.1521	1.0000	1.0000	0.4152
41dl04	2	16	1	0	1.0000	0.0000	-1.0000	0.3557	NaN	NaN	NaN	947776.4568	947776.7852	0.0000	1.0000	0.3971
41dl04	2	16	1	0	2.0000	0.0000	1.0000	NaN	1.6037	3.2744	14.5749	947777.7722	947778.0738	1.0000	1.0000	0.1167
41dl04	2	17	1	0	1.0000	0.0000	1.0000	0.3051	NaN	NaN	NaN	947780.4565	947780.7842	1.0000	1.0000	0.3258
41dl04	2	17	1	0	2.0000	0.0000	1.0000	NaN	3.9313	5.4277	14.5507	947781.6342	947781.9354	1.0000	1.0000	0.3511
41dl04	2	18	1	0	1.0000	0.0000	-1.0000	0.2735	NaN	NaN	NaN	947784.5424	947784.8706	0.0000	1.0000	0.2809
41dl04	2	18	1	0	2.0000	0.0000	1.0000	NaN	3.1835	3.5747	14.4346	947785.6744	947785.9755	1.0000	1.0000	0.3029
41dl04	2	19	1	0	1.0000	0.0000	1.0000	0.0294	NaN	NaN	NaN	947788.2590	947788.5893	1.0000	1.0000	0.5198
41dl04	2	19	1	0	2.0000	0.0000	1.0000	NaN	0.6490	1.6428	16.6033	947789.6264	947789.9275	1.0000	1.0000	0.4854
41dl04	2	20	1	0	1.0000	0.0000	1.0000	0.3310	NaN	NaN	NaN	947792.4625	947792.7907	1.0000	1.0000	0.4063
41dl04	2	20	1	0	2.0000	0.0000	1.0000	NaN	6.2819	5.5133	13.5104	947793.7472	947794.0483	1.0000	1.0000	0.4135
41dl04	2	21	1	0	1.0000	0.0000	-1.0000	0.4272	NaN	NaN	NaN	947796.5928	947796.9226	0.0000	1.0000	0.2841
41dl04	2	21	1	0	2.0000	0.0000	1.0000	NaN	6.6262	7.4024	16.4030	947797.7616	947798.0626	1.0000	1.0000	0.2872
41dl04	2	22	1	0	1.0000	0.0000	1.0000	0.1979	NaN	NaN	NaN	947800.4633	947800.7922	1.0000	1.0000	0.3421
41dl04	2	22	1	0	2.0000	0.0000	1.0000	NaN	5.2015	5.8593	14.7468	947801.6828	947801.9840	1.0000	1.0000	0.4554
41dl04	2	23	1	0	1.0000	0.0000	-1.0000	0.1988	NaN	NaN	NaN	947804.5733	947804.9026	0.0000	1.0000	0.2865
41dl04	2	23	1	0	2.0000	0.0000	1.0000	NaN	7.0434	8.1604	15.4629	947805.7457	947806.0470	1.0000	1.0000	0.3598
41dl04	2	24	1	0	1.0000	0.0000	-1.0000	0.3706	NaN	NaN	NaN	947808.8518	947809.1816	0.0000	1.0000	0.3114
41dl04	2	24	1	0	2.0000	0.0000	1.0000	NaN	5.7319	7.4953	15.4172	947810.0815	947810.3825	1.0000	1.0000	0.3369
41dl04	2	25	1	0	1.0000	0.0000	1.0000	0.2034	NaN	NaN	NaN	947812.7158	947813.0452	1.0000	1.0000	0.3142
41dl04	2	25	1	0	2.0000	0.0000	1.0000	NaN	2.9578	4.4005	14.9558	947813.8974	947814.1985	1.0000	1.0000	0.4865
41dl04	2	26	1	0	1.0000	0.0000	-1.0000	0.4397	NaN	NaN	NaN	947816.7031	947817.0311	0.0000	1.0000	0.2954
41dl04	2	26	1	0	2.0000	0.0000	1.0000	NaN	6.8729	7.6626	14.8094	947817.8822	947818.1832	1.0000	1.0000	0.3498
41dl04	2	27	1	0	1.0000	0.0000	-1.0000	0.3252	NaN	NaN	NaN	947821.1145	947821.4428	0.0000	1.0000	0.3084
41dl04	2	27	1	0	2.0000	0.0000	1.0000	NaN	2.2413	2.6056	15.2365	947822.2973	947822.5986	1.0000	1.0000	0.3763
41dl04	2	28	1	0	1.0000	0.0000	1.0000	0.3644	NaN	NaN	NaN	947824.8216	947825.1489	1.0000	1.0000	0.2184
41dl04	2	28	1	0	2.0000	0.0000	1.0000	NaN	6.9222	7.6824	16.3239	947825.9296	947826.2308	1.0000	1.0000	0.1996
41dl04	2	29	1	0	1.0000	0.0000	-1.0000	0.4162	NaN	NaN	NaN	947828.8288	947829.1579	0.0000	1.0000	0.2325
41dl04	2	29	1	0	2.0000	0.0000	1.0000	NaN	2.7305	4.1886	14.5890	947829.9531	947830.2541	1.0000	1.0000	0.3531
41dl04	2	30	1	0	1.0000	0.0000	-1.0000	0.4116	NaN	NaN	NaN	947832.9044	947833.2348	0.0000	1.0000	0.2205
41dl04	2	30	1	0	2.0000	0.0000	1.0000	NaN	4.9151	4.9602	14.4453	947834.0022	947834.3033	1.0000	1.0000	0.3276
41dl04	2	31	1	0	1.0000	0.0000	1.0000	0.1902	NaN	NaN	NaN	947836.9942	947837.3248	1.0000	1.0000	0.4100
41dl04	2	31	1	0	2.0000	0.0000	1.0000	NaN	4.4090	4.8608	14.5613	947838.2729	947838.5738	1.0000	1.0000	0.2392
41dl04	2	32	1	0	1.0000	0.0000	-1.0000	0.4485	NaN	NaN	NaN	947841.1703	947841.4998	0.0000	1.0000	0.3151
41dl04	2	32	1	0	2.0000	0.0000	1.0000	NaN	2.8691	3.4764	14.6149	947842.3620	947842.6630	1.0000	1.0000	0.4060
41dl04	2	33	1	0	1.0000	0.0000	-1.0000	0.0655	NaN	NaN	NaN	947845.1419	947845.4702	1.0000	0.0000	0.4227
41dl04	2	33	1	0	2.0000	0.0000	-1.0000	NaN	5.1857	-4.9604	12.8785	947846.3953	947846.6964	0.0000	1.0000	0.3726
41dl04	2	34	1	0	1.0000	0.0000	1.0000	0.1934	NaN	NaN	NaN	947848.9526	947849.2813	1.0000	1.0000	0.3581
41dl04	2	34	1	0	2.0000	0.0000	1.0000	NaN	2.9586	3.1958	14.8222	947850.1307	947850.4319	1.0000	1.0000	0.4228
41dl04	2	35	1	0	1.0000	0.0000	-1.0000	0.1900	NaN	NaN	NaN	947853.1853	947853.5146	0.0000	1.0000	0.4199
41dl04	2	35	1	0	2.0000	0.0000	1.0000	NaN	2.1031	3.8134	16.8138	947854.4814	947854.7825	1.0000	1.0000	0.3987
41dl04	2	36	1	0	1.0000	0.0000	-1.0000	0.0298	NaN	NaN	NaN	947857.0499	947857.3787	1.0000	0.0000	0.3703
41dl04	2	36	1	0	2.0000	0.0000	-1.0000	NaN	5.8482	-8.2283	15.5059	947858.3309	947858.6321	0.0000	1.0000	0.3488
41dl04	2	37	1	0	1.0000	0.0000	-1.0000	0.0495	NaN	NaN	NaN	947861.1223	947861.4512	0.0000	1.0000	0.2842
41dl04	2	37	1	0	2.0000	0.0000	1.0000	NaN	5.8269	4.3416	16.7710	947862.2816	947862.5826	1.0000	1.0000	0.4166
41dl04	2	38	1	0	1.0000	0.0000	-1.0000	0.1783	NaN	NaN	NaN	947865.1816	947865.5083	0.0000	1.0000	0.3383
41dl04	2	38	1	0	2.0000	0.0000	1.0000	NaN	2.5144	1.3058	14.4311	947866.4109	947866.7121	1.0000	1.0000	0.4860
41dl04	2	39	1	0	1.0000	0.0000	1.0000	0.4007	NaN	NaN	NaN	947869.4740	947869.8033	0.0000	0.0000	0.3485
41dl04	2	39	1	0	2.0000	0.0000	-1.0000	NaN	3.9946	-4.4644	15.9646	947870.6742	947870.9752	0.0000	1.0000	0.4881
41dl04	2	40	1	0	1.0000	0.0000	-1.0000	0.4183	NaN	NaN	NaN	947873.8611	947874.1885	1.0000	0.0000	0.3783
41dl04	2	40	1	0	2.0000	0.0000	-1.0000	NaN	3.6809	-3.2398	16.2522	947875.0817	947875.3828	0.0000	1.0000	0.5046
41dl04	2	41	1	0	1.0000	0.0000	-1.0000	0.2520	NaN	NaN	NaN	947878.0788	947878.4080	1.0000	0.0000	0.4236
41dl04	2	41	1	0	2.0000	0.0000	-1.0000	NaN	6.2462	-8.2368	14.0802	947879.3542	947879.6554	0.0000	1.0000	0.4471
41dl04	2	42	1	0	1.0000	0.0000	-1.0000	0.1164	NaN	NaN	NaN	947882.2236	947882.5532	1.0000	0.0000	0.4296
41dl04	2	42	1	0	2.0000	0.0000	-1.0000	NaN	1.3835	-2.1316	15.7204	947883.4825	947883.7837	1.0000	0.0000	0.3762
41dl04	2	43	1	0	1.0000	0.0000	1.0000	0.1269	NaN	NaN	NaN	947886.4938	947886.8256	1.0000	1.0000	0.4455
41dl04	2	43	1	0	2.0000	0.0000	1.0000	NaN	0.7415	1.5841	15.9620	947887.7781	947888.0791	0.0000	0.0000	0.5353
41dl04	2	44	1	0	1.0000	0.0000	1.0000	0.2624	NaN	NaN	NaN	947890.7150	947891.0425	1.0000	1.0000	0.3886
41dl04	2	44	1	0	2.0000	0.0000	1.0000	NaN	5.1599	3.3585	14.2492	947891.9313	947892.2325	1.0000	1.0000	0.5593
41dl04	2	45	1	0	1.0000	0.0000	1.0000	0.3602	NaN	NaN	NaN	947895.0329	947895.3604	1.0000	1.0000	0.3185
41dl04	2	45	1	0	2.0000	0.0000	1.0000	NaN	0.4353	1.0454	16.5078	947896.1670	947896.4682	1.0000	1.0000	0.4830
41dl04	2	46	1	0	1.0000	0.0000	-1.0000	0.0206	NaN	NaN	NaN	947899.0745	947899.4035	1.0000	0.0000	0.3961
41dl04	2	46	1	0	2.0000	0.0000	-1.0000	NaN	7.3537	-6.8552	15.6391	947900.3059	947900.6071	1.0000	0.0000	0.4716
41dl04	2	47	1	0	1.0000	0.0000	1.0000	0.2627	NaN	NaN	NaN	947903.3171	947903.6451	1.0000	1.0000	0.3838
41dl04	2	47	1	0	2.0000	0.0000	1.0000	NaN	1.7204	1.2060	15.8634	947904.5300	947904.8310	1.0000	1.0000	0.4321
41dl04	2	48	1	0	1.0000	0.0000	-1.0000	0.2186	NaN	NaN	NaN	947907.2610	947907.5911	0.0000	1.0000	0.5202
41dl04	2	48	1	0	2.0000	0.0000	1.0000	NaN	3.2902	1.8247	16.4040	947908.6655	947908.9666	0.0000	0.0000	0.4157
41dl04	2	49	1	0	1.0000	0.0000	-1.0000	0.0459	NaN	NaN	NaN	947911.4724	947911.8011	1.0000	0.0000	0.3657
41dl04	2	49	1	0	2.0000	0.0000	-1.0000	NaN	4.5925	-3.3831	15.1557	947912.6737	947912.9748	1.0000	0.0000	0.4324
41dl04	2	50	1	0	1.0000	0.0000	1.0000	0.1704	NaN	NaN	NaN	947915.3651	947915.6943	1.0000	1.0000	0.3368
41dl04	2	50	1	0	2.0000	0.0000	1.0000	NaN	4.0904	3.7834	14.8756	947916.5384	947916.8396	1.0000	1.0000	0.3672
41dl04	3	1	1	0	1.0000	0.0000	-1.0000	0.1102	NaN	NaN	NaN	947921.3262	947921.6533	0.0000	1.0000	0.4979
41dl04	3	1	1	0	2.0000	0.0000	1.0000	NaN	2.7774	3.4162	14.9298	947922.6743	947922.9753	1.0000	1.0000	0.2882
41dl04	3	2	1	0	1.0000	0.0000	1.0000	0.0301	NaN	NaN	NaN	947925.3688	947925.6983	0.0000	0.0000	0.3495
41dl04	3	2	1	0	2.0000	0.0000	-1.0000	NaN	6.6724	-6.9299	13.4768	947926.5624	947926.8636	0.0000	1.0000	0.3437
41dl04	3	3	1	0	1.0000	0.0000	-1.0000	0.4254	NaN	NaN	NaN	947929.0451	947929.3735	0.0000	1.0000	0.3940
41dl04	3	3	1	0	2.0000	0.0000	1.0000	NaN	6.6119	6.1315	15.7556	947930.3549	947930.6560	1.0000	1.0000	0.3115
41dl04	3	4	1	0	1.0000	0.0000	1.0000	0.0428	NaN	NaN	NaN	947932.8483	947933.1778	1.0000	1.0000	0.3178
41dl04	3	4	1	0	2.0000	0.0000	1.0000	NaN	4.8894	4.9316	17.5851	947934.0098	947934.3110	1.0000	1.0000	0.4955
41dl04	3	5	1	0	1.0000	0.0000	-1.0000	0.2966	NaN	NaN	NaN	947936.7887	947937.1180	0.0000	1.0000	0.3031
41dl04	3	5	1	0	2.0000	0.0000	1.0000	NaN	0.3953	0.3661	15.8778	947937.9302	947938.2319	1.0000	1.0000	0.3571
41dl04	3	6	1	0	1.0000	0.0000	1.0000	0.3500	NaN	NaN	NaN	947941.1977	947941.5270	1.0000	1.0000	0.3278
41dl04	3	6	1	0	2.0000	0.0000	1.0000	NaN	6.4015	6.7552	14.8152	947942.4025	947942.7037	1.0000	1.0000	0.3653
41dl04	3	7	1	0	1.0000	0.0000	1.0000	0.2652	NaN	NaN	NaN	947945.3691	947945.6996	1.0000	1.0000	0.2677
41dl04	3	7	1	0	2.0000	0.0000	1.0000	NaN	3.8487	5.7454	15.9218	947946.4897	947946.7909	1.0000	1.0000	0.3980
41dl04	3	8	1	0	1.0000	0.0000	1.0000	0.2530	NaN	NaN	NaN	947949.2478	947949.5767	1.0000	1.0000	0.3511
41dl04	3	8	1	0	2.0000	0.0000	1.0000	NaN	3.5933	2.6123	16.1836	947950.4652	947950.7662	1.0000	1.0000	0.4324
41dl04	3	9	1	0	1.0000	0.0000	1.0000	0.3200	NaN	NaN	NaN	947953.3638	947953.6931	1.0000	1.0000	0.3527
41dl04	3	9	1	0	2.0000	0.0000	1.0000	NaN	1.9490	2.6060	16.4269	947954.5863	947954.8876	1.0000	1.0000	0.4160
41dl04	3	10	1	0	1.0000	0.0000	1.0000	0.4469	NaN	NaN	NaN	947957.5426	947957.8702	1.0000	1.0000	0.2008
41dl04	3	10	1	0	2.0000	0.0000	1.0000	NaN	6.2337	8.9128	15.2457	947958.6116	947958.9128	1.0000	1.0000	0.2602
41dl04	3	11	1	0	1.0000	0.0000	-1.0000	0.3191	NaN	NaN	NaN	947961.8136	947962.1434	0.0000	1.0000	0.2297
41dl04	3	11	1	0	2.0000	0.0000	1.0000	NaN	4.0689	2.5368	14.1678	947962.9147	947963.2158	1.0000	1.0000	0.2953
41dl04	3	12	1	0	1.0000	0.0000	-1.0000	0.2106	NaN	NaN	NaN	947965.8887	947966.2166	0.0000	1.0000	0.2788
41dl04	3	12	1	0	2.0000	0.0000	1.0000	NaN	6.0149	4.4640	15.2478	947967.0507	947967.3519	1.0000	1.0000	0.3030
41dl04	3	13	1	0	1.0000	0.0000	-1.0000	0.1165	NaN	NaN	NaN	947969.7537	947970.0839	1.0000	0.0000	0.4670
41dl04	3	13	1	0	2.0000	0.0000	-1.0000	NaN	5.6518	-6.2757	15.8850	947971.0739	947971.3750	0.0000	1.0000	0.4081
41dl04	3	14	1	0	1.0000	0.0000	-1.0000	0.1144	NaN	NaN	NaN	947974.4374	947974.7674	0.0000	1.0000	0.5191
41dl04	3	14	1	0	2.0000	0.0000	1.0000	NaN	6.9770	7.3116	15.5900	947975.8188	947976.1199	1.0000	1.0000	0.4547
41dl04	3	15	1	0	1.0000	0.0000	-1.0000	0.4204	NaN	NaN	NaN	947978.6475	947978.9750	0.0000	1.0000	0.3109
41dl04	3	15	1	0	2.0000	0.0000	1.0000	NaN	5.4548	6.2314	14.9047	947979.8107	947980.1118	1.0000	1.0000	0.5110
41dl04	3	16	1	0	1.0000	0.0000	-1.0000	0.4544	NaN	NaN	NaN	947982.7027	947983.0329	0.0000	1.0000	0.3322
41dl04	3	16	1	0	2.0000	0.0000	1.0000	NaN	3.6329	3.1921	13.9833	947983.9395	947984.2406	1.0000	1.0000	0.4063
41dl04	3	17	1	0	1.0000	0.0000	1.0000	0.2342	NaN	NaN	NaN	947986.9283	947987.2563	1.0000	1.0000	0.3488
41dl04	3	17	1	0	2.0000	0.0000	1.0000	NaN	2.5812	2.2671	14.5253	947988.1398	947988.4415	1.0000	1.0000	0.3970
41dl04	3	18	1	0	1.0000	0.0000	1.0000	0.2022	NaN	NaN	NaN	947991.1458	947991.4754	1.0000	1.0000	0.3315
41dl04	3	18	1	0	2.0000	0.0000	1.0000	NaN	3.4120	1.9150	14.9564	947992.3616	947992.6627	1.0000	1.0000	0.4063
41dl04	3	19	1	0	1.0000	0.0000	1.0000	0.0036	NaN	NaN	NaN	947995.5440	947995.8732	0.0000	0.0000	0.3095
41dl04	3	19	1	0	2.0000	0.0000	-1.0000	NaN	5.8509	-5.9858	15.1673	947996.7219	947997.0232	0.0000	1.0000	0.4543
41dl04	3	20	1	0	1.0000	0.0000	-1.0000	0.0258	NaN	NaN	NaN	948000.1180	948000.4458	1.0000	0.0000	0.2473
41dl04	3	20	1	0	2.0000	0.0000	-1.0000	NaN	5.8884	-7.1572	14.6443	948001.2259	948001.5271	0.0000	1.0000	0.4085
41dl04	3	21	1	0	1.0000	0.0000	-1.0000	0.0514	NaN	NaN	NaN	948004.1665	948004.4975	1.0000	0.0000	0.5338
41dl04	3	21	1	0	2.0000	0.0000	-1.0000	NaN	3.9187	-5.1883	15.7273	948005.4980	948005.7991	1.0000	0.0000	1.2221
41dl04	3	22	1	0	1.0000	0.0000	-1.0000	0.3787	NaN	NaN	NaN	948009.3312	948009.6592	0.0000	1.0000	0.3325
41dl04	3	22	1	0	2.0000	0.0000	1.0000	NaN	0.7848	1.4318	15.1514	948010.5778	948010.8794	0.0000	0.0000	0.5116
41dl04	3	23	1	0	1.0000	0.0000	-1.0000	0.2285	NaN	NaN	NaN	948013.5734	948013.9019	1.0000	0.0000	0.4872
41dl04	3	23	1	0	2.0000	0.0000	-1.0000	NaN	5.5286	-5.7640	14.3399	948014.9470	948015.2486	0.0000	1.0000	0.4205
41dl04	3	24	1	0	1.0000	0.0000	-1.0000	0.1277	NaN	NaN	NaN	948017.9769	948018.3059	1.0000	0.0000	0.4112
41dl04	3	24	1	0	2.0000	0.0000	-1.0000	NaN	7.1987	-8.0489	15.3143	948019.2428	948019.5439	0.0000	1.0000	0.3582
41dl04	3	25	1	0	1.0000	0.0000	1.0000	0.0988	NaN	NaN	NaN	948021.7260	948022.0545	1.0000	1.0000	0.4159
41dl04	3	25	1	0	2.0000	0.0000	1.0000	NaN	5.5574	6.3124	15.3770	948022.9863	948023.2873	1.0000	1.0000	0.3668
41dl04	3	26	1	0	1.0000	0.0000	1.0000	0.0508	NaN	NaN	NaN	948026.1094	948026.4391	1.0000	1.0000	0.3437
41dl04	3	26	1	0	2.0000	0.0000	1.0000	NaN	1.9196	1.9641	15.3384	948027.3292	948027.6303	1.0000	1.0000	0.2547
41dl04	3	27	1	0	1.0000	0.0000	1.0000	0.0815	NaN	NaN	NaN	948030.1926	948030.5222	1.0000	1.0000	0.2450
41dl04	3	27	1	0	2.0000	0.0000	1.0000	NaN	3.0191	3.7496	16.2141	948031.3224	948031.6236	1.0000	1.0000	0.3511
41dl04	3	28	1	0	1.0000	0.0000	1.0000	0.1415	NaN	NaN	NaN	948033.9063	948034.2333	1.0000	1.0000	0.2533
41dl04	3	28	1	0	2.0000	0.0000	1.0000	NaN	5.5398	5.5843	14.4564	948035.0102	948035.3112	1.0000	1.0000	0.3917
41dl04	3	29	1	0	1.0000	0.0000	1.0000	0.2245	NaN	NaN	NaN	948038.2351	948038.5647	1.0000	1.0000	0.2564
41dl04	3	29	1	0	2.0000	0.0000	1.0000	NaN	2.8833	2.7793	16.5206	948039.3785	948039.6797	1.0000	1.0000	0.4557
41dl04	3	30	1	0	1.0000	0.0000	1.0000	0.3572	NaN	NaN	NaN	948042.5408	948042.8695	1.0000	1.0000	0.2737
41dl04	3	30	1	0	2.0000	0.0000	1.0000	NaN	7.2954	8.8360	16.1944	948043.7152	948044.0162	1.0000	1.0000	0.3510
41dl04	3	31	1	0	1.0000	0.0000	1.0000	0.1040	NaN	NaN	NaN	948046.6562	948046.9855	1.0000	1.0000	0.2765
41dl04	3	31	1	0	2.0000	0.0000	1.0000	NaN	3.2246	1.7596	14.0910	948047.8027	948048.1038	1.0000	1.0000	0.3034
41dl04	3	32	1	0	1.0000	0.0000	1.0000	0.0705	NaN	NaN	NaN	948050.4546	948050.7822	1.0000	1.0000	0.3909
41dl04	3	32	1	0	2.0000	0.0000	1.0000	NaN	6.9428	6.6134	14.3450	948051.6908	948051.9918	1.0000	1.0000	0.3837
41dl04	3	33	1	0	1.0000	0.0000	-1.0000	0.0572	NaN	NaN	NaN	948054.7651	948055.0935	0.0000	1.0000	0.2418
41dl04	3	33	1	0	2.0000	0.0000	1.0000	NaN	6.4324	6.6744	15.2874	948055.9057	948056.2070	1.0000	1.0000	0.3819
41dl04	3	34	1	0	1.0000	0.0000	1.0000	0.2953	NaN	NaN	NaN	948058.7802	948059.1083	1.0000	1.0000	0.2992
41dl04	3	34	1	0	2.0000	0.0000	1.0000	NaN	2.0356	3.4304	14.1136	948059.9380	948060.2393	1.0000	1.0000	0.3585
41dl04	3	35	1	0	1.0000	0.0000	-1.0000	0.0954	NaN	NaN	NaN	948062.5627	948062.8915	0.0000	1.0000	0.4591
41dl04	3	35	1	0	2.0000	0.0000	1.0000	NaN	5.3611	4.2004	14.3347	948063.8508	948064.1519	1.0000	1.0000	0.3596
41dl04	3	36	1	0	1.0000	0.0000	-1.0000	0.3562	NaN	NaN	NaN	948066.5671	948066.9001	0.0000	1.0000	0.3151
41dl04	3	36	1	0	2.0000	0.0000	1.0000	NaN	0.8589	1.8412	14.7903	948067.7695	948068.0705	1.0000	1.0000	0.4413
41dl04	3	37	1	0	1.0000	0.0000	-1.0000	0.0264	NaN	NaN	NaN	948070.4354	948070.7631	1.0000	0.0000	0.2899
41dl04	3	37	1	0	2.0000	0.0000	-1.0000	NaN	2.0617	-3.5365	14.5117	948071.5860	948071.8870	1.0000	0.0000	0.4701
41dl04	3	38	1	0	1.0000	0.0000	1.0000	0.2646	NaN	NaN	NaN	948074.7692	948075.0969	1.0000	1.0000	0.2700
41dl04	3	38	1	0	2.0000	0.0000	1.0000	NaN	0.8367	1.9550	15.1423	948075.9456	948076.2466	1.0000	1.0000	0.3825
41dl04	3	39	1	0	1.0000	0.0000	-1.0000	0.4171	NaN	NaN	NaN	948078.6120	948078.9399	1.0000	0.0000	0.5947
41dl04	3	39	1	0	2.0000	0.0000	-1.0000	NaN	1.3287	-0.0323	14.6341	948080.0757	948080.3770	1.0000	0.0000	0.3741
41dl04	3	40	1	0	1.0000	0.0000	1.0000	0.1974	NaN	NaN	NaN	948082.9583	948083.2875	1.0000	1.0000	0.3999
41dl04	3	40	1	0	2.0000	0.0000	1.0000	NaN	1.3986	1.7227	14.1299	948084.2096	948084.5108	0.0000	0.0000	0.4169
41dl04	3	41	1	0	1.0000	0.0000	-1.0000	0.3059	NaN	NaN	NaN	948087.1924	948087.5206	0.0000	1.0000	0.4605
41dl04	3	41	1	0	2.0000	0.0000	1.0000	NaN	6.0285	6.1895	15.4381	948088.5540	948088.8552	1.0000	1.0000	0.2883
41dl04	3	42	1	0	1.0000	0.0000	1.0000	0.3846	NaN	NaN	NaN	948091.2580	948091.5867	1.0000	1.0000	0.2916
41dl04	3	42	1	0	2.0000	0.0000	1.0000	NaN	4.7684	4.1993	15.7379	948092.4017	948092.7031	1.0000	1.0000	0.3109
41dl04	3	43	1	0	1.0000	0.0000	-1.0000	0.1749	NaN	NaN	NaN	948095.3973	948095.7263	0.0000	1.0000	0.4308
41dl04	3	43	1	0	2.0000	0.0000	1.0000	NaN	4.2545	5.2538	14.6577	948096.7056	948097.0069	1.0000	1.0000	0.2622
41dl04	3	44	1	0	1.0000	0.0000	1.0000	0.2999	NaN	NaN	NaN	948099.7603	948100.0883	1.0000	1.0000	0.2870
41dl04	3	44	1	0	2.0000	0.0000	1.0000	NaN	5.6820	4.0353	15.2945	948100.8909	948101.1921	1.0000	1.0000	0.3507
41dl04	3	45	1	0	1.0000	0.0000	-1.0000	0.0721	NaN	NaN	NaN	948103.9418	948104.2714	0.0000	1.0000	0.4563
41dl04	3	45	1	0	2.0000	0.0000	1.0000	NaN	4.5848	5.3370	15.4098	948105.3141	948105.6152	1.0000	1.0000	0.3364
41dl04	3	46	1	0	1.0000	0.0000	1.0000	0.0764	NaN	NaN	NaN	948107.8996	948108.2286	1.0000	1.0000	0.4106
41dl04	3	46	1	0	2.0000	0.0000	1.0000	NaN	0.7467	0.6869	15.6088	948109.1622	948109.4633	1.0000	1.0000	0.3601
41dl04	3	47	1	0	1.0000	0.0000	1.0000	0.1926	NaN	NaN	NaN	948112.2891	948112.6181	1.0000	1.0000	0.3405
41dl04	3	47	1	0	2.0000	0.0000	1.0000	NaN	6.8230	6.7083	15.4699	948113.4814	948113.7826	1.0000	1.0000	0.4182
41dl04	3	48	1	0	1.0000	0.0000	1.0000	0.4400	NaN	NaN	NaN	948116.5955	948116.9236	1.0000	1.0000	0.3855
41dl04	3	48	1	0	2.0000	0.0000	1.0000	NaN	6.9985	8.3784	15.3015	948117.8021	948118.1032	1.0000	1.0000	0.4059
41dl04	3	49	1	0	1.0000	0.0000	1.0000	0.0585	NaN	NaN	NaN	948120.8655	948121.1938	0.0000	0.0000	0.3812
41dl04	3	49	1	0	2.0000	0.0000	-1.0000	NaN	7.0955	-6.3465	14.7243	948122.1304	948122.4316	0.0000	1.0000	0.4236
41dl04	3	50	1	0	1.0000	0.0000	1.0000	0.0264	NaN	NaN	NaN	948125.0033	948125.3332	1.0000	1.0000	0.5217
41dl04	3	50	1	0	2.0000	0.0000	1.0000	NaN	2.8991	0.7276	14.2115	948126.4025	948126.7037	1.0000	1.0000	0.3335
41dl04	4	1	1	0	1.0000	0.0000	1.0000	0.0400	NaN	NaN	NaN	948130.4334	948130.7617	1.0000	1.0000	0.6141
41dl04	4	1	1	0	2.0000	0.0000	1.0000	NaN	3.5603	4.9624	15.5970	948131.8897	948132.1909	1.0000	1.0000	0.4739
41dl04	4	2	1	0	1.0000	0.0000	1.0000	0.2752	NaN	NaN	NaN	948134.7273	948135.0569	1.0000	1.0000	0.3101
41dl04	4	2	1	0	2.0000	0.0000	1.0000	NaN	2.6989	3.5139	13.0920	948135.9298	948136.2310	1.0000	1.0000	0.3750
41dl04	4	3	1	0	1.0000	0.0000	-1.0000	0.4234	NaN	NaN	NaN	948138.9632	948139.2922	0.0000	1.0000	0.3403
41dl04	4	3	1	0	2.0000	0.0000	1.0000	NaN	6.8444	4.8784	14.7386	948140.1705	948140.4715	1.0000	1.0000	0.3975
41dl04	4	4	1	0	1.0000	0.0000	-1.0000	0.2753	NaN	NaN	NaN	948143.1499	948143.4787	0.0000	1.0000	0.3041
41dl04	4	4	1	0	2.0000	0.0000	1.0000	NaN	1.9753	1.8672	16.6801	948144.3380	948144.6391	1.0000	1.0000	0.3980
41dl04	4	5	1	0	1.0000	0.0000	-1.0000	0.2691	NaN	NaN	NaN	948147.3781	948147.7060	0.0000	1.0000	0.4045
41dl04	4	5	1	0	2.0000	0.0000	1.0000	NaN	6.0635	8.7547	14.0438	948148.6660	948148.9670	1.0000	1.0000	0.2956
41dl04	4	6	1	0	1.0000	0.0000	-1.0000	0.3587	NaN	NaN	NaN	948151.5098	948151.8391	0.0000	1.0000	0.3748
41dl04	4	6	1	0	2.0000	0.0000	1.0000	NaN	1.7772	1.5226	15.0201	948152.7459	948153.0470	1.0000	1.0000	0.3435
41dl04	4	7	1	0	1.0000	0.0000	-1.0000	0.3033	NaN	NaN	NaN	948155.9051	948156.2338	0.0000	1.0000	0.2930
41dl04	4	7	1	0	2.0000	0.0000	1.0000	NaN	6.7936	8.4284	14.2477	948157.0826	948157.3837	1.0000	1.0000	0.3668
41dl04	4	8	1	0	1.0000	0.0000	-1.0000	0.3361	NaN	NaN	NaN	948160.1897	948160.5172	0.0000	1.0000	0.3050
41dl04	4	8	1	0	2.0000	0.0000	1.0000	NaN	2.9052	2.8964	14.3739	948161.3614	948161.6630	1.0000	1.0000	0.4639
41dl04	4	9	1	0	1.0000	0.0000	-1.0000	0.0848	NaN	NaN	NaN	948164.3993	948164.7283	0.0000	1.0000	0.3662
41dl04	4	9	1	0	2.0000	0.0000	1.0000	NaN	4.1711	4.3173	12.5407	948165.6495	948165.9506	1.0000	1.0000	0.3525
41dl04	4	10	1	0	1.0000	0.0000	-1.0000	0.0307	NaN	NaN	NaN	948168.9494	948169.2799	0.0000	1.0000	0.3339
41dl04	4	10	1	0	2.0000	0.0000	1.0000	NaN	0.6603	0.5497	14.9557	948170.1727	948170.4739	1.0000	1.0000	0.4131
41dl04	4	11	1	0	1.0000	0.0000	1.0000	0.0168	NaN	NaN	NaN	948173.1442	948173.4729	0.0000	0.0000	0.4785
41dl04	4	11	1	0	2.0000	0.0000	-1.0000	NaN	5.7977	-4.4219	15.6119	948174.4825	948174.7835	0.0000	1.0000	0.5426
41dl04	4	12	1	0	1.0000	0.0000	1.0000	0.4060	NaN	NaN	NaN	948177.1493	948177.4782	1.0000	1.0000	0.3208
41dl04	4	12	1	0	2.0000	0.0000	1.0000	NaN	6.4172	4.8341	13.3537	948178.3696	948178.6708	1.0000	1.0000	0.3765
41dl04	4	13	1	0	1.0000	0.0000	-1.0000	0.2434	NaN	NaN	NaN	948181.4864	948181.8151	0.0000	1.0000	0.3661
41dl04	4	13	1	0	2.0000	0.0000	1.0000	NaN	1.2784	2.1328	13.9707	948182.6898	948182.9910	1.0000	1.0000	0.3182
41dl04	4	14	1	0	1.0000	0.0000	1.0000	0.4535	NaN	NaN	NaN	948185.4928	948185.8215	1.0000	1.0000	0.2479
41dl04	4	14	1	0	2.0000	0.0000	1.0000	NaN	3.8328	5.3828	15.6376	948186.6263	948186.9280	1.0000	1.0000	0.3495
41dl04	4	15	1	0	1.0000	0.0000	-1.0000	0.1253	NaN	NaN	NaN	948189.4510	948189.7801	0.0000	1.0000	0.4109
41dl04	4	15	1	0	2.0000	0.0000	1.0000	NaN	4.1866	3.7007	15.3001	948190.7063	948191.0074	1.0000	1.0000	0.3600
41dl04	4	16	1	0	1.0000	0.0000	-1.0000	0.2594	NaN	NaN	NaN	948193.8656	948194.1954	0.0000	1.0000	0.3150
41dl04	4	16	1	0	2.0000	0.0000	1.0000	NaN	1.5385	2.0893	16.0350	948195.0579	948195.3589	1.0000	1.0000	0.3283
41dl04	4	17	1	0	1.0000	0.0000	-1.0000	0.2203	NaN	NaN	NaN	948197.6013	948197.9313	0.0000	1.0000	0.3944
41dl04	4	17	1	0	2.0000	0.0000	1.0000	NaN	5.4035	3.9616	15.3375	948198.8507	948199.1518	1.0000	1.0000	0.3428
41dl04	4	18	1	0	1.0000	0.0000	-1.0000	0.3386	NaN	NaN	NaN	948201.5583	948201.8853	0.0000	1.0000	0.3137
41dl04	4	18	1	0	2.0000	0.0000	1.0000	NaN	6.5994	6.9721	14.7236	948202.7694	948203.0706	1.0000	1.0000	0.2965
41dl04	4	19	1	0	1.0000	0.0000	-1.0000	0.0141	NaN	NaN	NaN	948205.6052	948205.9322	0.0000	1.0000	0.3385
41dl04	4	19	1	0	2.0000	0.0000	1.0000	NaN	2.2039	3.0298	15.9294	948206.8047	948207.1058	1.0000	1.0000	0.3655
41dl04	4	20	1	0	1.0000	0.0000	-1.0000	0.3496	NaN	NaN	NaN	948209.7921	948210.1213	0.0000	1.0000	0.2782
41dl04	4	20	1	0	2.0000	0.0000	1.0000	NaN	3.2797	3.7790	16.3173	948210.9305	948211.2315	1.0000	1.0000	0.3590
41dl04	4	21	1	0	1.0000	0.0000	1.0000	0.0688	NaN	NaN	NaN	948213.5207	948213.8492	1.0000	1.0000	0.3014
41dl04	4	21	1	0	2.0000	0.0000	1.0000	NaN	1.2916	1.7111	15.4109	948214.6826	948214.9837	1.0000	1.0000	0.3095
41dl04	4	22	1	0	1.0000	0.0000	-1.0000	0.3930	NaN	NaN	NaN	948217.4164	948217.7449	0.0000	1.0000	0.2938
41dl04	4	22	1	0	2.0000	0.0000	1.0000	NaN	4.8622	5.0660	15.1179	948218.5933	948218.8945	1.0000	1.0000	0.3204
41dl04	4	23	1	0	1.0000	0.0000	-1.0000	0.4109	NaN	NaN	NaN	948221.7525	948222.0824	0.0000	1.0000	0.2348
41dl04	4	23	1	0	2.0000	0.0000	1.0000	NaN	5.6889	4.3858	14.1024	948222.8521	948223.1534	1.0000	1.0000	0.3654
41dl04	4	24	1	0	1.0000	0.0000	-1.0000	0.2437	NaN	NaN	NaN	948226.0093	948226.3378	0.0000	1.0000	0.3178
41dl04	4	24	1	0	2.0000	0.0000	1.0000	NaN	4.8469	5.8838	15.1132	948227.2099	948227.5109	1.0000	1.0000	0.3823
41dl04	4	25	1	0	1.0000	0.0000	1.0000	0.3249	NaN	NaN	NaN	948229.9349	948230.2636	1.0000	1.0000	0.3362
41dl04	4	25	1	0	2.0000	0.0000	1.0000	NaN	0.9063	3.0308	15.2171	948231.1403	948231.4414	1.0000	1.0000	0.4062
41dl04	4	26	1	0	1.0000	0.0000	-1.0000	0.3603	NaN	NaN	NaN	948233.7938	948234.1271	0.0000	1.0000	0.2001
41dl04	4	26	1	0	2.0000	0.0000	1.0000	NaN	5.5639	4.7256	14.5379	948234.8817	948235.1827	1.0000	1.0000	0.3503
41dl04	4	27	1	0	1.0000	0.0000	-1.0000	0.3828	NaN	NaN	NaN	948237.9166	948238.2461	0.0000	1.0000	0.3362
41dl04	4	27	1	0	2.0000	0.0000	1.0000	NaN	2.8836	4.3872	15.2094	948239.1388	948239.4401	1.0000	1.0000	0.2625
41dl04	4	28	1	0	1.0000	0.0000	1.0000	0.1072	NaN	NaN	NaN	948241.8169	948242.1459	1.0000	1.0000	0.4770
41dl04	4	28	1	0	2.0000	0.0000	1.0000	NaN	5.4520	6.6015	13.3875	948243.1769	948243.4780	1.0000	1.0000	0.2735
41dl04	4	29	1	0	1.0000	0.0000	-1.0000	0.2286	NaN	NaN	NaN	948245.9975	948246.3302	0.0000	1.0000	0.2349
41dl04	4	29	1	0	2.0000	0.0000	1.0000	NaN	5.0787	5.0940	16.0370	948247.1222	948247.4234	1.0000	1.0000	0.3178
41dl04	4	30	1	0	1.0000	0.0000	-1.0000	0.1469	NaN	NaN	NaN	948249.6660	948249.9955	0.0000	1.0000	0.2675
41dl04	4	30	1	0	2.0000	0.0000	1.0000	NaN	0.2122	0.5977	12.7340	948250.8186	948251.1198	1.0000	1.0000	0.3111
41dl04	4	31	1	0	1.0000	0.0000	-1.0000	0.0730	NaN	NaN	NaN	948253.3373	948253.6652	0.0000	1.0000	0.3414
41dl04	4	31	1	0	2.0000	0.0000	1.0000	NaN	4.3092	5.3307	14.7477	948254.5951	948254.8962	1.0000	1.0000	0.3490
41dl04	4	32	1	0	1.0000	0.0000	-1.0000	0.3980	NaN	NaN	NaN	948257.4176	948257.7462	0.0000	1.0000	0.2829
41dl04	4	32	1	0	2.0000	0.0000	1.0000	NaN	6.6080	5.7249	17.2909	948258.5629	948258.8639	1.0000	1.0000	0.3750
41dl04	4	33	1	0	1.0000	0.0000	1.0000	0.1404	NaN	NaN	NaN	948261.4029	948261.7305	1.0000	1.0000	0.2608
41dl04	4	33	1	0	2.0000	0.0000	1.0000	NaN	3.4894	2.7186	15.6252	948262.5377	948262.8388	1.0000	1.0000	0.3662
41dl04	4	34	1	0	1.0000	0.0000	1.0000	0.0176	NaN	NaN	NaN	948265.3299	948265.6585	1.0000	1.0000	0.2986
41dl04	4	34	1	0	2.0000	0.0000	1.0000	NaN	7.3906	7.3576	14.8548	948266.5058	948266.8069	1.0000	1.0000	0.4062
41dl04	4	35	1	0	1.0000	0.0000	-1.0000	0.3740	NaN	NaN	NaN	948269.6200	948269.9487	0.0000	1.0000	0.2029
41dl04	4	35	1	0	2.0000	0.0000	1.0000	NaN	7.3886	7.5364	14.2749	948270.7225	948271.0236	1.0000	1.0000	0.3436
41dl04	4	36	1	0	1.0000	0.0000	-1.0000	0.3290	NaN	NaN	NaN	948273.6729	948273.9999	0.0000	1.0000	0.1990
41dl04	4	36	1	0	2.0000	0.0000	1.0000	NaN	6.6511	6.1943	13.7862	948274.7778	948275.0789	1.0000	1.0000	0.3023
41dl04	4	37	1	0	1.0000	0.0000	1.0000	0.0844	NaN	NaN	NaN	948277.5313	948277.8596	1.0000	1.0000	0.2907
41dl04	4	37	1	0	2.0000	0.0000	1.0000	NaN	4.7505	5.8770	15.0499	948278.7071	948279.0082	1.0000	1.0000	0.2625
41dl04	4	38	1	0	1.0000	0.0000	1.0000	0.2433	NaN	NaN	NaN	948281.3508	948281.6793	1.0000	1.0000	0.2699
41dl04	4	38	1	0	2.0000	0.0000	1.0000	NaN	2.6654	2.9601	15.7052	948282.5246	948282.8256	1.0000	1.0000	0.3315
41dl04	4	39	1	0	1.0000	0.0000	1.0000	0.4225	NaN	NaN	NaN	948285.6062	948285.9355	1.0000	1.0000	0.2456
41dl04	4	39	1	0	2.0000	0.0000	1.0000	NaN	6.6639	6.0281	15.4551	948286.7779	948287.0792	1.0000	1.0000	0.3126
41dl04	4	40	1	0	1.0000	0.0000	1.0000	0.3911	NaN	NaN	NaN	948289.3292	948289.6564	1.0000	1.0000	0.2542
41dl04	4	40	1	0	2.0000	0.0000	1.0000	NaN	5.6757	5.4604	14.6573	948290.4580	948290.7591	1.0000	1.0000	0.2712
41dl04	4	41	1	0	1.0000	0.0000	1.0000	0.3592	NaN	NaN	NaN	948293.5873	948293.9165	1.0000	1.0000	0.2262
41dl04	4	41	1	0	2.0000	0.0000	1.0000	NaN	1.2809	1.0510	15.6472	948294.6905	948294.9916	1.0000	1.0000	0.2718
41dl04	4	42	1	0	1.0000	0.0000	1.0000	0.2127	NaN	NaN	NaN	948297.1689	948297.4965	0.0000	0.0000	0.4712
41dl04	4	42	1	0	2.0000	0.0000	-1.0000	NaN	1.3255	-1.0841	14.1670	948298.5626	948298.8636	0.0000	1.0000	0.3751
41dl04	4	43	1	0	1.0000	0.0000	-1.0000	0.3928	NaN	NaN	NaN	948301.8783	948302.2073	0.0000	1.0000	0.3273
41dl04	4	43	1	0	2.0000	0.0000	1.0000	NaN	6.3033	5.6787	15.5359	948303.0815	948303.3828	1.0000	1.0000	0.4080
41dl04	4	44	1	0	1.0000	0.0000	-1.0000	0.3618	NaN	NaN	NaN	948305.7553	948306.0841	0.0000	1.0000	0.2989
41dl04	4	44	1	0	2.0000	0.0000	1.0000	NaN	4.5321	3.7648	15.8993	948306.9468	948307.2479	1.0000	1.0000	0.2074
41dl04	4	45	1	0	1.0000	0.0000	-1.0000	0.0675	NaN	NaN	NaN	948309.8526	948310.1796	1.0000	0.0000	0.2910
41dl04	4	45	1	0	2.0000	0.0000	-1.0000	NaN	4.0643	-4.6452	14.4219	948311.0256	948311.3266	0.0000	1.0000	0.2246
41dl04	4	46	1	0	1.0000	0.0000	1.0000	0.3880	NaN	NaN	NaN	948313.5315	948313.8599	1.0000	1.0000	0.2516
41dl04	4	46	1	0	2.0000	0.0000	1.0000	NaN	7.2694	7.1866	14.9615	948314.6421	948314.9433	1.0000	1.0000	0.2878
41dl04	4	47	1	0	1.0000	0.0000	1.0000	0.2857	NaN	NaN	NaN	948317.6610	948317.9894	1.0000	1.0000	0.2581
41dl04	4	47	1	0	2.0000	0.0000	1.0000	NaN	3.6396	4.6551	14.8541	948318.7790	948319.0802	1.0000	1.0000	0.3114
41dl04	4	48	1	0	1.0000	0.0000	-1.0000	0.4297	NaN	NaN	NaN	948321.7958	948322.1252	0.0000	1.0000	0.1926
41dl04	4	48	1	0	2.0000	0.0000	1.0000	NaN	5.2036	6.3510	14.1213	948322.9139	948323.2152	1.0000	1.0000	0.1526
41dl04	4	49	1	0	1.0000	0.0000	1.0000	0.4023	NaN	NaN	NaN	948325.6474	948325.9763	1.0000	1.0000	0.1506
41dl04	4	49	1	0	2.0000	0.0000	1.0000	NaN	0.3481	0.4278	16.6860	948326.7142	948327.0152	1.0000	1.0000	0.3674
41dl04	4	50	1	0	1.0000	0.0000	1.0000	0.3153	NaN	NaN	NaN	948329.8235	948330.1511	1.0000	1.0000	0.2796
41dl04	4	50	1	0	2.0000	0.0000	1.0000	NaN	2.0347	0.8974	15.8921	948330.9858	948331.2868	1.0000	1.0000	0.4544
41dl04	5	1	1	0	1.0000	0.0000	-1.0000	0.2270	NaN	NaN	NaN	948338.9974	948339.3273	0.0000	1.0000	0.3438
41dl04	5	1	1	0	2.0000	0.0000	1.0000	NaN	6.7398	6.3137	16.2597	948340.2897	948340.5914	1.0000	1.0000	0.2378
41dl04	5	2	1	0	1.0000	0.0000	-1.0000	0.0168	NaN	NaN	NaN	948343.0284	948343.3571	1.0000	0.0000	0.2902
41dl04	5	2	1	0	2.0000	0.0000	-1.0000	NaN	3.1764	-2.3617	16.1362	948344.1863	948344.4873	0.0000	1.0000	0.3596
41dl04	5	3	1	0	1.0000	0.0000	-1.0000	0.3780	NaN	NaN	NaN	948346.8356	948347.1633	0.0000	1.0000	0.2500
41dl04	5	3	1	0	2.0000	0.0000	1.0000	NaN	4.0212	2.1298	14.9659	948347.9855	948348.2866	1.0000	1.0000	0.2786
41dl04	5	4	1	0	1.0000	0.0000	1.0000	0.1256	NaN	NaN	NaN	948350.9394	948351.2684	1.0000	1.0000	0.2008
41dl04	5	4	1	0	2.0000	0.0000	1.0000	NaN	4.2409	3.9183	15.0290	948352.0417	948352.3427	1.0000	1.0000	0.2553
41dl04	5	5	1	0	1.0000	0.0000	-1.0000	0.1368	NaN	NaN	NaN	948354.9792	948355.3099	0.0000	1.0000	0.3300
41dl04	5	5	1	0	2.0000	0.0000	1.0000	NaN	3.1356	3.1664	14.8020	948356.1710	948356.4722	1.0000	1.0000	0.2075
41dl04	5	6	1	0	1.0000	0.0000	-1.0000	0.4114	NaN	NaN	NaN	948358.9251	948359.2535	0.0000	1.0000	0.2957
41dl04	5	6	1	0	2.0000	0.0000	1.0000	NaN	6.7709	6.5775	15.4636	948360.0977	948360.3992	1.0000	1.0000	0.2643
41dl04	5	7	1	0	1.0000	0.0000	-1.0000	0.4408	NaN	NaN	NaN	948363.0920	948363.4206	0.0000	1.0000	0.2419
41dl04	5	7	1	0	2.0000	0.0000	1.0000	NaN	6.7973	7.7135	13.6606	948364.2498	948364.5510	1.0000	1.0000	0.2408
41dl04	5	8	1	0	1.0000	0.0000	-1.0000	0.0987	NaN	NaN	NaN	948366.7603	948367.0885	1.0000	0.0000	0.5247
41dl04	5	8	1	0	2.0000	0.0000	-1.0000	NaN	2.8225	-3.6923	16.0980	948368.1470	948368.4486	0.0000	1.0000	0.3671
41dl04	5	9	1	0	1.0000	0.0000	-1.0000	0.4318	NaN	NaN	NaN	948371.2136	948371.5420	0.0000	1.0000	0.2314
41dl04	5	9	1	0	2.0000	0.0000	1.0000	NaN	5.0209	7.0154	14.4842	948372.3378	948372.6388	1.0000	1.0000	0.3198
41dl04	5	10	1	0	1.0000	0.0000	-1.0000	0.2249	NaN	NaN	NaN	948375.2900	948375.6210	0.0000	1.0000	0.2174
41dl04	5	10	1	0	2.0000	0.0000	1.0000	NaN	2.6237	2.3165	16.3928	948376.3949	948376.6961	1.0000	1.0000	0.3331
41dl04	5	11	1	0	1.0000	0.0000	1.0000	0.1108	NaN	NaN	NaN	948379.2118	948379.5405	1.0000	1.0000	0.3144
41dl04	5	11	1	0	2.0000	0.0000	1.0000	NaN	3.3003	5.4594	16.3396	948380.3882	948380.6893	1.0000	1.0000	0.3981
41dl04	5	12	1	0	1.0000	0.0000	-1.0000	0.3833	NaN	NaN	NaN	948383.4257	948383.7536	0.0000	1.0000	0.2297
41dl04	5	12	1	0	2.0000	0.0000	1.0000	NaN	1.3809	0.7160	15.0093	948384.5711	948384.8721	0.0000	0.0000	0.4315
41dl04	5	13	1	0	1.0000	0.0000	1.0000	0.1352	NaN	NaN	NaN	948387.4522	948387.7808	1.0000	1.0000	0.4811
41dl04	5	13	1	0	2.0000	0.0000	1.0000	NaN	0.8823	0.1979	15.0837	948388.8222	948389.1233	0.0000	0.0000	0.4419
41dl04	5	14	1	0	1.0000	0.0000	-1.0000	0.4217	NaN	NaN	NaN	948391.9054	948392.2342	0.0000	1.0000	0.5243
41dl04	5	14	1	0	2.0000	0.0000	1.0000	NaN	6.3411	5.7617	14.9180	948393.2743	948393.5755	1.0000	1.0000	0.3898
41dl04	5	15	1	0	1.0000	0.0000	-1.0000	0.3682	NaN	NaN	NaN	948395.8218	948396.1510	0.0000	1.0000	0.3582
41dl04	5	15	1	0	2.0000	0.0000	1.0000	NaN	1.4338	2.7051	14.3797	948397.0581	948397.3591	1.0000	1.0000	0.4381
41dl04	5	16	1	0	1.0000	0.0000	1.0000	0.3857	NaN	NaN	NaN	948399.7472	948400.0758	1.0000	1.0000	0.2354
41dl04	5	16	1	0	2.0000	0.0000	1.0000	NaN	4.2018	4.2737	17.1234	948400.8585	948401.1595	1.0000	1.0000	0.3922
41dl04	5	17	1	0	1.0000	0.0000	-1.0000	0.3655	NaN	NaN	NaN	948403.8893	948404.2190	0.0000	1.0000	0.2926
41dl04	5	17	1	0	2.0000	0.0000	1.0000	NaN	1.0598	0.3498	14.7415	948405.0505	948405.3517	1.0000	1.0000	0.3358
41dl04	5	18	1	0	1.0000	0.0000	1.0000	0.1766	NaN	NaN	NaN	948408.0244	948408.3546	1.0000	1.0000	0.3236
41dl04	5	18	1	0	2.0000	0.0000	1.0000	NaN	3.7523	4.9643	12.9261	948409.2192	948409.5204	1.0000	1.0000	0.3889
41dl04	5	19	1	0	1.0000	0.0000	-1.0000	0.1175	NaN	NaN	NaN	948412.0482	948412.3789	1.0000	0.0000	0.4270
41dl04	5	19	1	0	2.0000	0.0000	-1.0000	NaN	5.4908	-3.5176	15.7221	948413.3545	948413.6555	0.0000	1.0000	0.4457
41dl04	5	20	1	0	1.0000	0.0000	1.0000	0.3628	NaN	NaN	NaN	948416.1838	948416.5126	1.0000	1.0000	0.3651
41dl04	5	20	1	0	2.0000	0.0000	1.0000	NaN	0.0092	2.9577	15.2243	948417.4752	948417.7768	1.0000	1.0000	0.3660
41dl04	5	21	1	0	1.0000	0.0000	-1.0000	0.1449	NaN	NaN	NaN	948420.2129	948420.5419	0.0000	1.0000	0.3938
41dl04	5	21	1	0	2.0000	0.0000	1.0000	NaN	3.1224	5.1844	16.2837	948421.4738	948421.7749	1.0000	1.0000	0.3423
41dl04	5	22	1	0	1.0000	0.0000	1.0000	0.4276	NaN	NaN	NaN	948424.4650	948424.7949	1.0000	1.0000	0.2515
41dl04	5	22	1	0	2.0000	0.0000	1.0000	NaN	1.2623	0.8438	15.5881	948425.5790	948425.8801	1.0000	1.0000	0.3827
41dl04	5	23	1	0	1.0000	0.0000	-1.0000	0.1025	NaN	NaN	NaN	948428.5432	948428.8714	1.0000	0.0000	0.3281
41dl04	5	23	1	0	2.0000	0.0000	-1.0000	NaN	1.5707	-0.7452	15.9107	948429.7376	948430.0387	1.0000	0.0000	0.3116
41dl04	5	24	1	0	1.0000	0.0000	1.0000	0.2010	NaN	NaN	NaN	948432.8183	948433.1481	1.0000	1.0000	0.3050
41dl04	5	24	1	0	2.0000	0.0000	1.0000	NaN	0.6831	0.2609	13.8849	948434.0218	948434.3229	1.0000	1.0000	0.4208
41dl04	5	25	1	0	1.0000	0.0000	1.0000	0.2784	NaN	NaN	NaN	948436.7992	948437.1275	1.0000	1.0000	0.2949
41dl04	5	25	1	0	2.0000	0.0000	1.0000	NaN	5.5716	7.0822	15.8767	948437.9709	948438.2720	1.0000	1.0000	0.4307
41dl04	5	26	1	0	1.0000	0.0000	-1.0000	0.3763	NaN	NaN	NaN	948441.2747	948441.6050	0.0000	1.0000	0.3065
41dl04	5	26	1	0	2.0000	0.0000	1.0000	NaN	4.7006	6.1990	14.1858	948442.4755	948442.7765	1.0000	1.0000	0.3407
41dl04	5	27	1	0	1.0000	0.0000	1.0000	0.3713	NaN	NaN	NaN	948445.6824	948446.0113	1.0000	1.0000	0.3379
41dl04	5	27	1	0	2.0000	0.0000	1.0000	NaN	6.8956	7.6849	17.0880	948446.8581	948447.1602	1.0000	1.0000	0.3979
41dl04	5	28	1	0	1.0000	0.0000	-1.0000	0.0262	NaN	NaN	NaN	948449.7567	948450.0856	1.0000	0.0000	0.2876
41dl04	5	28	1	0	2.0000	0.0000	-1.0000	NaN	2.9000	-3.7189	13.7746	948450.9534	948451.2545	0.0000	1.0000	0.4415
41dl04	5	29	1	0	1.0000	0.0000	1.0000	0.1536	NaN	NaN	NaN	948454.1693	948454.4975	1.0000	1.0000	0.3496
41dl04	5	29	1	0	2.0000	0.0000	1.0000	NaN	0.8449	1.5700	14.7219	948455.3706	948455.6718	1.0000	1.0000	0.4935
41dl04	5	30	1	0	1.0000	0.0000	1.0000	0.3146	NaN	NaN	NaN	948458.2661	948458.5936	1.0000	1.0000	0.3236
41dl04	5	30	1	0	2.0000	0.0000	1.0000	NaN	0.2528	1.0711	14.6200	948459.4273	948459.7283	1.0000	1.0000	0.4061
41dl04	5	31	1	0	1.0000	0.0000	-1.0000	0.3655	NaN	NaN	NaN	948462.3162	948462.6450	0.0000	1.0000	0.3458
41dl04	5	31	1	0	2.0000	0.0000	1.0000	NaN	1.0324	1.7370	13.7443	948463.5294	948463.8304	1.0000	1.0000	0.3760
41dl04	5	32	1	0	1.0000	0.0000	1.0000	0.2837	NaN	NaN	NaN	948466.0577	948466.3863	1.0000	1.0000	0.3330
41dl04	5	32	1	0	2.0000	0.0000	1.0000	NaN	1.4150	1.7979	13.8839	948467.2677	948467.5688	1.0000	1.0000	0.4145
41dl04	5	33	1	0	1.0000	0.0000	1.0000	0.3854	NaN	NaN	NaN	948470.4474	948470.7757	1.0000	1.0000	0.2958
41dl04	5	33	1	0	2.0000	0.0000	1.0000	NaN	3.6678	4.1269	14.1835	948471.5864	948471.8874	1.0000	1.0000	0.4377
41dl04	5	34	1	0	1.0000	0.0000	-1.0000	0.3806	NaN	NaN	NaN	948474.5529	948474.8825	0.0000	1.0000	0.3090
41dl04	5	34	1	0	2.0000	0.0000	1.0000	NaN	4.0031	4.6669	16.6139	948475.7225	948476.0237	1.0000	1.0000	0.3740
41dl04	5	35	1	0	1.0000	0.0000	1.0000	0.0774	NaN	NaN	NaN	948479.0059	948479.3342	1.0000	1.0000	0.2730
41dl04	5	35	1	0	2.0000	0.0000	1.0000	NaN	1.3363	2.4687	15.3279	948480.1233	948480.4244	1.0000	1.0000	0.3340
41dl04	5	36	1	0	1.0000	0.0000	-1.0000	0.1251	NaN	NaN	NaN	948483.2565	948483.5856	0.0000	1.0000	0.2679
41dl04	5	36	1	0	2.0000	0.0000	1.0000	NaN	3.4840	3.3045	15.3179	948484.4176	948484.7188	1.0000	1.0000	0.3049
41dl04	5	37	1	0	1.0000	0.0000	-1.0000	0.4234	NaN	NaN	NaN	948487.4216	948487.7498	0.0000	1.0000	0.1935
41dl04	5	37	1	0	2.0000	0.0000	1.0000	NaN	1.4594	0.7106	15.5310	948488.5224	948488.8234	1.0000	1.0000	0.3018
41dl04	5	38	1	0	1.0000	0.0000	-1.0000	0.2991	NaN	NaN	NaN	948491.3323	948491.6612	1.0000	0.0000	0.3144
41dl04	5	38	1	0	2.0000	0.0000	-1.0000	NaN	4.8626	-5.6286	14.7030	948492.5221	948492.8233	0.0000	1.0000	0.2780
41dl04	5	39	1	0	1.0000	0.0000	1.0000	0.2244	NaN	NaN	NaN	948495.0916	948495.4189	1.0000	1.0000	0.2903
41dl04	5	39	1	0	2.0000	0.0000	1.0000	NaN	3.8772	0.7146	14.7340	948496.2423	948496.5436	1.0000	1.0000	0.3120
41dl04	5	40	1	0	1.0000	0.0000	-1.0000	0.1353	NaN	NaN	NaN	948499.0107	948499.3388	1.0000	0.0000	0.3166
41dl04	5	40	1	0	2.0000	0.0000	-1.0000	NaN	6.8005	-6.8802	14.5283	948500.1538	948500.4550	0.0000	1.0000	0.3451
41dl04	5	41	1	0	1.0000	0.0000	1.0000	0.1298	NaN	NaN	NaN	948502.6310	948502.9610	1.0000	1.0000	0.2461
41dl04	5	41	1	0	2.0000	0.0000	1.0000	NaN	2.2343	0.4177	15.2620	948503.7555	948504.0565	1.0000	1.0000	0.3274
41dl04	5	42	1	0	1.0000	0.0000	1.0000	0.4478	NaN	NaN	NaN	948506.2652	948506.5936	1.0000	1.0000	0.3155
41dl04	5	42	1	0	2.0000	0.0000	1.0000	NaN	6.0276	5.2882	14.7456	948507.4582	948507.7594	1.0000	1.0000	0.4247
41dl04	5	43	1	0	1.0000	0.0000	-1.0000	0.2555	NaN	NaN	NaN	948510.3144	948510.6447	0.0000	1.0000	0.2741
41dl04	5	43	1	0	2.0000	0.0000	1.0000	NaN	2.9908	4.1274	14.3516	948511.4746	948511.7758	1.0000	1.0000	0.2141
41dl04	5	44	1	0	1.0000	0.0000	-1.0000	0.0699	NaN	NaN	NaN	948514.2199	948514.5496	0.0000	1.0000	0.2662
41dl04	5	44	1	0	2.0000	0.0000	1.0000	NaN	4.8132	7.1720	15.2202	948515.3461	948515.6471	1.0000	1.0000	0.3115
41dl04	5	45	1	0	1.0000	0.0000	-1.0000	0.3875	NaN	NaN	NaN	948518.1060	948518.4360	0.0000	1.0000	0.2973
41dl04	5	45	1	0	2.0000	0.0000	1.0000	NaN	7.1462	5.8345	16.8046	948519.2663	948519.5676	1.0000	1.0000	0.3039
41dl04	5	46	1	0	1.0000	0.0000	-1.0000	0.2772	NaN	NaN	NaN	948522.1695	948522.4981	0.0000	1.0000	0.3000
41dl04	5	46	1	0	2.0000	0.0000	1.0000	NaN	2.4240	4.5725	15.9501	948523.3861	948523.6872	1.0000	1.0000	0.2861
41dl04	5	47	1	0	1.0000	0.0000	-1.0000	0.1393	NaN	NaN	NaN	948526.3891	948526.7184	0.0000	1.0000	0.2788
41dl04	5	47	1	0	2.0000	0.0000	1.0000	NaN	6.4884	5.7949	15.7780	948527.5632	948527.8643	1.0000	1.0000	0.3105
41dl04	5	48	1	0	1.0000	0.0000	1.0000	0.2202	NaN	NaN	NaN	948530.4063	948530.7349	1.0000	1.0000	0.3744
41dl04	5	48	1	0	2.0000	0.0000	1.0000	NaN	6.5035	5.6944	15.2669	948531.6658	948531.9669	1.0000	1.0000	0.3201
41dl04	5	49	1	0	1.0000	0.0000	-1.0000	0.2800	NaN	NaN	NaN	948534.7581	948535.0857	0.0000	1.0000	0.2655
41dl04	5	49	1	0	2.0000	0.0000	1.0000	NaN	0.8881	0.4743	14.7428	948535.8659	948536.1670	1.0000	1.0000	0.2967
41dl04	5	50	1	0	1.0000	0.0000	-1.0000	0.4388	NaN	NaN	NaN	948538.9197	948539.2496	0.0000	1.0000	0.1659
41dl04	5	50	1	0	2.0000	0.0000	1.0000	NaN	6.4769	6.2915	14.1303	948539.9784	948540.2794	1.0000	1.0000	0.2137
41dl04	6	1	1	0	1.0000	0.0000	1.0000	0.0575	NaN	NaN	NaN	948543.6736	948544.0020	1.0000	1.0000	0.4685
41dl04	6	1	1	0	2.0000	0.0000	1.0000	NaN	2.2900	0.7070	15.3072	948544.9946	948545.2958	1.0000	1.0000	0.3840
41dl04	6	2	1	0	1.0000	0.0000	-1.0000	0.2045	NaN	NaN	NaN	948548.0699	948548.3983	0.0000	1.0000	0.2569
41dl04	6	2	1	0	2.0000	0.0000	1.0000	NaN	6.3588	5.4484	14.1892	948549.3065	948549.6077	1.0000	1.0000	0.2295
41dl04	6	3	1	0	1.0000	0.0000	-1.0000	0.1501	NaN	NaN	NaN	948551.9534	948552.2815	1.0000	0.0000	0.2998
41dl04	6	3	1	0	2.0000	0.0000	-1.0000	NaN	2.1135	-0.5171	15.1483	948553.1056	948553.4067	1.0000	0.0000	0.2797
41dl04	6	4	1	0	1.0000	0.0000	1.0000	0.0113	NaN	NaN	NaN	948555.8453	948556.1721	1.0000	1.0000	0.4412
41dl04	6	4	1	0	2.0000	0.0000	1.0000	NaN	0.8381	1.3385	15.2204	948557.1620	948557.4631	1.0000	1.0000	0.4793
41dl04	6	5	1	0	1.0000	0.0000	-1.0000	0.1866	NaN	NaN	NaN	948560.2845	948560.6147	0.0000	1.0000	0.2244
41dl04	6	5	1	0	2.0000	0.0000	1.0000	NaN	4.4458	6.2686	14.9476	948561.3868	948561.6878	1.0000	1.0000	0.2694
41dl04	6	6	1	0	1.0000	0.0000	-1.0000	0.0939	NaN	NaN	NaN	948564.4058	948564.7360	0.0000	1.0000	0.2629
41dl04	6	6	1	0	2.0000	0.0000	1.0000	NaN	2.0715	2.2946	15.0387	948565.5378	948565.8390	1.0000	1.0000	0.3046
41dl04	6	7	1	0	1.0000	0.0000	-1.0000	0.1352	NaN	NaN	NaN	948568.5988	948568.9272	0.0000	1.0000	0.4554
41dl04	6	7	1	0	2.0000	0.0000	1.0000	NaN	0.3491	1.2966	13.9247	948569.8994	948570.2005	1.0000	1.0000	0.3031
41dl04	6	8	1	0	1.0000	0.0000	1.0000	0.0474	NaN	NaN	NaN	948572.8579	948573.1865	1.0000	1.0000	0.2266
41dl04	6	8	1	0	2.0000	0.0000	1.0000	NaN	3.9852	5.1198	15.2398	948573.9630	948574.2642	1.0000	1.0000	0.3668
41dl04	6	9	1	0	1.0000	0.0000	1.0000	0.4117	NaN	NaN	NaN	948577.1122	948577.4408	1.0000	1.0000	0.2953
41dl04	6	9	1	0	2.0000	0.0000	1.0000	NaN	5.7502	2.7680	12.5835	948578.2907	948578.5921	1.0000	1.0000	0.2788
41dl04	6	10	1	0	1.0000	0.0000	-1.0000	0.2218	NaN	NaN	NaN	948581.2514	948581.5812	1.0000	0.0000	0.1775
41dl04	6	10	1	0	2.0000	0.0000	-1.0000	NaN	2.1285	-2.8940	15.4183	948582.2589	948582.5601	1.0000	0.0000	0.3196
41dl04	6	11	1	0	1.0000	0.0000	-1.0000	0.1301	NaN	NaN	NaN	948585.3090	948585.6369	0.0000	1.0000	0.2656
41dl04	6	11	1	0	2.0000	0.0000	1.0000	NaN	5.2516	7.0840	15.9346	948586.4741	948586.7752	1.0000	1.0000	0.2559
41dl04	6	12	1	0	1.0000	0.0000	-1.0000	0.3662	NaN	NaN	NaN	948588.9881	948589.3148	0.0000	1.0000	0.2518
41dl04	6	12	1	0	2.0000	0.0000	1.0000	NaN	2.9213	3.9993	15.4090	948590.0820	948590.3830	1.0000	1.0000	0.3204
41dl04	6	13	1	0	1.0000	0.0000	1.0000	0.3534	NaN	NaN	NaN	948593.0427	948593.3712	1.0000	1.0000	0.2117
41dl04	6	13	1	0	2.0000	0.0000	1.0000	NaN	5.2431	5.3012	14.3306	948594.1134	948594.4146	1.0000	1.0000	0.3521
41dl04	6	14	1	0	1.0000	0.0000	1.0000	0.1912	NaN	NaN	NaN	948596.9820	948597.3113	1.0000	1.0000	0.2465
41dl04	6	14	1	0	2.0000	0.0000	1.0000	NaN	6.0683	5.9451	15.0066	948598.0981	948598.3993	1.0000	1.0000	0.3600
41dl04	6	15	1	0	1.0000	0.0000	1.0000	0.2591	NaN	NaN	NaN	948600.6567	948600.9849	1.0000	1.0000	0.2623
41dl04	6	15	1	0	2.0000	0.0000	1.0000	NaN	1.0690	1.1433	15.0523	948601.7861	948602.0872	1.0000	1.0000	0.2301
41dl04	6	16	1	0	1.0000	0.0000	-1.0000	0.4106	NaN	NaN	NaN	948604.8242	948605.1527	0.0000	1.0000	0.2684
41dl04	6	16	1	0	2.0000	0.0000	1.0000	NaN	3.8569	3.9450	15.7984	948605.9553	948606.2567	1.0000	1.0000	0.2619
41dl04	6	17	1	0	1.0000	0.0000	-1.0000	0.2315	NaN	NaN	NaN	948608.5819	948608.9113	0.0000	1.0000	0.2220
41dl04	6	17	1	0	2.0000	0.0000	1.0000	NaN	5.3315	4.1220	15.2981	948609.6515	948609.9527	1.0000	1.0000	0.2702
41dl04	6	18	1	0	1.0000	0.0000	1.0000	0.3626	NaN	NaN	NaN	948612.4622	948612.7915	1.0000	1.0000	0.1588
41dl04	6	18	1	0	2.0000	0.0000	1.0000	NaN	0.9490	1.6239	14.8723	948613.5065	948613.8075	1.0000	1.0000	0.3039
41dl04	6	19	1	0	1.0000	0.0000	1.0000	0.0401	NaN	NaN	NaN	948616.5922	948616.9211	0.0000	0.0000	0.2217
41dl04	6	19	1	0	2.0000	0.0000	-1.0000	NaN	5.7614	-4.9364	15.5254	948617.7145	948618.0157	0.0000	1.0000	0.3040
41dl04	6	20	1	0	1.0000	0.0000	-1.0000	0.1239	NaN	NaN	NaN	948620.4831	948620.8107	1.0000	0.0000	0.2586
41dl04	6	20	1	0	2.0000	0.0000	-1.0000	NaN	5.5698	-7.2090	16.1574	948621.6023	948621.9034	0.0000	1.0000	0.3678
41dl04	6	21	1	0	1.0000	0.0000	1.0000	0.3985	NaN	NaN	NaN	948624.6100	948624.9393	1.0000	1.0000	0.1478
41dl04	6	21	1	0	2.0000	0.0000	1.0000	NaN	2.3927	4.0551	14.9594	948625.6106	948625.9117	1.0000	1.0000	0.8562
41dl04	6	22	1	0	1.0000	0.0000	1.0000	0.0331	NaN	NaN	NaN	948628.7494	948629.0779	1.0000	1.0000	0.2655
41dl04	6	22	1	0	2.0000	0.0000	1.0000	NaN	3.9042	4.2797	13.1051	948629.8984	948630.1994	1.0000	1.0000	0.3682
41dl04	6	23	1	0	1.0000	0.0000	-1.0000	0.1026	NaN	NaN	NaN	948632.7734	948633.1025	0.0000	1.0000	0.1826
41dl04	6	23	1	0	2.0000	0.0000	1.0000	NaN	5.8800	6.5494	13.9705	948633.8571	948634.1582	1.0000	1.0000	0.3032
41dl04	6	24	1	0	1.0000	0.0000	1.0000	0.2143	NaN	NaN	NaN	948636.4187	948636.7469	1.0000	1.0000	0.1868
41dl04	6	24	1	0	2.0000	0.0000	1.0000	NaN	3.8876	3.0016	13.9925	948637.4982	948637.7993	1.0000	1.0000	0.3195
41dl04	6	25	1	0	1.0000	0.0000	-1.0000	0.2850	NaN	NaN	NaN	948640.4748	948640.8028	1.0000	0.0000	0.3886
41dl04	6	25	1	0	2.0000	0.0000	-1.0000	NaN	2.7883	-3.7133	15.0830	948641.7223	948642.0232	1.0000	0.0000	0.3355
41dl04	6	26	1	0	1.0000	0.0000	-1.0000	0.1485	NaN	NaN	NaN	948644.5751	948644.9034	1.0000	0.0000	0.4559
41dl04	6	26	1	0	2.0000	0.0000	-1.0000	NaN	0.3668	-0.5443	14.5145	948645.8995	948646.2007	0.0000	1.0000	0.4388
41dl04	6	27	1	0	1.0000	0.0000	1.0000	0.1313	NaN	NaN	NaN	948648.7285	948649.0577	1.0000	1.0000	0.3260
41dl04	6	27	1	0	2.0000	0.0000	1.0000	NaN	2.2088	1.1905	13.7475	948649.8839	948650.1849	1.0000	1.0000	0.3724
41dl04	6	28	1	0	1.0000	0.0000	-1.0000	0.4420	NaN	NaN	NaN	948652.7255	948653.0538	0.0000	1.0000	0.1939
41dl04	6	28	1	0	2.0000	0.0000	1.0000	NaN	0.6779	1.6663	14.7681	948653.7620	948654.0633	1.0000	1.0000	0.3038
41dl04	6	29	1	0	1.0000	0.0000	1.0000	0.3483	NaN	NaN	NaN	948656.3153	948656.6441	1.0000	1.0000	0.1611
41dl04	6	29	1	0	2.0000	0.0000	1.0000	NaN	5.4802	6.8163	15.1181	948657.3545	948657.6559	1.0000	1.0000	0.3033
41dl04	6	30	1	0	1.0000	0.0000	-1.0000	0.0396	NaN	NaN	NaN	948660.6227	948660.9511	1.0000	0.0000	0.2485
41dl04	6	30	1	0	2.0000	0.0000	-1.0000	NaN	0.6354	-0.7768	15.1029	948661.7382	948662.0397	1.0000	0.0000	0.2711
41dl04	6	31	1	0	1.0000	0.0000	-1.0000	0.1620	NaN	NaN	NaN	948664.4191	948664.7491	0.0000	1.0000	0.2665
41dl04	6	31	1	0	2.0000	0.0000	1.0000	NaN	4.6286	6.2046	15.0784	948665.5543	948665.8555	1.0000	1.0000	0.3980
41dl04	6	32	1	0	1.0000	0.0000	-1.0000	0.1723	NaN	NaN	NaN	948668.6944	948669.0227	1.0000	0.0000	0.1451
41dl04	6	32	1	0	2.0000	0.0000	-1.0000	NaN	0.7482	-0.0497	14.0983	948669.7144	948670.0154	1.0000	0.0000	0.3109
41dl04	6	33	1	0	1.0000	0.0000	1.0000	0.0115	NaN	NaN	NaN	948672.6020	948672.9313	1.0000	1.0000	0.2984
41dl04	6	33	1	0	2.0000	0.0000	1.0000	NaN	6.2587	6.7930	14.8903	948673.7693	948674.0703	1.0000	1.0000	0.3450
41dl04	6	34	1	0	1.0000	0.0000	1.0000	0.2616	NaN	NaN	NaN	948676.9872	948677.3161	1.0000	1.0000	0.2895
41dl04	6	34	1	0	2.0000	0.0000	1.0000	NaN	7.4224	7.0388	15.9725	948678.1403	948678.4413	1.0000	1.0000	0.3665
41dl04	6	35	1	0	1.0000	0.0000	1.0000	0.0709	NaN	NaN	NaN	948681.1811	948681.5099	1.0000	1.0000	0.3370
41dl04	6	35	1	0	2.0000	0.0000	1.0000	NaN	5.5312	6.0703	15.3615	948682.4021	948682.7033	1.0000	1.0000	0.3268
41dl04	6	36	1	0	1.0000	0.0000	1.0000	0.4411	NaN	NaN	NaN	948684.9948	948685.3241	1.0000	1.0000	0.3315
41dl04	6	36	1	0	2.0000	0.0000	1.0000	NaN	1.0215	0.8071	14.7819	948686.2101	948686.5113	1.0000	1.0000	0.3275
41dl04	6	37	1	0	1.0000	0.0000	-1.0000	0.3155	NaN	NaN	NaN	948689.1132	948689.4411	0.0000	1.0000	0.2859
41dl04	6	37	1	0	2.0000	0.0000	1.0000	NaN	5.5747	4.5296	15.2274	948690.2663	948690.5675	1.0000	1.0000	0.2237
41dl04	6	38	1	0	1.0000	0.0000	1.0000	0.0590	NaN	NaN	NaN	948693.1811	948693.5109	1.0000	1.0000	0.4327
41dl04	6	38	1	0	2.0000	0.0000	1.0000	NaN	6.2250	6.2893	16.1170	948694.4908	948694.7920	1.0000	1.0000	0.3997
41dl04	6	39	1	0	1.0000	0.0000	1.0000	0.0895	NaN	NaN	NaN	948697.3891	948697.7175	0.0000	0.0000	0.5838
41dl04	6	39	1	0	2.0000	0.0000	-1.0000	NaN	7.4706	-6.2966	14.8337	948698.8339	948699.1350	0.0000	1.0000	0.4081
41dl04	6	40	1	0	1.0000	0.0000	1.0000	0.4303	NaN	NaN	NaN	948701.9487	948702.2776	1.0000	1.0000	0.4966
41dl04	6	40	1	0	2.0000	0.0000	1.0000	NaN	6.8317	6.9633	16.0261	948703.2896	948703.5908	1.0000	1.0000	0.3373
41dl04	6	41	1	0	1.0000	0.0000	1.0000	0.2473	NaN	NaN	NaN	948705.8907	948706.2195	1.0000	1.0000	0.3003
41dl04	6	41	1	0	2.0000	0.0000	1.0000	NaN	3.3111	4.1084	14.3776	948707.0425	948707.3435	1.0000	1.0000	0.3658
41dl04	6	42	1	0	1.0000	0.0000	1.0000	0.0054	NaN	NaN	NaN	948709.5262	948709.8556	1.0000	1.0000	0.1594
41dl04	6	42	1	0	2.0000	0.0000	1.0000	NaN	3.9947	4.3131	14.6751	948710.5715	948710.8725	1.0000	1.0000	0.3412
41dl04	6	43	1	0	1.0000	0.0000	1.0000	0.1718	NaN	NaN	NaN	948713.6459	948713.9738	1.0000	1.0000	0.1754
41dl04	6	43	1	0	2.0000	0.0000	1.0000	NaN	3.8190	4.5360	15.6913	948714.6978	948714.9992	1.0000	1.0000	0.3421
41dl04	6	44	1	0	1.0000	0.0000	-1.0000	0.3609	NaN	NaN	NaN	948717.8481	948718.1753	0.0000	1.0000	0.2309
41dl04	6	44	1	0	2.0000	0.0000	1.0000	NaN	4.2401	4.5083	13.0347	948718.9861	948719.2872	1.0000	1.0000	0.2483
41dl04	6	45	1	0	1.0000	0.0000	1.0000	0.2264	NaN	NaN	NaN	948722.2140	948722.5420	1.0000	1.0000	0.1536
41dl04	6	45	1	0	2.0000	0.0000	1.0000	NaN	0.6335	0.6501	15.3881	948723.2659	948723.5672	1.0000	1.0000	0.3582
41dl04	6	46	1	0	1.0000	0.0000	1.0000	0.1939	NaN	NaN	NaN	948726.1501	948726.4829	1.0000	1.0000	0.3888
41dl04	6	46	1	0	2.0000	0.0000	1.0000	NaN	6.3629	6.8327	15.1425	948727.4514	948727.7525	1.0000	1.0000	0.3512
41dl04	6	47	1	0	1.0000	0.0000	1.0000	0.4000	NaN	NaN	NaN	948730.4760	948730.8062	1.0000	1.0000	0.2871
41dl04	6	47	1	0	2.0000	0.0000	1.0000	NaN	4.4004	4.1319	14.9519	948731.6278	948731.9290	1.0000	1.0000	0.3340
41dl04	6	48	1	0	1.0000	0.0000	1.0000	0.3902	NaN	NaN	NaN	948734.3432	948734.6709	1.0000	1.0000	0.2247
41dl04	6	48	1	0	2.0000	0.0000	1.0000	NaN	2.4791	2.1434	15.8505	948735.4173	948735.7188	1.0000	1.0000	0.3345
41dl04	6	49	1	0	1.0000	0.0000	1.0000	0.3747	NaN	NaN	NaN	948738.2784	948738.6089	1.0000	1.0000	0.3428
41dl04	6	49	1	0	2.0000	0.0000	1.0000	NaN	7.4775	7.3148	13.5854	948739.5139	948739.8149	1.0000	1.0000	0.3263
41dl04	6	50	1	0	1.0000	0.0000	1.0000	0.4297	NaN	NaN	NaN	948742.4159	948742.7443	1.0000	1.0000	0.1250
41dl04	6	50	1	0	2.0000	0.0000	1.0000	NaN	6.0159	8.3372	17.2131	948743.4906	948743.7916	1.0000	1.0000	0.2800
