29yz02	1	1	0	0	1.0000	0.0000	1.0000	0.1812	NaN	NaN	NaN	1171978.4043	1171978.7584	0.0000	0.0000	1.2023
29yz02	1	1	0	0	2.0000	0.0000	-1.0000	NaN	0.0688	-0.3006	13.7486	1171980.4575	1171980.7597	1.0000	0.0000	0.5765
29yz02	1	2	0	0	1.0000	0.0000	-1.0000	0.3196	NaN	NaN	NaN	1171983.8433	1171984.2469	1.0000	0.0000	1.1538
29yz02	1	2	0	0	2.0000	0.0000	1.0000	NaN	3.8266	5.4390	15.4458	1171985.9347	1171986.2415	1.0000	1.0000	0.6318
29yz02	1	3	0	0	1.0000	0.0000	-1.0000	0.6439	NaN	NaN	NaN	1171989.3753	1171989.7927	0.0000	1.0000	2.9995
29yz02	1	3	0	0	2.0000	0.0000	1.0000	NaN	9.8522	10.9722	15.5244	1171993.2960	1171993.6008	1.0000	1.0000	0.3434
29yz02	1	4	0	0	1.0000	0.0000	-1.0000	0.1250	NaN	NaN	NaN	1171996.0273	1171996.4475	1.0000	0.0000	1.2087
29yz02	1	4	0	0	2.0000	0.0000	1.0000	NaN	1.4052	2.2454	15.4131	1171998.1925	1171998.4970	1.0000	1.0000	0.3278
29yz02	1	5	0	0	1.0000	0.0000	1.0000	0.0596	NaN	NaN	NaN	1172000.7968	1172001.1853	0.0000	0.0000	5.1434
29yz02	1	5	0	0	2.0000	0.0000	1.0000	NaN	11.6249	14.2535	16.8958	1172006.8721	1172007.1743	1.0000	1.0000	0.3229
29yz02	1	6	0	0	1.0000	0.0000	1.0000	0.3798	NaN	NaN	NaN	1172009.7153	1172010.0721	1.0000	1.0000	0.7680
29yz02	1	6	0	0	2.0000	0.0000	1.0000	NaN	11.0307	9.6006	14.2025	1172011.3674	1172011.6709	1.0000	1.0000	0.2252
29yz02	1	7	0	0	1.0000	0.0000	-1.0000	0.5834	NaN	NaN	NaN	1172013.8802	1172014.2344	0.0000	1.0000	1.1017
29yz02	1	7	0	0	2.0000	0.0000	1.0000	NaN	4.3737	5.1828	15.5510	1172015.8154	1172016.1176	1.0000	1.0000	0.5945
29yz02	1	8	0	0	1.0000	0.0000	1.0000	0.3617	NaN	NaN	NaN	1172018.7972	1172019.1509	1.0000	1.0000	2.9218
29yz02	1	8	0	0	2.0000	0.0000	-1.0000	NaN	9.4988	-8.8976	15.2526	1172022.6467	1172022.9490	0.0000	1.0000	0.2599
29yz02	1	9	0	0	1.0000	0.0000	-1.0000	0.6884	NaN	NaN	NaN	1172025.4356	1172025.7893	0.0000	1.0000	1.0367
29yz02	1	9	0	0	2.0000	0.0000	1.0000	NaN	6.9229	7.4514	15.8966	1172027.3358	1172027.6379	1.0000	1.0000	0.4182
29yz02	1	10	0	0	1.0000	0.0000	-1.0000	0.6732	NaN	NaN	NaN	1172029.9361	1172030.3458	0.0000	1.0000	0.8950
29yz02	1	10	0	0	2.0000	0.0000	1.0000	NaN	6.3819	7.2129	15.2048	1172031.7755	1172032.0800	1.0000	1.0000	0.2481
29yz02	1	11	0	0	1.0000	0.0000	1.0000	0.5738	NaN	NaN	NaN	1172034.6983	1172035.0835	0.0000	0.0000	1.3407
29yz02	1	11	0	0	2.0000	0.0000	1.0000	NaN	3.0843	4.6384	15.0964	1172036.9203	1172037.2225	0.0000	0.0000	0.5470
29yz02	1	12	0	0	1.0000	0.0000	1.0000	0.3986	NaN	NaN	NaN	1172039.9054	1172040.2570	1.0000	1.0000	0.8231
29yz02	1	12	0	0	2.0000	0.0000	1.0000	NaN	6.2930	5.6807	14.8861	1172041.6072	1172041.9093	1.0000	1.0000	0.3388
29yz02	1	13	0	0	1.0000	0.0000	-1.0000	0.8726	NaN	NaN	NaN	1172044.3990	1172044.7538	0.0000	1.0000	0.5196
29yz02	1	13	0	0	2.0000	0.0000	1.0000	NaN	10.5539	10.5584	14.8814	1172045.7837	1172046.0860	1.0000	1.0000	0.3222
29yz02	1	14	0	0	1.0000	0.0000	1.0000	0.2576	NaN	NaN	NaN	1172048.6616	1172049.0160	0.0000	0.0000	0.8651
29yz02	1	14	0	0	2.0000	0.0000	1.0000	NaN	11.0095	9.2552	15.1020	1172050.3758	1172050.6780	1.0000	1.0000	0.2273
29yz02	1	15	0	0	1.0000	0.0000	-1.0000	0.0875	NaN	NaN	NaN	1172053.0225	1172053.3732	1.0000	0.0000	0.5717
29yz02	1	15	0	0	2.0000	0.0000	-1.0000	NaN	11.7942	-10.4978	15.8792	1172054.4710	1172054.7732	0.0000	1.0000	0.2909
29yz02	1	16	0	0	1.0000	0.0000	1.0000	0.8906	NaN	NaN	NaN	1172057.5489	1172057.9030	1.0000	1.0000	0.4107
29yz02	1	16	0	0	2.0000	0.0000	-1.0000	NaN	0.6596	-2.5262	14.1189	1172058.8586	1172059.1609	0.0000	1.0000	0.5602
29yz02	1	17	0	0	1.0000	0.0000	-1.0000	0.6264	NaN	NaN	NaN	1172061.8991	1172062.2529	1.0000	0.0000	0.8122
29yz02	1	17	0	0	2.0000	0.0000	1.0000	NaN	5.2503	6.6070	14.8217	1172063.5924	1172063.8946	1.0000	1.0000	0.5775
29yz02	1	18	0	0	1.0000	0.0000	1.0000	0.0298	NaN	NaN	NaN	1172066.5870	1172066.9372	0.0000	0.0000	2.5277
29yz02	1	18	0	0	2.0000	0.0000	1.0000	NaN	8.3889	7.7785	15.9082	1172069.9752	1172070.2774	1.0000	1.0000	0.4027
29yz02	1	19	0	0	1.0000	0.0000	1.0000	0.4529	NaN	NaN	NaN	1172072.7780	1172073.1314	1.0000	1.0000	0.6853
29yz02	1	19	0	0	2.0000	0.0000	1.0000	NaN	4.5048	4.3243	14.9977	1172074.3429	1172074.6452	1.0000	1.0000	0.4349
29yz02	1	20	0	0	1.0000	0.0000	1.0000	0.3950	NaN	NaN	NaN	1172077.3458	1172077.7587	1.0000	1.0000	0.8899
29yz02	1	20	0	0	2.0000	0.0000	1.0000	NaN	3.0467	1.6283	15.2209	1172079.1859	1172079.4898	1.0000	1.0000	0.4873
29yz02	1	21	0	0	1.0000	0.0000	-1.0000	0.3869	NaN	NaN	NaN	1172081.9464	1172082.3599	1.0000	0.0000	0.6407
29yz02	1	21	0	0	2.0000	0.0000	-1.0000	NaN	1.0529	-1.2582	15.1501	1172083.5575	1172083.8620	1.0000	0.0000	0.3719
29yz02	1	22	0	0	1.0000	0.0000	-1.0000	0.4414	NaN	NaN	NaN	1172086.4955	1172086.8976	1.0000	0.0000	0.8550
29yz02	1	22	0	0	2.0000	0.0000	-1.0000	NaN	3.6124	-1.9199	14.2760	1172088.2464	1172088.5499	0.0000	1.0000	0.8982
29yz02	1	23	0	0	1.0000	0.0000	1.0000	0.9456	NaN	NaN	NaN	1172091.7846	1172092.1360	1.0000	1.0000	0.6407
29yz02	1	23	0	0	2.0000	0.0000	1.0000	NaN	2.3372	3.7863	14.9522	1172093.3183	1172093.6205	1.0000	1.0000	1.6201
29yz02	1	24	0	0	1.0000	0.0000	1.0000	0.0968	NaN	NaN	NaN	1172097.2764	1172097.6302	0.0000	0.0000	1.5305
29yz02	1	24	0	0	2.0000	0.0000	-1.0000	NaN	3.1865	-2.4307	14.6795	1172099.6715	1172099.9737	0.0000	1.0000	0.5470
29yz02	1	25	0	0	1.0000	0.0000	1.0000	0.5061	NaN	NaN	NaN	1172102.6747	1172103.0302	1.0000	1.0000	0.5465
29yz02	1	25	0	0	2.0000	0.0000	1.0000	NaN	2.9170	1.2032	13.6326	1172104.1191	1172104.4214	1.0000	1.0000	0.3562
29yz02	1	26	0	0	1.0000	0.0000	-1.0000	0.2330	NaN	NaN	NaN	1172107.1190	1172107.4704	1.0000	0.0000	1.1147
29yz02	1	26	0	0	2.0000	0.0000	-1.0000	NaN	0.2573	-0.9067	13.1555	1172109.1005	1172109.4028	1.0000	0.0000	0.5578
29yz02	1	27	0	0	1.0000	0.0000	1.0000	0.1705	NaN	NaN	NaN	1172112.0542	1172112.4058	1.0000	1.0000	1.2502
29yz02	1	27	0	0	2.0000	0.0000	-1.0000	NaN	1.2144	-1.7609	17.4113	1172114.2002	1172114.5024	0.0000	1.0000	0.6101
29yz02	1	28	0	0	1.0000	0.0000	-1.0000	0.2891	NaN	NaN	NaN	1172117.4659	1172117.8181	0.0000	1.0000	1.0226
29yz02	1	28	0	0	2.0000	0.0000	-1.0000	NaN	8.4592	-8.3920	15.3254	1172119.3508	1172119.6531	0.0000	1.0000	0.3885
29yz02	1	29	0	0	1.0000	0.0000	1.0000	0.3234	NaN	NaN	NaN	1172122.5506	1172122.9012	0.0000	0.0000	1.0760
29yz02	1	29	0	0	2.0000	0.0000	1.0000	NaN	5.2332	4.8613	13.0608	1172124.4565	1172124.7587	0.0000	0.0000	0.8178
29yz02	1	30	0	0	1.0000	0.0000	1.0000	0.7251	NaN	NaN	NaN	1172127.9756	1172128.3676	0.0000	0.0000	0.5211
29yz02	1	30	0	0	2.0000	0.0000	-1.0000	NaN	0.2927	-1.1678	15.6958	1172129.4037	1172129.7059	1.0000	0.0000	0.4941
29yz02	1	31	0	0	1.0000	0.0000	-1.0000	0.5512	NaN	NaN	NaN	1172132.5240	1172132.8784	1.0000	0.0000	0.6505
29yz02	1	31	0	0	2.0000	0.0000	-1.0000	NaN	5.0347	-5.1073	15.6837	1172134.0562	1172134.3585	0.0000	1.0000	1.6982
29yz02	1	32	0	0	1.0000	0.0000	-1.0000	0.1452	NaN	NaN	NaN	1172137.9765	1172138.3326	0.0000	1.0000	2.0920
29yz02	1	32	0	0	2.0000	0.0000	1.0000	NaN	10.5687	10.4781	15.9926	1172140.9344	1172141.2366	1.0000	1.0000	0.3714
29yz02	1	33	0	0	1.0000	0.0000	1.0000	0.7824	NaN	NaN	NaN	1172143.5598	1172143.9153	0.0000	0.0000	2.7807
29yz02	1	33	0	0	2.0000	0.0000	-1.0000	NaN	3.8198	-3.6834	15.0614	1172147.2236	1172147.5259	0.0000	1.0000	0.4181
29yz02	1	34	0	0	1.0000	0.0000	-1.0000	0.6119	NaN	NaN	NaN	1172150.1901	1172150.5443	1.0000	0.0000	0.7924
29yz02	1	34	0	0	2.0000	0.0000	-1.0000	NaN	2.8206	-3.9572	14.9734	1172151.8805	1172152.1826	0.0000	1.0000	0.6094
29yz02	1	35	0	0	1.0000	0.0000	1.0000	0.4023	NaN	NaN	NaN	1172155.1151	1172155.4662	1.0000	1.0000	1.3104
29yz02	1	35	0	0	2.0000	0.0000	1.0000	NaN	4.0160	3.0472	15.6486	1172157.3186	1172157.6207	1.0000	1.0000	0.5797
29yz02	1	36	0	0	1.0000	0.0000	-1.0000	0.0721	NaN	NaN	NaN	1172160.0765	1172160.4313	1.0000	0.0000	3.3213
29yz02	1	36	0	0	2.0000	0.0000	-1.0000	NaN	10.1553	-10.9264	16.2874	1172164.2641	1172164.5664	0.0000	1.0000	0.3382
29yz02	1	37	0	0	1.0000	0.0000	1.0000	0.7565	NaN	NaN	NaN	1172167.1189	1172167.4700	0.0000	0.0000	0.8267
29yz02	1	37	0	0	2.0000	0.0000	-1.0000	NaN	4.6190	-5.5796	16.7012	1172168.8072	1172169.1095	0.0000	1.0000	0.3705
29yz02	1	38	0	0	1.0000	0.0000	1.0000	0.5426	NaN	NaN	NaN	1172171.5308	1172171.9373	0.0000	0.0000	1.4322
29yz02	1	38	0	0	2.0000	0.0000	-1.0000	NaN	3.5384	-2.4180	13.3705	1172173.8844	1172174.1882	0.0000	1.0000	0.5414
29yz02	1	39	0	0	1.0000	0.0000	-1.0000	0.4232	NaN	NaN	NaN	1172177.0479	1172177.4682	1.0000	0.0000	2.6846
29yz02	1	39	0	0	2.0000	0.0000	-1.0000	NaN	11.6912	-13.2844	13.1570	1172180.7053	1172181.0109	0.0000	1.0000	0.4371
29yz02	1	40	0	0	1.0000	0.0000	-1.0000	0.0506	NaN	NaN	NaN	1172183.5883	1172184.0048	0.0000	1.0000	1.0278
29yz02	1	40	0	0	2.0000	0.0000	-1.0000	NaN	11.1547	-12.2844	15.3950	1172185.5679	1172185.8724	0.0000	1.0000	0.3931
29yz02	1	41	0	0	1.0000	0.0000	-1.0000	0.6355	NaN	NaN	NaN	1172188.6392	1172189.0545	0.0000	1.0000	1.3695
29yz02	1	41	0	0	2.0000	0.0000	-1.0000	NaN	3.2769	-3.0166	15.9159	1172190.9593	1172191.2653	0.0000	1.0000	0.3598
29yz02	1	42	0	0	1.0000	0.0000	-1.0000	0.3274	NaN	NaN	NaN	1172193.8374	1172194.2537	0.0000	1.0000	0.9542
29yz02	1	42	0	0	2.0000	0.0000	-1.0000	NaN	5.7084	-5.0256	15.2524	1172195.7147	1172196.0190	0.0000	1.0000	0.3096
29yz02	1	43	0	0	1.0000	0.0000	-1.0000	0.0960	NaN	NaN	NaN	1172198.2665	1172198.6873	0.0000	1.0000	3.5127
29yz02	1	43	0	0	2.0000	0.0000	-1.0000	NaN	0.7885	-0.4099	14.4406	1172202.7175	1172203.0216	0.0000	1.0000	0.4436
29yz02	1	44	0	0	1.0000	0.0000	-1.0000	0.5760	NaN	NaN	NaN	1172206.0518	1172206.4702	0.0000	1.0000	1.2817
29yz02	1	44	0	0	2.0000	0.0000	-1.0000	NaN	1.7923	-0.0429	14.9940	1172208.2910	1172208.5975	0.0000	1.0000	1.0430
29yz02	1	45	0	0	1.0000	0.0000	1.0000	0.2418	NaN	NaN	NaN	1172211.8632	1172212.2736	0.0000	0.0000	1.0310
29yz02	1	45	0	0	2.0000	0.0000	-1.0000	NaN	10.4752	-10.5352	12.9368	1172213.8240	1172214.1305	0.0000	1.0000	0.3266
29yz02	1	46	0	0	1.0000	0.0000	1.0000	0.5993	NaN	NaN	NaN	1172216.4306	1172216.8289	1.0000	1.0000	0.8597
29yz02	1	46	0	0	2.0000	0.0000	-1.0000	NaN	5.4387	-6.0741	14.0727	1172218.2304	1172218.5325	0.0000	1.0000	0.3720
29yz02	1	47	0	0	1.0000	0.0000	-1.0000	0.7767	NaN	NaN	NaN	1172220.9206	1172221.3357	0.0000	1.0000	1.1366
29yz02	1	47	0	0	2.0000	0.0000	-1.0000	NaN	11.3220	-9.8369	15.8623	1172222.9953	1172223.2994	0.0000	1.0000	0.2938
29yz02	1	48	0	0	1.0000	0.0000	-1.0000	0.2580	NaN	NaN	NaN	1172225.7991	1172226.1960	0.0000	1.0000	0.8684
29yz02	1	48	0	0	2.0000	0.0000	-1.0000	NaN	5.4147	-6.0889	14.5657	1172227.5915	1172227.8937	0.0000	1.0000	0.2746
29yz02	1	49	0	0	1.0000	0.0000	-1.0000	0.8835	NaN	NaN	NaN	1172230.1694	1172230.5236	0.0000	1.0000	0.5083
29yz02	1	49	0	0	2.0000	0.0000	-1.0000	NaN	2.1529	-0.8054	15.2353	1172231.5582	1172231.8603	0.0000	1.0000	0.5007
29yz02	1	50	0	0	1.0000	0.0000	1.0000	0.7653	NaN	NaN	NaN	1172234.4450	1172234.7956	1.0000	1.0000	0.8134
29yz02	1	50	0	0	2.0000	0.0000	1.0000	NaN	6.7343	7.1768	16.6292	1172236.1515	1172236.4538	1.0000	1.0000	0.2421
29yz02	2	1	0	0	1.0000	0.0000	-1.0000	0.7960	NaN	NaN	NaN	1172244.0827	1172244.4398	1.0000	0.0000	0.5440
29yz02	2	1	0	0	2.0000	0.0000	1.0000	NaN	1.4197	2.4241	15.1942	1172245.4950	1172245.7972	1.0000	1.0000	0.6117
29yz02	2	2	0	0	1.0000	0.0000	1.0000	0.7024	NaN	NaN	NaN	1172248.6851	1172249.0394	1.0000	1.0000	3.1934
29yz02	2	2	0	0	2.0000	0.0000	-1.0000	NaN	7.8752	-9.1824	15.0180	1172252.7761	1172253.0784	0.0000	1.0000	0.2585
29yz02	2	3	0	0	1.0000	0.0000	1.0000	0.1482	NaN	NaN	NaN	1172255.3809	1172255.7327	0.0000	0.0000	1.5712
29yz02	2	3	0	0	2.0000	0.0000	1.0000	NaN	1.4459	1.1911	14.5909	1172257.8002	1172258.1024	1.0000	1.0000	0.3225
29yz02	2	4	0	0	1.0000	0.0000	1.0000	0.8848	NaN	NaN	NaN	1172260.7483	1172261.1057	1.0000	1.0000	1.2069
29yz02	2	4	0	0	2.0000	0.0000	-1.0000	NaN	10.8638	-12.5162	15.8539	1172262.8535	1172263.1562	0.0000	1.0000	0.2282
29yz02	2	5	0	0	1.0000	0.0000	1.0000	0.5889	NaN	NaN	NaN	1172265.9871	1172266.3993	1.0000	1.0000	1.3205
29yz02	2	5	0	0	2.0000	0.0000	-1.0000	NaN	0.9162	-0.5803	15.1154	1172268.2539	1172268.5606	0.0000	1.0000	0.4721
29yz02	2	6	0	0	1.0000	0.0000	-1.0000	0.5251	NaN	NaN	NaN	1172271.0209	1172271.4328	1.0000	0.0000	1.8567
29yz02	2	6	0	0	2.0000	0.0000	-1.0000	NaN	8.8398	-7.7187	13.8336	1172273.8424	1172274.1464	0.0000	1.0000	0.1975
29yz02	2	7	0	0	1.0000	0.0000	1.0000	0.4173	NaN	NaN	NaN	1172276.9799	1172277.4006	0.0000	0.0000	1.0877
29yz02	2	7	0	0	2.0000	0.0000	1.0000	NaN	11.7809	9.4855	14.4176	1172279.0121	1172279.3169	1.0000	1.0000	0.2441
29yz02	2	8	0	0	1.0000	0.0000	1.0000	0.5925	NaN	NaN	NaN	1172282.2296	1172282.6504	1.0000	1.0000	0.6226
29yz02	2	8	0	0	2.0000	0.0000	1.0000	NaN	8.8227	8.4042	15.1827	1172283.8285	1172284.1333	1.0000	1.0000	0.4200
29yz02	2	9	0	0	1.0000	0.0000	1.0000	0.2770	NaN	NaN	NaN	1172286.7313	1172287.1496	1.0000	1.0000	0.6982
29yz02	2	9	0	0	2.0000	0.0000	-1.0000	NaN	4.5650	-4.2203	14.2030	1172288.4137	1172288.7183	0.0000	1.0000	0.3942
29yz02	2	10	0	0	1.0000	0.0000	-1.0000	0.7951	NaN	NaN	NaN	1172291.1253	1172291.5445	0.0000	1.0000	0.9753
29yz02	2	10	0	0	2.0000	0.0000	1.0000	NaN	11.6693	10.4079	12.3067	1172293.0603	1172293.3647	1.0000	1.0000	0.2751
29yz02	2	11	0	0	1.0000	0.0000	1.0000	0.6214	NaN	NaN	NaN	1172295.7786	1172296.1992	1.0000	1.0000	0.7527
29yz02	2	11	0	0	2.0000	0.0000	1.0000	NaN	7.9045	8.4432	13.8879	1172297.5044	1172297.8100	1.0000	1.0000	0.3259
29yz02	2	12	0	0	1.0000	0.0000	-1.0000	0.8519	NaN	NaN	NaN	1172300.4224	1172300.8323	0.0000	1.0000	1.0166
29yz02	2	12	0	0	2.0000	0.0000	-1.0000	NaN	9.5586	-10.2366	16.8882	1172302.3698	1172302.6763	0.0000	1.0000	0.2278
29yz02	2	13	0	0	1.0000	0.0000	1.0000	0.2218	NaN	NaN	NaN	1172305.1017	1172305.5154	0.0000	0.0000	1.5649
29yz02	2	13	0	0	2.0000	0.0000	-1.0000	NaN	3.8388	-3.0491	14.1923	1172307.6015	1172307.9086	0.0000	1.0000	0.3552
29yz02	2	14	0	0	1.0000	0.0000	-1.0000	0.5395	NaN	NaN	NaN	1172310.7528	1172311.1529	1.0000	0.0000	2.1354
29yz02	2	14	0	0	2.0000	0.0000	1.0000	NaN	4.8772	4.2778	15.1456	1172313.8507	1172314.1578	1.0000	1.0000	0.9390
29yz02	2	15	0	0	1.0000	0.0000	-1.0000	0.8507	NaN	NaN	NaN	1172317.1425	1172317.5598	0.0000	1.0000	0.9920
29yz02	2	15	0	0	2.0000	0.0000	-1.0000	NaN	5.2087	-5.9043	17.0509	1172319.0912	1172319.3957	0.0000	1.0000	0.3561
29yz02	2	16	0	0	1.0000	0.0000	1.0000	0.6530	NaN	NaN	NaN	1172321.9594	1172322.3817	1.0000	1.0000	1.2901
29yz02	2	16	0	0	2.0000	0.0000	1.0000	NaN	5.4939	5.6540	15.0405	1172324.2435	1172324.5482	1.0000	1.0000	0.2603
29yz02	2	17	0	0	1.0000	0.0000	1.0000	0.8101	NaN	NaN	NaN	1172327.2031	1172327.5932	1.0000	1.0000	1.0232
29yz02	2	17	0	0	2.0000	0.0000	1.0000	NaN	9.0394	8.9276	15.8020	1172329.1433	1172329.4456	1.0000	1.0000	0.4029
29yz02	2	18	0	0	1.0000	0.0000	1.0000	0.1030	NaN	NaN	NaN	1172331.6497	1172332.0061	0.0000	0.0000	0.9944
29yz02	2	18	0	0	2.0000	0.0000	-1.0000	NaN	3.2051	-3.5169	15.0854	1172333.4961	1172333.7984	0.0000	1.0000	0.4814
29yz02	2	19	0	0	1.0000	0.0000	1.0000	0.6957	NaN	NaN	NaN	1172336.8958	1172337.2518	1.0000	1.0000	1.0286
29yz02	2	19	0	0	2.0000	0.0000	-1.0000	NaN	3.9669	-5.0107	15.1840	1172338.8059	1172339.1081	0.0000	1.0000	0.3877
29yz02	2	20	0	0	1.0000	0.0000	1.0000	0.8661	NaN	NaN	NaN	1172342.0498	1172342.4054	1.0000	1.0000	0.7713
29yz02	2	20	0	0	2.0000	0.0000	-1.0000	NaN	10.8804	-11.5162	13.7188	1172343.7183	1172344.0211	0.0000	1.0000	0.3240
29yz02	2	21	0	0	1.0000	0.0000	-1.0000	0.4976	NaN	NaN	NaN	1172346.4138	1172346.7679	0.0000	1.0000	1.1774
29yz02	2	21	0	0	2.0000	0.0000	1.0000	NaN	7.6812	8.2012	14.5524	1172348.4879	1172348.7902	1.0000	1.0000	0.8496
29yz02	2	22	0	0	1.0000	0.0000	-1.0000	0.9487	NaN	NaN	NaN	1172351.8506	1172352.2050	1.0000	0.0000	0.6510
29yz02	2	22	0	0	2.0000	0.0000	1.0000	NaN	2.7531	3.1794	15.2224	1172353.3990	1172353.7015	1.0000	1.0000	0.4992
29yz02	2	23	0	0	1.0000	0.0000	-1.0000	0.7026	NaN	NaN	NaN	1172356.6977	1172357.0548	0.0000	1.0000	0.9530
29yz02	2	23	0	0	2.0000	0.0000	1.0000	NaN	0.4962	2.6540	14.5277	1172358.5195	1172358.8217	1.0000	1.0000	0.3550
29yz02	2	24	0	0	1.0000	0.0000	-1.0000	0.5148	NaN	NaN	NaN	1172361.4244	1172361.8464	1.0000	0.0000	0.7869
29yz02	2	24	0	0	2.0000	0.0000	1.0000	NaN	6.8267	9.0361	15.0934	1172363.1898	1172363.4919	1.0000	1.0000	0.3719
29yz02	2	25	0	0	1.0000	0.0000	1.0000	0.2943	NaN	NaN	NaN	1172365.9764	1172366.3337	1.0000	1.0000	0.6987
29yz02	2	25	0	0	2.0000	0.0000	1.0000	NaN	8.5309	7.8065	15.4011	1172367.5910	1172367.8932	1.0000	1.0000	0.3066
29yz02	2	26	0	0	1.0000	0.0000	-1.0000	0.2753	NaN	NaN	NaN	1172370.2520	1172370.6055	1.0000	0.0000	0.8583
29yz02	2	26	0	0	2.0000	0.0000	1.0000	NaN	3.3878	5.0680	15.0289	1172371.9913	1172372.2934	1.0000	1.0000	0.3394
29yz02	2	27	0	0	1.0000	0.0000	1.0000	0.4381	NaN	NaN	NaN	1172375.0307	1172375.3873	0.0000	0.0000	0.6695
29yz02	2	27	0	0	2.0000	0.0000	1.0000	NaN	11.1489	13.5889	13.9259	1172376.5678	1172376.8700	1.0000	1.0000	0.5297
29yz02	2	28	0	0	1.0000	0.0000	1.0000	0.3251	NaN	NaN	NaN	1172379.5530	1172379.9050	0.0000	0.0000	1.1107
29yz02	2	28	0	0	2.0000	0.0000	-1.0000	NaN	1.8813	-1.3089	15.5761	1172381.5112	1172381.8134	0.0000	1.0000	0.3562
29yz02	2	29	0	0	1.0000	0.0000	-1.0000	0.7626	NaN	NaN	NaN	1172384.5737	1172384.9265	1.0000	0.0000	3.7372
29yz02	2	29	0	0	2.0000	0.0000	1.0000	NaN	1.9416	1.4945	14.8981	1172389.2083	1172389.5105	1.0000	1.0000	0.4012
29yz02	2	30	0	0	1.0000	0.0000	1.0000	0.7252	NaN	NaN	NaN	1172392.5596	1172392.9157	1.0000	1.0000	2.1487
29yz02	2	30	0	0	2.0000	0.0000	-1.0000	NaN	1.7546	-1.6609	13.9897	1172395.5756	1172395.8777	0.0000	1.0000	0.3395
29yz02	2	31	0	0	1.0000	0.0000	1.0000	0.4107	NaN	NaN	NaN	1172398.2860	1172398.6374	1.0000	1.0000	1.1304
29yz02	2	31	0	0	2.0000	0.0000	1.0000	NaN	0.3597	0.4814	16.3623	1172400.2792	1172400.5814	0.0000	0.0000	0.8663
29yz02	2	32	0	0	1.0000	0.0000	1.0000	0.8002	NaN	NaN	NaN	1172403.7989	1172404.1526	0.0000	0.0000	2.0642
29yz02	2	32	0	0	2.0000	0.0000	1.0000	NaN	8.4816	10.7670	14.5071	1172406.7109	1172407.0146	1.0000	1.0000	0.3065
29yz02	2	33	0	0	1.0000	0.0000	1.0000	0.0457	NaN	NaN	NaN	1172409.3499	1172409.7591	0.0000	0.0000	1.3046
29yz02	2	33	0	0	2.0000	0.0000	-1.0000	NaN	9.5011	-8.6581	14.9237	1172411.5705	1172411.8744	0.0000	1.0000	0.3573
29yz02	2	34	0	0	1.0000	0.0000	-1.0000	0.3712	NaN	NaN	NaN	1172414.7221	1172415.1438	1.0000	0.0000	1.6485
29yz02	2	34	0	0	2.0000	0.0000	1.0000	NaN	6.3176	8.0534	15.0070	1172417.3295	1172417.6368	1.0000	1.0000	0.3079
29yz02	2	35	0	0	1.0000	0.0000	1.0000	0.1881	NaN	NaN	NaN	1172419.7528	1172420.1714	1.0000	1.0000	3.8694
29yz02	2	35	0	0	2.0000	0.0000	1.0000	NaN	3.0124	2.2164	13.8080	1172424.5906	1172424.8951	0.0000	0.0000	0.5703
29yz02	2	36	0	0	1.0000	0.0000	1.0000	0.2294	NaN	NaN	NaN	1172427.7304	1172428.1426	0.0000	0.0000	2.9691
29yz02	2	36	0	0	2.0000	0.0000	1.0000	NaN	4.9390	2.0326	14.5866	1172431.6559	1172431.9584	0.0000	0.0000	0.6742
29yz02	2	37	0	0	1.0000	0.0000	-1.0000	0.6007	NaN	NaN	NaN	1172434.5850	1172434.9356	0.0000	1.0000	1.8418
29yz02	2	37	0	0	2.0000	0.0000	1.0000	NaN	7.8149	8.5123	15.1690	1172437.2873	1172437.5895	1.0000	1.0000	0.2262
29yz02	2	38	0	0	1.0000	0.0000	1.0000	0.2473	NaN	NaN	NaN	1172440.0178	1172440.3686	1.0000	1.0000	2.1356
29yz02	2	38	0	0	2.0000	0.0000	-1.0000	NaN	4.4472	-2.9781	13.8390	1172443.0148	1172443.3170	0.0000	1.0000	0.3885
29yz02	2	39	0	0	1.0000	0.0000	1.0000	0.9074	NaN	NaN	NaN	1172446.1661	1172446.5183	1.0000	1.0000	0.5782
29yz02	2	39	0	0	2.0000	0.0000	-1.0000	NaN	3.4253	-5.2817	15.6182	1172447.6396	1172447.9418	1.0000	0.0000	1.0106
29yz02	2	40	0	0	1.0000	0.0000	-1.0000	0.8155	NaN	NaN	NaN	1172451.1833	1172451.5347	1.0000	0.0000	1.0655
29yz02	2	40	0	0	2.0000	0.0000	1.0000	NaN	8.8699	9.0302	14.0487	1172453.0788	1172453.3822	1.0000	1.0000	0.4659
29yz02	2	41	0	0	1.0000	0.0000	1.0000	0.8685	NaN	NaN	NaN	1172456.2764	1172456.6911	1.0000	1.0000	0.6765
29yz02	2	41	0	0	2.0000	0.0000	-1.0000	NaN	3.5526	-2.7270	15.9440	1172457.8948	1172458.1982	0.0000	1.0000	0.6901
29yz02	2	42	0	0	1.0000	0.0000	-1.0000	0.0551	NaN	NaN	NaN	1172460.9166	1172461.2675	1.0000	0.0000	1.0921
29yz02	2	42	0	0	2.0000	0.0000	-1.0000	NaN	0.8338	-1.2339	13.9868	1172462.8878	1172463.1900	0.0000	1.0000	1.1066
29yz02	2	43	0	0	1.0000	0.0000	-1.0000	0.1011	NaN	NaN	NaN	1172466.7229	1172467.0786	1.0000	0.0000	0.7216
29yz02	2	43	0	0	2.0000	0.0000	-1.0000	NaN	7.5453	-9.7502	14.5992	1172468.3417	1172468.6439	0.0000	1.0000	0.4517
29yz02	2	44	0	0	1.0000	0.0000	1.0000	0.1097	NaN	NaN	NaN	1172471.1080	1172471.4617	1.0000	1.0000	0.8659
29yz02	2	44	0	0	2.0000	0.0000	1.0000	NaN	2.5796	1.7251	16.4267	1172472.8390	1172473.1413	1.0000	1.0000	0.6599
29yz02	2	45	0	0	1.0000	0.0000	1.0000	0.4666	NaN	NaN	NaN	1172476.1766	1172476.5322	0.0000	0.0000	1.7481
29yz02	2	45	0	0	2.0000	0.0000	1.0000	NaN	4.2464	4.1294	14.8963	1172478.7744	1172479.0766	1.0000	1.0000	0.3715
29yz02	2	46	0	0	1.0000	0.0000	1.0000	0.6987	NaN	NaN	NaN	1172481.9651	1172482.3165	1.0000	1.0000	1.0511
29yz02	2	46	0	0	2.0000	0.0000	-1.0000	NaN	4.2871	-2.9971	15.2697	1172483.8799	1172484.1821	0.0000	1.0000	0.4495
29yz02	2	47	0	0	1.0000	0.0000	1.0000	0.5720	NaN	NaN	NaN	1172486.7266	1172487.0816	0.0000	0.0000	0.9591
29yz02	2	47	0	0	2.0000	0.0000	-1.0000	NaN	7.8188	-7.1151	15.5360	1172488.5507	1172488.8529	0.0000	1.0000	0.4043
29yz02	2	48	0	0	1.0000	0.0000	-1.0000	0.3264	NaN	NaN	NaN	1172491.3270	1172491.6814	1.0000	0.0000	2.1028
29yz02	2	48	0	0	2.0000	0.0000	1.0000	NaN	4.0275	3.7397	15.4003	1172494.3096	1172494.6131	1.0000	1.0000	0.7714
29yz02	2	49	0	0	1.0000	0.0000	1.0000	0.7597	NaN	NaN	NaN	1172497.1547	1172497.5104	1.0000	1.0000	0.7858
29yz02	2	49	0	0	2.0000	0.0000	1.0000	NaN	8.8483	9.2255	14.8566	1172498.7749	1172499.0773	1.0000	1.0000	0.4023
29yz02	2	50	0	0	1.0000	0.0000	-1.0000	0.4367	NaN	NaN	NaN	1172501.3401	1172501.7322	0.0000	1.0000	1.7634
29yz02	2	50	0	0	2.0000	0.0000	1.0000	NaN	5.5596	3.0199	15.0479	1172503.9909	1172504.2931	1.0000	1.0000	0.8185
29yz02	3	1	0	0	1.0000	0.0000	-1.0000	0.0646	NaN	NaN	NaN	1172511.6779	1172512.0316	1.0000	0.0000	1.0966
29yz02	3	1	0	0	2.0000	0.0000	1.0000	NaN	5.7506	4.8480	15.4936	1172513.6551	1172513.9573	1.0000	1.0000	0.4032
29yz02	3	2	0	0	1.0000	0.0000	-1.0000	0.3242	NaN	NaN	NaN	1172516.6537	1172517.0096	0.0000	1.0000	1.1260
29yz02	3	2	0	0	2.0000	0.0000	-1.0000	NaN	10.8296	-8.7930	14.7768	1172518.6467	1172518.9490	0.0000	1.0000	0.3386
29yz02	3	3	0	0	1.0000	0.0000	-1.0000	0.4681	NaN	NaN	NaN	1172521.6735	1172522.0300	0.0000	1.0000	1.2749
29yz02	3	3	0	0	2.0000	0.0000	-1.0000	NaN	7.1492	-6.3435	16.9589	1172523.7979	1172524.1001	0.0000	1.0000	0.3554
29yz02	3	4	0	0	1.0000	0.0000	1.0000	0.0590	NaN	NaN	NaN	1172526.4755	1172526.8297	0.0000	0.0000	1.6419
29yz02	3	4	0	0	2.0000	0.0000	-1.0000	NaN	3.0028	-2.2557	15.9909	1172528.9829	1172529.2851	0.0000	1.0000	0.5145
29yz02	3	5	0	0	1.0000	0.0000	1.0000	0.5175	NaN	NaN	NaN	1172531.8790	1172532.2307	0.0000	0.0000	2.9768
29yz02	3	5	0	0	2.0000	0.0000	-1.0000	NaN	10.9797	-12.4287	13.1015	1172535.7192	1172536.0215	0.0000	1.0000	0.3393
29yz02	3	6	0	0	1.0000	0.0000	1.0000	0.8933	NaN	NaN	NaN	1172538.5618	1172538.9136	1.0000	1.0000	0.5029
29yz02	3	6	0	0	2.0000	0.0000	1.0000	NaN	5.9938	6.1663	15.0404	1172539.9429	1172540.2451	1.0000	1.0000	0.2744
29yz02	3	7	0	0	1.0000	0.0000	-1.0000	0.2837	NaN	NaN	NaN	1172542.5058	1172542.8620	1.0000	0.0000	2.3935
29yz02	3	7	0	0	2.0000	0.0000	-1.0000	NaN	9.9572	-8.4288	14.5238	1172545.7517	1172546.0539	0.0000	1.0000	0.3702
29yz02	3	8	0	0	1.0000	0.0000	-1.0000	0.4612	NaN	NaN	NaN	1172548.5283	1172548.9356	0.0000	1.0000	0.8337
29yz02	3	8	0	0	2.0000	0.0000	1.0000	NaN	9.1767	9.3724	14.6052	1172550.2721	1172550.5790	1.0000	1.0000	0.2775
29yz02	3	9	0	0	1.0000	0.0000	1.0000	0.9327	NaN	NaN	NaN	1172552.8603	1172553.2831	1.0000	1.0000	0.4856
29yz02	3	9	0	0	2.0000	0.0000	1.0000	NaN	1.9367	2.2194	14.7886	1172554.3263	1172554.6311	1.0000	1.0000	0.3854
29yz02	3	10	0	0	1.0000	0.0000	1.0000	0.4498	NaN	NaN	NaN	1172556.9325	1172557.3528	1.0000	1.0000	0.8308
29yz02	3	10	0	0	2.0000	0.0000	-1.0000	NaN	7.4727	-6.3130	15.6355	1172558.7218	1172559.0289	0.0000	1.0000	1.3627
29yz02	3	11	0	0	1.0000	0.0000	1.0000	0.0059	NaN	NaN	NaN	1172562.6310	1172563.0525	1.0000	1.0000	1.2430
29yz02	3	11	0	0	2.0000	0.0000	-1.0000	NaN	3.2743	-2.5220	16.1743	1172564.8489	1172565.1534	0.0000	1.0000	0.3917
29yz02	3	12	0	0	1.0000	0.0000	-1.0000	0.0934	NaN	NaN	NaN	1172567.7739	1172568.1856	0.0000	1.0000	0.8625
29yz02	3	12	0	0	2.0000	0.0000	-1.0000	NaN	7.6452	-8.8559	15.4076	1172569.5819	1172569.8865	0.0000	1.0000	0.4096
29yz02	3	13	0	0	1.0000	0.0000	1.0000	0.6763	NaN	NaN	NaN	1172572.5372	1172572.9234	1.0000	1.0000	0.6852
29yz02	3	13	0	0	2.0000	0.0000	-1.0000	NaN	10.8785	-12.8730	15.1569	1172574.1347	1172574.4370	0.0000	1.0000	0.4042
29yz02	3	14	0	0	1.0000	0.0000	-1.0000	0.6436	NaN	NaN	NaN	1172576.7601	1172577.1118	1.0000	0.0000	0.7842
29yz02	3	14	0	0	2.0000	0.0000	1.0000	NaN	1.4752	1.9275	14.7112	1172578.4231	1172578.7259	1.0000	1.0000	0.7224
29yz02	3	15	0	0	1.0000	0.0000	1.0000	0.1599	NaN	NaN	NaN	1172581.6945	1172582.0448	1.0000	1.0000	1.2267
29yz02	3	15	0	0	2.0000	0.0000	-1.0000	NaN	8.4520	-8.0666	14.9547	1172583.7837	1172584.0859	0.0000	1.0000	0.2586
29yz02	3	16	0	0	1.0000	0.0000	-1.0000	0.2192	NaN	NaN	NaN	1172586.2705	1172586.6268	0.0000	1.0000	0.7255
29yz02	3	16	0	0	2.0000	0.0000	-1.0000	NaN	3.8697	-6.6658	14.9463	1172587.8789	1172588.1811	0.0000	1.0000	0.5958
29yz02	3	17	0	0	1.0000	0.0000	-1.0000	0.3725	NaN	NaN	NaN	1172591.0453	1172591.3964	0.0000	1.0000	1.5711
29yz02	3	17	0	0	2.0000	0.0000	-1.0000	NaN	7.1706	-8.9468	14.5896	1172593.4618	1172593.7639	0.0000	1.0000	0.2606
29yz02	3	18	0	0	1.0000	0.0000	-1.0000	0.5335	NaN	NaN	NaN	1172595.8396	1172596.2508	1.0000	0.0000	1.9167
29yz02	3	18	0	0	2.0000	0.0000	-1.0000	NaN	6.9208	-7.1841	15.2590	1172598.6890	1172598.9951	0.0000	1.0000	0.3724
29yz02	3	19	0	0	1.0000	0.0000	-1.0000	0.0095	NaN	NaN	NaN	1172601.6458	1172602.0677	1.0000	0.0000	3.8123
29yz02	3	19	0	0	2.0000	0.0000	-1.0000	NaN	6.8575	-3.6157	14.1000	1172606.4155	1172606.7203	0.0000	1.0000	0.2311
29yz02	3	20	0	0	1.0000	0.0000	-1.0000	0.3867	NaN	NaN	NaN	1172609.1866	1172609.6007	0.0000	1.0000	0.4388
29yz02	3	20	0	0	2.0000	0.0000	1.0000	NaN	9.8148	11.3936	16.5397	1172610.5791	1172610.8839	1.0000	1.0000	2.2602
29yz02	3	21	0	0	1.0000	0.0000	1.0000	0.5565	NaN	NaN	NaN	1172614.9798	1172615.3999	1.0000	1.0000	1.2166
29yz02	3	21	0	0	2.0000	0.0000	1.0000	NaN	8.2215	8.4777	14.6919	1172617.1210	1172617.4274	1.0000	1.0000	0.3896
29yz02	3	22	0	0	1.0000	0.0000	-1.0000	0.1122	NaN	NaN	NaN	1172620.3303	1172620.7496	1.0000	0.0000	0.8912
29yz02	3	22	0	0	2.0000	0.0000	-1.0000	NaN	11.3208	-12.1297	14.8024	1172622.1610	1172622.4655	0.0000	1.0000	0.3915
29yz02	3	23	0	0	1.0000	0.0000	-1.0000	0.9075	NaN	NaN	NaN	1172625.2122	1172625.6327	1.0000	0.0000	0.7428
29yz02	3	23	0	0	2.0000	0.0000	1.0000	NaN	8.3995	7.9518	14.5847	1172626.9124	1172627.2170	1.0000	1.0000	0.3748
29yz02	3	24	0	0	1.0000	0.0000	-1.0000	0.6539	NaN	NaN	NaN	1172630.0035	1172630.4153	0.0000	1.0000	0.9049
29yz02	3	24	0	0	2.0000	0.0000	1.0000	NaN	10.5432	11.6801	15.5905	1172631.8263	1172632.1305	1.0000	1.0000	0.3906
29yz02	3	25	0	0	1.0000	0.0000	-1.0000	0.6175	NaN	NaN	NaN	1172634.8269	1172635.2358	0.0000	1.0000	1.2362
29yz02	3	25	0	0	2.0000	0.0000	1.0000	NaN	8.7726	10.7358	14.4235	1172636.9761	1172637.2803	1.0000	1.0000	0.4246
29yz02	3	26	0	0	1.0000	0.0000	-1.0000	0.6909	NaN	NaN	NaN	1172639.9611	1172640.3821	0.0000	1.0000	0.8413
29yz02	3	26	0	0	2.0000	0.0000	1.0000	NaN	5.0404	4.7159	14.7223	1172641.7444	1172642.0486	1.0000	1.0000	0.5832
29yz02	3	27	0	0	1.0000	0.0000	1.0000	0.9018	NaN	NaN	NaN	1172644.5112	1172644.9316	1.0000	1.0000	0.4198
29yz02	3	27	0	0	2.0000	0.0000	1.0000	NaN	0.7945	1.7308	16.3521	1172645.8589	1172646.1630	1.0000	1.0000	0.5164
29yz02	3	28	0	0	1.0000	0.0000	-1.0000	0.7857	NaN	NaN	NaN	1172648.6175	1172649.0099	0.0000	1.0000	0.9183
29yz02	3	28	0	0	2.0000	0.0000	1.0000	NaN	0.4601	2.3811	15.4649	1172650.4233	1172650.7255	1.0000	1.0000	0.3539
29yz02	3	29	0	0	1.0000	0.0000	-1.0000	0.7841	NaN	NaN	NaN	1172652.8848	1172653.2980	0.0000	1.0000	0.5821
29yz02	3	29	0	0	2.0000	0.0000	1.0000	NaN	0.2595	0.7205	15.3636	1172654.3850	1172654.6920	1.0000	1.0000	0.3890
29yz02	3	30	0	0	1.0000	0.0000	1.0000	0.5575	NaN	NaN	NaN	1172657.1183	1172657.5311	1.0000	1.0000	0.7014
29yz02	3	30	0	0	2.0000	0.0000	1.0000	NaN	8.7233	8.1136	16.4479	1172658.7524	1172659.0586	1.0000	1.0000	0.4860
29yz02	3	31	0	0	1.0000	0.0000	1.0000	0.0138	NaN	NaN	NaN	1172662.0263	1172662.4475	0.0000	0.0000	0.8890
29yz02	3	31	0	0	2.0000	0.0000	-1.0000	NaN	4.4147	-2.1131	15.2345	1172663.8419	1172664.1464	1.0000	0.0000	0.9970
29yz02	3	32	0	0	1.0000	0.0000	1.0000	0.0423	NaN	NaN	NaN	1172667.6283	1172668.0239	1.0000	1.0000	0.8169
29yz02	3	32	0	0	2.0000	0.0000	1.0000	NaN	9.7691	11.0955	13.8517	1172669.3492	1172669.6514	1.0000	1.0000	0.2611
29yz02	3	33	0	0	1.0000	0.0000	1.0000	0.3855	NaN	NaN	NaN	1172672.4223	1172672.7736	0.0000	0.0000	2.1305
29yz02	3	33	0	0	2.0000	0.0000	-1.0000	NaN	2.9162	-3.6510	15.2830	1172675.3983	1172675.7005	0.0000	1.0000	0.3235
29yz02	3	34	0	0	1.0000	0.0000	1.0000	0.7673	NaN	NaN	NaN	1172678.1758	1172678.5282	1.0000	1.0000	0.8878
29yz02	3	34	0	0	2.0000	0.0000	1.0000	NaN	9.3423	7.0746	14.7100	1172679.9426	1172680.2448	1.0000	1.0000	0.9473
29yz02	3	35	0	0	1.0000	0.0000	1.0000	0.8946	NaN	NaN	NaN	1172683.2767	1172683.6279	1.0000	1.0000	0.9874
29yz02	3	35	0	0	2.0000	0.0000	1.0000	NaN	3.8531	4.1161	14.2155	1172685.1270	1172685.4293	1.0000	1.0000	0.3701
29yz02	3	36	0	0	1.0000	0.0000	-1.0000	0.4312	NaN	NaN	NaN	1172687.9109	1172688.2677	0.0000	1.0000	0.9248
29yz02	3	36	0	0	2.0000	0.0000	1.0000	NaN	0.6393	1.8994	13.7000	1172689.7042	1172690.0064	0.0000	0.0000	0.5289
29yz02	3	37	0	0	1.0000	0.0000	1.0000	0.6874	NaN	NaN	NaN	1172692.8879	1172693.2392	1.0000	1.0000	0.5135
29yz02	3	37	0	0	2.0000	0.0000	-1.0000	NaN	1.8676	-2.8771	15.3482	1172694.2460	1172694.5481	0.0000	1.0000	0.9000
29yz02	3	38	0	0	1.0000	0.0000	1.0000	0.3540	NaN	NaN	NaN	1172697.8457	1172698.2611	1.0000	1.0000	1.2348
29yz02	3	38	0	0	2.0000	0.0000	1.0000	NaN	5.1921	5.0569	14.1109	1172700.0297	1172700.3334	1.0000	1.0000	0.3476
29yz02	3	39	0	0	1.0000	0.0000	1.0000	0.4797	NaN	NaN	NaN	1172702.8594	1172703.2554	1.0000	1.0000	0.8640
29yz02	3	39	0	0	2.0000	0.0000	-1.0000	NaN	3.7774	-4.6428	14.7944	1172704.6616	1172704.9637	0.0000	1.0000	0.4836
29yz02	3	40	0	0	1.0000	0.0000	-1.0000	0.4423	NaN	NaN	NaN	1172707.7855	1172708.1386	1.0000	0.0000	1.0537
29yz02	3	40	0	0	2.0000	0.0000	-1.0000	NaN	6.4213	-8.3443	15.4742	1172709.7199	1172710.0221	0.0000	1.0000	0.3858
29yz02	3	41	0	0	1.0000	0.0000	1.0000	0.8029	NaN	NaN	NaN	1172712.3528	1172712.7049	0.0000	0.0000	0.8878
29yz02	3	41	0	0	2.0000	0.0000	-1.0000	NaN	2.1015	-2.1856	13.9350	1172714.1036	1172714.4059	0.0000	1.0000	0.5460
29yz02	3	42	0	0	1.0000	0.0000	1.0000	0.7357	NaN	NaN	NaN	1172717.1365	1172717.4881	0.0000	0.0000	2.6477
29yz02	3	42	0	0	2.0000	0.0000	1.0000	NaN	8.2558	9.7088	16.0094	1172720.6623	1172720.9644	1.0000	1.0000	0.3086
29yz02	3	43	0	0	1.0000	0.0000	-1.0000	0.5086	NaN	NaN	NaN	1172723.4882	1172723.8395	1.0000	0.0000	0.4718
29yz02	3	43	0	0	2.0000	0.0000	-1.0000	NaN	9.1474	-10.2555	15.0947	1172724.8376	1172725.1398	0.0000	1.0000	0.4196
29yz02	3	44	0	0	1.0000	0.0000	-1.0000	0.5201	NaN	NaN	NaN	1172728.2091	1172728.5654	0.0000	1.0000	1.0428
29yz02	3	44	0	0	2.0000	0.0000	-1.0000	NaN	4.8083	-4.1159	16.1440	1172730.1359	1172730.4381	0.0000	1.0000	0.3860
29yz02	3	45	0	0	1.0000	0.0000	1.0000	0.8738	NaN	NaN	NaN	1172733.1752	1172733.5320	0.0000	0.0000	1.4688
29yz02	3	45	0	0	2.0000	0.0000	1.0000	NaN	2.2267	2.3966	14.9345	1172735.5110	1172735.8132	0.0000	0.0000	0.4026
29yz02	3	46	0	0	1.0000	0.0000	1.0000	0.0434	NaN	NaN	NaN	1172738.6062	1172738.9584	0.0000	0.0000	1.0979
29yz02	3	46	0	0	2.0000	0.0000	-1.0000	NaN	5.1170	-3.5486	13.8189	1172740.5678	1172740.8700	0.0000	1.0000	0.3225
29yz02	3	47	0	0	1.0000	0.0000	-1.0000	0.8247	NaN	NaN	NaN	1172743.5171	1172743.9255	0.0000	1.0000	1.4744
29yz02	3	47	0	0	2.0000	0.0000	1.0000	NaN	3.8262	3.2601	14.7900	1172745.9358	1172746.2395	1.0000	1.0000	0.6808
29yz02	3	48	0	0	1.0000	0.0000	1.0000	0.5951	NaN	NaN	NaN	1172749.2739	1172749.6937	1.0000	1.0000	0.5856
29yz02	3	48	0	0	2.0000	0.0000	1.0000	NaN	3.4488	5.2132	14.6207	1172750.7882	1172751.0930	1.0000	1.0000	0.3722
29yz02	3	49	0	0	1.0000	0.0000	1.0000	0.4679	NaN	NaN	NaN	1172753.9955	1172754.4096	1.0000	1.0000	1.4697
29yz02	3	49	0	0	2.0000	0.0000	1.0000	NaN	1.2607	0.2318	15.7171	1172756.4022	1172756.7066	0.0000	0.0000	0.4687
29yz02	3	50	0	0	1.0000	0.0000	-1.0000	0.6210	NaN	NaN	NaN	1172759.3033	1172759.7211	0.0000	1.0000	0.5758
29yz02	3	50	0	0	2.0000	0.0000	1.0000	NaN	2.2736	1.1514	14.5719	1172760.8191	1172761.1235	1.0000	1.0000	0.4518
