50ll03	1	1	1	0	1.0000	0.0000	1.0000	0.0722	NaN	NaN	NaN	3890.7458	3891.1207	1.0000	1.0000	0.3781
50ll03	1	1	1	0	2.0000	0.0000	1.0000	NaN	2.1057	1.8395	14.4456	3892.1015	3892.4035	1.0000	1.0000	0.7908
50ll03	1	2	1	0	1.0000	0.0000	1.0000	0.2766	NaN	NaN	NaN	3895.6956	3896.0373	1.0000	1.0000	0.9334
50ll03	1	2	1	0	2.0000	0.0000	1.0000	NaN	14.7130	16.5174	14.6767	3897.5462	3897.8471	1.0000	1.0000	0.1778
50ll03	1	3	1	0	1.0000	0.0000	-1.0000	0.3588	NaN	NaN	NaN	3900.4103	3900.7407	0.0000	1.0000	0.4761
50ll03	1	3	1	0	2.0000	0.0000	1.0000	NaN	5.7748	5.7969	14.9111	3901.8253	3902.1268	1.0000	1.0000	0.2599
50ll03	1	4	1	0	1.0000	0.0000	-1.0000	0.3089	NaN	NaN	NaN	3904.7668	3905.0970	0.0000	1.0000	0.4078
50ll03	1	4	1	0	2.0000	0.0000	1.0000	NaN	10.9895	12.6840	14.8019	3906.1210	3906.4221	1.0000	1.0000	0.3550
50ll03	1	5	1	0	1.0000	0.0000	-1.0000	0.2016	NaN	NaN	NaN	3909.2295	3909.5710	1.0000	0.0000	0.3658
50ll03	1	5	1	0	2.0000	0.0000	-1.0000	NaN	11.6126	-10.2262	14.4279	3910.5563	3910.8575	1.0000	0.0000	0.9212
50ll03	1	6	1	0	1.0000	0.0000	1.0000	0.1204	NaN	NaN	NaN	3914.2306	3914.5615	0.0000	0.0000	0.6255
50ll03	1	6	1	0	2.0000	0.0000	-1.0000	NaN	12.4338	-11.6481	14.6842	3915.7816	3916.0826	1.0000	0.0000	0.5340
50ll03	1	7	1	0	1.0000	0.0000	-1.0000	0.2140	NaN	NaN	NaN	3919.0778	3919.4052	0.0000	1.0000	0.5720
50ll03	1	7	1	0	2.0000	0.0000	1.0000	NaN	2.8965	4.5921	15.8176	3920.5668	3920.8678	0.0000	0.0000	0.5649
50ll03	1	8	1	0	1.0000	0.0000	1.0000	0.4802	NaN	NaN	NaN	3923.9529	3924.2796	1.0000	1.0000	0.3377
50ll03	1	8	1	0	2.0000	0.0000	1.0000	NaN	14.8798	14.5141	16.3081	3925.1672	3925.4686	1.0000	1.0000	0.1801
50ll03	1	9	1	0	1.0000	0.0000	1.0000	0.3130	NaN	NaN	NaN	3928.0304	3928.3588	1.0000	1.0000	0.2280
50ll03	1	9	1	0	2.0000	0.0000	1.0000	NaN	4.5560	6.3402	15.3261	3929.1275	3929.4285	1.0000	1.0000	0.0088
50ll03	1	10	1	0	1.0000	0.0000	-1.0000	0.0732	NaN	NaN	NaN	3931.7698	3932.0998	1.0000	0.0000	0.1982
50ll03	1	10	1	0	2.0000	0.0000	-1.0000	NaN	10.8617	-10.0647	15.0078	3932.8462	3933.1475	1.0000	0.0000	0.1913
50ll03	1	11	1	0	1.0000	0.0000	1.0000	0.5595	NaN	NaN	NaN	3935.6601	3935.9895	1.0000	1.0000	0.2111
50ll03	1	11	1	0	2.0000	0.0000	1.0000	NaN	10.9858	12.7288	13.4476	3936.7662	3937.0672	1.0000	1.0000	0.0292
50ll03	1	12	1	0	1.0000	0.0000	1.0000	0.3349	NaN	NaN	NaN	3939.2879	3939.6157	1.0000	1.0000	0.2088
50ll03	1	12	1	0	2.0000	0.0000	1.0000	NaN	3.8827	3.1446	14.4974	3940.3729	3940.6741	1.0000	1.0000	0.0222
50ll03	1	13	1	0	1.0000	0.0000	-1.0000	0.0262	NaN	NaN	NaN	3943.0207	3943.3488	1.0000	0.0000	0.2692
50ll03	1	13	1	0	2.0000	0.0000	-1.0000	NaN	10.5788	-11.0245	15.0248	3944.1822	3944.4833	1.0000	0.0000	0.2234
50ll03	1	14	1	0	1.0000	0.0000	-1.0000	0.5579	NaN	NaN	NaN	3947.0121	3947.3391	0.0000	1.0000	0.3574
50ll03	1	14	1	0	2.0000	0.0000	1.0000	NaN	14.2904	15.0616	15.9193	3948.2691	3948.5701	1.0000	1.0000	0.0328
50ll03	1	15	1	0	1.0000	0.0000	-1.0000	0.0436	NaN	NaN	NaN	3950.6594	3950.9883	0.0000	1.0000	0.7978
50ll03	1	15	1	0	2.0000	0.0000	1.0000	NaN	3.3385	3.4536	16.3229	3952.3429	3952.6439	1.0000	1.0000	0.1574
50ll03	1	16	1	0	1.0000	0.0000	1.0000	0.1589	NaN	NaN	NaN	3955.0751	3955.4024	1.0000	1.0000	0.1901
50ll03	1	16	1	0	2.0000	0.0000	1.0000	NaN	0.5757	1.9167	14.1639	3956.1411	3956.4421	1.0000	1.0000	0.1044
50ll03	1	17	1	0	1.0000	0.0000	-1.0000	0.4777	NaN	NaN	NaN	3959.0785	3959.4059	0.0000	1.0000	0.2664
50ll03	1	17	1	0	2.0000	0.0000	1.0000	NaN	4.9428	5.1264	15.3411	3960.2609	3960.5619	1.0000	1.0000	0.0704
50ll03	1	18	1	0	1.0000	0.0000	1.0000	0.5582	NaN	NaN	NaN	3962.5659	3962.8939	1.0000	1.0000	0.2039
50ll03	1	18	1	0	2.0000	0.0000	1.0000	NaN	1.2817	4.5911	16.0134	3963.6620	3963.9630	1.0000	1.0000	0.0452
50ll03	1	19	1	0	1.0000	0.0000	1.0000	0.1950	NaN	NaN	NaN	3966.2656	3966.5933	0.0000	0.0000	0.3751
50ll03	1	19	1	0	2.0000	0.0000	-1.0000	NaN	8.3394	-9.4655	13.3523	3967.5257	3967.8267	0.0000	1.0000	0.4316
50ll03	1	20	1	0	1.0000	0.0000	-1.0000	0.7030	NaN	NaN	NaN	3970.5474	3970.8747	1.0000	0.0000	0.3102
50ll03	1	20	1	0	2.0000	0.0000	-1.0000	NaN	9.7654	-10.7955	13.8032	3971.7409	3972.0419	0.0000	1.0000	0.3365
50ll03	1	21	1	0	1.0000	0.0000	-1.0000	0.5630	NaN	NaN	NaN	3974.4511	3974.7792	1.0000	0.0000	0.5659
50ll03	1	21	1	0	2.0000	0.0000	-1.0000	NaN	12.5607	-12.6171	15.7505	3975.9094	3976.2105	0.0000	1.0000	0.2003
50ll03	1	22	1	0	1.0000	0.0000	1.0000	0.6976	NaN	NaN	NaN	3978.6316	3978.9613	1.0000	1.0000	0.2641
50ll03	1	22	1	0	2.0000	0.0000	1.0000	NaN	1.5916	1.6386	16.5192	3979.7812	3980.0824	1.0000	1.0000	0.0938
50ll03	1	23	1	0	1.0000	0.0000	-1.0000	0.1674	NaN	NaN	NaN	3982.1260	3982.4543	1.0000	0.0000	0.2018
50ll03	1	23	1	0	2.0000	0.0000	-1.0000	NaN	10.6500	-9.9479	14.7908	3983.2047	3983.5057	1.0000	0.0000	0.3202
50ll03	1	24	1	0	1.0000	0.0000	-1.0000	0.5101	NaN	NaN	NaN	3986.0081	3986.3345	1.0000	0.0000	0.3636
50ll03	1	24	1	0	2.0000	0.0000	-1.0000	NaN	5.3133	-6.0935	15.8420	3987.2541	3987.5551	0.0000	1.0000	0.1990
50ll03	1	25	1	0	1.0000	0.0000	1.0000	0.0203	NaN	NaN	NaN	3990.0603	3990.3904	1.0000	1.0000	0.2738
50ll03	1	25	1	0	2.0000	0.0000	1.0000	NaN	15.8759	16.7442	15.7322	3991.2207	3991.5218	1.0000	1.0000	0.0863
50ll03	1	26	1	0	1.0000	0.0000	-1.0000	0.7335	NaN	NaN	NaN	3993.9011	3994.2287	0.0000	1.0000	0.2274
50ll03	1	26	1	0	2.0000	0.0000	1.0000	NaN	2.8724	2.5841	14.6331	3995.0140	3995.3150	1.0000	1.0000	0.1983
50ll03	1	27	1	0	1.0000	0.0000	1.0000	0.4390	NaN	NaN	NaN	3997.9194	3998.2462	1.0000	1.0000	0.2266
50ll03	1	27	1	0	2.0000	0.0000	1.0000	NaN	8.0251	7.6090	15.4344	3999.0123	3999.3133	1.0000	1.0000	0.1850
50ll03	1	28	1	0	1.0000	0.0000	-1.0000	0.1546	NaN	NaN	NaN	4001.4863	4001.8135	1.0000	0.0000	0.4281
50ll03	1	28	1	0	2.0000	0.0000	-1.0000	NaN	2.3202	-1.7112	15.3857	4002.7922	4003.0932	1.0000	0.0000	0.2828
50ll03	1	29	1	0	1.0000	0.0000	-1.0000	0.1885	NaN	NaN	NaN	4005.5053	4005.8361	1.0000	0.0000	0.5094
50ll03	1	29	1	0	2.0000	0.0000	-1.0000	NaN	6.6572	-5.9295	14.0644	4006.9025	4007.2035	1.0000	0.0000	0.4046
50ll03	1	30	1	0	1.0000	0.0000	-1.0000	0.3662	NaN	NaN	NaN	4010.2037	4010.5303	1.0000	0.0000	0.4636
50ll03	1	30	1	0	2.0000	0.0000	-1.0000	NaN	1.9165	-0.8016	16.5736	4011.5575	4011.8588	1.0000	0.0000	0.2627
50ll03	1	31	1	0	1.0000	0.0000	-1.0000	0.7463	NaN	NaN	NaN	4014.0794	4014.4061	0.0000	1.0000	0.2599
50ll03	1	31	1	0	2.0000	0.0000	1.0000	NaN	6.5973	9.8247	15.3434	4015.2360	4015.5370	1.0000	1.0000	0.2007
50ll03	1	32	1	0	1.0000	0.0000	1.0000	0.6174	NaN	NaN	NaN	4018.0454	4018.3742	1.0000	1.0000	0.2036
50ll03	1	32	1	0	2.0000	0.0000	1.0000	NaN	3.1528	3.5834	15.4650	4019.1333	4019.4343	1.0000	1.0000	0.0617
50ll03	1	33	1	0	1.0000	0.0000	-1.0000	0.1411	NaN	NaN	NaN	4021.9956	4022.3234	0.0000	1.0000	0.2471
50ll03	1	33	1	0	2.0000	0.0000	1.0000	NaN	3.9387	6.4087	15.0133	4023.1405	4023.4415	1.0000	1.0000	0.1763
50ll03	1	34	1	0	1.0000	0.0000	-1.0000	0.0742	NaN	NaN	NaN	4025.5810	4025.9091	1.0000	0.0000	0.3549
50ll03	1	34	1	0	2.0000	0.0000	-1.0000	NaN	0.1474	-0.3221	14.1456	4026.7959	4027.0969	1.0000	0.0000	0.2630
50ll03	1	35	1	0	1.0000	0.0000	-1.0000	0.4878	NaN	NaN	NaN	4029.6742	4030.0013	0.0000	1.0000	0.2562
50ll03	1	35	1	0	2.0000	0.0000	1.0000	NaN	3.6145	2.1811	15.2894	4030.8613	4031.1623	1.0000	1.0000	0.0477
50ll03	1	36	1	0	1.0000	0.0000	1.0000	0.0874	NaN	NaN	NaN	4033.3072	4033.6335	1.0000	1.0000	0.1422
50ll03	1	36	1	0	2.0000	0.0000	1.0000	NaN	11.9090	11.6495	13.7863	4034.3416	4034.6426	1.0000	1.0000	0.0391
50ll03	1	37	1	0	1.0000	0.0000	-1.0000	0.6570	NaN	NaN	NaN	4036.7542	4037.0827	0.0000	1.0000	0.2311
50ll03	1	37	1	0	2.0000	0.0000	1.0000	NaN	15.4110	12.3179	14.6867	4037.9004	4038.2014	1.0000	1.0000	0.0405
50ll03	1	38	1	0	1.0000	0.0000	-1.0000	0.1927	NaN	NaN	NaN	4040.5301	4040.8573	1.0000	0.0000	0.4152
50ll03	1	38	1	0	2.0000	0.0000	-1.0000	NaN	7.8656	-10.3669	13.4776	4041.8377	4042.1387	1.0000	0.0000	0.4789
50ll03	1	39	1	0	1.0000	0.0000	1.0000	0.3898	NaN	NaN	NaN	4044.5907	4044.9187	1.0000	1.0000	0.2571
50ll03	1	39	1	0	2.0000	0.0000	1.0000	NaN	15.0855	15.6538	14.3240	4045.7414	4046.0424	1.0000	1.0000	0.0213
50ll03	1	40	1	0	1.0000	0.0000	1.0000	0.7705	NaN	NaN	NaN	4048.2791	4048.6060	1.0000	1.0000	0.2736
50ll03	1	40	1	0	2.0000	0.0000	1.0000	NaN	12.3609	13.1429	16.2989	4049.4282	4049.7292	1.0000	1.0000	0.0086
50ll03	1	41	1	0	1.0000	0.0000	1.0000	0.7034	NaN	NaN	NaN	4051.8868	4052.2159	1.0000	1.0000	0.1357
50ll03	1	41	1	0	2.0000	0.0000	1.0000	NaN	10.3706	9.9245	13.4017	4052.9172	4053.2182	1.0000	1.0000	0.0086
50ll03	1	42	1	0	1.0000	0.0000	-1.0000	0.1169	NaN	NaN	NaN	4055.4856	4055.8137	0.0000	1.0000	0.2265
50ll03	1	42	1	0	2.0000	0.0000	1.0000	NaN	2.5649	4.2356	16.2334	4056.6206	4056.9217	1.0000	1.0000	0.2314
50ll03	1	43	1	0	1.0000	0.0000	-1.0000	0.7313	NaN	NaN	NaN	4059.2771	4059.6038	0.0000	1.0000	0.3719
50ll03	1	43	1	0	2.0000	0.0000	1.0000	NaN	3.4279	5.1768	14.9616	4060.5486	4060.8495	1.0000	1.0000	0.0086
50ll03	1	44	1	0	1.0000	0.0000	-1.0000	0.7903	NaN	NaN	NaN	4063.0491	4063.3814	0.0000	1.0000	0.2274
50ll03	1	44	1	0	2.0000	0.0000	1.0000	NaN	3.1512	5.2977	16.2659	4064.1799	4064.4809	1.0000	1.0000	0.0086
50ll03	1	45	1	0	1.0000	0.0000	-1.0000	0.0971	NaN	NaN	NaN	4066.7534	4067.0812	1.0000	0.0000	0.1584
50ll03	1	45	1	0	2.0000	0.0000	-1.0000	NaN	16.2624	-13.7963	15.0211	4067.8364	4068.1375	0.0000	1.0000	0.2389
50ll03	1	46	1	0	1.0000	0.0000	1.0000	0.5925	NaN	NaN	NaN	4070.1833	4070.5100	1.0000	1.0000	0.2176
50ll03	1	46	1	0	2.0000	0.0000	1.0000	NaN	1.1952	3.3841	13.8424	4071.2699	4071.5709	1.0000	1.0000	0.1647
50ll03	1	47	1	0	1.0000	0.0000	-1.0000	0.1028	NaN	NaN	NaN	4074.0595	4074.3888	0.0000	1.0000	0.4028
50ll03	1	47	1	0	2.0000	0.0000	1.0000	NaN	18.8330	17.7825	14.8384	4075.3880	4075.6890	1.0000	1.0000	0.1107
50ll03	1	48	1	0	1.0000	0.0000	1.0000	0.6266	NaN	NaN	NaN	4077.8322	4078.1590	1.0000	1.0000	0.1366
50ll03	1	48	1	0	2.0000	0.0000	1.0000	NaN	1.5292	1.9227	13.8254	4078.8286	4079.1296	1.0000	1.0000	0.0083
50ll03	1	49	1	0	1.0000	0.0000	-1.0000	0.6147	NaN	NaN	NaN	4081.1384	4081.4653	0.0000	1.0000	0.3123
50ll03	1	49	1	0	2.0000	0.0000	1.0000	NaN	3.5563	4.1866	15.3038	4082.3331	4082.6341	1.0000	1.0000	0.0951
50ll03	1	50	1	0	1.0000	0.0000	-1.0000	0.1177	NaN	NaN	NaN	4084.9604	4085.2894	1.0000	0.0000	0.3520
50ll03	1	50	1	0	2.0000	0.0000	-1.0000	NaN	3.5641	-5.7808	14.7148	4086.2047	4086.5059	1.0000	0.0000	0.0393
50ll03	2	1	1	0	1.0000	0.0000	1.0000	0.3644	NaN	NaN	NaN	4090.0901	4090.4178	1.0000	1.0000	0.1817
50ll03	2	1	1	0	2.0000	0.0000	1.0000	NaN	8.1507	7.7743	15.0521	4091.1479	4091.4489	1.0000	1.0000	0.0083
50ll03	2	2	1	0	1.0000	0.0000	1.0000	0.3575	NaN	NaN	NaN	4093.2999	4093.6266	1.0000	1.0000	0.2128
50ll03	2	2	1	0	2.0000	0.0000	1.0000	NaN	2.3362	0.4551	14.5012	4094.3718	4094.6729	1.0000	1.0000	0.0319
50ll03	2	3	1	0	1.0000	0.0000	1.0000	0.6309	NaN	NaN	NaN	4097.1283	4097.4550	1.0000	1.0000	0.1523
50ll03	2	3	1	0	2.0000	0.0000	1.0000	NaN	9.6773	10.6429	15.0510	4098.1561	4098.4572	1.0000	1.0000	0.0085
50ll03	2	4	1	0	1.0000	0.0000	1.0000	0.0037	NaN	NaN	NaN	4100.6569	4100.9858	1.0000	1.0000	0.1976
50ll03	2	4	1	0	2.0000	0.0000	1.0000	NaN	14.6073	15.7195	15.3317	4101.7478	4102.0490	1.0000	1.0000	0.0565
50ll03	2	5	1	0	1.0000	0.0000	-1.0000	0.5391	NaN	NaN	NaN	4104.3857	4104.7122	1.0000	0.0000	0.3600
50ll03	2	5	1	0	2.0000	0.0000	-1.0000	NaN	8.2686	-7.9153	13.3086	4105.6210	4105.9220	1.0000	0.0000	0.3196
50ll03	2	6	1	0	1.0000	0.0000	1.0000	0.1950	NaN	NaN	NaN	4108.7204	4109.0490	1.0000	1.0000	0.2080
50ll03	2	6	1	0	2.0000	0.0000	1.0000	NaN	17.2937	17.3699	14.2800	4109.7803	4110.0814	1.0000	1.0000	0.0874
50ll03	2	7	1	0	1.0000	0.0000	-1.0000	0.3396	NaN	NaN	NaN	4112.6940	4113.0221	0.0000	1.0000	0.2671
50ll03	2	7	1	0	2.0000	0.0000	1.0000	NaN	10.3275	9.8234	15.2024	4113.8853	4114.1863	1.0000	1.0000	0.0138
50ll03	2	8	1	0	1.0000	0.0000	-1.0000	0.3934	NaN	NaN	NaN	4116.1728	4116.5020	0.0000	1.0000	0.4275
50ll03	2	8	1	0	2.0000	0.0000	1.0000	NaN	3.1655	1.1810	15.2498	4117.5245	4117.8256	0.0000	0.0000	0.5357
50ll03	2	9	1	0	1.0000	0.0000	-1.0000	0.7234	NaN	NaN	NaN	4120.5829	4120.9111	0.0000	1.0000	0.3847
50ll03	2	9	1	0	2.0000	0.0000	1.0000	NaN	10.8325	10.1458	14.6381	4121.8614	4122.1625	1.0000	1.0000	0.0083
50ll03	2	10	1	0	1.0000	0.0000	1.0000	0.5769	NaN	NaN	NaN	4124.0446	4124.3729	1.0000	1.0000	0.1325
50ll03	2	10	1	0	2.0000	0.0000	1.0000	NaN	18.2593	18.9581	17.0256	4125.0193	4125.3203	1.0000	1.0000	0.0087
50ll03	2	11	1	0	1.0000	0.0000	-1.0000	0.0892	NaN	NaN	NaN	4127.1201	4127.4467	0.0000	1.0000	0.3131
50ll03	2	11	1	0	2.0000	0.0000	1.0000	NaN	4.8646	4.8687	13.1133	4128.3321	4128.6331	1.0000	1.0000	0.2949
50ll03	2	12	1	0	1.0000	0.0000	-1.0000	0.1219	NaN	NaN	NaN	4130.8370	4131.1634	0.0000	1.0000	0.2616
50ll03	2	12	1	0	2.0000	0.0000	1.0000	NaN	14.7397	13.2776	14.8263	4132.0041	4132.3051	1.0000	1.0000	0.1673
50ll03	2	13	1	0	1.0000	0.0000	1.0000	0.7455	NaN	NaN	NaN	4134.2959	4134.6223	1.0000	1.0000	0.1448
50ll03	2	13	1	0	2.0000	0.0000	1.0000	NaN	10.9349	10.9108	15.7901	4135.2765	4135.5775	1.0000	1.0000	0.0230
50ll03	2	14	1	0	1.0000	0.0000	-1.0000	0.0096	NaN	NaN	NaN	4137.9877	4138.3149	1.0000	0.0000	0.3089
50ll03	2	14	1	0	2.0000	0.0000	-1.0000	NaN	6.3549	-6.8949	15.2994	4139.1495	4139.4505	0.0000	1.0000	0.2773
50ll03	2	15	1	0	1.0000	0.0000	1.0000	0.3916	NaN	NaN	NaN	4142.1093	4142.4373	1.0000	1.0000	0.1070
50ll03	2	15	1	0	2.0000	0.0000	1.0000	NaN	14.4951	15.4620	14.6770	4143.1008	4143.4017	1.0000	1.0000	0.1253
50ll03	2	16	1	0	1.0000	0.0000	1.0000	0.5791	NaN	NaN	NaN	4146.1280	4146.4555	1.0000	1.0000	0.0581
50ll03	2	16	1	0	2.0000	0.0000	1.0000	NaN	9.8492	9.2872	15.5416	4147.0188	4147.3198	1.0000	1.0000	0.1923
50ll03	2	17	1	0	1.0000	0.0000	-1.0000	0.0553	NaN	NaN	NaN	4149.5286	4149.8562	1.0000	0.0000	0.4548
50ll03	2	17	1	0	2.0000	0.0000	-1.0000	NaN	6.0246	-4.7112	15.0519	4150.8437	4151.1448	1.0000	0.0000	0.2542
50ll03	2	18	1	0	1.0000	0.0000	1.0000	0.6230	NaN	NaN	NaN	4153.6436	4153.9719	1.0000	1.0000	0.1551
50ll03	2	18	1	0	2.0000	0.0000	1.0000	NaN	9.1762	9.4638	14.9693	4154.6684	4154.9694	1.0000	1.0000	0.0084
50ll03	2	19	1	0	1.0000	0.0000	-1.0000	0.7415	NaN	NaN	NaN	4157.1705	4157.4978	0.0000	1.0000	0.2233
50ll03	2	19	1	0	2.0000	0.0000	1.0000	NaN	8.1095	8.0170	13.5977	4158.2998	4158.6008	1.0000	1.0000	0.0084
50ll03	2	20	1	0	1.0000	0.0000	-1.0000	0.2726	NaN	NaN	NaN	4160.4426	4160.7716	1.0000	0.0000	0.0858
50ll03	2	20	1	0	2.0000	0.0000	-1.0000	NaN	17.9385	-16.6951	15.2674	4161.3791	4161.6807	0.0000	1.0000	0.7997
50ll03	2	21	1	0	1.0000	0.0000	1.0000	0.5932	NaN	NaN	NaN	4164.7445	4165.0711	1.0000	1.0000	0.1301
50ll03	2	21	1	0	2.0000	0.0000	1.0000	NaN	11.0460	13.1621	15.3123	4165.7164	4166.0174	1.0000	1.0000	0.0086
50ll03	2	22	1	0	1.0000	0.0000	1.0000	0.5621	NaN	NaN	NaN	4168.2585	4168.5864	1.0000	1.0000	0.1325
50ll03	2	22	1	0	2.0000	0.0000	1.0000	NaN	12.0365	10.5911	15.8345	4169.2513	4169.5523	1.0000	1.0000	0.0236
50ll03	2	23	1	0	1.0000	0.0000	1.0000	0.1839	NaN	NaN	NaN	4171.9265	4172.2536	1.0000	1.0000	0.1932
50ll03	2	23	1	0	2.0000	0.0000	1.0000	NaN	12.1008	11.7961	14.1720	4172.9643	4173.2653	1.0000	1.0000	0.1429
50ll03	2	24	1	0	1.0000	0.0000	1.0000	0.0477	NaN	NaN	NaN	4175.4655	4175.7922	0.0000	0.0000	0.3832
50ll03	2	24	1	0	2.0000	0.0000	-1.0000	NaN	5.9531	-7.4304	15.2296	4176.7087	4177.0098	0.0000	1.0000	0.3248
50ll03	2	25	1	0	1.0000	0.0000	-1.0000	0.2824	NaN	NaN	NaN	4179.8847	4180.2123	1.0000	0.0000	0.2426
50ll03	2	25	1	0	2.0000	0.0000	-1.0000	NaN	15.6614	-16.8768	15.7940	4180.9960	4181.2970	0.0000	1.0000	0.1984
50ll03	2	26	1	0	1.0000	0.0000	-1.0000	0.0780	NaN	NaN	NaN	4183.7196	4184.0469	1.0000	0.0000	0.1697
50ll03	2	26	1	0	2.0000	0.0000	-1.0000	NaN	15.5224	-16.7570	13.8713	4184.7641	4185.0651	0.0000	1.0000	0.2162
50ll03	2	27	1	0	1.0000	0.0000	1.0000	0.1756	NaN	NaN	NaN	4187.5544	4187.8814	1.0000	1.0000	0.1334
50ll03	2	27	1	0	2.0000	0.0000	1.0000	NaN	1.9943	3.8725	13.8633	4188.5873	4188.8886	1.0000	1.0000	0.1360
50ll03	2	28	1	0	1.0000	0.0000	1.0000	0.6061	NaN	NaN	NaN	4190.9567	4191.2838	1.0000	1.0000	0.1162
50ll03	2	28	1	0	2.0000	0.0000	1.0000	NaN	5.2032	5.3114	14.7891	4191.9161	4192.2171	1.0000	1.0000	0.1037
50ll03	2	29	1	0	1.0000	0.0000	1.0000	0.7949	NaN	NaN	NaN	4194.7850	4195.1117	1.0000	1.0000	0.1350
50ll03	2	29	1	0	2.0000	0.0000	1.0000	NaN	9.6970	7.5944	15.5831	4195.7733	4196.0743	1.0000	1.0000	0.0785
50ll03	2	30	1	0	1.0000	0.0000	1.0000	0.0418	NaN	NaN	NaN	4198.0183	4198.3459	1.0000	1.0000	0.3329
50ll03	2	30	1	0	2.0000	0.0000	1.0000	NaN	17.5534	16.4033	16.2101	4199.2202	4199.5212	1.0000	1.0000	0.1261
50ll03	2	31	1	0	1.0000	0.0000	-1.0000	0.3926	NaN	NaN	NaN	4201.7218	4202.0490	0.0000	1.0000	0.3191
50ll03	2	31	1	0	2.0000	0.0000	1.0000	NaN	11.7637	10.6527	15.3410	4202.9150	4203.2160	1.0000	1.0000	0.2080
50ll03	2	32	1	0	1.0000	0.0000	1.0000	0.4415	NaN	NaN	NaN	4205.6561	4205.9833	1.0000	1.0000	0.0965
50ll03	2	32	1	0	2.0000	0.0000	1.0000	NaN	17.2894	16.8585	14.0985	4206.6269	4206.9279	1.0000	1.0000	4.5925
50ll03	2	33	1	0	1.0000	0.0000	1.0000	0.0083	NaN	NaN	NaN	4213.4695	4213.7981	1.0000	1.0000	0.3045
50ll03	2	33	1	0	2.0000	0.0000	1.0000	NaN	0.9132	1.8192	14.8922	4214.6276	4214.9288	1.0000	1.0000	0.1898
50ll03	2	34	1	0	1.0000	0.0000	-1.0000	0.5213	NaN	NaN	NaN	4217.4779	4217.8058	1.0000	0.0000	1.9149
50ll03	2	34	1	0	2.0000	0.0000	-1.0000	NaN	13.7932	-15.1754	15.9779	4220.3073	4220.6083	0.0000	1.0000	0.2400
50ll03	2	35	1	0	1.0000	0.0000	-1.0000	0.5251	NaN	NaN	NaN	4223.4549	4223.7838	1.0000	0.0000	0.3684
50ll03	2	35	1	0	2.0000	0.0000	-1.0000	NaN	14.1214	-15.7592	15.8606	4224.6748	4224.9759	0.0000	1.0000	0.2546
50ll03	2	36	1	0	1.0000	0.0000	-1.0000	0.0495	NaN	NaN	NaN	4227.7214	4228.0493	1.0000	0.0000	0.2385
50ll03	2	36	1	0	2.0000	0.0000	-1.0000	NaN	14.7066	-14.1088	14.0532	4228.8106	4229.1117	1.0000	0.0000	0.7043
50ll03	2	37	1	0	1.0000	0.0000	-1.0000	0.3578	NaN	NaN	NaN	4232.3333	4232.6601	1.0000	0.0000	0.2195
50ll03	2	37	1	0	2.0000	0.0000	-1.0000	NaN	12.1832	-12.3871	14.3712	4233.3951	4233.6961	1.0000	0.0000	0.6070
50ll03	2	38	1	0	1.0000	0.0000	1.0000	0.5184	NaN	NaN	NaN	4236.3198	4236.6518	1.0000	1.0000	0.2206
50ll03	2	38	1	0	2.0000	0.0000	1.0000	NaN	9.0380	8.3148	15.7611	4237.3788	4237.6801	1.0000	1.0000	0.0083
50ll03	2	39	1	0	1.0000	0.0000	1.0000	0.7504	NaN	NaN	NaN	4239.8822	4240.2105	1.0000	1.0000	0.2940
50ll03	2	39	1	0	2.0000	0.0000	1.0000	NaN	18.5562	19.9905	15.7537	4241.0125	4241.3135	1.0000	1.0000	0.0083
50ll03	2	40	1	0	1.0000	0.0000	-1.0000	0.0432	NaN	NaN	NaN	4243.3450	4243.6722	1.0000	0.0000	0.2620
50ll03	2	40	1	0	2.0000	0.0000	-1.0000	NaN	8.3266	-8.7327	15.0616	4244.4438	4244.7451	1.0000	0.0000	0.2466
50ll03	2	41	1	0	1.0000	0.0000	1.0000	0.3453	NaN	NaN	NaN	4247.2362	4247.5637	1.0000	1.0000	0.1798
50ll03	2	41	1	0	2.0000	0.0000	1.0000	NaN	16.7348	16.6425	14.3249	4248.2578	4248.5590	1.0000	1.0000	0.0083
50ll03	2	42	1	0	1.0000	0.0000	-1.0000	0.3700	NaN	NaN	NaN	4251.0202	4251.3478	0.0000	1.0000	0.3304
50ll03	2	42	1	0	2.0000	0.0000	1.0000	NaN	18.5042	16.8742	15.8096	4252.2346	4252.5361	1.0000	1.0000	0.0881
50ll03	2	43	1	0	1.0000	0.0000	-1.0000	0.5264	NaN	NaN	NaN	4254.7819	4255.1089	1.0000	0.0000	0.1457
50ll03	2	43	1	0	2.0000	0.0000	-1.0000	NaN	2.0689	-2.2503	13.2529	4255.7731	4256.0741	1.0000	0.0000	0.1021
50ll03	2	44	1	0	1.0000	0.0000	-1.0000	0.5264	NaN	NaN	NaN	4258.3415	4258.6693	0.0000	1.0000	0.3529
50ll03	2	44	1	0	2.0000	0.0000	1.0000	NaN	3.2269	4.5318	15.7795	4259.6043	4259.9053	1.0000	1.0000	0.0151
50ll03	2	45	1	0	1.0000	0.0000	1.0000	0.2517	NaN	NaN	NaN	4261.9857	4262.3135	1.0000	1.0000	0.1821
50ll03	2	45	1	0	2.0000	0.0000	1.0000	NaN	3.1330	2.1100	12.9733	4263.0193	4263.3204	1.0000	1.0000	4.0317
50ll03	2	46	1	0	1.0000	0.0000	1.0000	0.1897	NaN	NaN	NaN	4269.1982	4269.5261	1.0000	1.0000	0.1761
50ll03	2	46	1	0	2.0000	0.0000	1.0000	NaN	2.2507	2.8890	17.1339	4270.2026	4270.5036	1.0000	1.0000	0.0085
50ll03	2	47	1	0	1.0000	0.0000	-1.0000	0.0157	NaN	NaN	NaN	4272.3480	4272.6755	1.0000	0.0000	0.2357
50ll03	2	47	1	0	2.0000	0.0000	-1.0000	NaN	6.2368	-7.0176	15.3288	4273.4671	4273.7683	1.0000	0.0000	0.0085
50ll03	2	48	1	0	1.0000	0.0000	1.0000	0.6469	NaN	NaN	NaN	4275.7103	4276.0369	1.0000	1.0000	0.2171
50ll03	2	48	1	0	2.0000	0.0000	1.0000	NaN	10.8714	11.4280	16.6058	4276.8598	4277.1610	1.0000	1.0000	3.0696
50ll03	2	49	1	0	1.0000	0.0000	-1.0000	0.1655	NaN	NaN	NaN	4282.5043	4282.8317	1.0000	0.0000	0.2248
50ll03	2	49	1	0	2.0000	0.0000	-1.0000	NaN	1.6337	-3.1940	12.3431	4283.5700	4283.8710	1.0000	0.0000	0.0086
50ll03	2	50	1	0	1.0000	0.0000	1.0000	0.1797	NaN	NaN	NaN	4286.0407	4286.3679	1.0000	1.0000	0.1525
50ll03	2	50	1	0	2.0000	0.0000	1.0000	NaN	14.1616	14.1571	14.9148	4287.0433	4287.3442	1.0000	1.0000	0.0081
50ll03	3	1	1	0	1.0000	0.0000	-1.0000	0.1027	NaN	NaN	NaN	4292.1985	4292.5265	1.0000	0.0000	0.2317
50ll03	3	1	1	0	2.0000	0.0000	-1.0000	NaN	10.3590	-10.4828	15.2721	4293.2351	4293.5361	0.0000	1.0000	0.3830
50ll03	3	2	1	0	1.0000	0.0000	-1.0000	0.1351	NaN	NaN	NaN	4296.3331	4296.6607	1.0000	0.0000	0.1932
50ll03	3	2	1	0	2.0000	0.0000	-1.0000	NaN	3.6994	-0.7291	14.5836	4297.3389	4297.6398	1.0000	0.0000	0.0085
50ll03	3	3	1	0	1.0000	0.0000	-1.0000	0.3140	NaN	NaN	NaN	4300.2136	4300.5422	1.0000	0.0000	0.2877
50ll03	3	3	1	0	2.0000	0.0000	-1.0000	NaN	15.6718	-13.7899	16.5165	4301.3545	4301.6556	0.0000	1.0000	0.2941
50ll03	3	4	1	0	1.0000	0.0000	1.0000	0.3355	NaN	NaN	NaN	4304.0479	4304.3744	1.0000	1.0000	0.1996
50ll03	3	4	1	0	2.0000	0.0000	1.0000	NaN	18.5308	20.7936	16.3452	4305.1053	4305.4063	1.0000	1.0000	0.0397
50ll03	3	5	1	0	1.0000	0.0000	1.0000	0.7059	NaN	NaN	NaN	4307.4056	4307.7338	1.0000	1.0000	0.1940
50ll03	3	5	1	0	2.0000	0.0000	1.0000	NaN	18.6413	18.1438	12.7713	4308.4508	4308.7518	1.0000	1.0000	0.0085
50ll03	3	6	1	0	1.0000	0.0000	-1.0000	0.3387	NaN	NaN	NaN	4310.5510	4310.8783	1.0000	0.0000	0.1443
50ll03	3	6	1	0	2.0000	0.0000	-1.0000	NaN	17.2619	-18.1103	13.7154	4311.5387	4311.8397	0.0000	1.0000	0.3445
50ll03	3	7	1	0	1.0000	0.0000	1.0000	0.2094	NaN	NaN	NaN	4314.7634	4315.0908	1.0000	1.0000	0.1652
50ll03	3	7	1	0	2.0000	0.0000	1.0000	NaN	11.2038	11.7804	14.6135	4315.7641	4316.0651	1.0000	1.0000	0.0081
50ll03	3	8	1	0	1.0000	0.0000	-1.0000	0.1533	NaN	NaN	NaN	4318.1645	4318.4919	1.0000	0.0000	0.1878
50ll03	3	8	1	0	2.0000	0.0000	-1.0000	NaN	8.0727	-5.4764	14.3615	4319.2104	4319.5114	1.0000	0.0000	0.2143
50ll03	3	9	1	0	1.0000	0.0000	-1.0000	0.0574	NaN	NaN	NaN	4321.8402	4322.1698	1.0000	0.0000	0.1730
50ll03	3	9	1	0	2.0000	0.0000	-1.0000	NaN	9.8333	-9.3489	15.3028	4322.8910	4323.1920	0.0000	1.0000	0.9337
50ll03	3	10	1	0	1.0000	0.0000	1.0000	0.5424	NaN	NaN	NaN	4326.7660	4327.0927	1.0000	1.0000	0.1392
50ll03	3	10	1	0	2.0000	0.0000	1.0000	NaN	8.8308	7.6083	15.7303	4327.7465	4328.0475	1.0000	1.0000	0.3435
50ll03	3	11	1	0	1.0000	0.0000	1.0000	0.1906	NaN	NaN	NaN	4330.1819	4330.5084	1.0000	1.0000	0.1232
50ll03	3	11	1	0	2.0000	0.0000	1.0000	NaN	8.6494	6.9341	16.6146	4331.1305	4331.4315	1.0000	1.0000	0.0635
50ll03	3	12	1	0	1.0000	0.0000	1.0000	0.6859	NaN	NaN	NaN	4334.0109	4334.3380	1.0000	1.0000	0.1317
50ll03	3	12	1	0	2.0000	0.0000	1.0000	NaN	6.5576	6.6061	14.2320	4334.9696	4335.2711	1.0000	1.0000	0.0085
50ll03	3	13	1	0	1.0000	0.0000	-1.0000	0.0649	NaN	NaN	NaN	4337.5728	4337.9021	1.0000	0.0000	0.1835
50ll03	3	13	1	0	2.0000	0.0000	-1.0000	NaN	14.6512	-14.3871	14.9563	4338.6104	4338.9114	0.0000	1.0000	0.1599
50ll03	3	14	1	0	1.0000	0.0000	-1.0000	0.5980	NaN	NaN	NaN	4341.5923	4341.9193	1.0000	0.0000	0.1523
50ll03	3	14	1	0	2.0000	0.0000	-1.0000	NaN	3.5619	-3.2446	14.7535	4342.6109	4342.9119	1.0000	0.0000	0.3418
50ll03	3	15	1	0	1.0000	0.0000	-1.0000	0.4392	NaN	NaN	NaN	4345.7645	4346.0909	1.0000	0.0000	0.1787
50ll03	3	15	1	0	2.0000	0.0000	-1.0000	NaN	18.0493	-19.3720	15.3747	4346.7787	4347.0799	0.0000	1.0000	0.1017
50ll03	3	16	1	0	1.0000	0.0000	1.0000	0.7274	NaN	NaN	NaN	4349.6815	4350.0089	1.0000	1.0000	0.1179
50ll03	3	16	1	0	2.0000	0.0000	1.0000	NaN	2.3937	0.6051	14.7921	4350.6266	4350.9277	1.0000	1.0000	0.3513
50ll03	3	17	1	0	1.0000	0.0000	1.0000	0.3615	NaN	NaN	NaN	4353.5863	4353.9134	1.0000	1.0000	0.1345
50ll03	3	17	1	0	2.0000	0.0000	1.0000	NaN	8.6471	6.8949	14.8877	4354.5457	4354.8467	1.0000	1.0000	0.0570
50ll03	3	18	1	0	1.0000	0.0000	1.0000	0.6200	NaN	NaN	NaN	4357.4864	4357.8138	1.0000	1.0000	0.1277
50ll03	3	18	1	0	2.0000	0.0000	1.0000	NaN	17.5846	16.3894	15.8658	4358.4582	4358.7593	1.0000	1.0000	0.0402
50ll03	3	19	1	0	1.0000	0.0000	-1.0000	0.6348	NaN	NaN	NaN	4360.7820	4361.1090	1.0000	0.0000	0.1385
50ll03	3	19	1	0	2.0000	0.0000	-1.0000	NaN	17.8947	-17.8270	15.9602	4361.7701	4362.0716	0.0000	1.0000	0.2241
50ll03	3	20	1	0	1.0000	0.0000	1.0000	0.0412	NaN	NaN	NaN	4364.3497	4364.6793	1.0000	1.0000	0.2158
50ll03	3	20	1	0	2.0000	0.0000	1.0000	NaN	1.3739	1.6012	15.1828	4365.4187	4365.7200	1.0000	1.0000	0.6636
50ll03	3	21	1	0	1.0000	0.0000	1.0000	0.1474	NaN	NaN	NaN	4368.7227	4369.0506	1.0000	1.0000	0.1246
50ll03	3	21	1	0	2.0000	0.0000	1.0000	NaN	6.9461	9.2072	14.8813	4369.6808	4369.9818	1.0000	1.0000	0.0085
50ll03	3	22	1	0	1.0000	0.0000	1.0000	0.5865	NaN	NaN	NaN	4372.3577	4372.6860	1.0000	1.0000	0.1834
50ll03	3	22	1	0	2.0000	0.0000	1.0000	NaN	9.2104	8.6985	15.1645	4373.3774	4373.6784	1.0000	1.0000	0.0950
50ll03	3	23	1	0	1.0000	0.0000	1.0000	0.7814	NaN	NaN	NaN	4375.8255	4376.1524	1.0000	1.0000	0.1577
50ll03	3	23	1	0	2.0000	0.0000	1.0000	NaN	12.2337	11.4627	16.5062	4376.8267	4377.1277	1.0000	1.0000	0.1116
50ll03	3	24	1	0	1.0000	0.0000	-1.0000	0.7707	NaN	NaN	NaN	4379.1882	4379.5161	0.0000	1.0000	0.2354
50ll03	3	24	1	0	2.0000	0.0000	1.0000	NaN	6.4164	5.0378	14.8749	4380.3535	4380.6552	1.0000	1.0000	0.0637
50ll03	3	25	1	0	1.0000	0.0000	-1.0000	0.1199	NaN	NaN	NaN	4382.6601	4382.9878	1.0000	0.0000	0.1628
50ll03	3	25	1	0	2.0000	0.0000	-1.0000	NaN	4.8541	-3.1846	14.5446	4383.6515	4383.9524	1.0000	0.0000	0.4855
50ll03	3	26	1	0	1.0000	0.0000	1.0000	0.2042	NaN	NaN	NaN	4386.8903	4387.2162	0.0000	0.0000	0.3825
50ll03	3	26	1	0	2.0000	0.0000	-1.0000	NaN	15.3495	-15.8084	15.3997	4388.1457	4388.4468	1.0000	0.0000	0.4239
50ll03	3	27	1	0	1.0000	0.0000	-1.0000	0.7938	NaN	NaN	NaN	4391.1427	4391.4695	0.0000	1.0000	0.2581
50ll03	3	27	1	0	2.0000	0.0000	1.0000	NaN	10.1788	12.9853	15.6672	4392.2658	4392.5670	1.0000	1.0000	0.1025
50ll03	3	28	1	0	1.0000	0.0000	-1.0000	0.1828	NaN	NaN	NaN	4394.8451	4395.1724	1.0000	0.0000	0.4585
50ll03	3	28	1	0	2.0000	0.0000	-1.0000	NaN	8.2131	-6.2539	15.5107	4396.1551	4396.4561	0.0000	1.0000	0.1985
50ll03	3	29	1	0	1.0000	0.0000	1.0000	0.7155	NaN	NaN	NaN	4398.5789	4398.9068	1.0000	1.0000	0.1225
50ll03	3	29	1	0	2.0000	0.0000	1.0000	NaN	6.2991	6.5289	16.9225	4399.5300	4399.8311	1.0000	1.0000	3.9762
50ll03	3	30	1	0	1.0000	0.0000	1.0000	0.7934	NaN	NaN	NaN	4406.0216	4406.3495	1.0000	1.0000	0.1915
50ll03	3	30	1	0	2.0000	0.0000	1.0000	NaN	3.2127	4.2365	15.9498	4407.0580	4407.3590	1.0000	1.0000	0.0086
50ll03	3	31	1	0	1.0000	0.0000	1.0000	0.1505	NaN	NaN	NaN	4409.6500	4409.9780	1.0000	1.0000	0.1332
50ll03	3	31	1	0	2.0000	0.0000	1.0000	NaN	5.0176	4.4888	14.5927	4410.6189	4410.9200	1.0000	1.0000	0.0854
50ll03	3	32	1	0	1.0000	0.0000	1.0000	0.5256	NaN	NaN	NaN	4413.0902	4413.4180	1.0000	1.0000	0.1255
50ll03	3	32	1	0	2.0000	0.0000	1.0000	NaN	7.6838	8.9321	15.5694	4414.0581	4414.3593	1.0000	1.0000	0.0087
50ll03	3	33	1	0	1.0000	0.0000	1.0000	0.1306	NaN	NaN	NaN	4416.3596	4416.6865	1.0000	1.0000	0.0249
50ll03	3	33	1	0	2.0000	0.0000	1.0000	NaN	2.2431	2.9542	14.5868	4417.2429	4417.5439	1.0000	1.0000	0.3570
50ll03	3	34	1	0	1.0000	0.0000	1.0000	0.6064	NaN	NaN	NaN	4420.2596	4420.5869	1.0000	1.0000	0.1382
50ll03	3	34	1	0	2.0000	0.0000	1.0000	NaN	7.1140	7.7342	14.3326	4421.2585	4421.5594	1.0000	1.0000	0.0086
50ll03	3	35	1	0	1.0000	0.0000	1.0000	0.1043	NaN	NaN	NaN	4424.0662	4424.3934	1.0000	1.0000	0.5499
50ll03	3	35	1	0	2.0000	0.0000	1.0000	NaN	10.7225	9.8468	14.7002	4425.4910	4425.7919	1.0000	1.0000	0.1331
50ll03	3	36	1	0	1.0000	0.0000	-1.0000	0.3555	NaN	NaN	NaN	4427.8661	4428.1934	0.0000	1.0000	0.2836
50ll03	3	36	1	0	2.0000	0.0000	1.0000	NaN	2.0104	0.9700	15.9914	4429.0663	4429.3674	0.0000	0.0000	0.2793
50ll03	3	37	1	0	1.0000	0.0000	1.0000	0.5308	NaN	NaN	NaN	4431.9190	4432.2470	1.0000	1.0000	0.1743
50ll03	3	37	1	0	2.0000	0.0000	1.0000	NaN	13.7561	11.5902	14.5924	4432.9305	4433.2315	1.0000	1.0000	0.0214
50ll03	3	38	1	0	1.0000	0.0000	1.0000	0.0805	NaN	NaN	NaN	4435.3449	4435.6709	1.0000	1.0000	0.1597
50ll03	3	38	1	0	2.0000	0.0000	1.0000	NaN	3.3576	3.2285	15.0389	4436.3855	4436.6865	1.0000	1.0000	0.1833
50ll03	3	39	1	0	1.0000	0.0000	1.0000	0.1481	NaN	NaN	NaN	4439.3845	4439.7116	1.0000	1.0000	0.1333
50ll03	3	39	1	0	2.0000	0.0000	1.0000	NaN	3.9968	3.2551	15.4241	4440.3940	4440.6956	1.0000	1.0000	0.0716
50ll03	3	40	1	0	1.0000	0.0000	1.0000	0.5583	NaN	NaN	NaN	4442.7157	4443.0425	1.0000	1.0000	0.1240
50ll03	3	40	1	0	2.0000	0.0000	1.0000	NaN	9.4085	9.2182	15.3504	4443.6899	4443.9909	1.0000	1.0000	0.1124
50ll03	3	41	1	0	1.0000	0.0000	-1.0000	0.6411	NaN	NaN	NaN	4446.4249	4446.7517	0.0000	1.0000	0.1893
50ll03	3	41	1	0	2.0000	0.0000	1.0000	NaN	17.7760	20.0812	15.5398	4447.4984	4447.7994	1.0000	1.0000	0.0154
50ll03	3	42	1	0	1.0000	0.0000	1.0000	0.2657	NaN	NaN	NaN	4449.9139	4450.2417	1.0000	1.0000	0.2592
50ll03	3	42	1	0	2.0000	0.0000	1.0000	NaN	16.9367	17.6926	15.1946	4451.0664	4451.3674	1.0000	1.0000	0.1037
50ll03	3	43	1	0	1.0000	0.0000	-1.0000	0.7171	NaN	NaN	NaN	4453.7766	4454.1039	0.0000	1.0000	0.2626
50ll03	3	43	1	0	2.0000	0.0000	1.0000	NaN	13.2560	13.6379	13.7478	4454.9781	4455.2790	1.0000	1.0000	0.0084
50ll03	3	44	1	0	1.0000	0.0000	-1.0000	0.2693	NaN	NaN	NaN	4457.3774	4457.7035	0.0000	1.0000	0.2312
50ll03	3	44	1	0	2.0000	0.0000	1.0000	NaN	12.8131	12.6781	15.1611	4458.4830	4458.7840	1.0000	1.0000	0.0626
50ll03	3	45	1	0	1.0000	0.0000	-1.0000	0.3201	NaN	NaN	NaN	4461.0522	4461.3787	0.0000	1.0000	0.1542
50ll03	3	45	1	0	2.0000	0.0000	1.0000	NaN	2.5246	2.2003	14.6294	4462.0650	4462.3662	1.0000	1.0000	0.0484
50ll03	3	46	1	0	1.0000	0.0000	1.0000	0.2105	NaN	NaN	NaN	4464.5871	4464.9154	1.0000	1.0000	0.1934
50ll03	3	46	1	0	2.0000	0.0000	1.0000	NaN	0.8380	1.3283	14.3495	4465.6674	4465.9686	1.0000	1.0000	0.0088
50ll03	3	47	1	0	1.0000	0.0000	-1.0000	0.4122	NaN	NaN	NaN	4468.0554	4468.3823	0.0000	1.0000	0.1439
50ll03	3	47	1	0	2.0000	0.0000	1.0000	NaN	7.5742	8.2829	15.7350	4469.0603	4469.3613	1.0000	1.0000	0.0374
50ll03	3	48	1	0	1.0000	0.0000	1.0000	0.0124	NaN	NaN	NaN	4471.6051	4471.9321	0.0000	0.0000	0.3071
50ll03	3	48	1	0	2.0000	0.0000	-1.0000	NaN	0.8110	-1.7490	14.5608	4472.8027	4473.1037	0.0000	1.0000	0.1889
50ll03	3	49	1	0	1.0000	0.0000	-1.0000	0.2938	NaN	NaN	NaN	4475.7999	4476.1282	1.0000	0.0000	0.3498
50ll03	3	49	1	0	2.0000	0.0000	-1.0000	NaN	14.3923	-15.6680	14.1452	4477.0569	4477.3579	0.0000	1.0000	0.1526
50ll03	3	50	1	0	1.0000	0.0000	-1.0000	0.4807	NaN	NaN	NaN	4479.9575	4480.2852	0.0000	1.0000	0.2079
50ll03	3	50	1	0	2.0000	0.0000	1.0000	NaN	8.8771	7.5297	13.8475	4481.0651	4481.3661	1.0000	1.0000	0.1122
50ll03	4	1	1	0	1.0000	0.0000	1.0000	0.2547	NaN	NaN	NaN	4486.9171	4487.2451	1.0000	1.0000	0.1996
50ll03	4	1	1	0	2.0000	0.0000	1.0000	NaN	17.9120	18.7222	16.0240	4488.0013	4488.3023	1.0000	1.0000	0.0802
50ll03	4	2	1	0	1.0000	0.0000	-1.0000	0.3408	NaN	NaN	NaN	4490.5230	4490.8502	0.0000	1.0000	0.3006
50ll03	4	2	1	0	2.0000	0.0000	1.0000	NaN	8.6884	10.8790	15.2370	4491.6901	4491.9912	1.0000	1.0000	0.0533
50ll03	4	3	1	0	1.0000	0.0000	-1.0000	0.3534	NaN	NaN	NaN	4494.0620	4494.3907	0.0000	1.0000	0.2698
50ll03	4	3	1	0	2.0000	0.0000	1.0000	NaN	9.9368	8.5944	15.1705	4495.1938	4495.4951	1.0000	1.0000	0.0230
50ll03	4	4	1	0	1.0000	0.0000	-1.0000	0.3929	NaN	NaN	NaN	4497.7750	4498.1019	1.0000	0.0000	0.3678
50ll03	4	4	1	0	2.0000	0.0000	-1.0000	NaN	6.3661	-5.9128	14.6696	4499.0483	4499.3493	1.0000	0.0000	0.2250
50ll03	4	5	1	0	1.0000	0.0000	1.0000	0.3621	NaN	NaN	NaN	4502.2740	4502.6053	1.0000	1.0000	0.2009
50ll03	4	5	1	0	2.0000	0.0000	1.0000	NaN	10.3113	13.4846	13.8388	4503.3381	4503.6391	1.0000	1.0000	0.0084
50ll03	4	6	1	0	1.0000	0.0000	-1.0000	0.5562	NaN	NaN	NaN	4505.6737	4506.0001	0.0000	1.0000	0.3501
50ll03	4	6	1	0	2.0000	0.0000	1.0000	NaN	10.4934	10.8107	14.0733	4506.9057	4507.2067	1.0000	1.0000	0.0795
50ll03	4	7	1	0	1.0000	0.0000	-1.0000	0.5392	NaN	NaN	NaN	4509.6124	4509.9394	0.0000	1.0000	0.2650
50ll03	4	7	1	0	2.0000	0.0000	1.0000	NaN	13.9729	15.1879	13.6413	4510.7858	4511.0867	1.0000	1.0000	0.2945
50ll03	4	8	1	0	1.0000	0.0000	1.0000	0.4846	NaN	NaN	NaN	4513.6964	4514.0231	1.0000	1.0000	0.1591
50ll03	4	8	1	0	2.0000	0.0000	1.0000	NaN	9.9172	9.1454	13.2354	4514.6816	4514.9825	1.0000	1.0000	0.0082
50ll03	4	9	1	0	1.0000	0.0000	1.0000	0.0659	NaN	NaN	NaN	4517.2476	4517.5747	1.0000	1.0000	0.2296
50ll03	4	9	1	0	2.0000	0.0000	1.0000	NaN	1.9927	2.0733	14.4067	4518.3448	4518.6461	1.0000	1.0000	0.0482
50ll03	4	10	1	0	1.0000	0.0000	-1.0000	0.4063	NaN	NaN	NaN	4520.9673	4521.2941	0.0000	1.0000	0.3601
50ll03	4	10	1	0	2.0000	0.0000	1.0000	NaN	13.1778	12.2901	14.9511	4522.2092	4522.5102	1.0000	1.0000	0.0082
50ll03	4	11	1	0	1.0000	0.0000	1.0000	0.2345	NaN	NaN	NaN	4525.0274	4525.3538	1.0000	1.0000	0.0924
50ll03	4	11	1	0	2.0000	0.0000	1.0000	NaN	8.1368	10.5490	14.3902	4525.9779	4526.2792	1.0000	1.0000	0.0085
50ll03	4	12	1	0	1.0000	0.0000	-1.0000	0.1436	NaN	NaN	NaN	4528.4196	4528.7469	1.0000	0.0000	0.1713
50ll03	4	12	1	0	2.0000	0.0000	-1.0000	NaN	7.9715	-6.3284	15.8490	4529.4977	4529.7987	1.0000	0.0000	0.4393
50ll03	4	13	1	0	1.0000	0.0000	1.0000	0.1564	NaN	NaN	NaN	4532.5265	4532.8534	1.0000	1.0000	0.2155
50ll03	4	13	1	0	2.0000	0.0000	1.0000	NaN	4.2587	3.3983	15.4098	4533.5933	4533.8943	1.0000	1.0000	0.0636
50ll03	4	14	1	0	1.0000	0.0000	1.0000	0.6916	NaN	NaN	NaN	4536.4341	4536.7626	1.0000	1.0000	0.1634
50ll03	4	14	1	0	2.0000	0.0000	1.0000	NaN	9.1396	10.6004	14.0262	4537.4489	4537.7499	1.0000	1.0000	0.0085
50ll03	4	15	1	0	1.0000	0.0000	1.0000	0.2792	NaN	NaN	NaN	4539.7504	4540.0772	1.0000	1.0000	0.2573
50ll03	4	15	1	0	2.0000	0.0000	1.0000	NaN	2.8275	3.3793	15.9376	4540.8571	4541.1581	1.0000	1.0000	0.2235
50ll03	4	16	1	0	1.0000	0.0000	-1.0000	0.1079	NaN	NaN	NaN	4543.7811	4544.1088	1.0000	0.0000	0.2012
50ll03	4	16	1	0	2.0000	0.0000	-1.0000	NaN	1.8585	-1.3097	14.4047	4544.8490	4545.1501	1.0000	0.0000	0.4552
50ll03	4	17	1	0	1.0000	0.0000	-1.0000	0.0902	NaN	NaN	NaN	4547.5958	4547.9239	1.0000	0.0000	0.2816
50ll03	4	17	1	0	2.0000	0.0000	-1.0000	NaN	14.7867	-14.8232	15.2102	4548.7369	4549.0379	0.0000	1.0000	0.3762
50ll03	4	18	1	0	1.0000	0.0000	1.0000	0.6386	NaN	NaN	NaN	4552.0212	4552.3500	1.0000	1.0000	0.1348
50ll03	4	18	1	0	2.0000	0.0000	1.0000	NaN	3.5226	1.8207	15.2377	4553.0486	4553.3501	1.0000	1.0000	0.2140
50ll03	4	19	1	0	1.0000	0.0000	1.0000	0.1542	NaN	NaN	NaN	4555.4717	4555.8009	1.0000	1.0000	0.2523
50ll03	4	19	1	0	2.0000	0.0000	1.0000	NaN	2.6178	1.6125	14.0057	4556.6087	4556.9098	1.0000	1.0000	0.1674
50ll03	4	20	1	0	1.0000	0.0000	-1.0000	0.0479	NaN	NaN	NaN	4559.5431	4559.8712	1.0000	0.0000	0.1967
50ll03	4	20	1	0	2.0000	0.0000	-1.0000	NaN	12.8554	-11.7299	15.8389	4560.6442	4560.9457	0.0000	1.0000	0.4277
50ll03	4	21	1	0	1.0000	0.0000	1.0000	0.5201	NaN	NaN	NaN	4563.2790	4563.6066	1.0000	1.0000	0.2141
50ll03	4	21	1	0	2.0000	0.0000	1.0000	NaN	12.7997	14.6755	13.0329	4564.3360	4564.6370	1.0000	1.0000	3.0163
50ll03	4	22	1	0	1.0000	0.0000	-1.0000	0.3415	NaN	NaN	NaN	4569.8162	4570.1429	1.0000	0.0000	0.2778
50ll03	4	22	1	0	2.0000	0.0000	-1.0000	NaN	5.8948	-5.6442	15.9133	4570.9922	4571.2932	0.0000	1.0000	0.3926
50ll03	4	23	1	0	1.0000	0.0000	-1.0000	0.7187	NaN	NaN	NaN	4574.0553	4574.3841	1.0000	0.0000	0.2541
50ll03	4	23	1	0	2.0000	0.0000	-1.0000	NaN	1.3469	-2.0003	15.3291	4575.2191	4575.5200	0.0000	1.0000	0.2610
50ll03	4	24	1	0	1.0000	0.0000	-1.0000	0.4882	NaN	NaN	NaN	4577.5883	4577.9145	0.0000	1.0000	0.3232
50ll03	4	24	1	0	2.0000	0.0000	1.0000	NaN	13.9729	12.7276	13.9079	4578.8080	4579.1089	1.0000	1.0000	0.0790
50ll03	4	25	1	0	1.0000	0.0000	1.0000	0.1266	NaN	NaN	NaN	4581.2047	4581.5320	1.0000	1.0000	0.1941
50ll03	4	25	1	0	2.0000	0.0000	1.0000	NaN	18.2960	17.3495	15.8168	4582.2657	4582.5669	1.0000	1.0000	0.0309
50ll03	4	26	1	0	1.0000	0.0000	1.0000	0.7889	NaN	NaN	NaN	4584.6777	4585.0048	1.0000	1.0000	0.1110
50ll03	4	26	1	0	2.0000	0.0000	1.0000	NaN	14.4964	15.3883	14.2582	4585.6410	4585.9420	1.0000	1.0000	0.0087
50ll03	4	27	1	0	1.0000	0.0000	1.0000	0.0735	NaN	NaN	NaN	4588.0840	4588.4130	1.0000	1.0000	0.2229
50ll03	4	27	1	0	2.0000	0.0000	1.0000	NaN	7.6403	4.4666	15.4100	4589.2169	4589.5179	1.0000	1.0000	0.1204
50ll03	4	28	1	0	1.0000	0.0000	1.0000	0.3802	NaN	NaN	NaN	4591.5007	4591.8292	1.0000	1.0000	0.1906
50ll03	4	28	1	0	2.0000	0.0000	1.0000	NaN	2.8788	1.2387	16.0084	4592.5863	4592.8875	1.0000	1.0000	0.0123
50ll03	4	29	1	0	1.0000	0.0000	-1.0000	0.0969	NaN	NaN	NaN	4594.7480	4595.0766	0.0000	1.0000	0.3206
50ll03	4	29	1	0	2.0000	0.0000	1.0000	NaN	11.1124	11.2731	16.2591	4595.9770	4596.2785	1.0000	1.0000	0.0547
50ll03	4	30	1	0	1.0000	0.0000	-1.0000	0.2674	NaN	NaN	NaN	4598.3131	4598.6391	1.0000	0.0000	0.2458
50ll03	4	30	1	0	2.0000	0.0000	-1.0000	NaN	8.8044	-9.4552	15.7192	4599.4402	4599.7414	0.0000	1.0000	0.2655
50ll03	4	31	1	0	1.0000	0.0000	1.0000	0.4898	NaN	NaN	NaN	4602.3515	4602.6798	1.0000	1.0000	0.1340
50ll03	4	31	1	0	2.0000	0.0000	1.0000	NaN	11.6432	12.4944	15.2413	4603.4013	4603.7022	1.0000	1.0000	0.0084
50ll03	4	32	1	0	1.0000	0.0000	-1.0000	0.5792	NaN	NaN	NaN	4606.1660	4606.4934	0.0000	1.0000	0.2156
50ll03	4	32	1	0	2.0000	0.0000	1.0000	NaN	2.0125	1.3602	15.9253	4607.3199	4607.6214	1.0000	1.0000	0.0390
50ll03	4	33	1	0	1.0000	0.0000	1.0000	0.5606	NaN	NaN	NaN	4609.7824	4610.1100	1.0000	1.0000	0.1181
50ll03	4	33	1	0	2.0000	0.0000	1.0000	NaN	12.5643	12.2849	15.2163	4610.8091	4611.1101	1.0000	1.0000	0.0085
50ll03	4	34	1	0	1.0000	0.0000	-1.0000	0.6433	NaN	NaN	NaN	4613.3938	4613.7216	0.0000	1.0000	0.2598
50ll03	4	34	1	0	2.0000	0.0000	1.0000	NaN	0.5508	1.5599	14.1165	4614.5681	4614.8691	1.0000	1.0000	0.0084
50ll03	4	35	1	0	1.0000	0.0000	-1.0000	0.2395	NaN	NaN	NaN	4616.8358	4617.1633	1.0000	0.0000	0.2652
50ll03	4	35	1	0	2.0000	0.0000	-1.0000	NaN	0.8737	-1.0747	15.7811	4617.9912	4618.2922	1.0000	0.0000	0.0082
50ll03	4	36	1	0	1.0000	0.0000	1.0000	0.5723	NaN	NaN	NaN	4620.4333	4620.7607	1.0000	1.0000	0.0763
50ll03	4	36	1	0	2.0000	0.0000	1.0000	NaN	9.4340	8.0351	14.2437	4621.3843	4621.6853	1.0000	1.0000	0.0084
50ll03	4	37	1	0	1.0000	0.0000	-1.0000	0.6081	NaN	NaN	NaN	4623.9700	4624.2980	0.0000	1.0000	0.2833
50ll03	4	37	1	0	2.0000	0.0000	1.0000	NaN	14.2080	16.1025	14.7573	4625.1680	4625.4690	1.0000	1.0000	0.0323
50ll03	4	38	1	0	1.0000	0.0000	1.0000	0.5174	NaN	NaN	NaN	4627.8825	4628.2090	1.0000	1.0000	0.1007
50ll03	4	38	1	0	2.0000	0.0000	1.0000	NaN	7.1369	5.1937	15.2189	4628.8580	4629.1593	1.0000	1.0000	3.3902
50ll03	4	39	1	0	1.0000	0.0000	-1.0000	0.4847	NaN	NaN	NaN	4634.7060	4635.0331	0.0000	1.0000	0.4441
50ll03	4	39	1	0	2.0000	0.0000	1.0000	NaN	18.1797	18.2436	15.2607	4636.0494	4636.3503	1.0000	1.0000	0.0084
50ll03	4	40	1	0	1.0000	0.0000	-1.0000	0.6870	NaN	NaN	NaN	4638.4053	4638.7332	0.0000	1.0000	0.1925
50ll03	4	40	1	0	2.0000	0.0000	1.0000	NaN	12.1540	12.7406	13.8663	4639.4879	4639.7888	1.0000	1.0000	0.0085
50ll03	4	41	1	0	1.0000	0.0000	1.0000	0.4374	NaN	NaN	NaN	4642.0631	4642.3899	1.0000	1.0000	0.1196
50ll03	4	41	1	0	2.0000	0.0000	1.0000	NaN	12.2020	15.1217	16.3191	4643.0877	4643.3887	1.0000	1.0000	0.0083
50ll03	4	42	1	0	1.0000	0.0000	1.0000	0.1652	NaN	NaN	NaN	4645.4462	4645.7736	1.0000	1.0000	0.1184
50ll03	4	42	1	0	2.0000	0.0000	1.0000	NaN	7.3190	6.7443	14.1697	4646.4959	4646.7969	1.0000	1.0000	0.0146
50ll03	4	43	1	0	1.0000	0.0000	1.0000	0.4655	NaN	NaN	NaN	4649.0933	4649.4198	1.0000	1.0000	0.0886
50ll03	4	43	1	0	2.0000	0.0000	1.0000	NaN	10.3650	9.8090	14.1750	4650.1056	4650.4067	1.0000	1.0000	0.0087
50ll03	4	44	1	0	1.0000	0.0000	-1.0000	0.2383	NaN	NaN	NaN	4652.2904	4652.6199	0.0000	1.0000	0.1617
50ll03	4	44	1	0	2.0000	0.0000	1.0000	NaN	6.0091	5.0921	14.7814	4653.3528	4653.6538	1.0000	1.0000	2.9735
50ll03	4	45	1	0	1.0000	0.0000	-1.0000	0.5352	NaN	NaN	NaN	4659.0759	4659.4037	0.0000	1.0000	0.2794
50ll03	4	45	1	0	2.0000	0.0000	1.0000	NaN	1.5737	1.9472	15.1900	4660.2641	4660.5651	1.0000	1.0000	0.0703
50ll03	4	46	1	0	1.0000	0.0000	1.0000	0.2059	NaN	NaN	NaN	4662.9485	4663.2757	1.0000	1.0000	0.0397
50ll03	4	46	1	0	2.0000	0.0000	1.0000	NaN	11.5639	10.1861	14.3553	4663.9208	4664.2218	1.0000	1.0000	0.0084
50ll03	4	47	1	0	1.0000	0.0000	1.0000	0.2965	NaN	NaN	NaN	4666.4694	4666.7965	1.0000	1.0000	0.0067
50ll03	4	47	1	0	2.0000	0.0000	1.0000	NaN	2.0962	2.9716	15.0311	4667.4161	4667.7171	1.0000	1.0000	0.0085
50ll03	4	48	1	0	1.0000	0.0000	-1.0000	0.0511	NaN	NaN	NaN	4670.1993	4670.5263	0.0000	1.0000	0.3029
50ll03	4	48	1	0	2.0000	0.0000	1.0000	NaN	7.6265	7.3878	15.3150	4671.4081	4671.7093	1.0000	1.0000	0.1032
50ll03	4	49	1	0	1.0000	0.0000	1.0000	0.4323	NaN	NaN	NaN	4674.4837	4674.8122	1.0000	1.0000	0.1211
50ll03	4	49	1	0	2.0000	0.0000	1.0000	NaN	18.7775	17.1742	16.4226	4675.5440	4675.8452	1.0000	1.0000	0.0087
50ll03	4	50	1	0	1.0000	0.0000	1.0000	0.0054	NaN	NaN	NaN	4678.0459	4678.3729	1.0000	1.0000	0.2876
50ll03	4	50	1	0	2.0000	0.0000	1.0000	NaN	11.3511	11.1396	14.3062	4679.2478	4679.5488	1.0000	1.0000	0.0084
50ll03	5	1	1	0	1.0000	0.0000	1.0000	0.0256	NaN	NaN	NaN	4686.9305	4687.2584	1.0000	1.0000	0.1766
50ll03	5	1	1	0	2.0000	0.0000	1.0000	NaN	5.2201	4.7306	14.8302	4688.0161	4688.3170	1.0000	1.0000	0.0958
50ll03	5	2	1	0	1.0000	0.0000	1.0000	0.6344	NaN	NaN	NaN	4690.6923	4691.0207	1.0000	1.0000	0.1045
50ll03	5	2	1	0	2.0000	0.0000	1.0000	NaN	6.0043	6.5609	15.0216	4691.7136	4692.0147	1.0000	1.0000	0.0943
50ll03	5	3	1	0	1.0000	0.0000	1.0000	0.1061	NaN	NaN	NaN	4694.4642	4694.7906	1.0000	1.0000	0.2290
50ll03	5	3	1	0	2.0000	0.0000	1.0000	NaN	13.6236	13.3950	13.8676	4695.5989	4695.8999	1.0000	1.0000	0.1276
50ll03	5	4	1	0	1.0000	0.0000	-1.0000	0.1927	NaN	NaN	NaN	4698.5261	4698.8537	1.0000	0.0000	0.2472
50ll03	5	4	1	0	2.0000	0.0000	-1.0000	NaN	2.3246	-2.4504	14.7506	4699.7037	4700.0047	0.0000	1.0000	0.1919
50ll03	5	5	1	0	1.0000	0.0000	1.0000	0.7950	NaN	NaN	NaN	4702.1263	4702.4536	1.0000	1.0000	0.1430
50ll03	5	5	1	0	2.0000	0.0000	1.0000	NaN	9.9469	7.9735	14.9704	4703.1998	4703.5011	1.0000	1.0000	0.0083
50ll03	5	6	1	0	1.0000	0.0000	-1.0000	0.2362	NaN	NaN	NaN	4705.5757	4705.9024	0.0000	1.0000	0.3104
50ll03	5	6	1	0	2.0000	0.0000	1.0000	NaN	4.4746	5.6097	15.3588	4706.7746	4707.0766	1.0000	1.0000	0.0084
50ll03	5	7	1	0	1.0000	0.0000	1.0000	0.2409	NaN	NaN	NaN	4709.1975	4709.5251	1.0000	1.0000	0.1099
50ll03	5	7	1	0	2.0000	0.0000	1.0000	NaN	2.5283	2.1402	15.3602	4710.2401	4710.5413	1.0000	1.0000	0.0084
50ll03	5	8	1	0	1.0000	0.0000	-1.0000	0.2192	NaN	NaN	NaN	4712.7497	4713.0776	0.0000	1.0000	0.2473
50ll03	5	8	1	0	2.0000	0.0000	1.0000	NaN	0.7019	0.3961	15.7446	4713.9298	4714.2309	1.0000	1.0000	0.1262
50ll03	5	9	1	0	1.0000	0.0000	-1.0000	0.4078	NaN	NaN	NaN	4717.0357	4717.3648	0.0000	1.0000	0.2554
50ll03	5	9	1	0	2.0000	0.0000	1.0000	NaN	1.6120	2.5355	14.4156	4718.2068	4718.5078	1.0000	1.0000	0.0084
50ll03	5	10	1	0	1.0000	0.0000	1.0000	0.2885	NaN	NaN	NaN	4720.6302	4720.9569	1.0000	1.0000	0.1595
50ll03	5	10	1	0	2.0000	0.0000	1.0000	NaN	13.8802	14.2563	16.4102	4721.7205	4722.0215	1.0000	1.0000	0.0084
50ll03	5	11	1	0	1.0000	0.0000	1.0000	0.5374	NaN	NaN	NaN	4723.9553	4724.2820	1.0000	1.0000	0.2191
50ll03	5	11	1	0	2.0000	0.0000	1.0000	NaN	3.5897	3.0642	15.7826	4725.0628	4725.3638	1.0000	1.0000	0.0091
50ll03	5	12	1	0	1.0000	0.0000	1.0000	0.0670	NaN	NaN	NaN	4727.7816	4728.1080	1.0000	1.0000	0.1841
50ll03	5	12	1	0	2.0000	0.0000	1.0000	NaN	2.5103	0.7797	14.8570	4728.8944	4729.1954	1.0000	1.0000	0.3768
50ll03	5	13	1	0	1.0000	0.0000	1.0000	0.4722	NaN	NaN	NaN	4732.1530	4732.4805	1.0000	1.0000	0.1403
50ll03	5	13	1	0	2.0000	0.0000	1.0000	NaN	2.9171	5.6050	15.2190	4733.2228	4733.5240	1.0000	1.0000	0.0085
50ll03	5	14	1	0	1.0000	0.0000	-1.0000	0.6435	NaN	NaN	NaN	4736.0161	4736.3435	0.0000	1.0000	0.2451
50ll03	5	14	1	0	2.0000	0.0000	1.0000	NaN	4.2949	5.8265	14.9256	4737.1915	4737.4925	1.0000	1.0000	0.0083
50ll03	5	15	1	0	1.0000	0.0000	1.0000	0.2667	NaN	NaN	NaN	4739.9916	4740.3187	1.0000	1.0000	0.2621
50ll03	5	15	1	0	2.0000	0.0000	1.0000	NaN	5.6051	5.2027	15.0994	4741.1753	4741.4763	1.0000	1.0000	0.0465
50ll03	5	16	1	0	1.0000	0.0000	1.0000	0.5593	NaN	NaN	NaN	4743.9542	4744.2822	1.0000	1.0000	0.1550
50ll03	5	16	1	0	2.0000	0.0000	1.0000	NaN	2.3626	1.5106	13.3035	4745.0311	4745.3321	1.0000	1.0000	0.0084
50ll03	5	17	1	0	1.0000	0.0000	1.0000	0.3347	NaN	NaN	NaN	4747.9151	4748.2420	1.0000	1.0000	0.2109
50ll03	5	17	1	0	2.0000	0.0000	1.0000	NaN	12.3820	13.3823	14.9078	4749.0313	4749.3324	1.0000	1.0000	0.0487
50ll03	5	18	1	0	1.0000	0.0000	1.0000	0.7795	NaN	NaN	NaN	4751.8862	4752.2141	1.0000	1.0000	0.1350
50ll03	5	18	1	0	2.0000	0.0000	1.0000	NaN	16.3419	16.7827	15.8827	4752.9352	4753.2363	1.0000	1.0000	0.0090
50ll03	5	19	1	0	1.0000	0.0000	-1.0000	0.5253	NaN	NaN	NaN	4755.2201	4755.5480	0.0000	1.0000	0.2066
50ll03	5	19	1	0	2.0000	0.0000	1.0000	NaN	12.9919	10.0890	15.9496	4756.3440	4756.6451	1.0000	1.0000	0.0083
50ll03	5	20	1	0	1.0000	0.0000	1.0000	0.7704	NaN	NaN	NaN	4758.8930	4759.2191	1.0000	1.0000	0.0575
50ll03	5	20	1	0	2.0000	0.0000	1.0000	NaN	10.3152	11.7030	14.2611	4759.8621	4760.1630	1.0000	1.0000	0.0083
50ll03	5	21	1	0	1.0000	0.0000	1.0000	0.3618	NaN	NaN	NaN	4762.7628	4763.0906	1.0000	1.0000	0.1618
50ll03	5	21	1	0	2.0000	0.0000	1.0000	NaN	1.5801	3.3807	14.5303	4763.8463	4764.1475	1.0000	1.0000	0.0082
50ll03	5	22	1	0	1.0000	0.0000	1.0000	0.2762	NaN	NaN	NaN	4766.5144	4766.8424	1.0000	1.0000	0.0499
50ll03	5	22	1	0	2.0000	0.0000	1.0000	NaN	11.0099	9.3148	15.8605	4767.5039	4767.8049	1.0000	1.0000	0.0084
50ll03	5	23	1	0	1.0000	0.0000	1.0000	0.7678	NaN	NaN	NaN	4769.8693	4770.1969	1.0000	1.0000	0.1595
50ll03	5	23	1	0	2.0000	0.0000	1.0000	NaN	10.8429	11.5365	14.7752	4770.9350	4771.2360	1.0000	1.0000	0.0083
50ll03	5	24	1	0	1.0000	0.0000	1.0000	0.4287	NaN	NaN	NaN	4773.3343	4773.6624	1.0000	1.0000	0.0851
50ll03	5	24	1	0	2.0000	0.0000	1.0000	NaN	2.0576	3.2251	14.9698	4774.3345	4774.6356	1.0000	1.0000	0.0083
50ll03	5	25	1	0	1.0000	0.0000	1.0000	0.0753	NaN	NaN	NaN	4776.7549	4777.0827	1.0000	1.0000	0.1775
50ll03	5	25	1	0	2.0000	0.0000	1.0000	NaN	9.9040	12.4104	14.7328	4777.8631	4778.1641	1.0000	1.0000	0.0545
50ll03	5	26	1	0	1.0000	0.0000	-1.0000	0.7267	NaN	NaN	NaN	4780.3765	4780.7037	0.0000	1.0000	0.2507
50ll03	5	26	1	0	2.0000	0.0000	1.0000	NaN	18.4686	17.7678	15.3298	4781.5433	4781.8443	1.0000	1.0000	0.0085
50ll03	5	27	1	0	1.0000	0.0000	-1.0000	0.7151	NaN	NaN	NaN	4784.2911	4784.6181	0.0000	1.0000	0.2102
50ll03	5	27	1	0	2.0000	0.0000	1.0000	NaN	15.0607	15.1768	13.5425	4785.4069	4785.7079	1.0000	1.0000	0.0086
50ll03	5	28	1	0	1.0000	0.0000	-1.0000	0.6819	NaN	NaN	NaN	4787.9981	4788.3250	0.0000	1.0000	0.1668
50ll03	5	28	1	0	2.0000	0.0000	1.0000	NaN	17.6061	18.6263	16.2716	4789.0554	4789.3564	1.0000	1.0000	0.0084
50ll03	5	29	1	0	1.0000	0.0000	1.0000	0.1330	NaN	NaN	NaN	4791.6873	4792.0164	1.0000	1.0000	0.1860
50ll03	5	29	1	0	2.0000	0.0000	1.0000	NaN	11.3475	11.9663	12.8954	4792.7846	4793.0856	1.0000	1.0000	0.0082
50ll03	5	30	1	0	1.0000	0.0000	-1.0000	0.6379	NaN	NaN	NaN	4795.6349	4795.9624	1.0000	0.0000	0.1541
50ll03	5	30	1	0	2.0000	0.0000	-1.0000	NaN	5.8665	-6.4757	14.3248	4796.7199	4797.0209	0.0000	1.0000	0.1116
50ll03	5	31	1	0	1.0000	0.0000	-1.0000	0.2554	NaN	NaN	NaN	4799.3947	4799.7210	1.0000	0.0000	0.2511
50ll03	5	31	1	0	2.0000	0.0000	-1.0000	NaN	2.2472	-2.1958	15.9102	4800.5515	4800.8526	1.0000	0.0000	0.2238
50ll03	5	32	1	0	1.0000	0.0000	1.0000	0.5058	NaN	NaN	NaN	4803.0246	4803.3513	1.0000	1.0000	0.2931
50ll03	5	32	1	0	2.0000	0.0000	1.0000	NaN	0.6030	2.0690	14.0959	4804.2192	4804.5201	1.0000	1.0000	4.0033
50ll03	5	33	1	0	1.0000	0.0000	1.0000	0.5712	NaN	NaN	NaN	4810.6043	4810.9329	1.0000	1.0000	0.2223
50ll03	5	33	1	0	2.0000	0.0000	1.0000	NaN	4.1800	5.5150	13.7507	4811.7437	4812.0447	1.0000	1.0000	0.0084
50ll03	5	34	1	0	1.0000	0.0000	-1.0000	0.6832	NaN	NaN	NaN	4814.1694	4814.4971	1.0000	0.0000	0.0330
50ll03	5	34	1	0	2.0000	0.0000	-1.0000	NaN	10.5667	-11.2791	15.2982	4815.1185	4815.4195	0.0000	1.0000	0.0707
50ll03	5	35	1	0	1.0000	0.0000	-1.0000	0.1337	NaN	NaN	NaN	4817.6457	4817.9724	1.0000	0.0000	0.3041
50ll03	5	35	1	0	2.0000	0.0000	-1.0000	NaN	11.7053	-12.9753	14.6409	4818.8634	4819.1644	0.0000	1.0000	0.2309
50ll03	5	36	1	0	1.0000	0.0000	-1.0000	0.3268	NaN	NaN	NaN	4822.0610	4822.3883	1.0000	0.0000	0.1594
50ll03	5	36	1	0	2.0000	0.0000	-1.0000	NaN	14.1133	-12.8864	14.9390	4823.1332	4823.4342	0.0000	1.0000	0.1839
50ll03	5	37	1	0	1.0000	0.0000	-1.0000	0.7356	NaN	NaN	NaN	4825.9572	4826.2843	0.0000	1.0000	0.2219
50ll03	5	37	1	0	2.0000	0.0000	1.0000	NaN	0.0217	1.6057	14.6835	4827.0978	4827.3989	1.0000	1.0000	0.0833
50ll03	5	38	1	0	1.0000	0.0000	1.0000	0.0303	NaN	NaN	NaN	4829.4716	4829.7995	1.0000	1.0000	0.2687
50ll03	5	38	1	0	2.0000	0.0000	1.0000	NaN	16.6857	17.6576	16.0295	4830.6242	4830.9253	1.0000	1.0000	0.2128
50ll03	5	39	1	0	1.0000	0.0000	-1.0000	0.3782	NaN	NaN	NaN	4833.4794	4833.8069	0.0000	1.0000	0.3009
50ll03	5	39	1	0	2.0000	0.0000	1.0000	NaN	4.3448	5.6009	14.1569	4834.6544	4834.9554	0.0000	0.0000	0.3045
50ll03	5	40	1	0	1.0000	0.0000	-1.0000	0.6620	NaN	NaN	NaN	4837.5649	4837.8908	1.0000	0.0000	0.3051
50ll03	5	40	1	0	2.0000	0.0000	-1.0000	NaN	18.5235	-18.2364	14.5382	4838.7748	4839.0767	0.0000	1.0000	0.1905
50ll03	5	41	1	0	1.0000	0.0000	1.0000	0.5121	NaN	NaN	NaN	4841.6975	4842.0255	1.0000	1.0000	0.1303
50ll03	5	41	1	0	2.0000	0.0000	1.0000	NaN	18.0528	19.0725	15.2782	4842.7274	4843.0284	1.0000	1.0000	3.1815
50ll03	5	42	1	0	1.0000	0.0000	1.0000	0.2611	NaN	NaN	NaN	4848.8268	4849.1539	1.0000	1.0000	0.1200
50ll03	5	42	1	0	2.0000	0.0000	1.0000	NaN	1.9911	2.4411	14.6790	4849.8546	4850.1558	1.0000	1.0000	0.0084
50ll03	5	43	1	0	1.0000	0.0000	-1.0000	0.2541	NaN	NaN	NaN	4852.1241	4852.4520	1.0000	0.0000	0.1995
50ll03	5	43	1	0	2.0000	0.0000	-1.0000	NaN	4.1011	-2.4466	14.6174	4853.2388	4853.5398	1.0000	0.0000	0.0086
50ll03	5	44	1	0	1.0000	0.0000	-1.0000	0.0775	NaN	NaN	NaN	4855.4802	4855.8094	1.0000	0.0000	0.3045
50ll03	5	44	1	0	2.0000	0.0000	-1.0000	NaN	2.4877	-3.0293	13.9965	4856.6952	4856.9961	0.0000	1.0000	0.2712
50ll03	5	45	1	0	1.0000	0.0000	-1.0000	0.3733	NaN	NaN	NaN	4859.1547	4859.4834	1.0000	0.0000	0.2305
50ll03	5	45	1	0	2.0000	0.0000	-1.0000	NaN	14.4008	-15.7205	13.6550	4860.2945	4860.5955	0.0000	1.0000	0.1828
50ll03	5	46	1	0	1.0000	0.0000	-1.0000	0.7278	NaN	NaN	NaN	4863.1513	4863.4808	0.0000	1.0000	0.2830
50ll03	5	46	1	0	2.0000	0.0000	1.0000	NaN	16.5818	16.6178	15.1652	4864.3419	4864.6429	1.0000	1.0000	0.0881
50ll03	5	47	1	0	1.0000	0.0000	1.0000	0.3176	NaN	NaN	NaN	4866.9694	4867.2975	1.0000	1.0000	0.1146
50ll03	5	47	1	0	2.0000	0.0000	1.0000	NaN	6.9263	6.1082	15.3983	4867.9666	4868.2676	1.0000	1.0000	0.0085
50ll03	5	48	1	0	1.0000	0.0000	1.0000	0.4391	NaN	NaN	NaN	4870.6269	4870.9541	1.0000	1.0000	0.0892
50ll03	5	48	1	0	2.0000	0.0000	1.0000	NaN	9.8236	10.2055	15.2737	4871.6224	4871.9235	1.0000	1.0000	0.0085
50ll03	5	49	1	0	1.0000	0.0000	-1.0000	0.2087	NaN	NaN	NaN	4873.8801	4874.2089	1.0000	0.0000	0.1542
50ll03	5	49	1	0	2.0000	0.0000	-1.0000	NaN	15.0815	-15.6721	15.0735	4874.9263	4875.2274	0.0000	1.0000	0.0784
50ll03	5	50	1	0	1.0000	0.0000	-1.0000	0.6785	NaN	NaN	NaN	4877.8606	4878.1875	1.0000	0.0000	0.2006
50ll03	5	50	1	0	2.0000	0.0000	-1.0000	NaN	3.9474	-3.7620	16.6744	4878.9506	4879.2517	1.0000	0.0000	0.3669
50ll03	6	1	1	0	1.0000	0.0000	-1.0000	0.3523	NaN	NaN	NaN	4885.3005	4885.6276	0.0000	1.0000	0.2141
50ll03	6	1	1	0	2.0000	0.0000	1.0000	NaN	7.1925	8.0414	16.0425	4886.4630	4886.7640	1.0000	1.0000	0.0479
50ll03	6	2	1	0	1.0000	0.0000	1.0000	0.6115	NaN	NaN	NaN	4889.4653	4889.7951	1.0000	1.0000	0.1923
50ll03	6	2	1	0	2.0000	0.0000	1.0000	NaN	11.8959	12.8108	15.0860	4890.5346	4890.8356	1.0000	1.0000	3.8719
50ll03	6	3	1	0	1.0000	0.0000	1.0000	0.2715	NaN	NaN	NaN	4896.6805	4897.0074	1.0000	1.0000	0.1481
50ll03	6	3	1	0	2.0000	0.0000	1.0000	NaN	5.5415	5.9707	15.7395	4897.7586	4898.0598	1.0000	1.0000	0.0081
50ll03	6	4	1	0	1.0000	0.0000	-1.0000	0.5265	NaN	NaN	NaN	4900.3851	4900.7128	1.0000	0.0000	0.0746
50ll03	6	4	1	0	2.0000	0.0000	-1.0000	NaN	13.6273	-13.9129	14.3499	4901.4071	4901.7081	0.0000	1.0000	0.1175
50ll03	6	5	1	0	1.0000	0.0000	1.0000	0.5943	NaN	NaN	NaN	4904.0479	4904.3749	1.0000	1.0000	0.1878
50ll03	6	5	1	0	2.0000	0.0000	1.0000	NaN	4.4266	4.6657	13.6650	4905.1273	4905.4284	1.0000	1.0000	3.5273
50ll03	6	6	1	0	1.0000	0.0000	1.0000	0.0486	NaN	NaN	NaN	4910.9270	4911.2548	1.0000	1.0000	0.1959
50ll03	6	6	1	0	2.0000	0.0000	1.0000	NaN	7.5261	6.4602	16.4280	4912.0146	4912.3156	1.0000	1.0000	0.0083
50ll03	6	7	1	0	1.0000	0.0000	-1.0000	0.5450	NaN	NaN	NaN	4914.6396	4914.9676	1.0000	0.0000	0.0678
50ll03	6	7	1	0	2.0000	0.0000	-1.0000	NaN	9.3342	-9.1157	14.1984	4915.6052	4915.9062	0.0000	1.0000	0.0086
50ll03	6	8	1	0	1.0000	0.0000	1.0000	0.6394	NaN	NaN	NaN	4918.3698	4918.6971	1.0000	1.0000	0.0884
50ll03	6	8	1	0	2.0000	0.0000	1.0000	NaN	1.8608	3.9198	15.5915	4919.3897	4919.6906	1.0000	1.0000	2.1760
50ll03	6	9	1	0	1.0000	0.0000	1.0000	0.3450	NaN	NaN	NaN	4924.0141	4924.3420	1.0000	1.0000	0.0853
50ll03	6	9	1	0	2.0000	0.0000	1.0000	NaN	8.5154	9.3602	14.0627	4925.0143	4925.3153	1.0000	1.0000	0.0085
50ll03	6	10	1	0	1.0000	0.0000	1.0000	0.4016	NaN	NaN	NaN	4927.6817	4928.0092	1.0000	1.0000	0.0509
50ll03	6	10	1	0	2.0000	0.0000	1.0000	NaN	9.0467	7.8198	14.9808	4928.6211	4928.9221	1.0000	1.0000	0.0085
50ll03	6	11	1	0	1.0000	0.0000	1.0000	0.6085	NaN	NaN	NaN	4930.9647	4931.2919	1.0000	1.0000	0.0391
50ll03	6	11	1	0	2.0000	0.0000	1.0000	NaN	14.0083	14.1956	15.9015	4931.9269	4932.2279	1.0000	1.0000	0.0090
50ll03	6	12	1	0	1.0000	0.0000	-1.0000	0.7338	NaN	NaN	NaN	4934.6024	4934.9307	1.0000	0.0000	0.1050
50ll03	6	12	1	0	2.0000	0.0000	-1.0000	NaN	13.3218	-14.0315	14.7486	4935.6137	4935.9151	0.0000	1.0000	0.0084
50ll03	6	13	1	0	1.0000	0.0000	1.0000	0.2590	NaN	NaN	NaN	4938.3267	4938.6542	1.0000	1.0000	0.0511
50ll03	6	13	1	0	2.0000	0.0000	1.0000	NaN	14.7926	15.9863	13.8009	4939.2783	4939.5794	1.0000	1.0000	0.0083
50ll03	6	14	1	0	1.0000	0.0000	-1.0000	0.6177	NaN	NaN	NaN	4941.6974	4942.0251	0.0000	1.0000	0.2003
50ll03	6	14	1	0	2.0000	0.0000	1.0000	NaN	7.4796	8.7637	15.1295	4942.8470	4943.1480	1.0000	1.0000	0.0150
50ll03	6	15	1	0	1.0000	0.0000	-1.0000	0.6850	NaN	NaN	NaN	4945.3502	4945.6786	0.0000	1.0000	0.1729
50ll03	6	15	1	0	2.0000	0.0000	1.0000	NaN	11.7259	12.7308	14.9162	4946.4786	4946.7803	1.0000	1.0000	0.0083
50ll03	6	16	1	0	1.0000	0.0000	-1.0000	0.0455	NaN	NaN	NaN	4948.6181	4948.9464	1.0000	0.0000	0.2228
50ll03	6	16	1	0	2.0000	0.0000	-1.0000	NaN	9.8377	-8.7567	15.0697	4949.7339	4950.0349	0.0000	1.0000	0.0464
50ll03	6	17	1	0	1.0000	0.0000	-1.0000	0.6850	NaN	NaN	NaN	4952.4026	4952.7305	0.0000	1.0000	0.1682
50ll03	6	17	1	0	2.0000	0.0000	1.0000	NaN	16.4738	16.8754	14.5925	4953.4781	4953.7791	1.0000	1.0000	0.0086
50ll03	6	18	1	0	1.0000	0.0000	-1.0000	0.0287	NaN	NaN	NaN	4955.7941	4956.1223	1.0000	0.0000	0.4803
50ll03	6	18	1	0	2.0000	0.0000	-1.0000	NaN	3.3153	-3.3145	15.6068	4957.1581	4957.4591	1.0000	0.0000	0.2718
50ll03	6	19	1	0	1.0000	0.0000	-1.0000	0.7542	NaN	NaN	NaN	4959.6857	4960.0136	0.0000	1.0000	0.1492
50ll03	6	19	1	0	2.0000	0.0000	1.0000	NaN	5.6797	7.1275	16.1960	4960.7339	4961.0350	1.0000	1.0000	0.0098
50ll03	6	20	1	0	1.0000	0.0000	-1.0000	0.2332	NaN	NaN	NaN	4963.3606	4963.6882	1.0000	0.0000	0.3311
50ll03	6	20	1	0	2.0000	0.0000	-1.0000	NaN	11.6324	-11.3419	16.7787	4964.5896	4964.8907	0.0000	1.0000	0.1185
50ll03	6	21	1	0	1.0000	0.0000	1.0000	0.4512	NaN	NaN	NaN	4966.8741	4967.2012	1.0000	1.0000	0.0887
50ll03	6	21	1	0	2.0000	0.0000	1.0000	NaN	3.4721	4.0179	13.0643	4967.8051	4968.1061	1.0000	1.0000	3.6405
50ll03	6	22	1	0	1.0000	0.0000	1.0000	0.4714	NaN	NaN	NaN	4973.7029	4974.0309	1.0000	1.0000	0.1481
50ll03	6	22	1	0	2.0000	0.0000	1.0000	NaN	3.9160	2.1262	14.6831	4974.7335	4975.0346	1.0000	1.0000	0.1745
50ll03	6	23	1	0	1.0000	0.0000	-1.0000	0.3975	NaN	NaN	NaN	4977.5915	4977.9192	1.0000	0.0000	0.0912
50ll03	6	23	1	0	2.0000	0.0000	-1.0000	NaN	2.7825	-4.4537	14.2852	4978.5575	4978.8589	0.0000	1.0000	0.3196
50ll03	6	24	1	0	1.0000	0.0000	1.0000	0.4102	NaN	NaN	NaN	4981.3656	4981.6939	1.0000	1.0000	0.0848
50ll03	6	24	1	0	2.0000	0.0000	1.0000	NaN	15.4125	17.7870	15.8022	4982.3181	4982.6191	1.0000	1.0000	2.7419
50ll03	6	25	1	0	1.0000	0.0000	1.0000	0.0423	NaN	NaN	NaN	4987.7936	4988.1203	1.0000	1.0000	0.1047
50ll03	6	25	1	0	2.0000	0.0000	1.0000	NaN	13.9089	13.8978	15.3159	4988.8213	4989.1229	1.0000	1.0000	0.0085
50ll03	6	26	1	0	1.0000	0.0000	1.0000	0.0835	NaN	NaN	NaN	4991.0711	4991.3986	1.0000	1.0000	0.2503
50ll03	6	26	1	0	2.0000	0.0000	1.0000	NaN	14.0538	13.2613	15.1045	4992.1824	4992.4835	1.0000	1.0000	0.0085
50ll03	6	27	1	0	1.0000	0.0000	1.0000	0.4279	NaN	NaN	NaN	4994.8065	4995.1335	1.0000	1.0000	0.1154
50ll03	6	27	1	0	2.0000	0.0000	1.0000	NaN	6.6113	5.1810	13.1033	4995.8222	4996.1231	1.0000	1.0000	0.0084
50ll03	6	28	1	0	1.0000	0.0000	1.0000	0.2910	NaN	NaN	NaN	4998.5967	4998.9243	1.0000	1.0000	0.0863
50ll03	6	28	1	0	2.0000	0.0000	1.0000	NaN	0.9337	1.8653	16.2170	4999.5736	4999.8746	1.0000	1.0000	0.0086
50ll03	6	29	1	0	1.0000	0.0000	-1.0000	0.4263	NaN	NaN	NaN	5001.9054	5002.2326	1.0000	0.0000	0.0007
50ll03	6	29	1	0	2.0000	0.0000	-1.0000	NaN	14.6875	-14.2625	14.5339	5002.7658	5003.0667	0.0000	1.0000	0.0795
50ll03	6	30	1	0	1.0000	0.0000	-1.0000	0.1579	NaN	NaN	NaN	5005.4335	5005.7606	1.0000	0.0000	0.2182
50ll03	6	30	1	0	2.0000	0.0000	-1.0000	NaN	1.7601	-0.2548	15.1448	5006.5332	5006.8342	1.0000	0.0000	0.0085
50ll03	6	31	1	0	1.0000	0.0000	-1.0000	0.1799	NaN	NaN	NaN	5009.2495	5009.5776	1.0000	0.0000	0.1452
50ll03	6	31	1	0	2.0000	0.0000	-1.0000	NaN	12.5889	-13.0721	14.2091	5010.2690	5010.5701	0.0000	1.0000	0.0484
50ll03	6	32	1	0	1.0000	0.0000	1.0000	0.7590	NaN	NaN	NaN	5012.5638	5012.8908	1.0000	1.0000	0.0870
50ll03	6	32	1	0	2.0000	0.0000	1.0000	NaN	3.9385	3.9712	13.7587	5013.5252	5013.8265	1.0000	1.0000	0.0081
50ll03	6	33	1	0	1.0000	0.0000	1.0000	0.3342	NaN	NaN	NaN	5015.8936	5016.2217	1.0000	1.0000	0.1881
50ll03	6	33	1	0	2.0000	0.0000	1.0000	NaN	15.8706	16.8319	14.7030	5016.9644	5017.2654	1.0000	1.0000	0.0085
50ll03	6	34	1	0	1.0000	0.0000	1.0000	0.6256	NaN	NaN	NaN	5019.7004	5020.0284	1.0000	1.0000	0.1243
50ll03	6	34	1	0	2.0000	0.0000	1.0000	NaN	13.4787	12.5820	16.1875	5020.7007	5021.0019	1.0000	1.0000	0.0480
50ll03	6	35	1	0	1.0000	0.0000	-1.0000	0.7249	NaN	NaN	NaN	5023.5408	5023.8681	0.0000	1.0000	0.2228
50ll03	6	35	1	0	2.0000	0.0000	1.0000	NaN	17.8095	19.1111	15.4900	5024.6871	5024.9881	1.0000	1.0000	0.0087
50ll03	6	36	1	0	1.0000	0.0000	-1.0000	0.2943	NaN	NaN	NaN	5027.2632	5027.5909	1.0000	0.0000	0.0737
50ll03	6	36	1	0	2.0000	0.0000	-1.0000	NaN	6.9595	-7.9850	14.8294	5028.2455	5028.5465	0.0000	1.0000	0.0622
50ll03	6	37	1	0	1.0000	0.0000	-1.0000	0.4560	NaN	NaN	NaN	5030.7667	5031.0941	0.0000	1.0000	0.2665
50ll03	6	37	1	0	2.0000	0.0000	1.0000	NaN	1.4299	0.0950	13.9677	5031.9409	5032.2419	1.0000	1.0000	0.0087
50ll03	6	38	1	0	1.0000	0.0000	-1.0000	0.2991	NaN	NaN	NaN	5034.7769	5035.1036	1.0000	0.0000	0.2655
50ll03	6	38	1	0	2.0000	0.0000	-1.0000	NaN	3.7346	-3.4111	14.6136	5035.9247	5036.2256	1.0000	0.0000	0.0551
50ll03	6	39	1	0	1.0000	0.0000	-1.0000	0.3187	NaN	NaN	NaN	5038.4716	5038.7999	0.0000	1.0000	0.2499
50ll03	6	39	1	0	2.0000	0.0000	1.0000	NaN	1.3948	1.9621	14.4497	5039.6528	5039.9539	1.0000	1.0000	0.0083
50ll03	6	40	1	0	1.0000	0.0000	-1.0000	0.2170	NaN	NaN	NaN	5042.2222	5042.5497	0.0000	1.0000	0.3172
50ll03	6	40	1	0	2.0000	0.0000	1.0000	NaN	3.7145	2.1510	14.4583	5043.4789	5043.7798	1.0000	1.0000	0.1425
50ll03	6	41	1	0	1.0000	0.0000	-1.0000	0.0944	NaN	NaN	NaN	5046.2453	5046.5725	0.0000	1.0000	0.2521
50ll03	6	41	1	0	2.0000	0.0000	1.0000	NaN	12.0777	12.2876	15.2487	5047.4133	5047.7144	1.0000	1.0000	0.0882
50ll03	6	42	1	0	1.0000	0.0000	1.0000	0.5680	NaN	NaN	NaN	5049.9413	5050.2679	1.0000	1.0000	0.1505
50ll03	6	42	1	0	2.0000	0.0000	1.0000	NaN	14.7292	13.6203	14.6592	5050.9887	5051.2901	1.0000	1.0000	0.0084
50ll03	6	43	1	0	1.0000	0.0000	1.0000	0.5078	NaN	NaN	NaN	5053.1674	5053.4946	1.0000	1.0000	0.1314
50ll03	6	43	1	0	2.0000	0.0000	1.0000	NaN	1.8387	3.1666	14.4282	5054.1977	5054.4987	1.0000	1.0000	0.0082
50ll03	6	44	1	0	1.0000	0.0000	1.0000	0.6186	NaN	NaN	NaN	5056.9427	5057.2717	1.0000	1.0000	0.0746
50ll03	6	44	1	0	2.0000	0.0000	1.0000	NaN	6.6017	7.8605	14.4848	5057.9022	5058.2032	1.0000	1.0000	0.0084
50ll03	6	45	1	0	1.0000	0.0000	1.0000	0.6254	NaN	NaN	NaN	5060.6787	5061.0067	1.0000	1.0000	0.0738
50ll03	6	45	1	0	2.0000	0.0000	1.0000	NaN	7.9822	8.5742	13.5812	5061.6772	5061.9784	1.0000	1.0000	2.9740
50ll03	6	46	1	0	1.0000	0.0000	1.0000	0.4343	NaN	NaN	NaN	5067.2446	5067.5721	1.0000	1.0000	0.1004
50ll03	6	46	1	0	2.0000	0.0000	1.0000	NaN	16.3987	18.1280	14.7485	5068.2299	5068.5310	1.0000	1.0000	2.5413
50ll03	6	47	1	0	1.0000	0.0000	-1.0000	0.5430	NaN	NaN	NaN	5073.1893	5073.5165	0.0000	1.0000	0.2529
50ll03	6	47	1	0	2.0000	0.0000	1.0000	NaN	5.4490	7.4381	14.4787	5074.3494	5074.6504	1.0000	1.0000	0.0082
50ll03	6	48	1	0	1.0000	0.0000	-1.0000	0.5488	NaN	NaN	NaN	5076.7058	5077.0324	1.0000	0.0000	0.0816
50ll03	6	48	1	0	2.0000	0.0000	-1.0000	NaN	13.2715	-14.5297	15.6026	5077.6864	5077.9874	0.0000	1.0000	0.1089
50ll03	6	49	1	0	1.0000	0.0000	-1.0000	0.1927	NaN	NaN	NaN	5080.6111	5080.9386	1.0000	0.0000	0.1838
50ll03	6	49	1	0	2.0000	0.0000	-1.0000	NaN	16.7110	-15.5101	15.6405	5081.6940	5081.9950	1.0000	0.0000	0.0081
50ll03	6	50	1	0	1.0000	0.0000	1.0000	0.8027	NaN	NaN	NaN	5083.9695	5084.2969	1.0000	1.0000	0.1764
50ll03	6	50	1	0	2.0000	0.0000	1.0000	NaN	5.4261	6.1983	15.6754	5085.0208	5085.3218	1.0000	1.0000	3.5839
