12hq01	1	1	0	0	1.0000	0.0000	1.0000	0.1424	NaN	NaN	NaN	351729.5658	351729.9199	0.0000	0.0000	1.4862	1.5987
12hq01	1	1	0	0	2.0000	0.0000	1.0000	NaN	7.9153	8.7594	13.0436	351731.9535	351732.2557	1.0000	1.0000	0.4467	0.5594
12hq01	1	2	0	0	1.0000	0.0000	1.0000	0.9115	NaN	NaN	NaN	351735.1182	351735.5309	1.0000	1.0000	0.6427	0.8035
12hq01	1	2	0	0	2.0000	0.0000	-1.0000	NaN	7.8689	-9.0268	14.6555	351736.7798	351737.0866	0.0000	1.0000	0.2551	0.3999
12hq01	1	3	0	0	1.0000	0.0000	1.0000	0.8464	NaN	NaN	NaN	351739.7855	351740.1705	0.0000	0.0000	1.0591	1.2045
12hq01	1	3	0	0	2.0000	0.0000	1.0000	NaN	4.0100	4.8304	16.3489	351741.8098	351742.1120	1.0000	1.0000	0.3989	0.5589
12hq01	1	4	0	0	1.0000	0.0000	-1.0000	0.2128	NaN	NaN	NaN	351744.8435	351745.1971	1.0000	0.0000	1.1857	1.2825
12hq01	1	4	0	0	2.0000	0.0000	-1.0000	NaN	8.0140	-8.6390	14.2456	351746.9153	351747.2175	0.0000	1.0000	0.7001	0.8448
12hq01	1	5	0	0	1.0000	0.0000	1.0000	0.6121	NaN	NaN	NaN	351750.0775	351750.4345	1.0000	1.0000	0.6671	0.7488
12hq01	1	5	0	0	2.0000	0.0000	1.0000	NaN	4.5433	4.3261	15.7913	351751.6175	351751.9197	1.0000	1.0000	0.3830	0.5112
12hq01	1	6	0	0	1.0000	0.0000	1.0000	0.3089	NaN	NaN	NaN	351754.3783	351754.7342	1.0000	1.0000	1.1207	1.1844
12hq01	1	6	0	0	2.0000	0.0000	-1.0000	NaN	1.2676	-1.3678	14.1630	351756.3544	351756.6566	1.0000	0.0000	0.3980	0.5267
12hq01	1	7	0	0	1.0000	0.0000	1.0000	0.9113	NaN	NaN	NaN	351759.5998	351759.9518	1.0000	1.0000	0.6858	0.7828
12hq01	1	7	0	0	2.0000	0.0000	-1.0000	NaN	6.5666	-6.3509	17.2002	351761.1695	351761.4718	0.0000	1.0000	0.7659	0.9264
12hq01	1	8	0	0	1.0000	0.0000	-1.0000	0.2818	NaN	NaN	NaN	351764.3427	351764.6960	0.0000	1.0000	0.8702	1.0626
12hq01	1	8	0	0	2.0000	0.0000	1.0000	NaN	3.8253	5.3982	13.5959	351766.1933	351766.4956	0.0000	0.0000	0.4793	0.6067
12hq01	1	9	0	0	1.0000	0.0000	-1.0000	0.4244	NaN	NaN	NaN	351769.0416	351769.3959	1.0000	0.0000	1.0497	1.1632
12hq01	1	9	0	0	2.0000	0.0000	-1.0000	NaN	3.6762	-2.2316	15.0298	351770.9939	351771.2965	0.0000	1.0000	0.5423	0.7182
12hq01	1	10	0	0	1.0000	0.0000	1.0000	0.4852	NaN	NaN	NaN	351774.1797	351774.5332	1.0000	1.0000	0.9695	1.1135
12hq01	1	10	0	0	2.0000	0.0000	-1.0000	NaN	9.8115	-10.6140	14.0132	351776.0821	351776.3843	0.0000	1.0000	0.2379	0.3985
12hq01	1	11	0	0	1.0000	0.0000	1.0000	0.7399	NaN	NaN	NaN	351778.5773	351778.9330	1.0000	1.0000	0.9532	1.0661
12hq01	1	11	0	0	2.0000	0.0000	1.0000	NaN	5.0814	5.9731	16.7477	351780.4340	351780.7362	0.0000	0.0000	0.5259	0.6707
12hq01	1	12	0	0	1.0000	0.0000	1.0000	0.3508	NaN	NaN	NaN	351783.5449	351783.9563	1.0000	1.0000	1.0813	1.2110
12hq01	1	12	0	0	2.0000	0.0000	-1.0000	NaN	1.3344	-1.6616	15.4277	351785.6109	351785.9176	0.0000	1.0000	0.8648	0.9926
12hq01	1	13	0	0	1.0000	0.0000	1.0000	0.1574	NaN	NaN	NaN	351789.2108	351789.6409	1.0000	1.0000	1.0931	1.2223
12hq01	1	13	0	0	2.0000	0.0000	1.0000	NaN	7.2238	9.9713	16.4436	351791.3084	351791.6158	0.0000	0.0000	0.5103	0.6225
12hq01	1	14	0	0	1.0000	0.0000	-1.0000	0.2531	NaN	NaN	NaN	351794.5818	351794.9949	1.0000	0.0000	1.3392	1.4363
12hq01	1	14	0	0	2.0000	0.0000	-1.0000	NaN	1.8439	-2.9081	14.4285	351796.8659	351797.1680	0.0000	1.0000	0.6065	0.7666
12hq01	1	15	0	0	1.0000	0.0000	-1.0000	0.5652	NaN	NaN	NaN	351800.4994	351800.8516	1.0000	0.0000	0.8900	0.9717
12hq01	1	15	0	0	2.0000	0.0000	1.0000	NaN	3.1465	4.9800	15.4144	351802.2571	351802.5594	1.0000	1.0000	0.8303	0.9430
12hq01	1	16	0	0	1.0000	0.0000	1.0000	0.6604	NaN	NaN	NaN	351805.5391	351805.8940	1.0000	1.0000	0.8556	0.9844
12hq01	1	16	0	0	2.0000	0.0000	1.0000	NaN	0.8159	2.7680	15.4826	351807.3146	351807.6169	0.0000	0.0000	0.9094	1.0854
12hq01	1	17	0	0	1.0000	0.0000	-1.0000	0.3186	NaN	NaN	NaN	351810.7917	351811.1479	1.0000	0.0000	0.9463	1.0592
12hq01	1	17	0	0	2.0000	0.0000	1.0000	NaN	8.1567	7.0169	14.7424	351812.6419	351812.9444	0.0000	0.0000	0.8619	1.0067
12hq01	1	18	0	0	1.0000	0.0000	1.0000	0.0302	NaN	NaN	NaN	351816.2155	351816.5674	1.0000	1.0000	1.3032	1.4149
12hq01	1	18	0	0	2.0000	0.0000	-1.0000	NaN	3.3231	-2.0317	14.7999	351818.4168	351818.7190	0.0000	1.0000	0.4790	0.5922
12hq01	1	19	0	0	1.0000	0.0000	1.0000	0.2477	NaN	NaN	NaN	351821.0307	351821.3821	1.0000	1.0000	0.7436	0.8568
12hq01	1	19	0	0	2.0000	0.0000	-1.0000	NaN	7.1323	-5.4640	16.0849	351822.6735	351822.9758	0.0000	1.0000	0.2071	0.3665
12hq01	1	20	0	0	1.0000	0.0000	-1.0000	0.1146	NaN	NaN	NaN	351825.1382	351825.4930	1.0000	0.0000	0.9534	1.0659
12hq01	1	20	0	0	2.0000	0.0000	1.0000	NaN	7.0741	7.9838	15.0542	351826.9928	351827.2961	0.0000	0.0000	0.2223	0.3508
12hq01	1	21	0	0	1.0000	0.0000	-1.0000	0.8067	NaN	NaN	NaN	351829.6089	351830.0205	1.0000	0.0000	1.1460	1.2744
12hq01	1	21	0	0	2.0000	0.0000	1.0000	NaN	11.2079	10.4992	15.2004	351831.7358	351832.0398	1.0000	1.0000	0.5192	0.5993
12hq01	1	22	0	0	1.0000	0.0000	1.0000	0.2126	NaN	NaN	NaN	351835.0027	351835.4214	1.0000	1.0000	0.9128	1.0409
12hq01	1	22	0	0	2.0000	0.0000	1.0000	NaN	9.0152	8.3275	16.0767	351836.9078	351837.2150	0.0000	0.0000	0.3834	0.5283
12hq01	1	23	0	0	1.0000	0.0000	1.0000	0.6058	NaN	NaN	NaN	351839.7831	351840.2046	1.0000	1.0000	0.9778	1.0743
12hq01	1	23	0	0	2.0000	0.0000	1.0000	NaN	11.4923	14.3992	14.7310	351841.7242	351842.0318	1.0000	1.0000	0.1270	0.2395
12hq01	1	24	0	0	1.0000	0.0000	-1.0000	0.4168	NaN	NaN	NaN	351844.7217	351845.1254	1.0000	0.0000	0.9529	1.0648
12hq01	1	24	0	0	2.0000	0.0000	-1.0000	NaN	4.5787	-1.9777	14.8352	351846.6250	351846.9284	0.0000	1.0000	0.5585	0.7351
12hq01	1	25	0	0	1.0000	0.0000	-1.0000	0.1056	NaN	NaN	NaN	351849.8258	351850.1795	0.0000	1.0000	0.7630	0.8907
12hq01	1	25	0	0	2.0000	0.0000	1.0000	NaN	3.0968	2.6385	15.5327	351851.5041	351851.8063	1.0000	1.0000	0.7199	0.8000
12hq01	1	26	0	0	1.0000	0.0000	-1.0000	0.3714	NaN	NaN	NaN	351854.6759	351855.0304	0.0000	1.0000	0.8718	1.0484
12hq01	1	26	0	0	2.0000	0.0000	-1.0000	NaN	9.9766	-10.9414	14.0304	351856.5138	351856.8160	0.0000	1.0000	0.5423	0.6871
12hq01	1	27	0	0	1.0000	0.0000	-1.0000	0.4040	NaN	NaN	NaN	351859.9476	351860.2986	0.0000	1.0000	1.1230	1.2836
12hq01	1	27	0	0	2.0000	0.0000	-1.0000	NaN	3.7526	-1.0006	15.3484	351862.0182	351862.3204	0.0000	1.0000	0.8293	0.9427
12hq01	1	28	0	0	1.0000	0.0000	1.0000	0.1234	NaN	NaN	NaN	351865.1827	351865.5350	0.0000	0.0000	1.1034	1.2635
12hq01	1	28	0	0	2.0000	0.0000	1.0000	NaN	6.8259	6.2037	14.6315	351867.2344	351867.5366	1.0000	1.0000	1.0211	1.1187
12hq01	1	29	0	0	1.0000	0.0000	-1.0000	0.6660	NaN	NaN	NaN	351871.1457	351871.4963	0.0000	1.0000	1.2214	1.3670
12hq01	1	29	0	0	2.0000	0.0000	1.0000	NaN	7.9961	9.5709	14.2232	351873.2983	351873.6005	1.0000	1.0000	0.5732	0.6709
12hq01	1	30	0	0	1.0000	0.0000	1.0000	0.7369	NaN	NaN	NaN	351876.6689	351877.0861	1.0000	1.0000	1.2636	1.3607
12hq01	1	30	0	0	2.0000	0.0000	1.0000	NaN	5.8415	6.1638	15.3905	351878.8908	351879.1968	0.0000	0.0000	0.8500	0.9786
12hq01	1	31	0	0	1.0000	0.0000	-1.0000	0.7546	NaN	NaN	NaN	351882.3156	351882.7364	1.0000	0.0000	0.9734	1.0540
12hq01	1	31	0	0	2.0000	0.0000	-1.0000	NaN	3.7346	-2.8005	14.3359	351884.2339	351884.5388	1.0000	0.0000	0.7229	0.8513
12hq01	1	32	0	0	1.0000	0.0000	1.0000	0.4750	NaN	NaN	NaN	351887.2070	351887.6305	1.0000	1.0000	1.1193	1.2008
12hq01	1	32	0	0	2.0000	0.0000	1.0000	NaN	5.7591	5.7203	15.2342	351889.2799	351889.5844	1.0000	1.0000	0.5097	0.6066
12hq01	1	33	0	0	1.0000	0.0000	-1.0000	0.4233	NaN	NaN	NaN	351891.9897	351892.4021	1.0000	0.0000	0.8602	1.0051
12hq01	1	33	0	0	2.0000	0.0000	1.0000	NaN	7.7558	6.1982	15.4151	351893.8500	351894.1545	1.0000	1.0000	0.7081	0.8690
12hq01	1	34	0	0	1.0000	0.0000	1.0000	0.5507	NaN	NaN	NaN	351897.2693	351897.6850	0.0000	0.0000	1.1607	1.3054
12hq01	1	34	0	0	2.0000	0.0000	1.0000	NaN	6.5983	6.7769	13.1640	351899.4333	351899.7378	1.0000	1.0000	0.5651	0.6935
12hq01	1	35	0	0	1.0000	0.0000	1.0000	0.7401	NaN	NaN	NaN	351902.5976	351903.0181	0.0000	0.0000	0.9649	1.0931
12hq01	1	35	0	0	2.0000	0.0000	-1.0000	NaN	8.5804	-9.8865	14.2871	351904.5558	351904.8622	0.0000	1.0000	0.5919	0.7371
12hq01	1	36	0	0	1.0000	0.0000	-1.0000	0.8576	NaN	NaN	NaN	351907.6915	351908.1007	0.0000	1.0000	0.9372	1.0821
12hq01	1	36	0	0	2.0000	0.0000	-1.0000	NaN	11.3374	-12.2253	15.1692	351909.6284	351909.9326	0.0000	1.0000	0.3376	0.5144
12hq01	1	37	0	0	1.0000	0.0000	1.0000	0.1545	NaN	NaN	NaN	351912.4191	351912.8109	0.0000	0.0000	0.8029	0.9484
12hq01	1	37	0	0	2.0000	0.0000	-1.0000	NaN	1.4280	-0.5323	16.0541	351914.1940	351914.4961	0.0000	1.0000	0.4302	0.5590
12hq01	1	38	0	0	1.0000	0.0000	1.0000	0.0793	NaN	NaN	NaN	351917.3707	351917.7260	0.0000	0.0000	1.5209	1.6328
12hq01	1	38	0	0	2.0000	0.0000	1.0000	NaN	1.5981	0.3604	14.4124	351919.7967	351920.0989	0.0000	0.0000	0.9073	1.0515
12hq01	1	39	0	0	1.0000	0.0000	-1.0000	0.4807	NaN	NaN	NaN	351923.4382	351923.8270	1.0000	0.0000	1.4674	1.5480
12hq01	1	39	0	0	2.0000	0.0000	-1.0000	NaN	8.3889	-7.4924	14.2154	351925.8090	351926.1112	0.0000	1.0000	0.5752	0.6713
12hq01	1	40	0	0	1.0000	0.0000	-1.0000	0.4648	NaN	NaN	NaN	351928.9445	351929.2953	0.0000	1.0000	0.7509	0.9119
12hq01	1	40	0	0	2.0000	0.0000	1.0000	NaN	4.0526	5.0217	17.0879	351930.6420	351930.9443	0.0000	0.0000	0.3023	0.4626
12hq01	1	41	0	0	1.0000	0.0000	1.0000	0.6217	NaN	NaN	NaN	351933.5687	351933.9254	1.0000	1.0000	0.7931	0.9216
12hq01	1	41	0	0	2.0000	0.0000	1.0000	NaN	4.8914	4.2457	13.9748	351935.2827	351935.5849	0.0000	0.0000	1.2769	1.3899
12hq01	1	42	0	0	1.0000	0.0000	1.0000	0.1497	NaN	NaN	NaN	351939.2159	351939.5708	0.0000	0.0000	1.3709	1.5156
12hq01	1	42	0	0	2.0000	0.0000	1.0000	NaN	11.6471	10.2006	15.4588	351941.5216	351941.8238	0.0000	0.0000	0.4951	0.5917
12hq01	1	43	0	0	1.0000	0.0000	-1.0000	0.0310	NaN	NaN	NaN	351944.8301	351945.1874	0.0000	1.0000	0.7955	0.9241
12hq01	1	43	0	0	2.0000	0.0000	1.0000	NaN	6.7344	7.4692	15.3253	351946.5473	351946.8495	0.0000	0.0000	0.4126	0.5578
12hq01	1	44	0	0	1.0000	0.0000	1.0000	0.9243	NaN	NaN	NaN	351949.6915	351950.0425	1.0000	1.0000	0.7713	0.8846
12hq01	1	44	0	0	2.0000	0.0000	-1.0000	NaN	7.7879	-5.5435	15.3024	351951.3611	351951.6632	0.0000	1.0000	0.9430	1.0552
12hq01	1	45	0	0	1.0000	0.0000	-1.0000	0.0923	NaN	NaN	NaN	351955.1640	351955.5202	0.0000	1.0000	0.8302	0.9589
12hq01	1	45	0	0	2.0000	0.0000	-1.0000	NaN	9.8815	-7.8555	14.6447	351956.9149	351957.2171	0.0000	1.0000	0.4287	0.5900
12hq01	1	46	0	0	1.0000	0.0000	1.0000	0.7564	NaN	NaN	NaN	351959.9017	351960.2574	0.0000	0.0000	1.2460	1.3582
12hq01	1	46	0	0	2.0000	0.0000	1.0000	NaN	1.1845	1.5234	14.9161	351962.0502	351962.3525	0.0000	0.0000	0.2222	0.3667
12hq01	1	47	0	0	1.0000	0.0000	1.0000	0.0044	NaN	NaN	NaN	351964.8067	351965.1583	1.0000	1.0000	1.0166	1.1126
12hq01	1	47	0	0	2.0000	0.0000	1.0000	NaN	9.2989	12.0254	15.8437	351966.7067	351967.0089	0.0000	0.0000	0.3329	0.4784
12hq01	1	48	0	0	1.0000	0.0000	-1.0000	0.2279	NaN	NaN	NaN	351969.4522	351969.8644	1.0000	0.0000	1.0465	1.1109
12hq01	1	48	0	0	2.0000	0.0000	1.0000	NaN	10.6381	9.0630	14.5858	351971.4188	351971.7253	0.0000	0.0000	0.7045	0.8490
12hq01	1	49	0	0	1.0000	0.0000	1.0000	0.5577	NaN	NaN	NaN	351975.0693	351975.4787	0.0000	0.0000	0.9831	1.1283
12hq01	1	49	0	0	2.0000	0.0000	1.0000	NaN	2.4929	2.2728	15.6909	351977.0412	351977.3434	1.0000	1.0000	0.6235	0.7198
12hq01	1	50	0	0	1.0000	0.0000	1.0000	0.3969	NaN	NaN	NaN	351980.5538	351980.9076	1.0000	1.0000	1.6982	1.7788
12hq01	1	50	0	0	2.0000	0.0000	-1.0000	NaN	11.7966	-12.8811	16.0767	351983.1224	351983.4247	0.0000	1.0000	0.2703	0.4306
12hq01	2	1	0	0	1.0000	0.0000	-1.0000	0.9349	NaN	NaN	NaN	351989.2993	351989.6559	0.0000	1.0000	0.6949	0.8395
12hq01	2	1	0	0	2.0000	0.0000	-1.0000	NaN	2.0060	-1.6102	14.5954	351990.9302	351991.2323	0.0000	1.0000	0.7660	0.9423
12hq01	2	2	0	0	1.0000	0.0000	1.0000	0.5195	NaN	NaN	NaN	351994.4442	351994.7954	1.0000	1.0000	1.0276	1.1557
12hq01	2	2	0	0	2.0000	0.0000	-1.0000	NaN	6.2536	-6.3757	14.1656	351996.3877	351996.6899	0.0000	1.0000	0.9399	1.0692
12hq01	2	3	0	0	1.0000	0.0000	1.0000	0.6771	NaN	NaN	NaN	351999.9301	352000.2845	1.0000	1.0000	0.9773	1.0750
12hq01	2	3	0	0	2.0000	0.0000	1.0000	NaN	6.0057	5.4359	15.4286	352001.7953	352002.0974	0.0000	0.0000	0.8456	1.0050
12hq01	2	4	0	0	1.0000	0.0000	-1.0000	0.3225	NaN	NaN	NaN	352005.2132	352005.5675	0.0000	1.0000	0.8310	0.9598
12hq01	2	4	0	0	2.0000	0.0000	-1.0000	NaN	11.4196	-12.1261	14.2243	352006.9623	352007.2645	0.0000	1.0000	0.5750	0.7024
12hq01	2	5	0	0	1.0000	0.0000	1.0000	0.5062	NaN	NaN	NaN	352010.0615	352010.4175	1.0000	1.0000	0.7969	0.9250
12hq01	2	5	0	0	2.0000	0.0000	-1.0000	NaN	4.2087	-5.2850	14.6715	352011.7783	352012.0805	0.0000	1.0000	0.6543	0.8147
12hq01	2	6	0	0	1.0000	0.0000	-1.0000	0.1698	NaN	NaN	NaN	352014.6922	352015.1107	1.0000	0.0000	0.7276	0.8571
12hq01	2	6	0	0	2.0000	0.0000	-1.0000	NaN	5.0746	-5.8151	15.0687	352016.4086	352016.7125	0.0000	1.0000	0.4053	0.5505
12hq01	2	7	0	0	1.0000	0.0000	-1.0000	0.2469	NaN	NaN	NaN	352019.4769	352019.8959	1.0000	0.0000	0.8859	0.9506
12hq01	2	7	0	0	2.0000	0.0000	-1.0000	NaN	9.6008	-9.1617	15.4859	352021.2921	352021.5966	0.0000	1.0000	0.2263	0.3866
12hq01	2	8	0	0	1.0000	0.0000	1.0000	0.4311	NaN	NaN	NaN	352023.8751	352024.2955	1.0000	1.0000	0.9503	1.0629
12hq01	2	8	0	0	2.0000	0.0000	1.0000	NaN	5.1887	5.2139	16.5408	352025.8064	352026.1108	0.0000	0.0000	1.5512	1.7127
12hq01	2	9	0	0	1.0000	0.0000	1.0000	0.8605	NaN	NaN	NaN	352030.2418	352030.6618	1.0000	1.0000	0.8731	1.0012
12hq01	2	9	0	0	2.0000	0.0000	1.0000	NaN	1.5238	2.8257	14.5372	352032.1080	352032.4125	0.0000	0.0000	0.8826	0.9945
12hq01	2	10	0	0	1.0000	0.0000	-1.0000	0.2385	NaN	NaN	NaN	352035.7264	352036.1329	1.0000	0.0000	1.2413	1.3383
12hq01	2	10	0	0	2.0000	0.0000	1.0000	NaN	7.3925	9.1600	14.9310	352037.9059	352038.2081	0.0000	0.0000	1.1657	1.3756
12hq01	2	11	0	0	1.0000	0.0000	1.0000	0.3960	NaN	NaN	NaN	352041.7484	352042.1032	1.0000	1.0000	0.6953	0.7915
12hq01	2	11	0	0	2.0000	0.0000	-1.0000	NaN	7.8823	-6.7264	15.0784	352043.3294	352043.6316	0.0000	1.0000	0.8474	0.9919
12hq01	2	12	0	0	1.0000	0.0000	-1.0000	0.4377	NaN	NaN	NaN	352046.4181	352046.7710	1.0000	0.0000	0.6668	0.7960
12hq01	2	12	0	0	2.0000	0.0000	1.0000	NaN	11.7797	9.7603	15.5713	352048.0030	352048.3051	1.0000	1.0000	0.7167	0.8295
12hq01	2	13	0	0	1.0000	0.0000	-1.0000	0.7772	NaN	NaN	NaN	352051.3753	352051.7322	0.0000	1.0000	1.4177	1.5310
12hq01	2	13	0	0	2.0000	0.0000	-1.0000	NaN	9.8106	-10.8531	13.2649	352053.6980	352054.0016	0.0000	1.0000	0.3653	0.5098
12hq01	2	14	0	0	1.0000	0.0000	1.0000	0.5794	NaN	NaN	NaN	352056.7560	352057.1083	1.0000	1.0000	1.0500	1.1791
12hq01	2	14	0	0	2.0000	0.0000	1.0000	NaN	7.4120	7.0507	16.0839	352058.7215	352059.0237	0.0000	0.0000	1.6948	1.8388
12hq01	2	15	0	0	1.0000	0.0000	1.0000	0.8321	NaN	NaN	NaN	352063.4309	352063.8146	1.0000	1.0000	0.4722	0.6004
12hq01	2	15	0	0	2.0000	0.0000	1.0000	NaN	6.6019	7.6631	15.3787	352064.8509	352065.1531	0.0000	0.0000	0.4132	0.5742
12hq01	2	16	0	0	1.0000	0.0000	1.0000	0.4280	NaN	NaN	NaN	352068.2936	352068.6478	1.0000	1.0000	0.2631	0.3596
12hq01	2	16	0	0	2.0000	0.0000	1.0000	NaN	1.0059	1.4782	14.1009	352069.4428	352069.7450	0.0000	0.0000	0.3968	0.5415
12hq01	2	17	0	0	1.0000	0.0000	-1.0000	0.8677	NaN	NaN	NaN	352072.5716	352072.9247	1.0000	0.0000	0.2421	0.3703
12hq01	2	17	0	0	2.0000	0.0000	-1.0000	NaN	1.8285	-0.7618	14.2453	352073.7297	352074.0328	0.0000	1.0000	0.3650	0.4946
12hq01	2	18	0	0	1.0000	0.0000	1.0000	0.6007	NaN	NaN	NaN	352076.8115	352077.1683	1.0000	1.0000	0.2856	0.4470
12hq01	2	18	0	0	2.0000	0.0000	1.0000	NaN	1.1705	1.0435	15.1340	352078.0512	352078.3535	0.0000	0.0000	0.3164	0.4942
12hq01	2	19	0	0	1.0000	0.0000	-1.0000	0.4007	NaN	NaN	NaN	352081.1116	352081.4681	1.0000	0.0000	0.7868	0.8673
12hq01	2	19	0	0	2.0000	0.0000	1.0000	NaN	10.9888	9.5472	15.7941	352082.7694	352083.0716	1.0000	1.0000	0.6394	0.7199
12hq01	2	20	0	0	1.0000	0.0000	-1.0000	0.6227	NaN	NaN	NaN	352085.8065	352086.1572	1.0000	0.0000	0.4978	0.6251
12hq01	2	20	0	0	2.0000	0.0000	1.0000	NaN	2.0542	1.9203	16.6183	352087.2176	352087.5198	0.0000	0.0000	0.1751	0.3035
12hq01	2	21	0	0	1.0000	0.0000	1.0000	0.9083	NaN	NaN	NaN	352089.8352	352090.1856	1.0000	1.0000	0.1655	0.3094
12hq01	2	21	0	0	2.0000	0.0000	1.0000	NaN	6.9025	6.2556	15.6706	352090.9295	352091.2330	0.0000	0.0000	0.4300	0.5745
12hq01	2	22	0	0	1.0000	0.0000	1.0000	0.2254	NaN	NaN	NaN	352093.7692	352094.1207	0.0000	0.0000	1.2211	1.3988
12hq01	2	22	0	0	2.0000	0.0000	-1.0000	NaN	5.5062	-6.1405	14.5324	352095.9550	352096.2570	0.0000	1.0000	0.1741	0.3181
12hq01	2	23	0	0	1.0000	0.0000	-1.0000	0.6423	NaN	NaN	NaN	352098.7368	352099.0870	1.0000	0.0000	0.2717	0.4002
12hq01	2	23	0	0	2.0000	0.0000	1.0000	NaN	3.4688	4.3747	14.7476	352099.9231	352100.2253	0.0000	0.0000	0.6373	0.7662
12hq01	2	24	0	0	1.0000	0.0000	-1.0000	0.8316	NaN	NaN	NaN	352103.1532	352103.5037	1.0000	0.0000	0.2076	0.3190
12hq01	2	24	0	0	2.0000	0.0000	1.0000	NaN	6.2166	3.3730	16.2575	352104.2576	352104.5598	0.0000	0.0000	0.1752	0.3197
12hq01	2	25	0	0	1.0000	0.0000	-1.0000	0.7832	NaN	NaN	NaN	352106.8416	352107.2230	1.0000	0.0000	0.0868	0.2004
12hq01	2	25	0	0	2.0000	0.0000	-1.0000	NaN	11.7920	-13.8071	15.2898	352107.8582	352108.1604	0.0000	1.0000	0.2224	0.3352
12hq01	2	26	0	0	1.0000	0.0000	1.0000	0.0359	NaN	NaN	NaN	352110.2331	352110.5845	0.0000	0.0000	0.5333	0.7108
12hq01	2	26	0	0	2.0000	0.0000	-1.0000	NaN	10.6220	-9.9728	13.9494	352111.7313	352112.0334	0.0000	1.0000	0.1084	0.2861
12hq01	2	27	0	0	1.0000	0.0000	1.0000	0.1743	NaN	NaN	NaN	352114.6049	352114.9555	1.0000	1.0000	0.4355	0.5788
12hq01	2	27	0	0	2.0000	0.0000	1.0000	NaN	4.4218	4.0249	14.4725	352115.9691	352116.2712	0.0000	0.0000	0.3670	0.4797
12hq01	2	28	0	0	1.0000	0.0000	-1.0000	0.4825	NaN	NaN	NaN	352118.5627	352118.9163	0.0000	1.0000	0.9536	1.0986
12hq01	2	28	0	0	2.0000	0.0000	-1.0000	NaN	1.0262	-1.8248	15.2801	352120.4498	352120.7520	1.0000	0.0000	0.3826	0.4790
12hq01	2	29	0	0	1.0000	0.0000	-1.0000	0.7610	NaN	NaN	NaN	352123.6657	352124.0173	1.0000	0.0000	0.8777	0.9900
12hq01	2	29	0	0	2.0000	0.0000	1.0000	NaN	0.3506	1.5744	15.6824	352125.4410	352125.7432	0.0000	0.0000	0.4479	0.5920
12hq01	2	30	0	0	1.0000	0.0000	1.0000	0.6824	NaN	NaN	NaN	352128.4696	352128.8218	1.0000	1.0000	0.6320	0.7617
12hq01	2	30	0	0	2.0000	0.0000	1.0000	NaN	11.6238	11.4313	15.4578	352130.0182	352130.3205	1.0000	1.0000	0.7015	0.8305
12hq01	2	31	0	0	1.0000	0.0000	-1.0000	0.2279	NaN	NaN	NaN	352133.4713	352133.8282	1.0000	0.0000	0.6348	0.7623
12hq01	2	31	0	0	2.0000	0.0000	-1.0000	NaN	1.4798	-1.5721	14.3249	352135.0250	352135.3273	0.0000	1.0000	0.6557	0.8156
12hq01	2	32	0	0	1.0000	0.0000	1.0000	0.4284	NaN	NaN	NaN	352138.6326	352138.9832	1.0000	1.0000	0.1513	0.2475
12hq01	2	32	0	0	2.0000	0.0000	1.0000	NaN	6.5641	4.8948	15.8158	352139.6653	352139.9674	1.0000	1.0000	0.8312	0.9441
12hq01	2	33	0	0	1.0000	0.0000	1.0000	0.0146	NaN	NaN	NaN	352142.7816	352143.1330	1.0000	1.0000	1.0415	1.1694
12hq01	2	33	0	0	2.0000	0.0000	1.0000	NaN	0.5163	2.8516	15.5577	352144.7382	352145.0403	1.0000	1.0000	0.4787	0.6072
12hq01	2	34	0	0	1.0000	0.0000	-1.0000	0.8828	NaN	NaN	NaN	352148.0921	352148.4482	1.0000	0.0000	0.4937	0.6552
12hq01	2	34	0	0	2.0000	0.0000	-1.0000	NaN	4.1998	-6.4147	15.0956	352149.5384	352149.8406	0.0000	1.0000	0.6533	0.8144
12hq01	2	35	0	0	1.0000	0.0000	1.0000	0.0064	NaN	NaN	NaN	352153.2221	352153.6378	1.0000	1.0000	0.7601	0.8899
12hq01	2	35	0	0	2.0000	0.0000	-1.0000	NaN	7.2260	-9.1017	15.7600	352154.9685	352155.2723	0.0000	1.0000	0.7431	0.9672
12hq01	2	36	0	0	1.0000	0.0000	-1.0000	0.1418	NaN	NaN	NaN	352158.3374	352158.7562	1.0000	0.0000	0.6668	0.7784
12hq01	2	36	0	0	2.0000	0.0000	-1.0000	NaN	3.0901	-2.1490	15.4074	352159.9835	352160.2883	0.0000	1.0000	0.7828	0.9586
12hq01	2	37	0	0	1.0000	0.0000	-1.0000	0.4876	NaN	NaN	NaN	352163.0625	352163.4851	1.0000	0.0000	0.5287	0.6419
12hq01	2	37	0	0	2.0000	0.0000	1.0000	NaN	4.8217	4.4319	14.3179	352164.5698	352164.8742	1.0000	1.0000	0.3557	0.5012
12hq01	2	38	0	0	1.0000	0.0000	-1.0000	0.6852	NaN	NaN	NaN	352167.2680	352167.6528	1.0000	0.0000	0.3294	0.4585
12hq01	2	38	0	0	2.0000	0.0000	-1.0000	NaN	1.2811	-1.8476	15.4781	352168.5471	352168.8493	0.0000	1.0000	0.7341	0.8932
12hq01	2	39	0	0	1.0000	0.0000	-1.0000	0.8610	NaN	NaN	NaN	352171.4801	352171.8316	1.0000	0.0000	0.3263	0.4721
12hq01	2	39	0	0	2.0000	0.0000	-1.0000	NaN	10.5558	-10.5571	14.5499	352172.7378	352173.0400	0.0000	1.0000	0.3351	0.4949
12hq01	2	40	0	0	1.0000	0.0000	-1.0000	0.6214	NaN	NaN	NaN	352175.7996	352176.1497	1.0000	0.0000	0.3451	0.4899
12hq01	2	40	0	0	2.0000	0.0000	-1.0000	NaN	8.2706	-8.0457	15.0381	352177.0744	352177.3771	0.0000	1.0000	0.2539	0.4620
12hq01	2	41	0	0	1.0000	0.0000	1.0000	0.3012	NaN	NaN	NaN	352180.1538	352180.5090	1.0000	1.0000	0.4499	0.5464
12hq01	2	41	0	0	2.0000	0.0000	-1.0000	NaN	11.4027	-10.7580	16.7595	352181.4902	352181.7926	0.0000	1.0000	0.7338	0.8784
12hq01	2	42	0	0	1.0000	0.0000	-1.0000	0.8104	NaN	NaN	NaN	352184.7155	352185.0662	0.0000	1.0000	0.5801	0.7412
12hq01	2	42	0	0	2.0000	0.0000	-1.0000	NaN	7.4647	-7.5388	14.8052	352186.2419	352186.5451	1.0000	0.0000	0.5420	0.6219
12hq01	2	43	0	0	1.0000	0.0000	1.0000	0.1850	NaN	NaN	NaN	352189.5074	352189.8627	1.0000	1.0000	0.6323	0.7606
12hq01	2	43	0	0	2.0000	0.0000	-1.0000	NaN	2.7111	-2.3678	14.0725	352191.0589	352191.3616	0.0000	1.0000	1.1488	1.2769
12hq01	2	44	0	0	1.0000	0.0000	-1.0000	0.5394	NaN	NaN	NaN	352194.6830	352195.0355	1.0000	0.0000	0.7870	0.9312
12hq01	2	44	0	0	2.0000	0.0000	-1.0000	NaN	0.9103	-0.4128	15.8458	352196.4031	352196.7053	0.0000	1.0000	0.5726	0.7343
12hq01	2	45	0	0	1.0000	0.0000	-1.0000	0.2230	NaN	NaN	NaN	352199.5803	352199.9789	1.0000	0.0000	0.7556	0.8357
12hq01	2	45	0	0	2.0000	0.0000	1.0000	NaN	4.2379	3.1256	12.6798	352201.2504	352201.5526	1.0000	1.0000	0.4144	0.5264
12hq01	2	46	0	0	1.0000	0.0000	-1.0000	0.3341	NaN	NaN	NaN	352204.1700	352204.5243	1.0000	0.0000	0.8345	0.9312
12hq01	2	46	0	0	2.0000	0.0000	-1.0000	NaN	9.9699	-10.5467	13.5611	352205.8904	352206.1941	0.0000	1.0000	0.9404	1.0853
12hq01	2	47	0	0	1.0000	0.0000	-1.0000	0.0916	NaN	NaN	NaN	352209.6948	352210.0463	0.0000	1.0000	0.7042	0.8963
12hq01	2	47	0	0	2.0000	0.0000	1.0000	NaN	1.5837	2.6954	14.7382	352211.3782	352211.6804	0.0000	0.0000	0.3975	0.5743
12hq01	2	48	0	0	1.0000	0.0000	-1.0000	0.6167	NaN	NaN	NaN	352214.3446	352214.6961	1.0000	0.0000	1.0145	1.1266
12hq01	2	48	0	0	2.0000	0.0000	-1.0000	NaN	8.7807	-6.0085	14.1435	352216.2568	352216.5602	0.0000	1.0000	0.7029	0.8309
12hq01	2	49	0	0	1.0000	0.0000	1.0000	0.5222	NaN	NaN	NaN	352219.4279	352219.7791	1.0000	1.0000	0.3793	0.5083
12hq01	2	49	0	0	2.0000	0.0000	1.0000	NaN	11.0063	11.8803	15.5142	352220.7220	352221.0247	1.0000	1.0000	0.9580	1.0544
12hq01	2	50	0	0	1.0000	0.0000	1.0000	0.5114	NaN	NaN	NaN	352224.1486	352224.5001	1.0000	1.0000	0.5858	0.7477
12hq01	2	50	0	0	2.0000	0.0000	1.0000	NaN	11.9536	10.9400	14.5877	352225.6836	352225.9859	1.0000	1.0000	0.8291	0.9730
12hq01	3	1	0	0	1.0000	0.0000	1.0000	0.8253	NaN	NaN	NaN	352235.8922	352236.2450	1.0000	1.0000	0.4569	0.5863
12hq01	3	1	0	0	2.0000	0.0000	-1.0000	NaN	1.0132	-2.6282	16.3288	352237.2675	352237.5698	0.0000	1.0000	0.6055	0.7651
12hq01	3	2	0	0	1.0000	0.0000	1.0000	0.6357	NaN	NaN	NaN	352240.5044	352240.8602	1.0000	1.0000	0.8833	0.9794
12hq01	3	2	0	0	2.0000	0.0000	1.0000	NaN	2.2852	2.1329	14.4311	352242.2757	352242.5780	0.0000	0.0000	0.5719	0.7652
12hq01	3	3	0	0	1.0000	0.0000	-1.0000	0.4645	NaN	NaN	NaN	352245.5130	352245.9186	1.0000	0.0000	0.4965	0.5930
12hq01	3	3	0	0	2.0000	0.0000	-1.0000	NaN	7.4887	-7.3282	15.4756	352246.9550	352247.2618	1.0000	0.0000	0.4481	0.5615
12hq01	3	4	0	0	1.0000	0.0000	-1.0000	0.4181	NaN	NaN	NaN	352250.1885	352250.6017	0.0000	1.0000	0.2448	0.5019
12hq01	3	4	0	0	2.0000	0.0000	-1.0000	NaN	6.3257	-5.2888	14.2912	352251.5478	352251.8528	1.0000	0.0000	0.1292	0.2428
12hq01	3	5	0	0	1.0000	0.0000	-1.0000	0.7193	NaN	NaN	NaN	352254.4140	352254.8344	1.0000	0.0000	0.6035	0.7322
12hq01	3	5	0	0	2.0000	0.0000	1.0000	NaN	9.0447	7.3255	14.6463	352256.0120	352256.3164	1.0000	1.0000	0.2099	0.3551
12hq01	3	6	0	0	1.0000	0.0000	1.0000	0.2416	NaN	NaN	NaN	352258.9162	352259.3340	1.0000	1.0000	0.5846	0.7136
12hq01	3	6	0	0	2.0000	0.0000	1.0000	NaN	9.7714	7.8948	14.8625	352260.4835	352260.7856	1.0000	1.0000	0.3324	0.4461
12hq01	3	7	0	0	1.0000	0.0000	-1.0000	0.0566	NaN	NaN	NaN	352263.1763	352263.5270	1.0000	0.0000	0.6629	0.7437
12hq01	3	7	0	0	2.0000	0.0000	-1.0000	NaN	8.1837	-10.3132	15.1390	352264.7059	352265.0081	0.0000	1.0000	0.5579	0.7515
12hq01	3	8	0	0	1.0000	0.0000	1.0000	0.7652	NaN	NaN	NaN	352268.0480	352268.4049	1.0000	1.0000	0.8251	0.9062
12hq01	3	8	0	0	2.0000	0.0000	-1.0000	NaN	6.9207	-8.3344	15.9672	352269.7449	352270.0472	0.0000	1.0000	0.2878	0.5600
12hq01	3	9	0	0	1.0000	0.0000	1.0000	0.6757	NaN	NaN	NaN	352272.6768	352273.0283	1.0000	1.0000	0.4431	0.5390
12hq01	3	9	0	0	2.0000	0.0000	-1.0000	NaN	2.6610	-2.8116	15.7901	352274.0019	352274.3042	1.0000	0.0000	0.4146	0.5264
12hq01	3	10	0	0	1.0000	0.0000	-1.0000	0.0679	NaN	NaN	NaN	352276.9197	352277.2752	1.0000	0.0000	0.4359	0.5318
12hq01	3	10	0	0	2.0000	0.0000	1.0000	NaN	6.2598	6.5003	15.1803	352278.2426	352278.5449	1.0000	1.0000	0.4943	0.6222
12hq01	3	11	0	0	1.0000	0.0000	-1.0000	0.0113	NaN	NaN	NaN	352281.2039	352281.5580	1.0000	0.0000	0.4240	0.5211
12hq01	3	11	0	0	2.0000	0.0000	1.0000	NaN	4.0455	6.1976	15.3594	352282.5155	352282.8177	1.0000	1.0000	0.2537	0.3659
12hq01	3	12	0	0	1.0000	0.0000	-1.0000	0.7075	NaN	NaN	NaN	352285.1207	352285.4746	0.0000	1.0000	0.4593	0.6205
12hq01	3	12	0	0	2.0000	0.0000	-1.0000	NaN	2.2675	-2.4800	15.0384	352286.5309	352286.8331	1.0000	0.0000	0.0780	0.1906
12hq01	3	13	0	0	1.0000	0.0000	1.0000	0.7199	NaN	NaN	NaN	352289.3651	352289.7206	1.0000	1.0000	0.2941	0.4062
12hq01	3	13	0	0	2.0000	0.0000	-1.0000	NaN	8.9176	-9.5421	16.5419	352290.5607	352290.8629	0.0000	1.0000	0.5762	0.7045
12hq01	3	14	0	0	1.0000	0.0000	-1.0000	0.4654	NaN	NaN	NaN	352293.7925	352294.2108	1.0000	0.0000	0.4604	0.5884
12hq01	3	14	0	0	2.0000	0.0000	1.0000	NaN	2.0151	0.7651	14.5979	352295.2446	352295.5492	0.0000	0.0000	0.4021	0.5612
12hq01	3	15	0	0	1.0000	0.0000	1.0000	0.7554	NaN	NaN	NaN	352298.1322	352298.5254	1.0000	1.0000	0.3542	0.4332
12hq01	3	15	0	0	2.0000	0.0000	1.0000	NaN	2.2425	3.7489	14.5646	352299.3934	352299.6955	0.0000	0.0000	0.4955	0.6561
12hq01	3	16	0	0	1.0000	0.0000	1.0000	0.3757	NaN	NaN	NaN	352302.5908	352302.9418	1.0000	1.0000	0.5133	0.6099
12hq01	3	16	0	0	2.0000	0.0000	-1.0000	NaN	4.4092	-4.8681	15.3997	352303.9865	352304.2894	0.0000	1.0000	0.4446	0.6222
12hq01	3	17	0	0	1.0000	0.0000	-1.0000	0.5686	NaN	NaN	NaN	352307.0569	352307.4083	1.0000	0.0000	0.3828	0.5269
12hq01	3	17	0	0	2.0000	0.0000	1.0000	NaN	5.6511	8.3041	15.5912	352308.3703	352308.6725	1.0000	1.0000	0.2374	0.3348
12hq01	3	18	0	0	1.0000	0.0000	1.0000	0.1879	NaN	NaN	NaN	352311.0436	352311.3962	1.0000	1.0000	0.2669	0.3636
12hq01	3	18	0	0	2.0000	0.0000	1.0000	NaN	0.3665	2.3537	15.4826	352312.1945	352312.4968	1.0000	1.0000	0.3334	0.4468
12hq01	3	19	0	0	1.0000	0.0000	-1.0000	0.4017	NaN	NaN	NaN	352315.4631	352315.8190	1.0000	0.0000	0.3234	0.4046
12hq01	3	19	0	0	2.0000	0.0000	1.0000	NaN	6.5745	6.4399	16.8355	352316.6585	352316.9606	0.0000	0.0000	0.3814	0.5584
12hq01	3	20	0	0	1.0000	0.0000	-1.0000	0.4474	NaN	NaN	NaN	352319.4558	352319.8076	1.0000	0.0000	0.1594	0.2877
12hq01	3	20	0	0	2.0000	0.0000	-1.0000	NaN	2.7659	-2.1181	15.9831	352320.5305	352320.8327	1.0000	0.0000	0.4464	0.5751
12hq01	3	21	0	0	1.0000	0.0000	-1.0000	0.9118	NaN	NaN	NaN	352323.5728	352323.9241	0.0000	1.0000	0.0579	0.2513
12hq01	3	21	0	0	2.0000	0.0000	1.0000	NaN	4.0846	3.7690	14.6578	352324.6112	352324.9134	0.0000	0.0000	0.3977	0.5737
12hq01	3	22	0	0	1.0000	0.0000	-1.0000	0.1814	NaN	NaN	NaN	352327.2986	352327.6561	1.0000	0.0000	0.2459	0.3916
12hq01	3	22	0	0	2.0000	0.0000	1.0000	NaN	5.1390	7.0141	15.6799	352328.4823	352328.7845	1.0000	1.0000	0.1418	0.2386
12hq01	3	23	0	0	1.0000	0.0000	-1.0000	0.3538	NaN	NaN	NaN	352330.8346	352331.1891	1.0000	0.0000	0.4409	0.5707
12hq01	3	23	0	0	2.0000	0.0000	1.0000	NaN	2.3774	2.9386	14.8848	352332.1950	352332.4972	1.0000	1.0000	0.2528	0.3972
12hq01	3	24	0	0	1.0000	0.0000	-1.0000	0.5195	NaN	NaN	NaN	352335.1041	352335.4568	1.0000	0.0000	1.3091	1.4388
12hq01	3	24	0	0	2.0000	0.0000	-1.0000	NaN	11.4901	-12.1350	14.2652	352337.3306	352337.6328	0.0000	1.0000	0.1412	0.3185
12hq01	3	25	0	0	1.0000	0.0000	-1.0000	0.4205	NaN	NaN	NaN	352339.6932	352340.0888	0.0000	1.0000	0.8692	1.0628
12hq01	3	25	0	0	2.0000	0.0000	-1.0000	NaN	1.2798	-0.4524	15.3493	352341.5877	352341.8898	0.0000	1.0000	0.4285	0.6047
12hq01	3	26	0	0	1.0000	0.0000	-1.0000	0.2163	NaN	NaN	NaN	352344.2141	352344.5676	0.0000	1.0000	0.7584	0.9196
12hq01	3	26	0	0	2.0000	0.0000	-1.0000	NaN	5.2284	-5.7846	15.9487	352345.9220	352346.2243	0.0000	1.0000	0.1417	0.3191
12hq01	3	27	0	0	1.0000	0.0000	1.0000	0.4611	NaN	NaN	NaN	352348.6381	352348.9896	0.0000	0.0000	0.6569	0.8339
12hq01	3	27	0	0	2.0000	0.0000	1.0000	NaN	9.6034	6.5111	13.9698	352350.2586	352350.5607	1.0000	1.0000	0.1093	0.2070
12hq01	3	28	0	0	1.0000	0.0000	-1.0000	0.0654	NaN	NaN	NaN	352352.5046	352352.8561	1.0000	0.0000	0.4386	0.5186
12hq01	3	28	0	0	2.0000	0.0000	1.0000	NaN	3.8352	4.0069	14.4748	352353.8097	352354.1119	1.0000	1.0000	0.3821	0.5112
12hq01	3	29	0	0	1.0000	0.0000	1.0000	0.6632	NaN	NaN	NaN	352356.3600	352356.7172	1.0000	1.0000	0.0968	0.2259
12hq01	3	29	0	0	2.0000	0.0000	-1.0000	NaN	7.9983	-8.1080	15.3189	352357.3786	352357.6808	0.0000	1.0000	0.1904	0.3505
12hq01	3	30	0	0	1.0000	0.0000	1.0000	0.0500	NaN	NaN	NaN	352360.0013	352360.3544	1.0000	1.0000	0.4448	0.5093
12hq01	3	30	0	0	2.0000	0.0000	-1.0000	NaN	8.8543	-9.7616	15.2275	352361.2983	352361.6008	0.0000	1.0000	0.1892	0.3824
12hq01	3	31	0	0	1.0000	0.0000	1.0000	0.0574	NaN	NaN	NaN	352364.1278	352364.4835	1.0000	1.0000	0.7952	0.8598
12hq01	3	31	0	0	2.0000	0.0000	-1.0000	NaN	4.7911	-3.3522	15.2817	352365.7782	352366.0804	0.0000	1.0000	0.1429	0.3034
12hq01	3	32	0	0	1.0000	0.0000	1.0000	0.6649	NaN	NaN	NaN	352368.6284	352368.9832	1.0000	1.0000	0.7283	0.8244
12hq01	3	32	0	0	2.0000	0.0000	-1.0000	NaN	7.6624	-6.8839	14.9638	352370.2431	352370.5454	0.0000	1.0000	0.2051	0.3983
12hq01	3	33	0	0	1.0000	0.0000	-1.0000	0.1383	NaN	NaN	NaN	352373.0133	352373.3704	1.0000	0.0000	1.2676	1.3805
12hq01	3	33	0	0	2.0000	0.0000	1.0000	NaN	1.6328	0.9421	13.9484	352375.1862	352375.4883	0.0000	0.0000	0.1900	0.3349
12hq01	3	34	0	0	1.0000	0.0000	-1.0000	0.8127	NaN	NaN	NaN	352377.5602	352377.9160	1.0000	0.0000	0.6592	0.7393
12hq01	3	34	0	0	2.0000	0.0000	-1.0000	NaN	7.7372	-7.7693	15.0065	352379.0899	352379.3921	0.0000	1.0000	0.2554	0.4156
12hq01	3	35	0	0	1.0000	0.0000	-1.0000	0.8651	NaN	NaN	NaN	352381.8968	352382.2534	1.0000	0.0000	0.6090	0.6738
12hq01	3	35	0	0	2.0000	0.0000	-1.0000	NaN	2.1822	-1.4009	14.2410	352383.3620	352383.6642	1.0000	0.0000	0.3018	0.3992
12hq01	3	36	0	0	1.0000	0.0000	1.0000	0.3272	NaN	NaN	NaN	352386.1009	352386.5099	1.0000	1.0000	0.3360	0.4172
12hq01	3	36	0	0	2.0000	0.0000	-1.0000	NaN	9.3662	-13.0518	14.8019	352387.3709	352387.6749	0.0000	1.0000	0.1324	0.2608
12hq01	3	37	0	0	1.0000	0.0000	1.0000	0.6938	NaN	NaN	NaN	352390.2326	352390.6579	1.0000	1.0000	0.4764	0.5727
12hq01	3	37	0	0	2.0000	0.0000	1.0000	NaN	5.8633	5.1626	14.9030	352391.6743	352391.9790	0.0000	0.0000	0.1325	0.2921
12hq01	3	38	0	0	1.0000	0.0000	-1.0000	0.3654	NaN	NaN	NaN	352394.5599	352394.9894	1.0000	0.0000	0.2726	0.3850
12hq01	3	38	0	0	2.0000	0.0000	-1.0000	NaN	6.9958	-5.4434	15.6929	352395.8220	352396.1265	0.0000	1.0000	0.3690	0.5451
12hq01	3	39	0	0	1.0000	0.0000	-1.0000	0.2280	NaN	NaN	NaN	352398.8848	352399.2914	0.0000	1.0000	0.0517	0.2121
12hq01	3	39	0	0	2.0000	0.0000	1.0000	NaN	5.0072	4.3295	15.2620	352399.9381	352400.2403	0.0000	0.0000	0.2058	0.3835
12hq01	3	40	0	0	1.0000	0.0000	1.0000	0.3267	NaN	NaN	NaN	352402.4360	352402.7869	1.0000	1.0000	0.3311	0.4287
12hq01	3	40	0	0	2.0000	0.0000	1.0000	NaN	7.0088	6.5115	13.9212	352403.6518	352403.9541	1.0000	1.0000	0.4439	0.5738
12hq01	3	41	0	0	1.0000	0.0000	1.0000	0.2774	NaN	NaN	NaN	352406.9724	352407.3248	1.0000	1.0000	0.4658	0.5629
12hq01	3	41	0	0	2.0000	0.0000	1.0000	NaN	5.1798	5.6464	14.4480	352408.3232	352408.6253	0.0000	0.0000	0.3334	0.4942
12hq01	3	42	0	0	1.0000	0.0000	1.0000	0.7170	NaN	NaN	NaN	352411.4049	352411.7550	1.0000	1.0000	0.2270	0.2765
12hq01	3	42	0	0	2.0000	0.0000	-1.0000	NaN	3.3123	-1.6747	14.3950	352412.4674	352412.7696	0.0000	1.0000	0.3177	0.4461
12hq01	3	43	0	0	1.0000	0.0000	-1.0000	0.8702	NaN	NaN	NaN	352415.3853	352415.7363	1.0000	0.0000	0.3427	0.4555
12hq01	3	43	0	0	2.0000	0.0000	-1.0000	NaN	0.0138	-0.7733	15.6387	352416.6279	352416.9302	0.0000	1.0000	0.1570	0.3014
12hq01	3	44	0	0	1.0000	0.0000	-1.0000	0.8772	NaN	NaN	NaN	352419.4752	352419.8308	1.0000	0.0000	0.2798	0.3757
12hq01	3	44	0	0	2.0000	0.0000	1.0000	NaN	5.1625	5.1976	13.9807	352420.6422	352420.9443	1.0000	1.0000	0.3188	0.4150
12hq01	3	45	0	0	1.0000	0.0000	1.0000	0.3703	NaN	NaN	NaN	352423.3712	352423.7210	1.0000	1.0000	0.1971	0.3108
12hq01	3	45	0	0	2.0000	0.0000	-1.0000	NaN	2.9003	-2.3220	14.2612	352424.4687	352424.7709	1.0000	0.0000	0.3479	0.4437
12hq01	3	46	0	0	1.0000	0.0000	-1.0000	0.5043	NaN	NaN	NaN	352427.4539	352427.8043	1.0000	0.0000	0.2103	0.2904
12hq01	3	46	0	0	2.0000	0.0000	1.0000	NaN	9.3500	10.0479	14.7882	352428.5287	352428.8316	1.0000	1.0000	0.1916	0.3362
12hq01	3	47	0	0	1.0000	0.0000	-1.0000	0.1216	NaN	NaN	NaN	352431.3339	352431.7538	1.0000	0.0000	0.1014	0.1819
12hq01	3	47	0	0	2.0000	0.0000	-1.0000	NaN	11.9890	-12.8290	15.0138	352432.3803	352432.6863	0.0000	1.0000	0.1444	0.2893
12hq01	3	48	0	0	1.0000	0.0000	-1.0000	0.8596	NaN	NaN	NaN	352435.4679	352435.8868	1.0000	0.0000	0.1917	0.3039
12hq01	3	48	0	0	2.0000	0.0000	1.0000	NaN	11.7570	12.0660	14.4528	352436.6367	352436.9411	0.0000	0.0000	0.0809	0.2103
12hq01	3	49	0	0	1.0000	0.0000	-1.0000	0.2759	NaN	NaN	NaN	352439.5139	352439.9131	1.0000	0.0000	0.0372	0.1496
12hq01	3	49	0	0	2.0000	0.0000	1.0000	NaN	7.4051	7.1802	15.4537	352440.4987	352440.8009	1.0000	1.0000	0.0932	0.1588
12hq01	3	50	0	0	1.0000	0.0000	1.0000	0.7412	NaN	NaN	NaN	352442.7710	352443.1231	1.0000	1.0000	0.2041	0.2837
12hq01	3	50	0	0	2.0000	0.0000	-1.0000	NaN	0.9735	-1.3994	13.5222	352443.8416	352444.1439	0.0000	1.0000	0.0788	0.2081
