14lh04	1	1	1	1	1.0000	1.0000	1.0000	NaN	0.9663	2.7879	14.7118	246565.8548	246566.1569	1.0000	1.0000	0.5810	0.6622
14lh04	1	1	1	1	2.0000	1.0000	1.0000	0.0544	NaN	NaN	NaN	246567.2478	246567.6004	0.0000	0.0000	0.4501	0.5626
14lh04	1	2	1	1	1.0000	1.0000	1.0000	NaN	6.7519	7.7733	14.4972	246570.2200	246570.5222	1.0000	1.0000	0.2641	0.3768
14lh04	1	2	1	1	2.0000	1.0000	1.0000	0.2083	NaN	NaN	NaN	246571.3277	246571.6823	1.0000	1.0000	0.5596	0.6716
14lh04	1	3	1	1	1.0000	1.0000	-1.0000	NaN	2.6501	-1.8458	16.6078	246574.4320	246574.7342	0.0000	1.0000	0.3557	0.4370
14lh04	1	3	1	1	2.0000	1.0000	1.0000	0.2701	NaN	NaN	NaN	246575.6012	246575.9514	1.0000	1.0000	0.1618	0.3226
14lh04	1	4	1	1	1.0000	1.0000	-1.0000	NaN	5.0431	-5.5907	15.3936	246578.3767	246578.6839	0.0000	1.0000	0.2143	0.3114
14lh04	1	4	1	1	2.0000	1.0000	1.0000	0.2326	NaN	NaN	NaN	246579.4274	246579.8404	1.0000	1.0000	0.0019	0.1626
14lh04	1	5	1	1	1.0000	1.0000	-1.0000	NaN	5.3291	-5.2713	15.5488	246582.0419	246582.3491	0.0000	1.0000	0.1322	0.2462
14lh04	1	5	1	1	2.0000	1.0000	1.0000	0.1518	NaN	NaN	NaN	246583.0273	246583.4526	1.0000	1.0000	0.0207	0.1504
14lh04	1	6	1	1	1.0000	1.0000	1.0000	NaN	5.7059	7.4676	15.2806	246585.6420	246585.9490	1.0000	1.0000	0.1978	0.3095
14lh04	1	6	1	1	2.0000	1.0000	1.0000	0.0906	NaN	NaN	NaN	246586.6903	246587.1062	1.0000	1.0000	0.3362	0.4647
14lh04	1	7	1	1	1.0000	1.0000	-1.0000	NaN	1.3292	-1.2605	15.6320	246589.5372	246589.8420	1.0000	0.0000	0.3680	0.4959
14lh04	1	7	1	1	2.0000	1.0000	-1.0000	0.1611	NaN	NaN	NaN	246590.7723	246591.1898	1.0000	0.0000	0.2525	0.3494
14lh04	1	8	1	1	1.0000	1.0000	1.0000	NaN	6.8284	6.1931	15.2880	246593.9000	246594.2048	1.0000	1.0000	0.2135	0.3423
14lh04	1	8	1	1	2.0000	1.0000	1.0000	0.3615	NaN	NaN	NaN	246594.9792	246595.4024	1.0000	1.0000	0.0241	0.1368
14lh04	1	9	1	1	1.0000	1.0000	1.0000	NaN	2.0908	2.1586	14.1073	246597.3525	246597.6574	1.0000	1.0000	0.1839	0.3617
14lh04	1	9	1	1	2.0000	1.0000	1.0000	0.2357	NaN	NaN	NaN	246598.4537	246598.8722	1.0000	1.0000	0.0257	0.1551
14lh04	1	10	1	1	1.0000	1.0000	-1.0000	NaN	4.9845	-5.3203	14.9574	246601.4125	246601.7170	0.0000	1.0000	0.2054	0.2542
14lh04	1	10	1	1	2.0000	1.0000	1.0000	0.0551	NaN	NaN	NaN	246602.4047	246602.7934	1.0000	1.0000	0.0007	0.1057
14lh04	1	11	1	1	1.0000	1.0000	1.0000	NaN	5.0414	4.9867	15.4642	246605.0507	246605.3529	1.0000	1.0000	0.1534	0.2983
14lh04	1	11	1	1	2.0000	1.0000	1.0000	0.4212	NaN	NaN	NaN	246606.0799	246606.4318	1.0000	1.0000	0.0025	0.1312
14lh04	1	12	1	1	1.0000	1.0000	1.0000	NaN	1.7818	1.6037	13.8265	246608.4138	246608.7159	1.0000	1.0000	0.1662	0.3264
14lh04	1	12	1	1	2.0000	1.0000	1.0000	0.2522	NaN	NaN	NaN	246609.4709	246609.8263	1.0000	1.0000	3.8717	3.9683
14lh04	1	13	1	1	1.0000	1.0000	-1.0000	NaN	4.8547	-2.7793	12.4341	246616.0464	246616.3486	1.0000	0.0000	0.5974	0.7262
14lh04	1	13	1	1	2.0000	1.0000	-1.0000	0.0197	NaN	NaN	NaN	246617.5035	246617.8594	1.0000	0.0000	0.2866	0.4625
14lh04	1	14	1	1	1.0000	1.0000	-1.0000	NaN	6.5580	-6.9226	15.8974	246620.5198	246620.8219	0.0000	1.0000	0.4445	0.5727
14lh04	1	14	1	1	2.0000	1.0000	1.0000	0.4201	NaN	NaN	NaN	246621.8233	246622.1795	1.0000	1.0000	0.0010	0.0957
14lh04	1	15	1	1	1.0000	1.0000	-1.0000	NaN	1.5321	-2.5865	14.4416	246624.4008	246624.7030	1.0000	0.0000	0.2109	0.3398
14lh04	1	15	1	1	2.0000	1.0000	-1.0000	0.0328	NaN	NaN	NaN	246625.4715	246625.8255	1.0000	0.0000	0.1449	0.3215
14lh04	1	16	1	1	1.0000	1.0000	1.0000	NaN	0.2642	0.1684	15.0426	246628.3183	246628.6206	0.0000	0.0000	0.2454	0.3581
14lh04	1	16	1	1	2.0000	1.0000	-1.0000	0.1196	NaN	NaN	NaN	246629.4074	246629.7625	1.0000	0.0000	0.1118	0.2567
14lh04	1	17	1	1	1.0000	1.0000	-1.0000	NaN	2.2683	-2.0738	15.1829	246632.3582	246632.6614	1.0000	0.0000	0.2199	0.3657
14lh04	1	17	1	1	2.0000	1.0000	-1.0000	0.3597	NaN	NaN	NaN	246633.4562	246633.8123	0.0000	1.0000	0.2701	0.4144
14lh04	1	18	1	1	1.0000	1.0000	1.0000	NaN	0.5882	0.0524	15.1078	246636.5322	246636.8360	1.0000	1.0000	0.2865	0.4142
14lh04	1	18	1	1	2.0000	1.0000	1.0000	0.4203	NaN	NaN	NaN	246637.6841	246638.1017	1.0000	1.0000	0.0007	0.0773
14lh04	1	19	1	1	1.0000	1.0000	1.0000	NaN	3.8270	3.0305	14.1876	246640.3369	246640.6408	1.0000	1.0000	0.2089	0.3541
14lh04	1	19	1	1	2.0000	1.0000	1.0000	0.1468	NaN	NaN	NaN	246641.4259	246641.8355	1.0000	1.0000	0.0393	0.1677
14lh04	1	20	1	1	1.0000	1.0000	-1.0000	NaN	4.4814	-3.3493	14.5303	246644.1629	246644.4667	0.0000	1.0000	0.2873	0.4161
14lh04	1	20	1	1	2.0000	1.0000	1.0000	0.5293	NaN	NaN	NaN	246645.3174	246645.7359	0.0000	0.0000	7.0506	7.2113
14lh04	1	21	1	1	1.0000	1.0000	-1.0000	NaN	5.7642	-4.6578	15.7207	246654.8611	246655.1660	0.0000	1.0000	0.2124	0.3568
14lh04	1	21	1	1	2.0000	1.0000	1.0000	0.4239	NaN	NaN	NaN	246655.9548	246656.3694	1.0000	1.0000	0.0005	0.0975
14lh04	1	22	1	1	1.0000	1.0000	1.0000	NaN	0.7304	1.7425	12.7929	246658.4974	246658.7996	0.0000	0.0000	0.4507	0.5796
14lh04	1	22	1	1	2.0000	1.0000	-1.0000	0.5252	NaN	NaN	NaN	246659.8079	246660.1612	0.0000	1.0000	0.3047	0.5137
14lh04	1	23	1	1	1.0000	1.0000	-1.0000	NaN	4.8874	-3.3574	14.7849	246662.9768	246663.2789	0.0000	1.0000	0.2110	0.3558
14lh04	1	23	1	1	2.0000	1.0000	1.0000	0.1260	NaN	NaN	NaN	246664.0641	246664.4139	1.0000	1.0000	0.1005	0.2611
14lh04	1	24	1	1	1.0000	1.0000	-1.0000	NaN	2.4383	-0.3521	14.4566	246667.0015	246667.3036	0.0000	1.0000	0.5857	0.7157
14lh04	1	24	1	1	2.0000	1.0000	1.0000	0.3841	NaN	NaN	NaN	246668.4480	246668.7995	1.0000	1.0000	0.0981	0.2585
14lh04	1	25	1	1	1.0000	1.0000	1.0000	NaN	7.2855	6.9073	14.8341	246671.1100	246671.4121	1.0000	1.0000	0.2545	0.3510
14lh04	1	25	1	1	2.0000	1.0000	1.0000	0.0153	NaN	NaN	NaN	246672.1917	246672.5452	1.0000	1.0000	0.0005	0.0819
14lh04	1	26	1	1	1.0000	1.0000	-1.0000	NaN	1.3181	-0.8905	16.0577	246674.6520	246674.9541	0.0000	1.0000	0.3922	0.4721
14lh04	1	26	1	1	2.0000	1.0000	1.0000	0.5522	NaN	NaN	NaN	246675.8549	246676.2105	1.0000	1.0000	0.0006	0.0970
14lh04	1	27	1	1	1.0000	1.0000	1.0000	NaN	3.6828	2.5700	12.1017	246678.7093	246679.0115	1.0000	1.0000	0.2705	0.3839
14lh04	1	27	1	1	2.0000	1.0000	1.0000	0.3305	NaN	NaN	NaN	246679.8239	246680.1768	1.0000	1.0000	0.0177	0.1615
14lh04	1	28	1	1	1.0000	1.0000	-1.0000	NaN	1.0647	-2.4520	13.8315	246682.4142	246682.7164	1.0000	0.0000	0.2609	0.3746
14lh04	1	28	1	1	2.0000	1.0000	-1.0000	0.1164	NaN	NaN	NaN	246683.5227	246683.9333	1.0000	0.0000	0.0005	0.0695
14lh04	1	29	1	1	1.0000	1.0000	-1.0000	NaN	3.0550	-2.6960	14.4365	246685.7468	246686.0491	1.0000	0.0000	0.1295	0.2581
14lh04	1	29	1	1	2.0000	1.0000	-1.0000	0.1420	NaN	NaN	NaN	246686.7358	246687.0890	1.0000	0.0000	0.0007	0.0494
14lh04	1	30	1	1	1.0000	1.0000	-1.0000	NaN	0.8795	-0.3313	15.1274	246689.1817	246689.4839	0.0000	1.0000	0.2134	0.3427
14lh04	1	30	1	1	2.0000	1.0000	1.0000	0.2758	NaN	NaN	NaN	246690.2553	246690.6097	1.0000	1.0000	0.0006	0.0975
14lh04	1	31	1	1	1.0000	1.0000	-1.0000	NaN	3.0275	-3.8014	16.1271	246692.8320	246693.1342	0.0000	1.0000	0.1643	0.2770
14lh04	1	31	1	1	2.0000	1.0000	1.0000	0.5619	NaN	NaN	NaN	246693.8398	246694.1928	1.0000	1.0000	0.1454	0.2892
14lh04	1	32	1	1	1.0000	1.0000	1.0000	NaN	1.4468	3.5872	14.3306	246696.7591	246697.0612	1.0000	1.0000	0.1241	0.2219
14lh04	1	32	1	1	2.0000	1.0000	1.0000	0.4649	NaN	NaN	NaN	246697.7124	246698.0621	1.0000	1.0000	0.0525	0.1972
14lh04	1	33	1	1	1.0000	1.0000	-1.0000	NaN	1.8075	-0.9118	13.9765	246700.3609	246700.6632	1.0000	0.0000	0.2182	0.3476
14lh04	1	33	1	1	2.0000	1.0000	-1.0000	0.1062	NaN	NaN	NaN	246701.4393	246701.7924	1.0000	0.0000	0.1129	0.2427
14lh04	1	34	1	1	1.0000	1.0000	-1.0000	NaN	0.0676	-1.2414	15.6898	246704.3839	246704.6861	0.0000	1.0000	0.1472	0.2769
14lh04	1	34	1	1	2.0000	1.0000	1.0000	0.0558	NaN	NaN	NaN	246705.3918	246705.7436	1.0000	1.0000	0.0177	0.1623
14lh04	1	35	1	1	1.0000	1.0000	-1.0000	NaN	1.6587	-0.3376	16.2788	246707.7807	246708.0829	0.0000	1.0000	0.2714	0.4159
14lh04	1	35	1	1	2.0000	1.0000	1.0000	0.3673	NaN	NaN	NaN	246708.9285	246709.2782	1.0000	1.0000	0.0005	0.1329
14lh04	1	36	1	1	1.0000	1.0000	1.0000	NaN	5.4651	6.4177	14.6601	246711.1368	246711.4399	1.0000	1.0000	0.2102	0.2898
14lh04	1	36	1	1	2.0000	1.0000	1.0000	0.0658	NaN	NaN	NaN	246712.1589	246712.5099	1.0000	1.0000	0.0005	0.0690
14lh04	1	37	1	1	1.0000	1.0000	-1.0000	NaN	7.0722	-4.6766	15.0314	246714.5296	246714.8318	0.0000	1.0000	0.1306	0.2275
14lh04	1	37	1	1	2.0000	1.0000	1.0000	0.4947	NaN	NaN	NaN	246715.4879	246715.8417	1.0000	1.0000	0.0007	0.1456
14lh04	1	38	1	1	1.0000	1.0000	-1.0000	NaN	3.6096	-4.3637	15.2549	246718.2886	246718.5907	0.0000	1.0000	0.3066	0.4206
14lh04	1	38	1	1	2.0000	1.0000	1.0000	0.1451	NaN	NaN	NaN	246719.4400	246719.7929	1.0000	1.0000	0.0656	0.1781
14lh04	1	39	1	1	1.0000	1.0000	1.0000	NaN	6.9228	7.5380	15.8616	246722.1228	246722.4250	1.0000	1.0000	0.1701	0.2664
14lh04	1	39	1	1	2.0000	1.0000	1.0000	0.2935	NaN	NaN	NaN	246723.1200	246723.4747	1.0000	1.0000	0.3194	0.4164
14lh04	1	40	1	1	1.0000	1.0000	1.0000	NaN	5.6725	5.4292	13.4913	246726.4160	246726.7182	1.0000	1.0000	0.1799	0.2768
14lh04	1	40	1	1	2.0000	1.0000	1.0000	0.5801	NaN	NaN	NaN	246727.4236	246727.7758	1.0000	1.0000	0.0188	0.1472
14lh04	1	41	1	1	1.0000	1.0000	1.0000	NaN	4.7591	4.9034	13.6605	246730.1244	246730.4285	1.0000	1.0000	0.1649	0.2787
14lh04	1	41	1	1	2.0000	1.0000	1.0000	0.5296	NaN	NaN	NaN	246731.1385	246731.5485	1.0000	1.0000	0.0005	0.0230
14lh04	1	42	1	1	1.0000	1.0000	-1.0000	NaN	1.1771	-3.7568	15.6889	246733.3138	246733.6178	0.0000	1.0000	0.3848	0.4815
14lh04	1	42	1	1	2.0000	1.0000	1.0000	0.0880	NaN	NaN	NaN	246734.5312	246734.9622	0.0000	0.0000	4.7839	4.9452
14lh04	1	43	1	1	1.0000	1.0000	-1.0000	NaN	1.5731	-0.1290	14.2989	246742.0132	246742.3180	0.0000	1.0000	0.1006	0.1974
14lh04	1	43	1	1	2.0000	1.0000	1.0000	0.5506	NaN	NaN	NaN	246742.9481	246743.3651	1.0000	1.0000	0.0005	0.0131
14lh04	1	44	1	1	1.0000	1.0000	-1.0000	NaN	1.4461	-3.3885	14.2141	246745.8288	246746.1310	0.0000	1.0000	0.2064	0.2719
14lh04	1	44	1	1	2.0000	1.0000	1.0000	0.5950	NaN	NaN	NaN	246746.8315	246747.1860	1.0000	1.0000	0.0966	0.2079
14lh04	1	45	1	1	1.0000	1.0000	-1.0000	NaN	7.4629	-8.9827	15.3499	246749.7698	246750.0723	0.0000	1.0000	0.1530	0.2350
14lh04	1	45	1	1	2.0000	1.0000	1.0000	0.0731	NaN	NaN	NaN	246750.7359	246751.0899	1.0000	1.0000	0.0166	0.1453
14lh04	1	46	1	1	1.0000	1.0000	1.0000	NaN	0.5485	2.3915	16.3063	246753.2130	246753.5156	1.0000	1.0000	0.1498	0.2315
14lh04	1	46	1	1	2.0000	1.0000	1.0000	0.4461	NaN	NaN	NaN	246754.1763	246754.5260	1.0000	1.0000	0.0205	0.1320
14lh04	1	47	1	1	1.0000	1.0000	-1.0000	NaN	8.6426	-9.1341	14.4250	246756.8586	246757.1607	0.0000	1.0000	0.1686	0.2659
14lh04	1	47	1	1	2.0000	1.0000	1.0000	0.0774	NaN	NaN	NaN	246757.8552	246758.2077	1.0000	1.0000	0.0005	0.0356
14lh04	1	48	1	1	1.0000	1.0000	1.0000	NaN	0.7018	3.1092	15.7286	246760.4951	246760.7973	0.0000	0.0000	0.1161	0.1821
14lh04	1	48	1	1	2.0000	1.0000	-1.0000	0.4718	NaN	NaN	NaN	246761.4092	246761.7589	1.0000	0.0000	0.0005	0.1002
14lh04	1	49	1	1	1.0000	1.0000	-1.0000	NaN	1.6320	-2.3180	15.5333	246764.4317	246764.7338	1.0000	0.0000	0.1647	0.2610
14lh04	1	49	1	1	2.0000	1.0000	-1.0000	0.4629	NaN	NaN	NaN	246765.4248	246765.7756	0.0000	1.0000	0.3697	0.4516
14lh04	1	50	1	1	1.0000	1.0000	-1.0000	NaN	1.6356	-1.6787	15.3346	246768.1040	246768.4062	1.0000	0.0000	0.3311	0.4279
14lh04	1	50	1	1	2.0000	1.0000	-1.0000	0.0886	NaN	NaN	NaN	246769.2627	246769.6185	0.0000	1.0000	0.3828	0.4808
14lh04	2	1	1	1	1.0000	1.0000	1.0000	NaN	3.7404	6.3871	15.1119	246792.2635	246792.5696	1.0000	1.0000	0.1368	0.2657
14lh04	2	1	1	1	2.0000	1.0000	1.0000	0.2744	NaN	NaN	NaN	246793.2674	246793.6917	1.0000	1.0000	0.2297	0.3591
14lh04	2	2	1	1	1.0000	1.0000	1.0000	NaN	1.0721	1.5446	14.6087	246796.1097	246796.4141	1.0000	1.0000	0.1479	0.2766
14lh04	2	2	1	1	2.0000	1.0000	1.0000	0.2692	NaN	NaN	NaN	246797.1249	246797.5457	1.0000	1.0000	0.0005	0.0895
14lh04	2	3	1	1	1.0000	1.0000	1.0000	NaN	4.4410	4.0524	14.9964	246799.5741	246799.8786	1.0000	1.0000	0.1553	0.2841
14lh04	2	3	1	1	2.0000	1.0000	1.0000	0.4750	NaN	NaN	NaN	246800.5949	246801.0123	1.0000	1.0000	0.0005	0.0950
14lh04	2	4	1	1	1.0000	1.0000	1.0000	NaN	6.7034	6.9186	14.7251	246803.0919	246803.3965	1.0000	1.0000	0.1890	0.2387
14lh04	2	4	1	1	2.0000	1.0000	1.0000	0.0028	NaN	NaN	NaN	246804.0667	246804.4788	1.0000	1.0000	0.0005	0.0843
14lh04	2	5	1	1	1.0000	1.0000	-1.0000	NaN	3.7945	-3.0691	15.5678	246806.5637	246806.8659	0.0000	1.0000	0.1761	0.2890
14lh04	2	5	1	1	2.0000	1.0000	1.0000	0.4059	NaN	NaN	NaN	246807.5834	246807.9373	1.0000	1.0000	0.0809	0.2098
14lh04	2	6	1	1	1.0000	1.0000	1.0000	NaN	7.9362	8.5326	14.4516	246809.9978	246810.3002	1.0000	1.0000	0.2612	0.3905
14lh04	2	6	1	1	2.0000	1.0000	1.0000	0.1468	NaN	NaN	NaN	246811.1193	246811.4717	1.0000	1.0000	0.0005	0.0509
14lh04	2	7	1	1	1.0000	1.0000	-1.0000	NaN	4.7394	-5.1365	13.9253	246813.4484	246813.7516	0.0000	1.0000	0.1711	0.2835
14lh04	2	7	1	1	2.0000	1.0000	1.0000	0.2557	NaN	NaN	NaN	246814.4636	246814.8201	0.0000	0.0000	3.8380	3.9672
14lh04	2	8	1	1	1.0000	1.0000	-1.0000	NaN	1.4527	-0.6329	16.5113	246820.9295	246821.2317	0.0000	1.0000	0.2427	0.3397
14lh04	2	8	1	1	2.0000	1.0000	1.0000	0.2962	NaN	NaN	NaN	246821.9999	246822.3531	1.0000	1.0000	0.0008	0.1462
14lh04	2	9	1	1	1.0000	1.0000	-1.0000	NaN	4.9711	-7.1946	14.7297	246824.6510	246824.9531	0.0000	1.0000	0.1694	0.2823
14lh04	2	9	1	1	2.0000	1.0000	1.0000	0.5447	NaN	NaN	NaN	246825.6670	246826.0777	1.0000	1.0000	0.0005	0.1168
14lh04	2	10	1	1	1.0000	1.0000	1.0000	NaN	8.3793	7.1042	15.3225	246828.5282	246828.8339	1.0000	1.0000	0.1275	0.2254
14lh04	2	10	1	1	2.0000	1.0000	1.0000	0.4343	NaN	NaN	NaN	246829.4939	246829.8822	1.0000	1.0000	0.0007	0.1373
14lh04	2	11	1	1	1.0000	1.0000	-1.0000	NaN	2.2324	-3.1932	14.0320	246831.7465	246832.0487	0.0000	1.0000	0.2578	0.3067
14lh04	2	11	1	1	2.0000	1.0000	1.0000	0.0672	NaN	NaN	NaN	246832.7839	246833.1373	1.0000	1.0000	0.0008	0.0325
14lh04	2	12	1	1	1.0000	1.0000	-1.0000	NaN	6.7641	-7.5327	15.5116	246834.9706	246835.2727	0.0000	1.0000	0.1527	0.2826
14lh04	2	12	1	1	2.0000	1.0000	1.0000	0.0918	NaN	NaN	NaN	246835.9839	246836.3371	1.0000	1.0000	0.0005	0.0818
14lh04	2	13	1	1	1.0000	1.0000	1.0000	NaN	5.0181	6.0560	15.5725	246838.2705	246838.5727	1.0000	1.0000	0.2128	0.3102
14lh04	2	13	1	1	2.0000	1.0000	1.0000	0.5613	NaN	NaN	NaN	246839.3115	246839.6648	1.0000	1.0000	0.0007	0.0184
14lh04	2	14	1	1	1.0000	1.0000	-1.0000	NaN	2.9163	-0.2790	15.1673	246841.8853	246842.1874	1.0000	0.0000	0.1825	0.2627
14lh04	2	14	1	1	2.0000	1.0000	-1.0000	0.0072	NaN	NaN	NaN	246842.8787	246843.2355	1.0000	0.0000	0.0006	0.1280
14lh04	2	15	1	1	1.0000	1.0000	1.0000	NaN	6.6519	6.3128	14.8877	246845.6873	246845.9894	1.0000	1.0000	0.1240	0.2366
14lh04	2	15	1	1	2.0000	1.0000	1.0000	0.2948	NaN	NaN	NaN	246846.6551	246847.0048	1.0000	1.0000	0.3572	0.4221
14lh04	2	16	1	1	1.0000	1.0000	1.0000	NaN	4.5199	4.2598	13.9624	246849.1518	246849.4540	1.0000	1.0000	0.3554	0.4852
14lh04	2	16	1	1	2.0000	1.0000	1.0000	0.4360	NaN	NaN	NaN	246850.3681	246850.7198	1.0000	1.0000	0.1616	0.2745
14lh04	2	17	1	1	1.0000	1.0000	-1.0000	NaN	2.7647	-3.0620	15.5459	246853.1698	246853.4720	0.0000	1.0000	0.1623	0.2584
14lh04	2	17	1	1	2.0000	1.0000	1.0000	0.0416	NaN	NaN	NaN	246854.1589	246854.5140	1.0000	1.0000	0.0483	0.2250
14lh04	2	18	1	1	1.0000	1.0000	1.0000	NaN	4.2110	4.7391	15.9933	246856.6653	246856.9674	1.0000	1.0000	0.2030	0.2997
14lh04	2	18	1	1	2.0000	1.0000	1.0000	0.4690	NaN	NaN	NaN	246857.6957	246858.0514	1.0000	1.0000	0.0006	0.1272
14lh04	2	19	1	1	1.0000	1.0000	-1.0000	NaN	3.7215	-3.9841	16.0051	246860.4553	246860.7575	0.0000	1.0000	0.5568	0.7177
14lh04	2	19	1	1	2.0000	1.0000	1.0000	0.5583	NaN	NaN	NaN	246861.9043	246862.2540	1.0000	1.0000	0.0846	0.3092
14lh04	2	20	1	1	1.0000	1.0000	-1.0000	NaN	8.2321	-7.2283	15.3065	246864.8888	246865.1910	0.0000	1.0000	0.2825	0.3964
14lh04	2	20	1	1	2.0000	1.0000	1.0000	0.2053	NaN	NaN	NaN	246866.0161	246866.3690	1.0000	1.0000	0.0173	0.1930
14lh04	2	21	1	1	1.0000	1.0000	1.0000	NaN	5.0691	5.1147	14.7961	246868.2878	246868.5900	1.0000	1.0000	0.1486	0.2609
14lh04	2	21	1	1	2.0000	1.0000	1.0000	0.4466	NaN	NaN	NaN	246869.2795	246869.6342	0.0000	0.0000	0.3686	0.4645
14lh04	2	22	1	1	1.0000	1.0000	1.0000	NaN	5.5236	4.8390	15.8700	246872.3215	246872.6256	1.0000	1.0000	0.1924	0.3213
14lh04	2	22	1	1	2.0000	1.0000	1.0000	0.4232	NaN	NaN	NaN	246873.3782	246873.7894	1.0000	1.0000	0.1168	0.2770
14lh04	2	23	1	1	1.0000	1.0000	1.0000	NaN	5.5531	5.4050	13.2863	246876.0672	246876.3693	1.0000	1.0000	0.1931	0.2894
14lh04	2	23	1	1	2.0000	1.0000	1.0000	0.1384	NaN	NaN	NaN	246877.0874	246877.4392	1.0000	1.0000	0.2263	0.3400
14lh04	2	24	1	1	1.0000	1.0000	1.0000	NaN	2.7319	3.4163	14.5655	246879.9302	246880.2326	1.0000	1.0000	0.2176	0.3455
14lh04	2	24	1	1	2.0000	1.0000	1.0000	0.0359	NaN	NaN	NaN	246881.0068	246881.3630	1.0000	1.0000	0.1437	0.2724
14lh04	2	25	1	1	1.0000	1.0000	-1.0000	NaN	7.1871	-6.0764	14.6275	246883.8363	246884.1385	0.0000	1.0000	0.3589	0.5211
14lh04	2	25	1	1	2.0000	1.0000	1.0000	0.2126	NaN	NaN	NaN	246885.0882	246885.4388	1.0000	1.0000	0.0005	0.2113
14lh04	2	26	1	1	1.0000	1.0000	-1.0000	NaN	7.1233	-6.0431	13.6717	246887.9751	246888.2772	0.0000	1.0000	0.1575	0.3023
14lh04	2	26	1	1	2.0000	1.0000	1.0000	0.0587	NaN	NaN	NaN	246889.0082	246889.3626	1.0000	1.0000	0.0007	0.1275
14lh04	2	27	1	1	1.0000	1.0000	1.0000	NaN	0.9152	2.6599	14.4633	246891.2940	246891.5967	1.0000	1.0000	0.2447	0.3585
14lh04	2	27	1	1	2.0000	1.0000	1.0000	0.1322	NaN	NaN	NaN	246892.3853	246892.7359	1.0000	1.0000	0.4976	0.5952
14lh04	2	28	1	1	1.0000	1.0000	1.0000	NaN	2.3878	2.3635	14.2911	246895.3829	246895.6850	0.0000	0.0000	0.1574	0.2862
14lh04	2	28	1	1	2.0000	1.0000	-1.0000	0.4563	NaN	NaN	NaN	246896.4008	246896.7524	0.0000	1.0000	0.2891	0.4349
14lh04	2	29	1	1	1.0000	1.0000	1.0000	NaN	4.4500	4.3843	15.9474	246899.3139	246899.6161	1.0000	1.0000	0.1463	0.2745
14lh04	2	29	1	1	2.0000	1.0000	1.0000	0.5985	NaN	NaN	NaN	246900.3192	246900.6688	1.0000	1.0000	0.0538	0.1985
14lh04	2	30	1	1	1.0000	1.0000	1.0000	NaN	8.0554	7.9915	14.7721	246903.3172	246903.6194	1.0000	1.0000	0.3347	0.4793
14lh04	2	30	1	1	2.0000	1.0000	1.0000	0.0315	NaN	NaN	NaN	246904.5273	246904.8824	0.0000	0.0000	0.1271	0.2718
14lh04	2	31	1	1	1.0000	1.0000	-1.0000	NaN	5.3984	-6.1051	16.9264	246907.2962	246907.5983	1.0000	0.0000	0.2598	0.2769
14lh04	2	31	1	1	2.0000	1.0000	-1.0000	0.2956	NaN	NaN	NaN	246908.3038	246908.6544	0.0000	1.0000	0.2111	0.4049
14lh04	2	32	1	1	1.0000	1.0000	1.0000	NaN	7.9342	7.2231	16.2279	246911.3100	246911.6130	1.0000	1.0000	0.1815	0.2782
14lh04	2	32	1	1	2.0000	1.0000	1.0000	0.3324	NaN	NaN	NaN	246912.3197	246912.6706	1.0000	1.0000	0.1317	0.2447
14lh04	2	33	1	1	1.0000	1.0000	1.0000	NaN	0.4191	0.6223	15.7177	246914.8424	246915.1447	1.0000	1.0000	0.2328	0.3466
14lh04	2	33	1	1	2.0000	1.0000	1.0000	0.0062	NaN	NaN	NaN	246915.9200	246916.2706	1.0000	1.0000	0.2441	0.3716
14lh04	2	34	1	1	1.0000	1.0000	-1.0000	NaN	6.3298	-5.6616	15.3373	246918.7175	246919.0215	0.0000	1.0000	0.1334	0.2618
14lh04	2	34	1	1	2.0000	1.0000	1.0000	0.3925	NaN	NaN	NaN	246919.7143	246920.1221	1.0000	1.0000	0.0007	0.1207
14lh04	2	35	1	1	1.0000	1.0000	-1.0000	NaN	6.4804	-7.2542	15.8767	246922.5023	246922.8064	0.0000	1.0000	0.1560	0.2690
14lh04	2	35	1	1	2.0000	1.0000	1.0000	0.3953	NaN	NaN	NaN	246923.5067	246923.8943	1.0000	1.0000	0.0007	0.0770
14lh04	2	36	1	1	1.0000	1.0000	-1.0000	NaN	6.7489	-7.0623	14.1314	246926.2218	246926.5240	0.0000	1.0000	0.0868	0.2150
14lh04	2	36	1	1	2.0000	1.0000	1.0000	0.0372	NaN	NaN	NaN	246927.1678	246927.5174	1.0000	1.0000	0.0005	0.0379
14lh04	2	37	1	1	1.0000	1.0000	-1.0000	NaN	5.5909	-6.6698	13.5453	246929.6312	246929.9333	0.0000	1.0000	0.1491	0.2618
14lh04	2	37	1	1	2.0000	1.0000	1.0000	0.2694	NaN	NaN	NaN	246930.6239	246930.9769	1.0000	1.0000	0.0007	0.0985
14lh04	2	38	1	1	1.0000	1.0000	1.0000	NaN	4.1476	2.2103	14.8267	246933.2260	246933.5294	0.0000	0.0000	0.2642	0.2970
14lh04	2	38	1	1	2.0000	1.0000	-1.0000	0.3903	NaN	NaN	NaN	246934.2550	246934.6105	0.0000	1.0000	0.1110	0.2088
14lh04	2	39	1	1	1.0000	1.0000	1.0000	NaN	8.5156	7.4913	15.6572	246936.8468	246937.1490	1.0000	1.0000	0.1656	0.2625
14lh04	2	39	1	1	2.0000	1.0000	1.0000	0.5650	NaN	NaN	NaN	246937.8401	246938.1933	1.0000	1.0000	0.0007	0.0970
14lh04	2	40	1	1	1.0000	1.0000	-1.0000	NaN	3.8211	-2.9399	15.7024	246940.5663	246940.8685	1.0000	0.0000	0.5265	0.6549
14lh04	2	40	1	1	2.0000	1.0000	-1.0000	0.0325	NaN	NaN	NaN	246941.9520	246942.3026	1.0000	0.0000	0.0005	0.0688
14lh04	2	41	1	1	1.0000	1.0000	1.0000	NaN	7.6797	7.4397	14.8596	246944.1147	246944.4168	1.0000	1.0000	0.1779	0.2745
14lh04	2	41	1	1	2.0000	1.0000	1.0000	0.2599	NaN	NaN	NaN	246945.1199	246945.4765	1.0000	1.0000	0.1410	0.3182
14lh04	2	42	1	1	1.0000	1.0000	-1.0000	NaN	8.4917	-10.2296	14.1980	246948.1967	246948.4988	0.0000	1.0000	0.1589	0.3036
14lh04	2	42	1	1	2.0000	1.0000	1.0000	0.2786	NaN	NaN	NaN	246949.2324	246949.5831	1.0000	1.0000	0.0005	0.1643
14lh04	2	43	1	1	1.0000	1.0000	-1.0000	NaN	0.9494	-0.4843	15.0935	246951.9772	246952.2792	1.0000	0.0000	0.2035	0.3317
14lh04	2	43	1	1	2.0000	1.0000	-1.0000	0.3963	NaN	NaN	NaN	246953.0399	246953.3966	1.0000	0.0000	0.0006	0.1265
14lh04	2	44	1	1	1.0000	1.0000	-1.0000	NaN	1.4809	-0.9544	15.7731	246955.6912	246955.9949	1.0000	0.0000	0.2640	0.4402
14lh04	2	44	1	1	2.0000	1.0000	-1.0000	0.3963	NaN	NaN	NaN	246956.8647	246957.2159	0.0000	1.0000	0.1463	0.3072
14lh04	2	45	1	1	1.0000	1.0000	1.0000	NaN	1.4377	1.3929	14.3681	246959.3247	246959.6281	1.0000	1.0000	0.2144	0.3272
14lh04	2	45	1	1	2.0000	1.0000	1.0000	0.1895	NaN	NaN	NaN	246960.3840	246960.7349	1.0000	1.0000	0.0026	0.2604
14lh04	2	46	1	1	1.0000	1.0000	1.0000	NaN	1.0328	0.2948	16.4666	246963.1232	246963.4300	1.0000	1.0000	0.5407	0.6370
14lh04	2	46	1	1	2.0000	1.0000	1.0000	0.1428	NaN	NaN	NaN	246964.5012	246964.9208	1.0000	1.0000	0.3127	0.4265
14lh04	2	47	1	1	1.0000	1.0000	-1.0000	NaN	2.8621	-1.4109	15.2861	246967.6839	246967.9884	0.0000	1.0000	0.3824	0.5271
14lh04	2	47	1	1	2.0000	1.0000	1.0000	0.0118	NaN	NaN	NaN	246968.9496	246969.3706	0.0000	0.0000	0.1509	0.3127
14lh04	2	48	1	1	1.0000	1.0000	1.0000	NaN	4.9889	6.5007	14.7529	246971.9836	246972.2880	1.0000	1.0000	0.1942	0.3542
14lh04	2	48	1	1	2.0000	1.0000	1.0000	0.4870	NaN	NaN	NaN	246973.0738	246973.4871	1.0000	1.0000	0.0355	0.2761
14lh04	2	49	1	1	1.0000	1.0000	-1.0000	NaN	0.7497	-0.4253	14.8734	246975.9241	246976.2310	1.0000	0.0000	0.2671	0.3477
14lh04	2	49	1	1	2.0000	1.0000	-1.0000	0.1246	NaN	NaN	NaN	246977.0105	246977.4202	1.0000	0.0000	0.3572	0.5029
14lh04	2	50	1	1	1.0000	1.0000	1.0000	NaN	6.4988	6.8592	15.2984	246980.3767	246980.6811	1.0000	1.0000	0.2004	0.3930
14lh04	2	50	1	1	2.0000	1.0000	1.0000	0.1353	NaN	NaN	NaN	246981.5060	246981.9200	0.0000	0.0000	0.1465	0.3227
14lh04	3	1	1	1	1.0000	1.0000	-1.0000	NaN	4.7538	-4.1876	16.2581	246989.6543	246989.9605	0.0000	1.0000	0.2178	0.3789
14lh04	3	1	1	1	2.0000	1.0000	1.0000	0.0773	NaN	NaN	NaN	246990.7713	246991.1857	1.0000	1.0000	0.1286	0.3531
14lh04	3	2	1	1	1.0000	1.0000	-1.0000	NaN	1.6977	-1.9959	15.1821	246993.4989	246993.8030	1.0000	0.0000	0.3585	0.4887
14lh04	3	2	1	1	2.0000	1.0000	-1.0000	0.1017	NaN	NaN	NaN	246994.7230	246995.1355	1.0000	0.0000	0.0030	0.2274
14lh04	3	3	1	1	1.0000	1.0000	-1.0000	NaN	7.1919	-7.8312	15.3527	246997.6165	246997.9208	0.0000	1.0000	0.5782	0.6748
14lh04	3	3	1	1	2.0000	1.0000	1.0000	0.2364	NaN	NaN	NaN	246999.0269	246999.4353	1.0000	1.0000	0.0715	0.2001
14lh04	3	4	1	1	1.0000	1.0000	1.0000	NaN	8.5039	7.8863	15.7058	247001.8474	247002.1516	1.0000	1.0000	0.2339	0.3637
14lh04	3	4	1	1	2.0000	1.0000	1.0000	0.2526	NaN	NaN	NaN	247002.9495	247003.3689	1.0000	1.0000	0.0005	0.0573
14lh04	3	5	1	1	1.0000	1.0000	1.0000	NaN	8.5546	7.3863	15.4699	247005.5362	247005.8411	1.0000	1.0000	0.1765	0.2584
14lh04	3	5	1	1	2.0000	1.0000	1.0000	0.5315	NaN	NaN	NaN	247006.5337	247006.9521	1.0000	1.0000	3.4174	3.5141
14lh04	3	6	1	1	1.0000	1.0000	-1.0000	NaN	7.9216	-7.8076	15.8383	247012.8518	247013.1559	1.0000	0.0000	0.0147	0.1423
14lh04	3	6	1	1	2.0000	1.0000	-1.0000	0.2550	NaN	NaN	NaN	247013.7324	247014.1516	0.0000	1.0000	4.4419	4.5873
14lh04	3	7	1	1	1.0000	1.0000	1.0000	NaN	5.1415	4.7877	13.4555	247020.9002	247021.2050	1.0000	1.0000	0.1892	0.3492
14lh04	3	7	1	1	2.0000	1.0000	1.0000	0.1576	NaN	NaN	NaN	247021.9863	247022.3995	1.0000	1.0000	0.0820	0.2918
14lh04	3	8	1	1	1.0000	1.0000	-1.0000	NaN	3.7046	-3.2113	14.3813	247024.9669	247025.2718	0.0000	1.0000	0.1548	0.2835
14lh04	3	8	1	1	2.0000	1.0000	1.0000	0.1154	NaN	NaN	NaN	247025.9872	247026.4183	1.0000	1.0000	0.0006	0.0651
14lh04	3	9	1	1	1.0000	1.0000	-1.0000	NaN	4.5125	-5.4758	16.1964	247028.3454	247028.6503	0.0000	1.0000	0.1353	0.2810
14lh04	3	9	1	1	2.0000	1.0000	1.0000	0.0432	NaN	NaN	NaN	247029.3658	247029.7843	1.0000	1.0000	0.0005	0.0107
14lh04	3	10	1	1	1.0000	1.0000	1.0000	NaN	4.0525	2.9558	14.0108	247031.5307	247031.8352	1.0000	1.0000	0.1835	0.3120
14lh04	3	10	1	1	2.0000	1.0000	1.0000	0.4084	NaN	NaN	NaN	247032.5816	247033.0008	1.0000	1.0000	0.0099	0.1539
14lh04	3	11	1	1	1.0000	1.0000	1.0000	NaN	3.9693	4.6607	14.5568	247035.0412	247035.3456	1.0000	1.0000	0.1612	0.2571
14lh04	3	11	1	1	2.0000	1.0000	1.0000	0.1435	NaN	NaN	NaN	247036.0346	247036.4507	0.0000	0.0000	3.6469	3.8403
14lh04	3	12	1	1	1.0000	1.0000	1.0000	NaN	3.0093	3.9075	15.3157	247042.5149	247042.8193	1.0000	1.0000	0.1113	0.2558
14lh04	3	12	1	1	2.0000	1.0000	1.0000	0.5164	NaN	NaN	NaN	247043.5068	247043.9170	1.0000	1.0000	0.0537	0.2626
14lh04	3	13	1	1	1.0000	1.0000	-1.0000	NaN	6.7235	-7.2786	15.2458	247046.6433	247046.9478	0.0000	1.0000	0.1898	0.3195
14lh04	3	13	1	1	2.0000	1.0000	1.0000	0.0489	NaN	NaN	NaN	247047.6994	247048.1145	1.0000	1.0000	0.0005	0.0487
14lh04	3	14	1	1	1.0000	1.0000	-1.0000	NaN	1.6346	-2.0462	14.6741	247049.9638	247050.2660	1.0000	0.0000	0.1840	0.2814
14lh04	3	14	1	1	2.0000	1.0000	-1.0000	0.4503	NaN	NaN	NaN	247050.9774	247051.3280	0.0000	1.0000	0.2416	0.3707
14lh04	3	15	1	1	1.0000	1.0000	-1.0000	NaN	8.2829	-7.9240	14.6448	247054.0251	247054.3272	0.0000	1.0000	0.2343	0.3482
14lh04	3	15	1	1	2.0000	1.0000	1.0000	0.3307	NaN	NaN	NaN	247055.1041	247055.4584	1.0000	1.0000	0.0484	0.2091
14lh04	3	16	1	1	1.0000	1.0000	1.0000	NaN	1.0985	3.6386	14.1233	247057.7713	247058.0738	1.0000	1.0000	0.2964	0.4097
14lh04	3	16	1	1	2.0000	1.0000	1.0000	0.5477	NaN	NaN	NaN	247058.9122	247059.2634	1.0000	1.0000	0.1941	0.3559
14lh04	3	17	1	1	1.0000	1.0000	1.0000	NaN	3.9682	3.0048	15.9342	247061.5955	247061.8977	1.0000	1.0000	0.1531	0.2175
14lh04	3	17	1	1	2.0000	1.0000	1.0000	0.2722	NaN	NaN	NaN	247062.5446	247062.8967	1.0000	1.0000	0.0005	0.0667
14lh04	3	18	1	1	1.0000	1.0000	1.0000	NaN	8.0697	9.9361	15.9026	247065.3404	247065.6426	1.0000	1.0000	0.1829	0.2810
14lh04	3	18	1	1	2.0000	1.0000	1.0000	0.4668	NaN	NaN	NaN	247066.3523	247066.7079	1.0000	1.0000	0.0006	0.0794
14lh04	3	19	1	1	1.0000	1.0000	-1.0000	NaN	8.2120	-8.1181	14.8608	247068.9129	247069.2151	0.0000	1.0000	0.2911	0.4039
14lh04	3	19	1	1	2.0000	1.0000	1.0000	0.4779	NaN	NaN	NaN	247070.0501	247070.4423	1.0000	1.0000	0.0005	0.1199
14lh04	3	20	1	1	1.0000	1.0000	1.0000	NaN	0.6305	2.7559	15.9594	247072.6872	247072.9898	1.0000	1.0000	0.3250	0.4378
14lh04	3	20	1	1	2.0000	1.0000	1.0000	0.0310	NaN	NaN	NaN	247073.8562	247074.2087	1.0000	1.0000	0.0008	0.1783
14lh04	3	21	1	1	1.0000	1.0000	1.0000	NaN	3.1876	2.8338	15.2020	247076.6127	247076.9148	1.0000	1.0000	0.1440	0.2245
14lh04	3	21	1	1	2.0000	1.0000	1.0000	0.1110	NaN	NaN	NaN	247077.5679	247077.9239	1.0000	1.0000	0.0006	0.0476
14lh04	3	22	1	1	1.0000	1.0000	1.0000	NaN	4.2267	3.7544	14.6179	247080.1736	247080.4757	1.0000	1.0000	0.1990	0.2796
14lh04	3	22	1	1	2.0000	1.0000	1.0000	0.4416	NaN	NaN	NaN	247081.1839	247081.5404	1.0000	1.0000	0.0131	0.1269
14lh04	3	23	1	1	1.0000	1.0000	1.0000	NaN	5.6141	5.7236	15.3517	247083.8939	247084.1960	1.0000	1.0000	0.1736	0.2707
14lh04	3	23	1	1	2.0000	1.0000	1.0000	0.5883	NaN	NaN	NaN	247084.8953	247085.2455	1.0000	1.0000	0.0005	0.1020
14lh04	3	24	1	1	1.0000	1.0000	-1.0000	NaN	2.9445	-3.9706	14.2160	247087.5482	247087.8504	0.0000	1.0000	0.2152	0.3129
14lh04	3	24	1	1	2.0000	1.0000	1.0000	0.5803	NaN	NaN	NaN	247088.5931	247088.9428	1.0000	1.0000	0.1953	0.3555
14lh04	3	25	1	1	1.0000	1.0000	-1.0000	NaN	2.2276	-5.4039	15.4852	247091.3732	247091.6754	1.0000	0.0000	0.2302	0.3120
14lh04	3	25	1	1	2.0000	1.0000	-1.0000	0.0903	NaN	NaN	NaN	247092.4161	247092.7731	1.0000	0.0000	0.1245	0.2224
14lh04	3	26	1	1	1.0000	1.0000	1.0000	NaN	7.0440	8.2706	15.1549	247095.0397	247095.3418	1.0000	1.0000	0.1962	0.2937
14lh04	3	26	1	1	2.0000	1.0000	1.0000	0.1537	NaN	NaN	NaN	247096.0641	247096.4189	1.0000	1.0000	0.0007	0.0646
14lh04	3	27	1	1	1.0000	1.0000	-1.0000	NaN	4.6711	-5.1160	13.7451	247098.7851	247099.0884	0.0000	1.0000	0.1623	0.2751
14lh04	3	27	1	1	2.0000	1.0000	1.0000	0.5976	NaN	NaN	NaN	247099.7927	247100.1423	1.0000	1.0000	0.0205	0.1798
14lh04	3	28	1	1	1.0000	1.0000	-1.0000	NaN	3.7690	-4.2880	14.3297	247102.2727	247102.5748	0.0000	1.0000	0.2108	0.3567
14lh04	3	28	1	1	2.0000	1.0000	1.0000	0.1377	NaN	NaN	NaN	247103.3602	247103.7114	1.0000	1.0000	0.0006	0.0059
14lh04	3	29	1	1	1.0000	1.0000	1.0000	NaN	2.8907	3.0725	16.0046	247105.9434	247106.2456	1.0000	1.0000	0.1725	0.2698
14lh04	3	29	1	1	2.0000	1.0000	1.0000	0.5387	NaN	NaN	NaN	247106.9440	247107.2945	1.0000	1.0000	0.0031	0.1007
14lh04	3	30	1	1	1.0000	1.0000	1.0000	NaN	1.4743	4.2101	15.6235	247109.1954	247109.4976	1.0000	1.0000	0.2169	0.3940
14lh04	3	30	1	1	2.0000	1.0000	1.0000	0.5973	NaN	NaN	NaN	247110.3202	247110.6736	1.0000	1.0000	0.0005	0.2099
14lh04	3	31	1	1	1.0000	1.0000	1.0000	NaN	2.3026	0.0041	14.5456	247112.7598	247113.0619	0.0000	0.0000	0.4116	0.5086
14lh04	3	31	1	1	2.0000	1.0000	-1.0000	0.1133	NaN	NaN	NaN	247113.9991	247114.3554	1.0000	0.0000	0.2393	0.4478
14lh04	3	32	1	1	1.0000	1.0000	1.0000	NaN	3.5261	2.5560	15.5316	247116.8447	247117.1489	1.0000	1.0000	0.2772	0.3899
14lh04	3	32	1	1	2.0000	1.0000	1.0000	0.3957	NaN	NaN	NaN	247117.9701	247118.3566	1.0000	1.0000	0.1890	0.3189
14lh04	3	33	1	1	1.0000	1.0000	1.0000	NaN	1.0294	1.5574	15.4194	247121.0761	247121.3782	1.0000	1.0000	0.1602	0.2893
14lh04	3	33	1	1	2.0000	1.0000	1.0000	0.0983	NaN	NaN	NaN	247122.0962	247122.4510	1.0000	1.0000	0.0312	0.1605
14lh04	3	34	1	1	1.0000	1.0000	1.0000	NaN	3.2647	1.3374	13.9160	247124.7622	247125.0643	1.0000	1.0000	0.2031	0.3152
14lh04	3	34	1	1	2.0000	1.0000	1.0000	0.4566	NaN	NaN	NaN	247125.8081	247126.1577	1.0000	1.0000	0.0848	0.2613
14lh04	3	35	1	1	1.0000	1.0000	1.0000	NaN	4.9206	5.6891	15.2561	247128.6938	247128.9960	1.0000	1.0000	0.1584	0.2867
14lh04	3	35	1	1	2.0000	1.0000	1.0000	0.0785	NaN	NaN	NaN	247129.7115	247130.0674	1.0000	1.0000	0.0622	0.2075
14lh04	3	36	1	1	1.0000	1.0000	-1.0000	NaN	0.9226	-2.3695	15.1388	247132.0004	247132.3035	0.0000	1.0000	0.3550	0.5314
14lh04	3	36	1	1	2.0000	1.0000	1.0000	0.2677	NaN	NaN	NaN	247133.2635	247133.6170	1.0000	1.0000	0.0814	0.2259
14lh04	3	37	1	1	1.0000	1.0000	1.0000	NaN	6.3127	6.4919	14.7603	247136.0936	247136.3957	1.0000	1.0000	0.1339	0.2476
14lh04	3	37	1	1	2.0000	1.0000	1.0000	0.3996	NaN	NaN	NaN	247137.0734	247137.4238	1.0000	1.0000	0.0661	0.1785
14lh04	3	38	1	1	1.0000	1.0000	1.0000	NaN	1.5408	2.3023	15.1642	247139.8278	247140.1300	1.0000	1.0000	0.1917	0.2723
14lh04	3	38	1	1	2.0000	1.0000	1.0000	0.0606	NaN	NaN	NaN	247140.8308	247141.1874	1.0000	1.0000	0.0302	0.1750
14lh04	3	39	1	1	1.0000	1.0000	1.0000	NaN	1.8342	3.8725	14.5672	247143.4631	247143.7653	1.0000	1.0000	0.1413	0.2702
14lh04	3	39	1	1	2.0000	1.0000	1.0000	0.1115	NaN	NaN	NaN	247144.4642	247144.8206	1.0000	1.0000	0.1421	0.2548
14lh04	3	40	1	1	1.0000	1.0000	1.0000	NaN	4.3176	5.2236	14.2071	247146.9253	247147.2275	1.0000	1.0000	0.3593	0.5034
14lh04	3	40	1	1	2.0000	1.0000	1.0000	0.4203	NaN	NaN	NaN	247148.1595	247148.5165	1.0000	1.0000	0.0007	0.1110
14lh04	3	41	1	1	1.0000	1.0000	-1.0000	NaN	8.1575	-7.8474	13.5554	247150.5781	247150.8802	0.0000	1.0000	0.1145	0.2582
14lh04	3	41	1	1	2.0000	1.0000	1.0000	0.4827	NaN	NaN	NaN	247151.5670	247151.9206	1.0000	1.0000	0.0006	0.1302
14lh04	3	42	1	1	1.0000	1.0000	1.0000	NaN	7.7724	9.0414	14.1682	247153.7765	247154.0787	1.0000	1.0000	0.1638	0.2442
14lh04	3	42	1	1	2.0000	1.0000	1.0000	0.2000	NaN	NaN	NaN	247154.7515	247155.1048	1.0000	1.0000	0.0020	0.2104
14lh04	3	43	1	1	1.0000	1.0000	-1.0000	NaN	6.0832	-7.0302	15.0378	247157.3158	247157.6189	0.0000	1.0000	0.1434	0.2882
14lh04	3	43	1	1	2.0000	1.0000	1.0000	0.5399	NaN	NaN	NaN	247158.3357	247158.6879	1.0000	1.0000	0.0006	0.0513
14lh04	3	44	1	1	1.0000	1.0000	-1.0000	NaN	5.8800	-5.7752	14.5971	247160.8907	247161.1928	0.0000	1.0000	0.1537	0.2660
14lh04	3	44	1	1	2.0000	1.0000	1.0000	0.2028	NaN	NaN	NaN	247161.8888	247162.2392	1.0000	1.0000	0.1464	0.2763
14lh04	3	45	1	1	1.0000	1.0000	-1.0000	NaN	1.1586	-1.4012	14.9667	247164.7156	247165.0215	1.0000	0.0000	0.1975	0.3420
14lh04	3	45	1	1	2.0000	1.0000	-1.0000	0.2410	NaN	NaN	NaN	247165.7944	247166.1749	1.0000	0.0000	0.0355	0.2113
14lh04	3	46	1	1	1.0000	1.0000	1.0000	NaN	0.3846	0.1866	13.4714	247168.5577	247168.8599	1.0000	1.0000	0.2144	0.3585
14lh04	3	46	1	1	2.0000	1.0000	1.0000	0.1585	NaN	NaN	NaN	247169.6470	247170.0026	1.0000	1.0000	0.0480	0.2075
14lh04	3	47	1	1	1.0000	1.0000	-1.0000	NaN	3.4758	-4.3212	13.3567	247172.3609	247172.6631	0.0000	1.0000	0.1866	0.2683
14lh04	3	47	1	1	2.0000	1.0000	1.0000	0.3103	NaN	NaN	NaN	247173.3599	247173.7153	1.0000	1.0000	0.0007	0.0481
14lh04	3	48	1	1	1.0000	1.0000	1.0000	NaN	0.3722	0.1649	16.8916	247175.5649	247175.8680	0.0000	0.0000	0.1656	0.2788
14lh04	3	48	1	1	2.0000	1.0000	-1.0000	0.0093	NaN	NaN	NaN	247176.5755	247176.9318	1.0000	0.0000	0.0149	0.1597
14lh04	3	49	1	1	1.0000	1.0000	-1.0000	NaN	6.6047	-6.2335	15.7276	247178.9855	247179.2876	0.0000	1.0000	0.1232	0.2357
14lh04	3	49	1	1	2.0000	1.0000	1.0000	0.2212	NaN	NaN	NaN	247179.9523	247180.3035	1.0000	1.0000	0.0005	0.1641
14lh04	3	50	1	1	1.0000	1.0000	-1.0000	NaN	4.0737	-3.2813	15.2611	247182.8424	247183.1446	0.0000	1.0000	0.2010	0.3308
14lh04	3	50	1	1	2.0000	1.0000	1.0000	0.3619	NaN	NaN	NaN	247183.9050	247184.2553	1.0000	1.0000	0.2909	0.4037
14lh04	4	1	1	1	1.0000	1.0000	1.0000	NaN	8.2199	7.8402	14.1890	247216.0366	247216.3413	1.0000	1.0000	0.1735	0.3181
14lh04	4	1	1	1	2.0000	1.0000	1.0000	0.1917	NaN	NaN	NaN	247217.0914	247217.5089	1.0000	1.0000	0.6378	0.9427
14lh04	4	2	1	1	1.0000	1.0000	-1.0000	NaN	3.9872	-4.7678	15.5457	247220.9884	247221.2933	0.0000	1.0000	0.7084	0.8382
14lh04	4	2	1	1	2.0000	1.0000	1.0000	0.2566	NaN	NaN	NaN	247222.5636	247222.9863	0.0000	0.0000	0.5673	0.6968
14lh04	4	3	1	1	1.0000	1.0000	-1.0000	NaN	4.5601	-4.4807	15.2060	247226.0577	247226.3622	1.0000	0.0000	0.5522	0.6970
14lh04	4	3	1	1	2.0000	1.0000	-1.0000	0.2661	NaN	NaN	NaN	247227.4907	247227.9079	0.0000	1.0000	0.2870	0.4465
14lh04	4	4	1	1	1.0000	1.0000	-1.0000	NaN	2.9214	-1.9028	14.4487	247230.7408	247231.0452	0.0000	1.0000	0.2050	0.3665
14lh04	4	4	1	1	2.0000	1.0000	1.0000	0.2958	NaN	NaN	NaN	247231.8434	247232.2343	1.0000	1.0000	0.2327	0.4570
14lh04	4	5	1	1	1.0000	1.0000	1.0000	NaN	4.7319	2.2047	15.3268	247234.7413	247235.0434	0.0000	0.0000	0.5276	0.6720
14lh04	4	5	1	1	2.0000	1.0000	-1.0000	0.2726	NaN	NaN	NaN	247236.1440	247236.4994	0.0000	1.0000	0.3193	0.4955
14lh04	4	6	1	1	1.0000	1.0000	-1.0000	NaN	4.8155	-4.6554	15.1178	247239.5205	247239.8226	0.0000	1.0000	0.1003	0.2602
14lh04	4	6	1	1	2.0000	1.0000	1.0000	0.4187	NaN	NaN	NaN	247240.5115	247240.8658	1.0000	1.0000	0.0490	0.2253
14lh04	4	7	1	1	1.0000	1.0000	-1.0000	NaN	6.4123	-6.2440	14.8424	247243.0918	247243.3939	0.0000	1.0000	0.4649	0.5936
14lh04	4	7	1	1	2.0000	1.0000	1.0000	0.4060	NaN	NaN	NaN	247244.4171	247244.7685	1.0000	1.0000	0.1619	0.3546
14lh04	4	8	1	1	1.0000	1.0000	1.0000	NaN	4.5511	4.7876	13.3448	247247.2490	247247.5511	1.0000	1.0000	0.1956	0.2917
14lh04	4	8	1	1	2.0000	1.0000	1.0000	0.3649	NaN	NaN	NaN	247248.2715	247248.6283	1.0000	1.0000	0.1586	0.4153
14lh04	4	9	1	1	1.0000	1.0000	1.0000	NaN	0.9144	0.7818	15.3975	247251.3693	247251.6715	1.0000	1.0000	0.3142	0.4109
14lh04	4	9	1	1	2.0000	1.0000	1.0000	0.0496	NaN	NaN	NaN	247252.5109	247252.8653	1.0000	1.0000	0.2251	0.3543
14lh04	4	10	1	1	1.0000	1.0000	-1.0000	NaN	6.0474	-6.5662	14.2551	247254.9445	247255.2475	0.0000	1.0000	0.2431	0.3709
14lh04	4	10	1	1	2.0000	1.0000	1.0000	0.3059	NaN	NaN	NaN	247256.0526	247256.4732	0.0000	0.0000	11.2893	11.4027
14lh04	4	11	1	1	1.0000	1.0000	1.0000	NaN	3.7340	3.9004	15.4421	247269.6314	247269.9362	1.0000	1.0000	0.1946	0.2913
14lh04	4	11	1	1	2.0000	1.0000	1.0000	0.1765	NaN	NaN	NaN	247270.6594	247271.0841	1.0000	1.0000	0.1669	0.2475
14lh04	4	12	1	1	1.0000	1.0000	-1.0000	NaN	3.6582	-5.9935	15.2690	247273.6181	247273.9226	0.0000	1.0000	0.1111	0.2405
14lh04	4	12	1	1	2.0000	1.0000	1.0000	0.1081	NaN	NaN	NaN	247274.5947	247274.9822	1.0000	1.0000	0.0610	0.2052
14lh04	4	13	1	1	1.0000	1.0000	1.0000	NaN	1.9543	0.2190	14.1097	247277.1416	247277.4442	0.0000	0.0000	0.1424	0.2223
14lh04	4	13	1	1	2.0000	1.0000	-1.0000	0.1178	NaN	NaN	NaN	247278.0952	247278.4487	0.0000	1.0000	0.0822	0.2267
14lh04	4	14	1	1	1.0000	1.0000	1.0000	NaN	4.1942	6.7784	16.0221	247280.9252	247281.2289	1.0000	1.0000	0.1656	0.2627
14lh04	4	14	1	1	2.0000	1.0000	1.0000	0.5207	NaN	NaN	NaN	247281.9203	247282.2763	1.0000	1.0000	0.0006	0.0954
14lh04	4	15	1	1	1.0000	1.0000	1.0000	NaN	1.2976	2.6045	15.2234	247284.1728	247284.4750	1.0000	1.0000	0.2153	0.3766
14lh04	4	15	1	1	2.0000	1.0000	1.0000	0.2102	NaN	NaN	NaN	247285.2809	247285.6317	1.0000	1.0000	0.1784	0.2917
14lh04	4	16	1	1	1.0000	1.0000	-1.0000	NaN	0.8529	-1.7177	15.8679	247288.1741	247288.4764	1.0000	0.0000	0.1824	0.2788
14lh04	4	16	1	1	2.0000	1.0000	-1.0000	0.0812	NaN	NaN	NaN	247289.1837	247289.5356	0.0000	1.0000	0.2262	0.3720
14lh04	4	17	1	1	1.0000	1.0000	-1.0000	NaN	6.7857	-8.2533	15.8723	247291.9592	247292.2623	0.0000	1.0000	0.1566	0.2692
14lh04	4	17	1	1	2.0000	1.0000	1.0000	0.0679	NaN	NaN	NaN	247292.9601	247293.3134	1.0000	1.0000	0.0006	0.0821
14lh04	4	18	1	1	1.0000	1.0000	1.0000	NaN	1.6165	1.4467	13.7563	247295.3719	247295.6741	0.0000	0.0000	0.1196	0.2012
14lh04	4	18	1	1	2.0000	1.0000	-1.0000	0.4808	NaN	NaN	NaN	247296.3039	247296.6592	0.0000	1.0000	0.3357	0.4645
14lh04	4	19	1	1	1.0000	1.0000	1.0000	NaN	1.2013	0.0408	14.8500	247299.4485	247299.7506	1.0000	1.0000	0.1551	0.2689
14lh04	4	19	1	1	2.0000	1.0000	1.0000	0.1161	NaN	NaN	NaN	247300.4493	247300.7991	1.0000	1.0000	0.0005	0.0524
14lh04	4	20	1	1	1.0000	1.0000	-1.0000	NaN	5.8994	-8.5901	15.3415	247302.8021	247303.1042	0.0000	1.0000	0.1307	0.2423
14lh04	4	20	1	1	2.0000	1.0000	1.0000	0.0360	NaN	NaN	NaN	247303.7752	247304.1874	1.0000	1.0000	0.0005	0.0242
14lh04	4	21	1	1	1.0000	1.0000	1.0000	NaN	5.8738	5.7392	15.3230	247306.7479	247307.0526	1.0000	1.0000	0.1339	0.2458
14lh04	4	21	1	1	2.0000	1.0000	1.0000	0.3916	NaN	NaN	NaN	247307.7331	247308.1420	1.0000	1.0000	0.0007	0.0214
14lh04	4	22	1	1	1.0000	1.0000	-1.0000	NaN	2.7052	-2.7823	15.5794	247310.1652	247310.4674	1.0000	0.0000	0.2392	0.3204
14lh04	4	22	1	1	2.0000	1.0000	-1.0000	0.2571	NaN	NaN	NaN	247311.2164	247311.5678	0.0000	1.0000	0.0499	0.1947
14lh04	4	23	1	1	1.0000	1.0000	-1.0000	NaN	0.6181	-1.1855	16.9548	247314.0160	247314.3181	0.0000	1.0000	0.3726	0.4530
14lh04	4	23	1	1	2.0000	1.0000	1.0000	0.5411	NaN	NaN	NaN	247315.1997	247315.5515	1.0000	1.0000	0.1470	0.2439
14lh04	4	24	1	1	1.0000	1.0000	-1.0000	NaN	6.4122	-4.6105	16.8330	247318.1969	247318.4991	0.0000	1.0000	0.1426	0.2721
14lh04	4	24	1	1	2.0000	1.0000	1.0000	0.3675	NaN	NaN	NaN	247319.1997	247319.5509	1.0000	1.0000	0.0005	0.1163
14lh04	4	25	1	1	1.0000	1.0000	1.0000	NaN	8.3961	7.6202	15.0192	247321.9941	247322.2963	0.0000	0.0000	0.1054	0.2033
14lh04	4	25	1	1	2.0000	1.0000	-1.0000	0.0953	NaN	NaN	NaN	247322.9287	247323.2798	1.0000	0.0000	0.2269	0.2756
14lh04	4	26	1	1	1.0000	1.0000	1.0000	NaN	6.6525	6.6442	14.9659	247326.1281	247326.4303	1.0000	1.0000	0.1634	0.2758
14lh04	4	26	1	1	2.0000	1.0000	1.0000	0.5939	NaN	NaN	NaN	247327.1347	247327.4911	1.0000	1.0000	0.0007	0.0965
14lh04	4	27	1	1	1.0000	1.0000	1.0000	NaN	3.5062	2.0011	15.2836	247329.7623	247330.0645	1.0000	1.0000	0.1618	0.2750
14lh04	4	27	1	1	2.0000	1.0000	1.0000	0.0553	NaN	NaN	NaN	247330.7681	247331.1242	1.0000	1.0000	0.3495	0.4635
14lh04	4	28	1	1	1.0000	1.0000	1.0000	NaN	1.3211	1.3656	15.4847	247333.6943	247333.9964	1.0000	1.0000	0.1347	0.2306
14lh04	4	28	1	1	2.0000	1.0000	1.0000	0.2863	NaN	NaN	NaN	247334.6556	247335.0113	1.0000	1.0000	0.0006	0.1123
14lh04	4	29	1	1	1.0000	1.0000	-1.0000	NaN	5.0995	-4.2785	15.1733	247337.1992	247337.5014	0.0000	1.0000	0.2284	0.3410
14lh04	4	29	1	1	2.0000	1.0000	1.0000	0.0729	NaN	NaN	NaN	247338.2709	247338.6279	1.0000	1.0000	0.0006	0.1120
14lh04	4	30	1	1	1.0000	1.0000	-1.0000	NaN	4.0404	-3.7627	16.2257	247341.1903	247341.4932	0.0000	1.0000	0.1248	0.2543
14lh04	4	30	1	1	2.0000	1.0000	1.0000	0.2013	NaN	NaN	NaN	247342.1762	247342.5289	1.0000	1.0000	0.0648	0.2106
14lh04	4	31	1	1	1.0000	1.0000	1.0000	NaN	5.3431	4.8652	14.9641	247344.9652	247345.2674	1.0000	1.0000	0.1274	0.2243
14lh04	4	31	1	1	2.0000	1.0000	1.0000	0.3688	NaN	NaN	NaN	247345.9203	247346.2774	1.0000	1.0000	0.0006	0.0456
14lh04	4	32	1	1	1.0000	1.0000	-1.0000	NaN	0.9235	-1.4100	15.4909	247348.5240	247348.8262	1.0000	0.0000	0.1366	0.2646
14lh04	4	32	1	1	2.0000	1.0000	-1.0000	0.4361	NaN	NaN	NaN	247349.5222	247349.9340	0.0000	1.0000	0.1328	0.2932
14lh04	4	33	1	1	1.0000	1.0000	1.0000	NaN	5.7658	5.8083	14.1792	247352.1635	247352.4674	1.0000	1.0000	0.1756	0.3043
14lh04	4	33	1	1	2.0000	1.0000	1.0000	0.4221	NaN	NaN	NaN	247353.2028	247353.6173	1.0000	1.0000	3.7291	3.8579
14lh04	4	34	1	1	1.0000	1.0000	-1.0000	NaN	0.2528	-1.2999	15.5103	247359.7848	247360.0901	1.0000	0.0000	0.0716	0.1695
14lh04	4	34	1	1	2.0000	1.0000	-1.0000	0.4843	NaN	NaN	NaN	247360.6917	247361.1185	0.0000	1.0000	0.1792	0.3410
14lh04	4	35	1	1	1.0000	1.0000	-1.0000	NaN	0.4010	-1.3019	13.7875	247363.6687	247363.9748	1.0000	0.0000	0.1083	0.2048
14lh04	4	35	1	1	2.0000	1.0000	-1.0000	0.1803	NaN	NaN	NaN	247364.6140	247365.0350	0.0000	1.0000	0.0547	0.1833
14lh04	4	36	1	1	1.0000	1.0000	1.0000	NaN	4.3293	4.3664	14.8429	247367.3295	247367.6340	1.0000	1.0000	0.3849	0.5133
14lh04	4	36	1	1	2.0000	1.0000	1.0000	0.4309	NaN	NaN	NaN	247368.5817	247368.9776	1.0000	1.0000	0.0007	0.1941
14lh04	4	37	1	1	1.0000	1.0000	-1.0000	NaN	6.5201	-9.6825	16.3467	247371.4226	247371.7251	0.0000	1.0000	0.1659	0.2945
14lh04	4	37	1	1	2.0000	1.0000	1.0000	0.4578	NaN	NaN	NaN	247372.4482	247372.8055	1.0000	1.0000	0.0775	0.2372
14lh04	4	38	1	1	1.0000	1.0000	1.0000	NaN	3.2752	2.3060	15.0868	247374.9933	247375.2954	0.0000	0.0000	0.1151	0.1793
14lh04	4	38	1	1	2.0000	1.0000	-1.0000	0.3896	NaN	NaN	NaN	247375.9033	247376.2595	0.0000	1.0000	0.0006	0.0482
14lh04	4	39	1	1	1.0000	1.0000	-1.0000	NaN	8.3428	-7.1305	15.0841	247378.5591	247378.8612	0.0000	1.0000	0.0695	0.1661
14lh04	4	39	1	1	2.0000	1.0000	1.0000	0.3649	NaN	NaN	NaN	247379.4559	247379.8089	1.0000	1.0000	0.0006	0.0508
14lh04	4	40	1	1	1.0000	1.0000	-1.0000	NaN	5.5775	-7.2820	16.4049	247381.8603	247382.1625	0.0000	1.0000	0.1114	0.2092
14lh04	4	40	1	1	2.0000	1.0000	1.0000	0.5173	NaN	NaN	NaN	247382.8002	247383.1549	1.0000	1.0000	0.0007	0.0326
14lh04	4	41	1	1	1.0000	1.0000	1.0000	NaN	5.5996	5.9147	13.6599	247385.1131	247385.4153	1.0000	1.0000	0.1871	0.2844
14lh04	4	41	1	1	2.0000	1.0000	1.0000	0.3294	NaN	NaN	NaN	247386.1285	247386.4783	1.0000	1.0000	0.0005	0.0213
14lh04	4	42	1	1	1.0000	1.0000	1.0000	NaN	3.3588	4.1502	14.9229	247388.7503	247389.0524	1.0000	1.0000	0.0694	0.1672
14lh04	4	42	1	1	2.0000	1.0000	1.0000	0.1244	NaN	NaN	NaN	247389.6482	247390.0046	0.0000	0.0000	0.1582	0.2864
14lh04	4	43	1	1	1.0000	1.0000	1.0000	NaN	4.7566	4.0426	15.0174	247392.5830	247392.8851	1.0000	1.0000	0.3173	0.3979
14lh04	4	43	1	1	2.0000	1.0000	1.0000	0.3505	NaN	NaN	NaN	247393.7117	247394.0611	1.0000	1.0000	0.0005	0.0541
14lh04	4	44	1	1	1.0000	1.0000	-1.0000	NaN	2.7576	-3.1483	14.3012	247396.3415	247396.6437	0.0000	1.0000	0.2073	0.2873
14lh04	4	44	1	1	2.0000	1.0000	1.0000	0.1794	NaN	NaN	NaN	247397.3656	247397.7829	1.0000	1.0000	3.4835	3.5963
14lh04	4	45	1	1	1.0000	1.0000	-1.0000	NaN	0.7222	-1.8200	14.2598	247403.6147	247403.9195	1.0000	0.0000	0.2268	0.3551
14lh04	4	45	1	1	2.0000	1.0000	-1.0000	0.4029	NaN	NaN	NaN	247404.7065	247405.1295	0.0000	1.0000	0.1043	0.2023
14lh04	4	46	1	1	1.0000	1.0000	1.0000	NaN	5.3068	6.4676	15.2776	247407.1457	247407.4505	1.0000	1.0000	0.1353	0.2325
14lh04	4	46	1	1	2.0000	1.0000	1.0000	0.1551	NaN	NaN	NaN	247408.1153	247408.5324	1.0000	1.0000	0.0134	0.1271
14lh04	4	47	1	1	1.0000	1.0000	1.0000	NaN	0.9620	0.9443	15.1696	247410.9222	247411.2266	1.0000	1.0000	0.2471	0.3118
14lh04	4	47	1	1	2.0000	1.0000	1.0000	0.2233	NaN	NaN	NaN	247411.9701	247412.3822	1.0000	1.0000	0.0049	0.1329
14lh04	4	48	1	1	1.0000	1.0000	-1.0000	NaN	3.4998	-4.7004	15.8019	247414.5778	247414.8823	0.0000	1.0000	0.3840	0.5282
14lh04	4	48	1	1	2.0000	1.0000	1.0000	0.0384	NaN	NaN	NaN	247415.8450	247416.2653	1.0000	1.0000	3.5608	3.7062
14lh04	4	49	1	1	1.0000	1.0000	1.0000	NaN	8.6171	7.8892	15.5499	247421.9303	247422.2347	1.0000	1.0000	0.1676	0.2967
14lh04	4	49	1	1	2.0000	1.0000	1.0000	0.3255	NaN	NaN	NaN	247422.9643	247423.3816	1.0000	1.0000	0.0005	0.0299
14lh04	4	50	1	1	1.0000	1.0000	1.0000	NaN	5.2091	5.2311	16.3265	247425.5719	247425.8764	1.0000	1.0000	0.0774	0.1595
14lh04	4	50	1	1	2.0000	1.0000	1.0000	0.0041	NaN	NaN	NaN	247426.4674	247426.8809	1.0000	1.0000	0.0005	0.0509
14lh04	5	1	1	1	1.0000	1.0000	1.0000	NaN	2.3955	2.8149	14.9340	247434.6592	247434.9634	1.0000	1.0000	0.1594	0.2881
14lh04	5	1	1	1	2.0000	1.0000	1.0000	0.0192	NaN	NaN	NaN	247435.6828	247436.0972	1.0000	1.0000	0.2415	0.3542
14lh04	5	2	1	1	1.0000	1.0000	1.0000	NaN	2.7554	2.7304	14.8617	247438.4855	247438.7915	1.0000	1.0000	0.1703	0.2682
14lh04	5	2	1	1	2.0000	1.0000	1.0000	0.4776	NaN	NaN	NaN	247439.4939	247439.9141	1.0000	1.0000	0.0006	0.0573
14lh04	5	3	1	1	1.0000	1.0000	1.0000	NaN	6.2519	5.5718	14.7787	247442.4291	247442.7333	1.0000	1.0000	0.1176	0.2131
14lh04	5	3	1	1	2.0000	1.0000	1.0000	0.0799	NaN	NaN	NaN	247443.3797	247443.7972	1.0000	1.0000	4.9411	5.1333
14lh04	5	4	1	1	1.0000	1.0000	-1.0000	NaN	1.0668	-1.8626	15.8395	247451.1927	247451.4975	1.0000	0.0000	0.2003	0.3136
14lh04	5	4	1	1	2.0000	1.0000	-1.0000	0.1451	NaN	NaN	NaN	247452.2460	247452.6769	1.0000	0.0000	0.0006	0.1903
14lh04	5	5	1	1	1.0000	1.0000	1.0000	NaN	4.5647	3.9391	12.8396	247455.0473	247455.3531	1.0000	1.0000	0.1698	0.2506
14lh04	5	5	1	1	2.0000	1.0000	1.0000	0.5986	NaN	NaN	NaN	247456.0357	247456.4639	1.0000	1.0000	0.0670	0.1467
14lh04	5	6	1	1	1.0000	1.0000	-1.0000	NaN	2.0534	-2.8034	15.7926	247459.0226	247459.3275	0.0000	1.0000	0.2743	0.3554
14lh04	5	6	1	1	2.0000	1.0000	1.0000	0.1778	NaN	NaN	NaN	247460.1149	247460.5428	1.0000	1.0000	0.0006	0.1161
14lh04	5	7	1	1	1.0000	1.0000	1.0000	NaN	1.1602	2.7385	15.5391	247462.3945	247462.6989	1.0000	1.0000	0.2961	0.4238
14lh04	5	7	1	1	2.0000	1.0000	1.0000	0.1814	NaN	NaN	NaN	247463.5551	247463.9745	1.0000	1.0000	0.0006	0.1568
14lh04	5	8	1	1	1.0000	1.0000	-1.0000	NaN	0.3221	-0.4451	13.2865	247466.5977	247466.9042	1.0000	0.0000	0.1862	0.2663
14lh04	5	8	1	1	2.0000	1.0000	-1.0000	0.1650	NaN	NaN	NaN	247467.6021	247468.0128	1.0000	0.0000	0.0005	0.1671
14lh04	5	9	1	1	1.0000	1.0000	-1.0000	NaN	0.7398	-0.4584	15.6015	247470.4086	247470.7131	1.0000	0.0000	0.1047	0.1866
14lh04	5	9	1	1	2.0000	1.0000	-1.0000	0.3071	NaN	NaN	NaN	247471.3314	247471.7420	0.0000	1.0000	0.1010	0.1978
14lh04	5	10	1	1	1.0000	1.0000	1.0000	NaN	6.3697	7.5710	15.9924	247473.7914	247474.0936	1.0000	1.0000	0.1807	0.2460
14lh04	5	10	1	1	2.0000	1.0000	1.0000	0.2172	NaN	NaN	NaN	247474.7682	247475.1791	1.0000	1.0000	0.0005	0.0724
14lh04	5	11	1	1	1.0000	1.0000	1.0000	NaN	1.6473	1.4297	14.3472	247477.3627	247477.6676	1.0000	1.0000	0.1911	0.2722
14lh04	5	11	1	1	2.0000	1.0000	1.0000	0.4046	NaN	NaN	NaN	247478.3732	247478.7762	1.0000	1.0000	0.0005	0.0754
14lh04	5	12	1	1	1.0000	1.0000	1.0000	NaN	1.1520	2.4632	14.6417	247480.9540	247481.2562	1.0000	1.0000	0.1696	0.2510
14lh04	5	12	1	1	2.0000	1.0000	1.0000	0.0505	NaN	NaN	NaN	247481.9358	247482.2887	1.0000	1.0000	0.0005	0.1470
14lh04	5	13	1	1	1.0000	1.0000	1.0000	NaN	1.3387	1.9807	14.8838	247484.6372	247484.9393	1.0000	1.0000	0.0715	0.2158
14lh04	5	13	1	1	2.0000	1.0000	1.0000	0.3555	NaN	NaN	NaN	247485.5838	247485.9372	1.0000	1.0000	0.0007	0.1943
14lh04	5	14	1	1	1.0000	1.0000	-1.0000	NaN	1.9710	-1.0099	14.9137	247487.9329	247488.2360	1.0000	0.0000	0.1832	0.2316
14lh04	5	14	1	1	2.0000	1.0000	-1.0000	0.4845	NaN	NaN	NaN	247488.8963	247489.2495	1.0000	0.0000	0.0007	0.0343
14lh04	5	15	1	1	1.0000	1.0000	1.0000	NaN	2.5722	0.0370	14.4906	247491.8562	247492.1584	1.0000	1.0000	0.2927	0.4053
14lh04	5	15	1	1	2.0000	1.0000	1.0000	0.2008	NaN	NaN	NaN	247492.9924	247493.3496	1.0000	1.0000	0.1414	0.2701
14lh04	5	16	1	1	1.0000	1.0000	1.0000	NaN	1.0842	2.1382	15.7391	247495.6484	247495.9519	1.0000	1.0000	0.1789	0.3718
14lh04	5	16	1	1	2.0000	1.0000	1.0000	0.4211	NaN	NaN	NaN	247496.7523	247497.1046	1.0000	1.0000	0.0334	0.2752
14lh04	5	17	1	1	1.0000	1.0000	1.0000	NaN	5.6822	3.7421	14.0812	247499.4064	247499.7086	1.0000	1.0000	0.1492	0.2626
14lh04	5	17	1	1	2.0000	1.0000	1.0000	0.2520	NaN	NaN	NaN	247500.3998	247500.7532	1.0000	1.0000	0.0007	0.1308
14lh04	5	18	1	1	1.0000	1.0000	1.0000	NaN	7.4994	9.0377	14.8292	247503.2101	247503.5122	1.0000	1.0000	0.0747	0.1544
14lh04	5	18	1	1	2.0000	1.0000	1.0000	0.5869	NaN	NaN	NaN	247504.0952	247504.4487	1.0000	1.0000	0.0007	0.0831
14lh04	5	19	1	1	1.0000	1.0000	-1.0000	NaN	5.9621	-4.2896	15.4921	247506.5075	247506.8096	1.0000	0.0000	0.1042	0.2176
14lh04	5	19	1	1	2.0000	1.0000	-1.0000	0.3955	NaN	NaN	NaN	247507.4559	247507.8056	0.0000	1.0000	0.1003	0.1983
14lh04	5	20	1	1	1.0000	1.0000	1.0000	NaN	4.7337	3.5228	13.7217	247509.7285	247510.0307	1.0000	1.0000	0.1642	0.2771
14lh04	5	20	1	1	2.0000	1.0000	1.0000	0.5800	NaN	NaN	NaN	247510.7374	247511.0887	1.0000	1.0000	0.0497	0.2111
14lh04	5	21	1	1	1.0000	1.0000	1.0000	NaN	0.7251	1.0957	15.1234	247513.6018	247513.9039	1.0000	1.0000	0.1619	0.2426
14lh04	5	21	1	1	2.0000	1.0000	1.0000	0.2724	NaN	NaN	NaN	247514.5751	247514.9319	1.0000	1.0000	0.0633	0.1919
14lh04	5	22	1	1	1.0000	1.0000	1.0000	NaN	5.0525	3.8407	14.2677	247517.4244	247517.7265	1.0000	1.0000	0.4046	0.5007
14lh04	5	22	1	1	2.0000	1.0000	1.0000	0.2079	NaN	NaN	NaN	247518.6559	247519.0075	1.0000	1.0000	0.0026	0.1480
14lh04	5	23	1	1	1.0000	1.0000	1.0000	NaN	4.9759	6.2871	15.7250	247521.6871	247521.9911	1.0000	1.0000	0.0907	0.1883
14lh04	5	23	1	1	2.0000	1.0000	1.0000	0.5781	NaN	NaN	NaN	247522.6107	247523.0262	1.0000	1.0000	0.0005	0.0815
14lh04	5	24	1	1	1.0000	1.0000	1.0000	NaN	0.9442	0.4999	14.5062	247525.2669	247525.5710	1.0000	1.0000	0.1440	0.2566
14lh04	5	24	1	1	2.0000	1.0000	1.0000	0.3227	NaN	NaN	NaN	247526.2596	247526.6761	1.0000	1.0000	0.1428	0.2237
14lh04	5	25	1	1	1.0000	1.0000	1.0000	NaN	4.5450	6.8121	14.9748	247529.1746	247529.4767	1.0000	1.0000	0.0783	0.1749
14lh04	5	25	1	1	2.0000	1.0000	1.0000	0.0567	NaN	NaN	NaN	247530.0802	247530.4349	1.0000	1.0000	0.0481	0.1927
14lh04	5	26	1	1	1.0000	1.0000	-1.0000	NaN	8.4753	-6.9425	16.6703	247533.1543	247533.4565	0.0000	1.0000	0.3220	0.4180
14lh04	5	26	1	1	2.0000	1.0000	1.0000	0.5471	NaN	NaN	NaN	247534.3044	247534.6543	1.0000	1.0000	0.0516	0.2133
14lh04	5	27	1	1	1.0000	1.0000	-1.0000	NaN	6.9114	-7.3459	15.6399	247536.8432	247537.1453	0.0000	1.0000	0.2325	0.3465
14lh04	5	27	1	1	2.0000	1.0000	1.0000	0.5384	NaN	NaN	NaN	247537.9211	247538.2707	1.0000	1.0000	0.0831	0.1970
14lh04	5	28	1	1	1.0000	1.0000	-1.0000	NaN	8.0795	-7.2630	13.1609	247540.3942	247540.6964	0.0000	1.0000	0.2819	0.3953
14lh04	5	28	1	1	2.0000	1.0000	1.0000	0.5134	NaN	NaN	NaN	247541.5209	247541.8705	1.0000	1.0000	0.0045	0.0692
14lh04	5	29	1	1	1.0000	1.0000	1.0000	NaN	5.2075	5.0113	17.1568	247544.3902	247544.6924	1.0000	1.0000	0.1589	0.1913
14lh04	5	29	1	1	2.0000	1.0000	1.0000	0.1002	NaN	NaN	NaN	247545.3123	247545.6676	1.0000	1.0000	0.0143	0.1282
14lh04	5	30	1	1	1.0000	1.0000	-1.0000	NaN	2.6922	-2.8245	15.6329	247548.0717	247548.3738	1.0000	0.0000	0.2360	0.3008
14lh04	5	30	1	1	2.0000	1.0000	-1.0000	0.4803	NaN	NaN	NaN	247549.1038	247549.4536	0.0000	1.0000	0.1002	0.2142
14lh04	5	31	1	1	1.0000	1.0000	-1.0000	NaN	1.0313	-0.9087	14.4167	247552.1935	247552.4956	1.0000	0.0000	0.3388	0.4193
14lh04	5	31	1	1	2.0000	1.0000	-1.0000	0.1923	NaN	NaN	NaN	247553.3437	247553.7004	0.0000	1.0000	0.1903	0.3027
14lh04	5	32	1	1	1.0000	1.0000	1.0000	NaN	0.2767	0.4012	13.7746	247556.5288	247556.8324	1.0000	1.0000	0.1135	0.1467
14lh04	5	32	1	1	2.0000	1.0000	1.0000	0.3809	NaN	NaN	NaN	247557.4076	247557.7631	1.0000	1.0000	0.0639	0.1765
14lh04	5	33	1	1	1.0000	1.0000	1.0000	NaN	1.9182	0.2494	13.8522	247559.7405	247560.0427	1.0000	1.0000	0.1832	0.2811
14lh04	5	33	1	1	2.0000	1.0000	1.0000	0.4300	NaN	NaN	NaN	247560.7533	247561.1029	1.0000	1.0000	0.0510	0.1328
14lh04	5	34	1	1	1.0000	1.0000	-1.0000	NaN	4.8491	-4.9370	14.7330	247562.9613	247563.2650	0.0000	1.0000	0.1620	0.2744
14lh04	5	34	1	1	2.0000	1.0000	1.0000	0.5144	NaN	NaN	NaN	247563.9695	247564.3194	1.0000	1.0000	0.0005	0.0525
14lh04	5	35	1	1	1.0000	1.0000	-1.0000	NaN	5.3716	-4.0095	14.3553	247566.6217	247566.9255	0.0000	1.0000	0.1337	0.2303
14lh04	5	35	1	1	2.0000	1.0000	1.0000	0.1006	NaN	NaN	NaN	247567.5898	247568.0058	1.0000	1.0000	0.0006	0.0141
14lh04	5	36	1	1	1.0000	1.0000	-1.0000	NaN	6.4767	-6.6487	13.9072	247570.0536	247570.3574	0.0000	1.0000	0.0612	0.1744
14lh04	5	36	1	1	2.0000	1.0000	1.0000	0.2461	NaN	NaN	NaN	247570.9629	247571.3734	1.0000	1.0000	0.0005	0.0225
14lh04	5	37	1	1	1.0000	1.0000	-1.0000	NaN	0.0100	-0.3545	15.2446	247573.8080	247574.1118	0.0000	1.0000	0.3065	0.3879
14lh04	5	37	1	1	2.0000	1.0000	1.0000	0.5538	NaN	NaN	NaN	247574.9307	247575.3580	1.0000	1.0000	0.0005	0.1171
14lh04	5	38	1	1	1.0000	1.0000	1.0000	NaN	7.6572	8.1604	14.2099	247577.2111	247577.5182	1.0000	1.0000	0.0850	0.1973
14lh04	5	38	1	1	2.0000	1.0000	1.0000	0.0228	NaN	NaN	NaN	247578.1475	247578.5706	1.0000	1.0000	3.9445	4.0891
14lh04	5	39	1	1	1.0000	1.0000	-1.0000	NaN	1.9938	-2.4231	15.6213	247584.5937	247584.9009	0.0000	1.0000	0.1742	0.2706
14lh04	5	39	1	1	2.0000	1.0000	1.0000	0.2847	NaN	NaN	NaN	247585.6067	247586.0407	1.0000	1.0000	0.0005	0.1378
14lh04	5	40	1	1	1.0000	1.0000	-1.0000	NaN	8.5005	-6.6137	15.4522	247588.0405	247588.3462	0.0000	1.0000	0.1042	0.2015
14lh04	5	40	1	1	2.0000	1.0000	1.0000	0.4985	NaN	NaN	NaN	247588.9798	247589.4073	1.0000	1.0000	4.0513	4.1473
14lh04	5	41	1	1	1.0000	1.0000	1.0000	NaN	8.2845	5.8264	14.5788	247595.7915	247596.0987	1.0000	1.0000	0.0485	0.1449
14lh04	5	41	1	1	2.0000	1.0000	1.0000	0.3856	NaN	NaN	NaN	247596.6756	247597.0897	1.0000	1.0000	3.3762	3.5699
14lh04	5	42	1	1	1.0000	1.0000	1.0000	NaN	0.9137	2.0357	15.2247	247602.5943	247602.9003	1.0000	1.0000	0.3976	0.5750
14lh04	5	42	1	1	2.0000	1.0000	1.0000	0.1966	NaN	NaN	NaN	247603.9070	247604.3213	1.0000	1.0000	0.0337	0.3385
14lh04	5	43	1	1	1.0000	1.0000	-1.0000	NaN	1.8820	-1.1997	13.9654	247606.8606	247607.1635	1.0000	0.0000	0.2156	0.3605
14lh04	5	43	1	1	2.0000	1.0000	-1.0000	0.1913	NaN	NaN	NaN	247607.9526	247608.3034	0.0000	1.0000	0.0826	0.2604
14lh04	5	44	1	1	1.0000	1.0000	-1.0000	NaN	1.1416	-1.3541	16.7915	247610.5143	247610.8165	1.0000	0.0000	0.1943	0.3860
14lh04	5	44	1	1	2.0000	1.0000	-1.0000	0.0583	NaN	NaN	NaN	247611.6320	247611.9823	1.0000	0.0000	0.1328	0.3889
14lh04	5	45	1	1	1.0000	1.0000	-1.0000	NaN	6.6086	-6.9681	15.4533	247614.2657	247614.5679	0.0000	1.0000	0.1230	0.2187
14lh04	5	45	1	1	2.0000	1.0000	1.0000	0.2811	NaN	NaN	NaN	247615.2214	247615.6388	1.0000	1.0000	0.0006	0.2678
14lh04	5	46	1	1	1.0000	1.0000	-1.0000	NaN	7.6095	-7.7244	15.1402	247618.0420	247618.3491	0.0000	1.0000	0.1008	0.2294
14lh04	5	46	1	1	2.0000	1.0000	1.0000	0.5480	NaN	NaN	NaN	247619.0102	247619.4098	1.0000	1.0000	0.0008	0.2261
14lh04	5	47	1	1	1.0000	1.0000	1.0000	NaN	3.1785	4.1535	15.1700	247621.8129	247622.1151	0.0000	0.0000	0.0800	0.2248
14lh04	5	47	1	1	2.0000	1.0000	-1.0000	0.2391	NaN	NaN	NaN	247622.7685	247623.1192	0.0000	1.0000	0.0005	0.2284
14lh04	5	48	1	1	1.0000	1.0000	1.0000	NaN	4.5081	4.2103	16.7864	247625.5732	247625.8753	0.0000	0.0000	0.3517	0.4644
14lh04	5	48	1	1	2.0000	1.0000	-1.0000	0.3306	NaN	NaN	NaN	247626.7684	247627.1187	0.0000	1.0000	0.1641	0.4357
14lh04	5	49	1	1	1.0000	1.0000	-1.0000	NaN	6.9210	-6.2649	16.1040	247629.4042	247629.7064	0.0000	1.0000	0.0723	0.2973
14lh04	5	49	1	1	2.0000	1.0000	1.0000	0.1571	NaN	NaN	NaN	247630.4332	247630.7829	1.0000	1.0000	0.0005	0.2451
14lh04	5	50	1	1	1.0000	1.0000	-1.0000	NaN	1.8115	-2.2517	14.3309	247633.3059	247633.6081	0.0000	1.0000	0.1073	0.2678
14lh04	5	50	1	1	2.0000	1.0000	1.0000	0.5108	NaN	NaN	NaN	247634.3044	247634.6592	1.0000	1.0000	0.0007	0.2564
14lh04	6	1	1	1	1.0000	1.0000	-1.0000	NaN	3.3007	-3.5063	14.0588	247649.3691	247649.6713	0.0000	1.0000	0.1226	0.2685
14lh04	6	1	1	1	2.0000	1.0000	1.0000	0.2653	NaN	NaN	NaN	247650.3683	247650.7251	1.0000	1.0000	0.0007	0.2534
14lh04	6	2	1	1	1.0000	1.0000	1.0000	NaN	5.4591	7.3562	14.5630	247653.4290	247653.7312	1.0000	1.0000	0.1118	0.2249
14lh04	6	2	1	1	2.0000	1.0000	1.0000	0.4604	NaN	NaN	NaN	247654.3848	247654.7416	1.0000	1.0000	0.0007	0.1738
14lh04	6	3	1	1	1.0000	1.0000	1.0000	NaN	2.5430	2.5372	14.2970	247656.9912	247657.2943	1.0000	1.0000	0.2119	0.3407
14lh04	6	3	1	1	2.0000	1.0000	1.0000	0.2044	NaN	NaN	NaN	247658.0650	247658.4149	1.0000	1.0000	0.0005	0.1806
14lh04	6	4	1	1	1.0000	1.0000	-1.0000	NaN	6.2537	-4.4280	15.0375	247660.6723	247660.9745	0.0000	1.0000	0.0835	0.2294
14lh04	6	4	1	1	2.0000	1.0000	1.0000	0.3964	NaN	NaN	NaN	247661.6353	247662.0298	1.0000	1.0000	0.0005	0.1180
14lh04	6	5	1	1	1.0000	1.0000	1.0000	NaN	2.0314	1.0882	15.0362	247664.1735	247664.4770	0.0000	0.0000	0.2296	0.3907
14lh04	6	5	1	1	2.0000	1.0000	-1.0000	0.4475	NaN	NaN	NaN	247665.2977	247665.6478	0.0000	1.0000	0.0666	0.2441
14lh04	6	6	1	1	1.0000	1.0000	1.0000	NaN	3.4538	4.2972	14.1737	247667.9676	247668.2697	1.0000	1.0000	0.1002	0.2136
14lh04	6	6	1	1	2.0000	1.0000	1.0000	0.0366	NaN	NaN	NaN	247668.9132	247669.2642	1.0000	1.0000	0.0005	0.1637
14lh04	6	7	1	1	1.0000	1.0000	-1.0000	NaN	4.2835	-3.0496	13.7021	247671.3035	247671.6057	0.0000	1.0000	0.0603	0.2050
14lh04	6	7	1	1	2.0000	1.0000	1.0000	0.4103	NaN	NaN	NaN	247672.2393	247672.5945	1.0000	1.0000	0.0804	0.2571
14lh04	6	8	1	1	1.0000	1.0000	1.0000	NaN	0.8539	3.5142	14.3893	247674.7276	247675.0298	1.0000	1.0000	0.1411	0.2221
14lh04	6	8	1	1	2.0000	1.0000	1.0000	0.4814	NaN	NaN	NaN	247675.6809	247676.0305	1.0000	1.0000	0.1164	0.2291
14lh04	6	9	1	1	1.0000	1.0000	1.0000	NaN	3.9078	3.8254	14.8857	247678.2110	247678.5133	1.0000	1.0000	0.1458	0.1784
14lh04	6	9	1	1	2.0000	1.0000	1.0000	0.2597	NaN	NaN	NaN	247679.1203	247679.4736	0.0000	0.0000	0.0811	0.2104
14lh04	6	10	1	1	1.0000	1.0000	1.0000	NaN	4.1516	5.7669	15.9212	247681.7821	247682.0843	1.0000	1.0000	0.1257	0.2224
14lh04	6	10	1	1	2.0000	1.0000	1.0000	0.3023	NaN	NaN	NaN	247682.7353	247683.0900	1.0000	1.0000	0.0814	0.2731
14lh04	6	11	1	1	1.0000	1.0000	1.0000	NaN	6.4285	8.5017	14.3757	247685.6896	247685.9929	1.0000	1.0000	0.1051	0.2176
14lh04	6	11	1	1	2.0000	1.0000	1.0000	0.4582	NaN	NaN	NaN	247686.6391	247686.9939	1.0000	1.0000	0.0006	0.0180
14lh04	6	12	1	1	1.0000	1.0000	-1.0000	NaN	6.1135	-4.4319	14.5771	247688.8879	247689.1902	0.0000	1.0000	0.1887	0.3496
14lh04	6	12	1	1	2.0000	1.0000	1.0000	0.5525	NaN	NaN	NaN	247689.9685	247690.3231	1.0000	1.0000	0.0007	0.1608
14lh04	6	13	1	1	1.0000	1.0000	1.0000	NaN	6.7884	6.6789	14.5083	247692.7601	247693.0622	1.0000	1.0000	0.1405	0.2855
14lh04	6	13	1	1	2.0000	1.0000	1.0000	0.1950	NaN	NaN	NaN	247693.7764	247694.1282	1.0000	1.0000	0.0005	0.1634
14lh04	6	14	1	1	1.0000	1.0000	-1.0000	NaN	3.4325	-2.8233	14.9696	247696.3934	247696.6956	0.0000	1.0000	0.0754	0.2198
14lh04	6	14	1	1	2.0000	1.0000	1.0000	0.4650	NaN	NaN	NaN	247697.3454	247697.6961	1.0000	1.0000	0.0005	0.2112
14lh04	6	15	1	1	1.0000	1.0000	-1.0000	NaN	5.3811	-7.3137	14.4478	247699.9593	247700.2615	0.0000	1.0000	0.1575	0.3178
14lh04	6	15	1	1	2.0000	1.0000	1.0000	0.5158	NaN	NaN	NaN	247701.0079	247701.3612	1.0000	1.0000	0.0006	0.1464
14lh04	6	16	1	1	1.0000	1.0000	-1.0000	NaN	4.5146	-3.1023	14.4532	247703.9595	247704.2617	0.0000	1.0000	0.0296	0.2060
14lh04	6	16	1	1	2.0000	1.0000	1.0000	0.0343	NaN	NaN	NaN	247704.8963	247705.2459	1.0000	1.0000	0.0005	0.1656
14lh04	6	17	1	1	1.0000	1.0000	-1.0000	NaN	7.5599	-7.2048	15.1381	247707.6371	247707.9439	0.0000	1.0000	0.0753	0.2192
14lh04	6	17	1	1	2.0000	1.0000	1.0000	0.5158	NaN	NaN	NaN	247708.5971	247709.0160	1.0000	1.0000	0.0006	0.1240
14lh04	6	18	1	1	1.0000	1.0000	-1.0000	NaN	1.5214	-2.5389	16.2613	247711.3007	247711.6046	0.0000	1.0000	0.2220	0.3508
14lh04	6	18	1	1	2.0000	1.0000	1.0000	0.0216	NaN	NaN	NaN	247712.3864	247712.7997	1.0000	1.0000	0.0005	0.0681
14lh04	6	19	1	1	1.0000	1.0000	-1.0000	NaN	2.6065	-2.0370	14.1479	247715.4017	247715.7068	0.0000	1.0000	0.0563	0.1851
14lh04	6	19	1	1	2.0000	1.0000	1.0000	0.5678	NaN	NaN	NaN	247716.3240	247716.7463	1.0000	1.0000	0.0556	0.3283
14lh04	6	20	1	1	1.0000	1.0000	-1.0000	NaN	5.3382	-4.7330	15.1672	247719.1109	247719.4153	0.0000	1.0000	0.1079	0.2204
14lh04	6	20	1	1	2.0000	1.0000	1.0000	0.1756	NaN	NaN	NaN	247720.0673	247720.4837	1.0000	1.0000	0.0005	0.1440
14lh04	6	21	1	1	1.0000	1.0000	1.0000	NaN	1.5934	3.4587	15.4091	247722.6862	247722.9933	0.0000	0.0000	0.0167	0.1144
14lh04	6	21	1	1	2.0000	1.0000	-1.0000	0.3397	NaN	NaN	NaN	247723.5393	247723.9379	0.0000	1.0000	0.0007	0.2407
14lh04	6	22	1	1	1.0000	1.0000	1.0000	NaN	1.7971	0.1295	15.7597	247726.0541	247726.3575	0.0000	0.0000	0.1724	0.3022
14lh04	6	22	1	1	2.0000	1.0000	-1.0000	0.3550	NaN	NaN	NaN	247727.0883	247727.4420	0.0000	1.0000	0.1451	0.2896
14lh04	6	23	1	1	1.0000	1.0000	-1.0000	NaN	1.2769	-3.2182	15.5915	247730.2584	247730.5606	0.0000	1.0000	0.2737	0.4350
14lh04	6	23	1	1	2.0000	1.0000	1.0000	0.2993	NaN	NaN	NaN	247731.4242	247731.7764	1.0000	1.0000	0.0027	0.2117
14lh04	6	24	1	1	1.0000	1.0000	1.0000	NaN	7.0729	4.3492	14.1856	247733.9898	247734.2919	0.0000	0.0000	0.0301	0.1598
14lh04	6	24	1	1	2.0000	1.0000	-1.0000	0.3088	NaN	NaN	NaN	247734.8804	247735.2376	0.0000	1.0000	0.0007	0.1739
14lh04	6	25	1	1	1.0000	1.0000	1.0000	NaN	6.3829	5.3664	14.5393	247737.1372	247737.4404	0.0000	0.0000	0.1469	0.2265
14lh04	6	25	1	1	2.0000	1.0000	-1.0000	0.0319	NaN	NaN	NaN	247738.0955	247738.4469	0.0000	1.0000	0.0005	0.3250
14lh04	6	26	1	1	1.0000	1.0000	1.0000	NaN	6.4494	4.4761	15.0851	247740.5740	247740.8761	1.0000	1.0000	0.1032	0.2631
14lh04	6	26	1	1	2.0000	1.0000	1.0000	0.0629	NaN	NaN	NaN	247741.5679	247741.9246	1.0000	1.0000	0.4304	0.6228
14lh04	6	27	1	1	1.0000	1.0000	1.0000	NaN	3.0340	3.4532	14.5928	247744.7972	247745.0994	1.0000	1.0000	0.2798	0.4403
14lh04	6	27	1	1	2.0000	1.0000	1.0000	0.3222	NaN	NaN	NaN	247745.9683	247746.3244	1.0000	1.0000	0.0796	0.2873
14lh04	6	28	1	1	1.0000	1.0000	1.0000	NaN	0.4285	2.3388	14.3883	247749.1441	247749.4462	0.0000	0.0000	0.2525	0.2684
14lh04	6	28	1	1	2.0000	1.0000	-1.0000	0.2191	NaN	NaN	NaN	247750.1439	247750.4936	1.0000	0.0000	0.0696	0.2940
14lh04	6	29	1	1	1.0000	1.0000	-1.0000	NaN	6.7402	-9.3683	14.8807	247752.9564	247753.2609	0.0000	1.0000	0.1491	0.3106
14lh04	6	29	1	1	2.0000	1.0000	1.0000	0.3209	NaN	NaN	NaN	247754.0030	247754.4153	1.0000	1.0000	0.0005	0.1162
14lh04	6	30	1	1	1.0000	1.0000	-1.0000	NaN	0.8077	-1.8462	14.6417	247756.6951	247756.9996	0.0000	1.0000	0.2036	0.3476
14lh04	6	30	1	1	2.0000	1.0000	1.0000	0.1189	NaN	NaN	NaN	247757.7812	247758.1985	1.0000	1.0000	0.0005	0.1242
14lh04	6	31	1	1	1.0000	1.0000	-1.0000	NaN	5.7771	-5.2232	15.7124	247760.4108	247760.7153	0.0000	1.0000	0.1987	0.3446
14lh04	6	31	1	1	2.0000	1.0000	1.0000	0.1355	NaN	NaN	NaN	247761.4943	247761.9154	1.0000	1.0000	0.0006	0.0084
14lh04	6	32	1	1	1.0000	1.0000	1.0000	NaN	1.8074	1.5079	14.4990	247763.8113	247764.1162	1.0000	1.0000	0.1591	0.3027
14lh04	6	32	1	1	2.0000	1.0000	1.0000	0.5715	NaN	NaN	NaN	247764.8511	247765.2414	1.0000	1.0000	0.0005	0.2182
14lh04	6	33	1	1	1.0000	1.0000	1.0000	NaN	7.2831	7.2266	15.7212	247767.8345	247768.1382	1.0000	1.0000	0.1364	0.2814
14lh04	6	33	1	1	2.0000	1.0000	1.0000	0.2516	NaN	NaN	NaN	247768.8481	247769.2024	1.0000	1.0000	0.0007	0.1446
14lh04	6	34	1	1	1.0000	1.0000	1.0000	NaN	6.1854	6.8427	13.6828	247771.5978	247771.8999	1.0000	1.0000	0.0551	0.2002
14lh04	6	34	1	1	2.0000	1.0000	1.0000	0.4710	NaN	NaN	NaN	247772.5288	247772.8858	1.0000	1.0000	0.0007	0.1901
14lh04	6	35	1	1	1.0000	1.0000	-1.0000	NaN	8.1729	-6.4836	17.0442	247775.0021	247775.3052	0.0000	1.0000	0.1048	0.2343
14lh04	6	35	1	1	2.0000	1.0000	1.0000	0.5458	NaN	NaN	NaN	247775.9680	247776.3230	1.0000	1.0000	0.0006	0.1445
14lh04	6	36	1	1	1.0000	1.0000	-1.0000	NaN	3.1938	-2.0860	15.0874	247778.8682	247779.1717	1.0000	0.0000	0.1914	0.3202
14lh04	6	36	1	1	2.0000	1.0000	-1.0000	0.2216	NaN	NaN	NaN	247779.9205	247780.2740	0.0000	1.0000	0.0810	0.3213
14lh04	6	37	1	1	1.0000	1.0000	-1.0000	NaN	0.6562	-1.5949	15.8357	247782.3959	247782.6981	0.0000	1.0000	0.1050	0.2816
14lh04	6	37	1	1	2.0000	1.0000	1.0000	0.3433	NaN	NaN	NaN	247783.4090	247783.7587	1.0000	1.0000	0.0005	0.1479
14lh04	6	38	1	1	1.0000	1.0000	-1.0000	NaN	1.7138	-0.1002	14.9789	247786.2323	247786.5344	0.0000	1.0000	0.0768	0.2375
14lh04	6	38	1	1	2.0000	1.0000	1.0000	0.2252	NaN	NaN	NaN	247787.2006	247787.5556	1.0000	1.0000	0.0316	0.2395
14lh04	6	39	1	1	1.0000	1.0000	-1.0000	NaN	0.6401	-1.3790	15.1719	247789.7957	247790.0978	0.0000	1.0000	0.1774	0.3536
14lh04	6	39	1	1	2.0000	1.0000	1.0000	0.2399	NaN	NaN	NaN	247790.8801	247791.2347	1.0000	1.0000	0.0007	0.1292
14lh04	6	40	1	1	1.0000	1.0000	-1.0000	NaN	1.7046	-3.5696	13.6235	247793.4907	247793.7929	0.0000	1.0000	0.1138	0.2270
14lh04	6	40	1	1	2.0000	1.0000	1.0000	0.1634	NaN	NaN	NaN	247794.4486	247794.8052	1.0000	1.0000	0.0006	0.0307
14lh04	6	41	1	1	1.0000	1.0000	-1.0000	NaN	5.5425	-6.3254	15.0655	247796.7879	247797.0900	0.0000	1.0000	0.0640	0.2098
14lh04	6	41	1	1	2.0000	1.0000	1.0000	0.0710	NaN	NaN	NaN	247797.7284	247798.0845	1.0000	1.0000	0.0007	0.1742
14lh04	6	42	1	1	1.0000	1.0000	1.0000	NaN	6.7593	4.4787	14.9072	247800.4595	247800.7643	0.0000	0.0000	0.1657	0.2635
14lh04	6	42	1	1	2.0000	1.0000	-1.0000	0.4276	NaN	NaN	NaN	247801.4627	247801.8796	0.0000	1.0000	0.0005	0.1550
14lh04	6	43	1	1	1.0000	1.0000	1.0000	NaN	0.8438	1.3046	15.9214	247804.0200	247804.3245	0.0000	0.0000	0.1735	0.2719
14lh04	6	43	1	1	2.0000	1.0000	-1.0000	0.3824	NaN	NaN	NaN	247805.0288	247805.4461	1.0000	0.0000	0.0005	0.1087
14lh04	6	44	1	1	1.0000	1.0000	1.0000	NaN	3.0296	4.6285	14.2669	247807.3092	247807.6137	1.0000	1.0000	0.1323	0.2620
14lh04	6	44	1	1	2.0000	1.0000	1.0000	0.4657	NaN	NaN	NaN	247808.3100	247808.6934	1.0000	1.0000	0.0005	0.1424
14lh04	6	45	1	1	1.0000	1.0000	1.0000	NaN	3.6631	3.1444	13.2399	247810.9114	247811.2136	1.0000	1.0000	0.1335	0.3092
14lh04	6	45	1	1	2.0000	1.0000	1.0000	0.4709	NaN	NaN	NaN	247811.9515	247812.3044	1.0000	1.0000	0.0006	0.2591
14lh04	6	46	1	1	1.0000	1.0000	1.0000	NaN	7.5254	6.6341	15.7999	247814.6154	247814.9183	1.0000	1.0000	0.0920	0.2695
14lh04	6	46	1	1	2.0000	1.0000	1.0000	0.3270	NaN	NaN	NaN	247815.6165	247815.9709	1.0000	1.0000	0.0006	0.0171
14lh04	6	47	1	1	1.0000	1.0000	-1.0000	NaN	2.5006	-2.5031	15.2328	247817.7884	247818.0906	0.0000	1.0000	0.1195	0.2493
14lh04	6	47	1	1	2.0000	1.0000	1.0000	0.4088	NaN	NaN	NaN	247818.7685	247819.1221	1.0000	1.0000	0.0005	0.1287
14lh04	6	48	1	1	1.0000	1.0000	-1.0000	NaN	6.0904	-7.2094	14.0146	247821.2514	247821.5535	0.0000	1.0000	0.1777	0.2745
14lh04	6	48	1	1	2.0000	1.0000	1.0000	0.4132	NaN	NaN	NaN	247822.2571	247822.6067	1.0000	1.0000	0.0005	0.0373
14lh04	6	49	1	1	1.0000	1.0000	-1.0000	NaN	7.6688	-9.2448	14.1901	247824.6204	247824.9226	0.0000	1.0000	0.1514	0.3134
14lh04	6	49	1	1	2.0000	1.0000	1.0000	0.1451	NaN	NaN	NaN	247825.6646	247826.0204	1.0000	1.0000	0.0006	0.0313
14lh04	6	50	1	1	1.0000	1.0000	1.0000	NaN	2.4900	4.1176	13.5293	247827.7776	247828.0798	1.0000	1.0000	0.1305	0.2921
14lh04	6	50	1	1	2.0000	1.0000	1.0000	0.6043	NaN	NaN	NaN	247828.8006	247829.1536	1.0000	1.0000	0.0006	0.0494
