32ls02	1	1	0	1	1.0000	1.0000	-1.0000	NaN	5.5909	-6.7195	15.4588	159707.7543	159708.0561	0.0000	1.0000	0.7810
32ls02	1	1	0	1	2.0000	1.0000	-1.0000	0.0917	NaN	NaN	NaN	159709.4559	159709.7939	1.0000	0.0000	0.7889
32ls02	1	2	0	1	1.0000	1.0000	1.0000	NaN	6.4965	4.3396	14.6026	159712.9145	159713.2155	1.0000	1.0000	0.3898
32ls02	1	2	0	1	2.0000	1.0000	-1.0000	0.6608	NaN	NaN	NaN	159714.2043	159714.5325	0.0000	1.0000	0.4164
32ls02	1	3	0	1	1.0000	1.0000	-1.0000	NaN	7.9487	-7.8902	15.1255	159717.4121	159717.7133	0.0000	1.0000	0.2059
32ls02	1	3	0	1	2.0000	1.0000	1.0000	0.2050	NaN	NaN	NaN	159718.5192	159718.8464	1.0000	1.0000	0.3842
32ls02	1	4	0	1	1.0000	1.0000	-1.0000	NaN	2.9798	-3.5593	13.3791	159721.4642	159721.7655	0.0000	1.0000	0.2581
32ls02	1	4	0	1	2.0000	1.0000	-1.0000	0.0423	NaN	NaN	NaN	159722.6054	159722.9323	1.0000	0.0000	0.5127
32ls02	1	5	0	1	1.0000	1.0000	-1.0000	NaN	10.8657	-10.9129	15.6348	159725.9001	159726.2010	0.0000	1.0000	0.1974
32ls02	1	5	0	1	2.0000	1.0000	1.0000	0.7258	NaN	NaN	NaN	159726.9988	159727.3285	1.0000	1.0000	0.2228
32ls02	1	6	0	1	1.0000	1.0000	1.0000	NaN	3.3493	3.6962	13.2153	159730.0364	159730.3373	1.0000	1.0000	0.4438
32ls02	1	6	0	1	2.0000	1.0000	1.0000	0.2821	NaN	NaN	NaN	159731.3649	159731.6913	0.0000	0.0000	0.3959
32ls02	1	7	0	1	1.0000	1.0000	-1.0000	NaN	9.3647	-8.6481	14.4553	159734.8367	159735.1377	0.0000	1.0000	0.2508
32ls02	1	7	0	1	2.0000	1.0000	1.0000	0.4493	NaN	NaN	NaN	159735.9809	159736.3086	1.0000	1.0000	0.2655
32ls02	1	8	0	1	1.0000	1.0000	-1.0000	NaN	10.6318	-9.2823	16.3629	159738.8331	159739.1344	0.0000	1.0000	0.2392
32ls02	1	8	0	1	2.0000	1.0000	-1.0000	0.8086	NaN	NaN	NaN	159739.9479	159740.2774	0.0000	1.0000	0.3299
32ls02	1	9	0	1	1.0000	1.0000	1.0000	NaN	2.0256	0.4614	14.3741	159742.9249	159743.2258	0.0000	0.0000	0.2674
32ls02	1	9	0	1	2.0000	1.0000	1.0000	0.3184	NaN	NaN	NaN	159744.1095	159744.4361	1.0000	1.0000	0.1872
32ls02	1	10	0	1	1.0000	1.0000	1.0000	NaN	1.4682	2.4700	16.0850	159747.2822	159747.5831	1.0000	1.0000	0.2242
32ls02	1	10	0	1	2.0000	1.0000	1.0000	0.6839	NaN	NaN	NaN	159748.3976	159748.7263	1.0000	1.0000	0.4225
32ls02	1	11	0	1	1.0000	1.0000	1.0000	NaN	7.0098	6.8181	15.4846	159751.3602	159751.6613	1.0000	1.0000	0.2658
32ls02	1	11	0	1	2.0000	1.0000	-1.0000	0.3917	NaN	NaN	NaN	159752.5335	159752.8637	0.0000	1.0000	0.2370
32ls02	1	12	0	1	1.0000	1.0000	1.0000	NaN	4.0415	2.7060	15.5580	159755.1276	159755.4287	1.0000	1.0000	0.1921
32ls02	1	12	0	1	2.0000	1.0000	-1.0000	0.7763	NaN	NaN	NaN	159756.2051	159756.5317	0.0000	1.0000	0.1609
32ls02	1	13	0	1	1.0000	1.0000	1.0000	NaN	5.1102	5.1153	15.0588	159758.8793	159759.1803	1.0000	1.0000	0.2724
32ls02	1	13	0	1	2.0000	1.0000	-1.0000	0.9129	NaN	NaN	NaN	159760.0291	159760.3558	0.0000	1.0000	0.1370
32ls02	1	14	0	1	1.0000	1.0000	-1.0000	NaN	3.1329	-4.4106	15.6320	159762.7382	159763.0391	0.0000	1.0000	0.2864
32ls02	1	14	0	1	2.0000	1.0000	1.0000	0.2353	NaN	NaN	NaN	159763.8928	159764.2213	1.0000	1.0000	0.3863
32ls02	1	15	0	1	1.0000	1.0000	-1.0000	NaN	0.0242	-0.8214	14.2996	159766.6183	159766.9192	1.0000	0.0000	0.6297
32ls02	1	15	0	1	2.0000	1.0000	-1.0000	0.5036	NaN	NaN	NaN	159768.1410	159768.4683	0.0000	1.0000	0.2326
32ls02	1	16	0	1	1.0000	1.0000	1.0000	NaN	9.1345	7.8691	14.9537	159770.8068	159771.1077	1.0000	1.0000	0.2104
32ls02	1	16	0	1	2.0000	1.0000	-1.0000	0.0731	NaN	NaN	NaN	159771.9098	159772.2366	0.0000	1.0000	0.6322
32ls02	1	17	0	1	1.0000	1.0000	1.0000	NaN	4.3723	3.7808	15.7543	159775.4243	159775.7254	1.0000	1.0000	0.2876
32ls02	1	17	0	1	2.0000	1.0000	-1.0000	0.4564	NaN	NaN	NaN	159776.5807	159776.9083	0.0000	1.0000	0.2104
32ls02	1	18	0	1	1.0000	1.0000	-1.0000	NaN	0.5020	-1.1071	15.6344	159779.3086	159779.6095	0.0000	1.0000	0.3552
32ls02	1	18	0	1	2.0000	1.0000	1.0000	0.7810	NaN	NaN	NaN	159780.5491	159780.8754	1.0000	1.0000	0.1691
32ls02	1	19	0	1	1.0000	1.0000	1.0000	NaN	6.8525	6.2167	13.3619	159783.1801	159783.4813	1.0000	1.0000	0.3075
32ls02	1	19	0	1	2.0000	1.0000	1.0000	0.9219	NaN	NaN	NaN	159784.3656	159784.6917	1.0000	1.0000	0.3555
32ls02	1	20	0	1	1.0000	1.0000	-1.0000	NaN	10.9019	-10.9632	16.5428	159787.5477	159787.8487	0.0000	1.0000	0.2374
32ls02	1	20	0	1	2.0000	1.0000	-1.0000	0.0392	NaN	NaN	NaN	159788.6695	159788.9969	1.0000	0.0000	0.8179
32ls02	1	21	0	1	1.0000	1.0000	-1.0000	NaN	9.4897	-9.6718	15.1689	159792.2216	159792.5229	0.0000	1.0000	0.1646
32ls02	1	21	0	1	2.0000	1.0000	-1.0000	0.8574	NaN	NaN	NaN	159793.2855	159793.6128	0.0000	1.0000	0.2108
32ls02	1	22	0	1	1.0000	1.0000	-1.0000	NaN	11.7548	-12.1084	16.0306	159795.9328	159796.2338	0.0000	1.0000	0.2351
32ls02	1	22	0	1	2.0000	1.0000	1.0000	0.4382	NaN	NaN	NaN	159797.0614	159797.3880	1.0000	1.0000	0.3779
32ls02	1	23	0	1	1.0000	1.0000	-1.0000	NaN	3.9745	-4.9882	14.7049	159800.0509	159800.3518	0.0000	1.0000	0.1997
32ls02	1	23	0	1	2.0000	1.0000	1.0000	0.0333	NaN	NaN	NaN	159801.1343	159801.4624	1.0000	1.0000	0.4235
32ls02	1	24	0	1	1.0000	1.0000	-1.0000	NaN	7.0842	-5.6388	13.2159	159804.0627	159804.3644	0.0000	1.0000	0.2506
32ls02	1	24	0	1	2.0000	1.0000	-1.0000	0.4570	NaN	NaN	NaN	159805.2213	159805.5477	0.0000	1.0000	0.5611
32ls02	1	25	0	1	1.0000	1.0000	1.0000	NaN	3.6277	3.7454	14.6424	159808.2285	159808.5295	1.0000	1.0000	0.5097
32ls02	1	25	0	1	2.0000	1.0000	1.0000	0.3521	NaN	NaN	NaN	159809.6209	159809.9467	1.0000	1.0000	0.5327
32ls02	1	26	0	1	1.0000	1.0000	-1.0000	NaN	5.5784	-5.8158	14.1263	159812.8713	159813.1722	0.0000	1.0000	0.3368
32ls02	1	26	0	1	2.0000	1.0000	-1.0000	0.5023	NaN	NaN	NaN	159814.0922	159814.4181	0.0000	1.0000	0.6050
32ls02	1	27	0	1	1.0000	1.0000	1.0000	NaN	7.4990	9.5531	15.2945	159817.3139	159817.6148	1.0000	1.0000	0.2778
32ls02	1	27	0	1	2.0000	1.0000	-1.0000	0.8762	NaN	NaN	NaN	159818.5006	159818.8282	0.0000	1.0000	0.2486
32ls02	1	28	0	1	1.0000	1.0000	-1.0000	NaN	8.0414	-9.5014	14.9224	159821.3636	159821.6646	0.0000	1.0000	0.2471
32ls02	1	28	0	1	2.0000	1.0000	-1.0000	0.6097	NaN	NaN	NaN	159822.4696	159822.7963	0.0000	1.0000	0.9628
32ls02	1	29	0	1	1.0000	1.0000	-1.0000	NaN	0.4181	-1.0753	15.7124	159825.7871	159826.0882	0.0000	1.0000	0.5327
32ls02	1	29	0	1	2.0000	1.0000	1.0000	0.8500	NaN	NaN	NaN	159827.2291	159827.5559	1.0000	1.0000	0.1529
32ls02	1	30	0	1	1.0000	1.0000	1.0000	NaN	4.0880	2.8585	14.6375	159829.7377	159830.0386	1.0000	1.0000	0.4141
32ls02	1	30	0	1	2.0000	1.0000	1.0000	0.7522	NaN	NaN	NaN	159831.0211	159831.3490	1.0000	1.0000	0.2318
32ls02	1	31	0	1	1.0000	1.0000	-1.0000	NaN	1.3987	-2.6296	13.9607	159833.8113	159834.1122	1.0000	0.0000	0.4045
32ls02	1	31	0	1	2.0000	1.0000	1.0000	0.5020	NaN	NaN	NaN	159835.0931	159835.4223	1.0000	1.0000	0.3503
32ls02	1	32	0	1	1.0000	1.0000	-1.0000	NaN	8.3230	-8.4423	15.1020	159837.8106	159838.1116	0.0000	1.0000	0.2613
32ls02	1	32	0	1	2.0000	1.0000	1.0000	0.9264	NaN	NaN	NaN	159839.0053	159839.3330	1.0000	1.0000	0.1438
32ls02	1	33	0	1	1.0000	1.0000	1.0000	NaN	0.1385	0.4622	14.3032	159841.7526	159842.0539	1.0000	1.0000	0.3108
32ls02	1	33	0	1	2.0000	1.0000	-1.0000	0.5640	NaN	NaN	NaN	159842.9494	159843.2758	0.0000	1.0000	0.1315
32ls02	1	34	0	1	1.0000	1.0000	-1.0000	NaN	0.3385	-1.2465	16.6669	159845.6029	159845.9039	0.0000	1.0000	0.3117
32ls02	1	34	0	1	2.0000	1.0000	-1.0000	0.4372	NaN	NaN	NaN	159846.7965	159847.1236	0.0000	1.0000	0.4412
32ls02	1	35	0	1	1.0000	1.0000	-1.0000	NaN	3.7089	-4.9118	15.0162	159849.7017	159850.0027	0.0000	1.0000	0.1397
32ls02	1	35	0	1	2.0000	1.0000	-1.0000	0.7567	NaN	NaN	NaN	159850.7009	159851.0280	0.0000	1.0000	0.5472
32ls02	1	36	0	1	1.0000	1.0000	-1.0000	NaN	4.9793	-6.0235	14.8910	159853.5265	159853.8275	0.0000	1.0000	0.2652
32ls02	1	36	0	1	2.0000	1.0000	-1.0000	0.5652	NaN	NaN	NaN	159854.6772	159855.0043	1.0000	0.0000	0.5206
32ls02	1	37	0	1	1.0000	1.0000	-1.0000	NaN	5.6484	-4.6388	13.6383	159857.8027	159858.1037	0.0000	1.0000	0.1813
32ls02	1	37	0	1	2.0000	1.0000	1.0000	0.3847	NaN	NaN	NaN	159858.8770	159859.2043	1.0000	1.0000	0.5443
32ls02	1	38	0	1	1.0000	1.0000	-1.0000	NaN	4.0445	-3.7185	15.1372	159861.8016	159862.1026	0.0000	1.0000	0.4648
32ls02	1	38	0	1	2.0000	1.0000	1.0000	0.4999	NaN	NaN	NaN	159863.1339	159863.4617	1.0000	1.0000	0.3033
32ls02	1	39	0	1	1.0000	1.0000	-1.0000	NaN	9.6869	-10.2255	14.5728	159866.2440	159866.5450	0.0000	1.0000	0.2542
32ls02	1	39	0	1	2.0000	1.0000	-1.0000	0.6378	NaN	NaN	NaN	159867.3648	159867.6926	0.0000	1.0000	0.2802
32ls02	1	40	0	1	1.0000	1.0000	-1.0000	NaN	9.3841	-6.4816	14.3767	159870.4180	159870.7189	0.0000	1.0000	0.2946
32ls02	1	40	0	1	2.0000	1.0000	-1.0000	0.0721	NaN	NaN	NaN	159871.5810	159871.9085	1.0000	0.0000	1.0666
32ls02	1	41	0	1	1.0000	1.0000	1.0000	NaN	0.7502	0.8483	16.6803	159875.5636	159875.8650	0.0000	0.0000	0.3813
32ls02	1	41	0	1	2.0000	1.0000	-1.0000	0.1868	NaN	NaN	NaN	159876.8380	159877.1641	0.0000	1.0000	0.5454
32ls02	1	42	0	1	1.0000	1.0000	1.0000	NaN	9.5830	8.8686	12.9210	159880.4095	159880.7106	1.0000	1.0000	0.2545
32ls02	1	42	0	1	2.0000	1.0000	1.0000	0.8755	NaN	NaN	NaN	159881.5656	159881.8926	1.0000	1.0000	0.3864
32ls02	1	43	0	1	1.0000	1.0000	-1.0000	NaN	6.6264	-7.8460	16.5762	159884.8893	159885.1903	0.0000	1.0000	0.5525
32ls02	1	43	0	1	2.0000	1.0000	-1.0000	0.8790	NaN	NaN	NaN	159886.3010	159886.6272	0.0000	1.0000	0.2997
32ls02	1	44	0	1	1.0000	1.0000	-1.0000	NaN	4.6611	-3.6104	14.6521	159889.2211	159889.5222	0.0000	1.0000	0.5547
32ls02	1	44	0	1	2.0000	1.0000	1.0000	0.7078	NaN	NaN	NaN	159890.6526	159890.9796	1.0000	1.0000	0.2908
32ls02	1	45	0	1	1.0000	1.0000	-1.0000	NaN	10.7629	-9.3303	15.5330	159893.8312	159894.1322	0.0000	1.0000	0.3315
32ls02	1	45	0	1	2.0000	1.0000	1.0000	0.4869	NaN	NaN	NaN	159895.0204	159895.3479	1.0000	1.0000	0.2179
32ls02	1	46	0	1	1.0000	1.0000	1.0000	NaN	5.1642	5.7361	12.6877	159898.1096	159898.4106	1.0000	1.0000	0.3407
32ls02	1	46	0	1	2.0000	1.0000	1.0000	0.3522	NaN	NaN	NaN	159899.3252	159899.6520	0.0000	0.0000	0.5053
32ls02	1	47	0	1	1.0000	1.0000	-1.0000	NaN	4.6984	-5.3690	15.2329	159902.1483	159902.4493	0.0000	1.0000	0.4766
32ls02	1	47	0	1	2.0000	1.0000	-1.0000	0.5946	NaN	NaN	NaN	159903.5252	159903.8521	0.0000	1.0000	0.3548
32ls02	1	48	0	1	1.0000	1.0000	-1.0000	NaN	7.0175	-10.3117	15.0540	159906.5252	159906.8262	0.0000	1.0000	0.2507
32ls02	1	48	0	1	2.0000	1.0000	-1.0000	0.0330	NaN	NaN	NaN	159907.6368	159907.9630	0.0000	1.0000	0.4022
32ls02	1	49	0	1	1.0000	1.0000	-1.0000	NaN	0.3437	-1.5922	16.5129	159910.5930	159910.8940	0.0000	1.0000	0.6399
32ls02	1	49	0	1	2.0000	1.0000	-1.0000	0.1715	NaN	NaN	NaN	159912.1000	159912.4286	0.0000	1.0000	0.4660
32ls02	1	50	0	1	1.0000	1.0000	-1.0000	NaN	4.8844	-4.7452	14.0041	159914.8229	159915.1239	0.0000	1.0000	0.3706
32ls02	1	50	0	1	2.0000	1.0000	1.0000	0.5537	NaN	NaN	NaN	159916.0776	159916.4058	1.0000	1.0000	0.2738
32ls02	2	1	0	1	1.0000	1.0000	1.0000	NaN	5.6330	3.7974	15.2173	159920.6949	159920.9959	1.0000	1.0000	0.2733
32ls02	2	1	0	1	2.0000	1.0000	-1.0000	0.0930	NaN	NaN	NaN	159921.8224	159922.1487	0.0000	1.0000	0.5764
32ls02	2	2	0	1	1.0000	1.0000	-1.0000	NaN	11.3299	-12.8896	15.1144	159925.1038	159925.4048	0.0000	1.0000	0.2482
32ls02	2	2	0	1	2.0000	1.0000	-1.0000	0.6902	NaN	NaN	NaN	159926.2207	159926.5481	0.0000	1.0000	0.3552
32ls02	2	3	0	1	1.0000	1.0000	-1.0000	NaN	6.2927	-9.0362	14.2774	159928.9806	159929.2815	0.0000	1.0000	0.2352
32ls02	2	3	0	1	2.0000	1.0000	-1.0000	0.6644	NaN	NaN	NaN	159930.1246	159930.4517	0.0000	1.0000	0.2570
32ls02	2	4	0	1	1.0000	1.0000	1.0000	NaN	2.9443	3.9234	14.9320	159932.8696	159933.1706	1.0000	1.0000	0.3062
32ls02	2	4	0	1	2.0000	1.0000	-1.0000	0.7355	NaN	NaN	NaN	159934.0452	159934.3717	0.0000	1.0000	0.1852
32ls02	2	5	0	1	1.0000	1.0000	1.0000	NaN	3.5469	2.9183	13.9728	159936.7432	159937.0442	1.0000	1.0000	0.2324
32ls02	2	5	0	1	2.0000	1.0000	1.0000	0.9302	NaN	NaN	NaN	159937.8375	159938.1637	1.0000	1.0000	0.2581
32ls02	2	6	0	1	1.0000	1.0000	-1.0000	NaN	6.4959	-5.3351	14.1817	159940.7084	159941.0094	0.0000	1.0000	0.7098
32ls02	2	6	0	1	2.0000	1.0000	1.0000	0.1090	NaN	NaN	NaN	159942.3168	159942.6453	0.0000	0.0000	0.3855
32ls02	2	7	0	1	1.0000	1.0000	1.0000	NaN	2.7411	3.1265	13.2812	159945.5180	159945.8190	1.0000	1.0000	0.1875
32ls02	2	7	0	1	2.0000	1.0000	1.0000	0.6962	NaN	NaN	NaN	159946.5726	159946.8988	1.0000	1.0000	0.3782
32ls02	2	8	0	1	1.0000	1.0000	-1.0000	NaN	5.8354	-6.5625	17.0353	159949.4066	159949.7075	0.0000	1.0000	0.2733
32ls02	2	8	0	1	2.0000	1.0000	-1.0000	0.0914	NaN	NaN	NaN	159950.5725	159950.8977	0.0000	1.0000	0.4050
32ls02	2	9	0	1	1.0000	1.0000	1.0000	NaN	6.5545	7.3965	14.5574	159953.5131	159953.8143	1.0000	1.0000	0.2387
32ls02	2	9	0	1	2.0000	1.0000	1.0000	0.6481	NaN	NaN	NaN	159954.6048	159954.9309	1.0000	1.0000	0.3723
32ls02	2	10	0	1	1.0000	1.0000	1.0000	NaN	6.7401	5.4550	14.6743	159957.2646	159957.5656	1.0000	1.0000	0.2975
32ls02	2	10	0	1	2.0000	1.0000	-1.0000	0.3363	NaN	NaN	NaN	159958.4204	159958.7468	0.0000	1.0000	0.3555
32ls02	2	11	0	1	1.0000	1.0000	1.0000	NaN	4.9720	5.6468	14.7903	159961.3875	159961.6886	1.0000	1.0000	0.2844
32ls02	2	11	0	1	2.0000	1.0000	1.0000	0.5439	NaN	NaN	NaN	159962.5487	159962.8764	1.0000	1.0000	0.3947
32ls02	2	12	0	1	1.0000	1.0000	1.0000	NaN	0.6565	0.8363	14.3933	159965.5566	159965.8575	1.0000	1.0000	0.4113
32ls02	2	12	0	1	2.0000	1.0000	1.0000	0.6129	NaN	NaN	NaN	159966.8448	159967.1718	1.0000	1.0000	0.2914
32ls02	2	13	0	1	1.0000	1.0000	1.0000	NaN	2.9949	2.2765	13.7785	159969.5064	159969.8075	1.0000	1.0000	0.2535
32ls02	2	13	0	1	2.0000	1.0000	-1.0000	0.7591	NaN	NaN	NaN	159970.6534	159970.9810	0.0000	1.0000	0.3376
32ls02	2	14	0	1	1.0000	1.0000	-1.0000	NaN	5.3094	-4.5007	15.1455	159973.6128	159973.9138	1.0000	0.0000	0.5628
32ls02	2	14	0	1	2.0000	1.0000	1.0000	0.0842	NaN	NaN	NaN	159975.0689	159975.3960	1.0000	1.0000	0.4808
32ls02	2	15	0	1	1.0000	1.0000	-1.0000	NaN	4.1505	-5.6002	16.8802	159977.7307	159978.0318	1.0000	0.0000	0.7012
32ls02	2	15	0	1	2.0000	1.0000	-1.0000	0.3777	NaN	NaN	NaN	159979.3253	159979.6516	0.0000	1.0000	0.2665
32ls02	2	16	0	1	1.0000	1.0000	-1.0000	NaN	10.6239	-10.5008	14.2295	159982.5248	159982.8259	0.0000	1.0000	0.3014
32ls02	2	16	0	1	2.0000	1.0000	1.0000	0.2110	NaN	NaN	NaN	159983.7167	159984.0428	1.0000	1.0000	0.3394
32ls02	2	17	0	1	1.0000	1.0000	-1.0000	NaN	5.5823	-5.0131	14.5110	159986.9098	159987.2108	0.0000	1.0000	0.2281
32ls02	2	17	0	1	2.0000	1.0000	-1.0000	0.2442	NaN	NaN	NaN	159988.0209	159988.3478	0.0000	1.0000	0.7313
32ls02	2	18	0	1	1.0000	1.0000	-1.0000	NaN	4.5187	-5.3857	14.1798	159991.6047	159991.9057	0.0000	1.0000	0.2993
32ls02	2	18	0	1	2.0000	1.0000	1.0000	0.0667	NaN	NaN	NaN	159992.7970	159993.1241	1.0000	1.0000	0.4096
32ls02	2	19	0	1	1.0000	1.0000	-1.0000	NaN	0.9829	-1.1760	14.3274	159995.8637	159996.1647	1.0000	0.0000	0.4806
32ls02	2	19	0	1	2.0000	1.0000	-1.0000	0.0333	NaN	NaN	NaN	159997.2135	159997.5424	0.0000	1.0000	0.3104
32ls02	2	20	0	1	1.0000	1.0000	1.0000	NaN	5.6103	7.4668	15.7567	160000.5115	160000.8125	1.0000	1.0000	0.3548
32ls02	2	20	0	1	2.0000	1.0000	1.0000	0.6854	NaN	NaN	NaN	160001.7488	160002.0751	1.0000	1.0000	0.4839
32ls02	2	21	0	1	1.0000	1.0000	-1.0000	NaN	2.0085	-0.0249	15.5378	160004.9519	160005.2529	1.0000	0.0000	0.4561
32ls02	2	21	0	1	2.0000	1.0000	1.0000	0.5915	NaN	NaN	NaN	160006.2928	160006.6194	1.0000	1.0000	0.3473
32ls02	2	22	0	1	1.0000	1.0000	1.0000	NaN	1.0709	0.4974	14.4269	160009.4612	160009.7622	1.0000	1.0000	0.4109
32ls02	2	22	0	1	2.0000	1.0000	1.0000	0.0898	NaN	NaN	NaN	160010.7896	160011.1170	1.0000	1.0000	0.5385
32ls02	2	23	0	1	1.0000	1.0000	1.0000	NaN	4.5020	3.9997	14.8863	160013.9857	160014.2867	1.0000	1.0000	0.2559
32ls02	2	23	0	1	2.0000	1.0000	-1.0000	0.6158	NaN	NaN	NaN	160015.1097	160015.4371	0.0000	1.0000	0.2344
32ls02	2	24	0	1	1.0000	1.0000	1.0000	NaN	7.8978	6.4256	14.2473	160017.7696	160018.0705	1.0000	1.0000	0.2403
32ls02	2	24	0	1	2.0000	1.0000	-1.0000	0.2753	NaN	NaN	NaN	160018.8926	160019.2202	0.0000	1.0000	0.2405
32ls02	2	25	0	1	1.0000	1.0000	-1.0000	NaN	10.6460	-9.5210	15.3603	160021.4972	160021.7982	0.0000	1.0000	0.6251
32ls02	2	25	0	1	2.0000	1.0000	-1.0000	0.9369	NaN	NaN	NaN	160023.0133	160023.3398	0.0000	1.0000	0.3133
32ls02	2	26	0	1	1.0000	1.0000	1.0000	NaN	6.6873	7.5590	15.0776	160025.7297	160026.0308	1.0000	1.0000	0.2139
32ls02	2	26	0	1	2.0000	1.0000	1.0000	0.8225	NaN	NaN	NaN	160026.8295	160027.1562	1.0000	1.0000	0.2674
32ls02	2	27	0	1	1.0000	1.0000	1.0000	NaN	2.5293	5.2143	14.2765	160029.6242	160029.9252	1.0000	1.0000	0.1435
32ls02	2	27	0	1	2.0000	1.0000	-1.0000	0.6777	NaN	NaN	NaN	160030.6542	160030.9814	0.0000	1.0000	0.1694
32ls02	2	28	0	1	1.0000	1.0000	1.0000	NaN	5.0077	6.3731	16.9305	160033.0858	160033.3868	1.0000	1.0000	0.2100
32ls02	2	28	0	1	2.0000	1.0000	-1.0000	0.4127	NaN	NaN	NaN	160034.1641	160034.4912	0.0000	1.0000	0.1538
32ls02	2	29	0	1	1.0000	1.0000	1.0000	NaN	11.9775	11.0210	15.7134	160036.9920	160037.2929	1.0000	1.0000	0.1760
32ls02	2	29	0	1	2.0000	1.0000	1.0000	0.5869	NaN	NaN	NaN	160038.0451	160038.3716	1.0000	1.0000	0.2283
32ls02	2	30	0	1	1.0000	1.0000	-1.0000	NaN	7.8035	-6.9859	13.2343	160040.6173	160040.9184	0.0000	1.0000	0.2705
32ls02	2	30	0	1	2.0000	1.0000	-1.0000	0.3696	NaN	NaN	NaN	160041.7731	160042.1016	0.0000	1.0000	0.3451
32ls02	2	31	0	1	1.0000	1.0000	1.0000	NaN	2.5824	2.4360	17.2262	160044.3986	160044.6996	1.0000	1.0000	0.2492
32ls02	2	31	0	1	2.0000	1.0000	-1.0000	0.2932	NaN	NaN	NaN	160045.5493	160045.8743	0.0000	1.0000	0.2370
32ls02	2	32	0	1	1.0000	1.0000	1.0000	NaN	1.9350	2.1808	15.4243	160048.0883	160048.3893	1.0000	1.0000	0.2076
32ls02	2	32	0	1	2.0000	1.0000	-1.0000	0.5314	NaN	NaN	NaN	160049.1812	160049.5093	0.0000	1.0000	0.1437
32ls02	2	33	0	1	1.0000	1.0000	-1.0000	NaN	1.4128	-1.3794	14.4402	160051.7887	160052.0897	0.0000	1.0000	0.4519
32ls02	2	33	0	1	2.0000	1.0000	1.0000	0.7346	NaN	NaN	NaN	160053.1327	160053.4592	1.0000	1.0000	0.1794
32ls02	2	34	0	1	1.0000	1.0000	-1.0000	NaN	7.6533	-7.4545	13.8400	160056.0055	160056.3065	0.0000	1.0000	0.3325
32ls02	2	34	0	1	2.0000	1.0000	-1.0000	0.6475	NaN	NaN	NaN	160057.2362	160057.5631	0.0000	1.0000	0.4099
32ls02	2	35	0	1	1.0000	1.0000	-1.0000	NaN	8.2411	-9.9099	13.8522	160059.9088	160060.2098	0.0000	1.0000	0.2052
32ls02	2	35	0	1	2.0000	1.0000	1.0000	0.3184	NaN	NaN	NaN	160061.0136	160061.3401	1.0000	1.0000	0.4088
32ls02	2	36	0	1	1.0000	1.0000	-1.0000	NaN	7.6340	-7.5539	14.6873	160064.1520	160064.4530	0.0000	1.0000	0.3062
32ls02	2	36	0	1	2.0000	1.0000	1.0000	0.4900	NaN	NaN	NaN	160065.3488	160065.6761	1.0000	1.0000	0.2971
32ls02	2	37	0	1	1.0000	1.0000	-1.0000	NaN	5.3619	-3.9998	14.3553	160068.3929	160068.6939	0.0000	1.0000	0.2092
32ls02	2	37	0	1	2.0000	1.0000	1.0000	0.8454	NaN	NaN	NaN	160069.4773	160069.8052	1.0000	1.0000	0.3298
32ls02	2	38	0	1	1.0000	1.0000	-1.0000	NaN	1.0354	-1.3602	13.9606	160072.5514	160072.8523	0.0000	1.0000	0.2189
32ls02	2	38	0	1	2.0000	1.0000	1.0000	0.4885	NaN	NaN	NaN	160073.6291	160073.9577	1.0000	1.0000	0.3432
32ls02	2	39	0	1	1.0000	1.0000	-1.0000	NaN	4.5359	-4.2669	15.7624	160076.9781	160077.2791	0.0000	1.0000	0.2005
32ls02	2	39	0	1	2.0000	1.0000	1.0000	0.6356	NaN	NaN	NaN	160078.0769	160078.4029	1.0000	1.0000	0.1219
32ls02	2	40	0	1	1.0000	1.0000	-1.0000	NaN	3.1843	-2.6589	15.7505	160081.1284	160081.4295	0.0000	1.0000	0.3848
32ls02	2	40	0	1	2.0000	1.0000	-1.0000	0.2615	NaN	NaN	NaN	160082.4363	160082.7644	1.0000	0.0000	0.2509
32ls02	2	41	0	1	1.0000	1.0000	-1.0000	NaN	8.4650	-7.9971	14.4354	160085.2755	160085.5765	0.0000	1.0000	0.2202
32ls02	2	41	0	1	2.0000	1.0000	1.0000	0.1489	NaN	NaN	NaN	160086.3970	160086.7251	1.0000	1.0000	0.4503
32ls02	2	42	0	1	1.0000	1.0000	-1.0000	NaN	8.4695	-9.8781	15.2099	160089.2862	160089.5872	0.0000	1.0000	0.2976
32ls02	2	42	0	1	2.0000	1.0000	1.0000	0.9362	NaN	NaN	NaN	160090.4847	160090.8109	1.0000	1.0000	0.2901
32ls02	2	43	0	1	1.0000	1.0000	1.0000	NaN	5.3554	7.0266	15.6934	160093.6312	160093.9322	1.0000	1.0000	0.3367
32ls02	2	43	0	1	2.0000	1.0000	1.0000	0.6536	NaN	NaN	NaN	160094.8371	160095.1623	1.0000	1.0000	0.5168
32ls02	2	44	0	1	1.0000	1.0000	1.0000	NaN	7.0623	6.0062	14.3620	160098.0897	160098.3907	1.0000	1.0000	0.2960
32ls02	2	44	0	1	2.0000	1.0000	1.0000	0.5844	NaN	NaN	NaN	160099.2765	160099.6032	1.0000	1.0000	0.9307
32ls02	2	45	0	1	1.0000	1.0000	-1.0000	NaN	1.0906	-0.6106	13.2311	160102.8873	160103.1883	0.0000	1.0000	0.4991
32ls02	2	45	0	1	2.0000	1.0000	-1.0000	0.6484	NaN	NaN	NaN	160104.2849	160104.6122	0.0000	1.0000	0.7310
32ls02	2	46	0	1	1.0000	1.0000	-1.0000	NaN	7.5990	-7.7258	14.2913	160107.3766	160107.6776	0.0000	1.0000	0.4089
32ls02	2	46	0	1	2.0000	1.0000	-1.0000	0.6045	NaN	NaN	NaN	160108.6938	160109.0201	0.0000	1.0000	0.6886
32ls02	2	47	0	1	1.0000	1.0000	-1.0000	NaN	8.4087	-8.8871	14.6355	160111.8357	160112.1367	0.0000	1.0000	0.3419
32ls02	2	47	0	1	2.0000	1.0000	1.0000	0.9124	NaN	NaN	NaN	160113.0533	160113.3812	1.0000	1.0000	0.2567
32ls02	2	48	0	1	1.0000	1.0000	-1.0000	NaN	9.5866	-8.8970	14.0850	160115.6900	160115.9911	0.0000	1.0000	0.2137
32ls02	2	48	0	1	2.0000	1.0000	1.0000	0.1762	NaN	NaN	NaN	160116.7885	160117.1147	1.0000	1.0000	0.5868
32ls02	2	49	0	1	1.0000	1.0000	1.0000	NaN	4.2731	5.6507	13.9566	160119.6701	160119.9712	1.0000	1.0000	0.3216
32ls02	2	49	0	1	2.0000	1.0000	-1.0000	0.5913	NaN	NaN	NaN	160120.8772	160121.2045	0.0000	1.0000	0.1785
32ls02	2	50	0	1	1.0000	1.0000	1.0000	NaN	4.2351	3.5199	14.0329	160123.5099	160123.8109	1.0000	1.0000	0.5876
32ls02	2	50	0	1	2.0000	1.0000	1.0000	0.2754	NaN	NaN	NaN	160124.9409	160125.2670	1.0000	1.0000	0.6190
32ls02	3	1	0	1	1.0000	1.0000	-1.0000	NaN	2.7623	-3.6509	16.1281	160130.8206	160131.1216	0.0000	1.0000	0.2351
32ls02	3	1	0	1	2.0000	1.0000	-1.0000	0.3206	NaN	NaN	NaN	160131.9580	160132.2840	0.0000	1.0000	0.3768
32ls02	3	2	0	1	1.0000	1.0000	-1.0000	NaN	8.9368	-8.7459	15.4977	160134.9641	160135.2651	0.0000	1.0000	0.2385
32ls02	3	2	0	1	2.0000	1.0000	-1.0000	0.2180	NaN	NaN	NaN	160136.0851	160136.4127	0.0000	1.0000	0.3604
32ls02	3	3	0	1	1.0000	1.0000	1.0000	NaN	6.3602	7.8411	13.8558	160139.3251	160139.6261	1.0000	1.0000	0.1385
32ls02	3	3	0	1	2.0000	1.0000	1.0000	0.6420	NaN	NaN	NaN	160140.3169	160140.6438	1.0000	1.0000	0.3074
32ls02	3	4	0	1	1.0000	1.0000	1.0000	NaN	3.7555	3.9181	14.4218	160143.3268	160143.6278	1.0000	1.0000	0.2100
32ls02	3	4	0	1	2.0000	1.0000	1.0000	0.5859	NaN	NaN	NaN	160144.4209	160144.7466	1.0000	1.0000	0.2825
32ls02	3	5	0	1	1.0000	1.0000	-1.0000	NaN	9.6789	-9.1568	14.6737	160147.2157	160147.5167	0.0000	1.0000	0.3120
32ls02	3	5	0	1	2.0000	1.0000	-1.0000	0.1089	NaN	NaN	NaN	160148.4291	160148.7578	1.0000	0.0000	0.2470
32ls02	3	6	0	1	1.0000	1.0000	-1.0000	NaN	2.5540	-3.1299	15.2069	160151.3640	160151.6650	0.0000	1.0000	0.2921
32ls02	3	6	0	1	2.0000	1.0000	1.0000	0.2966	NaN	NaN	NaN	160152.5569	160152.8841	1.0000	1.0000	0.3207
32ls02	3	7	0	1	1.0000	1.0000	1.0000	NaN	10.0692	9.9639	14.3679	160155.4001	160155.7011	1.0000	1.0000	0.2558
32ls02	3	7	0	1	2.0000	1.0000	-1.0000	0.3561	NaN	NaN	NaN	160156.5409	160156.8674	0.0000	1.0000	0.2333
32ls02	3	8	0	1	1.0000	1.0000	1.0000	NaN	6.1311	4.9084	15.4029	160158.9881	160159.2891	1.0000	1.0000	0.1980
32ls02	3	8	0	1	2.0000	1.0000	1.0000	0.4377	NaN	NaN	NaN	160160.0528	160160.3785	0.0000	0.0000	0.4272
32ls02	3	9	0	1	1.0000	1.0000	-1.0000	NaN	2.7986	-3.2583	15.0753	160163.2058	160163.5068	0.0000	1.0000	0.7298
32ls02	3	9	0	1	2.0000	1.0000	-1.0000	0.6457	NaN	NaN	NaN	160164.8208	160165.1466	0.0000	1.0000	0.3222
32ls02	3	10	0	1	1.0000	1.0000	-1.0000	NaN	8.7861	-8.8094	15.3583	160167.5890	160167.8900	0.0000	1.0000	0.1892
32ls02	3	10	0	1	2.0000	1.0000	1.0000	0.7971	NaN	NaN	NaN	160168.7094	160169.0355	1.0000	1.0000	0.1312
32ls02	3	11	0	1	1.0000	1.0000	-1.0000	NaN	4.0152	-3.1858	14.9798	160171.1445	160171.4456	0.0000	1.0000	0.2393
32ls02	3	11	0	1	2.0000	1.0000	-1.0000	0.9355	NaN	NaN	NaN	160172.2855	160172.6107	0.0000	1.0000	0.2848
32ls02	3	12	0	1	1.0000	1.0000	1.0000	NaN	3.0483	2.4388	15.8560	160175.3880	160175.6891	1.0000	1.0000	0.2357
32ls02	3	12	0	1	2.0000	1.0000	1.0000	0.4098	NaN	NaN	NaN	160176.5087	160176.8356	0.0000	0.0000	0.4198
32ls02	3	13	0	1	1.0000	1.0000	-1.0000	NaN	6.6246	-6.7921	15.4431	160179.6502	160179.9512	0.0000	1.0000	0.2135
32ls02	3	13	0	1	2.0000	1.0000	-1.0000	0.7183	NaN	NaN	NaN	160180.8048	160181.1313	0.0000	1.0000	0.2014
32ls02	3	14	0	1	1.0000	1.0000	1.0000	NaN	1.4408	3.9296	16.2341	160183.9961	160184.2971	1.0000	1.0000	0.3252
32ls02	3	14	0	1	2.0000	1.0000	1.0000	0.0964	NaN	NaN	NaN	160185.1888	160185.5148	1.0000	1.0000	0.7727
32ls02	3	15	0	1	1.0000	1.0000	1.0000	NaN	11.7567	11.4163	15.6091	160188.5993	160188.9003	1.0000	1.0000	0.2274
32ls02	3	15	0	1	2.0000	1.0000	-1.0000	0.4641	NaN	NaN	NaN	160189.6778	160190.0054	0.0000	1.0000	0.2093
32ls02	3	16	0	1	1.0000	1.0000	-1.0000	NaN	1.0866	-1.1675	13.9582	160192.5902	160192.8912	1.0000	0.0000	0.3298
32ls02	3	16	0	1	2.0000	1.0000	-1.0000	0.5848	NaN	NaN	NaN	160193.8129	160194.1393	0.0000	1.0000	0.2283
32ls02	3	17	0	1	1.0000	1.0000	1.0000	NaN	9.8214	11.9270	15.1800	160196.9221	160197.2231	1.0000	1.0000	0.2000
32ls02	3	17	0	1	2.0000	1.0000	1.0000	0.2710	NaN	NaN	NaN	160198.0142	160198.3408	0.0000	0.0000	0.3921
32ls02	3	18	0	1	1.0000	1.0000	1.0000	NaN	7.2031	3.5733	15.8756	160201.3020	160201.6029	1.0000	1.0000	0.2499
32ls02	3	18	0	1	2.0000	1.0000	1.0000	0.1049	NaN	NaN	NaN	160202.4381	160202.7643	0.0000	0.0000	0.1866
32ls02	3	19	0	1	1.0000	1.0000	-1.0000	NaN	7.9499	-9.7339	15.2545	160205.5726	160205.8736	0.0000	1.0000	0.1897
32ls02	3	19	0	1	2.0000	1.0000	-1.0000	0.0716	NaN	NaN	NaN	160206.6220	160206.9489	1.0000	0.0000	0.5919
32ls02	3	20	0	1	1.0000	1.0000	1.0000	NaN	9.0708	8.7749	14.8402	160209.6785	160209.9795	1.0000	1.0000	0.3070
32ls02	3	20	0	1	2.0000	1.0000	-1.0000	0.0268	NaN	NaN	NaN	160210.8048	160211.1323	0.0000	1.0000	0.7126
32ls02	3	21	0	1	1.0000	1.0000	-1.0000	NaN	7.5410	-6.4550	14.1492	160214.0154	160214.3164	0.0000	1.0000	0.4086
32ls02	3	21	0	1	2.0000	1.0000	-1.0000	0.8604	NaN	NaN	NaN	160215.3412	160215.6714	0.0000	1.0000	0.1840
32ls02	3	22	0	1	1.0000	1.0000	-1.0000	NaN	1.9457	-5.0846	17.5212	160217.8809	160218.1829	0.0000	1.0000	0.2459
32ls02	3	22	0	1	2.0000	1.0000	1.0000	0.6726	NaN	NaN	NaN	160219.0532	160219.3788	1.0000	1.0000	0.2705
32ls02	3	23	0	1	1.0000	1.0000	1.0000	NaN	4.9929	6.1744	13.9598	160221.8927	160222.1942	1.0000	1.0000	0.2365
32ls02	3	23	0	1	2.0000	1.0000	1.0000	0.6557	NaN	NaN	NaN	160222.9807	160223.3118	1.0000	1.0000	0.2946
32ls02	3	24	0	1	1.0000	1.0000	-1.0000	NaN	11.3395	-14.1770	14.0556	160225.7269	160226.0280	0.0000	1.0000	0.2736
32ls02	3	24	0	1	2.0000	1.0000	1.0000	0.9417	NaN	NaN	NaN	160226.8767	160227.2061	1.0000	1.0000	0.2305
32ls02	3	25	0	1	1.0000	1.0000	1.0000	NaN	2.0668	2.9449	15.2373	160229.4414	160229.7425	1.0000	1.0000	0.3042
32ls02	3	25	0	1	2.0000	1.0000	1.0000	0.5646	NaN	NaN	NaN	160230.6444	160230.9778	1.0000	1.0000	0.3476
32ls02	3	26	0	1	1.0000	1.0000	-1.0000	NaN	0.1875	-1.0313	13.3546	160234.0222	160234.3232	0.0000	1.0000	0.3214
32ls02	3	26	0	1	2.0000	1.0000	-1.0000	0.7453	NaN	NaN	NaN	160235.2370	160235.5628	1.0000	0.0000	0.1059
32ls02	3	27	0	1	1.0000	1.0000	-1.0000	NaN	8.7549	-9.1442	14.8571	160237.8309	160238.1319	0.0000	1.0000	0.1955
32ls02	3	27	0	1	2.0000	1.0000	1.0000	0.9053	NaN	NaN	NaN	160238.9169	160239.2435	1.0000	1.0000	0.1722
32ls02	3	28	0	1	1.0000	1.0000	-1.0000	NaN	0.3564	-0.9506	14.5709	160241.5202	160241.8213	1.0000	0.0000	0.6418
32ls02	3	28	0	1	2.0000	1.0000	1.0000	0.3993	NaN	NaN	NaN	160243.0613	160243.3908	0.0000	0.0000	0.6248
32ls02	3	29	0	1	1.0000	1.0000	1.0000	NaN	10.2485	10.0494	13.1804	160246.6352	160246.9363	1.0000	1.0000	0.2393
32ls02	3	29	0	1	2.0000	1.0000	-1.0000	0.3352	NaN	NaN	NaN	160247.7571	160248.0861	0.0000	1.0000	0.1985
32ls02	3	30	0	1	1.0000	1.0000	1.0000	NaN	7.8476	7.1435	14.9843	160250.9778	160251.2788	1.0000	1.0000	0.3523
32ls02	3	30	0	1	2.0000	1.0000	1.0000	0.6324	NaN	NaN	NaN	160252.2209	160252.5489	0.0000	0.0000	0.7838
32ls02	3	31	0	1	1.0000	1.0000	1.0000	NaN	8.3537	11.3664	14.2325	160255.9196	160256.2206	1.0000	1.0000	0.3391
32ls02	3	31	0	1	2.0000	1.0000	-1.0000	0.2177	NaN	NaN	NaN	160257.1247	160257.4530	0.0000	1.0000	0.6101
32ls02	3	32	0	1	1.0000	1.0000	1.0000	NaN	3.5077	3.5151	13.7433	160260.0227	160260.3238	1.0000	1.0000	0.5638
32ls02	3	32	0	1	2.0000	1.0000	-1.0000	0.5200	NaN	NaN	NaN	160261.4760	160261.8036	0.0000	1.0000	0.2331
32ls02	3	33	0	1	1.0000	1.0000	1.0000	NaN	9.7427	10.1774	15.0821	160263.9895	160264.2905	1.0000	1.0000	0.3223
32ls02	3	33	0	1	2.0000	1.0000	1.0000	0.4140	NaN	NaN	NaN	160265.2135	160265.5402	0.0000	0.0000	1.0659
32ls02	3	34	0	1	1.0000	1.0000	1.0000	NaN	2.7130	1.9444	17.0420	160269.0975	160269.3987	1.0000	1.0000	0.2622
32ls02	3	34	0	1	2.0000	1.0000	1.0000	0.1593	NaN	NaN	NaN	160270.2608	160270.5875	1.0000	1.0000	0.8431
32ls02	3	35	0	1	1.0000	1.0000	-1.0000	NaN	0.7399	-3.0432	14.6153	160273.6248	160273.9259	0.0000	1.0000	1.0095
32ls02	3	35	0	1	2.0000	1.0000	1.0000	0.5171	NaN	NaN	NaN	160275.5102	160275.8359	1.0000	1.0000	0.2276
32ls02	3	36	0	1	1.0000	1.0000	-1.0000	NaN	1.0827	-2.6223	15.2171	160278.3737	160278.6751	0.0000	1.0000	0.6747
32ls02	3	36	0	1	2.0000	1.0000	-1.0000	0.6080	NaN	NaN	NaN	160279.9488	160280.2771	0.0000	1.0000	0.3359
32ls02	3	37	0	1	1.0000	1.0000	1.0000	NaN	3.6650	3.4249	16.8824	160282.8410	160283.1420	1.0000	1.0000	0.7053
32ls02	3	37	0	1	2.0000	1.0000	-1.0000	0.6912	NaN	NaN	NaN	160284.4527	160284.7798	0.0000	1.0000	0.2250
32ls02	3	38	0	1	1.0000	1.0000	1.0000	NaN	0.5135	0.8227	14.7299	160287.2898	160287.5908	0.0000	0.0000	0.8076
32ls02	3	38	0	1	2.0000	1.0000	-1.0000	0.5390	NaN	NaN	NaN	160289.0207	160289.3478	0.0000	1.0000	0.3313
32ls02	3	39	0	1	1.0000	1.0000	-1.0000	NaN	3.1116	-2.7672	15.8071	160291.7059	160292.0069	0.0000	1.0000	0.8782
32ls02	3	39	0	1	2.0000	1.0000	-1.0000	0.8246	NaN	NaN	NaN	160293.5342	160293.8609	0.0000	1.0000	0.2421
32ls02	3	40	0	1	1.0000	1.0000	-1.0000	NaN	11.0615	-9.0897	13.0898	160296.5213	160296.8224	0.0000	1.0000	0.2568
32ls02	3	40	0	1	2.0000	1.0000	1.0000	0.1304	NaN	NaN	NaN	160297.6853	160298.0134	1.0000	1.0000	0.6635
32ls02	3	41	0	1	1.0000	1.0000	-1.0000	NaN	11.1098	-10.9509	14.9855	160300.9729	160301.2739	0.0000	1.0000	0.3248
32ls02	3	41	0	1	2.0000	1.0000	-1.0000	0.6240	NaN	NaN	NaN	160302.1811	160302.5093	0.0000	1.0000	0.3299
32ls02	3	42	0	1	1.0000	1.0000	-1.0000	NaN	11.7396	-11.0036	17.4489	160305.4848	160305.7857	0.0000	1.0000	0.1981
32ls02	3	42	0	1	2.0000	1.0000	-1.0000	0.6509	NaN	NaN	NaN	160306.5809	160306.9074	0.0000	1.0000	0.1695
32ls02	3	43	0	1	1.0000	1.0000	-1.0000	NaN	4.7796	-3.7389	14.1507	160309.4537	160309.7547	0.0000	1.0000	0.2181
32ls02	3	43	0	1	2.0000	1.0000	-1.0000	0.6805	NaN	NaN	NaN	160310.5886	160310.9159	0.0000	1.0000	0.2912
32ls02	3	44	0	1	1.0000	1.0000	-1.0000	NaN	2.7863	-2.1162	14.7028	160313.8555	160314.1567	0.0000	1.0000	0.1860
32ls02	3	44	0	1	2.0000	1.0000	-1.0000	0.0718	NaN	NaN	NaN	160314.9494	160315.2755	0.0000	1.0000	0.3873
32ls02	3	45	0	1	1.0000	1.0000	1.0000	NaN	1.7917	0.9929	15.0677	160317.7719	160318.0729	0.0000	0.0000	0.2599
32ls02	3	45	0	1	2.0000	1.0000	-1.0000	0.8958	NaN	NaN	NaN	160318.9725	160319.2992	0.0000	1.0000	0.1391
32ls02	3	46	0	1	1.0000	1.0000	1.0000	NaN	1.8428	3.6208	14.7857	160321.8885	160322.1896	1.0000	1.0000	0.3757
32ls02	3	46	0	1	2.0000	1.0000	1.0000	0.3419	NaN	NaN	NaN	160323.1650	160323.4915	0.0000	0.0000	0.6192
32ls02	3	47	0	1	1.0000	1.0000	-1.0000	NaN	0.4498	-1.5754	15.2471	160326.1533	160326.4544	1.0000	0.0000	1.1506
32ls02	3	47	0	1	2.0000	1.0000	1.0000	0.3520	NaN	NaN	NaN	160328.1659	160328.4927	0.0000	0.0000	0.6244
32ls02	3	48	0	1	1.0000	1.0000	-1.0000	NaN	9.9674	-10.2525	13.9670	160331.6110	160331.9122	0.0000	1.0000	0.2470
32ls02	3	48	0	1	2.0000	1.0000	-1.0000	0.6760	NaN	NaN	NaN	160332.7331	160333.0595	0.0000	1.0000	0.2897
32ls02	3	49	0	1	1.0000	1.0000	-1.0000	NaN	3.3950	-3.3172	14.7346	160335.6287	160335.9298	0.0000	1.0000	0.7391
32ls02	3	49	0	1	2.0000	1.0000	1.0000	0.0621	NaN	NaN	NaN	160337.2694	160337.5963	0.0000	0.0000	0.6910
32ls02	3	50	0	1	1.0000	1.0000	-1.0000	NaN	3.8947	-5.9022	15.0656	160340.4569	160340.7579	0.0000	1.0000	0.2410
32ls02	3	50	0	1	2.0000	1.0000	1.0000	0.6608	NaN	NaN	NaN	160341.5567	160341.8836	1.0000	1.0000	0.4514
