25cj03	1	1	1	1	1.0000	1.0000	-1.0000	NaN	3.0730	-0.4850	15.4050	1021633.5466	1021633.8487	1.0000	0.0000	0.4371
25cj03	1	1	1	1	2.0000	1.0000	-1.0000	0.0497	NaN	NaN	NaN	1021634.8057	1021635.1590	1.0000	0.0000	0.1828
25cj03	1	2	1	1	1.0000	1.0000	-1.0000	NaN	3.9539	-5.4104	14.5426	1021637.9834	1021638.2857	0.0000	1.0000	0.5915
25cj03	1	2	1	1	2.0000	1.0000	1.0000	0.0740	NaN	NaN	NaN	1021639.3826	1021639.7333	1.0000	1.0000	0.0005
25cj03	1	3	1	1	1.0000	1.0000	-1.0000	NaN	1.5377	-1.1512	14.5164	1021641.7951	1021642.0973	1.0000	0.0000	0.4762
25cj03	1	3	1	1	2.0000	1.0000	-1.0000	0.1498	NaN	NaN	NaN	1021643.0771	1021643.4307	1.0000	0.0000	0.0229
25cj03	1	4	1	1	1.0000	1.0000	-1.0000	NaN	0.4927	-1.0557	16.1082	1021645.5801	1021645.8823	0.0000	1.0000	0.5148
25cj03	1	4	1	1	2.0000	1.0000	1.0000	0.3434	NaN	NaN	NaN	1021646.9201	1021647.3347	1.0000	1.0000	0.0006
25cj03	1	5	1	1	1.0000	1.0000	1.0000	NaN	4.0203	4.6840	15.3564	1021649.3067	1021649.6134	1.0000	1.0000	0.2231
25cj03	1	5	1	1	2.0000	1.0000	1.0000	0.2914	NaN	NaN	NaN	1021650.3601	1021650.7691	1.0000	1.0000	0.0005
25cj03	1	6	1	1	1.0000	1.0000	-1.0000	NaN	3.6926	-4.1102	13.7836	1021652.6564	1021652.9632	0.0000	1.0000	0.4573
25cj03	1	6	1	1	2.0000	1.0000	1.0000	0.3574	NaN	NaN	NaN	1021653.9437	1021654.3535	1.0000	1.0000	0.0005
25cj03	1	7	1	1	1.0000	1.0000	1.0000	NaN	1.5843	0.2774	14.4260	1021656.2881	1021656.5942	0.0000	0.0000	0.8439
25cj03	1	7	1	1	2.0000	1.0000	-1.0000	0.3584	NaN	NaN	NaN	1021657.9443	1021658.3649	0.0000	1.0000	3.3123
25cj03	1	8	1	1	1.0000	1.0000	1.0000	NaN	3.9382	3.7707	14.9452	1021663.6032	1021663.9077	1.0000	1.0000	0.5380
25cj03	1	8	1	1	2.0000	1.0000	1.0000	0.0610	NaN	NaN	NaN	1021664.9689	1021665.3863	1.0000	1.0000	0.2279
25cj03	1	9	1	1	1.0000	1.0000	-1.0000	NaN	1.9217	-3.1887	15.2858	1021667.5708	1021667.8770	0.0000	1.0000	0.2641
25cj03	1	9	1	1	2.0000	1.0000	1.0000	0.0399	NaN	NaN	NaN	1021668.6833	1021669.1028	1.0000	1.0000	0.0006
25cj03	1	10	1	1	1.0000	1.0000	1.0000	NaN	4.1516	3.9608	14.6690	1021671.2925	1021671.5970	1.0000	1.0000	0.3675
25cj03	1	10	1	1	2.0000	1.0000	1.0000	0.1964	NaN	NaN	NaN	1021672.4887	1021672.9020	1.0000	1.0000	0.4872
25cj03	1	11	1	1	1.0000	1.0000	-1.0000	NaN	4.5462	-5.8181	14.4725	1021675.8564	1021676.1630	0.0000	1.0000	0.3300
25cj03	1	11	1	1	2.0000	1.0000	1.0000	0.0446	NaN	NaN	NaN	1021677.0347	1021677.4524	1.0000	1.0000	0.7361
25cj03	1	12	1	1	1.0000	1.0000	1.0000	NaN	4.7627	5.4881	15.7836	1021680.4017	1021680.7058	1.0000	1.0000	0.2357
25cj03	1	12	1	1	2.0000	1.0000	1.0000	0.3425	NaN	NaN	NaN	1021681.4829	1021681.9020	1.0000	1.0000	0.1590
25cj03	1	13	1	1	1.0000	1.0000	1.0000	NaN	3.8807	3.3975	13.8310	1021684.5223	1021684.8292	1.0000	1.0000	0.1913
25cj03	1	13	1	1	2.0000	1.0000	1.0000	0.4281	NaN	NaN	NaN	1021685.5312	1021685.9397	1.0000	1.0000	0.3448
25cj03	1	14	1	1	1.0000	1.0000	-1.0000	NaN	1.7340	-0.8163	14.8744	1021688.4597	1021688.7619	0.0000	1.0000	0.4516
25cj03	1	14	1	1	2.0000	1.0000	1.0000	0.1879	NaN	NaN	NaN	1021689.7336	1021690.0897	1.0000	1.0000	0.1793
25cj03	1	15	1	1	1.0000	1.0000	-1.0000	NaN	2.4258	-1.2275	16.5484	1021692.3675	1021692.6698	0.0000	1.0000	0.7199
25cj03	1	15	1	1	2.0000	1.0000	1.0000	0.0668	NaN	NaN	NaN	1021693.9152	1021694.3349	1.0000	1.0000	0.0936
25cj03	1	16	1	1	1.0000	1.0000	-1.0000	NaN	0.1841	-0.9170	14.5501	1021696.2524	1021696.5575	0.0000	1.0000	0.5281
25cj03	1	16	1	1	2.0000	1.0000	1.0000	0.1362	NaN	NaN	NaN	1021697.5921	1021698.0008	1.0000	1.0000	0.0608
25cj03	1	17	1	1	1.0000	1.0000	-1.0000	NaN	2.1190	-2.8938	12.8691	1021700.0186	1021700.3234	0.0000	1.0000	0.3131
25cj03	1	17	1	1	2.0000	1.0000	1.0000	0.3326	NaN	NaN	NaN	1021701.1632	1021701.5850	1.0000	1.0000	0.0127
25cj03	1	18	1	1	1.0000	1.0000	-1.0000	NaN	1.2765	-1.7473	16.0107	1021703.8479	1021704.1501	0.0000	1.0000	0.3583
25cj03	1	18	1	1	2.0000	1.0000	1.0000	0.2407	NaN	NaN	NaN	1021705.0131	1021705.3657	1.0000	1.0000	0.3121
25cj03	1	19	1	1	1.0000	1.0000	1.0000	NaN	5.0879	5.6258	14.3019	1021707.7491	1021708.0513	1.0000	1.0000	0.2171
25cj03	1	19	1	1	2.0000	1.0000	1.0000	0.4259	NaN	NaN	NaN	1021708.7728	1021709.1262	1.0000	1.0000	0.1986
25cj03	1	20	1	1	1.0000	1.0000	-1.0000	NaN	2.9602	-2.4839	15.6602	1021711.4925	1021711.7947	0.0000	1.0000	0.2342
25cj03	1	20	1	1	2.0000	1.0000	1.0000	0.0951	NaN	NaN	NaN	1021712.5493	1021712.9052	1.0000	1.0000	0.1809
25cj03	1	21	1	1	1.0000	1.0000	1.0000	NaN	0.9897	2.7740	15.1866	1021715.3465	1021715.6488	1.0000	1.0000	0.5252
25cj03	1	21	1	1	2.0000	1.0000	1.0000	0.3212	NaN	NaN	NaN	1021716.6945	1021717.0453	1.0000	1.0000	0.1838
25cj03	1	22	1	1	1.0000	1.0000	1.0000	NaN	4.9752	4.5190	15.1217	1021719.5358	1021719.8380	1.0000	1.0000	0.2224
25cj03	1	22	1	1	2.0000	1.0000	1.0000	0.3513	NaN	NaN	NaN	1021720.5646	1021720.9216	1.0000	1.0000	0.3395
25cj03	1	23	1	1	1.0000	1.0000	-1.0000	NaN	3.9964	-4.1426	14.5011	1021723.2342	1021723.5364	0.0000	1.0000	0.2373
25cj03	1	23	1	1	2.0000	1.0000	1.0000	0.0324	NaN	NaN	NaN	1021724.2783	1021724.6285	1.0000	1.0000	0.3444
25cj03	1	24	1	1	1.0000	1.0000	1.0000	NaN	3.4685	3.2663	16.5219	1021727.5059	1021727.8080	1.0000	1.0000	0.7808
25cj03	1	24	1	1	2.0000	1.0000	1.0000	0.3267	NaN	NaN	NaN	1021729.0780	1021729.4287	1.0000	1.0000	0.1046
25cj03	1	25	1	1	1.0000	1.0000	1.0000	NaN	1.5738	1.6472	15.0014	1021731.7749	1021732.0771	1.0000	1.0000	0.3204
25cj03	1	25	1	1	2.0000	1.0000	1.0000	0.2491	NaN	NaN	NaN	1021732.9177	1021733.2750	1.0000	1.0000	0.1946
25cj03	1	26	1	1	1.0000	1.0000	-1.0000	NaN	5.7989	-4.5348	16.9039	1021735.8422	1021736.1443	0.0000	1.0000	0.2361
25cj03	1	26	1	1	2.0000	1.0000	1.0000	0.1519	NaN	NaN	NaN	1021736.8693	1021737.2248	1.0000	1.0000	0.1003
25cj03	1	27	1	1	1.0000	1.0000	1.0000	NaN	4.1911	5.1342	15.9754	1021739.4743	1021739.7766	1.0000	1.0000	0.0918
25cj03	1	27	1	1	2.0000	1.0000	1.0000	0.1528	NaN	NaN	NaN	1021740.3933	1021740.7979	1.0000	1.0000	0.1749
25cj03	1	28	1	1	1.0000	1.0000	1.0000	NaN	1.4219	1.1716	15.8074	1021743.4186	1021743.7254	1.0000	1.0000	0.2870
25cj03	1	28	1	1	2.0000	1.0000	1.0000	0.3572	NaN	NaN	NaN	1021744.5364	1021744.9476	1.0000	1.0000	0.0568
25cj03	1	29	1	1	1.0000	1.0000	1.0000	NaN	0.8142	0.7090	14.8933	1021746.8196	1021747.1259	0.0000	0.0000	0.5511
25cj03	1	29	1	1	2.0000	1.0000	-1.0000	0.3945	NaN	NaN	NaN	1021748.1842	1021748.5993	1.0000	0.0000	0.1342
25cj03	1	30	1	1	1.0000	1.0000	-1.0000	NaN	5.5393	-6.9961	15.1984	1021750.6620	1021750.9668	0.0000	1.0000	0.3425
25cj03	1	30	1	1	2.0000	1.0000	1.0000	0.1453	NaN	NaN	NaN	1021751.8326	1021752.2486	1.0000	1.0000	0.0214
25cj03	1	31	1	1	1.0000	1.0000	-1.0000	NaN	1.2197	-1.8162	15.6206	1021754.8737	1021755.1782	0.0000	1.0000	0.4356
25cj03	1	31	1	1	2.0000	1.0000	1.0000	0.2376	NaN	NaN	NaN	1021756.1206	1021756.5296	1.0000	1.0000	0.1387
25cj03	1	32	1	1	1.0000	1.0000	-1.0000	NaN	2.8561	-4.1785	14.8180	1021759.2774	1021759.5796	0.0000	1.0000	0.1928
25cj03	1	32	1	1	2.0000	1.0000	1.0000	0.3744	NaN	NaN	NaN	1021760.2938	1021760.6463	1.0000	1.0000	0.0871
25cj03	1	33	1	1	1.0000	1.0000	1.0000	NaN	0.8032	0.8334	15.5701	1021762.9254	1021763.2276	1.0000	1.0000	0.7853
25cj03	1	33	1	1	2.0000	1.0000	1.0000	0.0267	NaN	NaN	NaN	1021764.5170	1021764.8733	1.0000	1.0000	0.1796
25cj03	1	34	1	1	1.0000	1.0000	1.0000	NaN	2.4612	3.4005	15.0098	1021767.1343	1021767.4374	1.0000	1.0000	0.1921
25cj03	1	34	1	1	2.0000	1.0000	1.0000	0.2922	NaN	NaN	NaN	1021768.1330	1021768.4896	1.0000	1.0000	0.4040
25cj03	1	35	1	1	1.0000	1.0000	-1.0000	NaN	2.5850	-4.2546	16.4330	1021771.2755	1021771.5777	0.0000	1.0000	0.2756
25cj03	1	35	1	1	2.0000	1.0000	1.0000	0.2609	NaN	NaN	NaN	1021772.3590	1021772.7092	1.0000	1.0000	0.2646
25cj03	1	36	1	1	1.0000	1.0000	-1.0000	NaN	3.0250	-4.9851	15.5638	1021775.0059	1021775.3081	0.0000	1.0000	0.2415
25cj03	1	36	1	1	2.0000	1.0000	1.0000	0.3805	NaN	NaN	NaN	1021776.0536	1021776.4073	1.0000	1.0000	0.1180
25cj03	1	37	1	1	1.0000	1.0000	-1.0000	NaN	3.9480	-3.6743	14.5412	1021778.5817	1021778.8838	1.0000	0.0000	0.5375
25cj03	1	37	1	1	2.0000	1.0000	-1.0000	0.3041	NaN	NaN	NaN	1021779.9258	1021780.2786	1.0000	0.0000	0.2142
25cj03	1	38	1	1	1.0000	1.0000	-1.0000	NaN	0.7758	-0.2367	13.8063	1021782.8708	1021783.1731	1.0000	0.0000	1.1600
25cj03	1	38	1	1	2.0000	1.0000	-1.0000	0.1052	NaN	NaN	NaN	1021784.8213	1021785.1736	1.0000	0.0000	0.2793
25cj03	1	39	1	1	1.0000	1.0000	-1.0000	NaN	1.0563	-1.6461	12.4243	1021787.6923	1021787.9968	1.0000	0.0000	0.9115
25cj03	1	39	1	1	2.0000	1.0000	-1.0000	0.1161	NaN	NaN	NaN	1021789.4005	1021789.8134	1.0000	0.0000	2.8875
25cj03	1	40	1	1	1.0000	1.0000	-1.0000	NaN	5.5271	-4.5077	14.7087	1021795.1269	1021795.4317	0.0000	1.0000	0.5010
25cj03	1	40	1	1	2.0000	1.0000	1.0000	0.4037	NaN	NaN	NaN	1021796.4430	1021796.8635	1.0000	1.0000	0.1580
25cj03	1	41	1	1	1.0000	1.0000	-1.0000	NaN	3.7515	-5.4134	14.2189	1021799.1235	1021799.4283	0.0000	1.0000	0.2335
25cj03	1	41	1	1	2.0000	1.0000	1.0000	0.3175	NaN	NaN	NaN	1021800.1682	1021800.5930	1.0000	1.0000	0.0006
25cj03	1	42	1	1	1.0000	1.0000	-1.0000	NaN	1.2593	-2.1991	15.4289	1021802.9566	1021803.2611	0.0000	1.0000	1.4717
25cj03	1	42	1	1	2.0000	1.0000	1.0000	0.0811	NaN	NaN	NaN	1021805.2746	1021805.6959	0.0000	0.0000	2.6364
25cj03	1	43	1	1	1.0000	1.0000	1.0000	NaN	4.0474	2.9008	13.6492	1021810.4920	1021810.7964	1.0000	1.0000	0.2576
25cj03	1	43	1	1	2.0000	1.0000	1.0000	0.0968	NaN	NaN	NaN	1021811.5450	1021811.9622	1.0000	1.0000	0.3873
25cj03	1	44	1	1	1.0000	1.0000	1.0000	NaN	0.7571	3.0081	15.2016	1021814.4315	1021814.7340	1.0000	1.0000	0.6863
25cj03	1	44	1	1	2.0000	1.0000	1.0000	0.0995	NaN	NaN	NaN	1021815.9094	1021816.2667	1.0000	1.0000	0.2751
25cj03	1	45	1	1	1.0000	1.0000	-1.0000	NaN	0.9455	-1.2730	15.1765	1021818.7475	1021819.0497	1.0000	0.0000	0.2916
25cj03	1	45	1	1	2.0000	1.0000	-1.0000	0.2785	NaN	NaN	NaN	1021819.8295	1021820.1829	1.0000	0.0000	0.1660
25cj03	1	46	1	1	1.0000	1.0000	-1.0000	NaN	2.7822	-3.0949	16.4593	1021822.7231	1021823.0252	0.0000	1.0000	0.3637
25cj03	1	46	1	1	2.0000	1.0000	1.0000	0.3475	NaN	NaN	NaN	1021823.8936	1021824.2496	1.0000	1.0000	0.8038
25cj03	1	47	1	1	1.0000	1.0000	1.0000	NaN	0.6386	1.2364	14.1368	1021827.0643	1021827.3668	1.0000	1.0000	0.2627
25cj03	1	47	1	1	2.0000	1.0000	1.0000	0.1744	NaN	NaN	NaN	1021828.1492	1021828.5035	1.0000	1.0000	0.8216
25cj03	1	48	1	1	1.0000	1.0000	1.0000	NaN	0.4097	0.7924	14.5839	1021831.6904	1021831.9927	1.0000	1.0000	0.3888
25cj03	1	48	1	1	2.0000	1.0000	1.0000	0.2237	NaN	NaN	NaN	1021832.8854	1021833.2378	1.0000	1.0000	0.1676
25cj03	1	49	1	1	1.0000	1.0000	-1.0000	NaN	1.0939	-0.7000	14.4791	1021835.9575	1021836.2620	0.0000	1.0000	0.2623
25cj03	1	49	1	1	2.0000	1.0000	1.0000	0.3643	NaN	NaN	NaN	1021837.0487	1021837.4610	1.0000	1.0000	0.1833
25cj03	1	50	1	1	1.0000	1.0000	1.0000	NaN	4.8236	3.7367	15.5834	1021839.8785	1021840.1849	1.0000	1.0000	0.2437
25cj03	1	50	1	1	2.0000	1.0000	1.0000	0.1414	NaN	NaN	NaN	1021840.9537	1021841.3738	1.0000	1.0000	0.1750
25cj03	2	1	1	1	1.0000	1.0000	1.0000	NaN	3.0848	2.2632	14.4448	1021851.8394	1021852.1438	1.0000	1.0000	0.3005
25cj03	2	1	1	1	2.0000	1.0000	1.0000	0.2563	NaN	NaN	NaN	1021852.9539	1021853.3719	1.0000	1.0000	0.2083
25cj03	2	2	1	1	1.0000	1.0000	1.0000	NaN	5.7369	3.5657	13.9969	1021855.7565	1021856.0610	1.0000	1.0000	0.7997
25cj03	2	2	1	1	2.0000	1.0000	1.0000	0.1519	NaN	NaN	NaN	1021857.3678	1021857.7887	1.0000	1.0000	0.0967
25cj03	2	3	1	1	1.0000	1.0000	-1.0000	NaN	4.1936	-1.9105	15.1199	1021860.3778	1021860.6840	0.0000	1.0000	0.3362
25cj03	2	3	1	1	2.0000	1.0000	1.0000	0.0938	NaN	NaN	NaN	1021861.5441	1021861.9597	1.0000	1.0000	0.1652
25cj03	2	4	1	1	1.0000	1.0000	1.0000	NaN	4.1715	3.2860	14.4680	1021864.3333	1021864.6377	1.0000	1.0000	0.6078
25cj03	2	4	1	1	2.0000	1.0000	1.0000	0.1319	NaN	NaN	NaN	1021865.7679	1021866.1879	1.0000	1.0000	0.0008
25cj03	2	5	1	1	1.0000	1.0000	-1.0000	NaN	0.8215	-0.5031	15.8242	1021868.0893	1021868.3937	0.0000	1.0000	0.4670
25cj03	2	5	1	1	2.0000	1.0000	1.0000	0.1445	NaN	NaN	NaN	1021869.3681	1021869.7798	1.0000	1.0000	0.3290
25cj03	2	6	1	1	1.0000	1.0000	-1.0000	NaN	2.7751	-2.5585	15.0697	1021872.6697	1021872.9740	0.0000	1.0000	0.3342
25cj03	2	6	1	1	2.0000	1.0000	1.0000	0.3087	NaN	NaN	NaN	1021873.8161	1021874.2024	1.0000	1.0000	0.8018
25cj03	2	7	1	1	1.0000	1.0000	1.0000	NaN	1.5801	4.1085	14.0783	1021877.2536	1021877.5558	1.0000	1.0000	0.2966
25cj03	2	7	1	1	2.0000	1.0000	1.0000	0.2474	NaN	NaN	NaN	1021878.3730	1021878.7302	1.0000	1.0000	0.6100
25cj03	2	8	1	1	1.0000	1.0000	-1.0000	NaN	3.9486	-5.1507	15.0884	1021881.8261	1021882.1311	0.0000	1.0000	0.2812
25cj03	2	8	1	1	2.0000	1.0000	1.0000	0.2447	NaN	NaN	NaN	1021882.9386	1021883.3586	1.0000	1.0000	0.6867
25cj03	2	9	1	1	1.0000	1.0000	-1.0000	NaN	2.3071	-3.8326	16.5287	1021886.3042	1021886.6090	0.0000	1.0000	0.7313
25cj03	2	9	1	1	2.0000	1.0000	1.0000	0.0807	NaN	NaN	NaN	1021887.8481	1021888.2720	1.0000	1.0000	0.1258
25cj03	2	10	1	1	1.0000	1.0000	-1.0000	NaN	1.5116	-1.5253	16.7159	1021890.6714	1021890.9759	1.0000	0.0000	0.5243
25cj03	2	10	1	1	2.0000	1.0000	-1.0000	0.3700	NaN	NaN	NaN	1021892.0242	1021892.4415	1.0000	0.0000	0.3558
25cj03	2	11	1	1	1.0000	1.0000	-1.0000	NaN	4.9416	-3.1678	13.4450	1021895.1182	1021895.4203	0.0000	1.0000	0.3370
25cj03	2	11	1	1	2.0000	1.0000	1.0000	0.0156	NaN	NaN	NaN	1021896.2615	1021896.6166	1.0000	1.0000	0.4036
25cj03	2	12	1	1	1.0000	1.0000	-1.0000	NaN	1.2991	-1.3957	15.3650	1021899.3693	1021899.6715	0.0000	1.0000	0.3411
25cj03	2	12	1	1	2.0000	1.0000	1.0000	0.0302	NaN	NaN	NaN	1021900.5176	1021900.8696	1.0000	1.0000	0.4399
25cj03	2	13	1	1	1.0000	1.0000	1.0000	NaN	4.8188	7.1591	15.1926	1021903.4829	1021903.7852	1.0000	1.0000	0.2122
25cj03	2	13	1	1	2.0000	1.0000	1.0000	0.2303	NaN	NaN	NaN	1021904.5187	1021904.8692	1.0000	1.0000	0.3277
25cj03	2	14	1	1	1.0000	1.0000	-1.0000	NaN	0.8298	-0.0405	14.6841	1021907.1568	1021907.4590	1.0000	0.0000	0.8582
25cj03	2	14	1	1	2.0000	1.0000	-1.0000	0.0861	NaN	NaN	NaN	1021908.8373	1021909.1884	1.0000	0.0000	0.1848
25cj03	2	15	1	1	1.0000	1.0000	-1.0000	NaN	2.1685	-2.7983	14.1400	1021911.8223	1021912.1245	0.0000	1.0000	0.2892
25cj03	2	15	1	1	2.0000	1.0000	1.0000	0.3889	NaN	NaN	NaN	1021912.9022	1021913.2522	1.0000	1.0000	0.3920
25cj03	2	16	1	1	1.0000	1.0000	-1.0000	NaN	4.9630	-6.0198	16.4462	1021915.7684	1021916.0707	0.0000	1.0000	0.3111
25cj03	2	16	1	1	2.0000	1.0000	1.0000	0.4224	NaN	NaN	NaN	1021916.8856	1021917.2383	1.0000	1.0000	0.2150
25cj03	2	17	1	1	1.0000	1.0000	-1.0000	NaN	0.8753	-1.6027	14.3804	1021919.6008	1021919.9030	0.0000	1.0000	0.8291
25cj03	2	17	1	1	2.0000	1.0000	1.0000	0.3448	NaN	NaN	NaN	1021921.2370	1021921.5882	1.0000	1.0000	0.2977
25cj03	2	18	1	1	1.0000	1.0000	1.0000	NaN	1.1646	3.2576	14.6597	1021924.4774	1021924.7808	1.0000	1.0000	0.2411
25cj03	2	18	1	1	2.0000	1.0000	1.0000	0.0449	NaN	NaN	NaN	1021925.5252	1021925.8820	1.0000	1.0000	0.1633
25cj03	2	19	1	1	1.0000	1.0000	-1.0000	NaN	0.2061	-1.8504	13.5842	1021927.8734	1021928.1757	0.0000	1.0000	0.3484
25cj03	2	19	1	1	2.0000	1.0000	1.0000	0.3825	NaN	NaN	NaN	1021929.0193	1021929.4397	1.0000	1.0000	0.3485
25cj03	2	20	1	1	1.0000	1.0000	-1.0000	NaN	3.5748	-4.5440	14.8076	1021931.8183	1021932.1231	0.0000	1.0000	0.2421
25cj03	2	20	1	1	2.0000	1.0000	1.0000	0.2363	NaN	NaN	NaN	1021932.8726	1021933.2901	1.0000	1.0000	0.0352
25cj03	2	21	1	1	1.0000	1.0000	-1.0000	NaN	2.3186	-1.8828	14.8129	1021935.7195	1021936.0243	0.0000	1.0000	1.1893
25cj03	2	21	1	1	2.0000	1.0000	1.0000	0.1937	NaN	NaN	NaN	1021937.7223	1021938.1398	1.0000	1.0000	0.0651
25cj03	2	22	1	1	1.0000	1.0000	-1.0000	NaN	3.7977	-2.7014	16.2318	1021940.6001	1021940.9050	0.0000	1.0000	0.2288
25cj03	2	22	1	1	2.0000	1.0000	1.0000	0.3329	NaN	NaN	NaN	1021941.6246	1021942.0391	1.0000	1.0000	0.0698
25cj03	2	23	1	1	1.0000	1.0000	1.0000	NaN	1.0277	1.5608	14.5532	1021944.4556	1021944.7600	1.0000	1.0000	0.9334
25cj03	2	23	1	1	2.0000	1.0000	1.0000	0.3650	NaN	NaN	NaN	1021946.2030	1021946.6221	1.0000	1.0000	0.0304
25cj03	2	24	1	1	1.0000	1.0000	1.0000	NaN	2.2741	3.9886	15.1583	1021948.7459	1021949.0503	1.0000	1.0000	0.2739
25cj03	2	24	1	1	2.0000	1.0000	1.0000	0.0463	NaN	NaN	NaN	1021949.8511	1021950.2769	1.0000	1.0000	0.0887
25cj03	2	25	1	1	1.0000	1.0000	-1.0000	NaN	0.0841	-0.4315	15.0183	1021952.8558	1021953.1602	1.0000	0.0000	0.2439
25cj03	2	25	1	1	2.0000	1.0000	-1.0000	0.2918	NaN	NaN	NaN	1021953.8800	1021954.2596	0.0000	1.0000	0.2170
25cj03	2	26	1	1	1.0000	1.0000	1.0000	NaN	4.9507	7.9979	14.6449	1021956.5677	1021956.8699	1.0000	1.0000	0.2631
25cj03	2	26	1	1	2.0000	1.0000	1.0000	0.0512	NaN	NaN	NaN	1021957.6213	1021957.9760	1.0000	1.0000	0.4204
25cj03	2	27	1	1	1.0000	1.0000	-1.0000	NaN	4.6908	-5.9871	14.5288	1021960.5135	1021960.8157	0.0000	1.0000	0.3169
25cj03	2	27	1	1	2.0000	1.0000	1.0000	0.3483	NaN	NaN	NaN	1021961.6364	1021961.9927	1.0000	1.0000	0.1165
25cj03	2	28	1	1	1.0000	1.0000	-1.0000	NaN	4.5535	-5.4272	15.2301	1021964.0079	1021964.3108	0.0000	1.0000	0.2453
25cj03	2	28	1	1	2.0000	1.0000	1.0000	0.2666	NaN	NaN	NaN	1021965.0773	1021965.4311	1.0000	1.0000	0.2458
25cj03	2	29	1	1	1.0000	1.0000	1.0000	NaN	3.8839	4.2954	14.2564	1021968.1344	1021968.4365	1.0000	1.0000	0.5516
25cj03	2	29	1	1	2.0000	1.0000	1.0000	0.2888	NaN	NaN	NaN	1021969.4931	1021969.8463	1.0000	1.0000	0.1498
25cj03	2	30	1	1	1.0000	1.0000	1.0000	NaN	2.5859	5.0961	14.3840	1021972.1041	1021972.4064	1.0000	1.0000	0.2618
25cj03	2	30	1	1	2.0000	1.0000	1.0000	0.3842	NaN	NaN	NaN	1021973.1732	1021973.5295	1.0000	1.0000	0.0358
25cj03	2	31	1	1	1.0000	1.0000	1.0000	NaN	4.8079	6.6289	14.2848	1021975.7469	1021976.0492	1.0000	1.0000	1.0030
25cj03	2	31	1	1	2.0000	1.0000	1.0000	0.2409	NaN	NaN	NaN	1021977.5758	1021977.9586	1.0000	1.0000	0.0007
25cj03	2	32	1	1	1.0000	1.0000	1.0000	NaN	0.5491	0.2731	14.5400	1021980.5241	1021980.8275	1.0000	1.0000	0.6086
25cj03	2	32	1	1	2.0000	1.0000	1.0000	0.1628	NaN	NaN	NaN	1021981.9413	1021982.2957	1.0000	1.0000	0.1650
25cj03	2	33	1	1	1.0000	1.0000	1.0000	NaN	4.8053	5.4189	13.8049	1021984.7434	1021985.0456	1.0000	1.0000	0.2625
25cj03	2	33	1	1	2.0000	1.0000	1.0000	0.2387	NaN	NaN	NaN	1021985.7985	1021986.1488	1.0000	1.0000	0.0005
25cj03	2	34	1	1	1.0000	1.0000	-1.0000	NaN	3.1438	-2.8841	15.2476	1021988.5319	1021988.8342	0.0000	1.0000	0.3459
25cj03	2	34	1	1	2.0000	1.0000	1.0000	0.2130	NaN	NaN	NaN	1021989.6843	1021990.0413	1.0000	1.0000	0.4032
25cj03	2	35	1	1	1.0000	1.0000	1.0000	NaN	5.5043	4.2127	13.6736	1021992.5277	1021992.8300	1.0000	1.0000	0.2381
25cj03	2	35	1	1	2.0000	1.0000	1.0000	0.0780	NaN	NaN	NaN	1021993.5724	1021993.9285	1.0000	1.0000	0.1488
25cj03	2	36	1	1	1.0000	1.0000	1.0000	NaN	4.6275	4.9732	14.9463	1021996.1333	1021996.4355	1.0000	1.0000	0.2497
25cj03	2	36	1	1	2.0000	1.0000	1.0000	0.1614	NaN	NaN	NaN	1021997.1733	1021997.5283	1.0000	1.0000	0.1158
25cj03	2	37	1	1	1.0000	1.0000	1.0000	NaN	4.1007	2.9923	16.1715	1021999.7517	1022000.0539	0.0000	0.0000	1.3673
25cj03	2	37	1	1	2.0000	1.0000	-1.0000	0.2345	NaN	NaN	NaN	1022001.9252	1022002.2793	1.0000	0.0000	0.0219
25cj03	2	38	1	1	1.0000	1.0000	-1.0000	NaN	4.9795	-5.0705	13.6913	1022004.2610	1022004.5632	0.0000	1.0000	0.2329
25cj03	2	38	1	1	2.0000	1.0000	1.0000	0.2737	NaN	NaN	NaN	1022005.3012	1022005.6572	1.0000	1.0000	0.3244
25cj03	2	39	1	1	1.0000	1.0000	-1.0000	NaN	3.0405	-1.5772	14.9379	1022008.5874	1022008.8896	0.0000	1.0000	0.5309
25cj03	2	39	1	1	2.0000	1.0000	1.0000	0.0142	NaN	NaN	NaN	1022009.9249	1022010.2790	1.0000	1.0000	0.0005
25cj03	2	40	1	1	1.0000	1.0000	-1.0000	NaN	4.3183	-1.6313	15.1277	1022012.1673	1022012.4695	1.0000	0.0000	1.0156
25cj03	2	40	1	1	2.0000	1.0000	-1.0000	0.0520	NaN	NaN	NaN	1022014.0048	1022014.3609	0.0000	1.0000	0.0362
25cj03	2	41	1	1	1.0000	1.0000	1.0000	NaN	0.1500	1.0546	15.5193	1022016.5894	1022016.8928	0.0000	0.0000	1.6153
25cj03	2	41	1	1	2.0000	1.0000	-1.0000	0.1329	NaN	NaN	NaN	1022019.0136	1022019.3669	1.0000	0.0000	0.0005
25cj03	2	42	1	1	1.0000	1.0000	1.0000	NaN	2.7779	1.3120	15.4273	1022021.6474	1022021.9496	0.0000	0.0000	1.8384
25cj03	2	42	1	1	2.0000	1.0000	-1.0000	0.2602	NaN	NaN	NaN	1022024.2985	1022024.7169	1.0000	0.0000	0.2726
25cj03	2	43	1	1	1.0000	1.0000	-1.0000	NaN	5.8078	-5.9796	13.9129	1022027.0472	1022027.3510	0.0000	1.0000	0.2457
25cj03	2	43	1	1	2.0000	1.0000	1.0000	0.3412	NaN	NaN	NaN	1022028.1047	1022028.5181	1.0000	1.0000	0.0070
25cj03	2	44	1	1	1.0000	1.0000	-1.0000	NaN	1.6579	-0.5300	14.5872	1022030.6817	1022030.9862	1.0000	0.0000	1.2674
25cj03	2	44	1	1	2.0000	1.0000	-1.0000	0.4211	NaN	NaN	NaN	1022032.7594	1022033.1797	1.0000	0.0000	3.3444
25cj03	2	45	1	1	1.0000	1.0000	-1.0000	NaN	3.3846	-2.6222	13.9897	1022038.9075	1022039.2119	0.0000	1.0000	0.4650
25cj03	2	45	1	1	2.0000	1.0000	1.0000	0.0141	NaN	NaN	NaN	1022040.2002	1022040.6175	1.0000	1.0000	0.0516
25cj03	2	46	1	1	1.0000	1.0000	-1.0000	NaN	4.0259	-3.2004	15.9041	1022042.8609	1022043.1653	1.0000	0.0000	0.7998
25cj03	2	46	1	1	2.0000	1.0000	-1.0000	0.0951	NaN	NaN	NaN	1022044.4561	1022044.8672	1.0000	0.0000	3.0492
25cj03	2	47	1	1	1.0000	1.0000	-1.0000	NaN	6.0770	-5.8750	15.3216	1022050.2634	1022050.5679	0.0000	1.0000	0.2926
25cj03	2	47	1	1	2.0000	1.0000	1.0000	0.4067	NaN	NaN	NaN	1022051.3845	1022051.7998	1.0000	1.0000	0.0683
25cj03	2	48	1	1	1.0000	1.0000	1.0000	NaN	4.4877	5.3989	14.9533	1022053.9841	1022054.2891	1.0000	1.0000	0.2669
25cj03	2	48	1	1	2.0000	1.0000	1.0000	0.0814	NaN	NaN	NaN	1022055.0657	1022055.4713	1.0000	1.0000	0.0007
25cj03	2	49	1	1	1.0000	1.0000	-1.0000	NaN	4.4663	-6.1266	14.2828	1022057.8761	1022058.1783	0.0000	1.0000	0.2336
25cj03	2	49	1	1	2.0000	1.0000	1.0000	0.0660	NaN	NaN	NaN	1022058.9004	1022059.2545	1.0000	1.0000	0.0007
25cj03	2	50	1	1	1.0000	1.0000	-1.0000	NaN	0.0696	-1.1070	13.4741	1022061.3285	1022061.6307	0.0000	1.0000	1.8693
25cj03	2	50	1	1	2.0000	1.0000	1.0000	0.0321	NaN	NaN	NaN	1022064.0044	1022064.3582	1.0000	1.0000	0.0389
25cj03	3	1	1	1	1.0000	1.0000	1.0000	NaN	4.1049	4.6233	14.1463	1022070.3039	1022070.6099	1.0000	1.0000	0.5381
25cj03	3	1	1	1	2.0000	1.0000	1.0000	0.2832	NaN	NaN	NaN	1022071.6402	1022072.0486	1.0000	1.0000	0.4118
25cj03	3	2	1	1	1.0000	1.0000	1.0000	NaN	2.3311	3.2659	14.3116	1022074.6001	1022074.9065	1.0000	1.0000	0.7855
25cj03	3	2	1	1	2.0000	1.0000	1.0000	0.2755	NaN	NaN	NaN	1022076.2001	1022076.6303	1.0000	1.0000	0.0709
25cj03	3	3	1	1	1.0000	1.0000	-1.0000	NaN	5.0212	-6.2613	12.7731	1022078.8171	1022079.1234	0.0000	1.0000	0.2179
25cj03	3	3	1	1	2.0000	1.0000	1.0000	0.2963	NaN	NaN	NaN	1022079.8481	1022080.2655	1.0000	1.0000	0.2912
25cj03	3	4	1	1	1.0000	1.0000	-1.0000	NaN	2.2222	-1.6153	14.8353	1022083.0804	1022083.3847	1.0000	0.0000	1.1872
25cj03	3	4	1	1	2.0000	1.0000	-1.0000	0.3532	NaN	NaN	NaN	1022085.0812	1022085.4985	1.0000	0.0000	0.0005
25cj03	3	5	1	1	1.0000	1.0000	-1.0000	NaN	2.4677	-1.7028	14.8676	1022087.7282	1022088.0327	1.0000	0.0000	1.0519
25cj03	3	5	1	1	2.0000	1.0000	-1.0000	0.0096	NaN	NaN	NaN	1022089.5950	1022089.9797	0.0000	1.0000	0.0491
25cj03	3	6	1	1	1.0000	1.0000	1.0000	NaN	3.4559	2.5128	13.8059	1022092.3208	1022092.6230	1.0000	1.0000	0.6530
25cj03	3	6	1	1	2.0000	1.0000	1.0000	0.2902	NaN	NaN	NaN	1022093.7649	1022094.1192	1.0000	1.0000	0.1499
25cj03	3	7	1	1	1.0000	1.0000	-1.0000	NaN	2.7162	-2.5006	14.7495	1022096.8025	1022097.1055	0.0000	1.0000	1.3229
25cj03	3	7	1	1	2.0000	1.0000	1.0000	0.1398	NaN	NaN	NaN	1022098.9329	1022099.2899	1.0000	1.0000	0.2274
25cj03	3	8	1	1	1.0000	1.0000	1.0000	NaN	0.1045	0.5954	16.2616	1022101.9897	1022102.2918	1.0000	1.0000	0.4894
25cj03	3	8	1	1	2.0000	1.0000	1.0000	0.0763	NaN	NaN	NaN	1022103.3010	1022103.6561	1.0000	1.0000	0.0999
25cj03	3	9	1	1	1.0000	1.0000	1.0000	NaN	4.1702	4.3931	13.7933	1022105.9217	1022106.2240	1.0000	1.0000	1.4360
25cj03	3	9	1	1	2.0000	1.0000	1.0000	0.3882	NaN	NaN	NaN	1022108.1484	1022108.5018	1.0000	1.0000	0.0072
25cj03	3	10	1	1	1.0000	1.0000	-1.0000	NaN	0.8361	-0.9384	14.0218	1022110.5247	1022110.8269	1.0000	0.0000	1.2177
25cj03	3	10	1	1	2.0000	1.0000	-1.0000	0.3281	NaN	NaN	NaN	1022112.5494	1022112.9059	1.0000	0.0000	0.0352
25cj03	3	11	1	1	1.0000	1.0000	-1.0000	NaN	2.5949	-2.6485	15.2171	1022115.1068	1022115.4090	0.0000	1.0000	1.8670
25cj03	3	11	1	1	2.0000	1.0000	1.0000	0.3378	NaN	NaN	NaN	1022117.7835	1022118.1969	1.0000	1.0000	0.0006
25cj03	3	12	1	1	1.0000	1.0000	1.0000	NaN	1.5683	3.3286	14.4527	1022120.5220	1022120.8243	1.0000	1.0000	0.3717
25cj03	3	12	1	1	2.0000	1.0000	1.0000	0.2904	NaN	NaN	NaN	1022121.7005	1022122.0554	1.0000	1.0000	0.0050
25cj03	3	13	1	1	1.0000	1.0000	1.0000	NaN	1.7651	0.6887	14.3383	1022124.6684	1022124.9708	0.0000	0.0000	1.0415
25cj03	3	13	1	1	2.0000	1.0000	-1.0000	0.1222	NaN	NaN	NaN	1022126.5012	1022126.8552	1.0000	0.0000	0.0006
25cj03	3	14	1	1	1.0000	1.0000	1.0000	NaN	2.2906	1.1675	13.4269	1022129.3915	1022129.6937	1.0000	1.0000	1.3910
25cj03	3	14	1	1	2.0000	1.0000	1.0000	0.3906	NaN	NaN	NaN	1022131.6048	1022131.9561	0.0000	0.0000	0.0734
25cj03	3	15	1	1	1.0000	1.0000	-1.0000	NaN	1.2597	-1.7662	14.9360	1022134.1299	1022134.4321	0.0000	1.0000	0.6199
25cj03	3	15	1	1	2.0000	1.0000	1.0000	0.0377	NaN	NaN	NaN	1022135.5743	1022135.9245	1.0000	1.0000	0.0005
25cj03	3	16	1	1	1.0000	1.0000	-1.0000	NaN	4.2562	-3.0866	14.1788	1022138.1087	1022138.4109	0.0000	1.0000	0.3701
25cj03	3	16	1	1	2.0000	1.0000	1.0000	0.2741	NaN	NaN	NaN	1022139.2847	1022139.6391	1.0000	1.0000	0.0006
25cj03	3	17	1	1	1.0000	1.0000	-1.0000	NaN	1.5750	-2.4124	14.6894	1022141.9385	1022142.2407	0.0000	1.0000	1.0837
25cj03	3	17	1	1	2.0000	1.0000	1.0000	0.2263	NaN	NaN	NaN	1022143.8130	1022144.1667	1.0000	1.0000	0.0007
25cj03	3	18	1	1	1.0000	1.0000	1.0000	NaN	0.1890	2.2214	14.6390	1022146.1819	1022146.4849	1.0000	1.0000	0.2640
25cj03	3	18	1	1	2.0000	1.0000	1.0000	0.0905	NaN	NaN	NaN	1022147.2366	1022147.5887	1.0000	1.0000	0.4087
25cj03	3	19	1	1	1.0000	1.0000	1.0000	NaN	1.7245	0.8076	15.2658	1022150.2539	1022150.5560	1.0000	1.0000	0.9439
25cj03	3	19	1	1	2.0000	1.0000	1.0000	0.1468	NaN	NaN	NaN	1022151.9899	1022152.3403	0.0000	0.0000	0.5516
25cj03	3	20	1	1	1.0000	1.0000	-1.0000	NaN	2.7521	-1.7574	15.3497	1022155.0229	1022155.3250	0.0000	1.0000	0.6073
25cj03	3	20	1	1	2.0000	1.0000	1.0000	0.4111	NaN	NaN	NaN	1022156.4365	1022156.7883	1.0000	1.0000	0.0076
25cj03	3	21	1	1	1.0000	1.0000	1.0000	NaN	0.0596	0.1210	15.2011	1022159.4242	1022159.7264	0.0000	0.0000	1.0701
25cj03	3	21	1	1	2.0000	1.0000	-1.0000	0.0962	NaN	NaN	NaN	1022161.2851	1022161.6380	1.0000	0.0000	0.1517
25cj03	3	22	1	1	1.0000	1.0000	-1.0000	NaN	4.0174	-3.9768	13.4276	1022164.2490	1022164.5550	0.0000	1.0000	0.6100
25cj03	3	22	1	1	2.0000	1.0000	1.0000	0.4158	NaN	NaN	NaN	1022165.6583	1022166.0755	1.0000	1.0000	0.0975
25cj03	3	23	1	1	1.0000	1.0000	-1.0000	NaN	4.5887	-5.3228	14.8179	1022168.1902	1022168.4940	0.0000	1.0000	0.5899
25cj03	3	23	1	1	2.0000	1.0000	1.0000	0.0553	NaN	NaN	NaN	1022169.5764	1022169.9595	1.0000	1.0000	0.0005
25cj03	3	24	1	1	1.0000	1.0000	1.0000	NaN	0.4285	0.4196	15.1870	1022171.8153	1022172.1184	0.0000	0.0000	1.5255
25cj03	3	24	1	1	2.0000	1.0000	-1.0000	0.2788	NaN	NaN	NaN	1022174.1329	1022174.4874	0.0000	1.0000	0.0537
25cj03	3	25	1	1	1.0000	1.0000	-1.0000	NaN	0.6324	-0.3457	14.1873	1022176.6168	1022176.9190	1.0000	0.0000	0.9329
25cj03	3	25	1	1	2.0000	1.0000	-1.0000	0.0790	NaN	NaN	NaN	1022178.3568	1022178.7086	1.0000	0.0000	0.2633
25cj03	3	26	1	1	1.0000	1.0000	-1.0000	NaN	6.0336	-4.5236	14.9979	1022181.4362	1022181.7383	0.0000	1.0000	0.6736
25cj03	3	26	1	1	2.0000	1.0000	1.0000	0.1864	NaN	NaN	NaN	1022182.9011	1022183.2536	1.0000	1.0000	0.0391
25cj03	3	27	1	1	1.0000	1.0000	-1.0000	NaN	0.3172	-1.8989	15.0367	1022185.6012	1022185.9034	1.0000	0.0000	0.8771
25cj03	3	27	1	1	2.0000	1.0000	-1.0000	0.2925	NaN	NaN	NaN	1022187.2856	1022187.6367	1.0000	0.0000	0.1362
25cj03	3	28	1	1	1.0000	1.0000	1.0000	NaN	0.3240	1.0959	16.4777	1022189.8165	1022190.1186	0.0000	0.0000	0.6618
25cj03	3	28	1	1	2.0000	1.0000	-1.0000	0.2026	NaN	NaN	NaN	1022191.2852	1022191.6365	1.0000	0.0000	0.1994
25cj03	3	29	1	1	1.0000	1.0000	-1.0000	NaN	4.7105	-4.7541	14.8728	1022194.3279	1022194.6301	0.0000	1.0000	1.3032
25cj03	3	29	1	1	2.0000	1.0000	1.0000	0.3442	NaN	NaN	NaN	1022196.4053	1022196.7578	0.0000	0.0000	0.4548
25cj03	3	30	1	1	1.0000	1.0000	1.0000	NaN	5.2314	4.6793	15.3896	1022199.7740	1022200.0762	1.0000	1.0000	0.4324
25cj03	3	30	1	1	2.0000	1.0000	1.0000	0.1177	NaN	NaN	NaN	1022201.0128	1022201.3681	1.0000	1.0000	0.4853
25cj03	3	31	1	1	1.0000	1.0000	-1.0000	NaN	3.3458	-3.0545	13.2454	1022204.4758	1022204.7780	0.0000	1.0000	0.5618
25cj03	3	31	1	1	2.0000	1.0000	1.0000	0.1236	NaN	NaN	NaN	1022205.8448	1022206.2012	1.0000	1.0000	0.3556
25cj03	3	32	1	1	1.0000	1.0000	1.0000	NaN	4.3097	4.6415	14.5468	1022208.9872	1022209.2909	1.0000	1.0000	0.7067
25cj03	3	32	1	1	2.0000	1.0000	1.0000	0.2054	NaN	NaN	NaN	1022210.5063	1022210.9233	1.0000	1.0000	0.3059
25cj03	3	33	1	1	1.0000	1.0000	-1.0000	NaN	4.9605	-3.4220	15.2170	1022213.6932	1022213.9973	0.0000	1.0000	1.6145
25cj03	3	33	1	1	2.0000	1.0000	1.0000	0.2303	NaN	NaN	NaN	1022216.1224	1022216.5425	1.0000	1.0000	0.6213
25cj03	3	34	1	1	1.0000	1.0000	-1.0000	NaN	0.0787	-1.3686	15.7493	1022219.1340	1022219.4388	0.0000	1.0000	1.1658
25cj03	3	34	1	1	2.0000	1.0000	1.0000	0.3369	NaN	NaN	NaN	1022221.1282	1022221.5184	1.0000	1.0000	0.3834
25cj03	3	35	1	1	1.0000	1.0000	1.0000	NaN	6.0819	7.4041	13.0548	1022224.4169	1022224.7190	1.0000	1.0000	0.3488
25cj03	3	35	1	1	2.0000	1.0000	1.0000	0.0154	NaN	NaN	NaN	1022225.5884	1022225.9396	1.0000	1.0000	0.4088
25cj03	3	36	1	1	1.0000	1.0000	1.0000	NaN	3.8264	3.3898	13.5657	1022228.5548	1022228.8570	1.0000	1.0000	1.1868
25cj03	3	36	1	1	2.0000	1.0000	1.0000	0.1511	NaN	NaN	NaN	1022230.5645	1022230.9179	0.0000	0.0000	0.4386
25cj03	3	37	1	1	1.0000	1.0000	1.0000	NaN	0.1940	0.3609	14.5899	1022233.4694	1022233.7715	1.0000	1.0000	0.6409
25cj03	3	37	1	1	2.0000	1.0000	1.0000	0.3551	NaN	NaN	NaN	1022234.9171	1022235.2677	1.0000	1.0000	0.3448
25cj03	3	38	1	1	1.0000	1.0000	-1.0000	NaN	2.1076	-2.5504	14.4932	1022237.7260	1022238.0282	0.0000	1.0000	0.2889
25cj03	3	38	1	1	2.0000	1.0000	1.0000	0.3767	NaN	NaN	NaN	1022238.8210	1022239.1721	1.0000	1.0000	0.3610
25cj03	3	39	1	1	1.0000	1.0000	1.0000	NaN	1.8887	4.8161	16.3213	1022241.4160	1022241.7181	1.0000	1.0000	0.2457
25cj03	3	39	1	1	2.0000	1.0000	1.0000	0.1054	NaN	NaN	NaN	1022242.4857	1022242.8358	1.0000	1.0000	0.5691
25cj03	3	40	1	1	1.0000	1.0000	-1.0000	NaN	2.9142	-1.9603	13.9280	1022245.5368	1022245.8391	0.0000	1.0000	1.2459
25cj03	3	40	1	1	2.0000	1.0000	1.0000	0.2421	NaN	NaN	NaN	1022247.5886	1022247.9451	1.0000	1.0000	0.3707
25cj03	3	41	1	1	1.0000	1.0000	-1.0000	NaN	3.8708	-4.4630	15.5722	1022250.2901	1022250.5922	0.0000	1.0000	0.2355
25cj03	3	41	1	1	2.0000	1.0000	1.0000	0.1935	NaN	NaN	NaN	1022251.3343	1022251.6853	1.0000	1.0000	0.2635
25cj03	3	42	1	1	1.0000	1.0000	-1.0000	NaN	4.0763	-4.4641	15.1274	1022253.9377	1022254.2399	0.0000	1.0000	0.3164
25cj03	3	42	1	1	2.0000	1.0000	1.0000	0.0186	NaN	NaN	NaN	1022255.0640	1022255.4867	1.0000	1.0000	0.0451
25cj03	3	43	1	1	1.0000	1.0000	1.0000	NaN	1.3256	2.9394	16.1796	1022257.3811	1022257.6854	1.0000	1.0000	0.4864
25cj03	3	43	1	1	2.0000	1.0000	1.0000	0.4201	NaN	NaN	NaN	1022258.6798	1022259.0899	1.0000	1.0000	0.3786
25cj03	3	44	1	1	1.0000	1.0000	-1.0000	NaN	2.6001	-1.5674	16.5077	1022261.8137	1022262.1184	0.0000	1.0000	0.2934
25cj03	3	44	1	1	2.0000	1.0000	1.0000	0.2690	NaN	NaN	NaN	1022262.9226	1022263.3396	1.0000	1.0000	0.4007
25cj03	3	45	1	1	1.0000	1.0000	-1.0000	NaN	4.9404	-5.0938	14.7231	1022265.8075	1022266.1137	0.0000	1.0000	0.3621
25cj03	3	45	1	1	2.0000	1.0000	1.0000	0.2168	NaN	NaN	NaN	1022266.9863	1022267.4061	1.0000	1.0000	0.3977
25cj03	3	46	1	1	1.0000	1.0000	1.0000	NaN	4.7717	4.9637	15.1829	1022270.2037	1022270.5081	1.0000	1.0000	0.2557
25cj03	3	46	1	1	2.0000	1.0000	1.0000	0.1295	NaN	NaN	NaN	1022271.2885	1022271.6772	1.0000	1.0000	0.4466
25cj03	3	47	1	1	1.0000	1.0000	1.0000	NaN	2.8527	3.3582	14.6796	1022274.2324	1022274.5346	1.0000	1.0000	0.2786
25cj03	3	47	1	1	2.0000	1.0000	1.0000	0.0005	NaN	NaN	NaN	1022275.3341	1022275.6840	1.0000	1.0000	0.4083
25cj03	3	48	1	1	1.0000	1.0000	1.0000	NaN	2.2232	3.0054	13.7304	1022278.3487	1022278.6510	1.0000	1.0000	0.2408
25cj03	3	48	1	1	2.0000	1.0000	1.0000	0.2046	NaN	NaN	NaN	1022279.3818	1022279.7340	1.0000	1.0000	0.9190
25cj03	3	49	1	1	1.0000	1.0000	-1.0000	NaN	0.4144	-1.0603	14.0580	1022282.9711	1022283.2733	0.0000	1.0000	0.2595
25cj03	3	49	1	1	2.0000	1.0000	1.0000	0.1763	NaN	NaN	NaN	1022284.0367	1022284.3933	1.0000	1.0000	0.2437
25cj03	3	50	1	1	1.0000	1.0000	-1.0000	NaN	3.5619	-3.1545	14.0081	1022287.0131	1022287.3153	0.0000	1.0000	0.9850
25cj03	3	50	1	1	2.0000	1.0000	1.0000	0.0843	NaN	NaN	NaN	1022288.7881	1022289.1429	1.0000	1.0000	0.3263
25cj03	4	1	1	1	1.0000	1.0000	1.0000	NaN	5.5319	5.2144	14.4065	1022295.2086	1022295.5122	1.0000	1.0000	0.2767
25cj03	4	1	1	1	2.0000	1.0000	1.0000	0.2703	NaN	NaN	NaN	1022296.2761	1022296.6300	1.0000	1.0000	0.2623
25cj03	4	2	1	1	1.0000	1.0000	1.0000	NaN	0.0255	0.3393	13.9463	1022299.1464	1022299.4509	1.0000	1.0000	0.5135
25cj03	4	2	1	1	2.0000	1.0000	1.0000	0.0630	NaN	NaN	NaN	1022300.4710	1022300.8873	1.0000	1.0000	0.3095
25cj03	4	3	1	1	1.0000	1.0000	-1.0000	NaN	2.0396	-1.1208	17.2468	1022303.2629	1022303.5651	1.0000	0.0000	0.5586
25cj03	4	3	1	1	2.0000	1.0000	-1.0000	0.0160	NaN	NaN	NaN	1022304.6291	1022304.9808	1.0000	0.0000	0.3433
25cj03	4	4	1	1	1.0000	1.0000	-1.0000	NaN	1.2167	-0.7412	14.5032	1022307.6656	1022307.9678	1.0000	0.0000	0.6839
25cj03	4	4	1	1	2.0000	1.0000	-1.0000	0.2724	NaN	NaN	NaN	1022309.1562	1022309.5127	1.0000	0.0000	0.3230
25cj03	4	5	1	1	1.0000	1.0000	-1.0000	NaN	0.8219	-0.0767	14.7315	1022312.1967	1022312.4990	0.0000	1.0000	0.7620
25cj03	4	5	1	1	2.0000	1.0000	1.0000	0.0873	NaN	NaN	NaN	1022313.7654	1022314.1155	1.0000	1.0000	0.3125
25cj03	4	6	1	1	1.0000	1.0000	1.0000	NaN	4.4805	4.4954	14.4146	1022316.6120	1022316.9143	1.0000	1.0000	0.2501
25cj03	4	6	1	1	2.0000	1.0000	1.0000	0.4267	NaN	NaN	NaN	1022317.6684	1022318.0249	0.0000	0.0000	0.3074
25cj03	4	7	1	1	1.0000	1.0000	-1.0000	NaN	1.9108	-2.6429	14.7263	1022320.6452	1022320.9474	0.0000	1.0000	0.4256
25cj03	4	7	1	1	2.0000	1.0000	1.0000	0.3751	NaN	NaN	NaN	1022321.8607	1022322.2133	1.0000	1.0000	0.3440
25cj03	4	8	1	1	1.0000	1.0000	1.0000	NaN	2.9973	3.6928	14.1307	1022324.6313	1022324.9334	1.0000	1.0000	0.2943
25cj03	4	8	1	1	2.0000	1.0000	1.0000	0.2314	NaN	NaN	NaN	1022325.7167	1022326.0674	1.0000	1.0000	0.3607
25cj03	4	9	1	1	1.0000	1.0000	1.0000	NaN	2.1993	2.4093	14.6391	1022328.3282	1022328.6304	1.0000	1.0000	0.2613
25cj03	4	9	1	1	2.0000	1.0000	1.0000	0.0038	NaN	NaN	NaN	1022329.3981	1022329.7513	1.0000	1.0000	0.3089
25cj03	4	10	1	1	1.0000	1.0000	-1.0000	NaN	4.7723	-4.9661	14.5629	1022332.5593	1022332.8615	0.0000	1.0000	0.3022
25cj03	4	10	1	1	2.0000	1.0000	1.0000	0.2843	NaN	NaN	NaN	1022333.6680	1022334.0241	1.0000	1.0000	0.3564
25cj03	4	11	1	1	1.0000	1.0000	1.0000	NaN	0.6161	1.7978	14.6974	1022336.6817	1022336.9840	0.0000	0.0000	0.5957
25cj03	4	11	1	1	2.0000	1.0000	-1.0000	0.4074	NaN	NaN	NaN	1022338.0848	1022338.4405	1.0000	0.0000	0.3243
25cj03	4	12	1	1	1.0000	1.0000	-1.0000	NaN	3.1813	-5.3086	14.9619	1022341.3601	1022341.6623	0.0000	1.0000	0.2546
25cj03	4	12	1	1	2.0000	1.0000	1.0000	0.0838	NaN	NaN	NaN	1022342.4365	1022342.7901	1.0000	1.0000	0.3416
25cj03	4	13	1	1	1.0000	1.0000	1.0000	NaN	3.2170	1.7786	16.0562	1022344.9391	1022345.2426	0.0000	0.0000	1.3298
25cj03	4	13	1	1	2.0000	1.0000	-1.0000	0.2496	NaN	NaN	NaN	1022347.0821	1022347.4639	1.0000	0.0000	0.3238
25cj03	4	14	1	1	1.0000	1.0000	1.0000	NaN	2.9792	3.1978	14.9645	1022350.0881	1022350.3910	1.0000	1.0000	1.0932
25cj03	4	14	1	1	2.0000	1.0000	1.0000	0.0909	NaN	NaN	NaN	1022352.0046	1022352.3606	1.0000	1.0000	0.3883
25cj03	4	15	1	1	1.0000	1.0000	1.0000	NaN	5.9439	5.2048	15.1015	1022354.7051	1022355.0083	1.0000	1.0000	0.3325
25cj03	4	15	1	1	2.0000	1.0000	1.0000	0.0988	NaN	NaN	NaN	1022355.8298	1022356.1801	1.0000	1.0000	0.3771
25cj03	4	16	1	1	1.0000	1.0000	1.0000	NaN	0.3786	0.1433	14.2943	1022358.9708	1022359.2734	1.0000	1.0000	0.6423
25cj03	4	16	1	1	2.0000	1.0000	1.0000	0.0643	NaN	NaN	NaN	1022360.4040	1022360.7601	1.0000	1.0000	0.3241
25cj03	4	17	1	1	1.0000	1.0000	1.0000	NaN	2.9160	1.8602	15.2108	1022363.5264	1022363.8285	1.0000	1.0000	0.4246
25cj03	4	17	1	1	2.0000	1.0000	1.0000	0.1862	NaN	NaN	NaN	1022364.7728	1022365.1266	1.0000	1.0000	0.2941
25cj03	4	18	1	1	1.0000	1.0000	1.0000	NaN	3.1211	0.7267	14.4660	1022367.6529	1022367.9551	0.0000	0.0000	0.8886
25cj03	4	18	1	1	2.0000	1.0000	-1.0000	0.0070	NaN	NaN	NaN	1022369.3321	1022369.6890	0.0000	1.0000	0.6910
25cj03	4	19	1	1	1.0000	1.0000	1.0000	NaN	3.3654	3.7760	15.5224	1022372.2640	1022372.5662	1.0000	1.0000	1.0627
25cj03	4	19	1	1	2.0000	1.0000	1.0000	0.1754	NaN	NaN	NaN	1022374.1165	1022374.4719	1.0000	1.0000	0.3253
25cj03	4	20	1	1	1.0000	1.0000	1.0000	NaN	3.8863	2.3671	15.7291	1022376.9190	1022377.2213	1.0000	1.0000	0.2464
25cj03	4	20	1	1	2.0000	1.0000	1.0000	0.0226	NaN	NaN	NaN	1022377.9568	1022378.3105	1.0000	1.0000	0.3411
25cj03	4	21	1	1	1.0000	1.0000	-1.0000	NaN	0.8521	-0.2339	15.8356	1022381.1106	1022381.4128	1.0000	0.0000	1.4468
25cj03	4	21	1	1	2.0000	1.0000	-1.0000	0.2010	NaN	NaN	NaN	1022383.3648	1022383.7216	1.0000	0.0000	0.2425
25cj03	4	22	1	1	1.0000	1.0000	1.0000	NaN	2.9133	3.0473	15.6655	1022386.0478	1022386.3499	1.0000	1.0000	0.4631
25cj03	4	22	1	1	2.0000	1.0000	1.0000	0.3229	NaN	NaN	NaN	1022387.3171	1022387.6712	1.0000	1.0000	0.3889
25cj03	4	23	1	1	1.0000	1.0000	1.0000	NaN	3.3195	6.5335	15.0421	1022390.5956	1022390.8993	0.0000	0.0000	0.9523
25cj03	4	23	1	1	2.0000	1.0000	-1.0000	0.1613	NaN	NaN	NaN	1022392.3623	1022392.7376	1.0000	0.0000	0.3307
25cj03	4	24	1	1	1.0000	1.0000	1.0000	NaN	4.4758	4.0846	14.4138	1022395.3808	1022395.6830	1.0000	1.0000	0.9366
25cj03	4	24	1	1	2.0000	1.0000	1.0000	0.0198	NaN	NaN	NaN	1022397.1239	1022397.4762	1.0000	1.0000	0.3114
25cj03	4	25	1	1	1.0000	1.0000	1.0000	NaN	2.3425	0.5750	12.9337	1022400.2706	1022400.5736	1.0000	1.0000	1.5996
25cj03	4	25	1	1	2.0000	1.0000	1.0000	0.0044	NaN	NaN	NaN	1022402.6610	1022403.0107	1.0000	1.0000	0.7141
25cj03	4	26	1	1	1.0000	1.0000	-1.0000	NaN	0.3808	-3.8556	16.5802	1022405.7098	1022406.0120	0.0000	1.0000	0.1922
25cj03	4	26	1	1	2.0000	1.0000	1.0000	0.4103	NaN	NaN	NaN	1022406.7260	1022407.0776	1.0000	1.0000	0.5986
25cj03	4	27	1	1	1.0000	1.0000	-1.0000	NaN	3.7087	-3.9831	15.3025	1022410.1747	1022410.4768	0.0000	1.0000	0.4628
25cj03	4	27	1	1	2.0000	1.0000	1.0000	0.0925	NaN	NaN	NaN	1022411.4608	1022411.8133	1.0000	1.0000	0.5503
25cj03	4	28	1	1	1.0000	1.0000	-1.0000	NaN	4.2943	-2.1379	16.4391	1022414.6230	1022414.9251	0.0000	1.0000	0.2557
25cj03	4	28	1	1	2.0000	1.0000	1.0000	0.2409	NaN	NaN	NaN	1022415.6687	1022416.0240	1.0000	1.0000	0.8040
25cj03	4	29	1	1	1.0000	1.0000	-1.0000	NaN	2.1122	-2.5862	16.5998	1022418.9767	1022419.2788	0.0000	1.0000	0.2540
25cj03	4	29	1	1	2.0000	1.0000	1.0000	0.3374	NaN	NaN	NaN	1022420.0370	1022420.3905	1.0000	1.0000	0.5504
25cj03	4	30	1	1	1.0000	1.0000	1.0000	NaN	2.7464	2.5175	14.6714	1022423.3069	1022423.6091	1.0000	1.0000	0.5955
25cj03	4	30	1	1	2.0000	1.0000	1.0000	0.3829	NaN	NaN	NaN	1022424.6932	1022425.0429	1.0000	1.0000	0.6173
25cj03	4	31	1	1	1.0000	1.0000	-1.0000	NaN	0.9801	-2.2326	15.7770	1022427.8535	1022428.1557	1.0000	0.0000	1.3279
25cj03	4	31	1	1	2.0000	1.0000	-1.0000	0.2366	NaN	NaN	NaN	1022429.9887	1022430.3412	1.0000	0.0000	0.4864
25cj03	4	32	1	1	1.0000	1.0000	1.0000	NaN	5.7133	5.0860	16.1773	1022432.9123	1022433.2145	1.0000	1.0000	0.2702
25cj03	4	32	1	1	2.0000	1.0000	1.0000	0.2110	NaN	NaN	NaN	1022433.9580	1022434.3095	1.0000	1.0000	0.3901
25cj03	4	33	1	1	1.0000	1.0000	1.0000	NaN	5.7700	4.5362	15.4607	1022437.1843	1022437.4909	1.0000	1.0000	0.3127
25cj03	4	33	1	1	2.0000	1.0000	1.0000	0.1247	NaN	NaN	NaN	1022438.2963	1022438.7119	1.0000	1.0000	0.3088
25cj03	4	34	1	1	1.0000	1.0000	1.0000	NaN	3.6064	4.9424	14.7440	1022441.4183	1022441.7245	1.0000	1.0000	0.6883
25cj03	4	34	1	1	2.0000	1.0000	1.0000	0.3138	NaN	NaN	NaN	1022442.9203	1022443.3435	1.0000	1.0000	0.3801
25cj03	4	35	1	1	1.0000	1.0000	-1.0000	NaN	5.2708	-5.4593	15.0875	1022445.7913	1022446.0962	0.0000	1.0000	0.3647
25cj03	4	35	1	1	2.0000	1.0000	1.0000	0.3377	NaN	NaN	NaN	1022446.9843	1022447.3971	1.0000	1.0000	0.4392
25cj03	4	36	1	1	1.0000	1.0000	-1.0000	NaN	4.4370	-4.6249	14.4120	1022450.0288	1022450.3333	0.0000	1.0000	0.2063
25cj03	4	36	1	1	2.0000	1.0000	1.0000	0.1896	NaN	NaN	NaN	1022451.0476	1022451.4636	1.0000	1.0000	1.1564
25cj03	4	37	1	1	1.0000	1.0000	1.0000	NaN	0.4429	0.5552	15.1134	1022454.7149	1022455.0215	0.0000	0.0000	0.2704
25cj03	4	37	1	1	2.0000	1.0000	-1.0000	0.3920	NaN	NaN	NaN	1022455.7990	1022456.2128	1.0000	0.0000	0.6964
25cj03	4	38	1	1	1.0000	1.0000	1.0000	NaN	5.7069	4.5560	15.9007	1022458.7580	1022459.0620	1.0000	1.0000	0.2466
25cj03	4	38	1	1	2.0000	1.0000	1.0000	0.1766	NaN	NaN	NaN	1022459.7996	1022460.2126	1.0000	1.0000	0.3915
25cj03	4	39	1	1	1.0000	1.0000	-1.0000	NaN	4.1801	-3.2370	15.2152	1022463.2182	1022463.5236	0.0000	1.0000	0.5200
25cj03	4	39	1	1	2.0000	1.0000	1.0000	0.1549	NaN	NaN	NaN	1022464.5351	1022464.9458	1.0000	1.0000	0.3778
25cj03	4	40	1	1	1.0000	1.0000	-1.0000	NaN	1.2435	-1.6894	14.4374	1022467.8789	1022468.1832	1.0000	0.0000	0.8049
25cj03	4	40	1	1	2.0000	1.0000	-1.0000	0.1109	NaN	NaN	NaN	1022469.4953	1022469.8840	1.0000	0.0000	0.4166
25cj03	4	41	1	1	1.0000	1.0000	-1.0000	NaN	3.0166	-3.9964	15.1532	1022472.4751	1022472.7773	0.0000	1.0000	0.2436
25cj03	4	41	1	1	2.0000	1.0000	1.0000	0.1153	NaN	NaN	NaN	1022473.5244	1022473.8743	1.0000	1.0000	0.6029
25cj03	4	42	1	1	1.0000	1.0000	-1.0000	NaN	5.4561	-4.5344	16.3124	1022476.8085	1022477.1107	0.0000	1.0000	0.2128
25cj03	4	42	1	1	2.0000	1.0000	1.0000	0.0249	NaN	NaN	NaN	1022477.8286	1022478.1834	1.0000	1.0000	0.5481
25cj03	4	43	1	1	1.0000	1.0000	-1.0000	NaN	1.3566	-2.1651	13.6843	1022480.8492	1022481.1528	1.0000	0.0000	0.6507
25cj03	4	43	1	1	2.0000	1.0000	-1.0000	0.0401	NaN	NaN	NaN	1022482.2766	1022482.6334	1.0000	0.0000	0.3549
25cj03	4	44	1	1	1.0000	1.0000	-1.0000	NaN	4.8536	-4.5460	14.9859	1022485.2907	1022485.5949	0.0000	1.0000	0.5926
25cj03	4	44	1	1	2.0000	1.0000	1.0000	0.0847	NaN	NaN	NaN	1022486.6946	1022487.0832	1.0000	1.0000	0.5768
25cj03	4	45	1	1	1.0000	1.0000	1.0000	NaN	2.6441	2.7975	15.0634	1022489.5585	1022489.8606	1.0000	1.0000	1.1115
25cj03	4	45	1	1	2.0000	1.0000	1.0000	0.4087	NaN	NaN	NaN	1022491.4928	1022491.8496	1.0000	1.0000	0.3864
25cj03	4	46	1	1	1.0000	1.0000	1.0000	NaN	4.3092	4.1321	13.8875	1022494.5765	1022494.8787	1.0000	1.0000	0.3177
25cj03	4	46	1	1	2.0000	1.0000	1.0000	0.2561	NaN	NaN	NaN	1022495.6839	1022496.0380	1.0000	1.0000	0.9022
25cj03	4	47	1	1	1.0000	1.0000	1.0000	NaN	4.6506	4.7660	15.0456	1022499.4392	1022499.7414	1.0000	1.0000	0.2861
25cj03	4	47	1	1	2.0000	1.0000	1.0000	0.3970	NaN	NaN	NaN	1022500.5326	1022500.8864	1.0000	1.0000	0.3898
25cj03	4	48	1	1	1.0000	1.0000	1.0000	NaN	1.5927	1.1593	15.5347	1022503.1916	1022503.4939	1.0000	1.0000	0.4716
25cj03	4	48	1	1	2.0000	1.0000	1.0000	0.3672	NaN	NaN	NaN	1022504.4678	1022504.8209	1.0000	1.0000	0.4866
25cj03	4	49	1	1	1.0000	1.0000	-1.0000	NaN	6.0243	-8.5304	13.3483	1022507.1899	1022507.4921	0.0000	1.0000	0.1530
25cj03	4	49	1	1	2.0000	1.0000	1.0000	0.2149	NaN	NaN	NaN	1022508.1648	1022508.5194	1.0000	1.0000	0.6287
25cj03	4	50	1	1	1.0000	1.0000	1.0000	NaN	2.7626	3.7514	16.1131	1022511.3130	1022511.6154	1.0000	1.0000	1.3881
25cj03	4	50	1	1	2.0000	1.0000	1.0000	0.3881	NaN	NaN	NaN	1022513.5405	1022513.8922	1.0000	1.0000	0.5050
25cj03	5	1	1	1	1.0000	1.0000	-1.0000	NaN	4.4904	-3.6373	15.0141	1022544.2410	1022544.5458	0.0000	1.0000	0.4584
25cj03	5	1	1	1	2.0000	1.0000	1.0000	0.3835	NaN	NaN	NaN	1022545.5282	1022545.9427	1.0000	1.0000	0.5013
25cj03	5	2	1	1	1.0000	1.0000	1.0000	NaN	0.3956	2.7654	15.8816	1022548.3417	1022548.6464	1.0000	1.0000	0.3265
25cj03	5	2	1	1	2.0000	1.0000	1.0000	0.3897	NaN	NaN	NaN	1022549.4800	1022549.8633	1.0000	1.0000	0.5493
25cj03	5	3	1	1	1.0000	1.0000	1.0000	NaN	4.9497	4.2962	13.2980	1022552.4942	1022552.7966	1.0000	1.0000	0.3360
25cj03	5	3	1	1	2.0000	1.0000	1.0000	0.1352	NaN	NaN	NaN	1022553.6209	1022553.9736	1.0000	1.0000	1.0466
25cj03	5	4	1	1	1.0000	1.0000	-1.0000	NaN	3.2406	-3.4245	14.5315	1022557.4930	1022557.7952	0.0000	1.0000	0.5537
25cj03	5	4	1	1	2.0000	1.0000	1.0000	0.1636	NaN	NaN	NaN	1022558.8532	1022559.2032	1.0000	1.0000	0.5214
25cj03	5	5	1	1	1.0000	1.0000	1.0000	NaN	4.6901	4.9598	14.5756	1022561.7665	1022562.0687	1.0000	1.0000	0.2793
25cj03	5	5	1	1	2.0000	1.0000	1.0000	0.2558	NaN	NaN	NaN	1022562.8364	1022563.1896	1.0000	1.0000	0.4546
25cj03	5	6	1	1	1.0000	1.0000	1.0000	NaN	3.2348	3.2194	15.5761	1022565.9168	1022566.2189	0.0000	0.0000	1.2490
25cj03	5	6	1	1	2.0000	1.0000	-1.0000	0.2950	NaN	NaN	NaN	1022567.9883	1022568.3384	1.0000	0.0000	0.4102
25cj03	5	7	1	1	1.0000	1.0000	1.0000	NaN	3.9234	2.7579	15.3647	1022571.0787	1022571.3818	1.0000	1.0000	0.9028
25cj03	5	7	1	1	2.0000	1.0000	1.0000	0.2665	NaN	NaN	NaN	1022572.7720	1022573.1289	1.0000	1.0000	0.6434
25cj03	5	8	1	1	1.0000	1.0000	-1.0000	NaN	3.3960	-1.1272	15.7279	1022575.9239	1022576.2289	1.0000	0.0000	1.7351
25cj03	5	8	1	1	2.0000	1.0000	-1.0000	0.0738	NaN	NaN	NaN	1022578.4568	1022578.8744	1.0000	0.0000	0.6577
25cj03	5	9	1	1	1.0000	1.0000	1.0000	NaN	0.0874	1.1987	17.8780	1022581.6158	1022581.9207	0.0000	0.0000	1.6112
25cj03	5	9	1	1	2.0000	1.0000	-1.0000	0.3073	NaN	NaN	NaN	1022584.0399	1022584.4283	1.0000	0.0000	0.3196
25cj03	5	10	1	1	1.0000	1.0000	1.0000	NaN	5.7923	7.3248	13.9979	1022587.2516	1022587.5538	1.0000	1.0000	0.3456
25cj03	5	10	1	1	2.0000	1.0000	1.0000	0.1970	NaN	NaN	NaN	1022588.3725	1022588.7281	1.0000	1.0000	0.4201
25cj03	5	11	1	1	1.0000	1.0000	-1.0000	NaN	1.9060	-3.0697	13.5965	1022591.0309	1022591.3330	0.0000	1.0000	1.3344
25cj03	5	11	1	1	2.0000	1.0000	1.0000	0.3009	NaN	NaN	NaN	1022593.1564	1022593.5111	0.0000	0.0000	0.3729
25cj03	5	12	1	1	1.0000	1.0000	-1.0000	NaN	4.5892	-4.2444	15.4648	1022596.1986	1022596.5008	0.0000	1.0000	0.2786
25cj03	5	12	1	1	2.0000	1.0000	1.0000	0.2950	NaN	NaN	NaN	1022597.2684	1022597.6211	1.0000	1.0000	0.5998
25cj03	5	13	1	1	1.0000	1.0000	-1.0000	NaN	1.5873	-2.7357	15.6699	1022600.5024	1022600.8047	0.0000	1.0000	0.6788
25cj03	5	13	1	1	2.0000	1.0000	1.0000	0.3515	NaN	NaN	NaN	1022601.9725	1022602.3271	1.0000	1.0000	0.4207
25cj03	5	14	1	1	1.0000	1.0000	-1.0000	NaN	1.3536	-2.7905	15.8809	1022604.9897	1022605.2920	0.0000	1.0000	0.2725
25cj03	5	14	1	1	2.0000	1.0000	1.0000	0.4148	NaN	NaN	NaN	1022606.0844	1022606.4370	1.0000	1.0000	0.4241
25cj03	5	15	1	1	1.0000	1.0000	1.0000	NaN	6.1065	7.2821	15.4864	1022608.9093	1022609.2129	1.0000	1.0000	0.2385
25cj03	5	15	1	1	2.0000	1.0000	1.0000	0.3217	NaN	NaN	NaN	1022609.9726	1022610.3268	1.0000	1.0000	0.8860
25cj03	5	16	1	1	1.0000	1.0000	1.0000	NaN	3.8808	3.6655	15.2098	1022613.2601	1022613.5630	1.0000	1.0000	0.2573
25cj03	5	16	1	1	2.0000	1.0000	1.0000	0.1664	NaN	NaN	NaN	1022614.3723	1022614.7265	1.0000	1.0000	0.3893
25cj03	5	17	1	1	1.0000	1.0000	-1.0000	NaN	2.3846	-1.7771	13.2103	1022617.4572	1022617.7593	1.0000	0.0000	0.9893
25cj03	5	17	1	1	2.0000	1.0000	-1.0000	0.0334	NaN	NaN	NaN	1022619.2366	1022619.5932	1.0000	0.0000	0.3862
25cj03	5	18	1	1	1.0000	1.0000	-1.0000	NaN	4.2734	-4.4906	16.1868	1022622.3412	1022622.6485	0.0000	1.0000	0.1952
25cj03	5	18	1	1	2.0000	1.0000	1.0000	0.0603	NaN	NaN	NaN	1022623.3706	1022623.7883	1.0000	1.0000	0.2721
25cj03	5	19	1	1	1.0000	1.0000	-1.0000	NaN	3.7850	-3.4854	15.2253	1022625.8948	1022626.1992	0.0000	1.0000	0.6128
25cj03	5	19	1	1	2.0000	1.0000	1.0000	0.3141	NaN	NaN	NaN	1022627.3378	1022627.7553	1.0000	1.0000	0.4001
25cj03	5	20	1	1	1.0000	1.0000	1.0000	NaN	5.5433	4.3466	16.1990	1022630.0513	1022630.3561	1.0000	1.0000	0.7286
25cj03	5	20	1	1	2.0000	1.0000	1.0000	0.3262	NaN	NaN	NaN	1022631.5919	1022632.0045	1.0000	1.0000	0.4072
25cj03	5	21	1	1	1.0000	1.0000	1.0000	NaN	3.3092	3.2380	15.2406	1022634.7606	1022635.0627	1.0000	1.0000	0.9653
25cj03	5	21	1	1	2.0000	1.0000	1.0000	0.2284	NaN	NaN	NaN	1022636.5659	1022636.9160	1.0000	1.0000	0.4410
25cj03	5	22	1	1	1.0000	1.0000	1.0000	NaN	5.0073	4.1913	15.9205	1022639.8381	1022640.1403	1.0000	1.0000	0.4324
25cj03	5	22	1	1	2.0000	1.0000	1.0000	0.3884	NaN	NaN	NaN	1022641.0764	1022641.4307	1.0000	1.0000	0.5491
25cj03	5	23	1	1	1.0000	1.0000	1.0000	NaN	2.0270	1.7500	14.7424	1022643.9127	1022644.2148	0.0000	0.0000	1.0772
25cj03	5	23	1	1	2.0000	1.0000	-1.0000	0.4265	NaN	NaN	NaN	1022645.7972	1022646.1490	1.0000	0.0000	0.3263
25cj03	5	24	1	1	1.0000	1.0000	1.0000	NaN	1.6954	3.1460	14.4849	1022648.7587	1022649.0613	1.0000	1.0000	0.3434
25cj03	5	24	1	1	2.0000	1.0000	1.0000	0.2338	NaN	NaN	NaN	1022649.8923	1022650.2457	1.0000	1.0000	0.4216
25cj03	5	25	1	1	1.0000	1.0000	1.0000	NaN	2.4714	3.3368	14.3594	1022653.0614	1022653.3637	1.0000	1.0000	1.0005
25cj03	5	25	1	1	2.0000	1.0000	1.0000	0.4152	NaN	NaN	NaN	1022654.8846	1022655.2412	1.0000	1.0000	0.3552
25cj03	5	26	1	1	1.0000	1.0000	-1.0000	NaN	0.2752	-1.3763	15.8783	1022657.8534	1022658.1557	1.0000	0.0000	0.7681
25cj03	5	26	1	1	2.0000	1.0000	-1.0000	0.2095	NaN	NaN	NaN	1022659.4141	1022659.7648	1.0000	0.0000	0.3265
25cj03	5	27	1	1	1.0000	1.0000	1.0000	NaN	1.2273	2.2554	16.2909	1022662.4478	1022662.7500	1.0000	1.0000	0.3173
25cj03	5	27	1	1	2.0000	1.0000	1.0000	0.2856	NaN	NaN	NaN	1022663.5564	1022663.9116	1.0000	1.0000	0.2928
25cj03	5	28	1	1	1.0000	1.0000	1.0000	NaN	6.2044	4.6132	15.5170	1022666.0117	1022666.3139	1.0000	1.0000	0.2583
25cj03	5	28	1	1	2.0000	1.0000	1.0000	0.3933	NaN	NaN	NaN	1022667.0767	1022667.4294	1.0000	1.0000	0.3748
25cj03	5	29	1	1	1.0000	1.0000	1.0000	NaN	1.2291	2.7479	14.1576	1022669.8514	1022670.1559	0.0000	0.0000	0.6404
25cj03	5	29	1	1	2.0000	1.0000	-1.0000	0.2378	NaN	NaN	NaN	1022671.3033	1022671.7192	1.0000	0.0000	0.4201
25cj03	5	30	1	1	1.0000	1.0000	-1.0000	NaN	4.8592	-6.3435	15.4491	1022674.2183	1022674.5231	0.0000	1.0000	0.3056
25cj03	5	30	1	1	2.0000	1.0000	1.0000	0.0951	NaN	NaN	NaN	1022675.3359	1022675.7529	1.0000	1.0000	0.3556
25cj03	5	31	1	1	1.0000	1.0000	1.0000	NaN	0.0223	1.1978	14.4865	1022678.5650	1022678.8672	0.0000	0.0000	1.6727
25cj03	5	31	1	1	2.0000	1.0000	-1.0000	0.2818	NaN	NaN	NaN	1022681.0603	1022681.4120	1.0000	0.0000	0.3113
25cj03	5	32	1	1	1.0000	1.0000	1.0000	NaN	1.8488	0.9797	14.8597	1022683.8124	1022684.1146	1.0000	1.0000	1.1447
25cj03	5	32	1	1	2.0000	1.0000	1.0000	0.0981	NaN	NaN	NaN	1022685.7640	1022686.1171	0.0000	0.0000	0.0005
25cj03	5	33	1	1	1.0000	1.0000	-1.0000	NaN	3.7930	-2.3859	13.0694	1022688.6399	1022688.9426	0.0000	1.0000	0.5893
25cj03	5	33	1	1	2.0000	1.0000	1.0000	0.1478	NaN	NaN	NaN	1022690.0364	1022690.3936	1.0000	1.0000	0.3871
25cj03	5	34	1	1	1.0000	1.0000	1.0000	NaN	4.7625	3.2737	15.1079	1022693.0866	1022693.3887	0.0000	0.0000	0.9113
25cj03	5	34	1	1	2.0000	1.0000	-1.0000	0.1635	NaN	NaN	NaN	1022694.8044	1022695.1601	1.0000	0.0000	0.3564
25cj03	5	35	1	1	1.0000	1.0000	1.0000	NaN	4.2310	5.0066	15.4281	1022697.8892	1022698.1921	1.0000	1.0000	0.6832
25cj03	5	35	1	1	2.0000	1.0000	1.0000	0.0693	NaN	NaN	NaN	1022699.3645	1022699.7150	1.0000	1.0000	0.3602
25cj03	5	36	1	1	1.0000	1.0000	-1.0000	NaN	5.4565	-5.9736	14.5925	1022701.9263	1022702.2286	0.0000	1.0000	0.3120
25cj03	5	36	1	1	2.0000	1.0000	1.0000	0.0073	NaN	NaN	NaN	1022703.0606	1022703.4127	1.0000	1.0000	0.5030
25cj03	5	37	1	1	1.0000	1.0000	1.0000	NaN	0.9974	2.1439	14.7374	1022705.8926	1022706.1947	1.0000	1.0000	1.4645
25cj03	5	37	1	1	2.0000	1.0000	1.0000	0.1570	NaN	NaN	NaN	1022708.1483	1022708.5054	0.0000	0.0000	0.5472
25cj03	5	38	1	1	1.0000	1.0000	1.0000	NaN	2.4537	3.0327	14.1509	1022711.4085	1022711.7108	1.0000	1.0000	0.4451
25cj03	5	38	1	1	2.0000	1.0000	1.0000	0.4023	NaN	NaN	NaN	1022712.6455	1022712.9956	1.0000	1.0000	0.6637
25cj03	5	39	1	1	1.0000	1.0000	1.0000	NaN	2.3115	2.5087	15.7801	1022715.9471	1022716.2519	1.0000	1.0000	0.6714
25cj03	5	39	1	1	2.0000	1.0000	1.0000	0.3145	NaN	NaN	NaN	1022717.4166	1022717.8336	1.0000	1.0000	0.3861
25cj03	5	40	1	1	1.0000	1.0000	-1.0000	NaN	3.0785	-3.7958	15.3787	1022720.5518	1022720.8540	0.0000	1.0000	0.3900
25cj03	5	40	1	1	2.0000	1.0000	1.0000	0.2277	NaN	NaN	NaN	1022721.7636	1022722.1147	1.0000	1.0000	0.3936
25cj03	5	41	1	1	1.0000	1.0000	-1.0000	NaN	2.3800	-3.6999	15.6435	1022724.6585	1022724.9606	0.0000	1.0000	0.2838
25cj03	5	41	1	1	2.0000	1.0000	1.0000	0.4179	NaN	NaN	NaN	1022725.7483	1022726.1046	1.0000	1.0000	0.5311
25cj03	5	42	1	1	1.0000	1.0000	-1.0000	NaN	3.7774	-3.2133	15.6325	1022728.5026	1022728.8053	0.0000	1.0000	0.3756
25cj03	5	42	1	1	2.0000	1.0000	1.0000	0.4123	NaN	NaN	NaN	1022729.7000	1022730.0542	1.0000	1.0000	0.4215
25cj03	5	43	1	1	1.0000	1.0000	-1.0000	NaN	6.1029	-5.3004	13.9953	1022732.8015	1022733.1038	0.0000	1.0000	0.2195
25cj03	5	43	1	1	2.0000	1.0000	1.0000	0.3604	NaN	NaN	NaN	1022733.8445	1022734.1975	1.0000	1.0000	0.7578
25cj03	5	44	1	1	1.0000	1.0000	1.0000	NaN	0.3848	0.7415	15.4226	1022736.9855	1022737.2882	1.0000	1.0000	0.3882
25cj03	5	44	1	1	2.0000	1.0000	1.0000	0.1553	NaN	NaN	NaN	1022738.1803	1022738.5372	1.0000	1.0000	0.3396
25cj03	5	45	1	1	1.0000	1.0000	-1.0000	NaN	2.3427	-2.2318	13.7614	1022741.2840	1022741.5863	0.0000	1.0000	0.5693
25cj03	5	45	1	1	2.0000	1.0000	1.0000	0.0542	NaN	NaN	NaN	1022742.6607	1022743.0112	1.0000	1.0000	0.3925
25cj03	5	46	1	1	1.0000	1.0000	-1.0000	NaN	1.5025	-1.3540	15.9345	1022745.4697	1022745.7730	0.0000	1.0000	1.2462
25cj03	5	46	1	1	2.0000	1.0000	1.0000	0.2677	NaN	NaN	NaN	1022747.5406	1022747.8920	1.0000	1.0000	0.4072
25cj03	5	47	1	1	1.0000	1.0000	1.0000	NaN	1.2915	0.1937	13.9853	1022750.4998	1022750.8020	1.0000	1.0000	1.4174
25cj03	5	47	1	1	2.0000	1.0000	1.0000	0.1138	NaN	NaN	NaN	1022752.7096	1022753.0603	1.0000	1.0000	0.3440
25cj03	5	48	1	1	1.0000	1.0000	-1.0000	NaN	2.2487	-0.9827	15.2602	1022755.6295	1022755.9317	1.0000	0.0000	1.5051
25cj03	5	48	1	1	2.0000	1.0000	-1.0000	0.1499	NaN	NaN	NaN	1022757.9098	1022758.2599	1.0000	0.0000	0.3279
25cj03	5	49	1	1	1.0000	1.0000	-1.0000	NaN	4.7340	-6.1102	15.2710	1022761.0077	1022761.3116	0.0000	1.0000	0.2516
25cj03	5	49	1	1	2.0000	1.0000	1.0000	0.4115	NaN	NaN	NaN	1022762.0868	1022762.4860	1.0000	1.0000	0.7256
25cj03	5	50	1	1	1.0000	1.0000	-1.0000	NaN	4.1066	-5.2330	12.6129	1022765.4271	1022765.7294	0.0000	1.0000	0.9703
25cj03	5	50	1	1	2.0000	1.0000	1.0000	0.0148	NaN	NaN	NaN	1022767.1878	1022767.5410	1.0000	1.0000	0.5502
25cj03	6	1	1	1	1.0000	1.0000	1.0000	NaN	3.7805	4.8761	13.9250	1022774.7530	1022775.0552	1.0000	1.0000	0.3160
25cj03	6	1	1	1	2.0000	1.0000	1.0000	0.3647	NaN	NaN	NaN	1022775.8600	1022776.2120	1.0000	1.0000	0.2797
25cj03	6	2	1	1	1.0000	1.0000	-1.0000	NaN	5.8423	-4.6402	13.6015	1022778.8411	1022779.1432	0.0000	1.0000	0.3240
25cj03	6	2	1	1	2.0000	1.0000	1.0000	0.4040	NaN	NaN	NaN	1022779.9733	1022780.3238	1.0000	1.0000	0.4240
25cj03	6	3	1	1	1.0000	1.0000	-1.0000	NaN	0.6409	-0.0511	14.7254	1022782.9565	1022783.2587	0.0000	1.0000	0.5130
25cj03	6	3	1	1	2.0000	1.0000	1.0000	0.4265	NaN	NaN	NaN	1022784.2760	1022784.6282	1.0000	1.0000	0.3605
25cj03	6	4	1	1	1.0000	1.0000	1.0000	NaN	1.9284	2.5004	14.7813	1022787.0442	1022787.3463	0.0000	0.0000	1.3369
25cj03	6	4	1	1	2.0000	1.0000	-1.0000	0.3873	NaN	NaN	NaN	1022789.1723	1022789.5233	1.0000	0.0000	0.3131
25cj03	6	5	1	1	1.0000	1.0000	-1.0000	NaN	4.3396	-2.1173	14.9583	1022792.1903	1022792.4925	0.0000	1.0000	0.3827
25cj03	6	5	1	1	2.0000	1.0000	1.0000	0.2406	NaN	NaN	NaN	1022793.3801	1022793.7342	1.0000	1.0000	0.4220
25cj03	6	6	1	1	1.0000	1.0000	-1.0000	NaN	5.4391	-4.9524	13.9465	1022796.3281	1022796.6303	0.0000	1.0000	0.2768
25cj03	6	6	1	1	2.0000	1.0000	1.0000	0.3322	NaN	NaN	NaN	1022797.4124	1022797.7673	1.0000	1.0000	0.3566
25cj03	6	7	1	1	1.0000	1.0000	1.0000	NaN	5.8302	4.2290	15.0345	1022800.1394	1022800.4416	1.0000	1.0000	0.2747
25cj03	6	7	1	1	2.0000	1.0000	1.0000	0.3335	NaN	NaN	NaN	1022801.2051	1022801.5560	1.0000	1.0000	0.5518
25cj03	6	8	1	1	1.0000	1.0000	-1.0000	NaN	0.8975	-2.0787	13.4685	1022804.1562	1022804.4584	1.0000	0.0000	1.8414
25cj03	6	8	1	1	2.0000	1.0000	-1.0000	0.2940	NaN	NaN	NaN	1022806.8050	1022807.2160	1.0000	0.0000	0.3472
25cj03	6	9	1	1	1.0000	1.0000	1.0000	NaN	1.9726	4.0537	13.6353	1022809.9318	1022810.2391	1.0000	1.0000	0.3001
25cj03	6	9	1	1	2.0000	1.0000	1.0000	0.0157	NaN	NaN	NaN	1022811.0156	1022811.4289	1.0000	1.0000	0.3107
25cj03	6	10	1	1	1.0000	1.0000	-1.0000	NaN	6.0475	-6.6381	14.7074	1022814.2468	1022814.5530	0.0000	1.0000	0.2757
25cj03	6	10	1	1	2.0000	1.0000	1.0000	0.3186	NaN	NaN	NaN	1022815.3354	1022815.7454	1.0000	1.0000	0.2829
25cj03	6	11	1	1	1.0000	1.0000	-1.0000	NaN	3.3520	-4.1405	15.3028	1022818.3066	1022818.6111	0.0000	1.0000	0.3135
25cj03	6	11	1	1	2.0000	1.0000	1.0000	0.3483	NaN	NaN	NaN	1022819.4475	1022819.8618	1.0000	1.0000	0.3585
25cj03	6	12	1	1	1.0000	1.0000	1.0000	NaN	2.9313	2.6224	13.5164	1022822.0585	1022822.3605	1.0000	1.0000	0.8666
25cj03	6	12	1	1	2.0000	1.0000	1.0000	0.0032	NaN	NaN	NaN	1022823.7476	1022824.1036	1.0000	1.0000	0.3091
25cj03	6	13	1	1	1.0000	1.0000	1.0000	NaN	4.0854	2.7410	13.9328	1022826.6865	1022826.9887	1.0000	1.0000	0.2557
25cj03	6	13	1	1	2.0000	1.0000	1.0000	0.4236	NaN	NaN	NaN	1022827.7322	1022828.0869	1.0000	1.0000	0.3892
25cj03	6	14	1	1	1.0000	1.0000	1.0000	NaN	5.5424	5.4349	14.4093	1022831.0985	1022831.4021	1.0000	1.0000	0.2890
25cj03	6	14	1	1	2.0000	1.0000	1.0000	0.0732	NaN	NaN	NaN	1022832.1322	1022832.4866	1.0000	1.0000	0.4538
25cj03	6	15	1	1	1.0000	1.0000	-1.0000	NaN	5.0805	-4.2401	13.3755	1022834.9805	1022835.2831	0.0000	1.0000	0.2336
25cj03	6	15	1	1	2.0000	1.0000	1.0000	0.0615	NaN	NaN	NaN	1022836.0215	1022836.3729	1.0000	1.0000	0.3750
25cj03	6	16	1	1	1.0000	1.0000	1.0000	NaN	3.9330	4.3501	15.4171	1022839.0306	1022839.3335	1.0000	1.0000	0.6462
25cj03	6	16	1	1	2.0000	1.0000	1.0000	0.0792	NaN	NaN	NaN	1022840.5001	1022840.8540	1.0000	1.0000	0.3736
25cj03	6	17	1	1	1.0000	1.0000	-1.0000	NaN	2.6636	-2.7446	12.6137	1022843.2758	1022843.5780	0.0000	1.0000	0.2102
25cj03	6	17	1	1	2.0000	1.0000	1.0000	0.4151	NaN	NaN	NaN	1022844.2922	1022844.6486	1.0000	1.0000	0.6265
25cj03	6	18	1	1	1.0000	1.0000	-1.0000	NaN	0.3245	-0.9923	14.8240	1022847.6022	1022847.9045	0.0000	1.0000	1.5792
25cj03	6	18	1	1	2.0000	1.0000	1.0000	0.0906	NaN	NaN	NaN	1022849.9887	1022850.3388	1.0000	1.0000	0.3284
25cj03	6	19	1	1	1.0000	1.0000	1.0000	NaN	0.0943	0.3862	15.7855	1022852.8252	1022853.1299	1.0000	1.0000	0.2253
25cj03	6	19	1	1	2.0000	1.0000	1.0000	0.1369	NaN	NaN	NaN	1022853.8476	1022854.2602	0.0000	0.0000	0.3274
25cj03	6	20	1	1	1.0000	1.0000	-1.0000	NaN	3.4161	-3.1995	14.6747	1022856.7517	1022857.0540	0.0000	1.0000	0.2372
25cj03	6	20	1	1	2.0000	1.0000	1.0000	0.1735	NaN	NaN	NaN	1022857.7956	1022858.1520	1.0000	1.0000	0.3081
25cj03	6	21	1	1	1.0000	1.0000	1.0000	NaN	3.5358	2.9937	14.5060	1022860.7181	1022861.0204	1.0000	1.0000	1.1040
25cj03	6	21	1	1	2.0000	1.0000	1.0000	0.1980	NaN	NaN	NaN	1022862.6283	1022862.9850	1.0000	1.0000	0.3061
25cj03	6	22	1	1	1.0000	1.0000	1.0000	NaN	3.1015	4.6289	14.0858	1022865.5346	1022865.8367	1.0000	1.0000	0.2235
25cj03	6	22	1	1	2.0000	1.0000	1.0000	0.0085	NaN	NaN	NaN	1022866.5640	1022866.9184	1.0000	1.0000	0.4371
25cj03	6	23	1	1	1.0000	1.0000	1.0000	NaN	0.4661	0.0286	16.3912	1022869.3040	1022869.6062	0.0000	0.0000	1.4934
25cj03	6	23	1	1	2.0000	1.0000	-1.0000	0.4066	NaN	NaN	NaN	1022871.6043	1022871.9576	0.0000	1.0000	0.3898
25cj03	6	24	1	1	1.0000	1.0000	1.0000	NaN	5.3422	3.9174	15.8645	1022874.4150	1022874.7172	1.0000	1.0000	0.9105
25cj03	6	24	1	1	2.0000	1.0000	1.0000	0.3592	NaN	NaN	NaN	1022876.1634	1022876.5179	1.0000	1.0000	0.3257
25cj03	6	25	1	1	1.0000	1.0000	-1.0000	NaN	4.2648	-4.0653	15.5363	1022878.9912	1022879.2934	0.0000	1.0000	0.2537
25cj03	6	25	1	1	2.0000	1.0000	1.0000	0.3655	NaN	NaN	NaN	1022880.0371	1022880.3871	1.0000	1.0000	0.4730
25cj03	6	26	1	1	1.0000	1.0000	1.0000	NaN	2.5327	3.5202	14.9872	1022883.1840	1022883.4861	1.0000	1.0000	0.3489
25cj03	6	26	1	1	2.0000	1.0000	1.0000	0.1917	NaN	NaN	NaN	1022884.3242	1022884.6800	1.0000	1.0000	0.3241
25cj03	6	27	1	1	1.0000	1.0000	-1.0000	NaN	1.9414	-2.1717	15.0989	1022887.3531	1022887.6554	1.0000	0.0000	0.7411
25cj03	6	27	1	1	2.0000	1.0000	-1.0000	0.0134	NaN	NaN	NaN	1022888.9008	1022889.2516	1.0000	0.0000	0.3284
25cj03	6	28	1	1	1.0000	1.0000	-1.0000	NaN	2.6287	-5.2443	13.4814	1022891.4799	1022891.7825	0.0000	1.0000	0.2780
25cj03	6	28	1	1	2.0000	1.0000	1.0000	0.3378	NaN	NaN	NaN	1022892.5484	1022892.9014	1.0000	1.0000	0.3266
25cj03	6	29	1	1	1.0000	1.0000	-1.0000	NaN	4.8140	-6.1601	14.8375	1022895.3774	1022895.6800	0.0000	1.0000	0.2351
25cj03	6	29	1	1	2.0000	1.0000	1.0000	0.0568	NaN	NaN	NaN	1022896.4202	1022896.7723	1.0000	1.0000	0.6633
25cj03	6	30	1	1	1.0000	1.0000	-1.0000	NaN	6.0297	-7.8019	14.6702	1022899.6606	1022899.9674	0.0000	1.0000	0.1883
25cj03	6	30	1	1	2.0000	1.0000	1.0000	0.0205	NaN	NaN	NaN	1022900.6626	1022901.0730	1.0000	1.0000	0.5393
25cj03	6	31	1	1	1.0000	1.0000	1.0000	NaN	2.1449	3.5921	14.9516	1022904.2270	1022904.5337	1.0000	1.0000	0.3739
25cj03	6	31	1	1	2.0000	1.0000	1.0000	0.3194	NaN	NaN	NaN	1022905.4154	1022905.8413	1.0000	1.0000	0.2982
25cj03	6	32	1	1	1.0000	1.0000	1.0000	NaN	5.7276	7.7791	16.1702	1022908.0995	1022908.4044	1.0000	1.0000	0.3913
25cj03	6	32	1	1	2.0000	1.0000	1.0000	0.2581	NaN	NaN	NaN	1022909.3058	1022909.6890	1.0000	1.0000	0.2101
25cj03	6	33	1	1	1.0000	1.0000	1.0000	NaN	2.3553	3.2868	13.6792	1022911.9185	1022912.2208	1.0000	1.0000	0.2547
25cj03	6	33	1	1	2.0000	1.0000	1.0000	0.1776	NaN	NaN	NaN	1022912.9634	1022913.3171	1.0000	1.0000	0.2317
25cj03	6	34	1	1	1.0000	1.0000	1.0000	NaN	4.8562	4.2114	15.0104	1022915.7651	1022916.0673	1.0000	1.0000	0.2960
25cj03	6	34	1	1	2.0000	1.0000	1.0000	0.4282	NaN	NaN	NaN	1022916.8523	1022917.2052	1.0000	1.0000	0.3906
25cj03	6	35	1	1	1.0000	1.0000	-1.0000	NaN	3.2125	-3.6257	14.1726	1022919.5439	1022919.8476	0.0000	1.0000	0.3874
25cj03	6	35	1	1	2.0000	1.0000	1.0000	0.0213	NaN	NaN	NaN	1022920.7233	1022921.0781	1.0000	1.0000	0.6449
25cj03	6	36	1	1	1.0000	1.0000	-1.0000	NaN	5.6576	-5.1566	15.0394	1022924.3319	1022924.6341	0.0000	1.0000	0.3209
25cj03	6	36	1	1	2.0000	1.0000	1.0000	0.3667	NaN	NaN	NaN	1022925.4594	1022925.8152	1.0000	1.0000	0.5963
25cj03	6	37	1	1	1.0000	1.0000	-1.0000	NaN	3.1204	-1.9996	15.3733	1022928.4446	1022928.7473	1.0000	0.0000	0.6564
25cj03	6	37	1	1	2.0000	1.0000	-1.0000	0.3092	NaN	NaN	NaN	1022929.9241	1022930.2774	0.0000	1.0000	0.5496
25cj03	6	38	1	1	1.0000	1.0000	-1.0000	NaN	3.5347	-1.4115	14.6549	1022932.9277	1022933.2304	0.0000	1.0000	0.5902
25cj03	6	38	1	1	2.0000	1.0000	1.0000	0.3631	NaN	NaN	NaN	1022934.3239	1022934.6770	1.0000	1.0000	0.3432
25cj03	6	39	1	1	1.0000	1.0000	-1.0000	NaN	0.0589	-0.1643	16.6132	1022937.3146	1022937.6168	0.0000	1.0000	0.2342
25cj03	6	39	1	1	2.0000	1.0000	1.0000	0.2907	NaN	NaN	NaN	1022938.3401	1022938.6937	1.0000	1.0000	0.2302
25cj03	6	40	1	1	1.0000	1.0000	1.0000	NaN	0.0024	2.2829	17.1598	1022940.9477	1022941.2500	1.0000	1.0000	1.0028
25cj03	6	40	1	1	2.0000	1.0000	1.0000	0.3762	NaN	NaN	NaN	1022942.7558	1022943.1103	0.0000	0.0000	0.4848
25cj03	6	41	1	1	1.0000	1.0000	1.0000	NaN	4.4894	4.6225	14.0055	1022945.8988	1022946.2026	1.0000	1.0000	0.3044
25cj03	6	41	1	1	2.0000	1.0000	1.0000	0.0318	NaN	NaN	NaN	1022947.0015	1022947.4041	0.0000	0.0000	0.3683
25cj03	6	42	1	1	1.0000	1.0000	-1.0000	NaN	0.8875	-0.0943	14.2389	1022950.1662	1022950.4699	0.0000	1.0000	1.7011
25cj03	6	42	1	1	2.0000	1.0000	1.0000	0.4283	NaN	NaN	NaN	1022952.6793	1022953.1018	1.0000	1.0000	0.3019
25cj03	6	43	1	1	1.0000	1.0000	1.0000	NaN	0.4372	0.4284	15.7154	1022955.4497	1022955.7545	1.0000	1.0000	0.6890
25cj03	6	43	1	1	2.0000	1.0000	1.0000	0.3485	NaN	NaN	NaN	1022956.9539	1022957.3716	1.0000	1.0000	0.3368
25cj03	6	44	1	1	1.0000	1.0000	-1.0000	NaN	0.5684	-0.0179	15.3869	1022959.9242	1022960.2312	1.0000	0.0000	1.3478
25cj03	6	44	1	1	2.0000	1.0000	-1.0000	0.3422	NaN	NaN	NaN	1022962.1040	1022962.5214	1.0000	0.0000	0.2416
25cj03	6	45	1	1	1.0000	1.0000	1.0000	NaN	1.4041	0.0441	15.2032	1022964.8561	1022965.1626	0.0000	0.0000	1.1523
25cj03	6	45	1	1	2.0000	1.0000	-1.0000	0.2489	NaN	NaN	NaN	1022966.8064	1022967.2089	1.0000	0.0000	0.3547
25cj03	6	46	1	1	1.0000	1.0000	-1.0000	NaN	3.7125	-3.3779	13.9555	1022969.7861	1022970.0884	0.0000	1.0000	0.3717
25cj03	6	46	1	1	2.0000	1.0000	1.0000	0.1008	NaN	NaN	NaN	1022970.9493	1022971.2993	1.0000	1.0000	0.3449
25cj03	6	47	1	1	1.0000	1.0000	1.0000	NaN	2.3853	3.7686	15.8921	1022973.9161	1022974.2184	1.0000	1.0000	0.5286
25cj03	6	47	1	1	2.0000	1.0000	1.0000	0.1441	NaN	NaN	NaN	1022975.2517	1022975.6086	1.0000	1.0000	0.3223
25cj03	6	48	1	1	1.0000	1.0000	-1.0000	NaN	1.0309	-0.1178	16.0676	1022977.8321	1022978.1343	1.0000	0.0000	0.7727
25cj03	6	48	1	1	2.0000	1.0000	-1.0000	0.0622	NaN	NaN	NaN	1022979.4282	1022979.7804	1.0000	0.0000	0.3442
25cj03	6	49	1	1	1.0000	1.0000	1.0000	NaN	3.1812	1.7843	15.4913	1022982.3483	1022982.6505	1.0000	1.0000	1.6810
25cj03	6	49	1	1	2.0000	1.0000	1.0000	0.3647	NaN	NaN	NaN	1022984.8193	1022985.1748	0.0000	0.0000	0.5488
25cj03	6	50	1	1	1.0000	1.0000	1.0000	NaN	5.6225	5.2438	15.4340	1022987.8114	1022988.1137	0.0000	0.0000	0.7459
25cj03	6	50	1	1	2.0000	1.0000	-1.0000	0.1762	NaN	NaN	NaN	1022989.3485	1022989.7006	1.0000	0.0000	0.4074
