22zz02	1	1	0	1	1.0000	1.0000	-1.0000	NaN	5.5909	-5.7249	14.9146	602395.9828	602396.2872	0.0000	1.0000	0.0781
22zz02	1	1	0	1	2.0000	1.0000	-1.0000	0.0917	NaN	NaN	NaN	602396.8721	602397.2889	1.0000	0.0000	0.0005
22zz02	1	2	0	1	1.0000	1.0000	1.0000	NaN	6.4965	5.2237	15.2394	602400.2367	602400.5387	1.0000	1.0000	0.3216
22zz02	1	2	0	1	2.0000	1.0000	1.0000	0.6608	NaN	NaN	NaN	602401.3663	602401.7167	1.0000	1.0000	0.2316
22zz02	1	3	0	1	1.0000	1.0000	-1.0000	NaN	7.9487	-7.8304	14.8689	602404.2077	602404.5099	0.0000	1.0000	0.2540
22zz02	1	3	0	1	2.0000	1.0000	-1.0000	0.2050	NaN	NaN	NaN	602405.2528	602405.6098	0.0000	1.0000	0.8828
22zz02	1	4	0	1	1.0000	1.0000	-1.0000	NaN	2.9798	-4.6091	15.8815	602408.9545	602409.2589	0.0000	1.0000	0.1931
22zz02	1	4	0	1	2.0000	1.0000	1.0000	0.0423	NaN	NaN	NaN	602409.9444	602410.3549	0.0000	0.0000	0.7135
22zz02	1	5	0	1	1.0000	1.0000	-1.0000	NaN	10.8657	-8.6383	14.2985	602413.0295	602413.3341	0.0000	1.0000	0.1819
22zz02	1	5	0	1	2.0000	1.0000	1.0000	0.7258	NaN	NaN	NaN	602414.0075	602414.4214	1.0000	1.0000	0.0867
22zz02	1	6	0	1	1.0000	1.0000	1.0000	NaN	3.3493	5.1821	16.2225	602416.8177	602417.1221	1.0000	1.0000	0.2982
22zz02	1	6	0	1	2.0000	1.0000	1.0000	0.2821	NaN	NaN	NaN	602417.9438	602418.3493	0.0000	0.0000	0.3827
22zz02	1	7	0	1	1.0000	1.0000	-1.0000	NaN	9.3647	-8.7668	14.1971	602420.8007	602421.1029	0.0000	1.0000	0.2210
22zz02	1	7	0	1	2.0000	1.0000	1.0000	0.4493	NaN	NaN	NaN	602421.7975	602422.1476	1.0000	1.0000	0.2974
22zz02	1	8	0	1	1.0000	1.0000	-1.0000	NaN	10.6318	-10.2758	14.7048	602424.7276	602425.0297	0.0000	1.0000	0.5034
22zz02	1	8	0	1	2.0000	1.0000	1.0000	0.8086	NaN	NaN	NaN	602426.0048	602426.3587	1.0000	1.0000	0.2302
22zz02	1	9	0	1	1.0000	1.0000	1.0000	NaN	2.0256	2.2627	15.6867	602428.8659	602429.1681	1.0000	1.0000	0.2999
22zz02	1	9	0	1	2.0000	1.0000	1.0000	0.3184	NaN	NaN	NaN	602429.9727	602430.3290	0.0000	0.0000	0.5789
22zz02	1	10	0	1	1.0000	1.0000	1.0000	NaN	1.4682	1.0971	16.4747	602433.0378	602433.3400	1.0000	1.0000	0.1600
22zz02	1	10	0	1	2.0000	1.0000	1.0000	0.6839	NaN	NaN	NaN	602434.0211	602434.3748	1.0000	1.0000	0.3092
22zz02	1	11	0	1	1.0000	1.0000	1.0000	NaN	7.0098	6.9506	13.9436	602436.8412	602437.1444	1.0000	1.0000	0.2287
22zz02	1	11	0	1	2.0000	1.0000	1.0000	0.3917	NaN	NaN	NaN	602437.8609	602438.2134	1.0000	1.0000	0.2479
22zz02	1	12	0	1	1.0000	1.0000	1.0000	NaN	4.0415	3.1790	15.5182	602440.7786	602441.0807	1.0000	1.0000	0.3079
22zz02	1	12	0	1	2.0000	1.0000	-1.0000	0.7763	NaN	NaN	NaN	602441.8924	602442.2452	0.0000	1.0000	0.1839
22zz02	1	13	0	1	1.0000	1.0000	1.0000	NaN	5.1102	6.9638	14.8485	602444.8638	602445.1659	1.0000	1.0000	0.1912
22zz02	1	13	0	1	2.0000	1.0000	1.0000	0.9129	NaN	NaN	NaN	602445.8610	602446.2130	1.0000	1.0000	0.1188
22zz02	1	14	0	1	1.0000	1.0000	-1.0000	NaN	3.1329	-2.2460	16.2809	602448.7831	602449.0852	0.0000	1.0000	0.1267
22zz02	1	14	0	1	2.0000	1.0000	1.0000	0.2353	NaN	NaN	NaN	602449.7167	602450.0667	1.0000	1.0000	0.2176
22zz02	1	15	0	1	1.0000	1.0000	-1.0000	NaN	0.0242	-1.2996	15.4341	602452.1347	602452.4368	0.0000	1.0000	0.1201
22zz02	1	15	0	1	2.0000	1.0000	1.0000	0.5036	NaN	NaN	NaN	602453.0461	602453.3975	1.0000	1.0000	0.0384
22zz02	1	16	0	1	1.0000	1.0000	1.0000	NaN	9.1345	8.8616	14.8817	602455.2278	602455.5300	1.0000	1.0000	0.1785
22zz02	1	16	0	1	2.0000	1.0000	-1.0000	0.0731	NaN	NaN	NaN	602456.1809	602456.5846	0.0000	1.0000	0.0206
22zz02	1	17	0	1	1.0000	1.0000	1.0000	NaN	4.3723	4.4955	14.6931	602458.6477	602458.9515	1.0000	1.0000	0.2443
22zz02	1	17	0	1	2.0000	1.0000	1.0000	0.4564	NaN	NaN	NaN	602459.7029	602460.1177	1.0000	1.0000	0.5021
22zz02	1	18	0	1	1.0000	1.0000	-1.0000	NaN	0.5020	-1.0918	14.5602	602462.8728	602463.1793	0.0000	1.0000	0.1297
22zz02	1	18	0	1	2.0000	1.0000	-1.0000	0.7810	NaN	NaN	NaN	602463.8009	602464.1940	0.0000	1.0000	0.4099
22zz02	1	19	0	1	1.0000	1.0000	1.0000	NaN	6.8525	9.1903	15.7850	602466.7295	602467.0317	1.0000	1.0000	0.1966
22zz02	1	19	0	1	2.0000	1.0000	1.0000	0.9219	NaN	NaN	NaN	602467.7168	602468.0733	1.0000	1.0000	0.0678
22zz02	1	20	0	1	1.0000	1.0000	-1.0000	NaN	10.9019	-10.5332	14.4826	602470.3388	602470.6422	0.0000	1.0000	0.1702
22zz02	1	20	0	1	2.0000	1.0000	-1.0000	0.0392	NaN	NaN	NaN	602471.3172	602471.6732	1.0000	0.0000	0.0999
22zz02	1	21	0	1	1.0000	1.0000	-1.0000	NaN	9.4897	-7.9768	15.6590	602473.8711	602474.1739	0.0000	1.0000	0.2546
22zz02	1	21	0	1	2.0000	1.0000	1.0000	0.8574	NaN	NaN	NaN	602474.9002	602475.2563	1.0000	1.0000	0.1810
22zz02	1	22	0	1	1.0000	1.0000	-1.0000	NaN	11.7548	-13.2819	14.4559	602477.6370	602477.9392	0.0000	1.0000	0.2661
22zz02	1	22	0	1	2.0000	1.0000	1.0000	0.4382	NaN	NaN	NaN	602478.6936	602479.0447	1.0000	1.0000	0.2326
22zz02	1	23	0	1	1.0000	1.0000	-1.0000	NaN	3.9745	-5.2499	16.2113	602481.6209	602481.9237	0.0000	1.0000	0.1841
22zz02	1	23	0	1	2.0000	1.0000	-1.0000	0.0333	NaN	NaN	NaN	602482.5966	602482.9485	0.0000	1.0000	0.2647
22zz02	1	24	0	1	1.0000	1.0000	-1.0000	NaN	7.0842	-7.0427	14.2587	602485.4055	602485.7086	0.0000	1.0000	2.5592
22zz02	1	24	0	1	2.0000	1.0000	-1.0000	0.4570	NaN	NaN	NaN	602488.7721	602489.1261	1.0000	0.0000	0.1498
22zz02	1	25	0	1	1.0000	1.0000	1.0000	NaN	3.6277	3.2960	15.6739	602491.7208	602492.0240	0.0000	0.0000	0.1798
22zz02	1	25	0	1	2.0000	1.0000	1.0000	0.3521	NaN	NaN	NaN	602492.6623	602493.0122	0.0000	0.0000	0.2010
22zz02	1	26	0	1	1.0000	1.0000	-1.0000	NaN	5.5784	-3.8583	14.0648	602495.7591	602496.0612	0.0000	1.0000	0.4147
22zz02	1	26	0	1	2.0000	1.0000	1.0000	0.5023	NaN	NaN	NaN	602496.9811	602497.3310	1.0000	1.0000	0.1860
22zz02	1	27	0	1	1.0000	1.0000	1.0000	NaN	7.4990	7.5415	14.8006	602499.4894	602499.7915	1.0000	1.0000	0.2843
22zz02	1	27	0	1	2.0000	1.0000	-1.0000	0.8762	NaN	NaN	NaN	602500.6126	602500.9643	0.0000	1.0000	0.0395
22zz02	1	28	0	1	1.0000	1.0000	-1.0000	NaN	8.0414	-7.8828	16.6790	602503.4296	602503.7334	0.0000	1.0000	0.2318
22zz02	1	28	0	1	2.0000	1.0000	1.0000	0.6097	NaN	NaN	NaN	602504.4709	602504.8473	1.0000	1.0000	0.1257
22zz02	1	29	0	1	1.0000	1.0000	-1.0000	NaN	0.4181	-0.5809	14.5974	602507.4885	602507.7908	0.0000	1.0000	0.1730
22zz02	1	29	0	1	2.0000	1.0000	1.0000	0.8500	NaN	NaN	NaN	602508.4689	602508.8251	1.0000	1.0000	0.0999
22zz02	1	30	0	1	1.0000	1.0000	1.0000	NaN	4.0880	2.6743	16.6475	602511.1917	602511.4938	1.0000	1.0000	0.3428
22zz02	1	30	0	1	2.0000	1.0000	-1.0000	0.7522	NaN	NaN	NaN	602512.3563	602512.7096	0.0000	1.0000	0.0862
22zz02	1	31	0	1	1.0000	1.0000	-1.0000	NaN	1.3987	-1.8968	14.2539	602514.8212	602515.1238	0.0000	1.0000	0.2008
22zz02	1	31	0	1	2.0000	1.0000	-1.0000	0.5020	NaN	NaN	NaN	602515.8127	602516.1638	1.0000	0.0000	0.1040
22zz02	1	32	0	1	1.0000	1.0000	-1.0000	NaN	8.3230	-9.2983	16.2974	602518.6896	602518.9918	0.0000	1.0000	0.1879
22zz02	1	32	0	1	2.0000	1.0000	-1.0000	0.9264	NaN	NaN	NaN	602519.6688	602520.0245	0.0000	1.0000	0.1005
22zz02	1	33	0	1	1.0000	1.0000	1.0000	NaN	0.1385	0.3033	14.4603	602522.5497	602522.8518	1.0000	1.0000	2.5680
22zz02	1	33	0	1	2.0000	1.0000	1.0000	0.5640	NaN	NaN	NaN	602525.9567	602526.3089	1.0000	1.0000	0.2948
22zz02	1	34	0	1	1.0000	1.0000	-1.0000	NaN	0.3385	-1.2072	14.9434	602528.6473	602528.9494	1.0000	0.0000	0.3104
22zz02	1	34	0	1	2.0000	1.0000	-1.0000	0.4372	NaN	NaN	NaN	602529.7648	602530.1201	0.0000	1.0000	0.4849
22zz02	1	35	0	1	1.0000	1.0000	-1.0000	NaN	3.7089	-4.4488	14.4648	602532.7641	602533.0663	0.0000	1.0000	0.2900
22zz02	1	35	0	1	2.0000	1.0000	1.0000	0.7567	NaN	NaN	NaN	602533.8603	602534.2100	1.0000	1.0000	0.2021
22zz02	1	36	0	1	1.0000	1.0000	-1.0000	NaN	4.9793	-6.0623	15.2039	602536.8361	602537.1393	0.0000	1.0000	0.2496
22zz02	1	36	0	1	2.0000	1.0000	-1.0000	0.5652	NaN	NaN	NaN	602537.8935	602538.2431	0.0000	1.0000	1.0327
22zz02	1	37	0	1	1.0000	1.0000	-1.0000	NaN	5.6484	-5.1994	13.4756	602541.2756	602541.5777	0.0000	1.0000	0.1948
22zz02	1	37	0	1	2.0000	1.0000	1.0000	0.3847	NaN	NaN	NaN	602542.2606	602542.6121	1.0000	1.0000	0.1047
22zz02	1	38	0	1	1.0000	1.0000	-1.0000	NaN	4.0445	-4.1675	15.3479	602544.7498	602545.0520	0.0000	1.0000	0.1758
22zz02	1	38	0	1	2.0000	1.0000	1.0000	0.4999	NaN	NaN	NaN	602545.7325	602546.0858	1.0000	1.0000	0.1991
22zz02	1	39	0	1	1.0000	1.0000	-1.0000	NaN	9.6869	-12.0108	14.3207	602548.4098	602548.7119	0.0000	1.0000	0.1972
22zz02	1	39	0	1	2.0000	1.0000	1.0000	0.6378	NaN	NaN	NaN	602549.4151	602549.8191	1.0000	1.0000	0.0486
22zz02	1	40	0	1	1.0000	1.0000	-1.0000	NaN	9.3841	-9.4898	14.6696	602552.0253	602552.3274	0.0000	1.0000	0.2603
22zz02	1	40	0	1	2.0000	1.0000	1.0000	0.0721	NaN	NaN	NaN	602553.1094	602553.4590	1.0000	1.0000	0.5054
22zz02	1	41	0	1	1.0000	1.0000	1.0000	NaN	0.7502	0.8569	14.9266	602556.1943	602556.4964	1.0000	1.0000	0.4769
22zz02	1	41	0	1	2.0000	1.0000	1.0000	0.1868	NaN	NaN	NaN	602557.4769	602557.8280	1.0000	1.0000	0.1837
22zz02	1	42	0	1	1.0000	1.0000	1.0000	NaN	9.5830	8.6735	13.8743	602560.0007	602560.3039	1.0000	1.0000	0.1079
22zz02	1	42	0	1	2.0000	1.0000	-1.0000	0.8755	NaN	NaN	NaN	602560.9169	602561.2724	0.0000	1.0000	0.1804
22zz02	1	43	0	1	1.0000	1.0000	-1.0000	NaN	6.6264	-3.4048	15.5187	602563.6686	602563.9713	0.0000	1.0000	0.2805
22zz02	1	43	0	1	2.0000	1.0000	-1.0000	0.8790	NaN	NaN	NaN	602564.7723	602565.1236	0.0000	1.0000	0.2815
22zz02	1	44	0	1	1.0000	1.0000	-1.0000	NaN	4.6611	-6.3282	16.3479	602567.4554	602567.7575	0.0000	1.0000	0.1746
22zz02	1	44	0	1	2.0000	1.0000	1.0000	0.7078	NaN	NaN	NaN	602568.4205	602568.7734	1.0000	1.0000	0.2787
22zz02	1	45	0	1	1.0000	1.0000	-1.0000	NaN	10.7629	-10.0258	15.7400	602571.2600	602571.5622	0.0000	1.0000	0.0816
22zz02	1	45	0	1	2.0000	1.0000	1.0000	0.4869	NaN	NaN	NaN	602572.1489	602572.5051	1.0000	1.0000	0.6106
22zz02	1	46	0	1	1.0000	1.0000	1.0000	NaN	5.1642	3.8918	14.9869	602575.1910	602575.4932	1.0000	1.0000	0.3435
22zz02	1	46	0	1	2.0000	1.0000	-1.0000	0.3522	NaN	NaN	NaN	602576.3895	602576.7397	0.0000	1.0000	0.1525
22zz02	1	47	0	1	1.0000	1.0000	-1.0000	NaN	4.6984	-5.9195	14.2618	602578.9671	602579.2704	0.0000	1.0000	0.1338
22zz02	1	47	0	1	2.0000	1.0000	-1.0000	0.5946	NaN	NaN	NaN	602579.9085	602580.2600	0.0000	1.0000	0.3450
22zz02	1	48	0	1	1.0000	1.0000	-1.0000	NaN	7.0175	-6.5044	15.8180	602582.3953	602582.6975	0.0000	1.0000	0.1462
22zz02	1	48	0	1	2.0000	1.0000	1.0000	0.0330	NaN	NaN	NaN	602583.3650	602583.7212	1.0000	1.0000	0.1480
22zz02	1	49	0	1	1.0000	1.0000	-1.0000	NaN	0.3437	-3.0622	15.0649	602586.1932	602586.4954	0.0000	1.0000	0.1253
22zz02	1	49	0	1	2.0000	1.0000	1.0000	0.1715	NaN	NaN	NaN	602587.1244	602587.4764	1.0000	1.0000	0.2486
22zz02	1	50	0	1	1.0000	1.0000	-1.0000	NaN	4.8844	-5.4262	14.0873	602589.6814	602589.9835	0.0000	1.0000	0.2048
22zz02	1	50	0	1	2.0000	1.0000	1.0000	0.5537	NaN	NaN	NaN	602590.6925	602591.0428	1.0000	1.0000	0.3454
22zz02	2	1	0	1	1.0000	1.0000	1.0000	NaN	5.6330	3.6735	14.5538	602595.5727	602595.8764	0.0000	0.0000	0.4885
22zz02	2	1	0	1	2.0000	1.0000	-1.0000	0.0930	NaN	NaN	NaN	602596.8907	602597.3126	0.0000	1.0000	0.2528
22zz02	2	2	0	1	1.0000	1.0000	-1.0000	NaN	11.3299	-11.8575	14.1527	602599.7637	602600.0711	0.0000	1.0000	0.1339
22zz02	2	2	0	1	2.0000	1.0000	1.0000	0.6902	NaN	NaN	NaN	602600.7615	602601.1785	1.0000	1.0000	0.0184
22zz02	2	3	0	1	1.0000	1.0000	-1.0000	NaN	6.2927	-7.2044	15.2302	602603.5717	602603.8739	0.0000	1.0000	0.1872
22zz02	2	3	0	1	2.0000	1.0000	-1.0000	0.6644	NaN	NaN	NaN	602604.5646	602604.9201	0.0000	1.0000	0.1167
22zz02	2	4	0	1	1.0000	1.0000	1.0000	NaN	2.9443	1.5832	14.0871	602606.9700	602607.2720	0.0000	0.0000	0.2597
22zz02	2	4	0	1	2.0000	1.0000	1.0000	0.7355	NaN	NaN	NaN	602608.0526	602608.4047	1.0000	1.0000	0.0550
22zz02	2	5	0	1	1.0000	1.0000	1.0000	NaN	3.5469	2.6686	15.4352	602610.5438	602610.8460	0.0000	0.0000	0.1748
22zz02	2	5	0	1	2.0000	1.0000	-1.0000	0.9302	NaN	NaN	NaN	602611.5564	602611.9060	0.0000	1.0000	0.1057
22zz02	2	6	0	1	1.0000	1.0000	-1.0000	NaN	6.4959	-6.3313	14.4673	602614.4578	602614.7599	0.0000	1.0000	0.1958
22zz02	2	6	0	1	2.0000	1.0000	1.0000	0.1090	NaN	NaN	NaN	602615.4766	602615.8324	1.0000	1.0000	0.2920
22zz02	2	7	0	1	1.0000	1.0000	1.0000	NaN	2.7411	2.7580	12.8939	602618.5163	602618.8185	1.0000	1.0000	0.5216
22zz02	2	7	0	1	2.0000	1.0000	-1.0000	0.6962	NaN	NaN	NaN	602619.8286	602620.1819	0.0000	1.0000	0.0858
22zz02	2	8	0	1	1.0000	1.0000	-1.0000	NaN	5.8354	-6.4243	14.9919	602622.4694	602622.7716	0.0000	1.0000	0.1691
22zz02	2	8	0	1	2.0000	1.0000	1.0000	0.0914	NaN	NaN	NaN	602623.4606	602623.8151	1.0000	1.0000	0.1165
22zz02	2	9	0	1	1.0000	1.0000	1.0000	NaN	6.5545	7.2982	15.0633	602625.8332	602626.1354	1.0000	1.0000	0.1336
22zz02	2	9	0	1	2.0000	1.0000	1.0000	0.6481	NaN	NaN	NaN	602626.7566	602627.1077	1.0000	1.0000	0.1852
22zz02	2	10	0	1	1.0000	1.0000	1.0000	NaN	6.7401	9.8172	14.0801	602629.4586	602629.7607	1.0000	1.0000	0.3001
22zz02	2	10	0	1	2.0000	1.0000	1.0000	0.3363	NaN	NaN	NaN	602630.5490	602630.9021	1.0000	1.0000	0.1335
22zz02	2	11	0	1	1.0000	1.0000	1.0000	NaN	4.9720	4.9099	14.9629	602633.4857	602633.7878	1.0000	1.0000	0.3038
22zz02	2	11	0	1	2.0000	1.0000	-1.0000	0.5439	NaN	NaN	NaN	602634.5808	602634.9354	0.0000	1.0000	0.1014
22zz02	2	12	0	1	1.0000	1.0000	1.0000	NaN	0.6565	0.1316	15.2752	602636.9935	602637.2956	1.0000	1.0000	0.2692
22zz02	2	12	0	1	2.0000	1.0000	1.0000	0.6129	NaN	NaN	NaN	602638.0382	602638.3880	1.0000	1.0000	0.1528
22zz02	2	13	0	1	1.0000	1.0000	1.0000	NaN	2.9949	3.4657	15.5610	602640.8506	602641.1551	0.0000	0.0000	2.3299
22zz02	2	13	0	1	2.0000	1.0000	1.0000	0.7591	NaN	NaN	NaN	602644.0256	602644.4406	1.0000	1.0000	0.0676
22zz02	2	14	0	1	1.0000	1.0000	-1.0000	NaN	5.3094	-5.0561	16.9497	602647.0329	602647.3350	0.0000	1.0000	0.1650
22zz02	2	14	0	1	2.0000	1.0000	1.0000	0.0842	NaN	NaN	NaN	602647.9878	602648.3375	1.0000	1.0000	0.1395
22zz02	2	15	0	1	1.0000	1.0000	-1.0000	NaN	4.1505	-2.4137	15.0253	602650.5257	602650.8278	0.0000	1.0000	0.1598
22zz02	2	15	0	1	2.0000	1.0000	1.0000	0.3777	NaN	NaN	NaN	602651.4929	602651.8470	1.0000	1.0000	0.1179
22zz02	2	16	0	1	1.0000	1.0000	-1.0000	NaN	10.6239	-10.4227	14.2812	602654.2552	602654.5574	0.0000	1.0000	0.1276
22zz02	2	16	0	1	2.0000	1.0000	1.0000	0.2110	NaN	NaN	NaN	602655.1885	602655.5395	1.0000	1.0000	0.1045
22zz02	2	17	0	1	1.0000	1.0000	-1.0000	NaN	5.5823	-4.5535	15.8211	602657.9953	602658.2981	1.0000	0.0000	0.1949
22zz02	2	17	0	1	2.0000	1.0000	-1.0000	0.2442	NaN	NaN	NaN	602658.9650	602659.3188	1.0000	0.0000	0.4529
22zz02	2	18	0	1	1.0000	1.0000	-1.0000	NaN	4.5187	-3.8541	15.9002	602661.7476	602662.0497	0.0000	1.0000	0.2340
22zz02	2	18	0	1	2.0000	1.0000	1.0000	0.0667	NaN	NaN	NaN	602662.8370	602663.1867	1.0000	1.0000	0.1695
22zz02	2	19	0	1	1.0000	1.0000	-1.0000	NaN	0.9829	-1.5836	13.3217	602665.3556	602665.6577	0.0000	1.0000	0.2426
22zz02	2	19	0	1	2.0000	1.0000	-1.0000	0.0333	NaN	NaN	NaN	602666.4536	602666.8032	1.0000	0.0000	0.4244
22zz02	2	20	0	1	1.0000	1.0000	1.0000	NaN	5.6103	6.1024	13.1858	602669.6000	602669.9020	1.0000	1.0000	0.2387
22zz02	2	20	0	1	2.0000	1.0000	-1.0000	0.6854	NaN	NaN	NaN	602670.6446	602671.0002	0.0000	1.0000	0.3087
22zz02	2	21	0	1	1.0000	1.0000	-1.0000	NaN	2.0085	-1.4527	15.5452	602673.4551	602673.7573	0.0000	1.0000	0.2383
22zz02	2	21	0	1	2.0000	1.0000	-1.0000	0.5915	NaN	NaN	NaN	602674.5168	602674.8680	0.0000	1.0000	0.2167
22zz02	2	22	0	1	1.0000	1.0000	1.0000	NaN	1.0709	2.7540	16.2430	602677.7233	602678.0255	1.0000	1.0000	0.2113
22zz02	2	22	0	1	2.0000	1.0000	-1.0000	0.0898	NaN	NaN	NaN	602678.6929	602679.0498	0.0000	1.0000	0.3379
22zz02	2	23	0	1	1.0000	1.0000	1.0000	NaN	4.5020	5.4242	14.4652	602681.3372	602681.6393	1.0000	1.0000	0.1803
22zz02	2	23	0	1	2.0000	1.0000	-1.0000	0.6158	NaN	NaN	NaN	602682.3404	602682.6955	0.0000	1.0000	0.1801
22zz02	2	24	0	1	1.0000	1.0000	1.0000	NaN	7.8978	8.5782	15.4656	602685.0994	602685.4016	1.0000	1.0000	0.1625
22zz02	2	24	0	1	2.0000	1.0000	-1.0000	0.2753	NaN	NaN	NaN	602686.1021	602686.4522	0.0000	1.0000	0.1674
22zz02	2	25	0	1	1.0000	1.0000	-1.0000	NaN	10.6460	-10.9570	15.1878	602688.5856	602688.8876	0.0000	1.0000	0.2120
22zz02	2	25	0	1	2.0000	1.0000	-1.0000	0.9369	NaN	NaN	NaN	602689.5913	602690.0059	0.0000	1.0000	0.1343
22zz02	2	26	0	1	1.0000	1.0000	1.0000	NaN	6.6873	6.8616	15.5548	602692.6028	602692.9065	0.0000	0.0000	0.2571
22zz02	2	26	0	1	2.0000	1.0000	1.0000	0.8225	NaN	NaN	NaN	602693.6891	602694.1051	1.0000	1.0000	0.1638
22zz02	2	27	0	1	1.0000	1.0000	1.0000	NaN	2.5293	6.0884	13.8341	602696.6356	602696.9394	1.0000	1.0000	0.3056
22zz02	2	27	0	1	2.0000	1.0000	1.0000	0.6777	NaN	NaN	NaN	602697.7713	602698.1907	1.0000	1.0000	0.1409
22zz02	2	28	0	1	1.0000	1.0000	1.0000	NaN	5.0077	6.7480	14.9335	602700.3718	602700.6762	1.0000	1.0000	0.2796
22zz02	2	28	0	1	2.0000	1.0000	-1.0000	0.4127	NaN	NaN	NaN	602701.4794	602701.8850	0.0000	1.0000	0.1426
22zz02	2	29	0	1	1.0000	1.0000	1.0000	NaN	11.9775	13.0138	16.3733	602704.3268	602704.6303	1.0000	1.0000	0.1825
22zz02	2	29	0	1	2.0000	1.0000	1.0000	0.5869	NaN	NaN	NaN	602705.2849	602705.6345	1.0000	1.0000	0.1542
22zz02	2	30	0	1	1.0000	1.0000	-1.0000	NaN	7.8035	-7.8937	15.1220	602708.0808	602708.3830	0.0000	1.0000	0.1886
22zz02	2	30	0	1	2.0000	1.0000	1.0000	0.3696	NaN	NaN	NaN	602709.0927	602709.4482	1.0000	1.0000	0.1808
22zz02	2	31	0	1	1.0000	1.0000	1.0000	NaN	2.5824	2.9221	14.5012	602711.9478	602712.2499	1.0000	1.0000	0.1616
22zz02	2	31	0	1	2.0000	1.0000	1.0000	0.2932	NaN	NaN	NaN	602712.9012	602713.2509	1.0000	1.0000	0.2327
22zz02	2	32	0	1	1.0000	1.0000	1.0000	NaN	1.9350	3.8022	13.7419	602715.3662	602715.6683	1.0000	1.0000	0.3125
22zz02	2	32	0	1	2.0000	1.0000	-1.0000	0.5314	NaN	NaN	NaN	602716.4685	602716.8197	0.0000	1.0000	0.3598
22zz02	2	33	0	1	1.0000	1.0000	-1.0000	NaN	1.4128	-1.2351	13.8863	602719.3712	602719.6734	0.0000	1.0000	0.3547
22zz02	2	33	0	1	2.0000	1.0000	-1.0000	0.7346	NaN	NaN	NaN	602720.5174	602720.8672	0.0000	1.0000	0.2654
22zz02	2	34	0	1	1.0000	1.0000	-1.0000	NaN	7.6533	-9.3251	14.6715	602723.5054	602723.8075	0.0000	1.0000	0.2209
22zz02	2	34	0	1	2.0000	1.0000	1.0000	0.6475	NaN	NaN	NaN	602724.5340	602724.8836	1.0000	1.0000	0.1211
22zz02	2	35	0	1	1.0000	1.0000	-1.0000	NaN	8.2411	-7.2460	15.2911	602727.1876	602727.4897	0.0000	1.0000	0.1539
22zz02	2	35	0	1	2.0000	1.0000	-1.0000	0.3184	NaN	NaN	NaN	602728.1338	602728.4834	0.0000	1.0000	0.2174
22zz02	2	36	0	1	1.0000	1.0000	-1.0000	NaN	7.6340	-5.6041	14.0114	602731.1565	602731.4587	0.0000	1.0000	0.1375
22zz02	2	36	0	1	2.0000	1.0000	-1.0000	0.4900	NaN	NaN	NaN	602732.1169	602732.4665	1.0000	0.0000	0.1376
22zz02	2	37	0	1	1.0000	1.0000	-1.0000	NaN	5.3619	-4.1735	14.9590	602734.6216	602734.9237	0.0000	1.0000	0.2079
22zz02	2	37	0	1	2.0000	1.0000	-1.0000	0.8454	NaN	NaN	NaN	602735.6237	602736.0383	0.0000	1.0000	0.0550
22zz02	2	38	0	1	1.0000	1.0000	-1.0000	NaN	1.0354	-1.6700	15.3681	602738.3897	602738.6960	1.0000	0.0000	0.2278
22zz02	2	38	0	1	2.0000	1.0000	-1.0000	0.4885	NaN	NaN	NaN	602739.4184	602739.8261	0.0000	1.0000	0.4102
22zz02	2	39	0	1	1.0000	1.0000	-1.0000	NaN	4.5359	-5.2337	14.9930	602742.4112	602742.7133	0.0000	1.0000	0.1957
22zz02	2	39	0	1	2.0000	1.0000	-1.0000	0.6356	NaN	NaN	NaN	602743.4447	602743.7978	0.0000	1.0000	0.3417
22zz02	2	40	0	1	1.0000	1.0000	-1.0000	NaN	3.1843	-3.9797	14.8171	602746.5302	602746.8323	0.0000	1.0000	0.2996
22zz02	2	40	0	1	2.0000	1.0000	1.0000	0.2615	NaN	NaN	NaN	602747.6203	602747.9757	1.0000	1.0000	0.1806
22zz02	2	41	0	1	1.0000	1.0000	-1.0000	NaN	8.4650	-8.5618	15.9564	602750.2061	602750.5083	0.0000	1.0000	0.3517
22zz02	2	41	0	1	2.0000	1.0000	1.0000	0.1489	NaN	NaN	NaN	602751.3814	602751.7322	1.0000	1.0000	0.3113
22zz02	2	42	0	1	1.0000	1.0000	-1.0000	NaN	8.4695	-8.2221	14.2979	602754.4274	602754.7295	0.0000	1.0000	0.2593
22zz02	2	42	0	1	2.0000	1.0000	1.0000	0.9362	NaN	NaN	NaN	602755.4761	602755.8292	1.0000	1.0000	0.1990
22zz02	2	43	0	1	1.0000	1.0000	1.0000	NaN	5.3554	4.8065	13.9329	602758.1035	602758.4056	1.0000	1.0000	0.2151
22zz02	2	43	0	1	2.0000	1.0000	-1.0000	0.6536	NaN	NaN	NaN	602759.1568	602759.5123	0.0000	1.0000	0.1325
22zz02	2	44	0	1	1.0000	1.0000	1.0000	NaN	7.0623	5.4707	15.3161	602761.7671	602762.0692	1.0000	1.0000	0.2475
22zz02	2	44	0	1	2.0000	1.0000	-1.0000	0.5844	NaN	NaN	NaN	602762.8210	602763.1747	0.0000	1.0000	0.4696
22zz02	2	45	0	1	1.0000	1.0000	-1.0000	NaN	1.0906	-0.1510	13.7993	602765.6919	602765.9943	0.0000	1.0000	0.3064
22zz02	2	45	0	1	2.0000	1.0000	-1.0000	0.6484	NaN	NaN	NaN	602766.8045	602767.1578	1.0000	0.0000	0.6788
22zz02	2	46	0	1	1.0000	1.0000	-1.0000	NaN	7.5990	-9.2509	15.2548	602770.2387	602770.5408	0.0000	1.0000	0.2079
22zz02	2	46	0	1	2.0000	1.0000	-1.0000	0.6045	NaN	NaN	NaN	602771.2687	602771.6245	0.0000	1.0000	0.0830
22zz02	2	47	0	1	1.0000	1.0000	-1.0000	NaN	8.4087	-9.6547	15.6705	602773.7315	602774.0337	0.0000	1.0000	0.1704
22zz02	2	47	0	1	2.0000	1.0000	1.0000	0.9124	NaN	NaN	NaN	602774.7407	602775.0948	1.0000	1.0000	0.1167
22zz02	2	48	0	1	1.0000	1.0000	-1.0000	NaN	9.5866	-8.0956	15.8718	602777.2122	602777.5143	0.0000	1.0000	0.3372
22zz02	2	48	0	1	2.0000	1.0000	-1.0000	0.1762	NaN	NaN	NaN	602778.3882	602778.7446	0.0000	1.0000	0.4361
22zz02	2	49	0	1	1.0000	1.0000	1.0000	NaN	4.2731	4.1602	14.6932	602781.0358	602781.3379	0.0000	0.0000	1.3464
22zz02	2	49	0	1	2.0000	1.0000	-1.0000	0.5913	NaN	NaN	NaN	602783.2224	602783.6345	0.0000	1.0000	0.3303
22zz02	2	50	0	1	1.0000	1.0000	1.0000	NaN	4.2351	4.2659	16.0016	602785.8839	602786.1878	1.0000	1.0000	0.2889
22zz02	2	50	0	1	2.0000	1.0000	1.0000	0.2754	NaN	NaN	NaN	602787.0010	602787.4195	1.0000	1.0000	0.1124
22zz02	3	1	0	1	1.0000	1.0000	-1.0000	NaN	2.7623	-1.7322	14.3596	602790.8657	602791.1703	0.0000	1.0000	0.3615
22zz02	3	1	0	1	2.0000	1.0000	-1.0000	0.3206	NaN	NaN	NaN	602792.0561	602792.4688	0.0000	1.0000	0.2792
22zz02	3	2	0	1	1.0000	1.0000	-1.0000	NaN	8.9368	-8.4570	15.6573	602795.0918	602795.3963	0.0000	1.0000	0.1992
22zz02	3	2	0	1	2.0000	1.0000	1.0000	0.2180	NaN	NaN	NaN	602796.1197	602796.5118	1.0000	1.0000	0.3956
22zz02	3	3	0	1	1.0000	1.0000	1.0000	NaN	6.3602	7.2056	14.5793	602799.1253	602799.4274	1.0000	1.0000	0.2005
22zz02	3	3	0	1	2.0000	1.0000	-1.0000	0.6420	NaN	NaN	NaN	602800.1163	602800.4730	0.0000	1.0000	0.1478
22zz02	3	4	0	1	1.0000	1.0000	1.0000	NaN	3.7555	4.9184	13.9048	602803.0276	602803.3298	1.0000	1.0000	0.2820
22zz02	3	4	0	1	2.0000	1.0000	1.0000	0.5859	NaN	NaN	NaN	602804.1158	602804.4726	1.0000	1.0000	0.0994
22zz02	3	5	0	1	1.0000	1.0000	-1.0000	NaN	9.6789	-6.7787	15.7108	602806.5622	602806.8644	0.0000	1.0000	0.2991
22zz02	3	5	0	1	2.0000	1.0000	1.0000	0.1089	NaN	NaN	NaN	602807.6685	602808.0225	1.0000	1.0000	0.1341
22zz02	3	6	0	1	1.0000	1.0000	-1.0000	NaN	2.5540	-6.2293	14.2680	602810.7472	602811.0493	0.0000	1.0000	0.1954
22zz02	3	6	0	1	2.0000	1.0000	1.0000	0.2966	NaN	NaN	NaN	602811.7484	602812.1058	1.0000	1.0000	0.1941
22zz02	3	7	0	1	1.0000	1.0000	1.0000	NaN	10.0692	11.4082	14.8944	602814.8595	602815.1616	1.0000	1.0000	0.2428
22zz02	3	7	0	1	2.0000	1.0000	1.0000	0.3561	NaN	NaN	NaN	602815.8769	602816.2275	1.0000	1.0000	0.2172
22zz02	3	8	0	1	1.0000	1.0000	1.0000	NaN	6.1311	4.7611	15.5761	602818.6704	602818.9733	0.0000	0.0000	0.3822
22zz02	3	8	0	1	2.0000	1.0000	-1.0000	0.4377	NaN	NaN	NaN	602819.8765	602820.2273	0.0000	1.0000	0.1374
22zz02	3	9	0	1	1.0000	1.0000	-1.0000	NaN	2.7986	-3.0084	15.4041	602822.4052	602822.7081	0.0000	1.0000	0.2317
22zz02	3	9	0	1	2.0000	1.0000	1.0000	0.6457	NaN	NaN	NaN	602823.4621	602823.8118	1.0000	1.0000	0.7762
22zz02	3	10	0	1	1.0000	1.0000	-1.0000	NaN	8.7861	-10.3114	15.5392	602826.8317	602827.1362	0.0000	1.0000	0.2045
22zz02	3	10	0	1	2.0000	1.0000	1.0000	0.7971	NaN	NaN	NaN	602827.8663	602828.2847	1.0000	1.0000	0.0640
22zz02	3	11	0	1	1.0000	1.0000	-1.0000	NaN	4.0152	-2.6357	14.4063	602830.2645	602830.5666	0.0000	1.0000	0.2783
22zz02	3	11	0	1	2.0000	1.0000	1.0000	0.9355	NaN	NaN	NaN	602831.3482	602831.7048	1.0000	1.0000	0.1467
22zz02	3	12	0	1	1.0000	1.0000	1.0000	NaN	3.0483	3.5239	14.5097	602834.0115	602834.3136	1.0000	1.0000	0.2899
22zz02	3	12	0	1	2.0000	1.0000	-1.0000	0.4098	NaN	NaN	NaN	602835.0939	602835.4446	0.0000	1.0000	0.2634
22zz02	3	13	0	1	1.0000	1.0000	-1.0000	NaN	6.6246	-3.9661	15.4503	602838.0583	602838.3605	0.0000	1.0000	0.2590
22zz02	3	13	0	1	2.0000	1.0000	-1.0000	0.7183	NaN	NaN	NaN	602839.1407	602839.4930	0.0000	1.0000	0.3275
22zz02	3	14	0	1	1.0000	1.0000	1.0000	NaN	1.4408	2.8401	15.9327	602842.2271	602842.5292	1.0000	1.0000	0.2988
22zz02	3	14	0	1	2.0000	1.0000	-1.0000	0.0964	NaN	NaN	NaN	602843.3322	602843.6875	1.0000	0.0000	0.6133
22zz02	3	15	0	1	1.0000	1.0000	1.0000	NaN	11.7567	11.9920	14.6484	602846.7912	602847.0933	1.0000	1.0000	0.2634
22zz02	3	15	0	1	2.0000	1.0000	-1.0000	0.4641	NaN	NaN	NaN	602847.8446	602848.1964	0.0000	1.0000	0.1990
22zz02	3	16	0	1	1.0000	1.0000	-1.0000	NaN	1.0866	-2.9705	14.4126	602850.6034	602850.9066	0.0000	1.0000	0.3053
22zz02	3	16	0	1	2.0000	1.0000	1.0000	0.5848	NaN	NaN	NaN	602851.7327	602852.0868	1.0000	1.0000	0.1659
22zz02	3	17	0	1	1.0000	1.0000	1.0000	NaN	9.8214	11.9192	14.4802	602854.2695	602854.5731	1.0000	1.0000	0.1749
22zz02	3	17	0	1	2.0000	1.0000	-1.0000	0.2710	NaN	NaN	NaN	602855.2363	602855.5907	0.0000	1.0000	0.1967
22zz02	3	18	0	1	1.0000	1.0000	1.0000	NaN	7.2031	9.8964	14.3290	602857.7616	602858.0637	1.0000	1.0000	0.2689
22zz02	3	18	0	1	2.0000	1.0000	-1.0000	0.1049	NaN	NaN	NaN	602858.8686	602859.2239	0.0000	1.0000	0.3556
22zz02	3	19	0	1	1.0000	1.0000	-1.0000	NaN	7.9499	-5.9111	15.6809	602861.4783	602861.7804	0.0000	1.0000	1.1283
22zz02	3	19	0	1	2.0000	1.0000	-1.0000	0.0716	NaN	NaN	NaN	602863.4602	602863.8098	0.0000	1.0000	0.4747
22zz02	3	20	0	1	1.0000	1.0000	1.0000	NaN	9.0708	10.4746	15.5739	602866.4456	602866.7478	1.0000	1.0000	0.2236
22zz02	3	20	0	1	2.0000	1.0000	-1.0000	0.0268	NaN	NaN	NaN	602867.4767	602867.8262	0.0000	1.0000	0.3132
22zz02	3	21	0	1	1.0000	1.0000	-1.0000	NaN	7.5410	-7.5622	15.3472	602870.5965	602870.8986	0.0000	1.0000	0.2020
22zz02	3	21	0	1	2.0000	1.0000	-1.0000	0.8604	NaN	NaN	NaN	602871.6362	602871.9899	0.0000	1.0000	0.1655
22zz02	3	22	0	1	1.0000	1.0000	-1.0000	NaN	1.9457	-0.3055	14.2926	602874.0973	602874.3994	1.0000	0.0000	0.5252
22zz02	3	22	0	1	2.0000	1.0000	1.0000	0.6726	NaN	NaN	NaN	602875.5132	602875.9117	1.0000	1.0000	0.1796
22zz02	3	23	0	1	1.0000	1.0000	1.0000	NaN	4.9929	2.7580	15.5233	602878.4203	602878.7224	1.0000	1.0000	0.2342
22zz02	3	23	0	1	2.0000	1.0000	-1.0000	0.6557	NaN	NaN	NaN	602879.4768	602879.8283	0.0000	1.0000	0.1524
22zz02	3	24	0	1	1.0000	1.0000	-1.0000	NaN	11.3395	-8.3783	14.7101	602882.2463	602882.5484	0.0000	1.0000	0.2316
22zz02	3	24	0	1	2.0000	1.0000	-1.0000	0.9417	NaN	NaN	NaN	602883.3163	602883.6726	0.0000	1.0000	0.1148
22zz02	3	25	0	1	1.0000	1.0000	1.0000	NaN	2.0668	1.2353	16.1024	602885.8355	602886.1382	1.0000	1.0000	0.2732
22zz02	3	25	0	1	2.0000	1.0000	1.0000	0.5646	NaN	NaN	NaN	602886.9321	602887.2892	1.0000	1.0000	0.1306
22zz02	3	26	0	1	1.0000	1.0000	-1.0000	NaN	0.1875	-1.6013	14.7906	602889.6608	602889.9629	0.0000	1.0000	0.3376
22zz02	3	26	0	1	2.0000	1.0000	-1.0000	0.7453	NaN	NaN	NaN	602890.8043	602891.1570	0.0000	1.0000	0.3430
22zz02	3	27	0	1	1.0000	1.0000	-1.0000	NaN	8.7549	-8.4417	15.3497	602893.5927	602893.8949	0.0000	1.0000	0.2445
22zz02	3	27	0	1	2.0000	1.0000	1.0000	0.9053	NaN	NaN	NaN	602894.6602	602895.0107	1.0000	1.0000	0.1216
22zz02	3	28	0	1	1.0000	1.0000	-1.0000	NaN	0.3564	-0.2772	14.0899	602897.3002	602897.6035	0.0000	1.0000	0.2318
22zz02	3	28	0	1	2.0000	1.0000	-1.0000	0.3993	NaN	NaN	NaN	602898.3576	602898.7080	0.0000	1.0000	0.2801
22zz02	3	29	0	1	1.0000	1.0000	1.0000	NaN	10.2485	11.4586	16.4631	602901.2864	602901.5885	1.0000	1.0000	0.3271
22zz02	3	29	0	1	2.0000	1.0000	1.0000	0.3352	NaN	NaN	NaN	602902.4360	602902.7897	1.0000	1.0000	0.2776
22zz02	3	30	0	1	1.0000	1.0000	1.0000	NaN	7.8476	7.9626	14.6713	602905.4751	602905.7772	1.0000	1.0000	2.7149
22zz02	3	30	0	1	2.0000	1.0000	-1.0000	0.6324	NaN	NaN	NaN	602908.9962	602909.3506	0.0000	1.0000	0.2128
22zz02	3	31	0	1	1.0000	1.0000	1.0000	NaN	8.3537	6.7840	15.8989	602911.4963	602911.7984	1.0000	1.0000	0.1330
22zz02	3	31	0	1	2.0000	1.0000	1.0000	0.2177	NaN	NaN	NaN	602912.4360	602912.7892	0.0000	0.0000	0.1513
22zz02	3	32	0	1	1.0000	1.0000	1.0000	NaN	3.5077	4.9371	15.2977	602915.5371	602915.8391	1.0000	1.0000	0.2208
22zz02	3	32	0	1	2.0000	1.0000	1.0000	0.5200	NaN	NaN	NaN	602916.5959	602916.9503	1.0000	1.0000	0.1502
22zz02	3	33	0	1	1.0000	1.0000	1.0000	NaN	9.7427	9.7783	15.6479	602918.8594	602919.1615	1.0000	1.0000	0.2422
22zz02	3	33	0	1	2.0000	1.0000	1.0000	0.4140	NaN	NaN	NaN	602919.9083	602920.2595	1.0000	1.0000	0.1683
22zz02	3	34	0	1	1.0000	1.0000	1.0000	NaN	2.7130	1.2468	13.4606	602922.4077	602922.7114	1.0000	1.0000	0.2931
22zz02	3	34	0	1	2.0000	1.0000	-1.0000	0.1593	NaN	NaN	NaN	602923.5111	602923.9265	0.0000	1.0000	0.0848
22zz02	3	35	0	1	1.0000	1.0000	-1.0000	NaN	0.7399	-1.7735	14.7702	602926.5157	602926.8228	0.0000	1.0000	0.6125
22zz02	3	35	0	1	2.0000	1.0000	1.0000	0.5171	NaN	NaN	NaN	602927.9615	602928.3919	1.0000	1.0000	0.3081
22zz02	3	36	0	1	1.0000	1.0000	-1.0000	NaN	1.0827	-3.3740	14.5384	602930.5038	602930.8086	0.0000	1.0000	0.3230
22zz02	3	36	0	1	2.0000	1.0000	1.0000	0.6080	NaN	NaN	NaN	602931.5947	602932.0117	1.0000	1.0000	0.2556
22zz02	3	37	0	1	1.0000	1.0000	1.0000	NaN	3.6650	4.0532	16.0306	602934.5261	602934.8305	1.0000	1.0000	1.4856
22zz02	3	37	0	1	2.0000	1.0000	-1.0000	0.6912	NaN	NaN	NaN	602936.8425	602937.2614	0.0000	1.0000	0.3031
22zz02	3	38	0	1	1.0000	1.0000	1.0000	NaN	0.5135	1.7502	14.0284	602939.8738	602940.1784	1.0000	1.0000	0.2496
22zz02	3	38	0	1	2.0000	1.0000	-1.0000	0.5390	NaN	NaN	NaN	602940.9354	602941.3481	0.0000	1.0000	0.3444
22zz02	3	39	0	1	1.0000	1.0000	-1.0000	NaN	3.1116	-4.1520	13.1994	602943.8174	602944.1217	0.0000	1.0000	0.3056
22zz02	3	39	0	1	2.0000	1.0000	-1.0000	0.8246	NaN	NaN	NaN	602944.9353	602945.3410	0.0000	1.0000	0.3352
22zz02	3	40	0	1	1.0000	1.0000	-1.0000	NaN	11.0615	-12.2034	15.6433	602947.6989	602948.0017	0.0000	1.0000	0.2016
22zz02	3	40	0	1	2.0000	1.0000	1.0000	0.1304	NaN	NaN	NaN	602948.7565	602949.1080	0.0000	0.0000	0.2801
22zz02	3	41	0	1	1.0000	1.0000	-1.0000	NaN	11.1098	-10.8643	15.2179	602951.9401	602952.2423	0.0000	1.0000	0.2490
22zz02	3	41	0	1	2.0000	1.0000	-1.0000	0.6240	NaN	NaN	NaN	602953.0122	602953.3691	0.0000	1.0000	0.1142
22zz02	3	42	0	1	1.0000	1.0000	-1.0000	NaN	11.7396	-12.8586	14.0146	602955.5679	602955.8700	0.0000	1.0000	0.1905
22zz02	3	42	0	1	2.0000	1.0000	-1.0000	0.6509	NaN	NaN	NaN	602956.5966	602956.9522	0.0000	1.0000	0.1478
22zz02	3	43	0	1	1.0000	1.0000	-1.0000	NaN	4.7796	-6.3467	14.1997	602959.5057	602959.8078	0.0000	1.0000	0.1721
22zz02	3	43	0	1	2.0000	1.0000	1.0000	0.6805	NaN	NaN	NaN	602960.5325	602960.8854	1.0000	1.0000	0.1828
22zz02	3	44	0	1	1.0000	1.0000	-1.0000	NaN	2.7863	-0.8904	13.5746	602963.5237	602963.8258	0.0000	1.0000	0.3147
22zz02	3	44	0	1	2.0000	1.0000	1.0000	0.0718	NaN	NaN	NaN	602964.6927	602965.0480	1.0000	1.0000	0.3079
22zz02	3	45	0	1	1.0000	1.0000	1.0000	NaN	1.7917	2.1685	14.3265	602967.6627	602967.9696	1.0000	1.0000	0.2031
22zz02	3	45	0	1	2.0000	1.0000	1.0000	0.8958	NaN	NaN	NaN	602968.6795	602969.0644	1.0000	1.0000	0.1804
22zz02	3	46	0	1	1.0000	1.0000	1.0000	NaN	1.8428	2.2764	15.0872	602971.4263	602971.7284	1.0000	1.0000	0.3481
22zz02	3	46	0	1	2.0000	1.0000	1.0000	0.3419	NaN	NaN	NaN	602972.5964	602972.9515	1.0000	1.0000	0.3878
22zz02	3	47	0	1	1.0000	1.0000	-1.0000	NaN	0.4498	-0.4365	14.2814	602975.6328	602975.9348	1.0000	0.0000	0.3338
22zz02	3	47	0	1	2.0000	1.0000	1.0000	0.3520	NaN	NaN	NaN	602976.7242	602977.0807	1.0000	1.0000	0.0836
22zz02	3	48	0	1	1.0000	1.0000	-1.0000	NaN	9.9674	-10.2560	13.9148	602978.9722	602979.2743	0.0000	1.0000	0.2250
22zz02	3	48	0	1	2.0000	1.0000	1.0000	0.6760	NaN	NaN	NaN	602980.0374	602980.3873	1.0000	1.0000	0.1054
22zz02	3	49	0	1	1.0000	1.0000	-1.0000	NaN	3.3950	-3.4469	14.8174	602982.5252	602982.8272	0.0000	1.0000	0.2720
22zz02	3	49	0	1	2.0000	1.0000	1.0000	0.0621	NaN	NaN	NaN	602983.6207	602983.9704	1.0000	1.0000	0.1369
22zz02	3	50	0	1	1.0000	1.0000	-1.0000	NaN	3.8947	-5.6667	14.9235	602986.2404	602986.5425	0.0000	1.0000	0.4457
22zz02	3	50	0	1	2.0000	1.0000	1.0000	0.6608	NaN	NaN	NaN	602987.4921	602987.8466	1.0000	1.0000	0.2779
