11wh01	1	1	0	1	1.0000	1.0000	1.0000	NaN	7.9153	7.2967	15.3965	17862.1696	17862.4717	1.0000	1.0000	0.1437
11wh01	1	1	0	1	2.0000	1.0000	-1.0000	0.1424	NaN	NaN	NaN	17863.1204	17863.4739	0.0000	1.0000	0.3095
11wh01	1	2	0	1	1.0000	1.0000	1.0000	NaN	7.8689	7.3080	15.2011	17866.4251	17866.7272	1.0000	1.0000	0.1605
11wh01	1	2	0	1	2.0000	1.0000	1.0000	0.9115	NaN	NaN	NaN	17867.4088	17867.7584	1.0000	1.0000	0.2180
11wh01	1	3	0	1	1.0000	1.0000	1.0000	NaN	4.0100	3.2520	15.7728	17869.7999	17870.1027	1.0000	1.0000	0.3053
11wh01	1	3	0	1	2.0000	1.0000	-1.0000	0.8464	NaN	NaN	NaN	17870.9282	17871.2849	0.0000	1.0000	0.0677
11wh01	1	4	0	1	1.0000	1.0000	-1.0000	NaN	8.0140	-8.0995	13.8144	17873.3590	17873.6612	0.0000	1.0000	0.1542
11wh01	1	4	0	1	2.0000	1.0000	1.0000	0.2128	NaN	NaN	NaN	17874.3846	17874.7385	1.0000	1.0000	0.2448
11wh01	1	5	0	1	1.0000	1.0000	1.0000	NaN	4.5433	2.3363	14.4992	17877.0177	17877.3207	0.0000	0.0000	0.2066
11wh01	1	5	0	1	2.0000	1.0000	1.0000	0.6121	NaN	NaN	NaN	17878.1466	17878.5620	1.0000	1.0000	0.0703
11wh01	1	6	0	1	1.0000	1.0000	1.0000	NaN	1.2676	0.0255	14.1946	17881.0803	17881.3840	1.0000	1.0000	0.4489
11wh01	1	6	0	1	2.0000	1.0000	1.0000	0.3089	NaN	NaN	NaN	17882.3574	17882.7635	0.0000	0.0000	0.3009
11wh01	1	7	0	1	1.0000	1.0000	1.0000	NaN	6.5666	7.6149	16.6222	17885.0385	17885.3429	1.0000	1.0000	0.1375
11wh01	1	7	0	1	2.0000	1.0000	-1.0000	0.9113	NaN	NaN	NaN	17886.0191	17886.4060	1.0000	0.0000	0.3053
11wh01	1	8	0	1	1.0000	1.0000	-1.0000	NaN	3.8253	-2.0247	14.7801	17889.2132	17889.5154	0.0000	1.0000	0.2212
11wh01	1	8	0	1	2.0000	1.0000	1.0000	0.2818	NaN	NaN	NaN	17890.2900	17890.6405	1.0000	1.0000	0.3114
11wh01	1	9	0	1	1.0000	1.0000	-1.0000	NaN	3.6762	-5.5696	14.5341	17892.9254	17893.2274	0.0000	1.0000	0.2359
11wh01	1	9	0	1	2.0000	1.0000	1.0000	0.4244	NaN	NaN	NaN	17894.0004	17894.3541	1.0000	1.0000	0.2612
11wh01	1	10	0	1	1.0000	1.0000	1.0000	NaN	9.8115	8.8928	16.4778	17896.9396	17897.2418	1.0000	1.0000	0.1264
11wh01	1	10	0	1	2.0000	1.0000	1.0000	0.4852	NaN	NaN	NaN	17897.8897	17898.2403	1.0000	1.0000	0.3918
11wh01	1	11	0	1	1.0000	1.0000	1.0000	NaN	5.0814	8.4943	14.0575	17901.1653	17901.4684	1.0000	1.0000	0.1549
11wh01	1	11	0	1	2.0000	1.0000	-1.0000	0.7399	NaN	NaN	NaN	17902.1597	17902.5162	0.0000	1.0000	0.1797
11wh01	1	12	0	1	1.0000	1.0000	1.0000	NaN	1.3344	3.6701	14.0230	17905.0863	17905.3884	1.0000	1.0000	0.2039
11wh01	1	12	0	1	2.0000	1.0000	1.0000	0.3508	NaN	NaN	NaN	17906.0958	17906.4495	1.0000	1.0000	0.1819
11wh01	1	13	0	1	1.0000	1.0000	1.0000	NaN	7.2238	7.2718	13.8162	17908.9049	17909.2071	1.0000	1.0000	0.1294
11wh01	1	13	0	1	2.0000	1.0000	-1.0000	0.1574	NaN	NaN	NaN	17909.8732	17910.2229	0.0000	1.0000	0.2170
11wh01	1	14	0	1	1.0000	1.0000	-1.0000	NaN	1.8439	-0.7575	14.9626	17912.8804	17913.1826	0.0000	1.0000	0.2651
11wh01	1	14	0	1	2.0000	1.0000	-1.0000	0.2531	NaN	NaN	NaN	17913.9836	17914.3365	1.0000	0.0000	0.1828
11wh01	1	15	0	1	1.0000	1.0000	-1.0000	NaN	3.1465	-1.6971	13.2145	17916.7697	17917.0719	0.0000	1.0000	0.2320
11wh01	1	15	0	1	2.0000	1.0000	1.0000	0.5652	NaN	NaN	NaN	17917.8562	17918.2059	1.0000	1.0000	0.1866
11wh01	1	16	0	1	1.0000	1.0000	1.0000	NaN	0.8159	0.0860	16.5340	17920.7148	17921.0184	1.0000	1.0000	0.1577
11wh01	1	16	0	1	2.0000	1.0000	-1.0000	0.6604	NaN	NaN	NaN	17921.7120	17922.0655	0.0000	1.0000	0.1499
11wh01	1	17	0	1	1.0000	1.0000	-1.0000	NaN	8.1567	-8.0871	15.0101	17924.3811	17924.6848	0.0000	1.0000	0.2996
11wh01	1	17	0	1	2.0000	1.0000	-1.0000	0.3186	NaN	NaN	NaN	17925.5573	17925.9820	1.0000	0.0000	0.1213
11wh01	1	18	0	1	1.0000	1.0000	1.0000	NaN	3.3231	2.9178	14.3918	17928.7808	17929.0875	1.0000	1.0000	0.3278
11wh01	1	18	0	1	2.0000	1.0000	1.0000	0.0302	NaN	NaN	NaN	17929.9577	17930.3772	1.0000	1.0000	0.1588
11wh01	1	19	0	1	1.0000	1.0000	1.0000	NaN	7.1323	6.5545	14.8798	17932.6535	17932.9579	1.0000	1.0000	0.2346
11wh01	1	19	0	1	2.0000	1.0000	1.0000	0.2477	NaN	NaN	NaN	17933.7318	17934.1436	0.0000	0.0000	0.1197
11wh01	1	20	0	1	1.0000	1.0000	-1.0000	NaN	7.0741	-7.2929	15.4251	17936.4808	17936.7875	0.0000	1.0000	0.2602
11wh01	1	20	0	1	2.0000	1.0000	1.0000	0.1146	NaN	NaN	NaN	17937.6216	17938.0383	1.0000	1.0000	0.1943
11wh01	1	21	0	1	1.0000	1.0000	-1.0000	NaN	11.2079	-11.1761	14.0264	17940.6362	17940.9405	0.0000	1.0000	0.1398
11wh01	1	21	0	1	2.0000	1.0000	1.0000	0.8067	NaN	NaN	NaN	17941.6375	17942.0550	1.0000	1.0000	0.0809
11wh01	1	22	0	1	1.0000	1.0000	1.0000	NaN	9.0152	7.8976	13.4522	17944.0944	17944.4003	1.0000	1.0000	0.1362
11wh01	1	22	0	1	2.0000	1.0000	-1.0000	0.2126	NaN	NaN	NaN	17945.0595	17945.4643	0.0000	1.0000	0.1590
11wh01	1	23	0	1	1.0000	1.0000	1.0000	NaN	11.4923	8.9563	14.4082	17947.6321	17947.9341	1.0000	1.0000	0.0903
11wh01	1	23	0	1	2.0000	1.0000	1.0000	0.6058	NaN	NaN	NaN	17948.5446	17948.9014	1.0000	1.0000	0.3059
11wh01	1	24	0	1	1.0000	1.0000	-1.0000	NaN	4.5787	-3.6673	15.9461	17951.1665	17951.4687	1.0000	0.0000	0.4427
11wh01	1	24	0	1	2.0000	1.0000	1.0000	0.4168	NaN	NaN	NaN	17952.4324	17952.7859	1.0000	1.0000	0.1984
11wh01	1	25	0	1	1.0000	1.0000	-1.0000	NaN	3.0968	-2.6880	16.5371	17955.4706	17955.7727	1.0000	0.0000	0.4599
11wh01	1	25	0	1	2.0000	1.0000	1.0000	0.1056	NaN	NaN	NaN	17956.7540	17957.1039	1.0000	1.0000	0.2954
11wh01	1	26	0	1	1.0000	1.0000	-1.0000	NaN	9.9766	-11.2053	14.3420	17959.9943	17960.2965	0.0000	1.0000	0.2231
11wh01	1	26	0	1	2.0000	1.0000	1.0000	0.3714	NaN	NaN	NaN	17961.0716	17961.4230	1.0000	1.0000	0.1687
11wh01	1	27	0	1	1.0000	1.0000	-1.0000	NaN	3.7526	-2.6803	15.0726	17963.7837	17964.0859	0.0000	1.0000	0.2905
11wh01	1	27	0	1	2.0000	1.0000	-1.0000	0.4040	NaN	NaN	NaN	17964.9119	17965.2672	0.0000	1.0000	0.4041
11wh01	1	28	0	1	1.0000	1.0000	1.0000	NaN	6.8259	3.7670	15.0699	17968.2198	17968.5219	1.0000	1.0000	0.5273
11wh01	1	28	0	1	2.0000	1.0000	-1.0000	0.1234	NaN	NaN	NaN	17969.5690	17969.9198	1.0000	0.0000	0.1688
11wh01	1	29	0	1	1.0000	1.0000	-1.0000	NaN	7.9961	-8.5214	14.3273	17972.2666	17972.5687	0.0000	1.0000	0.1911
11wh01	1	29	0	1	2.0000	1.0000	-1.0000	0.6660	NaN	NaN	NaN	17973.3316	17973.7410	1.0000	0.0000	0.3155
11wh01	1	30	0	1	1.0000	1.0000	1.0000	NaN	5.8415	7.1211	14.1486	17976.4179	17976.7226	1.0000	1.0000	0.1651
11wh01	1	30	0	1	2.0000	1.0000	-1.0000	0.7369	NaN	NaN	NaN	17977.4115	17977.8247	0.0000	1.0000	0.2323
11wh01	1	31	0	1	1.0000	1.0000	-1.0000	NaN	3.7346	-4.5240	15.1578	17980.5810	17980.8855	0.0000	1.0000	0.2908
11wh01	1	31	0	1	2.0000	1.0000	-1.0000	0.7546	NaN	NaN	NaN	17981.7317	17982.1531	1.0000	0.0000	0.4954
11wh01	1	32	0	1	1.0000	1.0000	1.0000	NaN	5.7591	6.6803	13.2717	17985.1592	17985.4655	1.0000	1.0000	0.2058
11wh01	1	32	0	1	2.0000	1.0000	1.0000	0.4750	NaN	NaN	NaN	17986.1953	17986.6076	1.0000	1.0000	0.1368
11wh01	1	33	0	1	1.0000	1.0000	-1.0000	NaN	7.7558	-8.6904	16.1097	17988.9256	17989.2320	0.0000	1.0000	0.2967
11wh01	1	33	0	1	2.0000	1.0000	1.0000	0.4233	NaN	NaN	NaN	17990.0841	17990.5024	1.0000	1.0000	0.1300
11wh01	1	34	0	1	1.0000	1.0000	1.0000	NaN	6.5983	5.1410	14.0667	17992.4655	17992.7699	1.0000	1.0000	0.4547
11wh01	1	34	0	1	2.0000	1.0000	1.0000	0.5507	NaN	NaN	NaN	17993.7472	17994.1572	1.0000	1.0000	0.1860
11wh01	1	35	0	1	1.0000	1.0000	1.0000	NaN	8.5804	6.2362	14.1890	17996.6522	17996.9563	0.0000	0.0000	0.4916
11wh01	1	35	0	1	2.0000	1.0000	-1.0000	0.7401	NaN	NaN	NaN	17997.9893	17998.4069	0.0000	1.0000	0.0814
11wh01	1	36	0	1	1.0000	1.0000	-1.0000	NaN	11.3374	-10.8139	13.8143	18000.7522	18001.0563	0.0000	1.0000	0.2323
11wh01	1	36	0	1	2.0000	1.0000	1.0000	0.8576	NaN	NaN	NaN	18001.8106	18002.2229	1.0000	1.0000	0.0575
11wh01	1	37	0	1	1.0000	1.0000	1.0000	NaN	1.4280	0.8559	14.0016	18004.7731	18005.0772	1.0000	1.0000	0.3234
11wh01	1	37	0	1	2.0000	1.0000	-1.0000	0.1545	NaN	NaN	NaN	18005.9555	18006.3371	0.0000	1.0000	0.0552
11wh01	1	38	0	1	1.0000	1.0000	1.0000	NaN	1.5981	0.3200	16.2460	18008.5509	18008.8531	0.0000	0.0000	0.2592
11wh01	1	38	0	1	2.0000	1.0000	1.0000	0.0793	NaN	NaN	NaN	18009.6644	18010.0163	1.0000	1.0000	0.1351
11wh01	1	39	0	1	1.0000	1.0000	-1.0000	NaN	8.3889	-10.0553	14.5718	18012.6119	18012.9139	0.0000	1.0000	0.2464
11wh01	1	39	0	1	2.0000	1.0000	1.0000	0.4807	NaN	NaN	NaN	18013.6961	18014.0494	1.0000	1.0000	0.1671
11wh01	1	40	0	1	1.0000	1.0000	-1.0000	NaN	4.0526	-5.7761	14.2469	18016.6146	18016.9167	0.0000	1.0000	0.2106
11wh01	1	40	0	1	2.0000	1.0000	-1.0000	0.4648	NaN	NaN	NaN	18017.6653	18018.0159	0.0000	1.0000	0.1687
11wh01	1	41	0	1	1.0000	1.0000	1.0000	NaN	4.8914	4.3821	15.9656	18020.0389	18020.3410	0.0000	0.0000	0.3073
11wh01	1	41	0	1	2.0000	1.0000	-1.0000	0.6217	NaN	NaN	NaN	18021.2048	18021.6224	0.0000	1.0000	0.0969
11wh01	1	42	0	1	1.0000	1.0000	1.0000	NaN	11.6471	12.4852	14.7121	18024.1633	18024.4681	1.0000	1.0000	0.2271
11wh01	1	42	0	1	2.0000	1.0000	1.0000	0.1497	NaN	NaN	NaN	18025.2219	18025.6394	0.0000	0.0000	0.4004
11wh01	1	43	0	1	1.0000	1.0000	-1.0000	NaN	6.7344	-8.7035	14.7153	18028.3189	18028.6237	0.0000	1.0000	0.2327
11wh01	1	43	0	1	2.0000	1.0000	1.0000	0.0310	NaN	NaN	NaN	18029.4276	18029.8559	0.0000	0.0000	0.2480
11wh01	1	44	0	1	1.0000	1.0000	1.0000	NaN	7.7879	8.6892	14.7981	18032.3203	18032.6252	1.0000	1.0000	0.2471
11wh01	1	44	0	1	2.0000	1.0000	1.0000	0.9243	NaN	NaN	NaN	18033.4277	18033.8501	1.0000	1.0000	0.1103
11wh01	1	45	0	1	1.0000	1.0000	-1.0000	NaN	9.8815	-8.2985	15.1661	18036.0848	18036.3893	0.0000	1.0000	0.2271
11wh01	1	45	0	1	2.0000	1.0000	-1.0000	0.0923	NaN	NaN	NaN	18037.1709	18037.5883	1.0000	0.0000	0.1961
11wh01	1	46	0	1	1.0000	1.0000	1.0000	NaN	1.1845	1.5320	14.0086	18039.7240	18040.0310	1.0000	1.0000	0.2013
11wh01	1	46	0	1	2.0000	1.0000	1.0000	0.7564	NaN	NaN	NaN	18040.7711	18041.1881	1.0000	1.0000	0.1006
11wh01	1	47	0	1	1.0000	1.0000	1.0000	NaN	9.2989	9.8126	15.5306	18043.5379	18043.8423	1.0000	1.0000	0.1659
11wh01	1	47	0	1	2.0000	1.0000	-1.0000	0.0044	NaN	NaN	NaN	18044.5499	18044.9712	0.0000	1.0000	0.1880
11wh01	1	48	0	1	1.0000	1.0000	-1.0000	NaN	10.6381	-10.2919	14.3811	18047.1176	18047.4220	0.0000	1.0000	0.2019
11wh01	1	48	0	1	2.0000	1.0000	-1.0000	0.2279	NaN	NaN	NaN	18048.1803	18048.5657	1.0000	0.0000	0.3061
11wh01	1	49	0	1	1.0000	1.0000	1.0000	NaN	2.4929	2.8503	13.4890	18051.0882	18051.3904	0.0000	0.0000	0.1208
11wh01	1	49	0	1	2.0000	1.0000	1.0000	0.5577	NaN	NaN	NaN	18052.0656	18052.4155	1.0000	1.0000	0.2957
11wh01	1	50	0	1	1.0000	1.0000	1.0000	NaN	11.7966	11.0213	15.0977	18055.1540	18055.4561	1.0000	1.0000	0.2800
11wh01	1	50	0	1	2.0000	1.0000	-1.0000	0.3969	NaN	NaN	NaN	18056.2723	18056.6293	0.0000	1.0000	0.1312
11wh01	2	1	0	1	1.0000	1.0000	-1.0000	NaN	2.0060	-2.6755	14.6263	18066.2008	18066.5029	0.0000	1.0000	0.3214
11wh01	2	1	0	1	2.0000	1.0000	1.0000	0.9349	NaN	NaN	NaN	18067.3763	18067.7867	1.0000	1.0000	0.0611
11wh01	2	2	0	1	1.0000	1.0000	1.0000	NaN	6.2536	6.5694	14.7257	18069.9664	18070.2709	1.0000	1.0000	0.1855
11wh01	2	2	0	1	2.0000	1.0000	1.0000	0.5195	NaN	NaN	NaN	18070.9954	18071.4204	0.0000	0.0000	0.0268
11wh01	2	3	0	1	1.0000	1.0000	1.0000	NaN	6.0057	6.5940	16.3332	18074.0511	18074.3559	1.0000	1.0000	0.1313
11wh01	2	3	0	1	2.0000	1.0000	1.0000	0.6771	NaN	NaN	NaN	18075.0281	18075.4497	1.0000	1.0000	0.0623
11wh01	2	4	0	1	1.0000	1.0000	-1.0000	NaN	11.4196	-11.6153	14.4115	18077.6201	18077.9259	0.0000	1.0000	0.2257
11wh01	2	4	0	1	2.0000	1.0000	1.0000	0.3225	NaN	NaN	NaN	18078.6758	18079.0995	1.0000	1.0000	0.0597
11wh01	2	5	0	1	1.0000	1.0000	1.0000	NaN	4.2087	4.4283	14.0419	18081.6694	18081.9745	1.0000	1.0000	0.1617
11wh01	2	5	0	1	2.0000	1.0000	1.0000	0.5062	NaN	NaN	NaN	18082.6918	18083.1144	1.0000	1.0000	0.0006
11wh01	2	6	0	1	1.0000	1.0000	-1.0000	NaN	5.0746	-6.7418	15.0123	18085.1316	18085.4361	0.0000	1.0000	0.0751
11wh01	2	6	0	1	2.0000	1.0000	1.0000	0.1698	NaN	NaN	NaN	18086.0685	18086.4858	1.0000	1.0000	0.0005
11wh01	2	7	0	1	1.0000	1.0000	-1.0000	NaN	9.6008	-8.3650	14.8209	18088.5465	18088.8487	0.0000	1.0000	0.1830
11wh01	2	7	0	1	2.0000	1.0000	1.0000	0.2469	NaN	NaN	NaN	18089.5673	18089.9234	1.0000	1.0000	0.2118
11wh01	2	8	0	1	1.0000	1.0000	1.0000	NaN	5.1887	5.6553	13.4675	18092.4683	18092.7705	1.0000	1.0000	0.0687
11wh01	2	8	0	1	2.0000	1.0000	-1.0000	0.4311	NaN	NaN	NaN	18093.3761	18093.7287	0.0000	1.0000	0.0865
11wh01	2	9	0	1	1.0000	1.0000	1.0000	NaN	1.5238	1.8072	14.6494	18096.3039	18096.6060	0.0000	0.0000	0.2983
11wh01	2	9	0	1	2.0000	1.0000	1.0000	0.8605	NaN	NaN	NaN	18097.4404	18097.7937	1.0000	1.0000	0.0225
11wh01	2	10	0	1	1.0000	1.0000	-1.0000	NaN	7.3925	-7.7372	16.1202	18100.0549	18100.3579	0.0000	1.0000	0.2263
11wh01	2	10	0	1	2.0000	1.0000	-1.0000	0.2385	NaN	NaN	NaN	18101.1203	18101.4769	0.0000	1.0000	0.5473
11wh01	2	11	0	1	1.0000	1.0000	1.0000	NaN	7.8823	6.1920	14.8888	18104.5060	18104.8090	1.0000	1.0000	0.7022
11wh01	2	11	0	1	2.0000	1.0000	-1.0000	0.3960	NaN	NaN	NaN	18106.0000	18106.3561	0.0000	1.0000	0.2750
11wh01	2	12	0	1	1.0000	1.0000	-1.0000	NaN	11.7797	-12.4452	15.8907	18109.0298	18109.3318	0.0000	1.0000	0.2762
11wh01	2	12	0	1	2.0000	1.0000	1.0000	0.4377	NaN	NaN	NaN	18110.1608	18110.5111	1.0000	1.0000	0.2966
11wh01	2	13	0	1	1.0000	1.0000	-1.0000	NaN	9.8106	-11.0260	14.0555	18112.8253	18113.1274	0.0000	1.0000	0.3366
11wh01	2	13	0	1	2.0000	1.0000	1.0000	0.7772	NaN	NaN	NaN	18114.0036	18114.4176	1.0000	1.0000	0.2135
11wh01	2	14	0	1	1.0000	1.0000	1.0000	NaN	7.4120	7.2247	15.9565	18116.8906	18117.1955	1.0000	1.0000	0.2049
11wh01	2	14	0	1	2.0000	1.0000	1.0000	0.5794	NaN	NaN	NaN	18117.9397	18118.3641	1.0000	1.0000	0.3315
11wh01	2	15	0	1	1.0000	1.0000	1.0000	NaN	6.6019	7.4585	13.6486	18121.0870	18121.3943	0.0000	0.0000	0.5179
11wh01	2	15	0	1	2.0000	1.0000	-1.0000	0.8321	NaN	NaN	NaN	18122.4679	18122.8845	1.0000	0.0000	0.1791
11wh01	2	16	0	1	1.0000	1.0000	1.0000	NaN	1.0059	0.4632	15.9615	18125.5200	18125.8274	1.0000	1.0000	0.5797
11wh01	2	16	0	1	2.0000	1.0000	-1.0000	0.4280	NaN	NaN	NaN	18126.9330	18127.3503	0.0000	1.0000	0.4494
11wh01	2	17	0	1	1.0000	1.0000	-1.0000	NaN	1.8285	-0.8874	14.6321	18130.4179	18130.7237	0.0000	1.0000	0.2441
11wh01	2	17	0	1	2.0000	1.0000	1.0000	0.8677	NaN	NaN	NaN	18131.5234	18131.9334	1.0000	1.0000	0.2664
11wh01	2	18	0	1	1.0000	1.0000	1.0000	NaN	1.1705	1.8909	15.5194	18134.2287	18134.5331	1.0000	1.0000	0.4353
11wh01	2	18	0	1	2.0000	1.0000	1.0000	0.6007	NaN	NaN	NaN	18135.5072	18135.8947	1.0000	1.0000	0.1610
11wh01	2	19	0	1	1.0000	1.0000	-1.0000	NaN	10.9888	-10.0725	15.2114	18138.0025	18138.3049	0.0000	1.0000	0.2147
11wh01	2	19	0	1	2.0000	1.0000	1.0000	0.4007	NaN	NaN	NaN	18139.0559	18139.4097	0.0000	0.0000	1.1106
11wh01	2	20	0	1	1.0000	1.0000	-1.0000	NaN	2.0542	-2.6499	14.0352	18142.7129	18143.0151	0.0000	1.0000	0.3057
11wh01	2	20	0	1	2.0000	1.0000	1.0000	0.6227	NaN	NaN	NaN	18143.8884	18144.2414	1.0000	1.0000	0.1668
11wh01	2	21	0	1	1.0000	1.0000	1.0000	NaN	6.9025	7.6423	14.7320	18146.7234	18147.0256	1.0000	1.0000	0.2300
11wh01	2	21	0	1	2.0000	1.0000	-1.0000	0.9083	NaN	NaN	NaN	18147.7924	18148.1425	0.0000	1.0000	0.2966
11wh01	2	22	0	1	1.0000	1.0000	1.0000	NaN	5.5062	3.9867	15.9333	18150.4629	18150.7651	1.0000	1.0000	0.9540
11wh01	2	22	0	1	2.0000	1.0000	-1.0000	0.2254	NaN	NaN	NaN	18152.2408	18152.5923	1.0000	0.0000	0.4718
11wh01	2	23	0	1	1.0000	1.0000	-1.0000	NaN	3.4688	-3.1336	15.2170	18155.2573	18155.5594	0.0000	1.0000	0.4811
11wh01	2	23	0	1	2.0000	1.0000	1.0000	0.6423	NaN	NaN	NaN	18156.5937	18156.9436	1.0000	1.0000	0.3761
11wh01	2	24	0	1	1.0000	1.0000	-1.0000	NaN	6.2166	-5.7241	15.8234	18159.3684	18159.6755	0.0000	1.0000	0.3006
11wh01	2	24	0	1	2.0000	1.0000	1.0000	0.8316	NaN	NaN	NaN	18160.5480	18160.9653	1.0000	1.0000	0.4018
11wh01	2	25	0	1	1.0000	1.0000	-1.0000	NaN	11.7920	-12.0986	14.2846	18163.5498	18163.8519	0.0000	1.0000	0.1232
11wh01	2	25	0	1	2.0000	1.0000	1.0000	0.7832	NaN	NaN	NaN	18164.5119	18164.8625	1.0000	1.0000	0.2819
11wh01	2	26	0	1	1.0000	1.0000	1.0000	NaN	10.6220	10.5355	13.7220	18167.3860	18167.6891	1.0000	1.0000	0.1740
11wh01	2	26	0	1	2.0000	1.0000	1.0000	0.0359	NaN	NaN	NaN	18168.3845	18168.7402	0.0000	0.0000	0.5309
11wh01	2	27	0	1	1.0000	1.0000	1.0000	NaN	4.4218	4.6342	15.9523	18171.8271	18172.1292	1.0000	1.0000	0.3432
11wh01	2	27	0	1	2.0000	1.0000	1.0000	0.1743	NaN	NaN	NaN	18172.9929	18173.3427	1.0000	1.0000	0.7456
11wh01	2	28	0	1	1.0000	1.0000	-1.0000	NaN	1.0262	-2.3297	15.1572	18176.5109	18176.8130	1.0000	0.0000	0.4751
11wh01	2	28	0	1	2.0000	1.0000	1.0000	0.4825	NaN	NaN	NaN	18177.8244	18178.1757	1.0000	1.0000	0.8553
11wh01	2	29	0	1	1.0000	1.0000	-1.0000	NaN	0.3506	-1.3721	13.4231	18181.5853	18181.8884	0.0000	1.0000	0.4072
11wh01	2	29	0	1	2.0000	1.0000	1.0000	0.7610	NaN	NaN	NaN	18182.8318	18183.1854	1.0000	1.0000	0.3100
11wh01	2	30	0	1	1.0000	1.0000	1.0000	NaN	11.6238	9.7116	13.5848	18185.8193	18186.1215	1.0000	1.0000	0.2860
11wh01	2	30	0	1	2.0000	1.0000	1.0000	0.6824	NaN	NaN	NaN	18186.9442	18187.2945	1.0000	1.0000	0.3766
11wh01	2	31	0	1	1.0000	1.0000	-1.0000	NaN	1.4798	-1.8662	15.4841	18189.7052	18190.0073	1.0000	0.0000	0.3683
11wh01	2	31	0	1	2.0000	1.0000	-1.0000	0.2279	NaN	NaN	NaN	18190.9122	18191.2684	0.0000	1.0000	0.1959
11wh01	2	32	0	1	1.0000	1.0000	1.0000	NaN	6.5641	7.6107	15.5253	18193.8640	18194.1661	1.0000	1.0000	0.7381
11wh01	2	32	0	1	2.0000	1.0000	1.0000	0.4284	NaN	NaN	NaN	18195.4413	18195.7915	1.0000	1.0000	0.6805
11wh01	2	33	0	1	1.0000	1.0000	1.0000	NaN	0.5163	2.7068	14.7053	18198.6170	18198.9206	1.0000	1.0000	0.3025
11wh01	2	33	0	1	2.0000	1.0000	-1.0000	0.0146	NaN	NaN	NaN	18199.7435	18200.0940	1.0000	0.0000	0.4422
11wh01	2	34	0	1	1.0000	1.0000	-1.0000	NaN	4.1998	-5.4404	15.5245	18202.9224	18203.2245	0.0000	1.0000	0.2718
11wh01	2	34	0	1	2.0000	1.0000	1.0000	0.8828	NaN	NaN	NaN	18204.0481	18204.4050	1.0000	1.0000	0.3223
11wh01	2	35	0	1	1.0000	1.0000	1.0000	NaN	7.2260	6.4156	16.1833	18206.8380	18207.1417	1.0000	1.0000	0.3223
11wh01	2	35	0	1	2.0000	1.0000	-1.0000	0.0064	NaN	NaN	NaN	18207.9866	18208.3949	0.0000	1.0000	0.1408
11wh01	2	36	0	1	1.0000	1.0000	-1.0000	NaN	3.0901	-2.7009	13.6679	18210.8002	18211.1035	0.0000	1.0000	0.3609
11wh01	2	36	0	1	2.0000	1.0000	1.0000	0.1418	NaN	NaN	NaN	18212.0002	18212.3545	1.0000	1.0000	0.5338
11wh01	2	37	0	1	1.0000	1.0000	-1.0000	NaN	4.8217	-6.7833	15.0212	18214.9220	18215.2242	0.0000	1.0000	0.2401
11wh01	2	37	0	1	2.0000	1.0000	-1.0000	0.4876	NaN	NaN	NaN	18216.0001	18216.3543	0.0000	1.0000	0.2453
11wh01	2	38	0	1	1.0000	1.0000	-1.0000	NaN	1.2811	-1.6735	14.2810	18218.9502	18219.2532	0.0000	1.0000	0.2272
11wh01	2	38	0	1	2.0000	1.0000	1.0000	0.6852	NaN	NaN	NaN	18220.0158	18220.3709	1.0000	1.0000	0.1168
11wh01	2	39	0	1	1.0000	1.0000	-1.0000	NaN	10.5558	-11.7940	14.6368	18222.6205	18222.9227	0.0000	1.0000	0.1576
11wh01	2	39	0	1	2.0000	1.0000	-1.0000	0.8610	NaN	NaN	NaN	18223.5997	18223.9540	0.0000	1.0000	0.5015
11wh01	2	40	0	1	1.0000	1.0000	-1.0000	NaN	8.2706	-8.8885	13.5282	18226.6204	18226.9226	0.0000	1.0000	0.1096
11wh01	2	40	0	1	2.0000	1.0000	-1.0000	0.6214	NaN	NaN	NaN	18227.5680	18227.9218	0.0000	1.0000	0.1503
11wh01	2	41	0	1	1.0000	1.0000	1.0000	NaN	11.4027	12.2352	16.1019	18230.0201	18230.3222	1.0000	1.0000	0.1978
11wh01	2	41	0	1	2.0000	1.0000	1.0000	0.3012	NaN	NaN	NaN	18231.0734	18231.4230	1.0000	1.0000	0.0880
11wh01	2	42	0	1	1.0000	1.0000	-1.0000	NaN	7.4647	-7.4529	14.7626	18233.4264	18233.7285	0.0000	1.0000	0.1837
11wh01	2	42	0	1	2.0000	1.0000	-1.0000	0.8104	NaN	NaN	NaN	18234.4482	18234.8033	0.0000	1.0000	0.1488
11wh01	2	43	0	1	1.0000	1.0000	1.0000	NaN	2.7111	2.4422	14.4632	18237.5912	18237.8934	1.0000	1.0000	0.1629
11wh01	2	43	0	1	2.0000	1.0000	-1.0000	0.1850	NaN	NaN	NaN	18238.5924	18238.9493	0.0000	1.0000	0.0826
11wh01	2	44	0	1	1.0000	1.0000	-1.0000	NaN	0.9103	-1.2571	14.1768	18241.4207	18241.7228	1.0000	0.0000	0.2682
11wh01	2	44	0	1	2.0000	1.0000	-1.0000	0.5394	NaN	NaN	NaN	18242.5121	18242.8657	0.0000	1.0000	0.1495
11wh01	2	45	0	1	1.0000	1.0000	-1.0000	NaN	4.2379	-2.2909	16.2325	18245.2972	18245.5999	0.0000	1.0000	0.1671
11wh01	2	45	0	1	2.0000	1.0000	-1.0000	0.2230	NaN	NaN	NaN	18246.2891	18246.6389	0.0000	1.0000	0.2321
11wh01	2	46	0	1	1.0000	1.0000	-1.0000	NaN	9.9699	-12.1537	15.3394	18249.2526	18249.5547	0.0000	1.0000	0.1494
11wh01	2	46	0	1	2.0000	1.0000	-1.0000	0.3341	NaN	NaN	NaN	18250.2394	18250.5911	1.0000	0.0000	0.2639
11wh01	2	47	0	1	1.0000	1.0000	-1.0000	NaN	1.5837	-1.7915	12.6437	18252.9096	18253.2137	0.0000	1.0000	0.5226
11wh01	2	47	0	1	2.0000	1.0000	1.0000	0.0916	NaN	NaN	NaN	18254.2929	18254.6985	0.0000	0.0000	0.2691
11wh01	2	48	0	1	1.0000	1.0000	-1.0000	NaN	8.7807	-10.6423	14.2495	18257.5228	18257.8249	0.0000	1.0000	0.1821
11wh01	2	48	0	1	2.0000	1.0000	-1.0000	0.6167	NaN	NaN	NaN	18258.5758	18258.9316	1.0000	0.0000	0.1634
11wh01	2	49	0	1	1.0000	1.0000	1.0000	NaN	11.0063	8.9722	14.9096	18261.0118	18261.3138	1.0000	1.0000	0.1812
11wh01	2	49	0	1	2.0000	1.0000	-1.0000	0.5222	NaN	NaN	NaN	18262.0479	18262.4019	1.0000	0.0000	0.2611
11wh01	2	50	0	1	1.0000	1.0000	1.0000	NaN	11.9536	13.7440	13.7523	18264.7945	18265.0966	1.0000	1.0000	0.2224
11wh01	2	50	0	1	2.0000	1.0000	-1.0000	0.5114	NaN	NaN	NaN	18265.8554	18266.2072	0.0000	1.0000	0.9848
11wh01	3	1	0	1	1.0000	1.0000	1.0000	NaN	1.0132	1.9273	14.8450	18270.4076	18270.7097	1.0000	1.0000	0.3213
11wh01	3	1	0	1	2.0000	1.0000	-1.0000	0.8253	NaN	NaN	NaN	18271.5523	18271.9029	0.0000	1.0000	0.1053
11wh01	3	2	0	1	1.0000	1.0000	1.0000	NaN	2.2852	1.2847	15.3434	18274.4473	18274.7503	1.0000	1.0000	0.1847
11wh01	3	2	0	1	2.0000	1.0000	-1.0000	0.6357	NaN	NaN	NaN	18275.4723	18275.8233	0.0000	1.0000	0.4237
11wh01	3	3	0	1	1.0000	1.0000	-1.0000	NaN	7.4887	-7.1723	14.4031	18278.2965	18278.6000	0.0000	1.0000	0.3194
11wh01	3	3	0	1	2.0000	1.0000	-1.0000	0.4645	NaN	NaN	NaN	18279.4880	18279.8398	1.0000	0.0000	0.5042
11wh01	3	4	0	1	1.0000	1.0000	-1.0000	NaN	6.3257	-7.1236	13.4167	18282.4684	18282.7706	0.0000	1.0000	0.3254
11wh01	3	4	0	1	2.0000	1.0000	1.0000	0.4181	NaN	NaN	NaN	18283.6322	18283.9856	0.0000	0.0000	0.5494
11wh01	3	5	0	1	1.0000	1.0000	-1.0000	NaN	9.0447	-9.2001	14.8682	18287.0727	18287.3748	0.0000	1.0000	0.2002
11wh01	3	5	0	1	2.0000	1.0000	-1.0000	0.7193	NaN	NaN	NaN	18288.1280	18288.4838	1.0000	0.0000	0.5797
11wh01	3	6	0	1	1.0000	1.0000	1.0000	NaN	9.7714	7.7360	15.8737	18291.0284	18291.3313	1.0000	1.0000	0.2441
11wh01	3	6	0	1	2.0000	1.0000	1.0000	0.2416	NaN	NaN	NaN	18292.1276	18292.4837	0.0000	0.0000	0.8208
11wh01	3	7	0	1	1.0000	1.0000	-1.0000	NaN	8.1837	-8.1369	15.2915	18295.2863	18295.5885	0.0000	1.0000	0.2435
11wh01	3	7	0	1	2.0000	1.0000	-1.0000	0.0566	NaN	NaN	NaN	18296.3844	18296.7349	1.0000	0.0000	0.8889
11wh01	3	8	0	1	1.0000	1.0000	1.0000	NaN	6.9207	8.1110	14.3319	18300.0895	18300.3934	1.0000	1.0000	0.1427
11wh01	3	8	0	1	2.0000	1.0000	-1.0000	0.7652	NaN	NaN	NaN	18301.0902	18301.5067	0.0000	1.0000	0.2603
11wh01	3	9	0	1	1.0000	1.0000	1.0000	NaN	2.6610	3.8602	15.0374	18303.6207	18303.9247	1.0000	1.0000	0.1958
11wh01	3	9	0	1	2.0000	1.0000	-1.0000	0.6757	NaN	NaN	NaN	18304.6585	18305.0751	0.0000	1.0000	0.1005
11wh01	3	10	0	1	1.0000	1.0000	-1.0000	NaN	6.2598	-7.4207	14.6082	18307.5747	18307.8796	0.0000	1.0000	0.1434
11wh01	3	10	0	1	2.0000	1.0000	-1.0000	0.0679	NaN	NaN	NaN	18308.5943	18309.0077	1.0000	0.0000	0.3593
11wh01	3	11	0	1	1.0000	1.0000	-1.0000	NaN	4.0455	-3.7564	15.0167	18311.5711	18311.8755	0.0000	1.0000	0.1329
11wh01	3	11	0	1	2.0000	1.0000	-1.0000	0.0113	NaN	NaN	NaN	18312.5788	18312.9908	1.0000	0.0000	0.6334
11wh01	3	12	0	1	1.0000	1.0000	-1.0000	NaN	2.2675	-1.4829	15.5920	18315.9602	18316.2672	1.0000	0.0000	0.1718
11wh01	3	12	0	1	2.0000	1.0000	-1.0000	0.7075	NaN	NaN	NaN	18316.9632	18317.3739	0.0000	1.0000	0.4741
11wh01	3	13	0	1	1.0000	1.0000	1.0000	NaN	8.9176	9.6619	15.9476	18319.9737	18320.2787	1.0000	1.0000	0.2569
11wh01	3	13	0	1	2.0000	1.0000	-1.0000	0.7199	NaN	NaN	NaN	18321.0592	18321.4732	0.0000	1.0000	0.2298
11wh01	3	14	0	1	1.0000	1.0000	-1.0000	NaN	2.0151	-1.9649	16.8360	18323.6245	18323.9292	0.0000	1.0000	0.2547
11wh01	3	14	0	1	2.0000	1.0000	1.0000	0.4654	NaN	NaN	NaN	18324.7392	18325.1568	1.0000	1.0000	0.1640
11wh01	3	15	0	1	1.0000	1.0000	1.0000	NaN	2.2425	0.8342	13.8733	18327.6606	18327.9673	0.0000	0.0000	0.1837
11wh01	3	15	0	1	2.0000	1.0000	-1.0000	0.7554	NaN	NaN	NaN	18328.7066	18329.1245	0.0000	1.0000	0.1304
11wh01	3	16	0	1	1.0000	1.0000	1.0000	NaN	4.4092	4.8223	16.0393	18331.3374	18331.6395	1.0000	1.0000	0.2079
11wh01	3	16	0	1	2.0000	1.0000	1.0000	0.3757	NaN	NaN	NaN	18332.3848	18332.7346	1.0000	1.0000	0.2658
11wh01	3	17	0	1	1.0000	1.0000	-1.0000	NaN	5.6511	-4.4800	15.0724	18334.8816	18335.1837	0.0000	1.0000	0.2323
11wh01	3	17	0	1	2.0000	1.0000	-1.0000	0.5686	NaN	NaN	NaN	18335.9680	18336.3176	1.0000	0.0000	0.2822
11wh01	3	18	0	1	1.0000	1.0000	1.0000	NaN	0.3665	0.3827	16.3271	18338.7950	18339.0972	1.0000	1.0000	0.4303
11wh01	3	18	0	1	2.0000	1.0000	1.0000	0.1879	NaN	NaN	NaN	18340.0487	18340.3993	1.0000	1.0000	0.2330
11wh01	3	19	0	1	1.0000	1.0000	-1.0000	NaN	6.5745	-6.6531	13.6600	18342.9806	18343.2828	0.0000	1.0000	0.1482
11wh01	3	19	0	1	2.0000	1.0000	1.0000	0.4017	NaN	NaN	NaN	18344.0010	18344.3507	1.0000	1.0000	0.2177
11wh01	3	20	0	1	1.0000	1.0000	-1.0000	NaN	2.7659	-3.5012	15.5917	18346.4656	18346.7678	0.0000	1.0000	0.2319
11wh01	3	20	0	1	2.0000	1.0000	-1.0000	0.4474	NaN	NaN	NaN	18347.5549	18347.9723	1.0000	0.0000	0.2112
11wh01	3	21	0	1	1.0000	1.0000	-1.0000	NaN	4.0846	-4.1180	14.8622	18350.6950	18351.0001	1.0000	0.0000	0.3989
11wh01	3	21	0	1	2.0000	1.0000	-1.0000	0.9118	NaN	NaN	NaN	18351.9232	18352.3381	0.0000	1.0000	0.6929
11wh01	3	22	0	1	1.0000	1.0000	-1.0000	NaN	5.1390	-5.2832	15.4925	18354.8995	18355.2043	0.0000	1.0000	0.3236
11wh01	3	22	0	1	2.0000	1.0000	-1.0000	0.1814	NaN	NaN	NaN	18356.0861	18356.5057	1.0000	0.0000	0.2063
11wh01	3	23	0	1	1.0000	1.0000	-1.0000	NaN	2.3774	-1.8349	13.9283	18358.7900	18359.0965	0.0000	1.0000	0.1917
11wh01	3	23	0	1	2.0000	1.0000	1.0000	0.3538	NaN	NaN	NaN	18359.8111	18360.1931	1.0000	1.0000	0.1498
11wh01	3	24	0	1	1.0000	1.0000	-1.0000	NaN	11.4901	-10.6889	14.3903	18362.5591	18362.8624	0.0000	1.0000	0.2017
11wh01	3	24	0	1	2.0000	1.0000	1.0000	0.5195	NaN	NaN	NaN	18363.6166	18363.9662	1.0000	1.0000	0.2332
11wh01	3	25	0	1	1.0000	1.0000	-1.0000	NaN	1.2798	-0.5250	14.7413	18366.1239	18366.4262	1.0000	0.0000	0.5580
11wh01	3	25	0	1	2.0000	1.0000	-1.0000	0.4205	NaN	NaN	NaN	18367.4723	18367.8259	1.0000	0.0000	0.2779
11wh01	3	26	0	1	1.0000	1.0000	-1.0000	NaN	5.2284	-4.5746	16.4453	18370.3400	18370.6422	0.0000	1.0000	0.1807
11wh01	3	26	0	1	2.0000	1.0000	-1.0000	0.2163	NaN	NaN	NaN	18371.3755	18371.7296	1.0000	0.0000	0.1502
11wh01	3	27	0	1	1.0000	1.0000	1.0000	NaN	9.6034	7.6644	15.9539	18373.6881	18373.9903	1.0000	1.0000	0.2573
11wh01	3	27	0	1	2.0000	1.0000	-1.0000	0.4611	NaN	NaN	NaN	18374.7839	18375.1348	0.0000	1.0000	0.6481
11wh01	3	28	0	1	1.0000	1.0000	-1.0000	NaN	3.8352	-2.9016	14.9323	18378.1567	18378.4592	0.0000	1.0000	0.2197
11wh01	3	28	0	1	2.0000	1.0000	1.0000	0.0654	NaN	NaN	NaN	18379.2325	18379.5821	1.0000	1.0000	0.2967
11wh01	3	29	0	1	1.0000	1.0000	1.0000	NaN	7.9983	9.6289	14.7697	18382.3360	18382.6381	1.0000	1.0000	0.1528
11wh01	3	29	0	1	2.0000	1.0000	1.0000	0.6632	NaN	NaN	NaN	18383.3116	18383.6638	1.0000	1.0000	0.1041
11wh01	3	30	0	1	1.0000	1.0000	1.0000	NaN	8.8543	7.4488	15.8332	18385.8991	18386.2013	1.0000	1.0000	0.1906
11wh01	3	30	0	1	2.0000	1.0000	1.0000	0.0500	NaN	NaN	NaN	18386.9127	18387.2636	1.0000	1.0000	0.1203
11wh01	3	31	0	1	1.0000	1.0000	1.0000	NaN	4.7911	5.2482	14.6301	18389.4498	18389.7520	1.0000	1.0000	0.3040
11wh01	3	31	0	1	2.0000	1.0000	-1.0000	0.0574	NaN	NaN	NaN	18390.5756	18390.9284	1.0000	0.0000	0.2160
11wh01	3	32	0	1	1.0000	1.0000	1.0000	NaN	7.6624	6.2653	15.6294	18393.3180	18393.6226	1.0000	1.0000	0.0975
11wh01	3	32	0	1	2.0000	1.0000	-1.0000	0.6649	NaN	NaN	NaN	18394.2426	18394.6411	0.0000	1.0000	0.1191
11wh01	3	33	0	1	1.0000	1.0000	-1.0000	NaN	1.6328	-3.1988	14.3373	18397.0906	18397.3940	0.0000	1.0000	0.2297
11wh01	3	33	0	1	2.0000	1.0000	1.0000	0.1383	NaN	NaN	NaN	18398.1756	18398.5283	1.0000	1.0000	0.0719
11wh01	3	34	0	1	1.0000	1.0000	-1.0000	NaN	7.7372	-7.9437	15.1239	18400.4650	18400.7671	0.0000	1.0000	0.1850
11wh01	3	34	0	1	2.0000	1.0000	1.0000	0.8127	NaN	NaN	NaN	18401.5199	18401.8742	1.0000	1.0000	0.1172
11wh01	3	35	0	1	1.0000	1.0000	-1.0000	NaN	2.1822	-0.7163	15.6378	18404.2824	18404.5845	1.0000	0.0000	0.3511
11wh01	3	35	0	1	2.0000	1.0000	1.0000	0.8651	NaN	NaN	NaN	18405.4561	18405.8114	1.0000	1.0000	0.1795
11wh01	3	36	0	1	1.0000	1.0000	1.0000	NaN	9.3662	10.9486	14.8349	18408.2139	18408.5160	1.0000	1.0000	3.4108
11wh01	3	36	0	1	2.0000	1.0000	1.0000	0.3272	NaN	NaN	NaN	18412.4641	18412.8138	1.0000	1.0000	0.2501
11wh01	3	37	0	1	1.0000	1.0000	1.0000	NaN	5.8633	5.1173	15.4994	18415.5205	18415.8226	1.0000	1.0000	0.2330
11wh01	3	37	0	1	2.0000	1.0000	1.0000	0.6938	NaN	NaN	NaN	18416.5921	18416.9454	0.0000	0.0000	0.2775
11wh01	3	38	0	1	1.0000	1.0000	-1.0000	NaN	6.9958	-8.1031	15.2711	18419.5988	18419.9008	0.0000	1.0000	0.2660
11wh01	3	38	0	1	2.0000	1.0000	1.0000	0.3654	NaN	NaN	NaN	18420.7202	18421.0772	1.0000	1.0000	0.2263
11wh01	3	39	0	1	1.0000	1.0000	-1.0000	NaN	5.0072	-5.8307	15.2149	18423.7767	18424.0788	0.0000	1.0000	0.2161
11wh01	3	39	0	1	2.0000	1.0000	-1.0000	0.2280	NaN	NaN	NaN	18424.8477	18425.1989	0.0000	1.0000	0.6011
11wh01	3	40	0	1	1.0000	1.0000	1.0000	NaN	7.0088	6.3008	15.0475	18427.8230	18428.1258	1.0000	1.0000	0.2178
11wh01	3	40	0	1	2.0000	1.0000	-1.0000	0.3267	NaN	NaN	NaN	18428.8480	18429.1987	0.0000	1.0000	0.5053
11wh01	3	41	0	1	1.0000	1.0000	1.0000	NaN	5.1798	5.9647	15.0593	18432.2099	18432.5120	1.0000	1.0000	0.1839
11wh01	3	41	0	1	2.0000	1.0000	-1.0000	0.2774	NaN	NaN	NaN	18433.2645	18433.6153	1.0000	0.0000	0.3131
11wh01	3	42	0	1	1.0000	1.0000	1.0000	NaN	3.3123	4.0998	14.3581	18436.3306	18436.6327	1.0000	1.0000	0.1914
11wh01	3	42	0	1	2.0000	1.0000	-1.0000	0.7170	NaN	NaN	NaN	18437.3446	18437.6958	0.0000	1.0000	0.2311
11wh01	3	43	0	1	1.0000	1.0000	-1.0000	NaN	0.0138	-2.0555	14.9807	18439.9969	18440.2990	0.0000	1.0000	0.1883
11wh01	3	43	0	1	2.0000	1.0000	-1.0000	0.8702	NaN	NaN	NaN	18441.0421	18441.4504	1.0000	0.0000	0.1245
11wh01	3	44	0	1	1.0000	1.0000	-1.0000	NaN	5.1625	-5.9010	14.4103	18443.9296	18444.2344	0.0000	1.0000	0.1416
11wh01	3	44	0	1	2.0000	1.0000	1.0000	0.8772	NaN	NaN	NaN	18444.9503	18445.3721	1.0000	1.0000	0.1072
11wh01	3	45	0	1	1.0000	1.0000	1.0000	NaN	2.9003	2.0886	15.9556	18447.5117	18447.8140	1.0000	1.0000	0.1935
11wh01	3	45	0	1	2.0000	1.0000	-1.0000	0.3703	NaN	NaN	NaN	18448.5290	18448.8789	0.0000	1.0000	0.1531
11wh01	3	46	0	1	1.0000	1.0000	-1.0000	NaN	9.3500	-11.1769	15.5353	18451.1698	18451.4724	0.0000	1.0000	0.1185
11wh01	3	46	0	1	2.0000	1.0000	-1.0000	0.5043	NaN	NaN	NaN	18452.1453	18452.4950	1.0000	0.0000	0.1841
11wh01	3	47	0	1	1.0000	1.0000	-1.0000	NaN	11.9890	-12.3430	13.8773	18454.9026	18455.2049	0.0000	1.0000	0.1790
11wh01	3	47	0	1	2.0000	1.0000	-1.0000	0.1216	NaN	NaN	NaN	18455.9680	18456.3212	0.0000	1.0000	0.2621
11wh01	3	48	0	1	1.0000	1.0000	-1.0000	NaN	11.7570	-11.6102	15.7815	18458.7234	18459.0256	0.0000	1.0000	0.2305
11wh01	3	48	0	1	2.0000	1.0000	-1.0000	0.8596	NaN	NaN	NaN	18459.8076	18460.1599	1.0000	0.0000	0.0881
11wh01	3	49	0	1	1.0000	1.0000	-1.0000	NaN	7.4051	-6.3110	14.9863	18462.8018	18463.1040	0.0000	1.0000	0.1189
11wh01	3	49	0	1	2.0000	1.0000	1.0000	0.2759	NaN	NaN	NaN	18463.7762	18464.1263	1.0000	1.0000	0.1855
11wh01	3	50	0	1	1.0000	1.0000	1.0000	NaN	0.9735	2.4938	16.5221	18466.5695	18466.8726	1.0000	1.0000	0.2234
11wh01	3	50	0	1	2.0000	1.0000	-1.0000	0.7412	NaN	NaN	NaN	18467.6159	18467.9706	0.0000	1.0000	0.1162
