23xg02	1	1	0	0	1.0000	0.0000	1.0000	0.4577	NaN	NaN	NaN	862901.3121	862901.6663	1.0000	1.0000	0.2750
23xg02	1	1	0	0	2.0000	0.0000	1.0000	NaN	1.6029	2.8524	16.4302	862902.4830	862902.7851	1.0000	1.0000	0.5635
23xg02	1	2	0	0	1.0000	0.0000	-1.0000	0.3808	NaN	NaN	NaN	862905.2743	862905.6288	1.0000	0.0000	0.3455
23xg02	1	2	0	0	2.0000	0.0000	1.0000	NaN	6.6687	8.7380	14.7764	862906.5489	862906.8511	1.0000	1.0000	0.2422
23xg02	1	3	0	0	1.0000	0.0000	1.0000	0.5099	NaN	NaN	NaN	862909.0023	862909.4065	1.0000	1.0000	0.3427
23xg02	1	3	0	0	2.0000	0.0000	-1.0000	NaN	6.9386	-5.8244	15.1155	862910.3325	862910.6362	0.0000	1.0000	0.2490
23xg02	1	4	0	0	1.0000	0.0000	-1.0000	0.8362	NaN	NaN	NaN	862912.9869	862913.4051	1.0000	0.0000	0.3435
23xg02	1	4	0	0	2.0000	0.0000	1.0000	NaN	7.7450	7.3244	15.0587	862914.3331	862914.6370	1.0000	1.0000	0.2636
23xg02	1	5	0	0	1.0000	0.0000	-1.0000	0.7774	NaN	NaN	NaN	862916.8291	862917.2575	1.0000	0.0000	0.6357
23xg02	1	5	0	0	2.0000	0.0000	1.0000	NaN	10.6159	8.6786	14.6458	862918.4781	862918.7847	1.0000	1.0000	0.2610
23xg02	1	6	0	0	1.0000	0.0000	1.0000	0.7871	NaN	NaN	NaN	862921.0249	862921.4537	1.0000	1.0000	0.4719
23xg02	1	6	0	0	2.0000	0.0000	-1.0000	NaN	9.8720	-10.2879	16.0097	862922.4954	862922.8012	0.0000	1.0000	0.1811
23xg02	1	7	0	0	1.0000	0.0000	-1.0000	0.2346	NaN	NaN	NaN	862925.0280	862925.4571	1.0000	0.0000	0.4368
23xg02	1	7	0	0	2.0000	0.0000	1.0000	NaN	11.3306	13.3581	14.1513	862926.4788	862926.7844	1.0000	1.0000	0.3415
23xg02	1	8	0	0	1.0000	0.0000	-1.0000	0.0399	NaN	NaN	NaN	862929.1310	862929.5511	1.0000	0.0000	0.3586
23xg02	1	8	0	0	2.0000	0.0000	-1.0000	NaN	8.2288	-6.6632	15.2573	862930.4779	862930.7839	0.0000	1.0000	0.1807
23xg02	1	9	0	0	1.0000	0.0000	-1.0000	0.4563	NaN	NaN	NaN	862933.4844	862933.9062	1.0000	0.0000	0.3224
23xg02	1	9	0	0	2.0000	0.0000	-1.0000	NaN	9.3707	-9.8477	14.0021	862934.8287	862935.1338	0.0000	1.0000	0.1028
23xg02	1	10	0	0	1.0000	0.0000	-1.0000	0.1397	NaN	NaN	NaN	862937.6527	862938.0726	1.0000	0.0000	0.3159
23xg02	1	10	0	0	2.0000	0.0000	-1.0000	NaN	8.8607	-7.3938	13.9254	862938.9704	862939.2749	0.0000	1.0000	0.2675
23xg02	1	11	0	0	1.0000	0.0000	-1.0000	0.8376	NaN	NaN	NaN	862941.6055	862942.0172	0.0000	1.0000	0.0688
23xg02	1	11	0	0	2.0000	0.0000	1.0000	NaN	5.4709	6.5810	15.6923	862942.5808	862942.8830	1.0000	1.0000	0.2256
23xg02	1	12	0	0	1.0000	0.0000	1.0000	0.4283	NaN	NaN	NaN	862945.2764	862945.6308	1.0000	1.0000	0.2951
23xg02	1	12	0	0	2.0000	0.0000	1.0000	NaN	11.6978	11.5451	14.1344	862946.4999	862946.8020	1.0000	1.0000	0.1956
23xg02	1	13	0	0	1.0000	0.0000	-1.0000	0.3712	NaN	NaN	NaN	862949.1472	862949.4987	1.0000	0.0000	0.3783
23xg02	1	13	0	0	2.0000	0.0000	-1.0000	NaN	6.8885	-7.3699	15.3587	862950.4361	862950.7383	0.0000	1.0000	0.1954
23xg02	1	14	0	0	1.0000	0.0000	1.0000	0.1003	NaN	NaN	NaN	862953.3470	862953.6985	1.0000	1.0000	0.2271
23xg02	1	14	0	0	2.0000	0.0000	1.0000	NaN	7.8992	9.1289	14.8229	862954.5157	862954.8179	1.0000	1.0000	0.3873
23xg02	1	15	0	0	1.0000	0.0000	1.0000	0.1188	NaN	NaN	NaN	862957.2791	862957.7001	1.0000	1.0000	0.4490
23xg02	1	15	0	0	2.0000	0.0000	1.0000	NaN	1.7097	0.5762	15.1669	862958.7501	862959.0545	1.0000	1.0000	0.8706
23xg02	1	16	0	0	1.0000	0.0000	1.0000	0.4945	NaN	NaN	NaN	862962.4453	862962.8682	1.0000	1.0000	0.3050
23xg02	1	16	0	0	2.0000	0.0000	-1.0000	NaN	5.2630	-5.9633	14.3578	862963.7742	862964.0813	0.0000	1.0000	0.2599
23xg02	1	17	0	0	1.0000	0.0000	1.0000	0.1288	NaN	NaN	NaN	862966.3347	862966.7545	1.0000	1.0000	0.4031
23xg02	1	17	0	0	2.0000	0.0000	-1.0000	NaN	6.6298	-5.9443	14.4594	862967.7585	862968.0652	0.0000	1.0000	0.6924
23xg02	1	18	0	0	1.0000	0.0000	-1.0000	0.3673	NaN	NaN	NaN	862970.7187	862971.1377	1.0000	0.0000	0.2916
23xg02	1	18	0	0	2.0000	0.0000	1.0000	NaN	4.1344	5.0262	16.3935	862972.0321	862972.3365	1.0000	1.0000	0.2920
23xg02	1	19	0	0	1.0000	0.0000	1.0000	0.5976	NaN	NaN	NaN	862975.0036	862975.4208	1.0000	1.0000	0.1837
23xg02	1	19	0	0	2.0000	0.0000	-1.0000	NaN	2.8847	-2.6160	14.4765	862976.1907	862976.4978	1.0000	0.0000	1.0274
23xg02	1	20	0	0	1.0000	0.0000	1.0000	0.3358	NaN	NaN	NaN	862979.8068	862980.1971	1.0000	1.0000	0.1603
23xg02	1	20	0	0	2.0000	0.0000	-1.0000	NaN	8.4460	-6.1028	17.0159	862980.9312	862981.2333	0.0000	1.0000	0.3552
23xg02	1	21	0	0	1.0000	0.0000	-1.0000	0.5066	NaN	NaN	NaN	862983.5723	862983.9287	1.0000	0.0000	0.7643
23xg02	1	21	0	0	2.0000	0.0000	-1.0000	NaN	5.7917	-5.5088	15.4554	862985.2521	862985.5542	0.0000	1.0000	0.1799
23xg02	1	22	0	0	1.0000	0.0000	1.0000	0.5830	NaN	NaN	NaN	862987.9966	862988.3467	1.0000	1.0000	0.1059
23xg02	1	22	0	0	2.0000	0.0000	1.0000	NaN	7.8002	6.9621	14.2949	862989.0610	862989.3632	1.0000	1.0000	0.1148
23xg02	1	23	0	0	1.0000	0.0000	-1.0000	0.1066	NaN	NaN	NaN	862991.4028	862991.7577	1.0000	0.0000	0.4228
23xg02	1	23	0	0	2.0000	0.0000	1.0000	NaN	0.2702	0.6737	14.9667	862992.7395	862993.0424	1.0000	1.0000	0.1788
23xg02	1	24	0	0	1.0000	0.0000	-1.0000	0.1058	NaN	NaN	NaN	862995.5058	862995.8617	1.0000	0.0000	0.4313
23xg02	1	24	0	0	2.0000	0.0000	1.0000	NaN	4.6348	5.6773	14.3852	862996.8358	862997.1379	1.0000	1.0000	0.1637
23xg02	1	25	0	0	1.0000	0.0000	1.0000	0.2022	NaN	NaN	NaN	862999.9797	863000.3309	1.0000	1.0000	0.3307
23xg02	1	25	0	0	2.0000	0.0000	-1.0000	NaN	6.1156	-7.4411	14.5308	863001.2355	863001.5377	0.0000	1.0000	0.1803
23xg02	1	26	0	0	1.0000	0.0000	-1.0000	0.4736	NaN	NaN	NaN	863004.0824	863004.5028	1.0000	0.0000	0.1737
23xg02	1	26	0	0	2.0000	0.0000	1.0000	NaN	0.6699	2.0926	14.4075	863005.2138	863005.5180	1.0000	1.0000	0.1985
23xg02	1	27	0	0	1.0000	0.0000	-1.0000	0.1587	NaN	NaN	NaN	863007.9073	863008.3316	0.0000	1.0000	1.6089
23xg02	1	27	0	0	2.0000	0.0000	-1.0000	NaN	2.8585	-1.9014	16.7033	863010.4969	863010.8013	1.0000	0.0000	0.4999
23xg02	1	28	0	0	1.0000	0.0000	-1.0000	0.5545	NaN	NaN	NaN	863013.3368	863013.7522	1.0000	0.0000	0.3803
23xg02	1	28	0	0	2.0000	0.0000	-1.0000	NaN	2.3844	-3.8567	15.2663	863014.7000	863015.0045	1.0000	0.0000	0.4240
23xg02	1	29	0	0	1.0000	0.0000	-1.0000	0.4642	NaN	NaN	NaN	863017.8531	863018.2687	1.0000	0.0000	0.2478
23xg02	1	29	0	0	2.0000	0.0000	-1.0000	NaN	3.5119	-6.0165	15.6648	863019.0998	863019.4042	0.0000	1.0000	0.1690
23xg02	1	30	0	0	1.0000	0.0000	1.0000	0.2892	NaN	NaN	NaN	863022.1268	863022.5466	1.0000	1.0000	0.6590
23xg02	1	30	0	0	2.0000	0.0000	1.0000	NaN	8.6262	8.6538	13.3818	863023.7894	863024.0958	1.0000	1.0000	0.2127
23xg02	1	31	0	0	1.0000	0.0000	-1.0000	0.4970	NaN	NaN	NaN	863026.9642	863027.3848	1.0000	0.0000	0.1894
23xg02	1	31	0	0	2.0000	0.0000	1.0000	NaN	0.4729	2.1331	15.5198	863028.1448	863028.4492	1.0000	1.0000	0.4043
23xg02	1	32	0	0	1.0000	0.0000	1.0000	0.6746	NaN	NaN	NaN	863031.3196	863031.7341	1.0000	1.0000	0.7358
23xg02	1	32	0	0	2.0000	0.0000	-1.0000	NaN	6.7211	-4.6161	14.9579	863033.0532	863033.3602	0.0000	1.0000	0.2780
23xg02	1	33	0	0	1.0000	0.0000	1.0000	0.7457	NaN	NaN	NaN	863035.8302	863036.2510	0.0000	0.0000	0.7945
23xg02	1	33	0	0	2.0000	0.0000	1.0000	NaN	4.9457	5.6560	14.3215	863037.5970	863037.9011	1.0000	1.0000	0.2160
23xg02	1	34	0	0	1.0000	0.0000	1.0000	0.8486	NaN	NaN	NaN	863040.2494	863040.6675	1.0000	1.0000	0.5857
23xg02	1	34	0	0	2.0000	0.0000	1.0000	NaN	2.9409	3.2700	16.0282	863041.8676	863042.1717	1.0000	1.0000	0.5053
23xg02	1	35	0	0	1.0000	0.0000	-1.0000	0.8967	NaN	NaN	NaN	863045.2197	863045.6334	0.0000	1.0000	0.9803
23xg02	1	35	0	0	2.0000	0.0000	-1.0000	NaN	2.0169	-0.3597	15.1424	863047.1799	863047.4840	1.0000	0.0000	0.2644
23xg02	1	36	0	0	1.0000	0.0000	1.0000	0.7475	NaN	NaN	NaN	863050.0572	863050.4664	1.0000	1.0000	0.7225
23xg02	1	36	0	0	2.0000	0.0000	1.0000	NaN	11.4861	11.9072	14.9377	863051.7739	863052.0780	1.0000	1.0000	0.2471
23xg02	1	37	0	0	1.0000	0.0000	1.0000	0.1795	NaN	NaN	NaN	863054.3459	863054.7673	1.0000	1.0000	1.0618
23xg02	1	37	0	0	2.0000	0.0000	-1.0000	NaN	10.8448	-8.2021	15.7864	863056.3644	863056.6693	1.0000	0.0000	0.5035
23xg02	1	38	0	0	1.0000	0.0000	-1.0000	0.9157	NaN	NaN	NaN	863059.3257	863059.7504	0.0000	1.0000	0.7981
23xg02	1	38	0	0	2.0000	0.0000	-1.0000	NaN	9.4860	-10.8865	13.3233	863061.1324	863061.4373	0.0000	1.0000	0.5357
23xg02	1	39	0	0	1.0000	0.0000	-1.0000	0.3471	NaN	NaN	NaN	863063.9938	863064.4162	0.0000	1.0000	0.5178
23xg02	1	39	0	0	2.0000	0.0000	-1.0000	NaN	3.2790	-3.2416	16.1962	863065.4864	863065.7935	0.0000	1.0000	0.7230
23xg02	1	40	0	0	1.0000	0.0000	-1.0000	0.3078	NaN	NaN	NaN	863069.0354	863069.4493	0.0000	1.0000	1.6911
23xg02	1	40	0	0	2.0000	0.0000	1.0000	NaN	7.1500	7.5126	16.2204	863071.7104	863072.0147	1.0000	1.0000	0.3097
23xg02	1	41	0	0	1.0000	0.0000	1.0000	0.4770	NaN	NaN	NaN	863074.5115	863074.9324	1.0000	1.0000	0.7360
23xg02	1	41	0	0	2.0000	0.0000	1.0000	NaN	1.2783	2.5876	15.1589	863076.2861	863076.5930	1.0000	1.0000	0.8674
23xg02	1	42	0	0	1.0000	0.0000	1.0000	0.4403	NaN	NaN	NaN	863079.4406	863079.8513	1.0000	1.0000	0.6340
23xg02	1	42	0	0	2.0000	0.0000	1.0000	NaN	8.2144	7.8656	14.4135	863081.0527	863081.3593	1.0000	1.0000	0.2611
23xg02	1	43	0	0	1.0000	0.0000	-1.0000	0.9225	NaN	NaN	NaN	863084.3081	863084.7186	0.0000	1.0000	0.8228
23xg02	1	43	0	0	2.0000	0.0000	1.0000	NaN	11.4172	11.4011	14.6754	863086.1257	863086.4299	1.0000	1.0000	0.6161
23xg02	1	44	0	0	1.0000	0.0000	1.0000	0.8404	NaN	NaN	NaN	863089.7130	863090.1316	1.0000	1.0000	0.3374
23xg02	1	44	0	0	2.0000	0.0000	1.0000	NaN	7.0145	6.8939	14.3480	863091.0521	863091.3588	1.0000	1.0000	0.1830
23xg02	1	45	0	0	1.0000	0.0000	-1.0000	0.0088	NaN	NaN	NaN	863094.1022	863094.5143	1.0000	0.0000	0.3381
23xg02	1	45	0	0	2.0000	0.0000	1.0000	NaN	3.0417	3.5330	16.1481	863095.4519	863095.7586	1.0000	1.0000	0.2789
23xg02	1	46	0	0	1.0000	0.0000	-1.0000	0.1505	NaN	NaN	NaN	863098.4522	863098.8640	1.0000	0.0000	0.2451
23xg02	1	46	0	0	2.0000	0.0000	-1.0000	NaN	6.2749	-5.1061	15.3226	863099.7090	863100.0132	1.0000	0.0000	0.3278
23xg02	1	47	0	0	1.0000	0.0000	1.0000	0.2448	NaN	NaN	NaN	863102.4283	863102.8476	1.0000	1.0000	0.2128
23xg02	1	47	0	0	2.0000	0.0000	-1.0000	NaN	3.3038	-3.0727	14.9803	863103.6110	863103.9155	1.0000	0.0000	0.2654
23xg02	1	48	0	0	1.0000	0.0000	-1.0000	0.5060	NaN	NaN	NaN	863106.2762	863106.6975	1.0000	0.0000	0.7629
23xg02	1	48	0	0	2.0000	0.0000	1.0000	NaN	5.8083	6.1958	14.3532	863108.0438	863108.3483	1.0000	1.0000	0.2001
23xg02	1	49	0	0	1.0000	0.0000	-1.0000	0.8937	NaN	NaN	NaN	863110.8754	863111.2972	0.0000	1.0000	0.6756
23xg02	1	49	0	0	2.0000	0.0000	1.0000	NaN	5.0844	4.3432	14.6035	863112.5269	863112.8314	1.0000	1.0000	0.2450
23xg02	1	50	0	0	1.0000	0.0000	1.0000	0.3748	NaN	NaN	NaN	863115.2292	863115.6470	1.0000	1.0000	1.0942
23xg02	1	50	0	0	2.0000	0.0000	1.0000	NaN	5.6362	6.4988	17.8458	863117.2934	863117.5978	1.0000	1.0000	0.3593
23xg02	2	1	0	0	1.0000	0.0000	1.0000	0.9363	NaN	NaN	NaN	863122.0933	863122.5133	1.0000	1.0000	0.1637
23xg02	2	1	0	0	2.0000	0.0000	-1.0000	NaN	0.7011	-0.5218	14.5591	863123.2202	863123.5223	1.0000	0.0000	0.3220
23xg02	2	2	0	0	1.0000	0.0000	-1.0000	0.0849	NaN	NaN	NaN	863126.2245	863126.6414	1.0000	0.0000	0.6750
23xg02	2	2	0	0	2.0000	0.0000	-1.0000	NaN	9.6527	-8.3687	15.4175	863127.8681	863128.1739	0.0000	1.0000	0.4075
23xg02	2	3	0	0	1.0000	0.0000	-1.0000	0.0198	NaN	NaN	NaN	863130.4362	863130.8457	1.0000	0.0000	0.5358
23xg02	2	3	0	0	2.0000	0.0000	1.0000	NaN	5.1170	6.6740	14.8960	863131.9657	863132.2728	1.0000	1.0000	0.2116
23xg02	2	4	0	0	1.0000	0.0000	1.0000	0.2442	NaN	NaN	NaN	863134.7527	863135.1621	0.0000	0.0000	0.8747
23xg02	2	4	0	0	2.0000	0.0000	1.0000	NaN	2.8720	0.1387	13.5934	863136.6231	863136.9272	1.0000	1.0000	0.2292
23xg02	2	5	0	0	1.0000	0.0000	-1.0000	0.1130	NaN	NaN	NaN	863139.0260	863139.4459	1.0000	0.0000	0.4144
23xg02	2	5	0	0	2.0000	0.0000	-1.0000	NaN	1.7830	-3.0830	16.1867	863140.4584	863140.7625	1.0000	0.0000	0.1858
23xg02	2	6	0	0	1.0000	0.0000	1.0000	0.7399	NaN	NaN	NaN	863143.7115	863144.1288	1.0000	1.0000	0.5001
23xg02	2	6	0	0	2.0000	0.0000	-1.0000	NaN	6.2138	-4.6498	15.1347	863145.1966	863145.5017	1.0000	0.0000	0.6147
23xg02	2	7	0	0	1.0000	0.0000	1.0000	0.3185	NaN	NaN	NaN	863148.4167	863148.8458	1.0000	1.0000	0.2960
23xg02	2	7	0	0	2.0000	0.0000	-1.0000	NaN	8.3841	-6.6132	14.5548	863149.6926	863149.9974	0.0000	1.0000	0.4389
23xg02	2	8	0	0	1.0000	0.0000	-1.0000	0.9416	NaN	NaN	NaN	863152.4998	863152.9290	0.0000	1.0000	0.4514
23xg02	2	8	0	0	2.0000	0.0000	1.0000	NaN	9.4822	12.6775	15.3097	863153.9185	863154.2233	1.0000	1.0000	0.2296
23xg02	2	9	0	0	1.0000	0.0000	-1.0000	0.8463	NaN	NaN	NaN	863156.5489	863156.9733	1.0000	0.0000	0.1526
23xg02	2	9	0	0	2.0000	0.0000	1.0000	NaN	8.7149	7.1292	15.2452	863157.6914	863157.9958	1.0000	1.0000	0.2168
23xg02	2	10	0	0	1.0000	0.0000	-1.0000	0.5278	NaN	NaN	NaN	863160.2325	863160.6447	0.0000	1.0000	0.4477
23xg02	2	10	0	0	2.0000	0.0000	-1.0000	NaN	3.3606	-1.9525	14.9555	863161.6749	863161.9794	1.0000	0.0000	0.2810
23xg02	2	11	0	0	1.0000	0.0000	1.0000	0.1729	NaN	NaN	NaN	863164.8364	863165.2481	0.0000	0.0000	0.3562
23xg02	2	11	0	0	2.0000	0.0000	1.0000	NaN	7.2953	10.3618	13.9873	863166.1734	863166.4775	1.0000	1.0000	0.2629
23xg02	2	12	0	0	1.0000	0.0000	-1.0000	0.2927	NaN	NaN	NaN	863169.0984	863169.4987	0.0000	1.0000	0.4261
23xg02	2	12	0	0	2.0000	0.0000	1.0000	NaN	9.9764	11.0780	15.6905	863170.4851	863170.7872	1.0000	1.0000	0.2091
23xg02	2	13	0	0	1.0000	0.0000	-1.0000	0.3655	NaN	NaN	NaN	863173.2050	863173.6142	0.0000	1.0000	0.3907
23xg02	2	13	0	0	2.0000	0.0000	-1.0000	NaN	8.3993	-9.4617	14.3632	863174.5738	863174.8779	0.0000	1.0000	0.3750
23xg02	2	14	0	0	1.0000	0.0000	-1.0000	0.5031	NaN	NaN	NaN	863177.2886	863177.6972	0.0000	1.0000	0.3711
23xg02	2	14	0	0	2.0000	0.0000	1.0000	NaN	4.1751	5.2483	15.1777	863178.6379	863178.9420	1.0000	1.0000	0.1836
23xg02	2	15	0	0	1.0000	0.0000	-1.0000	0.0816	NaN	NaN	NaN	863181.0669	863181.4764	0.0000	1.0000	0.3376
23xg02	2	15	0	0	2.0000	0.0000	-1.0000	NaN	9.9962	-9.5531	15.4482	863182.3803	863182.6872	0.0000	1.0000	0.4383
23xg02	2	16	0	0	1.0000	0.0000	-1.0000	0.0821	NaN	NaN	NaN	863185.1045	863185.4814	0.0000	1.0000	0.4766
23xg02	2	16	0	0	2.0000	0.0000	-1.0000	NaN	11.1308	-11.4715	15.9160	863186.4684	863186.7706	0.0000	1.0000	0.2897
23xg02	2	17	0	0	1.0000	0.0000	1.0000	0.0830	NaN	NaN	NaN	863189.4757	863189.8313	1.0000	1.0000	0.4291
23xg02	2	17	0	0	2.0000	0.0000	1.0000	NaN	8.0333	7.6336	15.1684	863190.8355	863191.1375	1.0000	1.0000	1.0112
23xg02	2	18	0	0	1.0000	0.0000	1.0000	0.7890	NaN	NaN	NaN	863194.6293	863194.9849	0.0000	0.0000	0.3486
23xg02	2	18	0	0	2.0000	0.0000	-1.0000	NaN	9.0752	-11.2852	14.5348	863195.8922	863196.1944	0.0000	1.0000	0.8819
23xg02	2	19	0	0	1.0000	0.0000	-1.0000	0.7274	NaN	NaN	NaN	863199.2185	863199.5693	0.0000	1.0000	0.3885
23xg02	2	19	0	0	2.0000	0.0000	-1.0000	NaN	1.7313	-2.1377	14.2319	863200.5010	863200.8031	0.0000	1.0000	0.2732
23xg02	2	20	0	0	1.0000	0.0000	-1.0000	0.8199	NaN	NaN	NaN	863203.1603	863203.5136	0.0000	1.0000	0.3946
23xg02	2	20	0	0	2.0000	0.0000	1.0000	NaN	6.4236	9.7324	15.0574	863204.4510	863204.7531	1.0000	1.0000	0.2927
23xg02	2	21	0	0	1.0000	0.0000	1.0000	0.2058	NaN	NaN	NaN	863207.3851	863207.7356	0.0000	0.0000	0.4612
23xg02	2	21	0	0	2.0000	0.0000	-1.0000	NaN	11.8884	-10.8755	15.8708	863208.7568	863209.0589	0.0000	1.0000	0.3220
23xg02	2	22	0	0	1.0000	0.0000	1.0000	0.8938	NaN	NaN	NaN	863211.6613	863212.0173	1.0000	1.0000	0.3075
23xg02	2	22	0	0	2.0000	0.0000	1.0000	NaN	4.8670	3.9794	15.4985	863212.9318	863213.2339	1.0000	1.0000	0.3223
23xg02	2	23	0	0	1.0000	0.0000	1.0000	0.2201	NaN	NaN	NaN	863215.7540	863216.1059	1.0000	1.0000	3.0030
23xg02	2	23	0	0	2.0000	0.0000	1.0000	NaN	9.4095	10.2555	13.5079	863219.7046	863220.0083	1.0000	1.0000	0.4291
23xg02	2	24	0	0	1.0000	0.0000	-1.0000	0.7224	NaN	NaN	NaN	863222.6043	863223.0254	0.0000	1.0000	0.2912
23xg02	2	24	0	0	2.0000	0.0000	1.0000	NaN	5.5604	4.6899	15.2096	863223.8752	863224.1773	1.0000	1.0000	0.6270
23xg02	2	25	0	0	1.0000	0.0000	1.0000	0.6584	NaN	NaN	NaN	863226.9632	863227.3166	1.0000	1.0000	0.5120
23xg02	2	25	0	0	2.0000	0.0000	1.0000	NaN	7.8992	6.6951	14.4086	863228.3859	863228.6881	1.0000	1.0000	0.1979
23xg02	2	26	0	0	1.0000	0.0000	-1.0000	0.3218	NaN	NaN	NaN	863231.4094	863231.7665	0.0000	1.0000	0.4142
23xg02	2	26	0	0	2.0000	0.0000	1.0000	NaN	10.5896	10.9294	17.2235	863232.7395	863233.0416	1.0000	1.0000	0.1797
23xg02	2	27	0	0	1.0000	0.0000	1.0000	0.8637	NaN	NaN	NaN	863235.4692	863235.8190	1.0000	1.0000	0.2497
23xg02	2	27	0	0	2.0000	0.0000	1.0000	NaN	10.7944	13.6129	16.5189	863236.6905	863236.9927	1.0000	1.0000	0.2286
23xg02	2	28	0	0	1.0000	0.0000	-1.0000	0.7587	NaN	NaN	NaN	863239.7603	863240.1159	1.0000	0.0000	0.9449
23xg02	2	28	0	0	2.0000	0.0000	1.0000	NaN	6.0795	4.2535	14.4475	863241.6515	863241.9537	1.0000	1.0000	0.2431
23xg02	2	29	0	0	1.0000	0.0000	-1.0000	0.1764	NaN	NaN	NaN	863244.2185	863244.5687	0.0000	1.0000	0.7168
23xg02	2	29	0	0	2.0000	0.0000	-1.0000	NaN	4.6471	-4.1121	14.5883	863245.8752	863246.1774	0.0000	1.0000	1.1078
23xg02	2	30	0	0	1.0000	0.0000	-1.0000	0.9487	NaN	NaN	NaN	863249.9017	863250.2515	0.0000	1.0000	0.6808
23xg02	2	30	0	0	2.0000	0.0000	-1.0000	NaN	11.8241	-9.8789	17.3800	863251.4900	863251.7921	0.0000	1.0000	0.2121
23xg02	2	31	0	0	1.0000	0.0000	-1.0000	0.1776	NaN	NaN	NaN	863254.5041	863254.8613	0.0000	1.0000	0.5029
23xg02	2	31	0	0	2.0000	0.0000	1.0000	NaN	3.8609	4.6292	14.9838	863255.9067	863256.2088	1.0000	1.0000	0.2606
23xg02	2	32	0	0	1.0000	0.0000	-1.0000	0.7515	NaN	NaN	NaN	863258.8749	863259.2316	0.0000	1.0000	0.9650
23xg02	2	32	0	0	2.0000	0.0000	1.0000	NaN	10.6538	12.2288	16.1796	863260.7391	863261.0412	1.0000	1.0000	0.1949
23xg02	2	33	0	0	1.0000	0.0000	1.0000	0.9363	NaN	NaN	NaN	863263.6451	863263.9981	1.0000	1.0000	0.6621
23xg02	2	33	0	0	2.0000	0.0000	1.0000	NaN	10.7579	8.6634	14.0405	863265.2202	863265.5224	1.0000	1.0000	0.2098
23xg02	2	34	0	0	1.0000	0.0000	1.0000	0.2717	NaN	NaN	NaN	863267.9323	863268.3383	1.0000	1.0000	0.3875
23xg02	2	34	0	0	2.0000	0.0000	-1.0000	NaN	10.0777	-10.5396	15.1606	863269.2918	863269.5985	0.0000	1.0000	0.2143
23xg02	2	35	0	0	1.0000	0.0000	-1.0000	0.8824	NaN	NaN	NaN	863272.3919	863272.8018	0.0000	1.0000	0.3225
23xg02	2	35	0	0	2.0000	0.0000	-1.0000	NaN	3.9063	-1.7588	15.8703	863273.7308	863274.0330	1.0000	0.0000	0.1319
23xg02	2	36	0	0	1.0000	0.0000	1.0000	0.1427	NaN	NaN	NaN	863276.3057	863276.6599	0.0000	0.0000	0.3842
23xg02	2	36	0	0	2.0000	0.0000	1.0000	NaN	8.6207	7.0477	15.7573	863277.6045	863277.9067	1.0000	1.0000	0.1947
23xg02	2	37	0	0	1.0000	0.0000	1.0000	0.4293	NaN	NaN	NaN	863280.5726	863280.9266	1.0000	1.0000	0.3416
23xg02	2	37	0	0	2.0000	0.0000	-1.0000	NaN	3.2369	-2.5501	14.6636	863281.7803	863282.0824	1.0000	0.0000	0.2747
23xg02	2	38	0	0	1.0000	0.0000	-1.0000	0.4488	NaN	NaN	NaN	863284.7723	863285.1259	0.0000	1.0000	0.4150
23xg02	2	38	0	0	2.0000	0.0000	1.0000	NaN	3.2034	2.5045	14.1036	863286.0995	863286.4018	1.0000	1.0000	0.4825
23xg02	2	39	0	0	1.0000	0.0000	-1.0000	0.1200	NaN	NaN	NaN	863288.9426	863289.2968	0.0000	1.0000	0.4680
23xg02	2	39	0	0	2.0000	0.0000	-1.0000	NaN	7.0708	-7.9531	14.0300	863290.3233	863290.6255	1.0000	0.0000	0.4668
23xg02	2	40	0	0	1.0000	0.0000	-1.0000	0.8291	NaN	NaN	NaN	863293.2373	863293.5926	0.0000	1.0000	0.3484
23xg02	2	40	0	0	2.0000	0.0000	-1.0000	NaN	0.6934	-2.9490	15.8675	863294.4984	863294.8006	0.0000	1.0000	0.4361
23xg02	2	41	0	0	1.0000	0.0000	-1.0000	0.0627	NaN	NaN	NaN	863297.2121	863297.5644	0.0000	1.0000	0.2966
23xg02	2	41	0	0	2.0000	0.0000	1.0000	NaN	11.6490	11.0395	16.7345	863298.4037	863298.7058	1.0000	1.0000	0.2110
23xg02	2	42	0	0	1.0000	0.0000	1.0000	0.0262	NaN	NaN	NaN	863300.8569	863301.2127	0.0000	0.0000	0.4731
23xg02	2	42	0	0	2.0000	0.0000	-1.0000	NaN	11.8007	-13.3919	15.0552	863302.2126	863302.5147	0.0000	1.0000	0.5461
23xg02	2	43	0	0	1.0000	0.0000	1.0000	0.9000	NaN	NaN	NaN	863305.4152	863305.7655	1.0000	1.0000	0.5107
23xg02	2	43	0	0	2.0000	0.0000	-1.0000	NaN	7.1291	-7.2110	15.1542	863306.8194	863307.1216	0.0000	1.0000	0.2106
23xg02	2	44	0	0	1.0000	0.0000	1.0000	0.1307	NaN	NaN	NaN	863309.5000	863309.8511	1.0000	1.0000	0.5067
23xg02	2	44	0	0	2.0000	0.0000	-1.0000	NaN	5.4916	-5.1730	14.5340	863310.9151	863311.2172	0.0000	1.0000	0.2270
23xg02	2	45	0	0	1.0000	0.0000	1.0000	0.0998	NaN	NaN	NaN	863313.9258	863314.3355	1.0000	1.0000	0.7407
23xg02	2	45	0	0	2.0000	0.0000	-1.0000	NaN	7.3617	-6.3788	14.9970	863315.6456	863315.9494	0.0000	1.0000	0.2484
23xg02	2	46	0	0	1.0000	0.0000	1.0000	0.7876	NaN	NaN	NaN	863318.5988	863319.0332	1.0000	1.0000	0.3469
23xg02	2	46	0	0	2.0000	0.0000	1.0000	NaN	2.6157	1.6718	14.0105	863319.9667	863320.2715	1.0000	1.0000	0.3745
23xg02	2	47	0	0	1.0000	0.0000	1.0000	0.6891	NaN	NaN	NaN	863322.7132	863323.1332	1.0000	1.0000	0.3121
23xg02	2	47	0	0	2.0000	0.0000	-1.0000	NaN	10.3691	-11.0467	13.8760	863324.0651	863324.3699	0.0000	1.0000	0.4995
23xg02	2	48	0	0	1.0000	0.0000	-1.0000	0.5004	NaN	NaN	NaN	863327.1311	863327.5534	0.0000	1.0000	0.4507
23xg02	2	48	0	0	2.0000	0.0000	1.0000	NaN	0.4851	3.7361	16.5151	863328.5768	863328.8819	1.0000	1.0000	0.3702
23xg02	2	49	0	0	1.0000	0.0000	-1.0000	0.8324	NaN	NaN	NaN	863331.3459	863331.7642	0.0000	1.0000	0.5937
23xg02	2	49	0	0	2.0000	0.0000	1.0000	NaN	9.2875	6.4185	15.2914	863332.9240	863333.2301	1.0000	1.0000	0.2472
23xg02	2	50	0	0	1.0000	0.0000	-1.0000	0.0357	NaN	NaN	NaN	863335.5133	863335.9305	1.0000	0.0000	0.3137
23xg02	2	50	0	0	2.0000	0.0000	1.0000	NaN	2.8143	3.3987	15.5989	863336.7967	863337.1008	1.0000	1.0000	0.3927
23xg02	3	1	0	0	1.0000	0.0000	1.0000	0.1649	NaN	NaN	NaN	863341.5479	863341.9690	1.0000	1.0000	0.1952
23xg02	3	1	0	0	2.0000	0.0000	-1.0000	NaN	2.6503	-1.4839	15.0074	863342.7315	863343.0356	1.0000	0.0000	0.1852
23xg02	3	2	0	0	1.0000	0.0000	1.0000	0.3840	NaN	NaN	NaN	863345.6086	863346.0181	1.0000	1.0000	0.4675
23xg02	3	2	0	0	2.0000	0.0000	-1.0000	NaN	1.4008	-1.0559	14.8892	863347.0361	863347.3409	1.0000	0.0000	0.6167
23xg02	3	3	0	0	1.0000	0.0000	1.0000	0.6894	NaN	NaN	NaN	863349.8292	863350.2390	1.0000	1.0000	0.2786
23xg02	3	3	0	0	2.0000	0.0000	-1.0000	NaN	6.6818	-5.5578	14.2741	863351.0823	863351.3865	1.0000	0.0000	0.8902
23xg02	3	4	0	0	1.0000	0.0000	1.0000	0.9058	NaN	NaN	NaN	863354.4696	863354.8843	1.0000	1.0000	0.2081
23xg02	3	4	0	0	2.0000	0.0000	1.0000	NaN	3.7676	2.8440	15.5249	863355.6454	863355.9496	1.0000	1.0000	0.1345
23xg02	3	5	0	0	1.0000	0.0000	-1.0000	0.9237	NaN	NaN	NaN	863358.5220	863358.9112	0.0000	1.0000	0.2625
23xg02	3	5	0	0	2.0000	0.0000	1.0000	NaN	3.8332	5.7060	13.3519	863359.7007	863360.0029	1.0000	1.0000	0.2904
23xg02	3	6	0	0	1.0000	0.0000	1.0000	0.2069	NaN	NaN	NaN	863362.6178	863363.0340	1.0000	1.0000	0.3314
23xg02	3	6	0	0	2.0000	0.0000	-1.0000	NaN	5.4346	-6.2549	15.7033	863363.9305	863364.2348	0.0000	1.0000	0.3308
23xg02	3	7	0	0	1.0000	0.0000	-1.0000	0.5509	NaN	NaN	NaN	863366.8286	863367.2502	0.0000	1.0000	0.4025
23xg02	3	7	0	0	2.0000	0.0000	-1.0000	NaN	6.7405	-7.9574	14.8279	863368.1903	863368.4954	0.0000	1.0000	0.3727
23xg02	3	8	0	0	1.0000	0.0000	1.0000	0.2119	NaN	NaN	NaN	863371.2634	863371.6974	0.0000	0.0000	0.4671
23xg02	3	8	0	0	2.0000	0.0000	-1.0000	NaN	7.6377	-7.4633	15.0449	863372.7322	863373.0371	0.0000	1.0000	0.2956
23xg02	3	9	0	0	1.0000	0.0000	1.0000	0.3814	NaN	NaN	NaN	863376.0325	863376.4270	1.0000	1.0000	0.2651
23xg02	3	9	0	0	2.0000	0.0000	-1.0000	NaN	7.9620	-9.0472	15.3686	863377.2345	863377.5366	0.0000	1.0000	0.2920
23xg02	3	10	0	0	1.0000	0.0000	1.0000	0.8308	NaN	NaN	NaN	863379.9290	863380.2811	1.0000	1.0000	1.0362
23xg02	3	10	0	0	2.0000	0.0000	1.0000	NaN	3.1767	2.5026	14.7507	863381.8589	863382.1611	1.0000	1.0000	0.3230
23xg02	3	11	0	0	1.0000	0.0000	1.0000	0.3081	NaN	NaN	NaN	863384.7769	863385.1280	1.0000	1.0000	0.1720
23xg02	3	11	0	0	2.0000	0.0000	-1.0000	NaN	6.9563	-5.6984	14.8713	863385.8266	863386.1288	0.0000	1.0000	0.3553
23xg02	3	12	0	0	1.0000	0.0000	1.0000	0.4522	NaN	NaN	NaN	863388.9520	863389.3084	1.0000	1.0000	0.2317
23xg02	3	12	0	0	2.0000	0.0000	-1.0000	NaN	6.2125	-6.2408	15.2692	863390.0669	863390.3691	0.0000	1.0000	0.1961
23xg02	3	13	0	0	1.0000	0.0000	-1.0000	0.6937	NaN	NaN	NaN	863392.9481	863393.3043	1.0000	0.0000	0.2364
23xg02	3	13	0	0	2.0000	0.0000	-1.0000	NaN	2.7714	-4.9595	14.0730	863394.0989	863394.4011	0.0000	1.0000	0.3396
23xg02	3	14	0	0	1.0000	0.0000	1.0000	0.4511	NaN	NaN	NaN	863396.7322	863397.0872	1.0000	1.0000	0.1984
23xg02	3	14	0	0	2.0000	0.0000	-1.0000	NaN	8.9329	-7.2516	15.4112	863397.8428	863398.1449	0.0000	1.0000	0.2126
23xg02	3	15	0	0	1.0000	0.0000	1.0000	0.2210	NaN	NaN	NaN	863401.0699	863401.4244	1.0000	1.0000	0.3716
23xg02	3	15	0	0	2.0000	0.0000	-1.0000	NaN	6.0484	-7.0498	15.4821	863402.3555	863402.6576	0.0000	1.0000	0.1784
23xg02	3	16	0	0	1.0000	0.0000	1.0000	0.9383	NaN	NaN	NaN	863405.0859	863405.4408	1.0000	1.0000	0.3245
23xg02	3	16	0	0	2.0000	0.0000	1.0000	NaN	7.8887	8.5959	14.6192	863406.3719	863406.6741	0.0000	0.0000	0.5946
23xg02	3	17	0	0	1.0000	0.0000	1.0000	0.3675	NaN	NaN	NaN	863409.9826	863410.3946	1.0000	1.0000	0.0575
23xg02	3	17	0	0	2.0000	0.0000	1.0000	NaN	7.6260	6.7912	12.6605	863411.0119	863411.3141	1.0000	1.0000	0.2436
23xg02	3	18	0	0	1.0000	0.0000	1.0000	0.8144	NaN	NaN	NaN	863413.5570	863413.9085	1.0000	1.0000	0.1769
23xg02	3	18	0	0	2.0000	0.0000	-1.0000	NaN	10.1017	-8.6635	14.9861	863414.6278	863414.9300	0.0000	1.0000	0.2432
23xg02	3	19	0	0	1.0000	0.0000	1.0000	0.4537	NaN	NaN	NaN	863417.7318	863418.0863	1.0000	1.0000	0.2541
23xg02	3	19	0	0	2.0000	0.0000	1.0000	NaN	3.8895	3.3554	14.6237	863418.8828	863419.1849	1.0000	1.0000	0.1791
23xg02	3	20	0	0	1.0000	0.0000	-1.0000	0.2899	NaN	NaN	NaN	863421.4640	863421.8194	1.0000	0.0000	0.2167
23xg02	3	20	0	0	2.0000	0.0000	-1.0000	NaN	10.0586	-10.4541	13.7318	863422.5641	863422.8663	0.0000	1.0000	0.1948
23xg02	3	21	0	0	1.0000	0.0000	1.0000	0.1058	NaN	NaN	NaN	863425.1200	863425.4733	1.0000	1.0000	0.2267
23xg02	3	21	0	0	2.0000	0.0000	1.0000	NaN	8.4502	8.3709	15.4150	863426.2422	863426.5444	1.0000	1.0000	0.3882
23xg02	3	22	0	0	1.0000	0.0000	-1.0000	0.6075	NaN	NaN	NaN	863428.9314	863429.2856	1.0000	0.0000	0.2393
23xg02	3	22	0	0	2.0000	0.0000	1.0000	NaN	9.7276	8.7929	16.0599	863430.0666	863430.3688	1.0000	1.0000	0.4838
23xg02	3	23	0	0	1.0000	0.0000	1.0000	0.1775	NaN	NaN	NaN	863433.1440	863433.4950	0.0000	0.0000	0.7334
23xg02	3	23	0	0	2.0000	0.0000	-1.0000	NaN	9.9361	-8.7218	15.2353	863434.7558	863435.0580	0.0000	1.0000	0.2432
23xg02	3	24	0	0	1.0000	0.0000	1.0000	0.5183	NaN	NaN	NaN	863437.1187	863437.4726	1.0000	1.0000	0.2764
23xg02	3	24	0	0	2.0000	0.0000	-1.0000	NaN	3.4772	-1.8070	15.1990	863438.2903	863438.5924	1.0000	0.0000	1.1562
23xg02	3	25	0	0	1.0000	0.0000	1.0000	0.1841	NaN	NaN	NaN	863442.1191	863442.4722	1.0000	1.0000	0.5558
23xg02	3	25	0	0	2.0000	0.0000	1.0000	NaN	9.2052	8.6168	14.4708	863443.5886	863443.8908	1.0000	1.0000	0.2428
23xg02	3	26	0	0	1.0000	0.0000	1.0000	0.3748	NaN	NaN	NaN	863446.5480	863446.9013	1.0000	1.0000	0.1282
23xg02	3	26	0	0	2.0000	0.0000	-1.0000	NaN	7.5753	-7.4112	15.8366	863447.6045	863447.9066	0.0000	1.0000	0.4831
23xg02	3	27	0	0	1.0000	0.0000	1.0000	0.2400	NaN	NaN	NaN	863450.5468	863450.9011	1.0000	1.0000	0.1117
23xg02	3	27	0	0	2.0000	0.0000	-1.0000	NaN	4.2711	-4.2216	15.3238	863451.5551	863451.8573	0.0000	1.0000	0.2122
23xg02	3	28	0	0	1.0000	0.0000	-1.0000	0.6491	NaN	NaN	NaN	863454.1842	863454.5950	1.0000	0.0000	0.2410
23xg02	3	28	0	0	2.0000	0.0000	1.0000	NaN	4.7366	2.6805	15.9699	863455.3721	863455.6760	1.0000	1.0000	0.4731
23xg02	3	29	0	0	1.0000	0.0000	1.0000	0.1886	NaN	NaN	NaN	863458.4165	863458.8283	1.0000	1.0000	0.4088
23xg02	3	29	0	0	2.0000	0.0000	-1.0000	NaN	5.4647	-5.3505	13.8866	863459.7888	863460.0925	1.0000	0.0000	0.3915
23xg02	3	30	0	0	1.0000	0.0000	-1.0000	0.5648	NaN	NaN	NaN	863462.4906	863462.9132	1.0000	0.0000	0.3231
23xg02	3	30	0	0	2.0000	0.0000	1.0000	NaN	1.3262	1.9585	13.0557	863463.8077	863464.1126	1.0000	1.0000	0.4513
23xg02	3	31	0	0	1.0000	0.0000	-1.0000	0.2307	NaN	NaN	NaN	863466.6301	863467.0592	1.0000	0.0000	0.3545
23xg02	3	31	0	0	2.0000	0.0000	1.0000	NaN	10.1017	12.9563	15.6819	863467.9664	863468.2733	1.0000	1.0000	0.3719
23xg02	3	32	0	0	1.0000	0.0000	1.0000	0.1299	NaN	NaN	NaN	863470.8504	863471.2544	1.0000	1.0000	0.3022
23xg02	3	32	0	0	2.0000	0.0000	-1.0000	NaN	6.7802	-5.1808	15.1801	863472.0992	863472.4025	0.0000	1.0000	0.4014
23xg02	3	33	0	0	1.0000	0.0000	-1.0000	0.5052	NaN	NaN	NaN	863474.9129	863475.2665	1.0000	0.0000	0.3860
23xg02	3	33	0	0	2.0000	0.0000	1.0000	NaN	1.9216	1.8704	16.2883	863476.1948	863476.4969	1.0000	1.0000	0.7565
23xg02	3	34	0	0	1.0000	0.0000	-1.0000	0.8951	NaN	NaN	NaN	863479.6697	863480.0218	1.0000	0.0000	0.3352
23xg02	3	34	0	0	2.0000	0.0000	1.0000	NaN	11.2853	10.2973	15.1453	863480.8976	863481.1999	1.0000	1.0000	0.2921
23xg02	3	35	0	0	1.0000	0.0000	-1.0000	0.1021	NaN	NaN	NaN	863483.4858	863483.8382	1.0000	0.0000	0.3097
23xg02	3	35	0	0	2.0000	0.0000	-1.0000	NaN	2.8169	-3.5878	14.8941	863484.6762	863484.9784	1.0000	0.0000	0.6901
23xg02	3	36	0	0	1.0000	0.0000	-1.0000	0.6105	NaN	NaN	NaN	863488.3481	863488.7033	1.0000	0.0000	0.4541
23xg02	3	36	0	0	2.0000	0.0000	1.0000	NaN	4.6516	5.4958	15.3563	863489.6991	863490.0022	1.0000	1.0000	0.4017
23xg02	3	37	0	0	1.0000	0.0000	1.0000	0.2711	NaN	NaN	NaN	863492.6372	863492.9878	1.0000	1.0000	0.2971
23xg02	3	37	0	0	2.0000	0.0000	1.0000	NaN	6.1411	5.0534	17.2805	863493.8431	863494.1453	1.0000	1.0000	0.4991
23xg02	3	38	0	0	1.0000	0.0000	-1.0000	0.5670	NaN	NaN	NaN	863496.4773	863496.8322	0.0000	1.0000	0.4370
23xg02	3	38	0	0	2.0000	0.0000	1.0000	NaN	1.2422	1.2183	14.6579	863497.8114	863498.1136	1.0000	1.0000	0.3704
23xg02	3	39	0	0	1.0000	0.0000	-1.0000	0.2224	NaN	NaN	NaN	863500.9210	863501.3441	0.0000	1.0000	0.8686
23xg02	3	39	0	0	2.0000	0.0000	1.0000	NaN	5.2835	5.4804	14.0223	863502.7642	863503.0713	1.0000	1.0000	0.4207
23xg02	3	40	0	0	1.0000	0.0000	-1.0000	0.8706	NaN	NaN	NaN	863505.9268	863506.3438	0.0000	1.0000	0.3487
23xg02	3	40	0	0	2.0000	0.0000	1.0000	NaN	11.8078	12.7067	15.4058	863507.2304	863507.5375	1.0000	1.0000	0.2113
23xg02	3	41	0	0	1.0000	0.0000	-1.0000	0.0202	NaN	NaN	NaN	863510.0627	863510.4769	0.0000	1.0000	0.1676
23xg02	3	41	0	0	2.0000	0.0000	1.0000	NaN	10.1790	10.6854	13.0836	863511.2297	863511.5369	1.0000	1.0000	0.4687
23xg02	3	42	0	0	1.0000	0.0000	-1.0000	0.6490	NaN	NaN	NaN	863514.4061	863514.8267	0.0000	1.0000	0.2652
23xg02	3	42	0	0	2.0000	0.0000	1.0000	NaN	10.0027	10.4100	15.0305	863515.6910	863515.9954	1.0000	1.0000	0.1369
23xg02	3	43	0	0	1.0000	0.0000	1.0000	0.5047	NaN	NaN	NaN	863517.9873	863518.4047	1.0000	1.0000	0.3833
23xg02	3	43	0	0	2.0000	0.0000	1.0000	NaN	3.8846	3.6148	15.3963	863519.3896	863519.6941	1.0000	1.0000	0.2618
23xg02	3	44	0	0	1.0000	0.0000	1.0000	0.4725	NaN	NaN	NaN	863522.0270	863522.4384	1.0000	1.0000	0.3028
23xg02	3	44	0	0	2.0000	0.0000	-1.0000	NaN	8.7794	-7.1989	14.7521	863523.3306	863523.6338	0.0000	1.0000	0.5637
23xg02	3	45	0	0	1.0000	0.0000	-1.0000	0.9022	NaN	NaN	NaN	863526.7207	863527.0709	0.0000	1.0000	0.3735
23xg02	3	45	0	0	2.0000	0.0000	1.0000	NaN	11.2854	12.3369	13.5914	863528.0023	863528.3045	1.0000	1.0000	0.1481
23xg02	3	46	0	0	1.0000	0.0000	1.0000	0.7755	NaN	NaN	NaN	863530.5261	863530.8804	1.0000	1.0000	0.2276
23xg02	3	46	0	0	2.0000	0.0000	-1.0000	NaN	2.8926	-3.9768	14.5175	863531.6843	863531.9864	1.0000	0.0000	0.4334
23xg02	3	47	0	0	1.0000	0.0000	1.0000	0.5899	NaN	NaN	NaN	863534.6374	863534.9873	1.0000	1.0000	0.3767
23xg02	3	47	0	0	2.0000	0.0000	1.0000	NaN	3.2593	3.8434	14.6884	863535.9236	863536.2257	1.0000	1.0000	0.3869
23xg02	3	48	0	0	1.0000	0.0000	-1.0000	0.3256	NaN	NaN	NaN	863539.2612	863539.6174	1.0000	0.0000	0.2921
23xg02	3	48	0	0	2.0000	0.0000	-1.0000	NaN	8.0938	-6.6464	15.7662	863540.4348	863540.7369	0.0000	1.0000	0.5150
23xg02	3	49	0	0	1.0000	0.0000	-1.0000	0.3642	NaN	NaN	NaN	863543.7431	863544.0964	0.0000	1.0000	0.2595
23xg02	3	49	0	0	2.0000	0.0000	-1.0000	NaN	9.3922	-8.3284	16.0078	863544.8671	863545.1693	1.0000	0.0000	0.1471
23xg02	3	50	0	0	1.0000	0.0000	1.0000	0.0641	NaN	NaN	NaN	863547.5779	863547.9869	0.0000	0.0000	0.3850
23xg02	3	50	0	0	2.0000	0.0000	-1.0000	NaN	9.8205	-9.8422	15.0785	863548.9001	863549.2023	0.0000	1.0000	0.4831
