42cw01	1	1	0	0	1.0000	0.0000	1.0000	0.1424	NaN	NaN	NaN	1669245.3858	1669245.7338	1.0000	1.0000	0.0651
42cw01	1	1	0	0	2.0000	0.0000	-1.0000	NaN	7.9153	-8.3671	14.4699	1669246.3573	1669246.6591	0.0000	1.0000	0.1561
42cw01	1	2	0	0	1.0000	0.0000	1.0000	0.9115	NaN	NaN	NaN	1669249.0498	1669249.3779	0.0000	0.0000	0.3172
42cw01	1	2	0	0	2.0000	0.0000	1.0000	NaN	7.8689	7.7698	16.1386	1669250.2269	1669250.5279	1.0000	1.0000	0.1888
42cw01	1	3	0	0	1.0000	0.0000	1.0000	0.8464	NaN	NaN	NaN	1669253.2511	1669253.5791	1.0000	1.0000	0.1790
42cw01	1	3	0	0	2.0000	0.0000	1.0000	NaN	4.0100	3.1472	15.4240	1669254.2897	1669254.5907	0.0000	0.0000	0.3757
42cw01	1	4	0	0	1.0000	0.0000	-1.0000	0.2128	NaN	NaN	NaN	1669257.3729	1669257.7041	1.0000	0.0000	0.1176
42cw01	1	4	0	0	2.0000	0.0000	-1.0000	NaN	8.0140	-8.7712	13.7078	1669258.3861	1669258.6872	0.0000	1.0000	0.1336
42cw01	1	5	0	0	1.0000	0.0000	1.0000	0.6121	NaN	NaN	NaN	1669260.7682	1669261.0968	1.0000	1.0000	0.1078
42cw01	1	5	0	0	2.0000	0.0000	-1.0000	NaN	4.5433	-5.5419	15.2829	1669261.7379	1669262.0390	0.0000	1.0000	0.1680
42cw01	1	6	0	0	1.0000	0.0000	1.0000	0.3089	NaN	NaN	NaN	1669264.4670	1669264.7939	0.0000	0.0000	0.1169
42cw01	1	6	0	0	2.0000	0.0000	1.0000	NaN	1.2676	3.5217	15.3594	1669265.4425	1669265.7436	0.0000	0.0000	0.2952
42cw01	1	7	0	0	1.0000	0.0000	1.0000	0.9113	NaN	NaN	NaN	1669268.0626	1669268.3900	1.0000	1.0000	0.1027
42cw01	1	7	0	0	2.0000	0.0000	-1.0000	NaN	6.5666	-6.7599	15.4096	1669269.0576	1669269.3586	0.0000	1.0000	0.4634
42cw01	1	8	0	0	1.0000	0.0000	-1.0000	0.2818	NaN	NaN	NaN	1669272.0046	1669272.3313	0.0000	1.0000	0.3375
42cw01	1	8	0	0	2.0000	0.0000	1.0000	NaN	3.8253	5.4821	13.7726	1669273.1689	1669273.4700	1.0000	1.0000	0.3668
42cw01	1	9	0	0	1.0000	0.0000	-1.0000	0.4244	NaN	NaN	NaN	1669275.9363	1669276.2635	0.0000	1.0000	0.2780
42cw01	1	9	0	0	2.0000	0.0000	-1.0000	NaN	3.6762	-4.1460	16.3031	1669277.0593	1669277.3603	1.0000	0.0000	0.4621
42cw01	1	10	0	0	1.0000	0.0000	1.0000	0.4852	NaN	NaN	NaN	1669279.9944	1669280.3223	1.0000	1.0000	0.2834
42cw01	1	10	0	0	2.0000	0.0000	-1.0000	NaN	9.8115	-9.9455	15.0429	1669281.1773	1669281.4784	0.0000	1.0000	0.2703
42cw01	1	11	0	0	1.0000	0.0000	1.0000	0.7399	NaN	NaN	NaN	1669283.5259	1669283.8554	1.0000	1.0000	0.2071
42cw01	1	11	0	0	2.0000	0.0000	-1.0000	NaN	5.0814	-5.0247	15.6222	1669284.5953	1669284.8964	1.0000	0.0000	0.3183
42cw01	1	12	0	0	1.0000	0.0000	1.0000	0.3508	NaN	NaN	NaN	1669287.3875	1669287.7139	1.0000	1.0000	0.3235
42cw01	1	12	0	0	2.0000	0.0000	1.0000	NaN	1.3344	2.6898	16.4875	1669288.6024	1669288.9034	1.0000	1.0000	0.5653
42cw01	1	13	0	0	1.0000	0.0000	1.0000	0.1574	NaN	NaN	NaN	1669291.8606	1669292.1884	1.0000	1.0000	0.3202
42cw01	1	13	0	0	2.0000	0.0000	1.0000	NaN	7.2238	9.1866	15.6481	1669293.0341	1669293.3351	1.0000	1.0000	0.3911
42cw01	1	14	0	0	1.0000	0.0000	-1.0000	0.2531	NaN	NaN	NaN	1669295.9661	1669296.2931	0.0000	1.0000	0.1941
42cw01	1	14	0	0	2.0000	0.0000	-1.0000	NaN	1.8439	-2.8763	15.7976	1669297.0013	1669297.3023	0.0000	1.0000	0.3601
42cw01	1	15	0	0	1.0000	0.0000	-1.0000	0.5652	NaN	NaN	NaN	1669299.6360	1669299.9622	0.0000	1.0000	0.1964
42cw01	1	15	0	0	2.0000	0.0000	-1.0000	NaN	3.1465	-3.3230	14.6317	1669300.6988	1669300.9998	1.0000	0.0000	0.4129
42cw01	1	16	0	0	1.0000	0.0000	1.0000	0.6604	NaN	NaN	NaN	1669303.4587	1669303.7890	1.0000	1.0000	0.2093
42cw01	1	16	0	0	2.0000	0.0000	1.0000	NaN	0.8159	0.3581	15.4536	1669304.5306	1669304.8316	1.0000	1.0000	0.2851
42cw01	1	17	0	0	1.0000	0.0000	-1.0000	0.3186	NaN	NaN	NaN	1669307.5918	1669307.9210	1.0000	0.0000	0.2305
42cw01	1	17	0	0	2.0000	0.0000	-1.0000	NaN	8.1567	-6.3338	14.8044	1669308.6565	1669308.9574	1.0000	0.0000	0.5136
42cw01	1	18	0	0	1.0000	0.0000	1.0000	0.0302	NaN	NaN	NaN	1669311.6850	1669312.0112	1.0000	1.0000	0.3397
42cw01	1	18	0	0	2.0000	0.0000	-1.0000	NaN	3.3231	-3.2970	12.9186	1669312.8655	1669313.1666	0.0000	1.0000	0.2000
42cw01	1	19	0	0	1.0000	0.0000	1.0000	0.2477	NaN	NaN	NaN	1669315.6396	1669315.9671	0.0000	0.0000	0.1512
42cw01	1	19	0	0	2.0000	0.0000	-1.0000	NaN	7.1323	-7.2786	15.5646	1669316.6580	1669316.9590	0.0000	1.0000	0.2942
42cw01	1	20	0	0	1.0000	0.0000	-1.0000	0.1146	NaN	NaN	NaN	1669319.4919	1669319.8208	1.0000	0.0000	0.1360
42cw01	1	20	0	0	2.0000	0.0000	-1.0000	NaN	7.0741	-7.2480	15.0015	1669320.4572	1669320.7584	0.0000	1.0000	0.3849
42cw01	1	21	0	0	1.0000	0.0000	-1.0000	0.8067	NaN	NaN	NaN	1669323.6040	1669323.9328	1.0000	0.0000	0.0879
42cw01	1	21	0	0	2.0000	0.0000	1.0000	NaN	11.2079	12.5358	15.1205	1669324.5452	1669324.8463	1.0000	1.0000	0.3592
42cw01	1	22	0	0	1.0000	0.0000	1.0000	0.2126	NaN	NaN	NaN	1669327.4598	1669327.7883	1.0000	1.0000	0.1388
42cw01	1	22	0	0	2.0000	0.0000	-1.0000	NaN	9.0152	-8.6471	14.5354	1669328.4344	1669328.7355	0.0000	1.0000	0.2552
42cw01	1	23	0	0	1.0000	0.0000	1.0000	0.6058	NaN	NaN	NaN	1669331.4242	1669331.7523	1.0000	1.0000	0.2789
42cw01	1	23	0	0	2.0000	0.0000	1.0000	NaN	11.4923	10.8618	13.7396	1669332.5863	1669332.8874	1.0000	1.0000	0.2080
42cw01	1	24	0	0	1.0000	0.0000	-1.0000	0.4168	NaN	NaN	NaN	1669335.5683	1669335.8962	1.0000	0.0000	0.1831
42cw01	1	24	0	0	2.0000	0.0000	-1.0000	NaN	4.5787	-2.3782	15.4416	1669336.6174	1669336.9184	0.0000	1.0000	0.2322
42cw01	1	25	0	0	1.0000	0.0000	-1.0000	0.1056	NaN	NaN	NaN	1669339.2160	1669339.5447	1.0000	0.0000	0.2377
42cw01	1	25	0	0	2.0000	0.0000	1.0000	NaN	3.0968	5.3154	15.2020	1669340.3143	1669340.6153	1.0000	1.0000	0.2788
42cw01	1	26	0	0	1.0000	0.0000	-1.0000	0.3714	NaN	NaN	NaN	1669343.2760	1669343.6046	1.0000	0.0000	0.2261
42cw01	1	26	0	0	2.0000	0.0000	-1.0000	NaN	9.9766	-8.9917	14.8910	1669344.3938	1669344.6948	1.0000	0.0000	0.3107
42cw01	1	27	0	0	1.0000	0.0000	-1.0000	0.4040	NaN	NaN	NaN	1669347.5370	1669347.8654	1.0000	0.0000	0.2602
42cw01	1	27	0	0	2.0000	0.0000	1.0000	NaN	3.7526	6.0365	16.0894	1669348.6331	1669348.9342	0.0000	0.0000	0.3665
42cw01	1	28	0	0	1.0000	0.0000	1.0000	0.1234	NaN	NaN	NaN	1669351.5761	1669351.9038	1.0000	1.0000	0.0869
42cw01	1	28	0	0	2.0000	0.0000	1.0000	NaN	6.8259	6.9999	15.1356	1669352.5293	1669352.8304	1.0000	1.0000	0.2477
42cw01	1	29	0	0	1.0000	0.0000	-1.0000	0.6660	NaN	NaN	NaN	1669355.1446	1669355.4727	1.0000	0.0000	0.1344
42cw01	1	29	0	0	2.0000	0.0000	-1.0000	NaN	7.9961	-8.0455	15.8777	1669356.1464	1669356.4481	0.0000	1.0000	0.1823
42cw01	1	30	0	0	1.0000	0.0000	1.0000	0.7369	NaN	NaN	NaN	1669358.9709	1669359.2995	1.0000	1.0000	0.0905
42cw01	1	30	0	0	2.0000	0.0000	-1.0000	NaN	5.8415	-5.3897	14.6393	1669359.9381	1669360.2393	1.0000	0.0000	0.4307
42cw01	1	31	0	0	1.0000	0.0000	-1.0000	0.7546	NaN	NaN	NaN	1669362.8029	1669363.1306	1.0000	0.0000	0.2502
42cw01	1	31	0	0	2.0000	0.0000	-1.0000	NaN	3.7346	-5.0422	15.5137	1669363.9369	1669364.2379	0.0000	1.0000	0.3847
42cw01	1	32	0	0	1.0000	0.0000	1.0000	0.4750	NaN	NaN	NaN	1669366.5790	1669366.9085	1.0000	1.0000	0.0408
42cw01	1	32	0	0	2.0000	0.0000	-1.0000	NaN	5.7591	-4.0531	15.0759	1669367.4495	1669367.7506	1.0000	0.0000	0.4062
42cw01	1	33	0	0	1.0000	0.0000	-1.0000	0.4233	NaN	NaN	NaN	1669370.2651	1669370.5922	1.0000	0.0000	0.4868
42cw01	1	33	0	0	2.0000	0.0000	-1.0000	NaN	7.7558	-9.2333	15.7913	1669371.6423	1669371.9434	0.0000	1.0000	0.1918
42cw01	1	34	0	0	1.0000	0.0000	1.0000	0.5507	NaN	NaN	NaN	1669374.2583	1669374.5853	1.0000	1.0000	0.1019
42cw01	1	34	0	0	2.0000	0.0000	1.0000	NaN	6.5983	4.7405	13.9297	1669375.2283	1669375.5293	0.0000	0.0000	0.5633
42cw01	1	35	0	0	1.0000	0.0000	1.0000	0.7401	NaN	NaN	NaN	1669378.3434	1669378.6708	1.0000	1.0000	0.0881
42cw01	1	35	0	0	2.0000	0.0000	-1.0000	NaN	8.5804	-9.3946	15.7214	1669379.3139	1669379.6149	0.0000	1.0000	0.3259
42cw01	1	36	0	0	1.0000	0.0000	-1.0000	0.8576	NaN	NaN	NaN	1669382.0468	1669382.3760	1.0000	0.0000	0.1669
42cw01	1	36	0	0	2.0000	0.0000	-1.0000	NaN	11.3374	-10.1177	15.0271	1669383.0521	1669383.3531	0.0000	1.0000	0.1397
42cw01	1	37	0	0	1.0000	0.0000	1.0000	0.1545	NaN	NaN	NaN	1669385.8174	1669386.1445	1.0000	1.0000	0.1666
42cw01	1	37	0	0	2.0000	0.0000	-1.0000	NaN	1.4280	-1.1700	14.9250	1669386.8289	1669387.1299	0.0000	1.0000	0.0514
42cw01	1	38	0	0	1.0000	0.0000	1.0000	0.0793	NaN	NaN	NaN	1669389.5803	1669389.9072	1.0000	1.0000	0.0576
42cw01	1	38	0	0	2.0000	0.0000	-1.0000	NaN	1.5981	-2.3754	15.4969	1669390.4824	1669390.7835	0.0000	1.0000	0.0552
42cw01	1	39	0	0	1.0000	0.0000	-1.0000	0.4807	NaN	NaN	NaN	1669392.7047	1669393.0325	1.0000	0.0000	0.1723
42cw01	1	39	0	0	2.0000	0.0000	1.0000	NaN	8.3889	6.8153	15.4577	1669393.7376	1669394.0387	1.0000	1.0000	0.2868
42cw01	1	40	0	0	1.0000	0.0000	-1.0000	0.4648	NaN	NaN	NaN	1669396.9330	1669397.2600	1.0000	0.0000	0.0737
42cw01	1	40	0	0	2.0000	0.0000	-1.0000	NaN	4.0526	-5.2293	14.6461	1669397.8573	1669398.1584	0.0000	1.0000	0.0879
42cw01	1	41	0	0	1.0000	0.0000	1.0000	0.6217	NaN	NaN	NaN	1669400.4766	1669400.8046	1.0000	1.0000	0.1387
42cw01	1	41	0	0	2.0000	0.0000	1.0000	NaN	4.8914	3.3247	15.3654	1669401.4651	1669401.7662	1.0000	1.0000	0.2465
42cw01	1	42	0	0	1.0000	0.0000	1.0000	0.1497	NaN	NaN	NaN	1669404.1614	1669404.4890	1.0000	1.0000	0.2374
42cw01	1	42	0	0	2.0000	0.0000	-1.0000	NaN	11.6471	-10.8728	15.8321	1669405.2490	1669405.5503	0.0000	1.0000	0.0887
42cw01	1	43	0	0	1.0000	0.0000	-1.0000	0.0310	NaN	NaN	NaN	1669407.8132	1669408.1418	1.0000	0.0000	0.3289
42cw01	1	43	0	0	2.0000	0.0000	1.0000	NaN	6.7344	6.7475	15.5700	1669409.0272	1669409.3282	1.0000	1.0000	0.2151
42cw01	1	44	0	0	1.0000	0.0000	1.0000	0.9243	NaN	NaN	NaN	1669411.8172	1669412.1452	1.0000	1.0000	0.1019
42cw01	1	44	0	0	2.0000	0.0000	-1.0000	NaN	7.7879	-8.4414	16.0526	1669412.7772	1669413.0781	0.0000	1.0000	0.0892
42cw01	1	45	0	0	1.0000	0.0000	-1.0000	0.0923	NaN	NaN	NaN	1669415.5895	1669415.9175	1.0000	0.0000	0.4018
42cw01	1	45	0	0	2.0000	0.0000	1.0000	NaN	9.8815	9.2853	15.9941	1669416.9143	1669417.2154	1.0000	1.0000	0.2076
42cw01	1	46	0	0	1.0000	0.0000	1.0000	0.7564	NaN	NaN	NaN	1669419.5221	1669419.8508	0.0000	0.0000	0.1940
42cw01	1	46	0	0	2.0000	0.0000	-1.0000	NaN	1.1845	-1.4860	15.0933	1669420.6032	1669420.9043	1.0000	0.0000	0.1186
42cw01	1	47	0	0	1.0000	0.0000	1.0000	0.0044	NaN	NaN	NaN	1669423.1143	1669423.4422	0.0000	0.0000	0.3965
42cw01	1	47	0	0	2.0000	0.0000	1.0000	NaN	9.2989	11.2941	14.5058	1669424.4018	1669424.7027	1.0000	1.0000	0.1203
42cw01	1	48	0	0	1.0000	0.0000	-1.0000	0.2279	NaN	NaN	NaN	1669426.7314	1669427.0597	0.0000	1.0000	0.4264
42cw01	1	48	0	0	2.0000	0.0000	1.0000	NaN	10.6381	10.2178	14.4720	1669428.0739	1669428.3750	1.0000	1.0000	0.1518
42cw01	1	49	0	0	1.0000	0.0000	1.0000	0.5577	NaN	NaN	NaN	1669430.7172	1669431.0455	0.0000	0.0000	0.3528
42cw01	1	49	0	0	2.0000	0.0000	1.0000	NaN	2.4929	3.1558	14.6561	1669431.9792	1669432.2803	1.0000	1.0000	0.1406
42cw01	1	50	0	0	1.0000	0.0000	1.0000	0.3969	NaN	NaN	NaN	1669434.9354	1669435.2629	0.0000	0.0000	0.3980
42cw01	1	50	0	0	2.0000	0.0000	1.0000	NaN	11.7966	13.7306	15.4835	1669436.2257	1669436.5268	1.0000	1.0000	0.1900
42cw01	2	1	0	0	1.0000	0.0000	-1.0000	0.9349	NaN	NaN	NaN	1669452.0336	1669452.3606	0.0000	1.0000	0.2864
42cw01	2	1	0	0	2.0000	0.0000	1.0000	NaN	2.0060	2.3070	15.8481	1669453.2089	1669453.5099	1.0000	1.0000	0.1668
42cw01	2	2	0	0	1.0000	0.0000	1.0000	0.5195	NaN	NaN	NaN	1669455.9282	1669456.2577	0.0000	0.0000	0.3399
42cw01	2	2	0	0	2.0000	0.0000	1.0000	NaN	6.2536	4.0441	15.9912	1669457.1288	1669457.4302	1.0000	1.0000	0.1929
42cw01	2	3	0	0	1.0000	0.0000	1.0000	0.6771	NaN	NaN	NaN	1669459.7295	1669460.0572	0.0000	0.0000	0.4059
42cw01	2	3	0	0	2.0000	0.0000	1.0000	NaN	6.0057	6.5234	13.9178	1669461.0414	1669461.3424	1.0000	1.0000	0.0807
42cw01	2	4	0	0	1.0000	0.0000	-1.0000	0.3225	NaN	NaN	NaN	1669463.9671	1669464.2944	0.0000	1.0000	0.0959
42cw01	2	4	0	0	2.0000	0.0000	-1.0000	NaN	11.4196	-11.6543	14.0844	1669464.9215	1669465.2225	0.0000	1.0000	0.2727
42cw01	2	5	0	0	1.0000	0.0000	1.0000	0.5062	NaN	NaN	NaN	1669467.9599	1669468.2883	0.0000	0.0000	0.3021
42cw01	2	5	0	0	2.0000	0.0000	-1.0000	NaN	4.2087	-3.8471	14.7693	1669469.1213	1669469.4226	0.0000	1.0000	0.1342
42cw01	2	6	0	0	1.0000	0.0000	-1.0000	0.1698	NaN	NaN	NaN	1669471.5988	1669471.9272	0.0000	1.0000	0.4376
42cw01	2	6	0	0	2.0000	0.0000	-1.0000	NaN	5.0746	-2.2285	14.3272	1669472.8987	1669473.1996	1.0000	0.0000	0.1114
42cw01	2	7	0	0	1.0000	0.0000	-1.0000	0.2469	NaN	NaN	NaN	1669475.3895	1669475.7174	0.0000	1.0000	0.2795
42cw01	2	7	0	0	2.0000	0.0000	-1.0000	NaN	9.6008	-10.6238	15.0406	1669476.5297	1669476.8309	1.0000	0.0000	0.1433
42cw01	2	8	0	0	1.0000	0.0000	1.0000	0.4311	NaN	NaN	NaN	1669479.1479	1669479.4732	0.0000	0.0000	0.2701
42cw01	2	8	0	0	2.0000	0.0000	1.0000	NaN	5.1887	4.7275	14.7958	1669480.2976	1669480.5992	1.0000	1.0000	0.2795
42cw01	2	9	0	0	1.0000	0.0000	1.0000	0.8605	NaN	NaN	NaN	1669483.1859	1669483.5129	0.0000	0.0000	0.4779
42cw01	2	9	0	0	2.0000	0.0000	-1.0000	NaN	1.5238	-1.2101	14.8069	1669484.5704	1669484.8714	1.0000	0.0000	0.3094
42cw01	2	10	0	0	1.0000	0.0000	-1.0000	0.2385	NaN	NaN	NaN	1669487.1813	1669487.5141	1.0000	0.0000	0.5095
42cw01	2	10	0	0	2.0000	0.0000	-1.0000	NaN	7.3925	-4.0885	15.7742	1669488.5542	1669488.8552	0.0000	1.0000	0.1177
42cw01	2	11	0	0	1.0000	0.0000	1.0000	0.3960	NaN	NaN	NaN	1669491.5334	1669491.8612	0.0000	0.0000	0.5217
42cw01	2	11	0	0	2.0000	0.0000	-1.0000	NaN	7.8823	-9.4148	14.0316	1669492.9291	1669493.2302	1.0000	0.0000	0.1370
42cw01	2	12	0	0	1.0000	0.0000	-1.0000	0.4377	NaN	NaN	NaN	1669495.6900	1669496.0163	1.0000	0.0000	0.5006
42cw01	2	12	0	0	2.0000	0.0000	-1.0000	NaN	11.7797	-11.5081	15.7871	1669497.0668	1669497.3680	0.0000	1.0000	0.1262
42cw01	2	13	0	0	1.0000	0.0000	-1.0000	0.7772	NaN	NaN	NaN	1669499.9269	1669500.2559	1.0000	0.0000	0.2230
42cw01	2	13	0	0	2.0000	0.0000	1.0000	NaN	9.8106	11.5922	12.9908	1669501.0011	1669501.3022	1.0000	1.0000	0.1054
42cw01	2	14	0	0	1.0000	0.0000	1.0000	0.5794	NaN	NaN	NaN	1669503.2321	1669503.5601	1.0000	1.0000	0.2688
42cw01	2	14	0	0	2.0000	0.0000	1.0000	NaN	7.4120	6.4551	14.9744	1669504.3852	1669504.6863	1.0000	1.0000	0.1442
42cw01	2	15	0	0	1.0000	0.0000	1.0000	0.8321	NaN	NaN	NaN	1669506.9614	1669507.2894	0.0000	0.0000	0.6753
42cw01	2	15	0	0	2.0000	0.0000	1.0000	NaN	6.6019	4.4187	13.7256	1669508.5375	1669508.8391	1.0000	1.0000	0.1676
42cw01	2	16	0	0	1.0000	0.0000	1.0000	0.4280	NaN	NaN	NaN	1669510.9479	1669511.2732	0.0000	0.0000	0.5014
42cw01	2	16	0	0	2.0000	0.0000	1.0000	NaN	1.0059	1.2845	13.5804	1669512.3241	1669512.6251	1.0000	1.0000	0.1638
42cw01	2	17	0	0	1.0000	0.0000	-1.0000	0.8677	NaN	NaN	NaN	1669514.6145	1669514.9402	1.0000	0.0000	0.3138
42cw01	2	17	0	0	2.0000	0.0000	-1.0000	NaN	1.8285	-3.3768	16.3081	1669515.8341	1669516.1351	0.0000	1.0000	0.2297
42cw01	2	18	0	0	1.0000	0.0000	1.0000	0.6007	NaN	NaN	NaN	1669518.7617	1669519.0889	1.0000	1.0000	0.2859
42cw01	2	18	0	0	2.0000	0.0000	1.0000	NaN	1.1705	0.3532	14.0387	1669519.9055	1669520.2066	1.0000	1.0000	0.1284
42cw01	2	19	0	0	1.0000	0.0000	-1.0000	0.4007	NaN	NaN	NaN	1669522.8084	1669523.1345	1.0000	0.0000	0.1443
42cw01	2	19	0	0	2.0000	0.0000	-1.0000	NaN	10.9888	-10.8863	14.7984	1669523.7615	1669524.0626	0.0000	1.0000	0.1754
42cw01	2	20	0	0	1.0000	0.0000	-1.0000	0.6227	NaN	NaN	NaN	1669526.9121	1669527.2401	1.0000	0.0000	0.4949
42cw01	2	20	0	0	2.0000	0.0000	-1.0000	NaN	2.0542	-3.1891	15.0845	1669528.2905	1669528.5916	1.0000	0.0000	0.2452
42cw01	2	21	0	0	1.0000	0.0000	1.0000	0.9083	NaN	NaN	NaN	1669531.2241	1669531.5508	0.0000	0.0000	0.3760
42cw01	2	21	0	0	2.0000	0.0000	1.0000	NaN	6.9025	5.4340	13.7728	1669532.5531	1669532.8547	1.0000	1.0000	0.1281
42cw01	2	22	0	0	1.0000	0.0000	1.0000	0.2254	NaN	NaN	NaN	1669534.7982	1669535.1270	1.0000	1.0000	0.0239
42cw01	2	22	0	0	2.0000	0.0000	1.0000	NaN	5.5062	6.0396	14.8419	1669535.6258	1669535.9268	1.0000	1.0000	0.0862
42cw01	2	23	0	0	1.0000	0.0000	-1.0000	0.6423	NaN	NaN	NaN	1669537.9464	1669538.2740	1.0000	0.0000	0.1329
42cw01	2	23	0	0	2.0000	0.0000	1.0000	NaN	3.4688	4.2986	13.9531	1669538.9137	1669539.2148	1.0000	1.0000	0.1844
42cw01	2	24	0	0	1.0000	0.0000	-1.0000	0.8316	NaN	NaN	NaN	1669541.6011	1669541.9296	0.0000	1.0000	0.3016
42cw01	2	24	0	0	2.0000	0.0000	-1.0000	NaN	6.2166	-5.8549	15.0661	1669542.7699	1669543.0710	1.0000	0.0000	0.1739
42cw01	2	25	0	0	1.0000	0.0000	-1.0000	0.7832	NaN	NaN	NaN	1669545.7275	1669546.0553	1.0000	0.0000	0.1096
42cw01	2	25	0	0	2.0000	0.0000	-1.0000	NaN	11.7920	-12.2234	16.4237	1669546.6747	1669546.9758	0.0000	1.0000	0.0870
42cw01	2	26	0	0	1.0000	0.0000	1.0000	0.0359	NaN	NaN	NaN	1669549.1348	1669549.4625	1.0000	1.0000	0.2311
42cw01	2	26	0	0	2.0000	0.0000	-1.0000	NaN	10.6220	-11.6413	14.6812	1669550.2085	1669550.5101	0.0000	1.0000	0.3209
42cw01	2	27	0	0	1.0000	0.0000	1.0000	0.1743	NaN	NaN	NaN	1669553.1275	1669553.4548	1.0000	1.0000	0.1198
42cw01	2	27	0	0	2.0000	0.0000	1.0000	NaN	4.4218	4.2739	15.0499	1669554.0903	1669554.3922	0.0000	0.0000	0.3727
42cw01	2	28	0	0	1.0000	0.0000	-1.0000	0.4825	NaN	NaN	NaN	1669557.2212	1669557.5480	1.0000	0.0000	0.0351
42cw01	2	28	0	0	2.0000	0.0000	-1.0000	NaN	1.0262	-0.6414	15.9451	1669558.1050	1669558.4061	1.0000	0.0000	0.1451
42cw01	2	29	0	0	1.0000	0.0000	-1.0000	0.7610	NaN	NaN	NaN	1669560.7929	1669561.1203	0.0000	1.0000	0.1885
42cw01	2	29	0	0	2.0000	0.0000	1.0000	NaN	0.3506	1.8185	15.6465	1669561.8364	1669562.1375	1.0000	1.0000	0.1392
42cw01	2	30	0	0	1.0000	0.0000	1.0000	0.6824	NaN	NaN	NaN	1669564.8458	1669565.1746	1.0000	1.0000	0.0078
42cw01	2	30	0	0	2.0000	0.0000	1.0000	NaN	11.6238	12.1305	14.0454	1669565.6979	1669565.9989	1.0000	1.0000	0.1355
42cw01	2	31	0	0	1.0000	0.0000	-1.0000	0.2279	NaN	NaN	NaN	1669568.4676	1669568.7959	1.0000	0.0000	0.2031
42cw01	2	31	0	0	2.0000	0.0000	1.0000	NaN	1.4798	2.5716	15.4663	1669569.5226	1669569.8236	1.0000	1.0000	0.1435
42cw01	2	32	0	0	1.0000	0.0000	1.0000	0.4284	NaN	NaN	NaN	1669571.9429	1669572.2710	0.0000	0.0000	0.1098
42cw01	2	32	0	0	2.0000	0.0000	-1.0000	NaN	6.5641	-5.7648	15.7780	1669572.9374	1669573.2384	1.0000	0.0000	0.1029
42cw01	2	33	0	0	1.0000	0.0000	1.0000	0.0146	NaN	NaN	NaN	1669575.7266	1669576.0537	1.0000	1.0000	0.0175
42cw01	2	33	0	0	2.0000	0.0000	1.0000	NaN	0.5163	2.3898	14.4330	1669576.5467	1669576.8477	1.0000	1.0000	0.0951
42cw01	2	34	0	0	1.0000	0.0000	-1.0000	0.8828	NaN	NaN	NaN	1669579.2499	1669579.5806	0.0000	1.0000	0.2500
42cw01	2	34	0	0	2.0000	0.0000	-1.0000	NaN	4.1998	-5.3603	13.6828	1669580.3855	1669580.6865	1.0000	0.0000	0.1103
42cw01	2	35	0	0	1.0000	0.0000	1.0000	0.0064	NaN	NaN	NaN	1669583.0613	1669583.3903	1.0000	1.0000	0.2328
42cw01	2	35	0	0	2.0000	0.0000	-1.0000	NaN	7.2260	-6.2434	15.0311	1669584.1378	1669584.4387	0.0000	1.0000	0.1924
42cw01	2	36	0	0	1.0000	0.0000	-1.0000	0.1418	NaN	NaN	NaN	1669586.7701	1669587.1009	1.0000	0.0000	0.2399
42cw01	2	36	0	0	2.0000	0.0000	-1.0000	NaN	3.0901	-3.2240	15.4872	1669587.8580	1669588.1590	1.0000	0.0000	0.1041
42cw01	2	37	0	0	1.0000	0.0000	-1.0000	0.4876	NaN	NaN	NaN	1669590.8061	1669591.1338	0.0000	1.0000	0.1191
42cw01	2	37	0	0	2.0000	0.0000	-1.0000	NaN	4.8217	-4.6146	14.7410	1669591.7936	1669592.0951	0.0000	1.0000	0.1345
42cw01	2	38	0	0	1.0000	0.0000	-1.0000	0.6852	NaN	NaN	NaN	1669594.2885	1669594.6162	1.0000	0.0000	0.1100
42cw01	2	38	0	0	2.0000	0.0000	1.0000	NaN	1.2811	1.5339	16.5583	1669595.2281	1669595.5291	0.0000	0.0000	0.1581
42cw01	2	39	0	0	1.0000	0.0000	-1.0000	0.8610	NaN	NaN	NaN	1669597.9434	1669598.2712	1.0000	0.0000	0.0882
42cw01	2	39	0	0	2.0000	0.0000	1.0000	NaN	10.5558	11.6419	15.6545	1669598.8994	1669599.2004	1.0000	1.0000	0.1187
42cw01	2	40	0	0	1.0000	0.0000	-1.0000	0.6214	NaN	NaN	NaN	1669601.8589	1669602.1862	0.0000	1.0000	0.7005
42cw01	2	40	0	0	2.0000	0.0000	-1.0000	NaN	8.2706	-8.8444	15.1583	1669603.4571	1669603.7581	1.0000	0.0000	0.2252
42cw01	2	41	0	0	1.0000	0.0000	1.0000	0.3012	NaN	NaN	NaN	1669606.0392	1669606.3666	1.0000	1.0000	0.1609
42cw01	2	41	0	0	2.0000	0.0000	-1.0000	NaN	11.4027	-10.3448	15.6301	1669607.0410	1669607.3423	1.0000	0.0000	0.2154
42cw01	2	42	0	0	1.0000	0.0000	-1.0000	0.8104	NaN	NaN	NaN	1669609.3753	1669609.7037	1.0000	0.0000	0.1516
42cw01	2	42	0	0	2.0000	0.0000	-1.0000	NaN	7.4647	-7.2579	14.7397	1669610.3706	1669610.6723	0.0000	1.0000	0.1822
42cw01	2	43	0	0	1.0000	0.0000	1.0000	0.1850	NaN	NaN	NaN	1669613.2852	1669613.6121	0.0000	0.0000	0.0168
42cw01	2	43	0	0	2.0000	0.0000	-1.0000	NaN	2.7111	-2.7089	14.5358	1669614.1609	1669614.4620	1.0000	0.0000	0.1029
42cw01	2	44	0	0	1.0000	0.0000	-1.0000	0.5394	NaN	NaN	NaN	1669616.7095	1669617.0380	0.0000	1.0000	0.5851
42cw01	2	44	0	0	2.0000	0.0000	-1.0000	NaN	0.9103	-1.6776	14.9713	1669618.1543	1669618.4557	1.0000	0.0000	0.1413
42cw01	2	45	0	0	1.0000	0.0000	-1.0000	0.2230	NaN	NaN	NaN	1669620.8987	1669621.2263	1.0000	0.0000	0.1386
42cw01	2	45	0	0	2.0000	0.0000	1.0000	NaN	4.2379	3.0812	15.9831	1669621.8822	1669622.1833	1.0000	1.0000	0.1577
42cw01	2	46	0	0	1.0000	0.0000	-1.0000	0.3341	NaN	NaN	NaN	1669624.5906	1669624.9192	1.0000	0.0000	0.0856
42cw01	2	46	0	0	2.0000	0.0000	-1.0000	NaN	9.9699	-12.0167	14.3153	1669625.5153	1669625.8163	0.0000	1.0000	0.0706
42cw01	2	47	0	0	1.0000	0.0000	-1.0000	0.0916	NaN	NaN	NaN	1669628.3179	1669628.6468	1.0000	0.0000	0.0561
42cw01	2	47	0	0	2.0000	0.0000	-1.0000	NaN	1.5837	-1.0750	15.0423	1669629.2171	1669629.5181	0.0000	1.0000	0.1040
42cw01	2	48	0	0	1.0000	0.0000	-1.0000	0.6167	NaN	NaN	NaN	1669632.0242	1669632.3523	1.0000	0.0000	0.1566
42cw01	2	48	0	0	2.0000	0.0000	1.0000	NaN	8.7807	7.9235	15.6653	1669633.0256	1669633.3266	1.0000	1.0000	0.0782
42cw01	2	49	0	0	1.0000	0.0000	1.0000	0.5222	NaN	NaN	NaN	1669635.8200	1669636.1475	0.0000	0.0000	0.2734
42cw01	2	49	0	0	2.0000	0.0000	-1.0000	NaN	11.0063	-12.0766	14.7102	1669636.9718	1669637.2728	0.0000	1.0000	0.2368
42cw01	2	50	0	0	1.0000	0.0000	1.0000	0.5114	NaN	NaN	NaN	1669639.5922	1669639.9217	1.0000	1.0000	0.0604
42cw01	2	50	0	0	2.0000	0.0000	1.0000	NaN	11.9536	13.5039	15.7731	1669640.4808	1669640.7817	1.0000	1.0000	0.1270
42cw01	3	1	0	0	1.0000	0.0000	1.0000	0.8253	NaN	NaN	NaN	1669648.3726	1669648.7001	1.0000	1.0000	0.1794
42cw01	3	1	0	0	2.0000	0.0000	-1.0000	NaN	1.0132	-1.3032	13.9965	1669649.4068	1669649.7078	0.0000	1.0000	0.0571
42cw01	3	2	0	0	1.0000	0.0000	1.0000	0.6357	NaN	NaN	NaN	1669652.1385	1669652.4668	0.0000	0.0000	0.2360
42cw01	3	2	0	0	2.0000	0.0000	-1.0000	NaN	2.2852	-4.5657	15.3739	1669653.2497	1669653.5507	0.0000	1.0000	0.1421
42cw01	3	3	0	0	1.0000	0.0000	-1.0000	0.4645	NaN	NaN	NaN	1669655.5346	1669655.8629	0.0000	1.0000	0.3125
42cw01	3	3	0	0	2.0000	0.0000	-1.0000	NaN	7.4887	-7.9155	15.2178	1669656.7541	1669657.0553	1.0000	0.0000	0.3416
42cw01	3	4	0	0	1.0000	0.0000	-1.0000	0.4181	NaN	NaN	NaN	1669659.7025	1669660.0312	0.0000	1.0000	0.2297
42cw01	3	4	0	0	2.0000	0.0000	1.0000	NaN	6.3257	2.8418	14.3649	1669660.8028	1669661.1038	1.0000	1.0000	0.1651
42cw01	3	5	0	0	1.0000	0.0000	-1.0000	0.7193	NaN	NaN	NaN	1669663.2058	1669663.5331	0.0000	1.0000	0.2573
42cw01	3	5	0	0	2.0000	0.0000	-1.0000	NaN	9.0447	-8.3329	15.8204	1669664.3294	1669664.6305	1.0000	0.0000	0.2009
42cw01	3	6	0	0	1.0000	0.0000	1.0000	0.2416	NaN	NaN	NaN	1669667.1389	1669667.4694	1.0000	1.0000	0.1593
42cw01	3	6	0	0	2.0000	0.0000	1.0000	NaN	9.7714	7.7056	14.4211	1669668.1371	1669668.4382	1.0000	1.0000	0.1529
42cw01	3	7	0	0	1.0000	0.0000	-1.0000	0.0566	NaN	NaN	NaN	1669670.7736	1669671.1004	1.0000	0.0000	0.2803
42cw01	3	7	0	0	2.0000	0.0000	1.0000	NaN	8.1837	8.6399	14.4518	1669671.8807	1669672.1818	1.0000	1.0000	0.1592
42cw01	3	8	0	0	1.0000	0.0000	1.0000	0.7652	NaN	NaN	NaN	1669674.9354	1669675.2636	1.0000	1.0000	0.1514
42cw01	3	8	0	0	2.0000	0.0000	1.0000	NaN	6.9207	7.2273	14.7027	1669675.9309	1669676.2324	1.0000	1.0000	0.1339
42cw01	3	9	0	0	1.0000	0.0000	1.0000	0.6757	NaN	NaN	NaN	1669678.8752	1669679.2047	0.0000	0.0000	0.0905
42cw01	3	9	0	0	2.0000	0.0000	1.0000	NaN	2.6610	1.4397	15.6050	1669679.8337	1669680.1354	1.0000	1.0000	0.1277
42cw01	3	10	0	0	1.0000	0.0000	-1.0000	0.0679	NaN	NaN	NaN	1669682.3883	1669682.7189	0.0000	1.0000	0.2459
42cw01	3	10	0	0	2.0000	0.0000	1.0000	NaN	6.2598	5.7887	15.3872	1669683.5140	1669683.8150	1.0000	1.0000	0.1364
42cw01	3	11	0	0	1.0000	0.0000	-1.0000	0.0113	NaN	NaN	NaN	1669686.3928	1669686.7212	0.0000	1.0000	0.1981
42cw01	3	11	0	0	2.0000	0.0000	1.0000	NaN	4.0455	3.7940	13.6423	1669687.4256	1669687.7268	1.0000	1.0000	0.1846
42cw01	3	12	0	0	1.0000	0.0000	-1.0000	0.7075	NaN	NaN	NaN	1669690.0523	1669690.3797	0.0000	1.0000	0.2034
42cw01	3	12	0	0	2.0000	0.0000	-1.0000	NaN	2.2675	-1.4078	15.7677	1669691.1305	1669691.4315	0.0000	1.0000	0.3101
42cw01	3	13	0	0	1.0000	0.0000	1.0000	0.7199	NaN	NaN	NaN	1669694.0747	1669694.4026	1.0000	1.0000	0.1486
42cw01	3	13	0	0	2.0000	0.0000	-1.0000	NaN	8.9176	-7.4434	14.2239	1669695.0741	1669695.3752	0.0000	1.0000	0.1097
42cw01	3	14	0	0	1.0000	0.0000	-1.0000	0.4654	NaN	NaN	NaN	1669697.5118	1669697.8389	0.0000	1.0000	0.1525
42cw01	3	14	0	0	2.0000	0.0000	-1.0000	NaN	2.0151	-2.6057	15.0444	1669698.4977	1669698.7989	0.0000	1.0000	0.3206
42cw01	3	15	0	0	1.0000	0.0000	1.0000	0.7554	NaN	NaN	NaN	1669701.5758	1669701.9034	0.0000	0.0000	0.1675
42cw01	3	15	0	0	2.0000	0.0000	-1.0000	NaN	2.2425	-2.1331	14.9705	1669702.6175	1669702.9185	1.0000	0.0000	0.1756
42cw01	3	16	0	0	1.0000	0.0000	1.0000	0.3757	NaN	NaN	NaN	1669705.0939	1669705.4217	1.0000	1.0000	0.2008
42cw01	3	16	0	0	2.0000	0.0000	-1.0000	NaN	4.4092	-2.4187	15.9191	1669706.1129	1669706.4145	1.0000	0.0000	0.2240
42cw01	3	17	0	0	1.0000	0.0000	-1.0000	0.5686	NaN	NaN	NaN	1669709.2701	1669709.5985	0.0000	1.0000	0.2087
42cw01	3	17	0	0	2.0000	0.0000	1.0000	NaN	5.6511	4.4998	12.3219	1669710.3538	1669710.6550	1.0000	1.0000	0.1358
42cw01	3	18	0	0	1.0000	0.0000	1.0000	0.1879	NaN	NaN	NaN	1669713.2246	1669713.5515	0.0000	0.0000	0.1814
42cw01	3	18	0	0	2.0000	0.0000	-1.0000	NaN	0.3665	-0.2965	15.3372	1669714.2589	1669714.5599	1.0000	0.0000	0.2547
42cw01	3	19	0	0	1.0000	0.0000	-1.0000	0.4017	NaN	NaN	NaN	1669717.0866	1669717.4139	0.0000	1.0000	0.1757
42cw01	3	19	0	0	2.0000	0.0000	-1.0000	NaN	6.5745	-5.9938	15.1623	1669718.1542	1669718.4553	0.0000	1.0000	0.1584
42cw01	3	20	0	0	1.0000	0.0000	-1.0000	0.4474	NaN	NaN	NaN	1669720.7056	1669721.0335	0.0000	1.0000	0.1891
42cw01	3	20	0	0	2.0000	0.0000	-1.0000	NaN	2.7659	-3.7967	16.6848	1669721.7704	1669722.0714	0.0000	1.0000	0.3119
42cw01	3	21	0	0	1.0000	0.0000	-1.0000	0.9118	NaN	NaN	NaN	1669724.8135	1669725.1404	0.0000	1.0000	0.1445
42cw01	3	21	0	0	2.0000	0.0000	1.0000	NaN	4.0846	3.7005	15.2586	1669725.8104	1669726.1115	1.0000	1.0000	0.1514
42cw01	3	22	0	0	1.0000	0.0000	-1.0000	0.1814	NaN	NaN	NaN	1669728.7286	1669729.0556	0.0000	1.0000	0.2555
42cw01	3	22	0	0	2.0000	0.0000	-1.0000	NaN	5.1390	-5.9774	15.8499	1669729.8437	1669730.1449	0.0000	1.0000	0.1015
42cw01	3	23	0	0	1.0000	0.0000	-1.0000	0.3538	NaN	NaN	NaN	1669732.0532	1669732.3803	1.0000	0.0000	0.1124
42cw01	3	23	0	0	2.0000	0.0000	1.0000	NaN	2.3774	2.3881	14.9372	1669732.9942	1669733.2952	1.0000	1.0000	0.3097
42cw01	3	24	0	0	1.0000	0.0000	-1.0000	0.5195	NaN	NaN	NaN	1669735.8511	1669736.1798	0.0000	1.0000	0.1611
42cw01	3	24	0	0	2.0000	0.0000	-1.0000	NaN	11.4901	-11.1708	14.4606	1669736.8495	1669737.1507	0.0000	1.0000	0.0568
42cw01	3	25	0	0	1.0000	0.0000	-1.0000	0.4205	NaN	NaN	NaN	1669739.1475	1669739.4740	1.0000	0.0000	0.2509
42cw01	3	25	0	0	2.0000	0.0000	1.0000	NaN	1.2798	1.7792	15.1190	1669740.2440	1669740.5455	1.0000	1.0000	0.2043
42cw01	3	26	0	0	1.0000	0.0000	-1.0000	0.2163	NaN	NaN	NaN	1669742.8258	1669743.1534	0.0000	1.0000	0.3664
42cw01	3	26	0	0	2.0000	0.0000	1.0000	NaN	5.2284	6.3567	15.9475	1669744.0521	1669744.3532	0.0000	0.0000	0.2037
42cw01	3	27	0	0	1.0000	0.0000	1.0000	0.4611	NaN	NaN	NaN	1669746.7072	1669747.0354	0.0000	0.0000	0.2846
42cw01	3	27	0	0	2.0000	0.0000	-1.0000	NaN	9.6034	-10.2693	14.3870	1669747.8335	1669748.1346	0.0000	1.0000	0.1031
42cw01	3	28	0	0	1.0000	0.0000	-1.0000	0.0654	NaN	NaN	NaN	1669750.2149	1669750.5436	0.0000	1.0000	0.3436
42cw01	3	28	0	0	2.0000	0.0000	1.0000	NaN	3.8352	4.7586	16.6518	1669751.4510	1669751.7520	1.0000	1.0000	0.0790
42cw01	3	29	0	0	1.0000	0.0000	1.0000	0.6632	NaN	NaN	NaN	1669754.2889	1669754.6179	1.0000	1.0000	0.2450
42cw01	3	29	0	0	2.0000	0.0000	-1.0000	NaN	7.9983	-8.5354	14.8570	1669755.3781	1669755.6801	0.0000	1.0000	0.1088
42cw01	3	30	0	0	1.0000	0.0000	1.0000	0.0500	NaN	NaN	NaN	1669758.1393	1669758.4670	0.0000	0.0000	0.1242
42cw01	3	30	0	0	2.0000	0.0000	-1.0000	NaN	8.8543	-10.3907	15.6821	1669759.1140	1669759.4151	0.0000	1.0000	0.0718
42cw01	3	31	0	0	1.0000	0.0000	1.0000	0.0574	NaN	NaN	NaN	1669761.5516	1669761.8783	0.0000	0.0000	0.2891
42cw01	3	31	0	0	2.0000	0.0000	1.0000	NaN	4.7911	4.8760	14.9333	1669762.7294	1669763.0308	0.0000	0.0000	0.3021
42cw01	3	32	0	0	1.0000	0.0000	1.0000	0.6649	NaN	NaN	NaN	1669765.3671	1669765.6943	1.0000	1.0000	0.1125
42cw01	3	32	0	0	2.0000	0.0000	1.0000	NaN	7.6624	6.2047	16.0078	1669766.3060	1669766.6071	1.0000	1.0000	0.1367
42cw01	3	33	0	0	1.0000	0.0000	-1.0000	0.1383	NaN	NaN	NaN	1669768.8845	1669769.2115	0.0000	1.0000	0.2110
42cw01	3	33	0	0	2.0000	0.0000	1.0000	NaN	1.6328	3.6902	14.2485	1669769.9133	1669770.2143	0.0000	0.0000	0.1118
42cw01	3	34	0	0	1.0000	0.0000	-1.0000	0.8127	NaN	NaN	NaN	1669772.4348	1669772.7618	0.0000	1.0000	0.1392
42cw01	3	34	0	0	2.0000	0.0000	-1.0000	NaN	7.7372	-6.6163	16.1164	1669773.4260	1669773.7270	0.0000	1.0000	0.1284
42cw01	3	35	0	0	1.0000	0.0000	-1.0000	0.8651	NaN	NaN	NaN	1669776.2118	1669776.5397	1.0000	0.0000	0.3382
42cw01	3	35	0	0	2.0000	0.0000	-1.0000	NaN	2.1822	-1.1915	14.0271	1669777.3778	1669777.6790	0.0000	1.0000	0.0961
42cw01	3	36	0	0	1.0000	0.0000	1.0000	0.3272	NaN	NaN	NaN	1669780.3414	1669780.6703	1.0000	1.0000	0.2569
42cw01	3	36	0	0	2.0000	0.0000	1.0000	NaN	9.3662	9.9096	14.6790	1669781.4569	1669781.7580	1.0000	1.0000	0.1525
42cw01	3	37	0	0	1.0000	0.0000	1.0000	0.6938	NaN	NaN	NaN	1669784.1443	1669784.4708	1.0000	1.0000	0.2301
42cw01	3	37	0	0	2.0000	0.0000	-1.0000	NaN	5.8633	-5.6262	15.6867	1669785.2178	1669785.5189	0.0000	1.0000	0.0787
42cw01	3	38	0	0	1.0000	0.0000	-1.0000	0.3654	NaN	NaN	NaN	1669787.4151	1669787.7472	0.0000	1.0000	0.1645
42cw01	3	38	0	0	2.0000	0.0000	-1.0000	NaN	6.9958	-7.3669	16.4747	1669788.4424	1669788.7433	0.0000	1.0000	0.1108
42cw01	3	39	0	0	1.0000	0.0000	-1.0000	0.2280	NaN	NaN	NaN	1669790.8460	1669791.1734	1.0000	0.0000	0.2091
42cw01	3	39	0	0	2.0000	0.0000	1.0000	NaN	5.0072	4.9480	13.9436	1669791.8823	1669792.1833	1.0000	1.0000	0.1200
42cw01	3	40	0	0	1.0000	0.0000	1.0000	0.3267	NaN	NaN	NaN	1669794.0877	1669794.4160	1.0000	1.0000	0.1332
42cw01	3	40	0	0	2.0000	0.0000	-1.0000	NaN	7.0088	-7.8714	15.5182	1669795.0734	1669795.3744	0.0000	1.0000	0.0305
42cw01	3	41	0	0	1.0000	0.0000	1.0000	0.2774	NaN	NaN	NaN	1669797.6637	1669797.9928	1.0000	1.0000	0.0782
42cw01	3	41	0	0	2.0000	0.0000	-1.0000	NaN	5.1798	-3.3262	14.8485	1669798.5937	1669798.8947	0.0000	1.0000	0.1122
42cw01	3	42	0	0	1.0000	0.0000	1.0000	0.7170	NaN	NaN	NaN	1669801.1302	1669801.4579	1.0000	1.0000	0.0613
42cw01	3	42	0	0	2.0000	0.0000	-1.0000	NaN	3.3123	-2.4255	16.2809	1669802.0028	1669802.3038	0.0000	1.0000	0.0631
42cw01	3	43	0	0	1.0000	0.0000	-1.0000	0.8702	NaN	NaN	NaN	1669804.2346	1669804.5627	0.0000	1.0000	0.1090
42cw01	3	43	0	0	2.0000	0.0000	1.0000	NaN	0.0138	1.3534	14.1033	1669805.2109	1669805.5122	0.0000	0.0000	0.0471
42cw01	3	44	0	0	1.0000	0.0000	-1.0000	0.8772	NaN	NaN	NaN	1669807.6240	1669807.9516	1.0000	0.0000	0.2774
42cw01	3	44	0	0	2.0000	0.0000	-1.0000	NaN	5.1625	-6.0569	15.4089	1669808.7459	1669809.0469	0.0000	1.0000	0.1033
42cw01	3	45	0	0	1.0000	0.0000	1.0000	0.3703	NaN	NaN	NaN	1669811.6560	1669811.9845	1.0000	1.0000	0.1085
42cw01	3	45	0	0	2.0000	0.0000	-1.0000	NaN	2.9003	-3.8883	14.8845	1669812.6262	1669812.9272	0.0000	1.0000	0.1841
42cw01	3	46	0	0	1.0000	0.0000	-1.0000	0.5043	NaN	NaN	NaN	1669815.7180	1669816.0453	1.0000	0.0000	0.1197
42cw01	3	46	0	0	2.0000	0.0000	-1.0000	NaN	9.3500	-9.8334	14.0736	1669816.6885	1669816.9897	0.0000	1.0000	0.1137
42cw01	3	47	0	0	1.0000	0.0000	-1.0000	0.1216	NaN	NaN	NaN	1669819.2765	1669819.6053	1.0000	0.0000	0.1451
42cw01	3	47	0	0	2.0000	0.0000	-1.0000	NaN	11.9890	-10.1584	15.3538	1669820.2975	1669820.5985	0.0000	1.0000	0.0784
42cw01	3	48	0	0	1.0000	0.0000	-1.0000	0.8596	NaN	NaN	NaN	1669822.7357	1669823.0639	1.0000	0.0000	0.1252
42cw01	3	48	0	0	2.0000	0.0000	-1.0000	NaN	11.7570	-13.2737	14.1759	1669823.6978	1669823.9988	0.0000	1.0000	0.0862
42cw01	3	49	0	0	1.0000	0.0000	-1.0000	0.2759	NaN	NaN	NaN	1669826.2751	1669826.6022	0.0000	1.0000	0.1469
42cw01	3	49	0	0	2.0000	0.0000	-1.0000	NaN	7.4051	-5.3145	15.8189	1669827.2979	1669827.5989	1.0000	0.0000	0.2157
42cw01	3	50	0	0	1.0000	0.0000	1.0000	0.7412	NaN	NaN	NaN	1669829.9151	1669830.2442	1.0000	1.0000	0.1608
42cw01	3	50	0	0	2.0000	0.0000	-1.0000	NaN	0.9735	-2.2581	14.5813	1669830.9228	1669831.2239	1.0000	0.0000	0.1364
