35ly02	1	1	0	0	1.0000	0.0000	1.0000	0.9043	NaN	NaN	NaN	32971.5928	32971.9195	1.0000	1.0000	0.1043
35ly02	1	1	0	0	2.0000	0.0000	1.0000	NaN	7.3813	6.2192	15.9652	32972.5382	32972.8391	1.0000	1.0000	0.2413
35ly02	1	2	0	0	1.0000	0.0000	-1.0000	0.8072	NaN	NaN	NaN	32975.3472	32975.6739	0.0000	1.0000	0.1099
35ly02	1	2	0	0	2.0000	0.0000	1.0000	NaN	7.2667	6.2740	14.4899	32976.3150	32976.6161	1.0000	1.0000	0.0546
35ly02	1	3	0	0	1.0000	0.0000	1.0000	0.6232	NaN	NaN	NaN	32978.7460	32979.0732	0.0000	0.0000	0.3499
35ly02	1	3	0	0	2.0000	0.0000	1.0000	NaN	4.0156	7.5124	14.6306	32979.9862	32980.2872	1.0000	1.0000	0.1295
35ly02	1	4	0	0	1.0000	0.0000	-1.0000	0.2443	NaN	NaN	NaN	32982.5819	32982.9083	0.0000	1.0000	0.1403
35ly02	1	4	0	0	2.0000	0.0000	-1.0000	NaN	5.0907	-2.1845	14.9865	32983.5865	32983.8874	0.0000	1.0000	0.1054
35ly02	1	5	0	0	1.0000	0.0000	1.0000	0.8739	NaN	NaN	NaN	32986.1405	32986.4668	1.0000	1.0000	0.2212
35ly02	1	5	0	0	2.0000	0.0000	-1.0000	NaN	3.4662	-2.7803	15.1250	32987.2015	32987.5025	0.0000	1.0000	0.0882
35ly02	1	6	0	0	1.0000	0.0000	1.0000	0.2273	NaN	NaN	NaN	32989.5656	32989.8930	0.0000	0.0000	0.1397
35ly02	1	6	0	0	2.0000	0.0000	-1.0000	NaN	11.6327	-12.0620	13.9320	32990.5630	32990.8640	0.0000	1.0000	0.1684
35ly02	1	7	0	0	1.0000	0.0000	1.0000	0.9421	NaN	NaN	NaN	32993.2313	32993.5595	1.0000	1.0000	0.1542
35ly02	1	7	0	0	2.0000	0.0000	1.0000	NaN	9.9412	12.5764	15.2593	32994.2261	32994.5272	1.0000	1.0000	0.1043
35ly02	1	8	0	0	1.0000	0.0000	-1.0000	0.7490	NaN	NaN	NaN	32996.9061	32997.2336	0.0000	1.0000	0.1181
35ly02	1	8	0	0	2.0000	0.0000	-1.0000	NaN	1.1207	-0.7253	16.1246	32997.8829	32998.1842	0.0000	1.0000	0.3825
35ly02	1	9	0	0	1.0000	0.0000	-1.0000	0.9202	NaN	NaN	NaN	33000.7417	33001.0690	0.0000	1.0000	0.1056
35ly02	1	9	0	0	2.0000	0.0000	-1.0000	NaN	7.4996	-9.2816	15.6871	33001.7152	33002.0164	0.0000	1.0000	0.1844
35ly02	1	10	0	0	1.0000	0.0000	1.0000	0.6419	NaN	NaN	NaN	33004.5393	33004.8664	1.0000	1.0000	0.0942
35ly02	1	10	0	0	2.0000	0.0000	1.0000	NaN	10.7536	12.2555	13.7989	33005.4815	33005.7825	1.0000	1.0000	0.2105
35ly02	1	11	0	0	1.0000	0.0000	-1.0000	0.8175	NaN	NaN	NaN	33008.0083	33008.3362	0.0000	1.0000	0.1526
35ly02	1	11	0	0	2.0000	0.0000	-1.0000	NaN	6.3303	-4.3943	14.4900	33009.0267	33009.3277	0.0000	1.0000	0.1455
35ly02	1	12	0	0	1.0000	0.0000	1.0000	0.3963	NaN	NaN	NaN	33011.6208	33011.9471	1.0000	1.0000	0.2136
35ly02	1	12	0	0	2.0000	0.0000	1.0000	NaN	0.6522	0.3866	16.1470	33012.6827	33012.9837	0.0000	0.0000	0.1926
35ly02	1	13	0	0	1.0000	0.0000	-1.0000	0.2346	NaN	NaN	NaN	33015.3004	33015.6281	0.0000	1.0000	0.2115
35ly02	1	13	0	0	2.0000	0.0000	-1.0000	NaN	8.2678	-7.4582	14.3305	33016.3628	33016.6638	0.0000	1.0000	0.1523
35ly02	1	14	0	0	1.0000	0.0000	1.0000	0.4540	NaN	NaN	NaN	33019.0229	33019.3512	0.0000	0.0000	0.1916
35ly02	1	14	0	0	2.0000	0.0000	1.0000	NaN	8.4414	7.9849	14.5052	33020.0755	33020.3765	0.0000	0.0000	0.1442
35ly02	1	15	0	0	1.0000	0.0000	1.0000	0.6579	NaN	NaN	NaN	33022.8860	33023.2122	1.0000	1.0000	0.3465
35ly02	1	15	0	0	2.0000	0.0000	1.0000	NaN	9.5478	12.4602	15.8496	33024.0664	33024.3677	1.0000	1.0000	0.1296
35ly02	1	16	0	0	1.0000	0.0000	-1.0000	0.7600	NaN	NaN	NaN	33026.5277	33026.8533	0.0000	1.0000	0.1308
35ly02	1	16	0	0	2.0000	0.0000	-1.0000	NaN	6.1285	-8.1887	15.8834	33027.4906	33027.7916	0.0000	1.0000	0.1359
35ly02	1	17	0	0	1.0000	0.0000	1.0000	0.1860	NaN	NaN	NaN	33030.4359	33030.7617	1.0000	1.0000	0.5090
35ly02	1	17	0	0	2.0000	0.0000	1.0000	NaN	1.1194	1.0450	13.7567	33031.7951	33032.0961	0.0000	0.0000	0.5202
35ly02	1	18	0	0	1.0000	0.0000	-1.0000	0.2937	NaN	NaN	NaN	33034.9658	33035.2938	0.0000	1.0000	0.1946
35ly02	1	18	0	0	2.0000	0.0000	1.0000	NaN	8.7721	8.4171	16.0955	33036.0103	33036.3114	1.0000	1.0000	0.1846
35ly02	1	19	0	0	1.0000	0.0000	-1.0000	0.0545	NaN	NaN	NaN	33038.3781	33038.7065	0.0000	1.0000	0.2923
35ly02	1	19	0	0	2.0000	0.0000	1.0000	NaN	2.6248	2.6112	14.0669	33039.5243	33039.8253	1.0000	1.0000	0.1674
35ly02	1	20	0	0	1.0000	0.0000	-1.0000	0.1866	NaN	NaN	NaN	33042.3152	33042.6449	0.0000	1.0000	0.2995
35ly02	1	20	0	0	2.0000	0.0000	1.0000	NaN	11.0236	10.7339	13.6917	33043.4739	33043.7751	1.0000	1.0000	0.0821
35ly02	1	21	0	0	1.0000	0.0000	-1.0000	0.4673	NaN	NaN	NaN	33046.3639	33046.6925	0.0000	1.0000	0.1222
35ly02	1	21	0	0	2.0000	0.0000	1.0000	NaN	7.9227	8.4994	15.3170	33047.3620	33047.6630	1.0000	1.0000	0.0982
35ly02	1	22	0	0	1.0000	0.0000	-1.0000	0.5163	NaN	NaN	NaN	33049.9752	33050.3029	0.0000	1.0000	0.3209
35ly02	1	22	0	0	2.0000	0.0000	-1.0000	NaN	3.3637	-4.3585	16.5825	33051.1623	33051.4633	0.0000	1.0000	0.3060
35ly02	1	23	0	0	1.0000	0.0000	-1.0000	0.6345	NaN	NaN	NaN	33054.2424	33054.5683	0.0000	1.0000	0.1677
35ly02	1	23	0	0	2.0000	0.0000	-1.0000	NaN	0.6144	-0.4593	12.8800	33055.2515	33055.5527	0.0000	1.0000	0.3260
35ly02	1	24	0	0	1.0000	0.0000	-1.0000	0.4204	NaN	NaN	NaN	33058.0283	33058.3560	0.0000	1.0000	0.2427
35ly02	1	24	0	0	2.0000	0.0000	1.0000	NaN	3.6342	4.3233	13.8939	33059.1230	33059.4240	0.0000	0.0000	0.3907
35ly02	1	25	0	0	1.0000	0.0000	1.0000	0.8860	NaN	NaN	NaN	33061.7000	33062.0260	1.0000	1.0000	0.2147
35ly02	1	25	0	0	2.0000	0.0000	-1.0000	NaN	7.0275	-5.7268	14.3807	33062.7388	33063.0398	0.0000	1.0000	0.1213
35ly02	1	26	0	0	1.0000	0.0000	-1.0000	0.2234	NaN	NaN	NaN	33065.6919	33066.0202	0.0000	1.0000	0.2049
35ly02	1	26	0	0	2.0000	0.0000	1.0000	NaN	5.2697	5.2542	15.7208	33066.7564	33067.0574	1.0000	1.0000	0.1411
35ly02	1	27	0	0	1.0000	0.0000	-1.0000	0.7677	NaN	NaN	NaN	33069.4578	33069.7880	0.0000	1.0000	0.3721
35ly02	1	27	0	0	2.0000	0.0000	-1.0000	NaN	2.1598	-1.5396	14.5791	33070.6757	33070.9767	0.0000	1.0000	0.2781
35ly02	1	28	0	0	1.0000	0.0000	-1.0000	0.2337	NaN	NaN	NaN	33073.0633	33073.3921	0.0000	1.0000	0.2569
35ly02	1	28	0	0	2.0000	0.0000	1.0000	NaN	4.2371	3.5762	15.0380	33074.1791	33074.4803	1.0000	1.0000	0.1663
35ly02	1	29	0	0	1.0000	0.0000	-1.0000	0.4449	NaN	NaN	NaN	33076.7808	33077.1097	0.0000	1.0000	0.2570
35ly02	1	29	0	0	2.0000	0.0000	-1.0000	NaN	10.9131	-11.0433	15.2037	33077.8900	33078.1910	0.0000	1.0000	0.2245
35ly02	1	30	0	0	1.0000	0.0000	1.0000	0.8609	NaN	NaN	NaN	33080.6903	33081.0172	1.0000	1.0000	0.1115
35ly02	1	30	0	0	2.0000	0.0000	1.0000	NaN	1.5521	1.7017	16.3230	33081.6350	33081.9360	0.0000	0.0000	0.2067
35ly02	1	31	0	0	1.0000	0.0000	1.0000	0.0573	NaN	NaN	NaN	33084.2841	33084.6141	0.0000	0.0000	0.3380
35ly02	1	31	0	0	2.0000	0.0000	1.0000	NaN	5.2369	5.9828	15.3142	33085.4900	33085.7911	1.0000	1.0000	0.2820
35ly02	1	32	0	0	1.0000	0.0000	1.0000	0.4185	NaN	NaN	NaN	33088.3119	33088.6400	1.0000	1.0000	0.2808
35ly02	1	32	0	0	2.0000	0.0000	1.0000	NaN	9.5325	5.9609	16.8352	33089.4351	33089.7364	1.0000	1.0000	0.2329
35ly02	1	33	0	0	1.0000	0.0000	-1.0000	0.2577	NaN	NaN	NaN	33092.0590	33092.3861	0.0000	1.0000	0.2947
35ly02	1	33	0	0	2.0000	0.0000	1.0000	NaN	7.1118	7.8609	15.8623	33093.2110	33093.5121	1.0000	1.0000	0.3426
35ly02	1	34	0	0	1.0000	0.0000	1.0000	0.4790	NaN	NaN	NaN	33095.8883	33096.2157	1.0000	1.0000	0.4576
35ly02	1	34	0	0	2.0000	0.0000	-1.0000	NaN	3.7340	-3.7829	14.6983	33097.1793	33097.4803	0.0000	1.0000	0.2382
35ly02	1	35	0	0	1.0000	0.0000	1.0000	0.7162	NaN	NaN	NaN	33099.6687	33099.9960	1.0000	1.0000	0.2827
35ly02	1	35	0	0	2.0000	0.0000	1.0000	NaN	0.4474	1.9351	13.8746	33100.7865	33101.0875	1.0000	1.0000	0.1609
35ly02	1	36	0	0	1.0000	0.0000	-1.0000	0.5735	NaN	NaN	NaN	33103.5553	33103.8816	0.0000	1.0000	0.2050
35ly02	1	36	0	0	2.0000	0.0000	-1.0000	NaN	9.9639	-11.7782	14.4940	33104.6020	33104.9030	0.0000	1.0000	0.1130
35ly02	1	37	0	0	1.0000	0.0000	1.0000	0.4373	NaN	NaN	NaN	33107.4063	33107.7336	1.0000	1.0000	0.2823
35ly02	1	37	0	0	2.0000	0.0000	-1.0000	NaN	1.9547	-2.7117	14.0705	33108.5073	33108.8084	1.0000	0.0000	0.3902
35ly02	1	38	0	0	1.0000	0.0000	1.0000	0.6138	NaN	NaN	NaN	33111.8998	33112.2271	1.0000	1.0000	0.2676
35ly02	1	38	0	0	2.0000	0.0000	-1.0000	NaN	6.0965	-4.9850	14.5312	33112.9951	33113.2963	0.0000	1.0000	0.3602
35ly02	1	39	0	0	1.0000	0.0000	1.0000	0.7767	NaN	NaN	NaN	33116.0381	33116.3664	1.0000	1.0000	0.1933
35ly02	1	39	0	0	2.0000	0.0000	1.0000	NaN	6.8977	7.2354	15.4490	33117.0427	33117.3438	1.0000	1.0000	0.2096
35ly02	1	40	0	0	1.0000	0.0000	1.0000	0.0354	NaN	NaN	NaN	33119.8507	33120.1785	0.0000	0.0000	0.4621
35ly02	1	40	0	0	2.0000	0.0000	1.0000	NaN	7.6376	8.2297	15.7289	33121.1635	33121.4647	1.0000	1.0000	0.2401
35ly02	1	41	0	0	1.0000	0.0000	-1.0000	0.3821	NaN	NaN	NaN	33124.0292	33124.3569	0.0000	1.0000	0.1704
35ly02	1	41	0	0	2.0000	0.0000	1.0000	NaN	6.6406	7.8680	15.8381	33125.0592	33125.3602	1.0000	1.0000	0.3684
35ly02	1	42	0	0	1.0000	0.0000	1.0000	0.1612	NaN	NaN	NaN	33127.9529	33128.2816	0.0000	0.0000	0.2791
35ly02	1	42	0	0	2.0000	0.0000	1.0000	NaN	4.0130	4.0611	14.3253	33129.0829	33129.3840	1.0000	1.0000	0.2008
35ly02	1	43	0	0	1.0000	0.0000	-1.0000	0.9328	NaN	NaN	NaN	33131.7580	33132.0844	0.0000	1.0000	0.1718
35ly02	1	43	0	0	2.0000	0.0000	-1.0000	NaN	5.9535	-5.3772	14.9849	33132.7951	33133.0961	0.0000	1.0000	0.2706
35ly02	1	44	0	0	1.0000	0.0000	1.0000	0.1522	NaN	NaN	NaN	33135.6903	33136.0170	0.0000	0.0000	0.4230
35ly02	1	44	0	0	2.0000	0.0000	-1.0000	NaN	11.3711	-9.4304	14.2777	33136.9784	33137.2794	0.0000	1.0000	0.2016
35ly02	1	45	0	0	1.0000	0.0000	1.0000	0.0619	NaN	NaN	NaN	33139.6635	33139.9910	0.0000	0.0000	0.3757
35ly02	1	45	0	0	2.0000	0.0000	1.0000	NaN	0.3376	0.6403	14.5974	33140.8946	33141.1957	0.0000	0.0000	0.1790
35ly02	1	46	0	0	1.0000	0.0000	1.0000	0.1875	NaN	NaN	NaN	33143.9609	33144.2881	0.0000	0.0000	0.3426
35ly02	1	46	0	0	2.0000	0.0000	-1.0000	NaN	7.7425	-5.3098	14.3506	33145.1626	33145.4637	0.0000	1.0000	0.4974
35ly02	1	47	0	0	1.0000	0.0000	1.0000	0.2529	NaN	NaN	NaN	33148.6263	33148.9535	1.0000	1.0000	0.3281
35ly02	1	47	0	0	2.0000	0.0000	1.0000	NaN	7.9921	5.4817	16.0736	33149.7787	33150.0797	1.0000	1.0000	0.6571
35ly02	1	48	0	0	1.0000	0.0000	1.0000	0.3173	NaN	NaN	NaN	33153.1693	33153.4973	1.0000	1.0000	0.4215
35ly02	1	48	0	0	2.0000	0.0000	1.0000	NaN	8.4210	6.3450	17.3931	33154.4105	33154.7115	0.0000	0.0000	0.5055
35ly02	1	49	0	0	1.0000	0.0000	-1.0000	0.8566	NaN	NaN	NaN	33157.2417	33157.5681	0.0000	1.0000	0.2651
35ly02	1	49	0	0	2.0000	0.0000	-1.0000	NaN	9.1542	-8.0337	15.4396	33158.3706	33158.6716	1.0000	0.0000	0.4320
35ly02	1	50	0	0	1.0000	0.0000	-1.0000	0.5967	NaN	NaN	NaN	33161.3460	33161.6732	0.0000	1.0000	0.3838
35ly02	1	50	0	0	2.0000	0.0000	1.0000	NaN	11.1924	12.6555	14.8727	33162.5864	33162.8874	1.0000	1.0000	0.3930
35ly02	2	1	0	0	1.0000	0.0000	-1.0000	0.6994	NaN	NaN	NaN	33168.7898	33169.1164	0.0000	1.0000	0.1163
35ly02	2	1	0	0	2.0000	0.0000	-1.0000	NaN	4.0862	-4.3724	16.9904	33169.7786	33170.0799	0.0000	1.0000	0.5455
35ly02	2	2	0	0	1.0000	0.0000	1.0000	0.0411	NaN	NaN	NaN	33172.9478	33173.2750	0.0000	0.0000	0.2608
35ly02	2	2	0	0	2.0000	0.0000	-1.0000	NaN	10.6052	-11.2427	15.1491	33174.0500	33174.3509	1.0000	0.0000	0.1297
35ly02	2	3	0	0	1.0000	0.0000	1.0000	0.1013	NaN	NaN	NaN	33176.3770	33176.7022	0.0000	0.0000	0.5695
35ly02	2	3	0	0	2.0000	0.0000	-1.0000	NaN	11.4390	-11.4008	13.9745	33177.7938	33178.0948	0.0000	1.0000	0.2178
35ly02	2	4	0	0	1.0000	0.0000	-1.0000	0.9069	NaN	NaN	NaN	33180.7375	33181.0665	0.0000	1.0000	0.3095
35ly02	2	4	0	0	2.0000	0.0000	-1.0000	NaN	9.3523	-8.2986	15.2367	33181.9146	33182.2156	0.0000	1.0000	0.2729
35ly02	2	5	0	0	1.0000	0.0000	-1.0000	0.4609	NaN	NaN	NaN	33185.0201	33185.3471	0.0000	1.0000	0.1499
35ly02	2	5	0	0	2.0000	0.0000	-1.0000	NaN	9.4217	-10.3586	15.6765	33186.0193	33186.3203	0.0000	1.0000	0.1356
35ly02	2	6	0	0	1.0000	0.0000	-1.0000	0.6720	NaN	NaN	NaN	33188.5128	33188.8397	0.0000	1.0000	0.2416
35ly02	2	6	0	0	2.0000	0.0000	-1.0000	NaN	5.4925	-7.7041	15.7978	33189.5860	33189.8875	0.0000	1.0000	0.1838
35ly02	2	7	0	0	1.0000	0.0000	1.0000	0.7395	NaN	NaN	NaN	33192.2373	33192.5650	1.0000	1.0000	0.2897
35ly02	2	7	0	0	2.0000	0.0000	1.0000	NaN	0.8126	2.5651	14.6338	33193.3624	33193.6634	1.0000	1.0000	0.4967
35ly02	2	8	0	0	1.0000	0.0000	-1.0000	0.2044	NaN	NaN	NaN	33196.1760	33196.5039	0.0000	1.0000	0.3028
35ly02	2	8	0	0	2.0000	0.0000	-1.0000	NaN	2.4847	-1.8491	15.2360	33197.3143	33197.6153	1.0000	0.0000	0.2874
35ly02	2	9	0	0	1.0000	0.0000	1.0000	0.2687	NaN	NaN	NaN	33200.5318	33200.8579	0.0000	0.0000	0.3420
35ly02	2	9	0	0	2.0000	0.0000	1.0000	NaN	6.5966	5.4847	15.5326	33201.7221	33202.0231	0.0000	0.0000	0.2736
35ly02	2	10	0	0	1.0000	0.0000	1.0000	0.4097	NaN	NaN	NaN	33204.7215	33205.0498	0.0000	0.0000	0.2944
35ly02	2	10	0	0	2.0000	0.0000	1.0000	NaN	4.0518	4.0071	14.6032	33205.8673	33206.1684	1.0000	1.0000	0.2876
35ly02	2	11	0	0	1.0000	0.0000	1.0000	0.0549	NaN	NaN	NaN	33208.3384	33208.6640	0.0000	0.0000	0.3280
35ly02	2	11	0	0	2.0000	0.0000	-1.0000	NaN	5.5445	-4.7116	15.3224	33209.5082	33209.8096	0.0000	1.0000	0.3755
35ly02	2	12	0	0	1.0000	0.0000	1.0000	0.9488	NaN	NaN	NaN	33212.2831	33212.6102	0.0000	0.0000	0.8218
35ly02	2	12	0	0	2.0000	0.0000	1.0000	NaN	4.1619	5.7735	16.1183	33213.9547	33214.2557	1.0000	1.0000	0.6398
35ly02	2	13	0	0	1.0000	0.0000	1.0000	0.8529	NaN	NaN	NaN	33217.2272	33217.5553	1.0000	1.0000	0.4755
35ly02	2	13	0	0	2.0000	0.0000	1.0000	NaN	11.1343	11.1390	15.4544	33218.5136	33218.8146	1.0000	1.0000	0.2570
35ly02	2	14	0	0	1.0000	0.0000	1.0000	0.9254	NaN	NaN	NaN	33221.5208	33221.8477	1.0000	1.0000	0.3848
35ly02	2	14	0	0	2.0000	0.0000	1.0000	NaN	11.3508	12.5723	15.2232	33222.7383	33223.0393	1.0000	1.0000	0.2246
35ly02	2	15	0	0	1.0000	0.0000	-1.0000	0.9118	NaN	NaN	NaN	33225.5299	33225.8558	0.0000	1.0000	0.2242
35ly02	2	15	0	0	2.0000	0.0000	1.0000	NaN	0.6059	0.1807	15.6739	33226.6184	33226.9196	1.0000	1.0000	0.2805
35ly02	2	16	0	0	1.0000	0.0000	1.0000	0.4278	NaN	NaN	NaN	33229.4329	33229.7597	1.0000	1.0000	0.2490
35ly02	2	16	0	0	2.0000	0.0000	1.0000	NaN	7.5488	6.5243	14.0415	33230.5082	33230.8092	0.0000	0.0000	0.2375
35ly02	2	17	0	0	1.0000	0.0000	1.0000	0.2559	NaN	NaN	NaN	33233.3374	33233.6644	1.0000	1.0000	0.5183
35ly02	2	17	0	0	2.0000	0.0000	-1.0000	NaN	11.9218	-12.2861	15.0145	33234.6744	33234.9756	0.0000	1.0000	0.2326
35ly02	2	18	0	0	1.0000	0.0000	-1.0000	0.5238	NaN	NaN	NaN	33237.6731	33237.9990	1.0000	0.0000	0.3356
35ly02	2	18	0	0	2.0000	0.0000	-1.0000	NaN	9.3894	-9.4685	17.0474	33238.8424	33239.1436	0.0000	1.0000	0.1616
35ly02	2	19	0	0	1.0000	0.0000	1.0000	0.6132	NaN	NaN	NaN	33241.8114	33242.1374	1.0000	1.0000	0.2773
35ly02	2	19	0	0	2.0000	0.0000	-1.0000	NaN	8.0997	-9.7853	15.5062	33242.9144	33243.2157	0.0000	1.0000	0.3670
35ly02	2	20	0	0	1.0000	0.0000	-1.0000	0.7895	NaN	NaN	NaN	33245.9655	33246.2930	0.0000	1.0000	0.2359
35ly02	2	20	0	0	2.0000	0.0000	1.0000	NaN	2.6035	2.2290	15.0539	33247.0668	33247.3679	1.0000	1.0000	0.2966
35ly02	2	21	0	0	1.0000	0.0000	-1.0000	0.3338	NaN	NaN	NaN	33249.7056	33250.0318	0.0000	1.0000	0.2974
35ly02	2	21	0	0	2.0000	0.0000	-1.0000	NaN	0.4758	-0.4997	15.2189	33250.8668	33251.1682	0.0000	1.0000	0.4145
35ly02	2	22	0	0	1.0000	0.0000	-1.0000	0.3548	NaN	NaN	NaN	33254.1826	33254.5086	0.0000	1.0000	0.2342
35ly02	2	22	0	0	2.0000	0.0000	-1.0000	NaN	4.1560	-6.2254	15.0479	33255.2749	33255.5758	0.0000	1.0000	0.1932
35ly02	2	23	0	0	1.0000	0.0000	1.0000	0.3397	NaN	NaN	NaN	33257.9913	33258.3184	1.0000	1.0000	0.2337
35ly02	2	23	0	0	2.0000	0.0000	1.0000	NaN	4.0291	4.5888	15.7496	33259.0661	33259.3672	1.0000	1.0000	0.4729
35ly02	2	24	0	0	1.0000	0.0000	-1.0000	0.1726	NaN	NaN	NaN	33262.0137	33262.3409	0.0000	1.0000	0.6338
35ly02	2	24	0	0	2.0000	0.0000	-1.0000	NaN	11.6151	-11.6705	14.5368	33263.4985	33263.7996	0.0000	1.0000	0.1271
35ly02	2	25	0	0	1.0000	0.0000	-1.0000	0.5217	NaN	NaN	NaN	33266.3425	33266.6691	0.0000	1.0000	0.1949
35ly02	2	25	0	0	2.0000	0.0000	1.0000	NaN	4.4154	6.1133	15.6640	33267.4186	33267.7197	0.0000	0.0000	0.1829
35ly02	2	26	0	0	1.0000	0.0000	-1.0000	0.6888	NaN	NaN	NaN	33270.0215	33270.3488	0.0000	1.0000	0.2117
35ly02	2	26	0	0	2.0000	0.0000	1.0000	NaN	4.0241	1.5872	14.3965	33271.0985	33271.3995	1.0000	1.0000	0.2327
35ly02	2	27	0	0	1.0000	0.0000	1.0000	0.3466	NaN	NaN	NaN	33273.7823	33274.1110	1.0000	1.0000	0.1223
35ly02	2	27	0	0	2.0000	0.0000	-1.0000	NaN	3.3773	-3.2185	16.1459	33274.7383	33275.0396	0.0000	1.0000	0.1607
35ly02	2	28	0	0	1.0000	0.0000	1.0000	0.6179	NaN	NaN	NaN	33277.3570	33277.6837	1.0000	1.0000	0.3091
35ly02	2	28	0	0	2.0000	0.0000	1.0000	NaN	10.9832	8.8554	15.4084	33278.4667	33278.7678	1.0000	1.0000	0.2168
35ly02	2	29	0	0	1.0000	0.0000	-1.0000	0.8663	NaN	NaN	NaN	33281.2091	33281.5368	0.0000	1.0000	0.2721
35ly02	2	29	0	0	2.0000	0.0000	-1.0000	NaN	0.3885	-0.9817	15.5530	33282.3465	33282.6476	0.0000	1.0000	0.4337
35ly02	2	30	0	0	1.0000	0.0000	-1.0000	0.7024	NaN	NaN	NaN	33285.3615	33285.6890	0.0000	1.0000	0.2304
35ly02	2	30	0	0	2.0000	0.0000	-1.0000	NaN	8.0351	-8.4824	15.9929	33286.4419	33286.7429	0.0000	1.0000	0.1518
35ly02	2	31	0	0	1.0000	0.0000	-1.0000	0.8554	NaN	NaN	NaN	33289.0857	33289.4129	0.0000	1.0000	0.1799
35ly02	2	31	0	0	2.0000	0.0000	-1.0000	NaN	4.0665	-4.9703	16.7316	33290.1144	33290.4157	0.0000	1.0000	0.1609
35ly02	2	32	0	0	1.0000	0.0000	-1.0000	0.5896	NaN	NaN	NaN	33292.9250	33293.2516	0.0000	1.0000	0.2127
35ly02	2	32	0	0	2.0000	0.0000	-1.0000	NaN	4.4378	-3.2165	15.6052	33293.9945	33294.2956	0.0000	1.0000	0.4322
35ly02	2	33	0	0	1.0000	0.0000	-1.0000	0.5862	NaN	NaN	NaN	33297.1095	33297.4360	0.0000	1.0000	0.1007
35ly02	2	33	0	0	2.0000	0.0000	-1.0000	NaN	11.1319	-12.1106	14.5573	33298.0742	33298.3752	1.0000	0.0000	0.1436
35ly02	2	34	0	0	1.0000	0.0000	-1.0000	0.3544	NaN	NaN	NaN	33300.8382	33301.1677	0.0000	1.0000	0.1591
35ly02	2	34	0	0	2.0000	0.0000	-1.0000	NaN	7.5253	-8.0583	15.4430	33301.8584	33302.1596	0.0000	1.0000	0.1192
35ly02	2	35	0	0	1.0000	0.0000	1.0000	0.5292	NaN	NaN	NaN	33304.4779	33304.8048	1.0000	1.0000	0.3230
35ly02	2	35	0	0	2.0000	0.0000	-1.0000	NaN	10.5328	-10.3738	15.1777	33305.6585	33305.9595	0.0000	1.0000	0.1934
35ly02	2	36	0	0	1.0000	0.0000	-1.0000	0.6560	NaN	NaN	NaN	33308.6922	33309.0181	0.0000	1.0000	0.1270
35ly02	2	36	0	0	2.0000	0.0000	1.0000	NaN	1.7315	2.0128	14.5476	33309.6758	33309.9768	1.0000	1.0000	0.2619
35ly02	2	37	0	0	1.0000	0.0000	1.0000	0.3711	NaN	NaN	NaN	33312.1634	33312.4898	1.0000	1.0000	0.4313
35ly02	2	37	0	0	2.0000	0.0000	1.0000	NaN	6.4469	4.8256	15.0089	33313.4509	33313.7519	1.0000	1.0000	0.2084
35ly02	2	38	0	0	1.0000	0.0000	-1.0000	0.4883	NaN	NaN	NaN	33316.1746	33316.5010	0.0000	1.0000	0.1619
35ly02	2	38	0	0	2.0000	0.0000	-1.0000	NaN	6.2827	-6.4787	14.2226	33317.1862	33317.4872	0.0000	1.0000	0.1538
35ly02	2	39	0	0	1.0000	0.0000	-1.0000	0.3249	NaN	NaN	NaN	33320.1802	33320.5092	0.0000	1.0000	0.2118
35ly02	2	39	0	0	2.0000	0.0000	1.0000	NaN	8.1659	7.9370	15.5706	33321.2667	33321.5683	1.0000	1.0000	0.1520
35ly02	2	40	0	0	1.0000	0.0000	-1.0000	0.5209	NaN	NaN	NaN	33323.8521	33324.1788	0.0000	1.0000	0.2127
35ly02	2	40	0	0	2.0000	0.0000	1.0000	NaN	6.8148	8.1035	14.6880	33324.9385	33325.2394	1.0000	1.0000	0.1370
35ly02	2	41	0	0	1.0000	0.0000	-1.0000	0.8489	NaN	NaN	NaN	33327.5514	33327.8782	0.0000	1.0000	0.1293
35ly02	2	41	0	0	2.0000	0.0000	1.0000	NaN	10.7288	11.7931	13.7420	33328.5468	33328.8478	1.0000	1.0000	0.1043
35ly02	2	42	0	0	1.0000	0.0000	-1.0000	0.7116	NaN	NaN	NaN	33331.2349	33331.5620	0.0000	1.0000	0.1648
35ly02	2	42	0	0	2.0000	0.0000	1.0000	NaN	3.6891	4.5953	15.7379	33332.2658	33332.5668	1.0000	1.0000	0.0959
35ly02	2	43	0	0	1.0000	0.0000	1.0000	0.9260	NaN	NaN	NaN	33334.8719	33335.1998	1.0000	1.0000	0.1692
35ly02	2	43	0	0	2.0000	0.0000	1.0000	NaN	3.9011	4.8429	14.9436	33335.8911	33336.1926	0.0000	0.0000	0.1021
35ly02	2	44	0	0	1.0000	0.0000	1.0000	0.2852	NaN	NaN	NaN	33338.1297	33338.4564	1.0000	1.0000	0.2328
35ly02	2	44	0	0	2.0000	0.0000	1.0000	NaN	2.2442	2.5427	15.2712	33339.2107	33339.5117	1.0000	1.0000	0.1680
35ly02	2	45	0	0	1.0000	0.0000	-1.0000	0.1872	NaN	NaN	NaN	33342.1957	33342.5209	0.0000	1.0000	0.2058
35ly02	2	45	0	0	2.0000	0.0000	1.0000	NaN	8.6474	7.8408	14.5753	33343.2744	33343.5754	1.0000	1.0000	0.1132
35ly02	2	46	0	0	1.0000	0.0000	1.0000	0.3211	NaN	NaN	NaN	33345.8875	33346.2142	1.0000	1.0000	0.3226
35ly02	2	46	0	0	2.0000	0.0000	1.0000	NaN	6.1484	7.0330	15.2880	33347.0278	33347.3288	1.0000	1.0000	0.1911
35ly02	2	47	0	0	1.0000	0.0000	1.0000	0.0789	NaN	NaN	NaN	33350.1110	33350.4381	0.0000	0.0000	0.3527
35ly02	2	47	0	0	2.0000	0.0000	1.0000	NaN	1.1218	2.0386	14.3940	33351.3464	33351.6475	1.0000	1.0000	0.2483
35ly02	2	48	0	0	1.0000	0.0000	1.0000	0.3578	NaN	NaN	NaN	33354.1372	33354.4634	1.0000	1.0000	0.3611
35ly02	2	48	0	0	2.0000	0.0000	-1.0000	NaN	7.4257	-6.5506	13.8881	33355.3305	33355.6317	0.0000	1.0000	0.4471
35ly02	2	49	0	0	1.0000	0.0000	1.0000	0.2374	NaN	NaN	NaN	33358.3620	33358.6895	1.0000	1.0000	0.1590
35ly02	2	49	0	0	2.0000	0.0000	-1.0000	NaN	10.2939	-12.9460	15.6056	33359.3623	33359.6635	0.0000	1.0000	0.1127
35ly02	2	50	0	0	1.0000	0.0000	1.0000	0.5178	NaN	NaN	NaN	33361.7240	33362.0517	1.0000	1.0000	0.1809
35ly02	2	50	0	0	2.0000	0.0000	-1.0000	NaN	5.9319	-5.8398	14.9205	33362.7464	33363.0474	0.0000	1.0000	0.0732
35ly02	3	1	0	0	1.0000	0.0000	1.0000	0.2036	NaN	NaN	NaN	33370.2904	33370.6159	0.0000	0.0000	0.3189
35ly02	3	1	0	0	2.0000	0.0000	-1.0000	NaN	4.7180	-4.4057	14.9988	33371.4978	33371.7989	0.0000	1.0000	0.1380
35ly02	3	2	0	0	1.0000	0.0000	1.0000	0.8385	NaN	NaN	NaN	33373.9110	33374.2387	1.0000	1.0000	0.2028
35ly02	3	2	0	0	2.0000	0.0000	-1.0000	NaN	5.2129	-6.3190	14.6490	33374.9307	33375.2318	0.0000	1.0000	0.1931
35ly02	3	3	0	0	1.0000	0.0000	-1.0000	0.3616	NaN	NaN	NaN	33377.3563	33377.6818	0.0000	1.0000	0.2149
35ly02	3	3	0	0	2.0000	0.0000	-1.0000	NaN	6.7263	-5.3042	13.5930	33378.4268	33378.7278	1.0000	0.0000	0.1602
35ly02	3	4	0	0	1.0000	0.0000	-1.0000	0.1484	NaN	NaN	NaN	33380.9117	33381.2378	0.0000	1.0000	0.1778
35ly02	3	4	0	0	2.0000	0.0000	-1.0000	NaN	1.3651	-2.4422	17.4807	33381.9466	33382.2480	0.0000	1.0000	0.2237
35ly02	3	5	0	0	1.0000	0.0000	1.0000	0.7436	NaN	NaN	NaN	33384.8875	33385.2143	1.0000	1.0000	0.1538
35ly02	3	5	0	0	2.0000	0.0000	-1.0000	NaN	10.5657	-11.3111	15.3478	33385.8506	33386.1516	0.0000	1.0000	0.1913
35ly02	3	6	0	0	1.0000	0.0000	1.0000	0.5780	NaN	NaN	NaN	33388.9435	33389.2694	1.0000	1.0000	0.2034
35ly02	3	6	0	0	2.0000	0.0000	-1.0000	NaN	10.0944	-9.2351	13.9456	33389.9861	33390.2872	0.0000	1.0000	0.1539
35ly02	3	7	0	0	1.0000	0.0000	1.0000	0.7499	NaN	NaN	NaN	33392.8883	33393.2157	1.0000	1.0000	0.1354
35ly02	3	7	0	0	2.0000	0.0000	1.0000	NaN	9.3658	10.3106	14.7774	33393.8506	33394.1527	1.0000	1.0000	0.1279
35ly02	3	8	0	0	1.0000	0.0000	-1.0000	0.6261	NaN	NaN	NaN	33396.3712	33396.6991	0.0000	1.0000	0.1237
35ly02	3	8	0	0	2.0000	0.0000	-1.0000	NaN	6.7021	-6.4462	13.5188	33397.3386	33397.6396	0.0000	1.0000	0.2171
35ly02	3	9	0	0	1.0000	0.0000	-1.0000	0.0670	NaN	NaN	NaN	33400.3795	33400.7065	0.0000	1.0000	0.4372
35ly02	3	9	0	0	2.0000	0.0000	1.0000	NaN	1.9871	2.1935	14.4792	33401.6815	33401.9827	1.0000	1.0000	0.3227
35ly02	3	10	0	0	1.0000	0.0000	1.0000	0.3447	NaN	NaN	NaN	33404.6621	33404.9897	1.0000	1.0000	0.1956
35ly02	3	10	0	0	2.0000	0.0000	1.0000	NaN	4.1246	3.7046	15.2169	33405.6830	33405.9841	1.0000	1.0000	0.2146
35ly02	3	11	0	0	1.0000	0.0000	-1.0000	0.6637	NaN	NaN	NaN	33408.1410	33408.4671	0.0000	1.0000	0.3010
35ly02	3	11	0	0	2.0000	0.0000	-1.0000	NaN	4.0185	-3.3250	15.0598	33409.2906	33409.5916	0.0000	1.0000	0.2092
35ly02	3	12	0	0	1.0000	0.0000	-1.0000	0.5648	NaN	NaN	NaN	33411.8736	33412.1999	0.0000	1.0000	0.2174
35ly02	3	12	0	0	2.0000	0.0000	-1.0000	NaN	10.3377	-11.2433	16.6190	33412.9393	33413.2403	0.0000	1.0000	0.2159
35ly02	3	13	0	0	1.0000	0.0000	-1.0000	0.3298	NaN	NaN	NaN	33415.6465	33415.9734	0.0000	1.0000	0.3069
35ly02	3	13	0	0	2.0000	0.0000	1.0000	NaN	2.9067	3.2100	16.4063	33416.8111	33417.1121	0.0000	0.0000	0.3999
35ly02	3	14	0	0	1.0000	0.0000	-1.0000	0.2823	NaN	NaN	NaN	33419.9046	33420.2308	0.0000	1.0000	0.2408
35ly02	3	14	0	0	2.0000	0.0000	-1.0000	NaN	8.3644	-8.7391	15.2174	33421.0269	33421.3279	0.0000	1.0000	0.1828
35ly02	3	15	0	0	1.0000	0.0000	-1.0000	0.4809	NaN	NaN	NaN	33423.7266	33424.0538	0.0000	1.0000	0.0909
35ly02	3	15	0	0	2.0000	0.0000	1.0000	NaN	5.5010	5.9154	17.7733	33424.6504	33424.9514	1.0000	1.0000	0.1859
35ly02	3	16	0	0	1.0000	0.0000	-1.0000	0.7765	NaN	NaN	NaN	33427.2373	33427.5644	0.0000	1.0000	0.1251
35ly02	3	16	0	0	2.0000	0.0000	1.0000	NaN	1.1627	0.5461	14.4764	33428.2368	33428.5378	1.0000	1.0000	0.1729
35ly02	3	17	0	0	1.0000	0.0000	-1.0000	0.7638	NaN	NaN	NaN	33431.0867	33431.4164	0.0000	1.0000	0.0966
35ly02	3	17	0	0	2.0000	0.0000	-1.0000	NaN	7.5836	-7.3191	15.7382	33432.0350	33432.3360	0.0000	1.0000	0.1525
35ly02	3	18	0	0	1.0000	0.0000	1.0000	0.1623	NaN	NaN	NaN	33434.5107	33434.8396	1.0000	1.0000	0.4818
35ly02	3	18	0	0	2.0000	0.0000	-1.0000	NaN	6.9852	-6.5709	14.3887	33435.8106	33436.1116	0.0000	1.0000	0.1752
35ly02	3	19	0	0	1.0000	0.0000	-1.0000	0.5797	NaN	NaN	NaN	33438.6949	33439.0225	0.0000	1.0000	0.1061
35ly02	3	19	0	0	2.0000	0.0000	1.0000	NaN	7.5185	7.9001	15.2459	33439.6827	33439.9836	1.0000	1.0000	0.1752
35ly02	3	20	0	0	1.0000	0.0000	-1.0000	0.6585	NaN	NaN	NaN	33442.5107	33442.8366	0.0000	1.0000	0.1881
35ly02	3	20	0	0	2.0000	0.0000	-1.0000	NaN	0.1867	-0.2508	14.5725	33443.6206	33443.9216	0.0000	1.0000	0.2231
35ly02	3	21	0	0	1.0000	0.0000	1.0000	0.5209	NaN	NaN	NaN	33446.6171	33446.9436	1.0000	1.0000	0.1768
35ly02	3	21	0	0	2.0000	0.0000	-1.0000	NaN	10.2006	-9.8952	14.5250	33447.6103	33447.9114	0.0000	1.0000	0.1538
35ly02	3	22	0	0	1.0000	0.0000	1.0000	0.4956	NaN	NaN	NaN	33450.1960	33450.5222	1.0000	1.0000	0.2691
35ly02	3	22	0	0	2.0000	0.0000	-1.0000	NaN	0.8963	-0.8333	15.3196	33451.3143	33451.6155	0.0000	1.0000	0.1686
35ly02	3	23	0	0	1.0000	0.0000	1.0000	0.5481	NaN	NaN	NaN	33453.8156	33454.1437	1.0000	1.0000	0.1910
35ly02	3	23	0	0	2.0000	0.0000	1.0000	NaN	2.9886	4.2805	14.7970	33454.8420	33455.1430	1.0000	1.0000	0.2408
35ly02	3	24	0	0	1.0000	0.0000	1.0000	0.9035	NaN	NaN	NaN	33457.2658	33457.5946	1.0000	1.0000	0.1726
35ly02	3	24	0	0	2.0000	0.0000	-1.0000	NaN	8.4166	-8.9499	13.5943	33458.2670	33458.5682	0.0000	1.0000	0.1026
35ly02	3	25	0	0	1.0000	0.0000	1.0000	0.3184	NaN	NaN	NaN	33461.1544	33461.4841	1.0000	1.0000	0.1307
35ly02	3	25	0	0	2.0000	0.0000	-1.0000	NaN	11.6292	-13.1922	15.2583	33462.1308	33462.4318	0.0000	1.0000	0.0973
35ly02	3	26	0	0	1.0000	0.0000	1.0000	0.5962	NaN	NaN	NaN	33464.8599	33465.1862	1.0000	1.0000	0.1266
35ly02	3	26	0	0	2.0000	0.0000	-1.0000	NaN	5.6182	-7.0597	15.0909	33465.8428	33466.1439	0.0000	1.0000	0.1440
35ly02	3	27	0	0	1.0000	0.0000	-1.0000	0.8152	NaN	NaN	NaN	33468.3616	33468.6888	0.0000	1.0000	0.1590
35ly02	3	27	0	0	2.0000	0.0000	1.0000	NaN	4.9746	5.0352	14.8147	33469.3784	33469.6793	1.0000	1.0000	0.4421
35ly02	3	28	0	0	1.0000	0.0000	-1.0000	0.4093	NaN	NaN	NaN	33472.2689	33472.5969	0.0000	1.0000	0.1298
35ly02	3	28	0	0	2.0000	0.0000	1.0000	NaN	6.9271	7.1377	16.3844	33473.2912	33473.5922	1.0000	1.0000	0.1451
35ly02	3	29	0	0	1.0000	0.0000	1.0000	0.4379	NaN	NaN	NaN	33475.6447	33475.9721	1.0000	1.0000	0.3067
35ly02	3	29	0	0	2.0000	0.0000	-1.0000	NaN	6.3709	-5.8952	14.7138	33476.7710	33477.0722	1.0000	0.0000	0.3270
35ly02	3	30	0	0	1.0000	0.0000	-1.0000	0.2419	NaN	NaN	NaN	33479.8964	33480.2215	0.0000	1.0000	0.2587
35ly02	3	30	0	0	2.0000	0.0000	1.0000	NaN	2.5340	1.6536	15.3208	33481.0184	33481.3195	1.0000	1.0000	0.2898
35ly02	3	31	0	0	1.0000	0.0000	-1.0000	0.6307	NaN	NaN	NaN	33484.0500	33484.3774	0.0000	1.0000	0.1673
35ly02	3	31	0	0	2.0000	0.0000	-1.0000	NaN	8.1263	-9.4222	15.8630	33485.0905	33485.3917	1.0000	0.0000	0.1432
35ly02	3	32	0	0	1.0000	0.0000	1.0000	0.2129	NaN	NaN	NaN	33488.0397	33488.3661	0.0000	0.0000	0.3948
35ly02	3	32	0	0	2.0000	0.0000	-1.0000	NaN	4.9315	-5.0056	14.3712	33489.2982	33489.5992	0.0000	1.0000	0.2169
35ly02	3	33	0	0	1.0000	0.0000	-1.0000	0.3841	NaN	NaN	NaN	33492.3635	33492.6897	0.0000	1.0000	0.1824
35ly02	3	33	0	0	2.0000	0.0000	1.0000	NaN	0.4193	3.4966	15.1884	33493.4124	33493.7135	1.0000	1.0000	0.1993
35ly02	3	34	0	0	1.0000	0.0000	-1.0000	0.9191	NaN	NaN	NaN	33496.1280	33496.4554	0.0000	1.0000	0.1221
35ly02	3	34	0	0	2.0000	0.0000	1.0000	NaN	9.6389	9.4093	14.8454	33497.1068	33497.4078	1.0000	1.0000	0.1450
35ly02	3	35	0	0	1.0000	0.0000	1.0000	0.9070	NaN	NaN	NaN	33499.3117	33499.6371	1.0000	1.0000	0.1482
35ly02	3	35	0	0	2.0000	0.0000	1.0000	NaN	8.1127	8.6920	14.2810	33500.2833	33500.5843	1.0000	1.0000	0.1286
35ly02	3	36	0	0	1.0000	0.0000	-1.0000	0.3732	NaN	NaN	NaN	33502.7620	33503.0910	0.0000	1.0000	0.1656
35ly02	3	36	0	0	2.0000	0.0000	-1.0000	NaN	5.9393	-6.0952	16.1229	33503.8108	33504.1119	0.0000	1.0000	0.2162
35ly02	3	37	0	0	1.0000	0.0000	-1.0000	0.2771	NaN	NaN	NaN	33506.6859	33507.0126	0.0000	1.0000	0.1402
35ly02	3	37	0	0	2.0000	0.0000	-1.0000	NaN	7.9922	-8.7933	14.4102	33507.6745	33507.9755	0.0000	1.0000	0.0896
35ly02	3	38	0	0	1.0000	0.0000	-1.0000	0.7346	NaN	NaN	NaN	33510.4786	33510.8055	0.0000	1.0000	0.1235
35ly02	3	38	0	0	2.0000	0.0000	1.0000	NaN	3.4278	3.8487	14.7836	33511.4679	33511.7688	1.0000	1.0000	0.2002
35ly02	3	39	0	0	1.0000	0.0000	-1.0000	0.8643	NaN	NaN	NaN	33514.2917	33514.6183	0.0000	1.0000	0.2149
35ly02	3	39	0	0	2.0000	0.0000	-1.0000	NaN	10.2463	-10.2353	14.6066	33515.3539	33515.6550	0.0000	1.0000	0.1135
35ly02	3	40	0	0	1.0000	0.0000	-1.0000	0.2716	NaN	NaN	NaN	33517.8657	33518.1931	0.0000	1.0000	0.1189
35ly02	3	40	0	0	2.0000	0.0000	1.0000	NaN	6.5730	8.0979	14.4880	33518.8505	33519.1518	1.0000	1.0000	0.1453
35ly02	3	41	0	0	1.0000	0.0000	-1.0000	0.4205	NaN	NaN	NaN	33521.0309	33521.3577	0.0000	1.0000	0.1852
35ly02	3	41	0	0	2.0000	0.0000	-1.0000	NaN	5.2794	-6.0930	15.1722	33522.0986	33522.3996	0.0000	1.0000	0.0741
35ly02	3	42	0	0	1.0000	0.0000	-1.0000	0.1087	NaN	NaN	NaN	33524.5784	33524.9046	0.0000	1.0000	0.4962
35ly02	3	42	0	0	2.0000	0.0000	1.0000	NaN	7.6191	8.8002	15.2190	33525.9643	33526.2657	1.0000	1.0000	0.1912
35ly02	3	43	0	0	1.0000	0.0000	1.0000	0.8844	NaN	NaN	NaN	33528.2717	33528.5998	1.0000	1.0000	0.2487
35ly02	3	43	0	0	2.0000	0.0000	1.0000	NaN	3.9115	4.7607	15.7614	33529.3864	33529.6876	1.0000	1.0000	0.1849
35ly02	3	44	0	0	1.0000	0.0000	1.0000	0.5971	NaN	NaN	NaN	33532.0381	33532.3676	1.0000	1.0000	0.1206
35ly02	3	44	0	0	2.0000	0.0000	-1.0000	NaN	4.4684	-3.8168	13.2380	33533.0030	33533.3041	0.0000	1.0000	0.1347
35ly02	3	45	0	0	1.0000	0.0000	1.0000	0.5310	NaN	NaN	NaN	33535.8889	33536.2161	1.0000	1.0000	0.1529
35ly02	3	45	0	0	2.0000	0.0000	-1.0000	NaN	6.5444	-6.3945	15.2236	33536.8904	33537.1914	0.0000	1.0000	0.1140
35ly02	3	46	0	0	1.0000	0.0000	-1.0000	0.0102	NaN	NaN	NaN	33539.4524	33539.7795	0.0000	1.0000	0.1412
35ly02	3	46	0	0	2.0000	0.0000	-1.0000	NaN	6.2897	-7.7225	15.8554	33540.4744	33540.7754	0.0000	1.0000	0.1447
35ly02	3	47	0	0	1.0000	0.0000	-1.0000	0.3980	NaN	NaN	NaN	33543.0350	33543.3623	0.0000	1.0000	0.1269
35ly02	3	47	0	0	2.0000	0.0000	1.0000	NaN	0.0360	0.6019	15.4990	33544.0311	33544.3323	1.0000	1.0000	0.1402
35ly02	3	48	0	0	1.0000	0.0000	-1.0000	0.2973	NaN	NaN	NaN	33546.4971	33546.8249	0.0000	1.0000	0.0859
35ly02	3	48	0	0	2.0000	0.0000	-1.0000	NaN	11.3609	-10.4473	14.8810	33547.4665	33547.7676	0.0000	1.0000	0.1294
35ly02	3	49	0	0	1.0000	0.0000	1.0000	0.2976	NaN	NaN	NaN	33550.2846	33550.6125	1.0000	1.0000	0.1470
35ly02	3	49	0	0	2.0000	0.0000	1.0000	NaN	2.3992	4.0856	13.9977	33551.2584	33551.5594	1.0000	1.0000	0.1779
35ly02	3	50	0	0	1.0000	0.0000	1.0000	0.2062	NaN	NaN	NaN	33553.6849	33554.0129	1.0000	1.0000	0.4191
35ly02	3	50	0	0	2.0000	0.0000	-1.0000	NaN	8.4751	-9.0417	15.7172	33554.9946	33555.2955	0.0000	1.0000	0.1765
