48xy04	1	1	1	1	1.0000	1.0000	1.0000	NaN	3.4799	2.9547	13.9073	8940.4426	8940.7442	0.0000	0.0000	0.9401
48xy04	1	1	1	1	2.0000	1.0000	-1.0000	0.0979	NaN	NaN	NaN	8942.2683	8942.6084	1.0000	0.0000	0.4433
48xy04	1	2	1	1	1.0000	1.0000	1.0000	NaN	4.0487	4.2159	15.4065	8945.5321	8945.8331	1.0000	1.0000	0.2984
48xy04	1	2	1	1	2.0000	1.0000	1.0000	0.3838	NaN	NaN	NaN	8946.6585	8946.9838	1.0000	1.0000	0.0605
48xy04	1	3	1	1	1.0000	1.0000	-1.0000	NaN	7.9432	-7.8737	14.3273	8949.2896	8949.5911	0.0000	1.0000	0.1975
48xy04	1	3	1	1	2.0000	1.0000	1.0000	0.0507	NaN	NaN	NaN	8950.3624	8950.6884	1.0000	1.0000	0.0033
48xy04	1	4	1	1	1.0000	1.0000	-1.0000	NaN	7.9992	-7.7368	15.1842	8953.0381	8953.3390	0.0000	1.0000	0.2252
48xy04	1	4	1	1	2.0000	1.0000	1.0000	0.1047	NaN	NaN	NaN	8954.1310	8954.4556	1.0000	1.0000	0.1728
48xy04	1	5	1	1	1.0000	1.0000	1.0000	NaN	6.7224	6.2793	13.8872	8956.7756	8957.0766	1.0000	1.0000	0.3118
48xy04	1	5	1	1	2.0000	1.0000	1.0000	0.2520	NaN	NaN	NaN	8957.9061	8958.2343	1.0000	1.0000	0.0007
48xy04	1	6	1	1	1.0000	1.0000	-1.0000	NaN	0.4731	-0.2281	17.3070	8960.5025	8960.8036	1.0000	0.0000	0.5359
48xy04	1	6	1	1	2.0000	1.0000	-1.0000	0.3949	NaN	NaN	NaN	8961.8506	8962.1771	1.0000	0.0000	0.0006
48xy04	1	7	1	1	1.0000	1.0000	1.0000	NaN	3.1638	2.7138	15.4899	8963.9448	8964.2463	0.0000	0.0000	2.0381
48xy04	1	7	1	1	2.0000	1.0000	-1.0000	0.0105	NaN	NaN	NaN	8966.8265	8967.1518	1.0000	0.0000	0.0007
48xy04	1	8	1	1	1.0000	1.0000	-1.0000	NaN	0.0531	-1.2195	14.9256	8969.7838	8970.0848	1.0000	0.0000	1.5189
48xy04	1	8	1	1	2.0000	1.0000	-1.0000	0.2785	NaN	NaN	NaN	8972.1065	8972.4331	1.0000	0.0000	0.0007
48xy04	1	9	1	1	1.0000	1.0000	1.0000	NaN	6.6428	6.1775	14.1832	8974.3514	8974.6524	1.0000	1.0000	1.0718
48xy04	1	9	1	1	2.0000	1.0000	1.0000	0.2950	NaN	NaN	NaN	8976.2264	8976.5528	1.0000	1.0000	0.0006
48xy04	1	10	1	1	1.0000	1.0000	-1.0000	NaN	8.1634	-9.4786	15.5083	8979.0128	8979.3140	0.0000	1.0000	0.8184
48xy04	1	10	1	1	2.0000	1.0000	1.0000	0.2419	NaN	NaN	NaN	8980.6826	8981.0092	1.0000	1.0000	0.0007
48xy04	1	11	1	1	1.0000	1.0000	-1.0000	NaN	4.8461	-5.8035	15.4409	8982.8938	8983.1948	0.0000	1.0000	0.1930
48xy04	1	11	1	1	2.0000	1.0000	1.0000	0.2783	NaN	NaN	NaN	8983.9306	8984.2562	1.0000	1.0000	0.0006
48xy04	1	12	1	1	1.0000	1.0000	1.0000	NaN	5.3540	5.4595	14.9772	8986.5011	8986.8021	1.0000	1.0000	1.4346
48xy04	1	12	1	1	2.0000	1.0000	1.0000	0.2286	NaN	NaN	NaN	8988.7547	8989.0818	1.0000	1.0000	2.9305
48xy04	1	13	1	1	1.0000	1.0000	-1.0000	NaN	0.5189	-1.4558	15.2573	8994.4664	8994.7673	0.0000	1.0000	1.2844
48xy04	1	13	1	1	2.0000	1.0000	1.0000	0.2384	NaN	NaN	NaN	8996.6184	8996.9445	1.0000	1.0000	2.8112
48xy04	1	14	1	1	1.0000	1.0000	1.0000	NaN	4.3047	3.0157	15.6918	9001.9680	9002.2690	0.0000	0.0000	0.7987
48xy04	1	14	1	1	2.0000	1.0000	-1.0000	0.4089	NaN	NaN	NaN	9003.5944	9003.9226	1.0000	0.0000	0.0007
48xy04	1	15	1	1	1.0000	1.0000	-1.0000	NaN	0.9455	-3.6215	14.6812	9006.1041	9006.4051	0.0000	1.0000	0.4226
48xy04	1	15	1	1	2.0000	1.0000	1.0000	0.1007	NaN	NaN	NaN	9007.3858	9007.7129	1.0000	1.0000	0.0008
48xy04	1	16	1	1	1.0000	1.0000	-1.0000	NaN	7.9390	-6.7100	16.1496	9009.6270	9009.9281	0.0000	1.0000	0.3483
48xy04	1	16	1	1	2.0000	1.0000	1.0000	0.2857	NaN	NaN	NaN	9010.8345	9011.1607	1.0000	1.0000	0.0007
48xy04	1	17	1	1	1.0000	1.0000	1.0000	NaN	8.1824	6.6644	13.8082	9013.6686	9013.9696	0.0000	0.0000	0.8192
48xy04	1	17	1	1	2.0000	1.0000	-1.0000	0.2714	NaN	NaN	NaN	9015.3623	9015.6887	1.0000	0.0000	0.2836
48xy04	1	18	1	1	1.0000	1.0000	1.0000	NaN	6.7493	4.8770	15.5025	9018.5464	9018.8473	1.0000	1.0000	2.0684
48xy04	1	18	1	1	2.0000	1.0000	1.0000	0.1846	NaN	NaN	NaN	9021.4755	9021.8014	1.0000	1.0000	0.0006
48xy04	1	19	1	1	1.0000	1.0000	-1.0000	NaN	4.0480	-3.0523	14.1866	9023.9433	9024.2442	0.0000	1.0000	0.7280
48xy04	1	19	1	1	2.0000	1.0000	1.0000	0.0924	NaN	NaN	NaN	9025.5082	9025.8350	1.0000	1.0000	0.0008
48xy04	1	20	1	1	1.0000	1.0000	-1.0000	NaN	2.5410	-2.4352	16.7895	9028.3467	9028.6476	0.0000	1.0000	1.7242
48xy04	1	20	1	1	2.0000	1.0000	1.0000	0.2133	NaN	NaN	NaN	9030.9552	9031.2811	1.0000	1.0000	0.0753
48xy04	1	21	1	1	1.0000	1.0000	-1.0000	NaN	4.8462	-5.1031	13.7620	9033.5087	9033.8098	0.0000	1.0000	0.5225
48xy04	1	21	1	1	2.0000	1.0000	1.0000	0.0035	NaN	NaN	NaN	9034.8985	9035.2249	1.0000	1.0000	0.0006
48xy04	1	22	1	1	1.0000	1.0000	1.0000	NaN	2.9664	2.6964	14.4008	9037.3492	9037.6501	0.0000	0.0000	0.5464
48xy04	1	22	1	1	2.0000	1.0000	-1.0000	0.2300	NaN	NaN	NaN	9038.7623	9039.0876	1.0000	0.0000	0.0006
48xy04	1	23	1	1	1.0000	1.0000	1.0000	NaN	2.2483	1.5539	14.7375	9041.2875	9041.5887	1.0000	1.0000	1.6797
48xy04	1	23	1	1	2.0000	1.0000	1.0000	0.3709	NaN	NaN	NaN	9043.8104	9044.1361	1.0000	1.0000	0.0007
48xy04	1	24	1	1	1.0000	1.0000	-1.0000	NaN	2.2377	-3.8169	14.6991	9046.2055	9046.5064	0.0000	1.0000	0.7298
48xy04	1	24	1	1	2.0000	1.0000	1.0000	0.1037	NaN	NaN	NaN	9047.7870	9048.1144	1.0000	1.0000	0.0006
48xy04	1	25	1	1	1.0000	1.0000	1.0000	NaN	0.4150	0.4047	15.5095	9050.5357	9050.8366	1.0000	1.0000	1.5520
48xy04	1	25	1	1	2.0000	1.0000	1.0000	0.1274	NaN	NaN	NaN	9052.9225	9053.2471	1.0000	1.0000	0.0007
48xy04	1	26	1	1	1.0000	1.0000	1.0000	NaN	7.9955	9.1766	15.4507	9055.6309	9055.9322	1.0000	1.0000	0.3675
48xy04	1	26	1	1	2.0000	1.0000	1.0000	0.3163	NaN	NaN	NaN	9056.8666	9057.1924	1.0000	1.0000	0.0441
48xy04	1	27	1	1	1.0000	1.0000	1.0000	NaN	3.3047	2.5031	13.8495	9059.3792	9059.6802	0.0000	0.0000	2.2841
48xy04	1	27	1	1	2.0000	1.0000	-1.0000	0.3346	NaN	NaN	NaN	9062.5222	9062.8470	1.0000	0.0000	0.0006
48xy04	1	28	1	1	1.0000	1.0000	1.0000	NaN	5.7202	3.4286	15.2484	9065.3258	9065.6269	1.0000	1.0000	0.9374
48xy04	1	28	1	1	2.0000	1.0000	1.0000	0.3992	NaN	NaN	NaN	9067.1225	9067.4486	1.0000	1.0000	0.0351
48xy04	1	29	1	1	1.0000	1.0000	-1.0000	NaN	0.1138	-1.0743	14.9360	9069.4608	9069.7619	1.0000	0.0000	0.4898
48xy04	1	29	1	1	2.0000	1.0000	-1.0000	0.0111	NaN	NaN	NaN	9070.8264	9071.1526	1.0000	0.0000	0.0431
48xy04	1	30	1	1	1.0000	1.0000	1.0000	NaN	2.2969	2.5269	16.2005	9073.2974	9073.5984	1.0000	1.0000	1.7500
48xy04	1	30	1	1	2.0000	1.0000	1.0000	0.1142	NaN	NaN	NaN	9075.9225	9076.2494	1.0000	1.0000	0.0031
48xy04	1	31	1	1	1.0000	1.0000	1.0000	NaN	5.6559	5.3224	14.4235	9078.7889	9079.0901	1.0000	1.0000	0.5376
48xy04	1	31	1	1	2.0000	1.0000	1.0000	0.1920	NaN	NaN	NaN	9080.2026	9080.5276	1.0000	1.0000	0.1968
48xy04	1	32	1	1	1.0000	1.0000	1.0000	NaN	2.6465	2.6223	14.8209	9082.9839	9083.2851	1.0000	1.0000	0.4627
48xy04	1	32	1	1	2.0000	1.0000	1.0000	0.2834	NaN	NaN	NaN	9084.3628	9084.6878	1.0000	1.0000	0.6607
48xy04	1	33	1	1	1.0000	1.0000	1.0000	NaN	5.9738	6.7220	15.9795	9087.4841	9087.7851	1.0000	1.0000	0.2906
48xy04	1	33	1	1	2.0000	1.0000	1.0000	0.1156	NaN	NaN	NaN	9088.6185	9088.9444	1.0000	1.0000	0.4680
48xy04	1	34	1	1	1.0000	1.0000	1.0000	NaN	6.8789	7.7100	16.6383	9091.2402	9091.5412	1.0000	1.0000	0.3024
48xy04	1	34	1	1	2.0000	1.0000	1.0000	0.0690	NaN	NaN	NaN	9092.4026	9092.7295	1.0000	1.0000	2.0109
48xy04	1	35	1	1	1.0000	1.0000	1.0000	NaN	2.6145	3.5331	14.4082	9097.3518	9097.6533	1.0000	1.0000	0.2710
48xy04	1	35	1	1	2.0000	1.0000	1.0000	0.2015	NaN	NaN	NaN	9098.4824	9098.8078	1.0000	1.0000	0.8127
48xy04	1	36	1	1	1.0000	1.0000	1.0000	NaN	1.3717	0.5095	15.0982	9101.8149	9102.1159	1.0000	1.0000	0.7524
48xy04	1	36	1	1	2.0000	1.0000	1.0000	0.1404	NaN	NaN	NaN	9103.4186	9103.7433	1.0000	1.0000	0.3970
48xy04	1	37	1	1	1.0000	1.0000	1.0000	NaN	7.3453	6.8806	14.1606	9106.5508	9106.8518	1.0000	1.0000	0.2728
48xy04	1	37	1	1	2.0000	1.0000	1.0000	0.1411	NaN	NaN	NaN	9107.6585	9107.9848	1.0000	1.0000	0.2917
48xy04	1	38	1	1	1.0000	1.0000	-1.0000	NaN	1.4543	-1.0804	15.0222	9110.4025	9110.7035	1.0000	0.0000	0.2683
48xy04	1	38	1	1	2.0000	1.0000	-1.0000	0.0848	NaN	NaN	NaN	9111.5063	9111.8319	1.0000	0.0000	0.4528
48xy04	1	39	1	1	1.0000	1.0000	1.0000	NaN	5.8789	6.6755	15.2167	9114.6681	9114.9691	1.0000	1.0000	0.3230
48xy04	1	39	1	1	2.0000	1.0000	1.0000	0.1087	NaN	NaN	NaN	9115.8347	9116.1610	1.0000	1.0000	0.4667
48xy04	1	40	1	1	1.0000	1.0000	-1.0000	NaN	7.4408	-5.3338	14.7789	9118.6975	9118.9985	0.0000	1.0000	0.6776
48xy04	1	40	1	1	2.0000	1.0000	1.0000	0.0143	NaN	NaN	NaN	9120.2183	9120.5628	1.0000	1.0000	0.0502
48xy04	1	41	1	1	1.0000	1.0000	-1.0000	NaN	2.7221	-1.2316	15.1205	9123.0135	9123.3146	0.0000	1.0000	1.6739
48xy04	1	41	1	1	2.0000	1.0000	1.0000	0.3658	NaN	NaN	NaN	9125.5385	9125.8641	1.0000	1.0000	0.3876
48xy04	1	42	1	1	1.0000	1.0000	1.0000	NaN	2.9684	0.2343	14.8439	9128.6985	9128.9995	1.0000	1.0000	0.5487
48xy04	1	42	1	1	2.0000	1.0000	1.0000	0.2567	NaN	NaN	NaN	9130.0991	9130.4330	1.0000	1.0000	0.2433
48xy04	1	43	1	1	1.0000	1.0000	-1.0000	NaN	4.9512	-6.8488	14.5917	9133.1180	9133.4190	0.0000	1.0000	0.7693
48xy04	1	43	1	1	2.0000	1.0000	1.0000	0.2312	NaN	NaN	NaN	9134.7465	9135.0740	1.0000	1.0000	0.2496
48xy04	1	44	1	1	1.0000	1.0000	1.0000	NaN	6.6486	6.4022	15.9405	9137.8691	9138.1702	1.0000	1.0000	0.2974
48xy04	1	44	1	1	2.0000	1.0000	1.0000	0.2026	NaN	NaN	NaN	9138.9466	9139.2720	1.0000	1.0000	0.3082
48xy04	1	45	1	1	1.0000	1.0000	-1.0000	NaN	5.1266	-5.0689	15.5698	9141.9660	9142.2670	0.0000	1.0000	0.3857
48xy04	1	45	1	1	2.0000	1.0000	1.0000	0.0937	NaN	NaN	NaN	9143.1946	9143.5217	1.0000	1.0000	0.2988
48xy04	1	46	1	1	1.0000	1.0000	1.0000	NaN	3.2657	4.2252	14.7942	9146.4559	9146.7569	1.0000	1.0000	0.7836
48xy04	1	46	1	1	2.0000	1.0000	1.0000	0.2518	NaN	NaN	NaN	9148.0745	9148.4011	1.0000	1.0000	0.1471
48xy04	1	47	1	1	1.0000	1.0000	1.0000	NaN	2.5445	1.6456	15.2966	9150.9672	9151.2684	0.0000	0.0000	0.9118
48xy04	1	47	1	1	2.0000	1.0000	-1.0000	0.2063	NaN	NaN	NaN	9152.7066	9153.0324	1.0000	0.0000	0.3311
48xy04	1	48	1	1	1.0000	1.0000	1.0000	NaN	3.3533	3.2879	14.6109	9155.6972	9155.9982	1.0000	1.0000	1.4541
48xy04	1	48	1	1	2.0000	1.0000	1.0000	0.1883	NaN	NaN	NaN	9157.9784	9158.3057	1.0000	1.0000	0.2510
48xy04	1	49	1	1	1.0000	1.0000	1.0000	NaN	5.0080	3.0015	14.5821	9160.6011	9160.9020	1.0000	1.0000	2.4382
48xy04	1	49	1	1	2.0000	1.0000	1.0000	0.3695	NaN	NaN	NaN	9163.8986	9164.2242	1.0000	1.0000	0.2043
48xy04	1	50	1	1	1.0000	1.0000	1.0000	NaN	1.3920	2.8742	15.5056	9166.6465	9166.9475	1.0000	1.0000	0.4488
48xy04	1	50	1	1	2.0000	1.0000	1.0000	0.4008	NaN	NaN	NaN	9167.9225	9168.2481	1.0000	1.0000	0.3481
48xy04	2	1	1	1	1.0000	1.0000	-1.0000	NaN	7.4911	-8.0496	14.4935	9197.4152	9197.7162	0.0000	1.0000	0.4081
48xy04	2	1	1	1	2.0000	1.0000	1.0000	0.2773	NaN	NaN	NaN	9198.6423	9198.9683	1.0000	1.0000	0.1394
48xy04	2	2	1	1	1.0000	1.0000	-1.0000	NaN	3.1426	-4.0135	15.1685	9201.1036	9201.4045	0.0000	1.0000	0.4480
48xy04	2	2	1	1	2.0000	1.0000	1.0000	0.0237	NaN	NaN	NaN	9202.3622	9202.6894	1.0000	1.0000	0.0831
48xy04	2	3	1	1	1.0000	1.0000	1.0000	NaN	0.3105	0.2800	13.0310	9205.3820	9205.6831	1.0000	1.0000	1.5851
48xy04	2	3	1	1	2.0000	1.0000	1.0000	0.0741	NaN	NaN	NaN	9207.8022	9208.1285	1.0000	1.0000	0.0993
48xy04	2	4	1	1	1.0000	1.0000	1.0000	NaN	1.0019	1.2004	14.5682	9210.7060	9211.0070	1.0000	1.0000	2.8134
48xy04	2	4	1	1	2.0000	1.0000	1.0000	0.3386	NaN	NaN	NaN	9214.3311	9214.6566	1.0000	1.0000	0.2517
48xy04	2	5	1	1	1.0000	1.0000	-1.0000	NaN	3.8616	-1.5838	16.9964	9216.8700	9217.1710	0.0000	1.0000	0.2886
48xy04	2	5	1	1	2.0000	1.0000	1.0000	0.0457	NaN	NaN	NaN	9217.9946	9218.3190	1.0000	1.0000	0.2536
48xy04	2	6	1	1	1.0000	1.0000	-1.0000	NaN	3.5593	-5.9864	15.5219	9220.3672	9220.6682	0.0000	1.0000	0.1834
48xy04	2	6	1	1	2.0000	1.0000	1.0000	0.4121	NaN	NaN	NaN	9221.3704	9221.6966	1.0000	1.0000	0.2758
48xy04	2	7	1	1	1.0000	1.0000	-1.0000	NaN	1.5925	-3.1825	16.7283	9224.1754	9224.4765	0.0000	1.0000	1.5597
48xy04	2	7	1	1	2.0000	1.0000	1.0000	0.2018	NaN	NaN	NaN	9226.5788	9226.9043	1.0000	1.0000	0.2439
48xy04	2	8	1	1	1.0000	1.0000	-1.0000	NaN	3.1933	-4.3418	14.3427	9229.3613	9229.6623	0.0000	1.0000	0.2942
48xy04	2	8	1	1	2.0000	1.0000	1.0000	0.0884	NaN	NaN	NaN	9230.4904	9230.8171	1.0000	1.0000	0.2509
48xy04	2	9	1	1	1.0000	1.0000	1.0000	NaN	1.4062	0.8036	15.8883	9233.6882	9233.9894	0.0000	0.0000	1.5107
48xy04	2	9	1	1	2.0000	1.0000	-1.0000	0.2809	NaN	NaN	NaN	9236.0421	9236.3700	1.0000	0.0000	0.0102
48xy04	2	10	1	1	1.0000	1.0000	-1.0000	NaN	2.1374	-1.4810	16.2046	9238.7186	9239.0196	1.0000	0.0000	0.6168
48xy04	2	10	1	1	2.0000	1.0000	-1.0000	0.0007	NaN	NaN	NaN	9240.1944	9240.5218	1.0000	0.0000	0.0659
48xy04	2	11	1	1	1.0000	1.0000	1.0000	NaN	8.1985	6.1966	14.0868	9242.8329	9243.1338	1.0000	1.0000	1.4780
48xy04	2	11	1	1	2.0000	1.0000	1.0000	0.1288	NaN	NaN	NaN	9245.1389	9245.4668	1.0000	1.0000	0.0976
48xy04	2	12	1	1	1.0000	1.0000	1.0000	NaN	3.8487	3.1252	15.7301	9247.5585	9247.8595	1.0000	1.0000	1.7768
48xy04	2	12	1	1	2.0000	1.0000	1.0000	0.2312	NaN	NaN	NaN	9250.1701	9250.4962	1.0000	1.0000	0.0362
48xy04	2	13	1	1	1.0000	1.0000	1.0000	NaN	7.9163	8.7351	15.9136	9252.8681	9253.1690	1.0000	1.0000	0.2911
48xy04	2	13	1	1	2.0000	1.0000	1.0000	0.0494	NaN	NaN	NaN	9254.0183	9254.3443	1.0000	1.0000	0.1873
48xy04	2	14	1	1	1.0000	1.0000	-1.0000	NaN	4.7235	-6.6209	14.2758	9256.6185	9256.9195	0.0000	1.0000	0.5087
48xy04	2	14	1	1	2.0000	1.0000	1.0000	0.3451	NaN	NaN	NaN	9257.9702	9258.2955	1.0000	1.0000	0.1810
48xy04	2	15	1	1	1.0000	1.0000	-1.0000	NaN	6.7448	-7.2695	15.4436	9260.5531	9260.8540	0.0000	1.0000	0.2703
48xy04	2	15	1	1	2.0000	1.0000	1.0000	0.2959	NaN	NaN	NaN	9261.6665	9261.9916	1.0000	1.0000	0.1726
48xy04	2	16	1	1	1.0000	1.0000	-1.0000	NaN	1.8891	-2.6600	15.6844	9264.5113	9264.8123	0.0000	1.0000	0.2959
48xy04	2	16	1	1	2.0000	1.0000	1.0000	0.0183	NaN	NaN	NaN	9265.6586	9265.9849	1.0000	1.0000	0.1476
48xy04	2	17	1	1	1.0000	1.0000	-1.0000	NaN	0.2253	-0.4771	15.5763	9268.1873	9268.4883	1.0000	0.0000	1.3313
48xy04	2	17	1	1	2.0000	1.0000	-1.0000	0.3633	NaN	NaN	NaN	9270.3144	9270.6406	1.0000	0.0000	0.2997
48xy04	2	18	1	1	1.0000	1.0000	-1.0000	NaN	2.5051	-3.9901	15.8768	9273.0699	9273.3709	0.0000	1.0000	0.2575
48xy04	2	18	1	1	2.0000	1.0000	1.0000	0.3957	NaN	NaN	NaN	9274.1869	9274.5138	1.0000	1.0000	0.0977
48xy04	2	19	1	1	1.0000	1.0000	-1.0000	NaN	2.0709	-1.0096	14.8590	9276.6568	9276.9578	0.0000	1.0000	0.2618
48xy04	2	19	1	1	2.0000	1.0000	1.0000	0.1308	NaN	NaN	NaN	9277.7465	9278.0721	1.0000	1.0000	0.2201
48xy04	2	20	1	1	1.0000	1.0000	1.0000	NaN	2.7054	2.1112	14.9756	9280.4762	9280.7772	1.0000	1.0000	0.4511
48xy04	2	20	1	1	2.0000	1.0000	1.0000	0.3360	NaN	NaN	NaN	9281.7386	9282.0647	1.0000	1.0000	0.1869
48xy04	2	21	1	1	1.0000	1.0000	-1.0000	NaN	7.6877	-5.5721	14.4917	9284.5302	9284.8312	0.0000	1.0000	1.0531
48xy04	2	21	1	1	2.0000	1.0000	1.0000	0.2504	NaN	NaN	NaN	9286.4346	9286.7602	1.0000	1.0000	0.0841
48xy04	2	22	1	1	1.0000	1.0000	-1.0000	NaN	5.8140	-6.2365	13.6412	9289.3301	9289.6311	0.0000	1.0000	0.2612
48xy04	2	22	1	1	2.0000	1.0000	1.0000	0.0521	NaN	NaN	NaN	9290.4260	9290.7519	1.0000	1.0000	0.2678
48xy04	2	23	1	1	1.0000	1.0000	1.0000	NaN	1.4011	0.5486	14.4293	9293.6079	9293.9090	1.0000	1.0000	0.2549
48xy04	2	23	1	1	2.0000	1.0000	1.0000	0.3366	NaN	NaN	NaN	9294.6668	9294.9930	1.0000	1.0000	0.0752
48xy04	2	24	1	1	1.0000	1.0000	-1.0000	NaN	2.7271	-2.5289	18.0026	9297.4711	9297.7721	0.0000	1.0000	1.7596
48xy04	2	24	1	1	2.0000	1.0000	1.0000	0.2066	NaN	NaN	NaN	9300.0746	9300.4001	1.0000	1.0000	0.2929
48xy04	2	25	1	1	1.0000	1.0000	-1.0000	NaN	2.2261	-1.7586	15.4974	9302.8196	9303.1208	1.0000	0.0000	0.1874
48xy04	2	25	1	1	2.0000	1.0000	-1.0000	0.3169	NaN	NaN	NaN	9303.8421	9304.1684	1.0000	0.0000	0.1005
48xy04	2	26	1	1	1.0000	1.0000	-1.0000	NaN	6.6402	-5.4385	14.8814	9306.9444	9307.2453	0.0000	1.0000	0.2629
48xy04	2	26	1	1	2.0000	1.0000	1.0000	0.2536	NaN	NaN	NaN	9308.0505	9308.3776	1.0000	1.0000	0.0912
48xy04	2	27	1	1	1.0000	1.0000	-1.0000	NaN	7.8333	-5.8339	15.6359	9310.8631	9311.1641	0.0000	1.0000	0.4716
48xy04	2	27	1	1	2.0000	1.0000	1.0000	0.3032	NaN	NaN	NaN	9312.1702	9312.4953	1.0000	1.0000	0.2529
48xy04	2	28	1	1	1.0000	1.0000	-1.0000	NaN	4.9347	-5.2344	16.3636	9314.9091	9315.2101	0.0000	1.0000	0.4023
48xy04	2	28	1	1	2.0000	1.0000	1.0000	0.3700	NaN	NaN	NaN	9316.1463	9316.4725	1.0000	1.0000	0.2919
48xy04	2	29	1	1	1.0000	1.0000	-1.0000	NaN	0.4559	-0.1915	16.1064	9318.8921	9319.1931	1.0000	0.0000	0.2591
48xy04	2	29	1	1	2.0000	1.0000	-1.0000	0.1073	NaN	NaN	NaN	9319.9862	9320.3129	1.0000	0.0000	0.1713
48xy04	2	30	1	1	1.0000	1.0000	1.0000	NaN	2.0862	3.6932	15.4187	9322.6983	9322.9993	1.0000	1.0000	1.4602
48xy04	2	30	1	1	2.0000	1.0000	1.0000	0.2855	NaN	NaN	NaN	9324.9864	9325.3128	1.0000	1.0000	0.2674
48xy04	2	31	1	1	1.0000	1.0000	1.0000	NaN	0.2740	2.1672	14.5852	9328.0353	9328.3362	0.0000	0.0000	0.8192
48xy04	2	31	1	1	2.0000	1.0000	-1.0000	0.2588	NaN	NaN	NaN	9329.6985	9330.0237	0.0000	1.0000	1.3645
48xy04	2	32	1	1	1.0000	1.0000	1.0000	NaN	3.4558	2.1217	15.2203	9333.4412	9333.7422	1.0000	1.0000	0.2694
48xy04	2	32	1	1	2.0000	1.0000	1.0000	0.3869	NaN	NaN	NaN	9334.5302	9334.8567	1.0000	1.0000	0.0007
48xy04	2	33	1	1	1.0000	1.0000	-1.0000	NaN	0.9746	-0.9740	17.0620	9337.0951	9337.3962	0.0000	1.0000	0.8644
48xy04	2	33	1	1	2.0000	1.0000	1.0000	0.0642	NaN	NaN	NaN	9338.8023	9339.1293	1.0000	1.0000	0.7949
48xy04	2	34	1	1	1.0000	1.0000	1.0000	NaN	6.9281	7.0000	15.7655	9342.1024	9342.4041	1.0000	1.0000	0.3279
48xy04	2	34	1	1	2.0000	1.0000	1.0000	0.1221	NaN	NaN	NaN	9343.2743	9343.6010	1.0000	1.0000	0.2593
48xy04	2	35	1	1	1.0000	1.0000	-1.0000	NaN	2.9830	-2.7644	16.5153	9346.2438	9346.5449	0.0000	1.0000	0.4270
48xy04	2	35	1	1	2.0000	1.0000	1.0000	0.3805	NaN	NaN	NaN	9347.5303	9347.8567	1.0000	1.0000	0.2269
48xy04	2	36	1	1	1.0000	1.0000	-1.0000	NaN	7.8344	-6.9664	14.0535	9350.6014	9350.9023	0.0000	1.0000	0.2539
48xy04	2	36	1	1	2.0000	1.0000	1.0000	0.0407	NaN	NaN	NaN	9351.6824	9352.0070	1.0000	1.0000	0.1415
48xy04	2	37	1	1	1.0000	1.0000	-1.0000	NaN	7.0998	-6.4651	16.4553	9354.7677	9355.0687	0.0000	1.0000	0.2469
48xy04	2	37	1	1	2.0000	1.0000	1.0000	0.1375	NaN	NaN	NaN	9355.8343	9356.1606	1.0000	1.0000	0.2750
48xy04	2	38	1	1	1.0000	1.0000	1.0000	NaN	1.9672	1.6084	14.7768	9359.0712	9359.3722	0.0000	0.0000	1.6161
48xy04	2	38	1	1	2.0000	1.0000	-1.0000	0.1105	NaN	NaN	NaN	9361.5141	9361.8415	1.0000	0.0000	0.1141
48xy04	2	39	1	1	1.0000	1.0000	1.0000	NaN	4.8473	3.9299	14.9244	9364.4085	9364.7094	1.0000	1.0000	1.4547
48xy04	2	39	1	1	2.0000	1.0000	1.0000	0.1412	NaN	NaN	NaN	9366.6743	9367.0015	1.0000	1.0000	0.0021
48xy04	2	40	1	1	1.0000	1.0000	-1.0000	NaN	8.3615	-8.5001	15.0992	9369.2724	9369.5734	0.0000	1.0000	0.2703
48xy04	2	40	1	1	2.0000	1.0000	1.0000	0.3158	NaN	NaN	NaN	9370.3795	9370.7063	1.0000	1.0000	0.1780
48xy04	2	41	1	1	1.0000	1.0000	1.0000	NaN	3.1660	1.0621	15.6630	9373.1288	9373.4299	1.0000	1.0000	2.8463
48xy04	2	41	1	1	2.0000	1.0000	1.0000	0.3733	NaN	NaN	NaN	9376.8261	9377.1511	1.0000	1.0000	0.1809
48xy04	2	42	1	1	1.0000	1.0000	-1.0000	NaN	7.0916	-7.4781	13.7447	9379.5098	9379.8108	0.0000	1.0000	1.7129
48xy04	2	42	1	1	2.0000	1.0000	1.0000	0.0278	NaN	NaN	NaN	9382.0503	9382.3747	1.0000	1.0000	0.0007
48xy04	2	43	1	1	1.0000	1.0000	1.0000	NaN	4.8005	4.5755	14.9884	9384.4744	9384.7754	1.0000	1.0000	0.6208
48xy04	2	43	1	1	2.0000	1.0000	1.0000	0.3718	NaN	NaN	NaN	9385.9304	9386.2570	1.0000	1.0000	0.1153
48xy04	2	44	1	1	1.0000	1.0000	1.0000	NaN	5.3537	5.9333	13.7894	9388.6830	9388.9841	1.0000	1.0000	3.1479
48xy04	2	44	1	1	2.0000	1.0000	1.0000	0.1167	NaN	NaN	NaN	9392.6984	9393.0253	1.0000	1.0000	0.0432
48xy04	2	45	1	1	1.0000	1.0000	-1.0000	NaN	7.9424	-8.5843	14.6205	9395.4869	9395.7879	0.0000	1.0000	1.1436
48xy04	2	45	1	1	2.0000	1.0000	1.0000	0.3351	NaN	NaN	NaN	9397.4747	9397.8023	1.0000	1.0000	0.0006
48xy04	2	46	1	1	1.0000	1.0000	-1.0000	NaN	7.8554	-7.6486	14.9439	9399.6557	9399.9566	0.0000	1.0000	0.2637
48xy04	2	46	1	1	2.0000	1.0000	1.0000	0.3873	NaN	NaN	NaN	9400.7546	9401.0803	1.0000	1.0000	0.0006
48xy04	2	47	1	1	1.0000	1.0000	-1.0000	NaN	4.9231	-4.3287	16.1273	9403.2469	9403.5480	0.0000	1.0000	0.3522
48xy04	2	47	1	1	2.0000	1.0000	1.0000	0.2043	NaN	NaN	NaN	9404.4261	9404.7522	1.0000	1.0000	0.0278
48xy04	2	48	1	1	1.0000	1.0000	1.0000	NaN	6.5588	7.9102	15.8394	9407.1077	9407.4086	1.0000	1.0000	0.3554
48xy04	2	48	1	1	2.0000	1.0000	1.0000	0.3195	NaN	NaN	NaN	9408.3152	9408.6403	1.0000	1.0000	0.2199
48xy04	2	49	1	1	1.0000	1.0000	1.0000	NaN	2.3073	1.7197	13.9344	9410.7468	9411.0480	0.0000	0.0000	0.6843
48xy04	2	49	1	1	2.0000	1.0000	-1.0000	0.4009	NaN	NaN	NaN	9412.2825	9412.6086	1.0000	0.0000	0.0029
48xy04	2	50	1	1	1.0000	1.0000	1.0000	NaN	5.6240	5.2414	15.1367	9414.5316	9414.8327	1.0000	1.0000	0.3155
48xy04	2	50	1	1	2.0000	1.0000	1.0000	0.0634	NaN	NaN	NaN	9415.6585	9415.9840	1.0000	1.0000	0.1882
48xy04	3	1	1	1	1.0000	1.0000	1.0000	NaN	7.0064	5.5699	14.2217	9420.8712	9421.1721	1.0000	1.0000	0.4715
48xy04	3	1	1	1	2.0000	1.0000	1.0000	0.3581	NaN	NaN	NaN	9422.1942	9422.5202	1.0000	1.0000	0.0007
48xy04	3	2	1	1	1.0000	1.0000	1.0000	NaN	1.1828	1.3945	14.7453	9424.3329	9424.6340	0.0000	0.0000	0.7056
48xy04	3	2	1	1	2.0000	1.0000	-1.0000	0.3765	NaN	NaN	NaN	9425.8822	9426.2098	1.0000	0.0000	0.2583
48xy04	3	3	1	1	1.0000	1.0000	1.0000	NaN	2.4063	0.5949	15.1394	9428.6921	9428.9931	1.0000	1.0000	2.6189
48xy04	3	3	1	1	2.0000	1.0000	1.0000	0.1568	NaN	NaN	NaN	9432.1627	9432.4891	1.0000	1.0000	0.0271
48xy04	3	4	1	1	1.0000	1.0000	1.0000	NaN	7.5384	7.9655	15.5202	9434.5358	9434.8368	1.0000	1.0000	0.2487
48xy04	3	4	1	1	2.0000	1.0000	1.0000	0.0293	NaN	NaN	NaN	9435.6025	9435.9293	1.0000	1.0000	0.1389
48xy04	3	5	1	1	1.0000	1.0000	1.0000	NaN	2.2850	2.4983	15.5904	9438.1625	9438.4635	1.0000	1.0000	1.2439
48xy04	3	5	1	1	2.0000	1.0000	1.0000	0.0626	NaN	NaN	NaN	9440.2902	9440.6164	1.0000	1.0000	0.1320
48xy04	3	6	1	1	1.0000	1.0000	1.0000	NaN	6.5784	6.2473	15.4035	9442.9349	9443.2359	1.0000	1.0000	0.2323
48xy04	3	6	1	1	2.0000	1.0000	1.0000	0.2079	NaN	NaN	NaN	9443.9865	9444.3132	1.0000	1.0000	0.1144
48xy04	3	7	1	1	1.0000	1.0000	1.0000	NaN	0.3151	1.0232	15.1603	9446.6661	9446.9671	1.0000	1.0000	0.3571
48xy04	3	7	1	1	2.0000	1.0000	1.0000	0.0816	NaN	NaN	NaN	9447.8340	9448.1625	1.0000	1.0000	0.1379
48xy04	3	8	1	1	1.0000	1.0000	-1.0000	NaN	6.7401	-7.6265	15.6988	9450.4110	9450.7120	0.0000	1.0000	0.2602
48xy04	3	8	1	1	2.0000	1.0000	1.0000	0.1357	NaN	NaN	NaN	9451.5082	9451.8342	1.0000	1.0000	0.2501
48xy04	3	9	1	1	1.0000	1.0000	-1.0000	NaN	5.6674	-4.1439	15.4080	9454.5278	9454.8288	1.0000	0.0000	1.6388
48xy04	3	9	1	1	2.0000	1.0000	-1.0000	0.2440	NaN	NaN	NaN	9457.0103	9457.3376	1.0000	0.0000	0.1944
48xy04	3	10	1	1	1.0000	1.0000	1.0000	NaN	1.6330	2.0207	14.7098	9459.5344	9459.8353	1.0000	1.0000	0.8247
48xy04	3	10	1	1	2.0000	1.0000	1.0000	0.2526	NaN	NaN	NaN	9461.1704	9461.4966	1.0000	1.0000	0.0007
48xy04	3	11	1	1	1.0000	1.0000	-1.0000	NaN	3.2394	-3.8254	15.1694	9463.8793	9464.1803	0.0000	1.0000	0.5518
48xy04	3	11	1	1	2.0000	1.0000	1.0000	0.3633	NaN	NaN	NaN	9465.2903	9465.6168	1.0000	1.0000	0.2992
48xy04	3	12	1	1	1.0000	1.0000	-1.0000	NaN	0.5281	-1.1288	15.0992	9467.7282	9468.0292	0.0000	1.0000	0.5586
48xy04	3	12	1	1	2.0000	1.0000	1.0000	0.3413	NaN	NaN	NaN	9469.1065	9469.4333	1.0000	1.0000	0.0273
48xy04	3	13	1	1	1.0000	1.0000	-1.0000	NaN	0.3160	-0.7855	13.9066	9471.2967	9471.5977	0.0000	1.0000	0.4298
48xy04	3	13	1	1	2.0000	1.0000	1.0000	0.0093	NaN	NaN	NaN	9472.5622	9472.8874	1.0000	1.0000	0.1727
48xy04	3	14	1	1	1.0000	1.0000	-1.0000	NaN	7.7920	-6.3747	14.7650	9475.1559	9475.4569	1.0000	0.0000	1.0352
48xy04	3	14	1	1	2.0000	1.0000	-1.0000	0.2513	NaN	NaN	NaN	9477.0022	9477.3277	1.0000	0.0000	0.0007
48xy04	3	15	1	1	1.0000	1.0000	1.0000	NaN	4.0168	1.8493	15.1498	9479.9040	9480.2050	1.0000	1.0000	2.7192
48xy04	3	15	1	1	2.0000	1.0000	1.0000	0.0714	NaN	NaN	NaN	9483.4745	9483.7998	1.0000	1.0000	0.2132
48xy04	3	16	1	1	1.0000	1.0000	-1.0000	NaN	1.1767	-1.5687	14.8736	9486.4742	9486.7752	1.0000	0.0000	0.3186
48xy04	3	16	1	1	2.0000	1.0000	-1.0000	0.2949	NaN	NaN	NaN	9487.6663	9487.9933	1.0000	0.0000	0.0664
48xy04	3	17	1	1	1.0000	1.0000	1.0000	NaN	4.1197	3.5784	15.3342	9490.2518	9490.5528	1.0000	1.0000	3.5954
48xy04	3	17	1	1	2.0000	1.0000	1.0000	0.0363	NaN	NaN	NaN	9494.6981	9495.0254	1.0000	1.0000	0.0006
48xy04	3	18	1	1	1.0000	1.0000	1.0000	NaN	3.7454	2.3527	15.5544	9497.1855	9497.4865	1.0000	1.0000	0.9818
48xy04	3	18	1	1	2.0000	1.0000	1.0000	0.2921	NaN	NaN	NaN	9499.0100	9499.3362	1.0000	1.0000	0.1321
48xy04	3	19	1	1	1.0000	1.0000	-1.0000	NaN	5.6362	-5.3824	14.8085	9501.5367	9501.8376	0.0000	1.0000	0.4387
48xy04	3	19	1	1	2.0000	1.0000	1.0000	0.1504	NaN	NaN	NaN	9502.8182	9503.1433	1.0000	1.0000	0.2202
48xy04	3	20	1	1	1.0000	1.0000	-1.0000	NaN	7.8679	-8.7905	14.8396	9505.3752	9505.6762	0.0000	1.0000	0.4641
48xy04	3	20	1	1	2.0000	1.0000	1.0000	0.1109	NaN	NaN	NaN	9506.6902	9507.0149	1.0000	1.0000	0.2052
48xy04	3	21	1	1	1.0000	1.0000	1.0000	NaN	2.2631	3.5863	15.6753	9509.6063	9509.9072	1.0000	1.0000	0.6567
48xy04	3	21	1	1	2.0000	1.0000	1.0000	0.3425	NaN	NaN	NaN	9511.0751	9511.4011	1.0000	1.0000	0.1151
48xy04	3	22	1	1	1.0000	1.0000	1.0000	NaN	5.2481	3.7983	15.2459	9514.1435	9514.4447	1.0000	1.0000	1.3675
48xy04	3	22	1	1	2.0000	1.0000	1.0000	0.0609	NaN	NaN	NaN	9516.3542	9516.6803	1.0000	1.0000	0.1480
48xy04	3	23	1	1	1.0000	1.0000	1.0000	NaN	6.8538	5.8563	16.2988	9519.3964	9519.6974	1.0000	1.0000	1.5627
48xy04	3	23	1	1	2.0000	1.0000	1.0000	0.3484	NaN	NaN	NaN	9521.7944	9522.1206	1.0000	1.0000	0.0275
48xy04	3	24	1	1	1.0000	1.0000	-1.0000	NaN	8.1426	-5.0754	14.5141	9524.6155	9524.9165	0.0000	1.0000	1.6871
48xy04	3	24	1	1	2.0000	1.0000	1.0000	0.1670	NaN	NaN	NaN	9527.1467	9527.4720	1.0000	1.0000	0.4042
48xy04	3	25	1	1	1.0000	1.0000	-1.0000	NaN	0.5015	-0.4212	14.7995	9529.8383	9530.1394	1.0000	0.0000	3.0487
48xy04	3	25	1	1	2.0000	1.0000	-1.0000	0.2654	NaN	NaN	NaN	9533.6991	9534.0257	1.0000	0.0000	0.0006
48xy04	3	26	1	1	1.0000	1.0000	1.0000	NaN	4.6193	2.7941	15.0521	9536.2572	9536.5584	1.0000	1.0000	0.6700
48xy04	3	26	1	1	2.0000	1.0000	1.0000	0.3807	NaN	NaN	NaN	9537.7382	9538.0649	1.0000	1.0000	0.1874
48xy04	3	27	1	1	1.0000	1.0000	1.0000	NaN	7.9081	6.3152	14.5252	9540.6646	9540.9656	1.0000	1.0000	0.3987
48xy04	3	27	1	1	2.0000	1.0000	1.0000	0.3702	NaN	NaN	NaN	9541.9305	9542.2552	1.0000	1.0000	0.0048
48xy04	3	28	1	1	1.0000	1.0000	1.0000	NaN	4.9632	3.2046	15.9985	9544.9361	9545.2371	0.0000	0.0000	1.0550
48xy04	3	28	1	1	2.0000	1.0000	-1.0000	0.1211	NaN	NaN	NaN	9546.8264	9547.1530	1.0000	0.0000	0.1627
48xy04	3	29	1	1	1.0000	1.0000	-1.0000	NaN	6.4431	-5.1401	14.6422	9549.8359	9550.1372	0.0000	1.0000	0.5551
48xy04	3	29	1	1	2.0000	1.0000	1.0000	0.4103	NaN	NaN	NaN	9551.2340	9551.5591	1.0000	1.0000	0.1325
48xy04	3	30	1	1	1.0000	1.0000	-1.0000	NaN	0.9121	-0.3004	15.4142	9553.6024	9553.9035	1.0000	0.0000	1.2039
48xy04	3	30	1	1	2.0000	1.0000	-1.0000	0.3138	NaN	NaN	NaN	9555.6666	9555.9910	1.0000	0.0000	0.1576
48xy04	3	31	1	1	1.0000	1.0000	-1.0000	NaN	3.8483	-4.1114	14.1294	9558.8333	9559.1342	0.0000	1.0000	0.3020
48xy04	3	31	1	1	2.0000	1.0000	1.0000	0.2146	NaN	NaN	NaN	9559.9624	9560.2882	1.0000	1.0000	0.2760
48xy04	3	32	1	1	1.0000	1.0000	-1.0000	NaN	6.8399	-4.0013	15.6933	9562.5256	9562.8266	0.0000	1.0000	0.2736
48xy04	3	32	1	1	2.0000	1.0000	1.0000	0.0183	NaN	NaN	NaN	9563.6267	9563.9516	1.0000	1.0000	0.1564
48xy04	3	33	1	1	1.0000	1.0000	-1.0000	NaN	4.4426	-4.9482	16.0173	9566.2024	9566.5034	0.0000	1.0000	0.2929
48xy04	3	33	1	1	2.0000	1.0000	1.0000	0.1732	NaN	NaN	NaN	9567.3225	9567.6492	1.0000	1.0000	0.1944
48xy04	3	34	1	1	1.0000	1.0000	1.0000	NaN	2.2368	3.6804	15.2816	9569.6554	9569.9565	1.0000	1.0000	1.1839
48xy04	3	34	1	1	2.0000	1.0000	1.0000	0.2749	NaN	NaN	NaN	9571.6501	9571.9770	1.0000	1.0000	0.0034
48xy04	3	35	1	1	1.0000	1.0000	-1.0000	NaN	8.0190	-7.1286	15.5638	9574.3240	9574.6255	0.0000	1.0000	0.2428
48xy04	3	35	1	1	2.0000	1.0000	1.0000	0.3790	NaN	NaN	NaN	9575.3951	9575.7220	1.0000	1.0000	0.1543
48xy04	3	36	1	1	1.0000	1.0000	1.0000	NaN	5.7106	5.3783	16.4610	9577.9536	9578.2546	1.0000	1.0000	0.2537
48xy04	3	36	1	1	2.0000	1.0000	1.0000	0.0873	NaN	NaN	NaN	9579.0347	9579.3615	1.0000	1.0000	0.1630
48xy04	3	37	1	1	1.0000	1.0000	-1.0000	NaN	4.3969	-5.1696	16.1832	9581.5101	9581.8110	0.0000	1.0000	0.2331
48xy04	3	37	1	1	2.0000	1.0000	1.0000	0.2301	NaN	NaN	NaN	9582.5941	9582.9193	1.0000	1.0000	0.1090
48xy04	3	38	1	1	1.0000	1.0000	-1.0000	NaN	5.6372	-4.8021	14.4572	9585.6958	9585.9968	0.0000	1.0000	0.2953
48xy04	3	38	1	1	2.0000	1.0000	1.0000	0.1569	NaN	NaN	NaN	9586.8344	9587.1607	1.0000	1.0000	2.5554
48xy04	3	39	1	1	1.0000	1.0000	1.0000	NaN	0.1532	2.2417	14.2947	9592.1859	9592.4874	1.0000	1.0000	0.1970
48xy04	3	39	1	1	2.0000	1.0000	1.0000	0.1864	NaN	NaN	NaN	9593.2185	9593.5452	1.0000	1.0000	0.0007
48xy04	3	40	1	1	1.0000	1.0000	-1.0000	NaN	5.0431	-3.4290	16.8431	9595.7254	9596.0264	0.0000	1.0000	0.1777
48xy04	3	40	1	1	2.0000	1.0000	1.0000	0.4079	NaN	NaN	NaN	9596.7302	9597.0577	1.0000	1.0000	0.0424
48xy04	3	41	1	1	1.0000	1.0000	1.0000	NaN	3.3192	5.1967	15.2846	9599.2876	9599.5890	1.0000	1.0000	0.2951
48xy04	3	41	1	1	2.0000	1.0000	1.0000	0.0189	NaN	NaN	NaN	9600.4183	9600.7439	1.0000	1.0000	2.7802
48xy04	3	42	1	1	1.0000	1.0000	1.0000	NaN	0.9693	1.8787	15.7404	9605.4782	9605.7796	1.0000	1.0000	0.3608
48xy04	3	42	1	1	2.0000	1.0000	1.0000	0.2820	NaN	NaN	NaN	9606.6263	9606.9520	1.0000	1.0000	0.1555
48xy04	3	43	1	1	1.0000	1.0000	1.0000	NaN	7.3659	7.4878	14.5926	9609.5109	9609.8122	1.0000	1.0000	0.1837
48xy04	3	43	1	1	2.0000	1.0000	1.0000	0.3921	NaN	NaN	NaN	9610.5466	9610.8719	1.0000	1.0000	0.4361
48xy04	3	44	1	1	1.0000	1.0000	-1.0000	NaN	1.7947	-1.0605	13.6516	9613.3019	9613.6029	1.0000	0.0000	0.2491
48xy04	3	44	1	1	2.0000	1.0000	-1.0000	0.1490	NaN	NaN	NaN	9614.3945	9614.7201	1.0000	0.0000	0.2360
48xy04	3	45	1	1	1.0000	1.0000	-1.0000	NaN	0.2043	-0.4776	15.4973	9617.4454	9617.7464	0.0000	1.0000	0.9052
48xy04	3	45	1	1	2.0000	1.0000	1.0000	0.2492	NaN	NaN	NaN	9619.1697	9619.4956	1.0000	1.0000	0.9000
48xy04	3	46	1	1	1.0000	1.0000	1.0000	NaN	5.2833	5.3661	14.6174	9622.7752	9623.0761	0.0000	0.0000	0.5920
48xy04	3	46	1	1	2.0000	1.0000	-1.0000	0.2145	NaN	NaN	NaN	9624.1942	9624.5221	0.0000	1.0000	2.8740
48xy04	3	47	1	1	1.0000	1.0000	1.0000	NaN	6.1740	7.1634	15.1277	9629.7748	9630.0758	1.0000	1.0000	0.2486
48xy04	3	47	1	1	2.0000	1.0000	1.0000	0.1784	NaN	NaN	NaN	9630.8503	9631.1777	1.0000	1.0000	0.0904
48xy04	3	48	1	1	1.0000	1.0000	-1.0000	NaN	5.1818	-5.4373	14.2702	9633.5711	9633.8720	1.0000	0.0000	1.8034
48xy04	3	48	1	1	2.0000	1.0000	-1.0000	0.1496	NaN	NaN	NaN	9636.2024	9636.5283	1.0000	0.0000	0.0607
48xy04	3	49	1	1	1.0000	1.0000	1.0000	NaN	3.5518	2.1238	15.2221	9638.6152	9638.9164	1.0000	1.0000	0.3031
48xy04	3	49	1	1	2.0000	1.0000	1.0000	0.2785	NaN	NaN	NaN	9639.7544	9640.0790	1.0000	1.0000	0.1653
48xy04	3	50	1	1	1.0000	1.0000	1.0000	NaN	4.8604	6.2712	14.9592	9642.5641	9642.8653	1.0000	1.0000	0.2502
48xy04	3	50	1	1	2.0000	1.0000	1.0000	0.2326	NaN	NaN	NaN	9643.7144	9644.0405	1.0000	1.0000	0.0916
48xy04	4	1	1	1	1.0000	1.0000	1.0000	NaN	0.3680	0.9996	14.7500	9678.6289	9678.9299	1.0000	1.0000	1.0583
48xy04	4	1	1	1	2.0000	1.0000	1.0000	0.2058	NaN	NaN	NaN	9680.4906	9680.8189	1.0000	1.0000	2.5452
48xy04	4	2	1	1	1.0000	1.0000	1.0000	NaN	2.5174	3.4362	14.5604	9685.6496	9685.9509	1.0000	1.0000	0.4207
48xy04	4	2	1	1	2.0000	1.0000	1.0000	0.2709	NaN	NaN	NaN	9686.8982	9687.2239	1.0000	1.0000	0.0844
48xy04	4	3	1	1	1.0000	1.0000	-1.0000	NaN	4.4722	-4.9944	15.6923	9689.5689	9689.8698	0.0000	1.0000	0.2381
48xy04	4	3	1	1	2.0000	1.0000	1.0000	0.2897	NaN	NaN	NaN	9690.6666	9690.9910	1.0000	1.0000	0.0007
48xy04	4	4	1	1	1.0000	1.0000	1.0000	NaN	7.9586	9.1126	14.1827	9693.1353	9693.4363	1.0000	1.0000	0.2312
48xy04	4	4	1	1	2.0000	1.0000	1.0000	0.3247	NaN	NaN	NaN	9694.1864	9694.5123	1.0000	1.0000	0.0116
48xy04	4	5	1	1	1.0000	1.0000	1.0000	NaN	6.6766	6.0805	15.6423	9696.7685	9697.0695	1.0000	1.0000	0.1900
48xy04	4	5	1	1	2.0000	1.0000	1.0000	0.3932	NaN	NaN	NaN	9697.7944	9698.1207	1.0000	1.0000	0.0116
48xy04	4	6	1	1	1.0000	1.0000	-1.0000	NaN	4.5963	-4.4995	15.0273	9700.0608	9700.3618	0.0000	1.0000	0.1935
48xy04	4	6	1	1	2.0000	1.0000	1.0000	0.1928	NaN	NaN	NaN	9701.1383	9701.4638	1.0000	1.0000	0.2684
48xy04	4	7	1	1	1.0000	1.0000	1.0000	NaN	6.5118	7.1537	17.1898	9703.9595	9704.2604	1.0000	1.0000	0.1590
48xy04	4	7	1	1	2.0000	1.0000	1.0000	0.1196	NaN	NaN	NaN	9704.9382	9705.2636	1.0000	1.0000	0.0529
48xy04	4	8	1	1	1.0000	1.0000	-1.0000	NaN	0.2403	-0.6975	14.3043	9707.4526	9707.7535	0.0000	1.0000	0.6666
48xy04	4	8	1	1	2.0000	1.0000	1.0000	0.0228	NaN	NaN	NaN	9709.0105	9709.3365	1.0000	1.0000	0.0117
48xy04	4	9	1	1	1.0000	1.0000	1.0000	NaN	2.5054	2.2939	15.9638	9711.1994	9711.5004	1.0000	1.0000	0.2079
48xy04	4	9	1	1	2.0000	1.0000	1.0000	0.0071	NaN	NaN	NaN	9712.2263	9712.5530	1.0000	1.0000	0.2347
48xy04	4	10	1	1	1.0000	1.0000	1.0000	NaN	5.8245	8.6358	13.5568	9714.9485	9715.2495	1.0000	1.0000	0.1547
48xy04	4	10	1	1	2.0000	1.0000	1.0000	0.1472	NaN	NaN	NaN	9715.9304	9716.2568	1.0000	1.0000	0.1393
48xy04	4	11	1	1	1.0000	1.0000	-1.0000	NaN	7.6843	-10.1911	15.5826	9718.3141	9718.6152	0.0000	1.0000	0.2449
48xy04	4	11	1	1	2.0000	1.0000	1.0000	0.3954	NaN	NaN	NaN	9719.4029	9719.7280	1.0000	1.0000	0.2033
48xy04	4	12	1	1	1.0000	1.0000	1.0000	NaN	4.7420	3.0889	14.5834	9722.0584	9722.3595	1.0000	1.0000	0.1248
48xy04	4	12	1	1	2.0000	1.0000	1.0000	0.0476	NaN	NaN	NaN	9722.9945	9723.3191	1.0000	1.0000	0.1162
48xy04	4	13	1	1	1.0000	1.0000	-1.0000	NaN	3.2260	-3.8583	15.1230	9725.4324	9725.7334	0.0000	1.0000	0.2547
48xy04	4	13	1	1	2.0000	1.0000	1.0000	0.0762	NaN	NaN	NaN	9726.5304	9726.8576	1.0000	1.0000	0.0426
48xy04	4	14	1	1	1.0000	1.0000	1.0000	NaN	7.0731	8.1360	15.6870	9729.4428	9729.7438	1.0000	1.0000	0.2043
48xy04	4	14	1	1	2.0000	1.0000	1.0000	0.1416	NaN	NaN	NaN	9730.4583	9730.7848	1.0000	1.0000	0.0508
48xy04	4	15	1	1	1.0000	1.0000	1.0000	NaN	7.4892	7.3754	16.4440	9733.1298	9733.4308	1.0000	1.0000	0.1893
48xy04	4	15	1	1	2.0000	1.0000	1.0000	0.1585	NaN	NaN	NaN	9734.1545	9734.4811	1.0000	1.0000	0.6350
48xy04	4	16	1	1	1.0000	1.0000	-1.0000	NaN	1.1102	-0.1075	14.2215	9737.3440	9737.6449	1.0000	0.0000	1.1992
48xy04	4	16	1	1	2.0000	1.0000	-1.0000	0.1745	NaN	NaN	NaN	9739.3700	9739.6968	1.0000	0.0000	0.0193
48xy04	4	17	1	1	1.0000	1.0000	-1.0000	NaN	4.3560	-2.4250	17.0451	9741.6533	9741.9543	0.0000	1.0000	0.5217
48xy04	4	17	1	1	2.0000	1.0000	1.0000	0.3740	NaN	NaN	NaN	9743.0342	9743.3600	1.0000	1.0000	0.0007
48xy04	4	18	1	1	1.0000	1.0000	1.0000	NaN	5.7649	6.3937	13.5579	9745.8262	9746.1272	1.0000	1.0000	0.1966
48xy04	4	18	1	1	2.0000	1.0000	1.0000	0.0136	NaN	NaN	NaN	9746.8503	9747.1760	1.0000	1.0000	0.0521
48xy04	4	19	1	1	1.0000	1.0000	-1.0000	NaN	7.8167	-7.2211	15.8319	9749.7468	9750.0477	0.0000	1.0000	0.2036
48xy04	4	19	1	1	2.0000	1.0000	1.0000	0.3182	NaN	NaN	NaN	9750.7945	9751.1203	1.0000	1.0000	0.0279
48xy04	4	20	1	1	1.0000	1.0000	1.0000	NaN	8.3018	7.3236	15.5921	9753.2180	9753.5190	1.0000	1.0000	0.1974
48xy04	4	20	1	1	2.0000	1.0000	1.0000	0.2262	NaN	NaN	NaN	9754.2350	9754.5612	1.0000	1.0000	0.1788
48xy04	4	21	1	1	1.0000	1.0000	1.0000	NaN	6.7091	6.6779	15.9779	9756.7920	9757.0929	1.0000	1.0000	1.1591
48xy04	4	21	1	1	2.0000	1.0000	1.0000	0.2588	NaN	NaN	NaN	9758.7709	9759.0960	1.0000	1.0000	0.0007
48xy04	4	22	1	1	1.0000	1.0000	-1.0000	NaN	5.9500	-6.7651	15.3194	9761.1710	9761.4720	0.0000	1.0000	0.3325
48xy04	4	22	1	1	2.0000	1.0000	1.0000	0.2975	NaN	NaN	NaN	9762.3543	9762.6816	1.0000	1.0000	0.1619
48xy04	4	23	1	1	1.0000	1.0000	1.0000	NaN	3.1496	4.2410	14.0872	9765.1467	9765.4478	1.0000	1.0000	0.4043
48xy04	4	23	1	1	2.0000	1.0000	1.0000	0.2555	NaN	NaN	NaN	9766.3782	9766.7040	1.0000	1.0000	0.2034
48xy04	4	24	1	1	1.0000	1.0000	-1.0000	NaN	5.4117	-5.1968	13.8278	9769.0185	9769.3200	0.0000	1.0000	0.4771
48xy04	4	24	1	1	2.0000	1.0000	1.0000	0.3582	NaN	NaN	NaN	9770.3384	9770.6658	1.0000	1.0000	0.0422
48xy04	4	25	1	1	1.0000	1.0000	-1.0000	NaN	8.3578	-5.5786	14.7020	9773.0437	9773.3447	0.0000	1.0000	0.2757
48xy04	4	25	1	1	2.0000	1.0000	1.0000	0.0719	NaN	NaN	NaN	9774.1623	9774.4895	1.0000	1.0000	0.0906
48xy04	4	26	1	1	1.0000	1.0000	-1.0000	NaN	1.3809	-1.6480	15.9707	9776.6480	9776.9492	0.0000	1.0000	2.6396
48xy04	4	26	1	1	2.0000	1.0000	1.0000	0.3837	NaN	NaN	NaN	9780.1382	9780.4643	1.0000	1.0000	0.0007
48xy04	4	27	1	1	1.0000	1.0000	-1.0000	NaN	0.9064	-0.1601	14.6952	9782.3913	9782.6922	0.0000	1.0000	0.7119
48xy04	4	27	1	1	2.0000	1.0000	1.0000	0.1033	NaN	NaN	NaN	9783.9223	9784.2485	1.0000	1.0000	0.7715
48xy04	4	28	1	1	1.0000	1.0000	-1.0000	NaN	5.5102	-5.6507	15.7490	9787.1568	9787.4578	0.0000	1.0000	0.4182
48xy04	4	28	1	1	2.0000	1.0000	1.0000	0.2870	NaN	NaN	NaN	9788.4264	9788.7528	1.0000	1.0000	0.0007
48xy04	4	29	1	1	1.0000	1.0000	1.0000	NaN	5.1591	5.0788	14.8399	9791.0766	9791.3776	1.0000	1.0000	1.9305
48xy04	4	29	1	1	2.0000	1.0000	1.0000	0.1804	NaN	NaN	NaN	9793.8342	9794.1603	1.0000	1.0000	0.0358
48xy04	4	30	1	1	1.0000	1.0000	-1.0000	NaN	2.0711	-0.8240	14.8794	9796.5407	9796.8417	0.0000	1.0000	2.2426
48xy04	4	30	1	1	2.0000	1.0000	1.0000	0.2748	NaN	NaN	NaN	9799.6264	9799.9521	1.0000	1.0000	0.0678
48xy04	4	31	1	1	1.0000	1.0000	-1.0000	NaN	8.1043	-7.9950	13.5247	9802.2640	9802.5649	0.0000	1.0000	0.2954
48xy04	4	31	1	1	2.0000	1.0000	1.0000	0.3705	NaN	NaN	NaN	9803.3945	9803.7206	1.0000	1.0000	0.0436
48xy04	4	32	1	1	1.0000	1.0000	1.0000	NaN	1.1498	3.6294	14.8058	9806.1925	9806.4935	1.0000	1.0000	0.3108
48xy04	4	32	1	1	2.0000	1.0000	1.0000	0.3660	NaN	NaN	NaN	9807.3305	9807.6563	1.0000	1.0000	0.1711
48xy04	4	33	1	1	1.0000	1.0000	1.0000	NaN	4.8684	3.1297	14.9339	9809.7389	9810.0404	0.0000	0.0000	1.7159
48xy04	4	33	1	1	2.0000	1.0000	-1.0000	0.2400	NaN	NaN	NaN	9812.2905	9812.6174	1.0000	0.0000	0.2427
48xy04	4	34	1	1	1.0000	1.0000	1.0000	NaN	5.1314	5.3152	15.2553	9814.9375	9815.2385	1.0000	1.0000	0.5810
48xy04	4	34	1	1	2.0000	1.0000	1.0000	0.0731	NaN	NaN	NaN	9816.3622	9816.6885	1.0000	1.0000	0.0006
48xy04	4	35	1	1	1.0000	1.0000	-1.0000	NaN	1.9401	-2.8436	14.8391	9818.9483	9819.2492	1.0000	0.0000	1.1869
48xy04	4	35	1	1	2.0000	1.0000	-1.0000	0.1063	NaN	NaN	NaN	9820.9781	9821.3037	1.0000	0.0000	0.0006
48xy04	4	36	1	1	1.0000	1.0000	-1.0000	NaN	1.6246	-2.1404	15.4896	9823.5334	9823.8344	1.0000	0.0000	2.0730
48xy04	4	36	1	1	2.0000	1.0000	-1.0000	0.2289	NaN	NaN	NaN	9826.4584	9826.7855	1.0000	0.0000	0.0007
48xy04	4	37	1	1	1.0000	1.0000	-1.0000	NaN	5.9053	-6.5203	14.2789	9828.8760	9829.1773	0.0000	1.0000	0.5946
48xy04	4	37	1	1	2.0000	1.0000	1.0000	0.4102	NaN	NaN	NaN	9830.2982	9830.6226	1.0000	1.0000	0.0007
48xy04	4	38	1	1	1.0000	1.0000	1.0000	NaN	7.9495	7.9753	13.0855	9832.7736	9833.0747	1.0000	1.0000	0.3054
48xy04	4	38	1	1	2.0000	1.0000	1.0000	0.3861	NaN	NaN	NaN	9833.9073	9834.2327	1.0000	1.0000	0.0007
48xy04	4	39	1	1	1.0000	1.0000	1.0000	NaN	6.5128	9.1650	14.8798	9836.4654	9836.7668	1.0000	1.0000	0.4615
48xy04	4	39	1	1	2.0000	1.0000	1.0000	0.0464	NaN	NaN	NaN	9837.7465	9838.0732	1.0000	1.0000	0.0007
48xy04	4	40	1	1	1.0000	1.0000	-1.0000	NaN	2.4811	-3.4578	16.2964	9839.9810	9840.2820	0.0000	1.0000	2.4660
48xy04	4	40	1	1	2.0000	1.0000	1.0000	0.2312	NaN	NaN	NaN	9843.3062	9843.6330	1.0000	1.0000	0.0007
48xy04	4	41	1	1	1.0000	1.0000	1.0000	NaN	6.1482	6.8799	16.3037	9846.1224	9846.4234	1.0000	1.0000	0.2848
48xy04	4	41	1	1	2.0000	1.0000	1.0000	0.4020	NaN	NaN	NaN	9847.2344	9847.5628	1.0000	1.0000	0.0006
48xy04	4	42	1	1	1.0000	1.0000	-1.0000	NaN	7.2447	-6.4370	15.4923	9849.4515	9849.7525	0.0000	1.0000	2.1157
48xy04	4	42	1	1	2.0000	1.0000	1.0000	0.0387	NaN	NaN	NaN	9852.4188	9852.7438	1.0000	1.0000	0.5716
48xy04	4	43	1	1	1.0000	1.0000	-1.0000	NaN	6.2443	-5.8248	14.2371	9855.5014	9855.8024	0.0000	1.0000	0.2657
48xy04	4	43	1	1	2.0000	1.0000	1.0000	0.0238	NaN	NaN	NaN	9856.6179	9856.9420	1.0000	1.0000	0.0007
48xy04	4	44	1	1	1.0000	1.0000	-1.0000	NaN	2.0585	-1.4455	15.2447	9859.0609	9859.3618	0.0000	1.0000	0.4744
48xy04	4	44	1	1	2.0000	1.0000	1.0000	0.3065	NaN	NaN	NaN	9860.3708	9860.6993	1.0000	1.0000	0.0731
48xy04	4	45	1	1	1.0000	1.0000	-1.0000	NaN	1.4218	-0.4160	15.2101	9862.7567	9863.0578	0.0000	1.0000	2.0183
48xy04	4	45	1	1	2.0000	1.0000	1.0000	0.2982	NaN	NaN	NaN	9865.6423	9865.9668	1.0000	1.0000	0.0007
48xy04	4	46	1	1	1.0000	1.0000	1.0000	NaN	3.6308	5.8304	14.1912	9868.4161	9868.7172	0.0000	0.0000	3.1026
48xy04	4	46	1	1	2.0000	1.0000	-1.0000	0.0710	NaN	NaN	NaN	9872.3703	9872.6963	1.0000	0.0000	0.0006
48xy04	4	47	1	1	1.0000	1.0000	1.0000	NaN	6.2451	6.5022	15.1775	9874.6621	9874.9630	1.0000	1.0000	0.9133
48xy04	4	47	1	1	2.0000	1.0000	1.0000	0.0712	NaN	NaN	NaN	9876.3946	9876.7208	1.0000	1.0000	1.0833
48xy04	4	48	1	1	1.0000	1.0000	-1.0000	NaN	4.3252	-4.7250	13.2105	9880.1235	9880.4245	0.0000	1.0000	0.2670
48xy04	4	48	1	1	2.0000	1.0000	1.0000	0.2282	NaN	NaN	NaN	9881.2262	9881.5510	1.0000	1.0000	0.0007
48xy04	4	49	1	1	1.0000	1.0000	-1.0000	NaN	3.4480	-3.1097	14.9006	9883.4512	9883.7522	0.0000	1.0000	1.1476
48xy04	4	49	1	1	2.0000	1.0000	1.0000	0.3037	NaN	NaN	NaN	9885.4424	9885.7693	1.0000	1.0000	0.0008
48xy04	4	50	1	1	1.0000	1.0000	-1.0000	NaN	2.6907	-4.1743	14.7554	9888.0156	9888.3167	0.0000	1.0000	0.5833
48xy04	4	50	1	1	2.0000	1.0000	1.0000	0.3217	NaN	NaN	NaN	9889.4266	9889.7524	1.0000	1.0000	0.2357
48xy04	5	1	1	1	1.0000	1.0000	1.0000	NaN	0.4467	0.2315	15.4768	9898.2777	9898.5787	1.0000	1.0000	0.8729
48xy04	5	1	1	1	2.0000	1.0000	1.0000	0.1494	NaN	NaN	NaN	9900.0188	9900.3445	1.0000	1.0000	0.1877
48xy04	5	2	1	1	1.0000	1.0000	1.0000	NaN	4.7842	1.0637	14.4256	9902.7267	9903.0277	1.0000	1.0000	0.3997
48xy04	5	2	1	1	2.0000	1.0000	1.0000	0.1987	NaN	NaN	NaN	9903.9618	9904.2893	1.0000	1.0000	0.2181
48xy04	5	3	1	1	1.0000	1.0000	1.0000	NaN	0.1038	0.8988	15.5011	9907.1514	9907.4524	1.0000	1.0000	0.4155
48xy04	5	3	1	1	2.0000	1.0000	1.0000	0.2925	NaN	NaN	NaN	9908.4352	9908.7594	1.0000	1.0000	0.2760
48xy04	5	4	1	1	1.0000	1.0000	1.0000	NaN	1.0884	2.9549	14.2113	9911.3702	9911.6712	0.0000	0.0000	0.8450
48xy04	5	4	1	1	2.0000	1.0000	-1.0000	0.0018	NaN	NaN	NaN	9913.0500	9913.3789	1.0000	0.0000	0.2732
48xy04	5	5	1	1	1.0000	1.0000	-1.0000	NaN	0.5316	-0.1180	14.7349	9916.0602	9916.3611	1.0000	0.0000	0.3948
48xy04	5	5	1	1	2.0000	1.0000	-1.0000	0.2242	NaN	NaN	NaN	9917.3066	9917.6320	1.0000	0.0000	0.2359
48xy04	5	6	1	1	1.0000	1.0000	1.0000	NaN	7.4010	7.4207	14.2050	9920.0361	9920.3372	1.0000	1.0000	2.3949
48xy04	5	6	1	1	2.0000	1.0000	1.0000	0.0750	NaN	NaN	NaN	9923.2501	9923.5783	1.0000	1.0000	0.0007
48xy04	5	7	1	1	1.0000	1.0000	1.0000	NaN	6.1502	5.2091	14.8251	9925.5841	9925.8851	1.0000	1.0000	1.6471
48xy04	5	7	1	1	2.0000	1.0000	1.0000	0.3565	NaN	NaN	NaN	9928.0904	9928.4169	1.0000	1.0000	0.0034
48xy04	5	8	1	1	1.0000	1.0000	1.0000	NaN	6.2624	6.5671	15.1588	9930.5567	9930.8576	1.0000	1.0000	0.3466
48xy04	5	8	1	1	2.0000	1.0000	1.0000	0.3760	NaN	NaN	NaN	9931.7465	9932.0752	1.0000	1.0000	0.0408
48xy04	5	9	1	1	1.0000	1.0000	1.0000	NaN	7.4779	7.9446	14.4301	9934.2077	9934.5086	1.0000	1.0000	0.7912
48xy04	5	9	1	1	2.0000	1.0000	1.0000	0.1728	NaN	NaN	NaN	9935.8345	9936.1608	1.0000	1.0000	0.1786
48xy04	5	10	1	1	1.0000	1.0000	-1.0000	NaN	5.8407	-6.6544	14.5366	9938.5503	9938.8513	0.0000	1.0000	0.2888
48xy04	5	10	1	1	2.0000	1.0000	1.0000	0.1089	NaN	NaN	NaN	9939.6746	9940.0005	1.0000	1.0000	0.2434
48xy04	5	11	1	1	1.0000	1.0000	-1.0000	NaN	6.5740	-6.6211	13.9925	9942.5191	9942.8201	0.0000	1.0000	0.6878
48xy04	5	11	1	1	2.0000	1.0000	1.0000	0.3391	NaN	NaN	NaN	9944.0347	9944.3622	1.0000	1.0000	0.0737
48xy04	5	12	1	1	1.0000	1.0000	1.0000	NaN	5.8783	6.4102	14.7197	9946.6040	9946.9050	1.0000	1.0000	0.4510
48xy04	5	12	1	1	2.0000	1.0000	1.0000	0.1387	NaN	NaN	NaN	9947.8983	9948.2236	1.0000	1.0000	0.1242
48xy04	5	13	1	1	1.0000	1.0000	-1.0000	NaN	0.2952	-2.0911	14.8335	9951.0017	9951.3027	1.0000	0.0000	0.3251
48xy04	5	13	1	1	2.0000	1.0000	-1.0000	0.0301	NaN	NaN	NaN	9952.1859	9952.5109	1.0000	0.0000	0.2205
48xy04	5	14	1	1	1.0000	1.0000	-1.0000	NaN	1.1398	-0.9834	15.4232	9954.8835	9955.1847	0.0000	1.0000	0.4826
48xy04	5	14	1	1	2.0000	1.0000	1.0000	0.0362	NaN	NaN	NaN	9956.2021	9956.5281	1.0000	1.0000	0.1479
48xy04	5	15	1	1	1.0000	1.0000	-1.0000	NaN	6.7717	-5.6088	16.1819	9959.1595	9959.4605	0.0000	1.0000	0.3275
48xy04	5	15	1	1	2.0000	1.0000	1.0000	0.2999	NaN	NaN	NaN	9960.3222	9960.6470	1.0000	1.0000	0.1170
48xy04	5	16	1	1	1.0000	1.0000	-1.0000	NaN	4.5533	-2.0916	15.2962	9963.3409	9963.6419	0.0000	1.0000	1.0175
48xy04	5	16	1	1	2.0000	1.0000	1.0000	0.3427	NaN	NaN	NaN	9965.1940	9965.5201	1.0000	1.0000	0.1799
48xy04	5	17	1	1	1.0000	1.0000	1.0000	NaN	2.1908	1.6706	15.8920	9967.9841	9968.2851	0.0000	0.0000	1.0872
48xy04	5	17	1	1	2.0000	1.0000	-1.0000	0.2161	NaN	NaN	NaN	9969.8902	9970.2159	1.0000	0.0000	0.3235
48xy04	5	18	1	1	1.0000	1.0000	1.0000	NaN	5.8022	7.1456	15.0636	9972.7235	9973.0245	1.0000	1.0000	0.2429
48xy04	5	18	1	1	2.0000	1.0000	1.0000	0.1661	NaN	NaN	NaN	9973.8264	9974.1547	1.0000	1.0000	0.1376
48xy04	5	19	1	1	1.0000	1.0000	1.0000	NaN	2.3476	3.7484	15.5395	9976.6442	9976.9452	1.0000	1.0000	0.9302
48xy04	5	19	1	1	2.0000	1.0000	1.0000	0.2129	NaN	NaN	NaN	9978.4261	9978.7531	1.0000	1.0000	0.2028
48xy04	5	20	1	1	1.0000	1.0000	1.0000	NaN	0.8315	0.5288	14.7957	9981.0997	9981.4006	0.0000	0.0000	0.5308
48xy04	5	20	1	1	2.0000	1.0000	-1.0000	0.0839	NaN	NaN	NaN	9982.4662	9982.7926	1.0000	0.0000	0.1715
48xy04	5	21	1	1	1.0000	1.0000	-1.0000	NaN	5.3837	-5.8314	16.7556	9985.1321	9985.4333	0.0000	1.0000	0.3630
48xy04	5	21	1	1	2.0000	1.0000	1.0000	0.2864	NaN	NaN	NaN	9986.3146	9986.6394	1.0000	1.0000	0.2447
48xy04	5	22	1	1	1.0000	1.0000	-1.0000	NaN	0.9352	-0.0181	13.6943	9988.9849	9989.2858	1.0000	0.0000	0.7975
48xy04	5	22	1	1	2.0000	1.0000	-1.0000	0.0020	NaN	NaN	NaN	9990.6344	9990.9615	1.0000	0.0000	0.2265
48xy04	5	23	1	1	1.0000	1.0000	-1.0000	NaN	2.6419	-4.1586	14.2823	9993.7626	9994.0638	0.0000	1.0000	0.7001
48xy04	5	23	1	1	2.0000	1.0000	1.0000	0.1598	NaN	NaN	NaN	9995.2984	9995.6243	1.0000	1.0000	0.0998
48xy04	5	24	1	1	1.0000	1.0000	-1.0000	NaN	6.8480	-6.1210	14.6931	9997.9678	9998.2687	0.0000	1.0000	0.2467
48xy04	5	24	1	1	2.0000	1.0000	1.0000	0.0331	NaN	NaN	NaN	9999.0346	9999.3608	1.0000	1.0000	0.1066
48xy04	5	25	1	1	1.0000	1.0000	-1.0000	NaN	5.0468	-4.0963	13.8575	10001.3864	10001.6874	0.0000	1.0000	2.6921
48xy04	5	25	1	1	2.0000	1.0000	1.0000	0.0701	NaN	NaN	NaN	10004.9061	10005.2308	1.0000	1.0000	0.0695
48xy04	5	26	1	1	1.0000	1.0000	1.0000	NaN	2.5703	2.0478	15.9418	10007.8758	10008.1768	1.0000	1.0000	1.0672
48xy04	5	26	1	1	2.0000	1.0000	1.0000	0.1071	NaN	NaN	NaN	10009.7781	10010.1036	1.0000	1.0000	0.1642
48xy04	5	27	1	1	1.0000	1.0000	1.0000	NaN	0.9692	2.0112	14.7821	10012.6638	10012.9648	1.0000	1.0000	1.3353
48xy04	5	27	1	1	2.0000	1.0000	1.0000	0.0783	NaN	NaN	NaN	10014.8101	10015.1365	0.0000	0.0000	2.4029
48xy04	5	28	1	1	1.0000	1.0000	-1.0000	NaN	1.5179	-2.3435	15.0787	10019.6087	10019.9098	1.0000	0.0000	1.2384
48xy04	5	28	1	1	2.0000	1.0000	-1.0000	0.2793	NaN	NaN	NaN	10021.7385	10022.0666	1.0000	0.0000	0.1133
48xy04	5	29	1	1	1.0000	1.0000	-1.0000	NaN	6.8865	-7.2125	13.6276	10024.5519	10024.8532	0.0000	1.0000	0.3822
48xy04	5	29	1	1	2.0000	1.0000	1.0000	0.2101	NaN	NaN	NaN	10025.7142	10026.0399	0.0000	0.0000	0.3321
48xy04	5	30	1	1	1.0000	1.0000	-1.0000	NaN	0.0130	-0.0342	15.5420	10028.4738	10028.7750	0.0000	1.0000	2.3405
48xy04	5	30	1	1	2.0000	1.0000	1.0000	0.1503	NaN	NaN	NaN	10031.6264	10031.9522	1.0000	1.0000	0.0007
48xy04	5	31	1	1	1.0000	1.0000	-1.0000	NaN	2.2449	-2.1727	14.3042	10034.1520	10034.4531	0.0000	1.0000	1.1269
48xy04	5	31	1	1	2.0000	1.0000	1.0000	0.0187	NaN	NaN	NaN	10036.1223	10036.4499	1.0000	1.0000	0.0100
48xy04	5	32	1	1	1.0000	1.0000	1.0000	NaN	2.9636	4.4615	15.2941	10038.5694	10038.8704	1.0000	1.0000	0.3170
48xy04	5	32	1	1	2.0000	1.0000	1.0000	0.2043	NaN	NaN	NaN	10039.7221	10040.0493	1.0000	1.0000	1.8100
48xy04	5	33	1	1	1.0000	1.0000	-1.0000	NaN	0.7244	-1.4806	15.9935	10043.7727	10044.0737	1.0000	0.0000	1.5302
48xy04	5	33	1	1	2.0000	1.0000	-1.0000	0.2019	NaN	NaN	NaN	10046.1704	10046.4957	1.0000	0.0000	0.3236
48xy04	5	34	1	1	1.0000	1.0000	1.0000	NaN	4.4504	5.1588	15.8274	10049.2891	10049.5900	1.0000	1.0000	0.4453
48xy04	5	34	1	1	2.0000	1.0000	1.0000	0.3873	NaN	NaN	NaN	10050.6021	10050.9269	1.0000	1.0000	0.7174
48xy04	5	35	1	1	1.0000	1.0000	-1.0000	NaN	8.0150	-9.3965	15.6572	10053.6883	10053.9892	0.0000	1.0000	0.7110
48xy04	5	35	1	1	2.0000	1.0000	1.0000	0.3410	NaN	NaN	NaN	10055.2348	10055.5614	1.0000	1.0000	0.2585
48xy04	5	36	1	1	1.0000	1.0000	1.0000	NaN	5.4075	3.1011	14.4187	10058.2383	10058.5393	1.0000	1.0000	1.3447
48xy04	5	36	1	1	2.0000	1.0000	1.0000	0.1446	NaN	NaN	NaN	10060.4261	10060.7519	1.0000	1.0000	0.0114
48xy04	5	37	1	1	1.0000	1.0000	-1.0000	NaN	4.8575	-5.5622	14.5337	10062.9827	10063.2842	0.0000	1.0000	2.9762
48xy04	5	37	1	1	2.0000	1.0000	1.0000	0.3855	NaN	NaN	NaN	10066.7547	10067.0809	1.0000	1.0000	0.2352
48xy04	5	38	1	1	1.0000	1.0000	-1.0000	NaN	3.7523	-2.6311	15.4752	10069.3416	10069.6426	0.0000	1.0000	1.0495
48xy04	5	38	1	1	2.0000	1.0000	1.0000	0.0249	NaN	NaN	NaN	10071.2106	10071.5355	1.0000	1.0000	0.1323
48xy04	5	39	1	1	1.0000	1.0000	-1.0000	NaN	6.6326	-7.7703	14.9802	10073.7516	10074.0526	0.0000	1.0000	0.3913
48xy04	5	39	1	1	2.0000	1.0000	1.0000	0.0896	NaN	NaN	NaN	10074.9544	10075.2808	1.0000	1.0000	0.1634
48xy04	5	40	1	1	1.0000	1.0000	-1.0000	NaN	0.5757	-0.3195	15.4414	10077.7125	10078.0135	0.0000	1.0000	0.4864
48xy04	5	40	1	1	2.0000	1.0000	1.0000	0.2025	NaN	NaN	NaN	10079.0424	10079.3693	1.0000	1.0000	0.1549
48xy04	5	41	1	1	1.0000	1.0000	-1.0000	NaN	1.7035	-1.2340	14.7341	10081.9593	10082.2603	0.0000	1.0000	0.6318
48xy04	5	41	1	1	2.0000	1.0000	1.0000	0.2952	NaN	NaN	NaN	10083.4101	10083.7356	1.0000	1.0000	0.2761
48xy04	5	42	1	1	1.0000	1.0000	-1.0000	NaN	1.9120	-3.9600	14.7249	10086.1806	10086.4819	1.0000	0.0000	0.9141
48xy04	5	42	1	1	2.0000	1.0000	-1.0000	0.0555	NaN	NaN	NaN	10087.9381	10088.2644	1.0000	0.0000	0.1717
48xy04	5	43	1	1	1.0000	1.0000	1.0000	NaN	0.3953	1.4156	15.6147	10091.0240	10091.3250	1.0000	1.0000	1.2070
48xy04	5	43	1	1	2.0000	1.0000	1.0000	0.2350	NaN	NaN	NaN	10093.0752	10093.4019	1.0000	1.0000	0.2501
48xy04	5	44	1	1	1.0000	1.0000	1.0000	NaN	2.7799	0.9067	14.2518	10095.4875	10095.7884	1.0000	1.0000	0.4158
48xy04	5	44	1	1	2.0000	1.0000	1.0000	0.2729	NaN	NaN	NaN	10096.7388	10097.0656	1.0000	1.0000	0.0897
48xy04	5	45	1	1	1.0000	1.0000	1.0000	NaN	3.6230	5.2727	15.2367	10099.4074	10099.7084	0.0000	0.0000	3.1994
48xy04	5	45	1	1	2.0000	1.0000	-1.0000	0.0460	NaN	NaN	NaN	10103.4501	10103.7774	1.0000	0.0000	0.2348
48xy04	5	46	1	1	1.0000	1.0000	1.0000	NaN	0.8487	0.1137	14.1864	10106.2151	10106.5161	1.0000	1.0000	0.4953
48xy04	5	46	1	1	2.0000	1.0000	1.0000	0.1497	NaN	NaN	NaN	10107.5462	10107.8722	1.0000	1.0000	0.0751
48xy04	5	47	1	1	1.0000	1.0000	1.0000	NaN	6.2477	6.2445	14.1735	10110.0849	10110.3859	1.0000	1.0000	0.2903
48xy04	5	47	1	1	2.0000	1.0000	1.0000	0.3475	NaN	NaN	NaN	10111.1942	10111.5234	1.0000	1.0000	0.1365
48xy04	5	48	1	1	1.0000	1.0000	-1.0000	NaN	4.5668	-7.9799	14.5675	10113.7793	10114.0806	0.0000	1.0000	0.3795
48xy04	5	48	1	1	2.0000	1.0000	1.0000	0.0512	NaN	NaN	NaN	10114.9949	10115.3222	1.0000	1.0000	0.0980
48xy04	5	49	1	1	1.0000	1.0000	1.0000	NaN	3.8784	4.0278	16.4680	10117.7618	10118.0628	1.0000	1.0000	0.7012
48xy04	5	49	1	1	2.0000	1.0000	1.0000	0.3072	NaN	NaN	NaN	10119.2904	10119.6156	1.0000	1.0000	0.1330
48xy04	5	50	1	1	1.0000	1.0000	1.0000	NaN	6.2994	6.9283	15.9003	10121.7099	10122.0109	1.0000	1.0000	0.3931
48xy04	5	50	1	1	2.0000	1.0000	1.0000	0.2741	NaN	NaN	NaN	10122.9379	10123.2641	1.0000	1.0000	0.1634
48xy04	6	1	1	1	1.0000	1.0000	-1.0000	NaN	0.0781	-0.8774	14.3876	10160.0450	10160.3460	0.0000	1.0000	1.9220
48xy04	6	1	1	1	2.0000	1.0000	1.0000	0.0339	NaN	NaN	NaN	10162.7944	10163.1198	0.0000	0.0000	0.4601
48xy04	6	2	1	1	1.0000	1.0000	1.0000	NaN	4.1277	3.9091	15.5434	10165.6829	10165.9838	1.0000	1.0000	0.2034
48xy04	6	2	1	1	2.0000	1.0000	1.0000	0.3629	NaN	NaN	NaN	10166.7137	10167.0402	1.0000	1.0000	0.0007
48xy04	6	3	1	1	1.0000	1.0000	1.0000	NaN	7.0804	8.0058	14.0878	10169.3732	10169.6742	1.0000	1.0000	0.1857
48xy04	6	3	1	1	2.0000	1.0000	1.0000	0.4061	NaN	NaN	NaN	10170.3621	10170.6882	1.0000	1.0000	0.0007
48xy04	6	4	1	1	1.0000	1.0000	-1.0000	NaN	2.3314	-2.4083	14.8789	10172.4875	10172.7885	0.0000	1.0000	0.3034
48xy04	6	4	1	1	2.0000	1.0000	1.0000	0.1488	NaN	NaN	NaN	10173.6101	10173.9357	0.0000	0.0000	3.0044
48xy04	6	5	1	1	1.0000	1.0000	-1.0000	NaN	7.8852	-5.9956	13.6932	10179.3494	10179.6504	0.0000	1.0000	0.2898
48xy04	6	5	1	1	2.0000	1.0000	1.0000	0.0135	NaN	NaN	NaN	10180.4899	10180.8157	1.0000	1.0000	0.0203
48xy04	6	6	1	1	1.0000	1.0000	-1.0000	NaN	1.4613	-0.6895	13.2638	10183.0055	10183.3070	1.0000	0.0000	0.2651
48xy04	6	6	1	1	2.0000	1.0000	-1.0000	0.1873	NaN	NaN	NaN	10184.0662	10184.3924	1.0000	0.0000	0.0356
48xy04	6	7	1	1	1.0000	1.0000	-1.0000	NaN	2.6120	-1.0815	14.4825	10187.1050	10187.4064	1.0000	0.0000	1.2617
48xy04	6	7	1	1	2.0000	1.0000	-1.0000	0.0294	NaN	NaN	NaN	10189.2103	10189.5372	1.0000	0.0000	0.0261
48xy04	6	8	1	1	1.0000	1.0000	1.0000	NaN	0.8559	0.2408	14.9959	10192.1874	10192.4884	0.0000	0.0000	1.6116
48xy04	6	8	1	1	2.0000	1.0000	-1.0000	0.2526	NaN	NaN	NaN	10194.6584	10194.9850	1.0000	0.0000	0.0183
48xy04	6	9	1	1	1.0000	1.0000	1.0000	NaN	0.3012	0.3820	14.8161	10196.8661	10197.1670	1.0000	1.0000	1.2843
48xy04	6	9	1	1	2.0000	1.0000	1.0000	0.1606	NaN	NaN	NaN	10199.0025	10199.3295	0.0000	0.0000	0.7064
48xy04	6	10	1	1	1.0000	1.0000	-1.0000	NaN	7.0755	-8.1530	15.7501	10202.4426	10202.7436	0.0000	1.0000	0.8126
48xy04	6	10	1	1	2.0000	1.0000	1.0000	0.2883	NaN	NaN	NaN	10204.1219	10204.4461	1.0000	1.0000	0.0006
48xy04	6	11	1	1	1.0000	1.0000	-1.0000	NaN	2.3885	-2.5332	15.5622	10206.6475	10206.9485	0.0000	1.0000	1.1592
48xy04	6	11	1	1	2.0000	1.0000	1.0000	0.3200	NaN	NaN	NaN	10208.6742	10208.9999	1.0000	1.0000	0.0007
48xy04	6	12	1	1	1.0000	1.0000	1.0000	NaN	2.1838	3.4159	15.5428	10211.5832	10211.8842	1.0000	1.0000	0.2470
48xy04	6	12	1	1	2.0000	1.0000	1.0000	0.0768	NaN	NaN	NaN	10212.6506	10212.9765	1.0000	1.0000	0.0007
48xy04	6	13	1	1	1.0000	1.0000	-1.0000	NaN	6.7816	-7.6532	14.4351	10215.5680	10215.8690	0.0000	1.0000	0.1742
48xy04	6	13	1	1	2.0000	1.0000	1.0000	0.3241	NaN	NaN	NaN	10216.5620	10216.8878	1.0000	1.0000	0.1155
48xy04	6	14	1	1	1.0000	1.0000	1.0000	NaN	2.3183	2.6619	16.2364	10219.2728	10219.5740	1.0000	1.0000	1.5260
48xy04	6	14	1	1	2.0000	1.0000	1.0000	0.3552	NaN	NaN	NaN	10221.6508	10221.9763	1.0000	1.0000	0.0030
48xy04	6	15	1	1	1.0000	1.0000	-1.0000	NaN	6.4116	-5.2701	15.5914	10224.3981	10224.6991	0.0000	1.0000	1.3369
48xy04	6	15	1	1	2.0000	1.0000	1.0000	0.0488	NaN	NaN	NaN	10226.5539	10226.8816	1.0000	1.0000	0.0006
48xy04	6	16	1	1	1.0000	1.0000	-1.0000	NaN	7.8689	-9.2202	15.7783	10229.2442	10229.5452	0.0000	1.0000	0.2588
48xy04	6	16	1	1	2.0000	1.0000	1.0000	0.1570	NaN	NaN	NaN	10230.3304	10230.6567	1.0000	1.0000	0.0006
48xy04	6	17	1	1	1.0000	1.0000	1.0000	NaN	4.4807	6.5807	14.8093	10232.8879	10233.1889	1.0000	1.0000	0.1752
48xy04	6	17	1	1	2.0000	1.0000	1.0000	0.1039	NaN	NaN	NaN	10233.8500	10234.1760	1.0000	1.0000	1.5479
48xy04	6	18	1	1	1.0000	1.0000	-1.0000	NaN	8.3225	-8.5177	15.4570	10237.7365	10238.0375	0.0000	1.0000	0.2784
48xy04	6	18	1	1	2.0000	1.0000	1.0000	0.2405	NaN	NaN	NaN	10238.8422	10239.1690	1.0000	1.0000	0.0007
48xy04	6	19	1	1	1.0000	1.0000	-1.0000	NaN	0.9986	-1.6015	16.3044	10241.5998	10241.9008	1.0000	0.0000	0.2871
48xy04	6	19	1	1	2.0000	1.0000	-1.0000	0.4095	NaN	NaN	NaN	10242.6828	10243.0104	1.0000	0.0000	0.1536
48xy04	6	20	1	1	1.0000	1.0000	1.0000	NaN	4.8828	4.4644	14.0132	10245.8571	10246.1581	1.0000	1.0000	0.5092
48xy04	6	20	1	1	2.0000	1.0000	1.0000	0.0209	NaN	NaN	NaN	10247.2102	10247.5349	1.0000	1.0000	0.1244
48xy04	6	21	1	1	1.0000	1.0000	-1.0000	NaN	2.8319	-3.5896	14.3021	10250.3350	10250.6360	1.0000	0.0000	3.9434
48xy04	6	21	1	1	2.0000	1.0000	-1.0000	0.0083	NaN	NaN	NaN	10255.1226	10255.4498	1.0000	0.0000	0.7062
48xy04	6	22	1	1	1.0000	1.0000	1.0000	NaN	5.8551	6.6711	14.4743	10258.7051	10259.0060	1.0000	1.0000	0.5420
48xy04	6	22	1	1	2.0000	1.0000	1.0000	0.3784	NaN	NaN	NaN	10260.0982	10260.4250	1.0000	1.0000	0.3229
48xy04	6	23	1	1	1.0000	1.0000	1.0000	NaN	2.4264	2.7513	15.1815	10263.0088	10263.3097	0.0000	0.0000	1.6142
48xy04	6	23	1	1	2.0000	1.0000	-1.0000	0.1340	NaN	NaN	NaN	10265.4900	10265.8162	1.0000	0.0000	0.1878
48xy04	6	24	1	1	1.0000	1.0000	1.0000	NaN	6.4164	7.5560	13.8301	10268.3961	10268.6971	1.0000	1.0000	0.2829
48xy04	6	24	1	1	2.0000	1.0000	1.0000	0.2360	NaN	NaN	NaN	10269.5221	10269.8482	1.0000	1.0000	0.2997
48xy04	6	25	1	1	1.0000	1.0000	-1.0000	NaN	2.1566	-4.2576	15.2473	10272.1337	10272.4347	1.0000	0.0000	0.6331
48xy04	6	25	1	1	2.0000	1.0000	-1.0000	0.0870	NaN	NaN	NaN	10273.6101	10273.9363	1.0000	0.0000	0.1070
48xy04	6	26	1	1	1.0000	1.0000	1.0000	NaN	7.1197	5.0209	14.9767	10276.4927	10276.7937	1.0000	1.0000	0.4182
48xy04	6	26	1	1	2.0000	1.0000	1.0000	0.3622	NaN	NaN	NaN	10277.7702	10278.0962	1.0000	1.0000	0.0517
48xy04	6	27	1	1	1.0000	1.0000	-1.0000	NaN	5.1179	-6.2472	13.3763	10280.2907	10280.5916	0.0000	1.0000	0.3163
48xy04	6	27	1	1	2.0000	1.0000	1.0000	0.3521	NaN	NaN	NaN	10281.4580	10281.7841	1.0000	1.0000	0.0999
48xy04	6	28	1	1	1.0000	1.0000	1.0000	NaN	3.7718	3.5724	13.9489	10283.7438	10284.0448	1.0000	1.0000	0.2467
48xy04	6	28	1	1	2.0000	1.0000	1.0000	0.1428	NaN	NaN	NaN	10284.8341	10285.1593	1.0000	1.0000	0.2446
48xy04	6	29	1	1	1.0000	1.0000	-1.0000	NaN	6.6852	-5.1470	17.6423	10288.0639	10288.3649	0.0000	1.0000	0.4550
48xy04	6	29	1	1	2.0000	1.0000	1.0000	0.4011	NaN	NaN	NaN	10289.3859	10289.7118	1.0000	1.0000	0.1405
48xy04	6	30	1	1	1.0000	1.0000	-1.0000	NaN	6.7541	-7.1641	15.1205	10291.9109	10292.2122	0.0000	1.0000	0.5272
48xy04	6	30	1	1	2.0000	1.0000	1.0000	0.2081	NaN	NaN	NaN	10293.2742	10293.6022	1.0000	1.0000	0.1452
48xy04	6	31	1	1	1.0000	1.0000	-1.0000	NaN	5.5896	-4.9179	15.6294	10295.7817	10296.0826	0.0000	1.0000	0.7527
48xy04	6	31	1	1	2.0000	1.0000	1.0000	0.1316	NaN	NaN	NaN	10297.3783	10297.7033	1.0000	1.0000	0.1966
48xy04	6	32	1	1	1.0000	1.0000	1.0000	NaN	6.4633	6.2412	15.1568	10300.0770	10300.3781	1.0000	1.0000	0.3058
48xy04	6	32	1	1	2.0000	1.0000	1.0000	0.3524	NaN	NaN	NaN	10301.2510	10301.5772	1.0000	1.0000	0.1627
48xy04	6	33	1	1	1.0000	1.0000	1.0000	NaN	4.9370	5.3337	15.0856	10304.0823	10304.3833	1.0000	1.0000	1.6920
48xy04	6	33	1	1	2.0000	1.0000	1.0000	0.0165	NaN	NaN	NaN	10306.6502	10306.9767	1.0000	1.0000	0.0506
48xy04	6	34	1	1	1.0000	1.0000	-1.0000	NaN	3.4347	-3.0851	14.6310	10309.2285	10309.5295	1.0000	0.0000	1.1858
48xy04	6	34	1	1	2.0000	1.0000	-1.0000	0.2276	NaN	NaN	NaN	10311.2820	10311.6070	0.0000	1.0000	1.7089
48xy04	6	35	1	1	1.0000	1.0000	1.0000	NaN	6.9563	9.3288	15.3481	10315.3835	10315.6845	1.0000	1.0000	0.2874
48xy04	6	35	1	1	2.0000	1.0000	1.0000	0.1290	NaN	NaN	NaN	10316.5065	10316.8327	1.0000	1.0000	0.0112
48xy04	6	36	1	1	1.0000	1.0000	-1.0000	NaN	8.1254	-10.0626	13.6439	10319.0956	10319.3965	0.0000	1.0000	0.2548
48xy04	6	36	1	1	2.0000	1.0000	1.0000	0.3736	NaN	NaN	NaN	10320.2099	10320.5365	1.0000	1.0000	0.1474
48xy04	6	37	1	1	1.0000	1.0000	1.0000	NaN	7.3966	7.6265	13.9718	10322.6618	10322.9629	1.0000	1.0000	0.2804
48xy04	6	37	1	1	2.0000	1.0000	1.0000	0.2392	NaN	NaN	NaN	10323.8021	10324.1270	1.0000	1.0000	0.0929
48xy04	6	38	1	1	1.0000	1.0000	1.0000	NaN	8.3636	7.4487	15.8263	10326.0712	10326.3721	1.0000	1.0000	2.1838
48xy04	6	38	1	1	2.0000	1.0000	1.0000	0.1172	NaN	NaN	NaN	10329.0984	10329.4251	1.0000	1.0000	0.1790
48xy04	6	39	1	1	1.0000	1.0000	1.0000	NaN	0.7382	2.7911	15.8263	10332.0139	10332.3148	1.0000	1.0000	0.3612
48xy04	6	39	1	1	2.0000	1.0000	1.0000	0.1858	NaN	NaN	NaN	10333.2100	10333.5366	1.0000	1.0000	0.1395
48xy04	6	40	1	1	1.0000	1.0000	1.0000	NaN	1.6513	1.7682	15.6498	10335.7179	10336.0197	1.0000	1.0000	0.4723
48xy04	6	40	1	1	2.0000	1.0000	1.0000	0.0725	NaN	NaN	NaN	10337.0664	10337.3924	1.0000	1.0000	0.1629
48xy04	6	41	1	1	1.0000	1.0000	1.0000	NaN	6.4111	5.6656	13.9299	10339.7818	10340.0828	1.0000	1.0000	0.3044
48xy04	6	41	1	1	2.0000	1.0000	1.0000	0.3379	NaN	NaN	NaN	10340.9391	10341.2667	1.0000	1.0000	0.1606
48xy04	6	42	1	1	1.0000	1.0000	-1.0000	NaN	3.1114	-3.8562	15.7953	10343.4972	10343.7982	0.0000	1.0000	1.4377
48xy04	6	42	1	1	2.0000	1.0000	1.0000	0.1481	NaN	NaN	NaN	10345.7948	10346.1197	1.0000	1.0000	0.6124
48xy04	6	43	1	1	1.0000	1.0000	1.0000	NaN	2.4464	1.8991	14.4551	10349.3597	10349.6611	0.0000	0.0000	0.7582
48xy04	6	43	1	1	2.0000	1.0000	-1.0000	0.0658	NaN	NaN	NaN	10350.9618	10351.2885	1.0000	0.0000	0.6508
48xy04	6	44	1	1	1.0000	1.0000	1.0000	NaN	5.5534	3.0913	13.4158	10354.4637	10354.7647	1.0000	1.0000	0.5587
48xy04	6	44	1	1	2.0000	1.0000	1.0000	0.2010	NaN	NaN	NaN	10355.8581	10356.1838	1.0000	1.0000	0.1401
48xy04	6	45	1	1	1.0000	1.0000	-1.0000	NaN	1.6347	-2.0114	14.1948	10358.8176	10359.1185	1.0000	0.0000	1.4293
48xy04	6	45	1	1	2.0000	1.0000	-1.0000	0.3020	NaN	NaN	NaN	10361.0821	10361.4084	1.0000	0.0000	0.0007
48xy04	6	46	1	1	1.0000	1.0000	-1.0000	NaN	0.8551	-1.9778	15.9201	10363.2012	10363.5021	1.0000	0.0000	0.9821
48xy04	6	46	1	1	2.0000	1.0000	-1.0000	0.3364	NaN	NaN	NaN	10365.0260	10365.3521	1.0000	0.0000	0.2368
48xy04	6	47	1	1	1.0000	1.0000	-1.0000	NaN	1.5265	-0.8423	15.6226	10367.8621	10368.1631	1.0000	0.0000	1.1122
48xy04	6	47	1	1	2.0000	1.0000	-1.0000	0.0783	NaN	NaN	NaN	10369.8342	10370.1601	0.0000	1.0000	2.7640
48xy04	6	48	1	1	1.0000	1.0000	-1.0000	NaN	4.5440	-5.8602	14.3885	10374.9675	10375.2693	0.0000	1.0000	1.3509
48xy04	6	48	1	1	2.0000	1.0000	1.0000	0.1373	NaN	NaN	NaN	10377.1546	10377.4816	1.0000	1.0000	0.0265
48xy04	6	49	1	1	1.0000	1.0000	1.0000	NaN	5.0153	6.7001	14.9336	10379.4606	10379.7616	1.0000	1.0000	0.7544
48xy04	6	49	1	1	2.0000	1.0000	1.0000	0.3655	NaN	NaN	NaN	10381.0579	10381.3830	1.0000	1.0000	0.0052
48xy04	6	50	1	1	1.0000	1.0000	-1.0000	NaN	5.4714	-6.3399	13.5444	10383.7076	10384.0087	0.0000	1.0000	0.2835
48xy04	6	50	1	1	2.0000	1.0000	1.0000	0.2613	NaN	NaN	NaN	10384.8429	10385.1702	1.0000	1.0000	0.1456
