17gy01	1	1	0	1	1.0000	1.0000	1.0000	NaN	7.9153	6.7910	13.6251	174422.9596	174423.2644	1.0000	1.0000	0.6860	0.7976
17gy01	1	1	0	1	2.0000	1.0000	1.0000	0.1424	NaN	NaN	NaN	174424.4968	174424.9156	1.0000	1.0000	0.8263	0.9550
17gy01	1	2	0	1	1.0000	1.0000	1.0000	NaN	7.8689	8.3567	15.9308	174428.0335	174428.3407	1.0000	1.0000	2.4091	2.5217
17gy01	1	2	0	1	2.0000	1.0000	-1.0000	0.9115	NaN	NaN	NaN	174431.2973	174431.7153	1.0000	0.0000	0.7311	0.8431
17gy01	1	3	0	1	1.0000	1.0000	1.0000	NaN	4.0100	4.1372	16.5355	174434.7419	174435.0467	0.0000	0.0000	1.5111	1.6561
17gy01	1	3	0	1	2.0000	1.0000	1.0000	0.8464	NaN	NaN	NaN	174437.1349	174437.5478	1.0000	1.0000	0.5454	0.6422
17gy01	1	4	0	1	1.0000	1.0000	-1.0000	NaN	8.0140	-7.2118	14.7876	174440.2948	174440.5993	1.0000	0.0000	1.1745	1.3037
17gy01	1	4	0	1	2.0000	1.0000	-1.0000	0.2128	NaN	NaN	NaN	174442.3347	174442.7475	1.0000	0.0000	1.9543	2.0826
17gy01	1	5	0	1	1.0000	1.0000	1.0000	NaN	4.5433	3.9548	15.7347	174447.2818	174447.5886	1.0000	1.0000	0.9538	1.0819
17gy01	1	5	0	1	2.0000	1.0000	1.0000	0.6121	NaN	NaN	NaN	174449.1026	174449.5311	1.0000	1.0000	1.5221	1.6357
17gy01	1	6	0	1	1.0000	1.0000	1.0000	NaN	1.2676	2.1359	15.7322	174453.2590	174453.5638	1.0000	1.0000	1.0907	1.2188
17gy01	1	6	0	1	2.0000	1.0000	-1.0000	0.3089	NaN	NaN	NaN	174455.2147	174455.6069	1.0000	0.0000	0.5984	0.7119
17gy01	1	7	0	1	1.0000	1.0000	1.0000	NaN	6.5666	6.1169	14.5798	174458.8952	174459.2001	0.0000	0.0000	1.2942	1.4069
17gy01	1	7	0	1	2.0000	1.0000	1.0000	0.9113	NaN	NaN	NaN	174461.0403	174461.4583	1.0000	1.0000	1.2443	1.3728
17gy01	1	8	0	1	1.0000	1.0000	-1.0000	NaN	3.8253	-4.5020	15.6178	174464.7096	174465.0140	1.0000	0.0000	1.8325	1.9605
17gy01	1	8	0	1	2.0000	1.0000	-1.0000	0.2818	NaN	NaN	NaN	174467.4092	174467.8297	1.0000	0.0000	1.0476	1.1613
17gy01	1	9	0	1	1.0000	1.0000	-1.0000	NaN	3.6762	-3.1156	15.3379	174471.4233	174471.7277	0.0000	1.0000	0.8135	0.9262
17gy01	1	9	0	1	2.0000	1.0000	1.0000	0.4244	NaN	NaN	NaN	174473.0856	174473.4727	1.0000	1.0000	0.7337	0.8624
17gy01	1	10	0	1	1.0000	1.0000	1.0000	NaN	9.8115	9.7804	14.3155	174476.2100	174476.5122	1.0000	1.0000	1.0858	1.2143
17gy01	1	10	0	1	2.0000	1.0000	1.0000	0.4852	NaN	NaN	NaN	174478.1565	174478.5077	1.0000	1.0000	1.0582	1.1708
17gy01	1	11	0	1	1.0000	1.0000	1.0000	NaN	5.0814	6.1560	16.2751	174481.9292	174482.2314	1.0000	1.0000	2.1664	2.2952
17gy01	1	11	0	1	2.0000	1.0000	1.0000	0.7399	NaN	NaN	NaN	174484.9567	174485.3073	1.0000	1.0000	0.9300	1.0585
17gy01	1	12	0	1	1.0000	1.0000	1.0000	NaN	1.3344	3.4880	15.2382	174488.6166	174488.9195	1.0000	1.0000	2.8378	2.9673
17gy01	1	12	0	1	2.0000	1.0000	1.0000	0.3508	NaN	NaN	NaN	174492.3155	174492.6704	1.0000	1.0000	1.1830	1.2955
17gy01	1	13	0	1	1.0000	1.0000	1.0000	NaN	7.2238	6.9094	15.5258	174496.1915	174496.4938	1.0000	1.0000	1.0401	1.1521
17gy01	1	13	0	1	2.0000	1.0000	1.0000	0.1574	NaN	NaN	NaN	174498.0745	174498.4265	1.0000	1.0000	1.3468	1.4760
17gy01	1	14	0	1	1.0000	1.0000	-1.0000	NaN	1.8439	-1.8815	14.5793	174502.3548	174502.6570	0.0000	1.0000	1.1971	1.3419
17gy01	1	14	0	1	2.0000	1.0000	-1.0000	0.2531	NaN	NaN	NaN	174504.4300	174504.8435	0.0000	1.0000	0.8663	0.9956
17gy01	1	15	0	1	1.0000	1.0000	-1.0000	NaN	3.1465	-5.2447	15.0857	174508.1008	174508.4050	1.0000	0.0000	3.0643	3.1779
17gy01	1	15	0	1	2.0000	1.0000	1.0000	0.5652	NaN	NaN	NaN	174512.0150	174512.4388	1.0000	1.0000	0.5184	0.6321
17gy01	1	16	0	1	1.0000	1.0000	1.0000	NaN	0.8159	0.1881	15.6003	174515.4546	174515.7590	0.0000	0.0000	0.6067	0.7350
17gy01	1	16	0	1	2.0000	1.0000	1.0000	0.6604	NaN	NaN	NaN	174516.9265	174517.3318	0.0000	0.0000	1.4339	1.5633
17gy01	1	17	0	1	1.0000	1.0000	-1.0000	NaN	8.1567	-10.0725	13.8243	174520.7632	174521.0658	0.0000	1.0000	0.9641	1.0767
17gy01	1	17	0	1	2.0000	1.0000	-1.0000	0.3186	NaN	NaN	NaN	174522.5720	174522.9222	0.0000	1.0000	0.8997	1.0123
17gy01	1	18	0	1	1.0000	1.0000	1.0000	NaN	3.3231	3.5759	15.4197	174525.8854	174526.1876	1.0000	1.0000	0.8499	0.9789
17gy01	1	18	0	1	2.0000	1.0000	-1.0000	0.0302	NaN	NaN	NaN	174527.5952	174527.9519	1.0000	0.0000	0.4134	0.5590
17gy01	1	19	0	1	1.0000	1.0000	1.0000	NaN	7.1323	6.2650	15.6583	174530.9518	174531.2539	0.0000	0.0000	1.0634	1.1758
17gy01	1	19	0	1	2.0000	1.0000	-1.0000	0.2477	NaN	NaN	NaN	174532.8584	174533.2144	0.0000	1.0000	0.5109	0.6244
17gy01	1	20	0	1	1.0000	1.0000	-1.0000	NaN	7.0741	-9.0403	16.5930	174535.8068	174536.1090	0.0000	1.0000	0.9283	1.0568
17gy01	1	20	0	1	2.0000	1.0000	-1.0000	0.1146	NaN	NaN	NaN	174537.5945	174537.9514	1.0000	0.0000	0.8145	0.9273
17gy01	1	21	0	1	1.0000	1.0000	-1.0000	NaN	11.2079	-11.7128	15.2274	174540.7705	174541.0726	0.0000	1.0000	0.5567	0.6702
17gy01	1	21	0	1	2.0000	1.0000	-1.0000	0.8067	NaN	NaN	NaN	174542.1715	174542.5244	1.0000	0.0000	0.5129	0.6265
17gy01	1	22	0	1	1.0000	1.0000	1.0000	NaN	9.0152	10.5978	14.2450	174545.5719	174545.8742	1.0000	1.0000	1.3243	1.4208
17gy01	1	22	0	1	2.0000	1.0000	-1.0000	0.2126	NaN	NaN	NaN	174547.7236	174548.0803	1.0000	0.0000	0.8136	0.9264
17gy01	1	23	0	1	1.0000	1.0000	1.0000	NaN	11.4923	11.7945	16.1045	174550.8282	174551.1352	1.0000	1.0000	0.6062	0.7357
17gy01	1	23	0	1	2.0000	1.0000	1.0000	0.6058	NaN	NaN	NaN	174552.3053	174552.7254	1.0000	1.0000	0.6331	0.7616
17gy01	1	24	0	1	1.0000	1.0000	-1.0000	NaN	4.5787	-4.8822	16.0052	174555.6728	174555.9777	0.0000	1.0000	3.7650	3.8771
17gy01	1	24	0	1	2.0000	1.0000	1.0000	0.4168	NaN	NaN	NaN	174560.2896	174560.7084	1.0000	1.0000	0.8421	0.9708
17gy01	1	25	0	1	1.0000	1.0000	-1.0000	NaN	3.0968	-1.7054	13.4818	174563.9401	174564.2446	0.0000	1.0000	2.5223	2.6501
17gy01	1	25	0	1	2.0000	1.0000	-1.0000	0.1056	NaN	NaN	NaN	174567.3264	174567.7127	0.0000	1.0000	1.7087	1.8059
17gy01	1	26	0	1	1.0000	1.0000	-1.0000	NaN	9.9766	-10.4620	14.7346	174571.9691	174572.2713	0.0000	1.0000	0.8312	0.9757
17gy01	1	26	0	1	2.0000	1.0000	-1.0000	0.3714	NaN	NaN	NaN	174573.6756	174574.0288	1.0000	0.0000	0.8811	1.0102
17gy01	1	27	0	1	1.0000	1.0000	-1.0000	NaN	3.7526	-3.9465	15.2225	174576.7829	174577.0850	1.0000	0.0000	1.4888	1.6018
17gy01	1	27	0	1	2.0000	1.0000	-1.0000	0.4040	NaN	NaN	NaN	174579.1155	174579.4673	0.0000	1.0000	1.4591	1.5872
17gy01	1	28	0	1	1.0000	1.0000	1.0000	NaN	6.8259	5.5819	15.0748	174582.7982	174583.1004	1.0000	1.0000	1.3130	1.4263
17gy01	1	28	0	1	2.0000	1.0000	-1.0000	0.1234	NaN	NaN	NaN	174584.9554	174585.3116	1.0000	0.0000	0.8149	0.9434
17gy01	1	29	0	1	1.0000	1.0000	-1.0000	NaN	7.9961	-9.3521	15.0444	174588.2229	174588.5251	0.0000	1.0000	1.1523	1.2659
17gy01	1	29	0	1	2.0000	1.0000	1.0000	0.6660	NaN	NaN	NaN	174590.2196	174590.5719	1.0000	1.0000	0.4180	0.5467
17gy01	1	30	0	1	1.0000	1.0000	1.0000	NaN	5.8415	5.9131	14.8170	174593.1691	174593.4714	0.0000	0.0000	2.1583	2.2869
17gy01	1	30	0	1	2.0000	1.0000	-1.0000	0.7369	NaN	NaN	NaN	174596.1869	174596.6065	1.0000	0.0000	1.6641	1.7594
17gy01	1	31	0	1	1.0000	1.0000	-1.0000	NaN	3.7346	-3.3092	14.7730	174600.4702	174600.7747	0.0000	1.0000	1.6546	1.7673
17gy01	1	31	0	1	2.0000	1.0000	-1.0000	0.7546	NaN	NaN	NaN	174602.9740	174603.3901	0.0000	1.0000	0.8479	0.9606
17gy01	1	32	0	1	1.0000	1.0000	1.0000	NaN	5.7591	4.1190	13.6474	174606.4374	174606.7423	1.0000	1.0000	2.1350	2.2482
17gy01	1	32	0	1	2.0000	1.0000	1.0000	0.4750	NaN	NaN	NaN	174609.4226	174609.8393	0.0000	0.0000	0.9901	1.1026
17gy01	1	33	0	1	1.0000	1.0000	-1.0000	NaN	7.7558	-8.8298	14.3971	174613.2235	174613.5293	0.0000	1.0000	0.5805	0.7086
17gy01	1	33	0	1	2.0000	1.0000	-1.0000	0.4233	NaN	NaN	NaN	174614.6716	174615.0890	1.0000	0.0000	0.8127	0.9253
17gy01	1	34	0	1	1.0000	1.0000	1.0000	NaN	6.5983	8.3723	15.8979	174617.7684	174618.0729	1.0000	1.0000	0.6618	0.7742
17gy01	1	34	0	1	2.0000	1.0000	-1.0000	0.5507	NaN	NaN	NaN	174619.2788	174619.6887	0.0000	1.0000	1.6693	1.7817
17gy01	1	35	0	1	1.0000	1.0000	1.0000	NaN	8.5804	5.7504	13.7002	174623.2065	174623.5131	0.0000	0.0000	2.0850	2.1980
17gy01	1	35	0	1	2.0000	1.0000	-1.0000	0.7401	NaN	NaN	NaN	174626.1429	174626.5429	1.0000	0.0000	0.4464	0.5604
17gy01	1	36	0	1	1.0000	1.0000	-1.0000	NaN	11.3374	-10.2404	13.1545	174629.3506	174629.6528	0.0000	1.0000	0.4886	0.6024
17gy01	1	36	0	1	2.0000	1.0000	-1.0000	0.8576	NaN	NaN	NaN	174630.6839	174631.0361	0.0000	1.0000	1.0100	1.1379
17gy01	1	37	0	1	1.0000	1.0000	1.0000	NaN	1.4280	2.0078	15.9425	174634.5505	174634.8527	1.0000	1.0000	2.0892	2.2019
17gy01	1	37	0	1	2.0000	1.0000	-1.0000	0.1545	NaN	NaN	NaN	174637.4832	174637.8364	0.0000	1.0000	1.1215	1.2507
17gy01	1	38	0	1	1.0000	1.0000	1.0000	NaN	1.5981	1.1206	14.8028	174641.5406	174641.8476	1.0000	1.0000	1.1424	1.2715
17gy01	1	38	0	1	2.0000	1.0000	1.0000	0.0793	NaN	NaN	NaN	174643.5536	174643.9704	1.0000	1.0000	0.8437	0.9727
17gy01	1	39	0	1	1.0000	1.0000	-1.0000	NaN	8.3889	-9.0850	15.4400	174646.9544	174647.2599	0.0000	1.0000	0.5455	0.7071
17gy01	1	39	0	1	2.0000	1.0000	-1.0000	0.4807	NaN	NaN	NaN	174648.4013	174648.8212	0.0000	1.0000	0.9538	1.0973
17gy01	1	40	0	1	1.0000	1.0000	-1.0000	NaN	4.0526	-2.4078	15.0835	174652.1555	174652.4632	0.0000	1.0000	2.3830	2.5114
17gy01	1	40	0	1	2.0000	1.0000	1.0000	0.4648	NaN	NaN	NaN	174655.4068	174655.8203	0.0000	0.0000	1.2979	1.4103
17gy01	1	41	0	1	1.0000	1.0000	1.0000	NaN	4.8914	5.2277	15.0911	174659.4860	174659.7905	1.0000	1.0000	1.6309	1.7766
17gy01	1	41	0	1	2.0000	1.0000	1.0000	0.6217	NaN	NaN	NaN	174662.0015	174662.4200	1.0000	1.0000	0.6979	0.8107
17gy01	1	42	0	1	1.0000	1.0000	1.0000	NaN	11.6471	11.0498	15.7874	174665.4168	174665.7212	1.0000	1.0000	2.2922	2.4057
17gy01	1	42	0	1	2.0000	1.0000	-1.0000	0.1497	NaN	NaN	NaN	174668.5586	174668.9575	1.0000	0.0000	1.4724	1.6006
17gy01	1	43	0	1	1.0000	1.0000	-1.0000	NaN	6.7344	-7.4524	14.9073	174673.1298	174673.4321	1.0000	0.0000	0.8538	0.9820
17gy01	1	43	0	1	2.0000	1.0000	-1.0000	0.0310	NaN	NaN	NaN	174674.8427	174675.1959	1.0000	0.0000	1.5215	1.6501
17gy01	1	44	0	1	1.0000	1.0000	1.0000	NaN	7.7879	7.1256	15.2681	174678.7392	174679.0425	1.0000	1.0000	0.7481	0.8607
17gy01	1	44	0	1	2.0000	1.0000	-1.0000	0.9243	NaN	NaN	NaN	174680.3318	174680.6834	0.0000	1.0000	0.6916	0.8195
17gy01	1	45	0	1	1.0000	1.0000	-1.0000	NaN	9.8815	-9.3469	14.9615	174683.3046	174683.6068	0.0000	1.0000	1.5436	1.6562
17gy01	1	45	0	1	2.0000	1.0000	-1.0000	0.0923	NaN	NaN	NaN	174685.6917	174686.0455	1.0000	0.0000	1.5203	1.6485
17gy01	1	46	0	1	1.0000	1.0000	1.0000	NaN	1.1845	1.7535	13.4675	174689.9184	174690.2230	1.0000	1.0000	0.9117	1.0554
17gy01	1	46	0	1	2.0000	1.0000	-1.0000	0.7564	NaN	NaN	NaN	174691.7113	174692.1311	1.0000	0.0000	1.1783	1.3075
17gy01	1	47	0	1	1.0000	1.0000	1.0000	NaN	9.2989	11.2100	14.5933	174695.7197	174696.0262	1.0000	1.0000	0.5798	0.7251
17gy01	1	47	0	1	2.0000	1.0000	1.0000	0.0044	NaN	NaN	NaN	174697.1842	174697.6016	1.0000	1.0000	1.4199	1.5646
17gy01	1	48	0	1	1.0000	1.0000	-1.0000	NaN	10.6381	-10.0514	16.7532	174701.0423	174701.3443	1.0000	0.0000	1.2457	1.3902
17gy01	1	48	0	1	2.0000	1.0000	-1.0000	0.2279	NaN	NaN	NaN	174703.1633	174703.5161	1.0000	0.0000	2.4654	2.5788
17gy01	1	49	0	1	1.0000	1.0000	1.0000	NaN	2.4929	1.8438	14.0051	174708.0386	174708.3419	1.0000	1.0000	1.8642	1.9928
17gy01	1	49	0	1	2.0000	1.0000	1.0000	0.5577	NaN	NaN	NaN	174710.7632	174711.1155	1.0000	1.0000	1.1866	1.3470
17gy01	1	50	0	1	1.0000	1.0000	1.0000	NaN	11.7966	12.6235	15.6549	174714.6631	174714.9653	1.0000	1.0000	1.1453	1.2898
17gy01	1	50	0	1	2.0000	1.0000	-1.0000	0.3969	NaN	NaN	NaN	174716.6837	174717.0384	0.0000	1.0000	1.5995	1.7436
17gy01	2	1	0	1	1.0000	1.0000	-1.0000	NaN	2.0060	-2.5376	17.0088	174724.8848	174725.1870	0.0000	1.0000	2.0917	2.2356
17gy01	2	1	0	1	2.0000	1.0000	-1.0000	0.9349	NaN	NaN	NaN	174727.8512	174728.2045	1.0000	0.0000	0.8969	1.0421
17gy01	2	2	0	1	1.0000	1.0000	1.0000	NaN	6.2536	5.6158	15.9088	174731.2912	174731.5934	1.0000	1.0000	1.1884	1.3168
17gy01	2	2	0	1	2.0000	1.0000	-1.0000	0.5195	NaN	NaN	NaN	174733.3388	174733.6931	1.0000	0.0000	1.1048	1.2820
17gy01	2	3	0	1	1.0000	1.0000	1.0000	NaN	6.0057	4.1879	14.2546	174737.5491	174737.8535	1.0000	1.0000	0.9759	1.1053
17gy01	2	3	0	1	2.0000	1.0000	-1.0000	0.6771	NaN	NaN	NaN	174739.3906	174739.8129	0.0000	1.0000	0.7933	0.9542
17gy01	2	4	0	1	1.0000	1.0000	-1.0000	NaN	11.4196	-11.4875	15.9105	174743.3028	174743.6100	0.0000	1.0000	1.6521	1.7967
17gy01	2	4	0	1	2.0000	1.0000	-1.0000	0.3225	NaN	NaN	NaN	174745.8388	174746.2609	1.0000	0.0000	0.8886	1.0338
17gy01	2	5	0	1	1.0000	1.0000	1.0000	NaN	4.2087	5.2687	14.7157	174749.3271	174749.6317	1.0000	1.0000	1.1023	1.2469
17gy01	2	5	0	1	2.0000	1.0000	1.0000	0.5062	NaN	NaN	NaN	174751.3131	174751.7322	1.0000	1.0000	0.6820	0.8421
17gy01	2	6	0	1	1.0000	1.0000	-1.0000	NaN	5.0746	-4.5204	15.3669	174754.5608	174754.8653	1.0000	0.0000	1.3888	1.5338
17gy01	2	6	0	1	2.0000	1.0000	-1.0000	0.1698	NaN	NaN	NaN	174756.8313	174757.2481	1.0000	0.0000	1.1345	1.2791
17gy01	2	7	0	1	1.0000	1.0000	-1.0000	NaN	9.6008	-9.2537	13.7509	174760.7827	174761.0879	0.0000	1.0000	0.5265	0.6552
17gy01	2	7	0	1	2.0000	1.0000	1.0000	0.2469	NaN	NaN	NaN	174762.1772	174762.5633	1.0000	1.0000	0.7468	0.8919
17gy01	2	8	0	1	1.0000	1.0000	1.0000	NaN	5.1887	5.8257	14.7277	174765.4567	174765.7589	0.0000	0.0000	0.9585	1.1042
17gy01	2	8	0	1	2.0000	1.0000	1.0000	0.4311	NaN	NaN	NaN	174767.2931	174767.6433	1.0000	1.0000	0.6268	0.7709
17gy01	2	9	0	1	1.0000	1.0000	1.0000	NaN	1.5238	3.2016	15.2711	174770.4323	174770.7346	0.0000	0.0000	3.3275	3.4396
17gy01	2	9	0	1	2.0000	1.0000	1.0000	0.8605	NaN	NaN	NaN	174774.6029	174774.9564	1.0000	1.0000	0.5770	0.7381
17gy01	2	10	0	1	1.0000	1.0000	-1.0000	NaN	7.3925	-8.1417	16.2306	174778.0155	174778.3177	0.0000	1.0000	0.6249	0.7528
17gy01	2	10	0	1	2.0000	1.0000	-1.0000	0.2385	NaN	NaN	NaN	174779.4992	174779.8563	1.0000	0.0000	0.8615	1.0220
17gy01	2	11	0	1	1.0000	1.0000	1.0000	NaN	7.8823	5.9248	16.1115	174783.1275	174783.4317	1.0000	1.0000	1.4303	1.5588
17gy01	2	11	0	1	2.0000	1.0000	-1.0000	0.3960	NaN	NaN	NaN	174785.4220	174785.8438	0.0000	1.0000	1.3543	1.4983
17gy01	2	12	0	1	1.0000	1.0000	-1.0000	NaN	11.7797	-11.6757	15.6092	174789.7286	174790.0335	0.0000	1.0000	2.2691	2.3811
17gy01	2	12	0	1	2.0000	1.0000	-1.0000	0.4377	NaN	NaN	NaN	174792.8466	174793.2402	1.0000	0.0000	0.8532	1.0308
17gy01	2	13	0	1	1.0000	1.0000	-1.0000	NaN	9.8106	-8.2509	15.9799	174796.4428	174796.7451	0.0000	1.0000	1.2376	1.3499
17gy01	2	13	0	1	2.0000	1.0000	1.0000	0.7772	NaN	NaN	NaN	174798.5248	174798.8750	1.0000	1.0000	0.6904	0.8523
17gy01	2	14	0	1	1.0000	1.0000	1.0000	NaN	7.4120	7.9509	15.1157	174802.0543	174802.3565	1.0000	1.0000	1.5938	1.7544
17gy01	2	14	0	1	2.0000	1.0000	1.0000	0.5794	NaN	NaN	NaN	174804.5411	174804.8915	1.0000	1.0000	1.2671	1.4277
17gy01	2	15	0	1	1.0000	1.0000	1.0000	NaN	6.6019	5.5395	15.3970	174808.3711	174808.6733	1.0000	1.0000	1.1331	1.2459
17gy01	2	15	0	1	2.0000	1.0000	1.0000	0.8321	NaN	NaN	NaN	174810.3479	174810.7047	1.0000	1.0000	0.7019	0.8619
17gy01	2	16	0	1	1.0000	1.0000	1.0000	NaN	1.0059	2.1969	14.3685	174813.6923	174813.9945	1.0000	1.0000	2.4033	2.5481
17gy01	2	16	0	1	2.0000	1.0000	1.0000	0.4280	NaN	NaN	NaN	174816.9723	174817.3242	1.0000	1.0000	0.5453	0.7228
17gy01	2	17	0	1	1.0000	1.0000	-1.0000	NaN	1.8285	-3.0198	16.1014	174820.0736	174820.3758	0.0000	1.0000	0.7428	0.8713
17gy01	2	17	0	1	2.0000	1.0000	1.0000	0.8677	NaN	NaN	NaN	174821.6759	174822.0268	1.0000	1.0000	0.4840	0.6279
17gy01	2	18	0	1	1.0000	1.0000	1.0000	NaN	1.1705	0.7726	14.1671	174824.7819	174825.0851	1.0000	1.0000	0.6564	0.8022
17gy01	2	18	0	1	2.0000	1.0000	1.0000	0.6007	NaN	NaN	NaN	174826.3160	174826.6705	1.0000	1.0000	0.7198	0.8965
17gy01	2	19	0	1	1.0000	1.0000	-1.0000	NaN	10.9888	-10.3099	14.0293	174829.8237	174830.1284	0.0000	1.0000	0.8618	1.0056
17gy01	2	19	0	1	2.0000	1.0000	-1.0000	0.4007	NaN	NaN	NaN	174831.5661	174831.9900	0.0000	1.0000	0.6805	0.8562
17gy01	2	20	0	1	1.0000	1.0000	-1.0000	NaN	2.0542	-1.0341	13.8296	174834.9824	174835.2890	1.0000	0.0000	1.3651	1.5103
17gy01	2	20	0	1	2.0000	1.0000	1.0000	0.6227	NaN	NaN	NaN	174837.2313	174837.6452	1.0000	1.0000	0.5133	0.6889
17gy01	2	21	0	1	1.0000	1.0000	1.0000	NaN	6.9025	8.1645	14.7620	174840.3117	174840.6176	1.0000	1.0000	2.4844	2.6131
17gy01	2	21	0	1	2.0000	1.0000	1.0000	0.9083	NaN	NaN	NaN	174843.6628	174844.0777	1.0000	1.0000	0.4650	0.6251
17gy01	2	22	0	1	1.0000	1.0000	1.0000	NaN	5.5062	4.5287	14.9905	174846.6605	174846.9650	1.0000	1.0000	0.8413	0.9857
17gy01	2	22	0	1	2.0000	1.0000	1.0000	0.2254	NaN	NaN	NaN	174848.3825	174848.7940	0.0000	0.0000	0.6435	0.7891
17gy01	2	23	0	1	1.0000	1.0000	-1.0000	NaN	3.4688	-2.0350	13.9803	174851.5592	174851.8636	0.0000	1.0000	1.2219	1.3196
17gy01	2	23	0	1	2.0000	1.0000	1.0000	0.6423	NaN	NaN	NaN	174853.6149	174854.0272	1.0000	1.0000	0.3555	0.5317
17gy01	2	24	0	1	1.0000	1.0000	-1.0000	NaN	6.2166	-4.9972	14.6004	174856.6702	174856.9746	0.0000	1.0000	0.5756	0.7040
17gy01	2	24	0	1	2.0000	1.0000	-1.0000	0.8316	NaN	NaN	NaN	174858.1103	174858.5269	1.0000	0.0000	0.4160	0.5600
17gy01	2	25	0	1	1.0000	1.0000	-1.0000	NaN	11.7920	-11.0704	16.1675	174861.3418	174861.6462	0.0000	1.0000	0.5433	0.6889
17gy01	2	25	0	1	2.0000	1.0000	-1.0000	0.7832	NaN	NaN	NaN	174862.7667	174863.1767	0.0000	1.0000	0.6458	0.8054
17gy01	2	26	0	1	1.0000	1.0000	1.0000	NaN	10.6220	9.8026	15.1683	174866.2436	174866.5483	1.0000	1.0000	0.4252	0.5384
17gy01	2	26	0	1	2.0000	1.0000	1.0000	0.0359	NaN	NaN	NaN	174867.5196	174867.9050	1.0000	1.0000	1.0058	1.1496
17gy01	2	27	0	1	1.0000	1.0000	1.0000	NaN	4.4218	3.5004	15.1317	174871.0555	174871.3577	0.0000	0.0000	0.9290	1.0572
17gy01	2	27	0	1	2.0000	1.0000	1.0000	0.1743	NaN	NaN	NaN	174872.8434	174873.1973	1.0000	1.0000	0.4642	0.6259
17gy01	2	28	0	1	1.0000	1.0000	-1.0000	NaN	1.0262	-2.4168	13.4184	174875.9225	174876.2271	0.0000	1.0000	1.5304	1.6596
17gy01	2	28	0	1	2.0000	1.0000	-1.0000	0.4825	NaN	NaN	NaN	174878.3203	174878.7378	1.0000	0.0000	0.4769	0.6363
17gy01	2	29	0	1	1.0000	1.0000	-1.0000	NaN	0.3506	-0.7774	13.8356	174881.5265	174881.8327	0.0000	1.0000	1.1409	1.2859
17gy01	2	29	0	1	2.0000	1.0000	-1.0000	0.7610	NaN	NaN	NaN	174883.5512	174883.9708	0.0000	1.0000	1.2267	1.3724
17gy01	2	30	0	1	1.0000	1.0000	1.0000	NaN	11.6238	13.8767	15.3485	174887.5553	174887.8598	1.0000	1.0000	2.0738	2.1714
17gy01	2	30	0	1	2.0000	1.0000	-1.0000	0.6824	NaN	NaN	NaN	174890.4628	174890.8753	0.0000	1.0000	0.6262	0.7558
17gy01	2	31	0	1	1.0000	1.0000	-1.0000	NaN	1.4798	-0.8834	13.4466	174893.8397	174894.1442	0.0000	1.0000	2.4933	2.5900
17gy01	2	31	0	1	2.0000	1.0000	-1.0000	0.2279	NaN	NaN	NaN	174897.1659	174897.5671	1.0000	0.0000	0.6544	0.7998
17gy01	2	32	0	1	1.0000	1.0000	1.0000	NaN	6.5641	8.0542	13.2915	174900.4834	174900.7856	1.0000	1.0000	1.0999	1.2297
17gy01	2	32	0	1	2.0000	1.0000	-1.0000	0.4284	NaN	NaN	NaN	174902.4440	174902.8002	0.0000	1.0000	0.6055	0.7667
17gy01	2	33	0	1	1.0000	1.0000	1.0000	NaN	0.5163	0.9017	16.9284	174905.8189	174906.1211	1.0000	1.0000	1.2691	1.3982
17gy01	2	33	0	1	2.0000	1.0000	1.0000	0.0146	NaN	NaN	NaN	174907.9480	174908.3010	1.0000	1.0000	0.9125	1.0580
17gy01	2	34	0	1	1.0000	1.0000	-1.0000	NaN	4.1998	-4.4630	13.7759	174911.2848	174911.5870	0.0000	1.0000	0.4913	0.6360
17gy01	2	34	0	1	2.0000	1.0000	-1.0000	0.8828	NaN	NaN	NaN	174912.6526	174913.0024	0.0000	1.0000	0.9471	1.1078
17gy01	2	35	0	1	1.0000	1.0000	1.0000	NaN	7.2260	6.7309	14.1576	174916.2610	174916.5646	0.0000	0.0000	1.8978	1.9945
17gy01	2	35	0	1	2.0000	1.0000	1.0000	0.0064	NaN	NaN	NaN	174918.9879	174919.3452	0.0000	0.0000	0.8123	0.9735
17gy01	2	36	0	1	1.0000	1.0000	-1.0000	NaN	3.0901	-2.0931	15.4176	174922.6892	174922.9936	0.0000	1.0000	3.8679	3.9651
17gy01	2	36	0	1	2.0000	1.0000	-1.0000	0.1418	NaN	NaN	NaN	174927.3904	174927.8074	0.0000	1.0000	0.8952	1.0718
17gy01	2	37	0	1	1.0000	1.0000	-1.0000	NaN	4.8217	-3.8462	17.0633	174931.0678	174931.3725	1.0000	0.0000	1.2810	1.4096
17gy01	2	37	0	1	2.0000	1.0000	1.0000	0.4876	NaN	NaN	NaN	174933.2143	174933.6350	1.0000	1.0000	0.6837	0.8443
17gy01	2	38	0	1	1.0000	1.0000	-1.0000	NaN	1.2811	-1.4998	14.9835	174936.3584	174936.6654	1.0000	0.0000	2.7085	2.8217
17gy01	2	38	0	1	2.0000	1.0000	-1.0000	0.6852	NaN	NaN	NaN	174939.9216	174940.3395	1.0000	0.0000	0.4913	0.6511
17gy01	2	39	0	1	1.0000	1.0000	-1.0000	NaN	10.5558	-9.2998	14.5047	174943.3685	174943.6730	0.0000	1.0000	1.2046	1.3178
17gy01	2	39	0	1	2.0000	1.0000	1.0000	0.8610	NaN	NaN	NaN	174945.4225	174945.8393	1.0000	1.0000	0.6708	0.7997
17gy01	2	40	0	1	1.0000	1.0000	-1.0000	NaN	8.2706	-9.8118	16.5551	174949.1016	174949.4061	0.0000	1.0000	0.5768	0.7213
17gy01	2	40	0	1	2.0000	1.0000	-1.0000	0.6214	NaN	NaN	NaN	174950.5592	174950.9718	1.0000	0.0000	1.2989	1.4428
17gy01	2	41	0	1	1.0000	1.0000	1.0000	NaN	11.4027	10.3595	16.0897	174954.3181	174954.6223	1.0000	1.0000	0.6872	0.8166
17gy01	2	41	0	1	2.0000	1.0000	-1.0000	0.3012	NaN	NaN	NaN	174955.8711	174956.2534	1.0000	0.0000	0.4489	0.6254
17gy01	2	42	0	1	1.0000	1.0000	-1.0000	NaN	7.4647	-7.9202	13.9277	174959.3748	174959.6776	0.0000	1.0000	0.4170	0.5614
17gy01	2	42	0	1	2.0000	1.0000	-1.0000	0.8104	NaN	NaN	NaN	174960.6676	174961.0196	0.0000	1.0000	0.4979	0.6590
17gy01	2	43	0	1	1.0000	1.0000	1.0000	NaN	2.7111	3.4623	15.0844	174963.8545	174964.1567	0.0000	0.0000	2.0176	2.0981
17gy01	2	43	0	1	2.0000	1.0000	1.0000	0.1850	NaN	NaN	NaN	174966.6834	174967.0918	1.0000	1.0000	0.5857	0.7313
17gy01	2	44	0	1	1.0000	1.0000	-1.0000	NaN	0.9103	-0.3988	13.9545	174969.9236	174970.2305	0.0000	1.0000	3.1602	3.2563
17gy01	2	44	0	1	2.0000	1.0000	-1.0000	0.5394	NaN	NaN	NaN	174973.9209	174974.3092	1.0000	0.0000	0.4884	0.6500
17gy01	2	45	0	1	1.0000	1.0000	-1.0000	NaN	4.2379	-3.8947	16.5162	174977.4007	174977.7029	1.0000	0.0000	2.0238	2.2957
17gy01	2	45	0	1	2.0000	1.0000	-1.0000	0.2230	NaN	NaN	NaN	174980.4272	174980.7808	1.0000	0.0000	0.8175	0.9777
17gy01	2	46	0	1	1.0000	1.0000	-1.0000	NaN	9.9699	-10.6539	15.7758	174983.9003	174984.2025	0.0000	1.0000	1.5555	1.6846
17gy01	2	46	0	1	2.0000	1.0000	1.0000	0.3341	NaN	NaN	NaN	174986.3159	174986.6690	1.0000	1.0000	0.6891	0.8340
17gy01	2	47	0	1	1.0000	1.0000	-1.0000	NaN	1.5837	-2.8581	13.6419	174989.7791	174990.0812	0.0000	1.0000	1.1813	1.3099
17gy01	2	47	0	1	2.0000	1.0000	1.0000	0.0916	NaN	NaN	NaN	174991.8198	174992.1748	1.0000	1.0000	1.5998	1.7276
17gy01	2	48	0	1	1.0000	1.0000	-1.0000	NaN	8.7807	-8.4512	14.5151	174996.0787	174996.3810	0.0000	1.0000	2.0817	2.1940
17gy01	2	48	0	1	2.0000	1.0000	-1.0000	0.6167	NaN	NaN	NaN	174999.0036	174999.3577	0.0000	1.0000	0.5770	0.7211
17gy01	2	49	0	1	1.0000	1.0000	1.0000	NaN	11.0063	12.2254	15.9338	175002.0806	175002.3829	1.0000	1.0000	0.4798	0.6084
17gy01	2	49	0	1	2.0000	1.0000	1.0000	0.5222	NaN	NaN	NaN	175003.4199	175003.7742	1.0000	1.0000	0.4971	0.6574
17gy01	2	50	0	1	1.0000	1.0000	1.0000	NaN	11.9536	12.0184	14.3623	175006.7321	175007.0343	1.0000	1.0000	1.1084	1.2369
17gy01	2	50	0	1	2.0000	1.0000	1.0000	0.5114	NaN	NaN	NaN	175008.6999	175009.0508	1.0000	1.0000	0.4828	0.6432
17gy01	3	1	0	1	1.0000	1.0000	1.0000	NaN	1.0132	1.1158	14.9152	175014.0807	175014.3855	1.0000	1.0000	0.8760	0.9893
17gy01	3	1	0	1	2.0000	1.0000	-1.0000	0.8253	NaN	NaN	NaN	175015.8070	175016.2322	0.0000	1.0000	0.3734	0.5020
17gy01	3	2	0	1	1.0000	1.0000	1.0000	NaN	2.2852	2.7649	16.6633	175019.1982	175019.5031	0.0000	0.0000	0.5276	0.6721
17gy01	3	2	0	1	2.0000	1.0000	1.0000	0.6357	NaN	NaN	NaN	175020.6073	175021.0305	1.0000	1.0000	0.2631	0.3920
17gy01	3	3	0	1	1.0000	1.0000	-1.0000	NaN	7.4887	-7.9478	15.1597	175023.7534	175024.0597	0.0000	1.0000	0.3712	0.4990
17gy01	3	3	0	1	2.0000	1.0000	1.0000	0.4645	NaN	NaN	NaN	175024.9905	175025.3998	1.0000	1.0000	0.4065	0.5509
17gy01	3	4	0	1	1.0000	1.0000	-1.0000	NaN	6.3257	-6.1386	15.0957	175027.9013	175028.2035	0.0000	1.0000	1.5238	1.6678
17gy01	3	4	0	1	2.0000	1.0000	-1.0000	0.4181	NaN	NaN	NaN	175030.3000	175030.6564	1.0000	0.0000	0.5582	0.6868
17gy01	3	5	0	1	1.0000	1.0000	-1.0000	NaN	9.0447	-8.2966	15.2067	175033.9147	175034.2170	0.0000	1.0000	0.4533	0.5658
17gy01	3	5	0	1	2.0000	1.0000	1.0000	0.7193	NaN	NaN	NaN	175035.2128	175035.5632	1.0000	1.0000	0.4832	0.6281
17gy01	3	6	0	1	1.0000	1.0000	1.0000	NaN	9.7714	11.8593	14.1359	175038.3431	175038.6454	1.0000	1.0000	0.4088	0.5380
17gy01	3	6	0	1	2.0000	1.0000	-1.0000	0.2416	NaN	NaN	NaN	175039.6130	175039.9632	1.0000	0.0000	0.4984	0.6441
17gy01	3	7	0	1	1.0000	1.0000	-1.0000	NaN	8.1837	-6.5157	15.0096	175042.7757	175043.0778	0.0000	1.0000	0.9366	1.0172
17gy01	3	7	0	1	2.0000	1.0000	-1.0000	0.0566	NaN	NaN	NaN	175044.5236	175044.8776	1.0000	0.0000	0.8480	0.9937
17gy01	3	8	0	1	1.0000	1.0000	1.0000	NaN	6.9207	7.9944	13.8176	175048.1928	175048.4950	1.0000	1.0000	0.4146	0.5123
17gy01	3	8	0	1	2.0000	1.0000	-1.0000	0.7652	NaN	NaN	NaN	175049.4361	175049.7929	1.0000	0.0000	1.5497	1.6778
17gy01	3	9	0	1	1.0000	1.0000	1.0000	NaN	2.6610	0.9888	15.6809	175053.7425	175054.0448	1.0000	1.0000	0.6740	0.7865
17gy01	3	9	0	1	2.0000	1.0000	1.0000	0.6757	NaN	NaN	NaN	175055.2613	175055.6123	1.0000	1.0000	0.4498	0.5787
17gy01	3	10	0	1	1.0000	1.0000	-1.0000	NaN	6.2598	-3.6944	16.0230	175058.1424	175058.4468	1.0000	0.0000	1.6628	1.7765
17gy01	3	10	0	1	2.0000	1.0000	-1.0000	0.0679	NaN	NaN	NaN	175060.6551	175061.0669	0.0000	1.0000	0.5797	0.7086
17gy01	3	11	0	1	1.0000	1.0000	-1.0000	NaN	4.0455	-4.4833	14.5570	175063.6802	175063.9852	0.0000	1.0000	1.5811	1.6770
17gy01	3	11	0	1	2.0000	1.0000	1.0000	0.0113	NaN	NaN	NaN	175066.0966	175066.5172	1.0000	1.0000	1.5775	1.7058
17gy01	3	12	0	1	1.0000	1.0000	-1.0000	NaN	2.2675	-2.9804	15.8941	175070.5318	175070.8366	0.0000	1.0000	0.3626	0.4428
17gy01	3	12	0	1	2.0000	1.0000	1.0000	0.7075	NaN	NaN	NaN	175071.7139	175072.1330	1.0000	1.0000	0.3447	0.4897
17gy01	3	13	0	1	1.0000	1.0000	1.0000	NaN	8.9176	7.5189	15.7801	175074.8314	175075.1359	1.0000	1.0000	1.6305	1.7589
17gy01	3	13	0	1	2.0000	1.0000	1.0000	0.7199	NaN	NaN	NaN	175077.3292	175077.7494	0.0000	0.0000	0.8407	0.9688
17gy01	3	14	0	1	1.0000	1.0000	-1.0000	NaN	2.0151	-1.8916	15.5035	175080.8276	175081.1322	1.0000	0.0000	2.8024	2.8991
17gy01	3	14	0	1	2.0000	1.0000	-1.0000	0.4654	NaN	NaN	NaN	175084.4651	175084.8536	1.0000	0.0000	1.2252	1.3692
17gy01	3	15	0	1	1.0000	1.0000	1.0000	NaN	2.2425	1.7775	15.8094	175088.7201	175089.0230	1.0000	1.0000	0.8632	0.9763
17gy01	3	15	0	1	2.0000	1.0000	1.0000	0.7554	NaN	NaN	NaN	175090.4280	175090.7797	1.0000	1.0000	0.5304	0.7072
17gy01	3	16	0	1	1.0000	1.0000	1.0000	NaN	4.4092	5.2062	15.2217	175093.6125	175093.9148	1.0000	1.0000	0.6596	0.7721
17gy01	3	16	0	1	2.0000	1.0000	-1.0000	0.3757	NaN	NaN	NaN	175095.1155	175095.4696	0.0000	1.0000	1.1360	1.2650
17gy01	3	17	0	1	1.0000	1.0000	-1.0000	NaN	5.6511	-6.1744	15.6918	175098.5357	175098.8392	0.0000	1.0000	0.7437	0.8238
17gy01	3	17	0	1	2.0000	1.0000	-1.0000	0.5686	NaN	NaN	NaN	175100.0931	175100.4433	1.0000	0.0000	0.6588	0.8198
17gy01	3	18	0	1	1.0000	1.0000	1.0000	NaN	0.3665	1.7844	16.5981	175103.1312	175103.4334	1.0000	1.0000	0.4526	0.5818
17gy01	3	18	0	1	2.0000	1.0000	-1.0000	0.1879	NaN	NaN	NaN	175104.4438	175104.7960	0.0000	1.0000	1.6666	1.7953
17gy01	3	19	0	1	1.0000	1.0000	-1.0000	NaN	6.5745	-8.7359	14.4354	175108.5962	175108.9006	0.0000	1.0000	1.1463	1.2584
17gy01	3	19	0	1	2.0000	1.0000	1.0000	0.4017	NaN	NaN	NaN	175110.5935	175110.9911	1.0000	1.0000	0.5586	0.7040
17gy01	3	20	0	1	1.0000	1.0000	-1.0000	NaN	2.7659	-1.2658	14.7706	175113.4221	175113.7242	0.0000	1.0000	0.4014	0.5462
17gy01	3	20	0	1	2.0000	1.0000	-1.0000	0.4474	NaN	NaN	NaN	175114.6990	175115.0564	0.0000	1.0000	1.1498	1.2945
17gy01	3	21	0	1	1.0000	1.0000	-1.0000	NaN	4.0846	-4.9304	15.6331	175118.2270	175118.5292	1.0000	0.0000	1.0204	1.1334
17gy01	3	21	0	1	2.0000	1.0000	-1.0000	0.9118	NaN	NaN	NaN	175120.0923	175120.4424	1.0000	0.0000	0.8513	1.0129
17gy01	3	22	0	1	1.0000	1.0000	-1.0000	NaN	5.1390	-6.2218	15.2880	175123.8961	175124.1983	0.0000	1.0000	0.6646	0.7773
17gy01	3	22	0	1	2.0000	1.0000	1.0000	0.1814	NaN	NaN	NaN	175125.4042	175125.7570	1.0000	1.0000	0.9286	1.0734
17gy01	3	23	0	1	1.0000	1.0000	-1.0000	NaN	2.3774	-1.6721	14.9363	175128.7067	175129.0089	0.0000	1.0000	1.0538	1.1499
17gy01	3	23	0	1	2.0000	1.0000	-1.0000	0.3538	NaN	NaN	NaN	175130.5874	175130.9401	0.0000	1.0000	1.0096	1.1553
17gy01	3	24	0	1	1.0000	1.0000	-1.0000	NaN	11.4901	-12.8865	15.6647	175134.2461	175134.5484	0.0000	1.0000	0.5538	0.6817
17gy01	3	24	0	1	2.0000	1.0000	1.0000	0.5195	NaN	NaN	NaN	175135.6588	175136.0110	0.0000	0.0000	1.0594	1.2198
17gy01	3	25	0	1	1.0000	1.0000	-1.0000	NaN	1.2798	-0.2363	16.0182	175139.0988	175139.4011	0.0000	1.0000	1.8451	1.9412
17gy01	3	25	0	1	2.0000	1.0000	1.0000	0.4205	NaN	NaN	NaN	175141.7712	175142.1228	1.0000	1.0000	0.5314	0.6916
17gy01	3	26	0	1	1.0000	1.0000	-1.0000	NaN	5.2284	-7.5630	14.4772	175145.1909	175145.4931	0.0000	1.0000	1.8652	1.9622
17gy01	3	26	0	1	2.0000	1.0000	1.0000	0.2163	NaN	NaN	NaN	175147.8840	175148.2380	1.0000	1.0000	0.7836	0.9295
17gy01	3	27	0	1	1.0000	1.0000	1.0000	NaN	9.6034	10.2851	15.9871	175151.3681	175151.6702	1.0000	1.0000	0.5035	0.6326
17gy01	3	27	0	1	2.0000	1.0000	1.0000	0.4611	NaN	NaN	NaN	175152.7316	175153.0877	1.0000	1.0000	1.9179	2.0465
17gy01	3	28	0	1	1.0000	1.0000	-1.0000	NaN	3.8352	-6.9906	14.4630	175157.4726	175157.7767	0.0000	1.0000	0.6059	0.7335
17gy01	3	28	0	1	2.0000	1.0000	1.0000	0.0654	NaN	NaN	NaN	175158.9450	175159.3620	1.0000	1.0000	0.7008	0.8613
17gy01	3	29	0	1	1.0000	1.0000	1.0000	NaN	7.9983	8.7232	13.8743	175162.6821	175162.9892	1.0000	1.0000	0.4011	0.5461
17gy01	3	29	0	1	2.0000	1.0000	1.0000	0.6632	NaN	NaN	NaN	175163.9669	175164.3785	0.0000	0.0000	1.5404	1.7324
17gy01	3	30	0	1	1.0000	1.0000	1.0000	NaN	8.8543	9.5946	15.6549	175168.2119	175168.5168	1.0000	1.0000	0.6337	0.7458
17gy01	3	30	0	1	2.0000	1.0000	-1.0000	0.0500	NaN	NaN	NaN	175169.6942	175170.1115	0.0000	1.0000	2.2384	2.3677
17gy01	3	31	0	1	1.0000	1.0000	1.0000	NaN	4.7911	4.3142	16.5024	175174.4411	175174.7456	1.0000	1.0000	0.9648	1.0932
17gy01	3	31	0	1	2.0000	1.0000	-1.0000	0.0574	NaN	NaN	NaN	175176.2727	175176.6893	0.0000	1.0000	1.5655	1.7095
17gy01	3	32	0	1	1.0000	1.0000	1.0000	NaN	7.6624	7.3327	14.6185	175180.8077	175181.1121	1.0000	1.0000	0.4066	0.5187
17gy01	3	32	0	1	2.0000	1.0000	1.0000	0.6649	NaN	NaN	NaN	175182.0626	175182.4771	1.0000	1.0000	0.7053	0.8664
17gy01	3	33	0	1	1.0000	1.0000	-1.0000	NaN	1.6328	-2.5732	13.9496	175185.4541	175185.7582	0.0000	1.0000	0.4320	0.5451
17gy01	3	33	0	1	2.0000	1.0000	-1.0000	0.1383	NaN	NaN	NaN	175186.7350	175187.1434	0.0000	1.0000	0.8063	0.9681
17gy01	3	34	0	1	1.0000	1.0000	-1.0000	NaN	7.7372	-7.7725	15.7858	175190.3233	175190.6273	0.0000	1.0000	1.0353	1.1479
17gy01	3	34	0	1	2.0000	1.0000	1.0000	0.8127	NaN	NaN	NaN	175192.2094	175192.6270	1.0000	1.0000	0.5393	0.6992
17gy01	3	35	0	1	1.0000	1.0000	-1.0000	NaN	2.1822	-2.0312	14.7813	175195.3109	175195.6154	0.0000	1.0000	0.5429	0.6868
17gy01	3	35	0	1	2.0000	1.0000	1.0000	0.8651	NaN	NaN	NaN	175196.7336	175197.1430	1.0000	1.0000	0.5040	0.6795
17gy01	3	36	0	1	1.0000	1.0000	1.0000	NaN	9.3662	8.0318	14.6163	175200.2064	175200.5106	1.0000	1.0000	0.4964	0.6248
17gy01	3	36	0	1	2.0000	1.0000	1.0000	0.3272	NaN	NaN	NaN	175201.5667	175201.9760	1.0000	1.0000	0.5661	0.7264
17gy01	3	37	0	1	1.0000	1.0000	1.0000	NaN	5.8633	7.1702	14.5600	175204.9613	175205.2682	1.0000	1.0000	0.8415	0.9871
17gy01	3	37	0	1	2.0000	1.0000	-1.0000	0.6938	NaN	NaN	NaN	175206.6898	175207.1096	0.0000	1.0000	1.4486	1.5931
17gy01	3	38	0	1	1.0000	1.0000	-1.0000	NaN	6.9958	-5.2102	16.4459	175211.0893	175211.3937	0.0000	1.0000	1.5800	1.7252
17gy01	3	38	0	1	2.0000	1.0000	-1.0000	0.3654	NaN	NaN	NaN	175213.5509	175213.9712	0.0000	1.0000	0.7945	0.9721
17gy01	3	39	0	1	1.0000	1.0000	-1.0000	NaN	5.0072	-5.7104	12.5760	175217.0782	175217.3853	1.0000	0.0000	2.3570	2.4859
17gy01	3	39	0	1	2.0000	1.0000	1.0000	0.2280	NaN	NaN	NaN	175220.3055	175220.7023	1.0000	1.0000	0.7844	0.9608
17gy01	3	40	0	1	1.0000	1.0000	1.0000	NaN	7.0088	7.0959	15.3555	175224.2388	175224.5433	0.0000	0.0000	1.2144	1.3120
17gy01	3	40	0	1	2.0000	1.0000	1.0000	0.3267	NaN	NaN	NaN	175226.2895	175226.7087	0.0000	0.0000	1.0331	1.1783
17gy01	3	41	0	1	1.0000	1.0000	1.0000	NaN	5.1798	8.3001	14.3181	175230.1883	175230.4928	1.0000	1.0000	0.3701	0.4988
17gy01	3	41	0	1	2.0000	1.0000	-1.0000	0.2774	NaN	NaN	NaN	175231.4244	175231.8413	1.0000	0.0000	0.5581	0.7177
17gy01	3	42	0	1	1.0000	1.0000	1.0000	NaN	3.3123	4.0454	15.5267	175234.9146	175235.2189	1.0000	1.0000	1.6908	1.8038
17gy01	3	42	0	1	2.0000	1.0000	1.0000	0.7170	NaN	NaN	NaN	175237.4571	175237.8747	1.0000	1.0000	0.5075	0.6687
17gy01	3	43	0	1	1.0000	1.0000	-1.0000	NaN	0.0138	-0.6718	15.2421	175240.5062	175240.8105	0.0000	1.0000	1.3804	1.4763
17gy01	3	43	0	1	2.0000	1.0000	1.0000	0.8702	NaN	NaN	NaN	175242.7211	175243.1411	1.0000	1.0000	0.9379	1.0982
17gy01	3	44	0	1	1.0000	1.0000	-1.0000	NaN	5.1625	-4.5496	16.0772	175246.4223	175246.7266	0.0000	1.0000	0.4242	0.5364
17gy01	3	44	0	1	2.0000	1.0000	1.0000	0.8772	NaN	NaN	NaN	175247.6943	175248.1072	1.0000	1.0000	0.6110	0.7552
17gy01	3	45	0	1	1.0000	1.0000	1.0000	NaN	2.9003	3.1864	15.1793	175251.2004	175251.5051	0.0000	0.0000	0.9734	1.0693
17gy01	3	45	0	1	2.0000	1.0000	-1.0000	0.3703	NaN	NaN	NaN	175253.0070	175253.4246	1.0000	0.0000	0.8300	0.9429
17gy01	3	46	0	1	1.0000	1.0000	-1.0000	NaN	9.3500	-8.8418	14.6800	175256.4010	175256.7058	0.0000	1.0000	0.4771	0.5732
17gy01	3	46	0	1	2.0000	1.0000	-1.0000	0.5043	NaN	NaN	NaN	175257.7109	175258.1369	0.0000	1.0000	0.6297	0.7749
17gy01	3	47	0	1	1.0000	1.0000	-1.0000	NaN	11.9890	-13.2855	15.4232	175261.3239	175261.6296	0.0000	1.0000	0.4482	0.5451
17gy01	3	47	0	1	2.0000	1.0000	1.0000	0.1216	NaN	NaN	NaN	175262.6066	175263.0236	1.0000	1.0000	0.5907	0.7352
17gy01	3	48	0	1	1.0000	1.0000	-1.0000	NaN	11.7570	-12.8811	14.1703	175266.1467	175266.4511	0.0000	1.0000	0.3316	0.4278
17gy01	3	48	0	1	2.0000	1.0000	-1.0000	0.8596	NaN	NaN	NaN	175267.3106	175267.6948	0.0000	1.0000	0.6870	0.8322
17gy01	3	49	0	1	1.0000	1.0000	-1.0000	NaN	7.4051	-7.7355	15.0822	175270.3835	175270.6878	0.0000	1.0000	0.9268	1.0239
17gy01	3	49	0	1	2.0000	1.0000	1.0000	0.2759	NaN	NaN	NaN	175272.1435	175272.5564	1.0000	1.0000	0.4344	0.5781
17gy01	3	50	0	1	1.0000	1.0000	1.0000	NaN	0.9735	1.3089	13.1004	175275.3694	175275.6739	1.0000	1.0000	0.3559	0.4851
17gy01	3	50	0	1	2.0000	1.0000	1.0000	0.7412	NaN	NaN	NaN	175276.5908	175276.9828	1.0000	1.0000	0.6001	0.7442
