50ll01	1	1	0	0	1.0000	0.0000	1.0000	0.1424	NaN	NaN	NaN	1855.6492	1856.0163	1.0000	1.0000	0.9846
50ll01	1	1	0	0	2.0000	0.0000	1.0000	NaN	7.9153	7.4400	13.6185	1857.6038	1857.9049	1.0000	1.0000	1.0147
50ll01	1	2	0	0	1.0000	0.0000	1.0000	0.9115	NaN	NaN	NaN	1861.2491	1861.5887	1.0000	1.0000	0.2748
50ll01	1	2	0	0	2.0000	0.0000	-1.0000	NaN	7.8689	-9.9901	14.0097	1862.4266	1862.7279	1.0000	0.0000	1.8963
50ll01	1	3	0	0	1.0000	0.0000	1.0000	0.8464	NaN	NaN	NaN	1867.1161	1867.4536	1.0000	1.0000	0.4354
50ll01	1	3	0	0	2.0000	0.0000	1.0000	NaN	4.0100	3.8655	14.7260	1868.4481	1868.7491	0.0000	0.0000	0.7311
50ll01	1	4	0	0	1.0000	0.0000	-1.0000	0.2128	NaN	NaN	NaN	1871.7563	1872.0880	1.0000	0.0000	0.7915
50ll01	1	4	0	0	2.0000	0.0000	1.0000	NaN	8.0140	8.5787	15.0297	1873.4469	1873.7479	1.0000	1.0000	0.9717
50ll01	1	5	0	0	1.0000	0.0000	1.0000	0.6121	NaN	NaN	NaN	1877.3173	1877.6624	0.0000	0.0000	0.7938
50ll01	1	5	0	0	2.0000	0.0000	1.0000	NaN	4.5433	4.2289	15.9777	1879.0127	1879.3137	0.0000	0.0000	0.6391
50ll01	1	6	0	0	1.0000	0.0000	1.0000	0.3089	NaN	NaN	NaN	1881.8899	1882.2224	0.0000	0.0000	1.3388
50ll01	1	6	0	0	2.0000	0.0000	-1.0000	NaN	1.2676	-1.8226	13.6285	1884.0918	1884.3928	0.0000	1.0000	0.3907
50ll01	1	7	0	0	1.0000	0.0000	1.0000	0.9113	NaN	NaN	NaN	1887.1662	1887.4958	1.0000	1.0000	0.4173
50ll01	1	7	0	0	2.0000	0.0000	-1.0000	NaN	6.5666	-6.6205	15.0926	1888.4782	1888.7792	1.0000	0.0000	0.9902
50ll01	1	8	0	0	1.0000	0.0000	-1.0000	0.2818	NaN	NaN	NaN	1891.9838	1892.3171	0.0000	1.0000	0.4511
50ll01	1	8	0	0	2.0000	0.0000	1.0000	NaN	3.8253	2.7313	16.5537	1893.3173	1893.6183	1.0000	1.0000	1.4228
50ll01	1	9	0	0	1.0000	0.0000	-1.0000	0.4244	NaN	NaN	NaN	1897.3724	1897.7021	0.0000	1.0000	0.5395
50ll01	1	9	0	0	2.0000	0.0000	-1.0000	NaN	3.6762	-1.8751	13.8435	1898.7975	1899.0985	0.0000	1.0000	0.3409
50ll01	1	10	0	0	1.0000	0.0000	1.0000	0.4852	NaN	NaN	NaN	1901.6809	1902.0144	1.0000	1.0000	0.9849
50ll01	1	10	0	0	2.0000	0.0000	-1.0000	NaN	9.8115	-9.2949	14.2769	1903.5709	1903.8721	0.0000	1.0000	0.4872
50ll01	1	11	0	0	1.0000	0.0000	1.0000	0.7399	NaN	NaN	NaN	1906.5335	1906.8634	0.0000	0.0000	0.9217
50ll01	1	11	0	0	2.0000	0.0000	-1.0000	NaN	5.0814	-5.1593	14.4995	1908.3500	1908.6510	0.0000	1.0000	1.5580
50ll01	1	12	0	0	1.0000	0.0000	1.0000	0.3508	NaN	NaN	NaN	1912.7370	1913.0668	1.0000	1.0000	0.4454
50ll01	1	12	0	0	2.0000	0.0000	-1.0000	NaN	1.3344	-0.9353	15.0522	1914.0687	1914.3699	0.0000	1.0000	0.6474
50ll01	1	13	0	0	1.0000	0.0000	1.0000	0.1574	NaN	NaN	NaN	1917.4231	1917.7543	1.0000	1.0000	0.8610
50ll01	1	13	0	0	2.0000	0.0000	-1.0000	NaN	7.2238	-6.3287	15.1685	1919.1557	1919.4567	1.0000	0.0000	1.0888
50ll01	1	14	0	0	1.0000	0.0000	-1.0000	0.2531	NaN	NaN	NaN	1922.3851	1922.7141	0.0000	1.0000	0.6770
50ll01	1	14	0	0	2.0000	0.0000	1.0000	NaN	1.8439	2.6676	14.3077	1923.9716	1924.2727	1.0000	1.0000	0.3127
50ll01	1	15	0	0	1.0000	0.0000	-1.0000	0.5652	NaN	NaN	NaN	1926.7417	1927.0719	0.0000	1.0000	0.9437
50ll01	1	15	0	0	2.0000	0.0000	1.0000	NaN	3.1465	2.2841	15.1964	1928.5720	1928.8730	1.0000	1.0000	0.5116
50ll01	1	16	0	0	1.0000	0.0000	1.0000	0.6604	NaN	NaN	NaN	1931.1917	1931.5209	1.0000	1.0000	0.2707
50ll01	1	16	0	0	2.0000	0.0000	-1.0000	NaN	0.8159	-0.7356	16.4257	1932.3511	1932.6522	1.0000	0.0000	0.4269
50ll01	1	17	0	0	1.0000	0.0000	-1.0000	0.3186	NaN	NaN	NaN	1935.4670	1935.7946	0.0000	1.0000	1.0461
50ll01	1	17	0	0	2.0000	0.0000	1.0000	NaN	8.1567	8.4861	15.0847	1937.4032	1937.7042	1.0000	1.0000	0.3028
50ll01	1	18	0	0	1.0000	0.0000	1.0000	0.0302	NaN	NaN	NaN	1940.4814	1940.8107	1.0000	1.0000	0.6615
50ll01	1	18	0	0	2.0000	0.0000	-1.0000	NaN	3.3231	-1.1440	16.5555	1942.0284	1942.3294	1.0000	0.0000	0.9355
50ll01	1	19	0	0	1.0000	0.0000	1.0000	0.2477	NaN	NaN	NaN	1945.2394	1945.5678	1.0000	1.0000	0.6411
50ll01	1	19	0	0	2.0000	0.0000	-1.0000	NaN	7.1323	-5.8620	15.7082	1946.7549	1947.0559	0.0000	1.0000	0.3852
50ll01	1	20	0	0	1.0000	0.0000	-1.0000	0.1146	NaN	NaN	NaN	1950.0131	1950.3438	0.0000	1.0000	0.9272
50ll01	1	20	0	0	2.0000	0.0000	-1.0000	NaN	7.0741	-7.1793	14.4917	1951.8358	1952.1369	0.0000	1.0000	0.8163
50ll01	1	21	0	0	1.0000	0.0000	-1.0000	0.8067	NaN	NaN	NaN	1955.1413	1955.4705	0.0000	1.0000	0.6422
50ll01	1	21	0	0	2.0000	0.0000	-1.0000	NaN	11.2079	-11.8396	15.1379	1956.6686	1956.9697	0.0000	1.0000	0.4227
50ll01	1	22	0	0	1.0000	0.0000	1.0000	0.2126	NaN	NaN	NaN	1959.2235	1959.5532	1.0000	1.0000	0.3590
50ll01	1	22	0	0	2.0000	0.0000	1.0000	NaN	9.0152	10.0281	15.2636	1960.4589	1960.7601	1.0000	1.0000	0.5353
50ll01	1	23	0	0	1.0000	0.0000	1.0000	0.6058	NaN	NaN	NaN	1963.8448	1964.1717	1.0000	1.0000	0.9808
50ll01	1	23	0	0	2.0000	0.0000	1.0000	NaN	11.4923	11.7312	15.0942	1965.6910	1965.9920	1.0000	1.0000	0.2970
50ll01	1	24	0	0	1.0000	0.0000	-1.0000	0.4168	NaN	NaN	NaN	1968.1704	1968.5008	0.0000	1.0000	0.4673
50ll01	1	24	0	0	2.0000	0.0000	1.0000	NaN	4.5787	2.9884	15.1208	1969.5161	1969.8172	0.0000	0.0000	0.7176
50ll01	1	25	0	0	1.0000	0.0000	-1.0000	0.1056	NaN	NaN	NaN	1972.4852	1972.8140	1.0000	0.0000	0.4987
50ll01	1	25	0	0	2.0000	0.0000	-1.0000	NaN	3.0968	-2.6127	14.4171	1973.8677	1974.1695	0.0000	1.0000	0.5332
50ll01	1	26	0	0	1.0000	0.0000	-1.0000	0.3714	NaN	NaN	NaN	1977.3838	1977.7179	0.0000	1.0000	1.1370
50ll01	1	26	0	0	2.0000	0.0000	1.0000	NaN	9.9766	9.0662	14.0246	1979.3952	1979.6963	1.0000	1.0000	0.3355
50ll01	1	27	0	0	1.0000	0.0000	-1.0000	0.4040	NaN	NaN	NaN	1982.4976	1982.8268	0.0000	1.0000	1.2599
50ll01	1	27	0	0	2.0000	0.0000	1.0000	NaN	3.7526	3.4680	15.1789	1984.6430	1984.9440	1.0000	1.0000	0.5906
50ll01	1	28	0	0	1.0000	0.0000	1.0000	0.1234	NaN	NaN	NaN	1987.5438	1987.8733	1.0000	1.0000	1.0389
50ll01	1	28	0	0	2.0000	0.0000	-1.0000	NaN	6.8259	-5.6565	15.6087	1989.4832	1989.7842	0.0000	1.0000	0.7368
50ll01	1	29	0	0	1.0000	0.0000	-1.0000	0.6660	NaN	NaN	NaN	1993.0604	1993.3897	0.0000	1.0000	0.4508
50ll01	1	29	0	0	2.0000	0.0000	-1.0000	NaN	7.9961	-7.8286	15.2755	1994.4203	1994.7213	0.0000	1.0000	0.7428
50ll01	1	30	0	0	1.0000	0.0000	1.0000	0.7369	NaN	NaN	NaN	1997.6957	1998.0247	1.0000	1.0000	0.8948
50ll01	1	30	0	0	2.0000	0.0000	-1.0000	NaN	5.8415	-5.7652	16.3610	1999.4838	1999.7849	0.0000	1.0000	1.3104
50ll01	1	31	0	0	1.0000	0.0000	-1.0000	0.7546	NaN	NaN	NaN	2003.0280	2003.3547	0.0000	1.0000	0.3879
50ll01	1	31	0	0	2.0000	0.0000	1.0000	NaN	3.7346	6.4941	14.3557	2004.3142	2004.6153	1.0000	1.0000	1.1217
50ll01	1	32	0	0	1.0000	0.0000	1.0000	0.4750	NaN	NaN	NaN	2007.5525	2007.8825	1.0000	1.0000	0.3412
50ll01	1	32	0	0	2.0000	0.0000	-1.0000	NaN	5.7591	-5.9648	14.7264	2008.7794	2009.0804	0.0000	1.0000	0.5022
50ll01	1	33	0	0	1.0000	0.0000	-1.0000	0.4233	NaN	NaN	NaN	2011.4907	2011.8225	1.0000	0.0000	0.4100
50ll01	1	33	0	0	2.0000	0.0000	-1.0000	NaN	7.7558	-8.2117	15.1032	2012.8032	2013.1044	1.0000	0.0000	1.9125
50ll01	1	34	0	0	1.0000	0.0000	1.0000	0.5507	NaN	NaN	NaN	2017.2175	2017.5456	1.0000	1.0000	0.5185
50ll01	1	34	0	0	2.0000	0.0000	-1.0000	NaN	6.5983	-5.5085	14.1617	2018.6033	2018.9044	1.0000	0.0000	0.7420
50ll01	1	35	0	0	1.0000	0.0000	1.0000	0.7401	NaN	NaN	NaN	2021.7371	2022.0647	1.0000	1.0000	0.3361
50ll01	1	35	0	0	2.0000	0.0000	-1.0000	NaN	8.5804	-10.1771	15.2933	2022.9393	2023.2403	0.0000	1.0000	0.5922
50ll01	1	36	0	0	1.0000	0.0000	-1.0000	0.8576	NaN	NaN	NaN	2025.9293	2026.2586	0.0000	1.0000	0.3656
50ll01	1	36	0	0	2.0000	0.0000	-1.0000	NaN	11.3374	-12.5159	14.9004	2027.1960	2027.4971	0.0000	1.0000	1.0472
50ll01	1	37	0	0	1.0000	0.0000	1.0000	0.1545	NaN	NaN	NaN	2030.6000	2030.9284	1.0000	1.0000	0.5436
50ll01	1	37	0	0	2.0000	0.0000	1.0000	NaN	1.4280	0.7987	15.7706	2032.0294	2032.3304	0.0000	0.0000	0.7900
50ll01	1	38	0	0	1.0000	0.0000	1.0000	0.0793	NaN	NaN	NaN	2035.3352	2035.6683	1.0000	1.0000	0.9619
50ll01	1	38	0	0	2.0000	0.0000	-1.0000	NaN	1.5981	-3.0553	15.8368	2037.2036	2037.5046	1.0000	0.0000	1.1098
50ll01	1	39	0	0	1.0000	0.0000	-1.0000	0.4807	NaN	NaN	NaN	2040.9079	2041.2364	0.0000	1.0000	0.5157
50ll01	1	39	0	0	2.0000	0.0000	1.0000	NaN	8.3889	11.4561	15.6637	2042.3461	2042.6473	1.0000	1.0000	0.9669
50ll01	1	40	0	0	1.0000	0.0000	-1.0000	0.4648	NaN	NaN	NaN	2046.1059	2046.4359	0.0000	1.0000	0.4184
50ll01	1	40	0	0	2.0000	0.0000	1.0000	NaN	4.0526	4.6698	15.7543	2047.4428	2047.7439	1.0000	1.0000	0.5439
50ll01	1	41	0	0	1.0000	0.0000	1.0000	0.6217	NaN	NaN	NaN	2050.6855	2051.0153	1.0000	1.0000	0.3049
50ll01	1	41	0	0	2.0000	0.0000	-1.0000	NaN	4.8914	-4.9250	16.4215	2051.8825	2052.1835	1.0000	0.0000	0.8235
50ll01	1	42	0	0	1.0000	0.0000	1.0000	0.1497	NaN	NaN	NaN	2055.1392	2055.4694	0.0000	0.0000	0.6327
50ll01	1	42	0	0	2.0000	0.0000	1.0000	NaN	11.6471	12.7487	16.5679	2056.6748	2056.9758	1.0000	1.0000	0.4481
50ll01	1	43	0	0	1.0000	0.0000	-1.0000	0.0310	NaN	NaN	NaN	2059.7098	2060.0377	1.0000	0.0000	0.3783
50ll01	1	43	0	0	2.0000	0.0000	1.0000	NaN	6.7344	6.5232	15.1770	2060.9861	2061.2873	1.0000	1.0000	0.6869
50ll01	1	44	0	0	1.0000	0.0000	1.0000	0.9243	NaN	NaN	NaN	2064.3848	2064.7165	1.0000	1.0000	0.3295
50ll01	1	44	0	0	2.0000	0.0000	1.0000	NaN	7.7879	7.0909	14.3820	2065.6104	2065.9115	1.0000	1.0000	0.6886
50ll01	1	45	0	0	1.0000	0.0000	-1.0000	0.0923	NaN	NaN	NaN	2068.9315	2069.2624	0.0000	1.0000	0.5117
50ll01	1	45	0	0	2.0000	0.0000	1.0000	NaN	9.8815	9.9609	14.3570	2070.3550	2070.6560	1.0000	1.0000	0.4540
50ll01	1	46	0	0	1.0000	0.0000	1.0000	0.7564	NaN	NaN	NaN	2073.1202	2073.4507	1.0000	1.0000	0.3232
50ll01	1	46	0	0	2.0000	0.0000	-1.0000	NaN	1.1845	-1.8660	14.2144	2074.3401	2074.6411	0.0000	1.0000	1.2699
50ll01	1	47	0	0	1.0000	0.0000	1.0000	0.0044	NaN	NaN	NaN	2078.3925	2078.7237	1.0000	1.0000	1.3157
50ll01	1	47	0	0	2.0000	0.0000	1.0000	NaN	9.2989	7.6878	14.6851	2080.6045	2080.9055	1.0000	1.0000	0.3262
50ll01	1	48	0	0	1.0000	0.0000	-1.0000	0.2279	NaN	NaN	NaN	2083.5298	2083.8589	0.0000	1.0000	0.3009
50ll01	1	48	0	0	2.0000	0.0000	-1.0000	NaN	10.6381	-9.1095	15.3989	2084.7331	2085.0342	0.0000	1.0000	0.3318
50ll01	1	49	0	0	1.0000	0.0000	1.0000	0.5577	NaN	NaN	NaN	2087.2657	2087.5971	1.0000	1.0000	0.5288
50ll01	1	49	0	0	2.0000	0.0000	1.0000	NaN	2.4929	2.1653	14.6071	2088.6915	2088.9925	1.0000	1.0000	0.3275
50ll01	1	50	0	0	1.0000	0.0000	1.0000	0.3969	NaN	NaN	NaN	2091.3526	2091.6838	1.0000	1.0000	0.3140
50ll01	1	50	0	0	2.0000	0.0000	1.0000	NaN	11.7966	11.3489	15.6250	2092.5376	2092.8387	1.0000	1.0000	0.3191
50ll01	2	1	0	0	1.0000	0.0000	-1.0000	0.9349	NaN	NaN	NaN	2098.2374	2098.5711	0.0000	1.0000	1.1409
50ll01	2	1	0	0	2.0000	0.0000	-1.0000	NaN	2.0060	-1.6325	14.4679	2100.2915	2100.5925	0.0000	1.0000	0.7414
50ll01	2	2	0	0	1.0000	0.0000	1.0000	0.5195	NaN	NaN	NaN	2103.6249	2103.9548	1.0000	1.0000	0.2360
50ll01	2	2	0	0	2.0000	0.0000	1.0000	NaN	6.2536	7.8604	14.8850	2104.7544	2105.0554	1.0000	1.0000	0.3184
50ll01	2	3	0	0	1.0000	0.0000	1.0000	0.6771	NaN	NaN	NaN	2107.9159	2108.2463	1.0000	1.0000	0.2416
50ll01	2	3	0	0	2.0000	0.0000	-1.0000	NaN	6.0057	-6.4367	16.3654	2109.0421	2109.3431	0.0000	1.0000	0.3367
50ll01	2	4	0	0	1.0000	0.0000	-1.0000	0.3225	NaN	NaN	NaN	2112.3263	2112.6560	0.0000	1.0000	0.4552
50ll01	2	4	0	0	2.0000	0.0000	1.0000	NaN	11.4196	12.4441	15.7100	2113.6827	2113.9837	1.0000	1.0000	0.2381
50ll01	2	5	0	0	1.0000	0.0000	1.0000	0.5062	NaN	NaN	NaN	2116.1050	2116.4330	1.0000	1.0000	0.2927
50ll01	2	5	0	0	2.0000	0.0000	1.0000	NaN	4.2087	6.0711	17.3941	2117.2985	2117.5999	1.0000	1.0000	0.2619
50ll01	2	6	0	0	1.0000	0.0000	-1.0000	0.1698	NaN	NaN	NaN	2120.2699	2120.6010	0.0000	1.0000	0.3508
50ll01	2	6	0	0	2.0000	0.0000	-1.0000	NaN	5.0746	-5.3867	14.9411	2121.5393	2121.8403	0.0000	1.0000	0.3975
50ll01	2	7	0	0	1.0000	0.0000	-1.0000	0.2469	NaN	NaN	NaN	2124.6371	2124.9653	0.0000	1.0000	0.4424
50ll01	2	7	0	0	2.0000	0.0000	1.0000	NaN	9.6008	9.4215	15.0832	2125.9783	2126.2793	1.0000	1.0000	0.3039
50ll01	2	8	0	0	1.0000	0.0000	1.0000	0.4311	NaN	NaN	NaN	2128.8565	2129.1871	1.0000	1.0000	0.2604
50ll01	2	8	0	0	2.0000	0.0000	1.0000	NaN	5.1887	6.1448	15.0810	2129.9944	2130.2954	1.0000	1.0000	0.5035
50ll01	2	9	0	0	1.0000	0.0000	1.0000	0.8605	NaN	NaN	NaN	2133.1720	2133.5043	1.0000	1.0000	0.2065
50ll01	2	9	0	0	2.0000	0.0000	-1.0000	NaN	1.5238	-1.4954	15.6321	2134.2512	2134.5522	1.0000	0.0000	0.3351
50ll01	2	10	0	0	1.0000	0.0000	-1.0000	0.2385	NaN	NaN	NaN	2136.8440	2137.1733	1.0000	0.0000	0.6402
50ll01	2	10	0	0	2.0000	0.0000	-1.0000	NaN	7.3925	-8.7444	14.4679	2138.3701	2138.6713	0.0000	1.0000	0.8394
50ll01	2	11	0	0	1.0000	0.0000	1.0000	0.3960	NaN	NaN	NaN	2141.7731	2142.1056	1.0000	1.0000	0.2614
50ll01	2	11	0	0	2.0000	0.0000	1.0000	NaN	7.8823	6.0546	15.2166	2142.9133	2143.2145	1.0000	1.0000	0.7769
50ll01	2	12	0	0	1.0000	0.0000	-1.0000	0.4377	NaN	NaN	NaN	2146.0888	2146.4171	0.0000	1.0000	0.3749
50ll01	2	12	0	0	2.0000	0.0000	-1.0000	NaN	11.7797	-13.1764	15.1504	2147.3705	2147.6715	0.0000	1.0000	0.3819
50ll01	2	13	0	0	1.0000	0.0000	-1.0000	0.7772	NaN	NaN	NaN	2150.4184	2150.7470	0.0000	1.0000	0.4344
50ll01	2	13	0	0	2.0000	0.0000	-1.0000	NaN	9.8106	-6.4895	15.4395	2151.7460	2152.0470	0.0000	1.0000	0.4384
50ll01	2	14	0	0	1.0000	0.0000	1.0000	0.5794	NaN	NaN	NaN	2154.5505	2154.8865	1.0000	1.0000	0.2010
50ll01	2	14	0	0	2.0000	0.0000	1.0000	NaN	7.4120	7.0504	15.8986	2155.6351	2155.9363	1.0000	1.0000	0.5507
50ll01	2	15	0	0	1.0000	0.0000	1.0000	0.8321	NaN	NaN	NaN	2158.6116	2158.9409	1.0000	1.0000	0.2265
50ll01	2	15	0	0	2.0000	0.0000	-1.0000	NaN	6.6019	-5.8705	16.1633	2159.6978	2159.9988	0.0000	1.0000	0.4004
50ll01	2	16	0	0	1.0000	0.0000	1.0000	0.4280	NaN	NaN	NaN	2162.4879	2162.8159	1.0000	1.0000	0.2614
50ll01	2	16	0	0	2.0000	0.0000	1.0000	NaN	1.0059	2.8831	14.7665	2163.6133	2163.9144	0.0000	0.0000	0.3654
50ll01	2	17	0	0	1.0000	0.0000	-1.0000	0.8677	NaN	NaN	NaN	2166.4605	2166.7913	0.0000	1.0000	0.5662
50ll01	2	17	0	0	2.0000	0.0000	-1.0000	NaN	1.8285	-4.3095	14.8413	2167.9228	2168.2239	0.0000	1.0000	0.6477
50ll01	2	18	0	0	1.0000	0.0000	1.0000	0.6007	NaN	NaN	NaN	2171.0193	2171.3470	1.0000	1.0000	0.1942
50ll01	2	18	0	0	2.0000	0.0000	-1.0000	NaN	1.1705	-0.3251	14.0122	2172.1050	2172.4062	0.0000	1.0000	0.7112
50ll01	2	19	0	0	1.0000	0.0000	-1.0000	0.4007	NaN	NaN	NaN	2174.9576	2175.2874	0.0000	1.0000	0.4958
50ll01	2	19	0	0	2.0000	0.0000	1.0000	NaN	10.9888	9.4315	15.5090	2176.3470	2176.6481	1.0000	1.0000	0.4533
50ll01	2	20	0	0	1.0000	0.0000	-1.0000	0.6227	NaN	NaN	NaN	2179.5840	2179.9108	0.0000	1.0000	0.4065
50ll01	2	20	0	0	2.0000	0.0000	1.0000	NaN	2.0542	4.2656	14.7894	2180.8818	2181.1828	1.0000	1.0000	2.2626
50ll01	2	21	0	0	1.0000	0.0000	1.0000	0.9083	NaN	NaN	NaN	2185.9371	2186.2663	1.0000	1.0000	0.2268
50ll01	2	21	0	0	2.0000	0.0000	-1.0000	NaN	6.9025	-7.8014	14.8678	2187.0668	2187.3679	0.0000	1.0000	0.3653
50ll01	2	22	0	0	1.0000	0.0000	1.0000	0.2254	NaN	NaN	NaN	2189.5745	2189.9051	0.0000	0.0000	0.6048
50ll01	2	22	0	0	2.0000	0.0000	-1.0000	NaN	5.5062	-5.4499	15.9324	2191.0593	2191.3603	0.0000	1.0000	0.6148
50ll01	2	23	0	0	1.0000	0.0000	-1.0000	0.6423	NaN	NaN	NaN	2194.3894	2194.7210	0.0000	1.0000	0.3430
50ll01	2	23	0	0	2.0000	0.0000	1.0000	NaN	3.4688	5.1612	16.1322	2195.6279	2195.9294	1.0000	1.0000	0.4117
50ll01	2	24	0	0	1.0000	0.0000	-1.0000	0.8316	NaN	NaN	NaN	2198.7076	2199.0384	0.0000	1.0000	0.3611
50ll01	2	24	0	0	2.0000	0.0000	1.0000	NaN	6.2166	6.9092	14.5057	2199.9544	2200.2554	0.0000	0.0000	0.9674
50ll01	2	25	0	0	1.0000	0.0000	-1.0000	0.7832	NaN	NaN	NaN	2203.4204	2203.7494	0.0000	1.0000	0.3517
50ll01	2	25	0	0	2.0000	0.0000	-1.0000	NaN	11.7920	-12.4011	14.7362	2204.6661	2204.9672	1.0000	0.0000	0.5361
50ll01	2	26	0	0	1.0000	0.0000	1.0000	0.0359	NaN	NaN	NaN	2207.8933	2208.2223	1.0000	1.0000	0.6331
50ll01	2	26	0	0	2.0000	0.0000	-1.0000	NaN	10.6220	-9.5717	14.5964	2209.4334	2209.7349	0.0000	1.0000	0.3035
50ll01	2	27	0	0	1.0000	0.0000	1.0000	0.1743	NaN	NaN	NaN	2212.5197	2212.8526	1.0000	1.0000	0.5707
50ll01	2	27	0	0	2.0000	0.0000	1.0000	NaN	4.4218	5.3058	14.9091	2213.9694	2214.2707	0.0000	0.0000	0.5037
50ll01	2	28	0	0	1.0000	0.0000	-1.0000	0.4825	NaN	NaN	NaN	2217.1554	2217.4834	0.0000	1.0000	0.3864
50ll01	2	28	0	0	2.0000	0.0000	-1.0000	NaN	1.0262	-0.1533	15.6157	2218.4412	2218.7423	1.0000	0.0000	0.7115
50ll01	2	29	0	0	1.0000	0.0000	-1.0000	0.7610	NaN	NaN	NaN	2221.9032	2222.2325	1.0000	0.0000	0.8787
50ll01	2	29	0	0	2.0000	0.0000	-1.0000	NaN	0.3506	-0.5533	15.2284	2223.6706	2223.9716	0.0000	1.0000	0.7711
50ll01	2	30	0	0	1.0000	0.0000	1.0000	0.6824	NaN	NaN	NaN	2226.8091	2227.1396	1.0000	1.0000	0.3388
50ll01	2	30	0	0	2.0000	0.0000	1.0000	NaN	11.6238	9.2459	14.4937	2228.0577	2228.3593	1.0000	1.0000	0.3425
50ll01	2	31	0	0	1.0000	0.0000	-1.0000	0.2279	NaN	NaN	NaN	2230.7352	2231.0649	1.0000	0.0000	0.7328
50ll01	2	31	0	0	2.0000	0.0000	1.0000	NaN	1.4798	2.9926	14.6031	2232.3452	2232.6464	0.0000	0.0000	0.4639
50ll01	2	32	0	0	1.0000	0.0000	1.0000	0.4284	NaN	NaN	NaN	2235.7312	2236.0605	1.0000	1.0000	0.3461
50ll01	2	32	0	0	2.0000	0.0000	-1.0000	NaN	6.5641	-7.4641	14.6220	2236.9865	2237.2876	0.0000	1.0000	0.2952
50ll01	2	33	0	0	1.0000	0.0000	1.0000	0.0146	NaN	NaN	NaN	2240.1463	2240.4751	1.0000	1.0000	0.5145
50ll01	2	33	0	0	2.0000	0.0000	-1.0000	NaN	0.5163	-0.8580	14.8241	2241.5638	2241.8648	0.0000	1.0000	0.3817
50ll01	2	34	0	0	1.0000	0.0000	-1.0000	0.8828	NaN	NaN	NaN	2244.3697	2244.7025	0.0000	1.0000	0.4804
50ll01	2	34	0	0	2.0000	0.0000	-1.0000	NaN	4.1998	-5.5215	15.6110	2245.7306	2246.0316	0.0000	1.0000	0.2532
50ll01	2	35	0	0	1.0000	0.0000	1.0000	0.0064	NaN	NaN	NaN	2248.6015	2248.9321	1.0000	1.0000	0.4184
50ll01	2	35	0	0	2.0000	0.0000	1.0000	NaN	7.2260	7.2772	16.4623	2249.9061	2250.2071	1.0000	1.0000	0.3016
50ll01	2	36	0	0	1.0000	0.0000	-1.0000	0.1418	NaN	NaN	NaN	2252.8086	2253.1385	1.0000	0.0000	0.6364
50ll01	2	36	0	0	2.0000	0.0000	-1.0000	NaN	3.0901	-3.2575	13.3566	2254.3381	2254.6391	0.0000	1.0000	0.3030
50ll01	2	37	0	0	1.0000	0.0000	-1.0000	0.4876	NaN	NaN	NaN	2257.4059	2257.7351	1.0000	0.0000	0.9674
50ll01	2	37	0	0	2.0000	0.0000	-1.0000	NaN	4.8217	-6.1773	14.3087	2259.2660	2259.5670	0.0000	1.0000	0.3098
50ll01	2	38	0	0	1.0000	0.0000	-1.0000	0.6852	NaN	NaN	NaN	2261.7502	2262.0792	1.0000	0.0000	0.6784
50ll01	2	38	0	0	2.0000	0.0000	-1.0000	NaN	1.2811	-0.0980	15.7358	2263.2900	2263.5911	0.0000	1.0000	0.5675
50ll01	2	39	0	0	1.0000	0.0000	-1.0000	0.8610	NaN	NaN	NaN	2266.2897	2266.6193	1.0000	0.0000	0.7534
50ll01	2	39	0	0	2.0000	0.0000	-1.0000	NaN	10.5558	-9.3376	13.9229	2267.9530	2268.2541	0.0000	1.0000	0.3606
50ll01	2	40	0	0	1.0000	0.0000	-1.0000	0.6214	NaN	NaN	NaN	2270.9863	2271.3179	1.0000	0.0000	0.6066
50ll01	2	40	0	0	2.0000	0.0000	-1.0000	NaN	8.2706	-7.7045	14.6925	2272.4736	2272.7747	1.0000	0.0000	0.9522
50ll01	2	41	0	0	1.0000	0.0000	1.0000	0.3012	NaN	NaN	NaN	2275.7835	2276.1151	1.0000	1.0000	0.5473
50ll01	2	41	0	0	2.0000	0.0000	1.0000	NaN	11.4027	10.2056	14.7908	2277.2339	2277.5349	0.0000	0.0000	0.7257
50ll01	2	42	0	0	1.0000	0.0000	-1.0000	0.8104	NaN	NaN	NaN	2280.3543	2280.6820	0.0000	1.0000	0.8207
50ll01	2	42	0	0	2.0000	0.0000	1.0000	NaN	7.4647	5.2486	14.7617	2282.0411	2282.3425	1.0000	1.0000	0.2780
50ll01	2	43	0	0	1.0000	0.0000	1.0000	0.1850	NaN	NaN	NaN	2284.6687	2284.9963	1.0000	1.0000	0.4103
50ll01	2	43	0	0	2.0000	0.0000	-1.0000	NaN	2.7111	-2.1751	14.0921	2285.9697	2286.2707	1.0000	0.0000	0.3597
50ll01	2	44	0	0	1.0000	0.0000	-1.0000	0.5394	NaN	NaN	NaN	2289.3262	2289.6560	0.0000	1.0000	1.1244
50ll01	2	44	0	0	2.0000	0.0000	-1.0000	NaN	0.9103	-0.3532	15.8421	2291.3450	2291.6460	0.0000	1.0000	0.3523
50ll01	2	45	0	0	1.0000	0.0000	-1.0000	0.2230	NaN	NaN	NaN	2294.3394	2294.6689	1.0000	0.0000	0.3436
50ll01	2	45	0	0	2.0000	0.0000	1.0000	NaN	4.2379	5.6365	16.3959	2295.5844	2295.8856	1.0000	1.0000	0.6549
50ll01	2	46	0	0	1.0000	0.0000	-1.0000	0.3341	NaN	NaN	NaN	2298.6717	2299.0040	1.0000	0.0000	0.6428
50ll01	2	46	0	0	2.0000	0.0000	1.0000	NaN	9.9699	6.7115	14.6733	2300.1927	2300.4937	1.0000	1.0000	0.6083
50ll01	2	47	0	0	1.0000	0.0000	-1.0000	0.0916	NaN	NaN	NaN	2303.2337	2303.5623	1.0000	0.0000	0.6899
50ll01	2	47	0	0	2.0000	0.0000	-1.0000	NaN	1.5837	-1.7588	14.3761	2304.8008	2305.1020	0.0000	1.0000	0.4544
50ll01	2	48	0	0	1.0000	0.0000	-1.0000	0.6167	NaN	NaN	NaN	2308.0259	2308.3547	0.0000	1.0000	0.9393
50ll01	2	48	0	0	2.0000	0.0000	1.0000	NaN	8.7807	7.6703	14.7276	2309.8335	2310.1349	1.0000	1.0000	0.3358
50ll01	2	49	0	0	1.0000	0.0000	1.0000	0.5222	NaN	NaN	NaN	2312.4507	2312.7793	1.0000	1.0000	0.2651
50ll01	2	49	0	0	2.0000	0.0000	1.0000	NaN	11.0063	13.1932	15.5952	2313.6177	2313.9187	1.0000	1.0000	0.5278
50ll01	2	50	0	0	1.0000	0.0000	1.0000	0.5114	NaN	NaN	NaN	2316.4932	2316.8216	1.0000	1.0000	0.2654
50ll01	2	50	0	0	2.0000	0.0000	-1.0000	NaN	11.9536	-11.7470	15.0335	2317.6647	2317.9657	0.0000	1.0000	0.5048
50ll01	3	1	0	0	1.0000	0.0000	1.0000	0.8253	NaN	NaN	NaN	2322.6128	2322.9414	1.0000	1.0000	0.2007
50ll01	3	1	0	0	2.0000	0.0000	1.0000	NaN	1.0132	0.8396	14.4863	2323.6894	2323.9905	1.0000	1.0000	0.4538
50ll01	3	2	0	0	1.0000	0.0000	1.0000	0.6357	NaN	NaN	NaN	2326.5179	2326.8464	1.0000	1.0000	0.2311
50ll01	3	2	0	0	2.0000	0.0000	1.0000	NaN	2.2852	2.7051	13.2846	2327.6406	2327.9419	0.0000	0.0000	1.0623
50ll01	3	3	0	0	1.0000	0.0000	-1.0000	0.4645	NaN	NaN	NaN	2331.2445	2331.5780	0.0000	1.0000	0.4520
50ll01	3	3	0	0	2.0000	0.0000	1.0000	NaN	7.4887	7.1381	14.7590	2332.5854	2332.8865	1.0000	1.0000	0.2150
50ll01	3	4	0	0	1.0000	0.0000	-1.0000	0.4181	NaN	NaN	NaN	2335.0739	2335.4029	0.0000	1.0000	0.4259
50ll01	3	4	0	0	2.0000	0.0000	1.0000	NaN	6.3257	5.3130	14.7611	2336.3930	2336.6943	1.0000	1.0000	0.6219
50ll01	3	5	0	0	1.0000	0.0000	-1.0000	0.7193	NaN	NaN	NaN	2339.5565	2339.8867	0.0000	1.0000	0.3574
50ll01	3	5	0	0	2.0000	0.0000	-1.0000	NaN	9.0447	-9.8621	16.4482	2340.8078	2341.1088	1.0000	0.0000	0.7134
50ll01	3	6	0	0	1.0000	0.0000	1.0000	0.2416	NaN	NaN	NaN	2344.3514	2344.6810	0.0000	0.0000	0.4838
50ll01	3	6	0	0	2.0000	0.0000	-1.0000	NaN	9.7714	-10.8878	14.0958	2345.7444	2346.0455	0.0000	1.0000	0.3050
50ll01	3	7	0	0	1.0000	0.0000	-1.0000	0.0566	NaN	NaN	NaN	2348.4847	2348.8126	1.0000	0.0000	0.4258
50ll01	3	7	0	0	2.0000	0.0000	1.0000	NaN	8.1837	6.2159	14.1865	2349.8097	2350.1107	1.0000	1.0000	0.3270
50ll01	3	8	0	0	1.0000	0.0000	1.0000	0.7652	NaN	NaN	NaN	2352.5608	2352.8912	1.0000	1.0000	0.2990
50ll01	3	8	0	0	2.0000	0.0000	1.0000	NaN	6.9207	11.2847	13.7357	2353.7213	2354.0225	1.0000	1.0000	0.3834
50ll01	3	9	0	0	1.0000	0.0000	1.0000	0.6757	NaN	NaN	NaN	2356.6530	2356.9801	1.0000	1.0000	0.2335
50ll01	3	9	0	0	2.0000	0.0000	-1.0000	NaN	2.6610	-3.0522	14.3478	2357.7610	2358.0621	0.0000	1.0000	0.5598
50ll01	3	10	0	0	1.0000	0.0000	-1.0000	0.0679	NaN	NaN	NaN	2360.8449	2361.1752	1.0000	0.0000	0.8768
50ll01	3	10	0	0	2.0000	0.0000	1.0000	NaN	6.2598	5.9700	15.7932	2362.6245	2362.9255	0.0000	0.0000	0.4404
50ll01	3	11	0	0	1.0000	0.0000	-1.0000	0.0113	NaN	NaN	NaN	2365.5649	2365.8974	1.0000	0.0000	0.6363
50ll01	3	11	0	0	2.0000	0.0000	1.0000	NaN	4.0455	4.9309	15.3808	2367.1121	2367.4134	1.0000	1.0000	0.2229
50ll01	3	12	0	0	1.0000	0.0000	-1.0000	0.7075	NaN	NaN	NaN	2370.0014	2370.3303	0.0000	1.0000	0.3396
50ll01	3	12	0	0	2.0000	0.0000	-1.0000	NaN	2.2675	-2.0645	15.5778	2371.2343	2371.5353	0.0000	1.0000	0.3981
50ll01	3	13	0	0	1.0000	0.0000	1.0000	0.7199	NaN	NaN	NaN	2374.5483	2374.8793	1.0000	1.0000	0.2445
50ll01	3	13	0	0	2.0000	0.0000	1.0000	NaN	8.9176	9.4028	14.4137	2375.6644	2375.9656	1.0000	1.0000	0.4303
50ll01	3	14	0	0	1.0000	0.0000	-1.0000	0.4654	NaN	NaN	NaN	2378.3530	2378.6836	0.0000	1.0000	0.3363
50ll01	3	14	0	0	2.0000	0.0000	-1.0000	NaN	2.0151	-1.7296	16.5607	2379.5926	2379.8936	1.0000	0.0000	0.4143
50ll01	3	15	0	0	1.0000	0.0000	1.0000	0.7554	NaN	NaN	NaN	2382.4394	2382.7707	1.0000	1.0000	0.2349
50ll01	3	15	0	0	2.0000	0.0000	-1.0000	NaN	2.2425	-2.2967	13.9346	2383.5679	2383.8689	0.0000	1.0000	0.6888
50ll01	3	16	0	0	1.0000	0.0000	1.0000	0.3757	NaN	NaN	NaN	2386.5136	2386.8445	1.0000	1.0000	0.2960
50ll01	3	16	0	0	2.0000	0.0000	1.0000	NaN	4.4092	3.6141	14.5813	2387.6971	2387.9981	1.0000	1.0000	0.4698
50ll01	3	17	0	0	1.0000	0.0000	-1.0000	0.5686	NaN	NaN	NaN	2390.3003	2390.6285	0.0000	1.0000	0.3453
50ll01	3	17	0	0	2.0000	0.0000	-1.0000	NaN	5.6511	-4.1313	14.6965	2391.5194	2391.8206	0.0000	1.0000	0.4967
50ll01	3	18	0	0	1.0000	0.0000	1.0000	0.1879	NaN	NaN	NaN	2394.2388	2394.5687	1.0000	1.0000	0.2510
50ll01	3	18	0	0	2.0000	0.0000	1.0000	NaN	0.3665	0.2250	15.3635	2395.3831	2395.6848	0.0000	0.0000	0.9920
50ll01	3	19	0	0	1.0000	0.0000	-1.0000	0.4017	NaN	NaN	NaN	2399.1482	2399.4769	1.0000	0.0000	0.2548
50ll01	3	19	0	0	2.0000	0.0000	-1.0000	NaN	6.5745	-6.5423	16.0252	2400.2886	2400.5896	0.0000	1.0000	0.3353
50ll01	3	20	0	0	1.0000	0.0000	-1.0000	0.4474	NaN	NaN	NaN	2403.1320	2403.4616	0.0000	1.0000	0.4238
50ll01	3	20	0	0	2.0000	0.0000	-1.0000	NaN	2.7659	-4.4945	15.8461	2404.4318	2404.7330	1.0000	0.0000	0.9452
50ll01	3	21	0	0	1.0000	0.0000	-1.0000	0.9118	NaN	NaN	NaN	2407.7655	2408.0938	0.0000	1.0000	0.3283
50ll01	3	21	0	0	2.0000	0.0000	1.0000	NaN	4.0846	4.3670	16.0147	2408.9522	2409.2533	1.0000	1.0000	0.4806
50ll01	3	22	0	0	1.0000	0.0000	-1.0000	0.1814	NaN	NaN	NaN	2411.8472	2412.1775	0.0000	1.0000	0.5869
50ll01	3	22	0	0	2.0000	0.0000	1.0000	NaN	5.1390	5.3977	15.0354	2413.3123	2413.6133	0.0000	0.0000	0.8149
50ll01	3	23	0	0	1.0000	0.0000	-1.0000	0.3538	NaN	NaN	NaN	2416.9729	2417.3059	1.0000	0.0000	0.6599
50ll01	3	23	0	0	2.0000	0.0000	-1.0000	NaN	2.3774	-2.9923	14.3841	2418.5510	2418.8520	0.0000	1.0000	0.3836
50ll01	3	24	0	0	1.0000	0.0000	-1.0000	0.5195	NaN	NaN	NaN	2421.6162	2421.9468	0.0000	1.0000	0.4339
50ll01	3	24	0	0	2.0000	0.0000	1.0000	NaN	11.4901	13.9999	15.0556	2422.9606	2423.2616	1.0000	1.0000	1.3835
50ll01	3	25	0	0	1.0000	0.0000	-1.0000	0.4205	NaN	NaN	NaN	2427.2092	2427.5389	1.0000	0.0000	0.8647
50ll01	3	25	0	0	2.0000	0.0000	1.0000	NaN	1.2798	3.1919	14.7754	2428.9595	2429.2605	1.0000	1.0000	0.4569
50ll01	3	26	0	0	1.0000	0.0000	-1.0000	0.2163	NaN	NaN	NaN	2431.5890	2431.9187	0.0000	1.0000	0.3979
50ll01	3	26	0	0	2.0000	0.0000	-1.0000	NaN	5.2284	-6.1256	15.7554	2432.8557	2433.1566	0.0000	1.0000	1.2571
50ll01	3	27	0	0	1.0000	0.0000	1.0000	0.4611	NaN	NaN	NaN	2437.0362	2437.3680	1.0000	1.0000	0.4941
50ll01	3	27	0	0	2.0000	0.0000	-1.0000	NaN	9.6034	-9.2816	14.8735	2438.4313	2438.7323	0.0000	1.0000	0.2651
50ll01	3	28	0	0	1.0000	0.0000	-1.0000	0.0654	NaN	NaN	NaN	2441.3699	2441.7022	1.0000	0.0000	0.5173
50ll01	3	28	0	0	2.0000	0.0000	-1.0000	NaN	3.8352	-2.9739	15.6744	2442.7687	2443.0697	0.0000	1.0000	0.4697
50ll01	3	29	0	0	1.0000	0.0000	1.0000	0.6632	NaN	NaN	NaN	2445.9221	2446.2517	1.0000	1.0000	0.2655
50ll01	3	29	0	0	2.0000	0.0000	-1.0000	NaN	7.9983	-6.2662	16.7756	2447.0889	2447.3899	1.0000	0.0000	0.4309
50ll01	3	30	0	0	1.0000	0.0000	1.0000	0.0500	NaN	NaN	NaN	2449.9436	2450.2741	1.0000	1.0000	0.5221
50ll01	3	30	0	0	2.0000	0.0000	1.0000	NaN	8.8543	7.9959	15.7833	2451.3517	2451.6529	1.0000	1.0000	0.4235
50ll01	3	31	0	0	1.0000	0.0000	1.0000	0.0574	NaN	NaN	NaN	2454.3501	2454.6791	1.0000	1.0000	0.3489
50ll01	3	31	0	0	2.0000	0.0000	-1.0000	NaN	4.7911	-5.5959	14.0221	2455.5681	2455.8692	0.0000	1.0000	0.3126
50ll01	3	32	0	0	1.0000	0.0000	1.0000	0.6649	NaN	NaN	NaN	2458.2454	2458.5752	1.0000	1.0000	0.2361
50ll01	3	32	0	0	2.0000	0.0000	1.0000	NaN	7.6624	7.8939	15.9110	2459.3440	2459.6451	1.0000	1.0000	0.8790
50ll01	3	33	0	0	1.0000	0.0000	-1.0000	0.1383	NaN	NaN	NaN	2462.8237	2463.1558	0.0000	1.0000	0.3936
50ll01	3	33	0	0	2.0000	0.0000	1.0000	NaN	1.6328	2.4311	14.7461	2464.1140	2464.4150	1.0000	1.0000	0.2526
50ll01	3	34	0	0	1.0000	0.0000	-1.0000	0.8127	NaN	NaN	NaN	2466.6177	2466.9468	0.0000	1.0000	0.3859
50ll01	3	34	0	0	2.0000	0.0000	-1.0000	NaN	7.7372	-7.3469	15.7315	2467.9115	2468.2136	1.0000	0.0000	0.4865
50ll01	3	35	0	0	1.0000	0.0000	-1.0000	0.8651	NaN	NaN	NaN	2471.3976	2471.7262	0.0000	1.0000	0.3266
50ll01	3	35	0	0	2.0000	0.0000	-1.0000	NaN	2.1822	-1.5860	15.4451	2472.6239	2472.9249	0.0000	1.0000	0.6143
50ll01	3	36	0	0	1.0000	0.0000	1.0000	0.3272	NaN	NaN	NaN	2475.8962	2476.2260	1.0000	1.0000	0.2492
50ll01	3	36	0	0	2.0000	0.0000	-1.0000	NaN	9.3662	-9.9511	15.6215	2477.0069	2477.3080	0.0000	1.0000	0.4729
50ll01	3	37	0	0	1.0000	0.0000	1.0000	0.6938	NaN	NaN	NaN	2480.3287	2480.6606	1.0000	1.0000	0.1906
50ll01	3	37	0	0	2.0000	0.0000	-1.0000	NaN	5.8633	-4.6174	15.0012	2481.4005	2481.7022	0.0000	1.0000	0.4049
50ll01	3	38	0	0	1.0000	0.0000	-1.0000	0.3654	NaN	NaN	NaN	2484.3321	2484.6623	1.0000	0.0000	0.2287
50ll01	3	38	0	0	2.0000	0.0000	1.0000	NaN	6.9958	6.5348	16.7210	2485.4320	2485.7330	1.0000	1.0000	0.5179
50ll01	3	39	0	0	1.0000	0.0000	-1.0000	0.2280	NaN	NaN	NaN	2488.7653	2489.0940	0.0000	1.0000	0.9194
50ll01	3	39	0	0	2.0000	0.0000	-1.0000	NaN	5.0072	-5.2619	15.2319	2490.5754	2490.8764	1.0000	0.0000	0.7907
50ll01	3	40	0	0	1.0000	0.0000	1.0000	0.3267	NaN	NaN	NaN	2493.9110	2494.2406	1.0000	1.0000	0.3384
50ll01	3	40	0	0	2.0000	0.0000	1.0000	NaN	7.0088	5.3639	15.3860	2495.1440	2495.4450	1.0000	1.0000	0.6640
50ll01	3	41	0	0	1.0000	0.0000	1.0000	0.2774	NaN	NaN	NaN	2498.2571	2498.5876	1.0000	1.0000	0.2580
50ll01	3	41	0	0	2.0000	0.0000	-1.0000	NaN	5.1798	-3.8647	15.5491	2499.3748	2499.6758	1.0000	0.0000	0.5912
50ll01	3	42	0	0	1.0000	0.0000	1.0000	0.7170	NaN	NaN	NaN	2502.7523	2503.0820	1.0000	1.0000	0.2591
50ll01	3	42	0	0	2.0000	0.0000	1.0000	NaN	3.3123	5.5727	14.8687	2503.8888	2504.1899	0.0000	0.0000	0.8466
50ll01	3	43	0	0	1.0000	0.0000	-1.0000	0.8702	NaN	NaN	NaN	2507.7423	2508.0748	0.0000	1.0000	0.3538
50ll01	3	43	0	0	2.0000	0.0000	-1.0000	NaN	0.0138	-1.5578	14.6643	2508.9690	2509.2701	0.0000	1.0000	0.5088
50ll01	3	44	0	0	1.0000	0.0000	-1.0000	0.8772	NaN	NaN	NaN	2512.3281	2512.6588	0.0000	1.0000	0.3041
50ll01	3	44	0	0	2.0000	0.0000	1.0000	NaN	5.1625	4.5545	14.8916	2513.5357	2513.8368	1.0000	1.0000	0.4961
50ll01	3	45	0	0	1.0000	0.0000	1.0000	0.3703	NaN	NaN	NaN	2516.7971	2517.1280	1.0000	1.0000	0.1966
50ll01	3	45	0	0	2.0000	0.0000	-1.0000	NaN	2.9003	-4.0286	14.9624	2517.8875	2518.1890	0.0000	1.0000	0.7356
50ll01	3	46	0	0	1.0000	0.0000	-1.0000	0.5043	NaN	NaN	NaN	2521.1658	2521.4990	1.0000	0.0000	0.4398
50ll01	3	46	0	0	2.0000	0.0000	1.0000	NaN	9.3500	9.0019	16.6721	2522.4721	2522.7732	1.0000	1.0000	0.6145
50ll01	3	47	0	0	1.0000	0.0000	-1.0000	0.1216	NaN	NaN	NaN	2525.7084	2526.0393	1.0000	0.0000	0.2614
50ll01	3	47	0	0	2.0000	0.0000	-1.0000	NaN	11.9890	-13.5376	15.6737	2526.8636	2527.1646	0.0000	1.0000	0.7441
50ll01	3	48	0	0	1.0000	0.0000	-1.0000	0.8596	NaN	NaN	NaN	2530.0803	2530.4144	1.0000	0.0000	0.3001
50ll01	3	48	0	0	2.0000	0.0000	-1.0000	NaN	11.7570	-10.4132	14.8891	2531.2640	2531.5650	0.0000	1.0000	0.6161
50ll01	3	49	0	0	1.0000	0.0000	-1.0000	0.2759	NaN	NaN	NaN	2534.8689	2535.1989	1.0000	0.0000	0.3340
50ll01	3	49	0	0	2.0000	0.0000	-1.0000	NaN	7.4051	-5.5996	13.7934	2536.0625	2536.3635	0.0000	1.0000	0.6633
50ll01	3	50	0	0	1.0000	0.0000	1.0000	0.7412	NaN	NaN	NaN	2539.4922	2539.8262	1.0000	1.0000	0.2485
50ll01	3	50	0	0	2.0000	0.0000	1.0000	NaN	0.9735	1.4004	15.6210	2540.6185	2540.9195	1.0000	1.0000	0.4992
