21zf04	1	1	1	0	1.0000	0.0000	1.0000	0.0052	NaN	NaN	NaN	404010.3198	404010.8753	0.0000	0.0000	1.1631
21zf04	1	1	1	0	2.0000	0.0000	-1.0000	NaN	5.0594	-4.4213	15.5092	404012.5813	404012.8835	1.0000	0.0000	0.5952
21zf04	1	2	1	0	1.0000	0.0000	1.0000	0.3698	NaN	NaN	NaN	404016.1153	404016.4695	1.0000	1.0000	0.3537
21zf04	1	2	1	0	2.0000	0.0000	1.0000	NaN	2.9877	2.7411	15.7340	404017.3647	404017.6669	1.0000	1.0000	0.0061
21zf04	1	3	1	0	1.0000	0.0000	-1.0000	0.5806	NaN	NaN	NaN	404019.6077	404020.0163	0.0000	1.0000	0.1655
21zf04	1	3	1	0	2.0000	0.0000	1.0000	NaN	6.0067	6.0947	14.5263	404020.7349	404021.0417	1.0000	1.0000	0.0061
21zf04	1	4	1	0	1.0000	0.0000	1.0000	0.0017	NaN	NaN	NaN	404023.2524	404023.6642	1.0000	1.0000	0.9189
21zf04	1	4	1	0	2.0000	0.0000	1.0000	NaN	2.5226	1.1452	14.6656	404025.1187	404025.4252	1.0000	1.0000	2.3410
21zf04	1	5	1	0	1.0000	0.0000	-1.0000	0.6463	NaN	NaN	NaN	404030.3152	404030.7442	0.0000	1.0000	0.2712
21zf04	1	5	1	0	2.0000	0.0000	1.0000	NaN	5.9847	4.7968	16.5057	404031.5539	404031.8589	1.0000	1.0000	2.9642
21zf04	1	6	1	0	1.0000	0.0000	1.0000	0.3359	NaN	NaN	NaN	404037.2104	404037.6307	1.0000	1.0000	0.3284
21zf04	1	6	1	0	2.0000	0.0000	1.0000	NaN	0.4808	1.4889	13.2824	404038.5073	404038.8117	1.0000	1.0000	0.3313
21zf04	1	7	1	0	1.0000	0.0000	1.0000	0.8924	NaN	NaN	NaN	404041.7628	404042.1762	1.0000	1.0000	0.1512
21zf04	1	7	1	0	2.0000	0.0000	1.0000	NaN	4.9886	3.6017	14.7742	404042.8844	404043.1879	1.0000	1.0000	0.2910
21zf04	1	8	1	0	1.0000	0.0000	1.0000	0.9005	NaN	NaN	NaN	404045.7869	404046.1402	1.0000	1.0000	0.1380
21zf04	1	8	1	0	2.0000	0.0000	1.0000	NaN	5.1222	6.4758	15.0123	404046.8055	404047.1077	1.0000	1.0000	0.2267
21zf04	1	9	1	0	1.0000	0.0000	-1.0000	0.3283	NaN	NaN	NaN	404049.5928	404049.9443	1.0000	0.0000	0.3663
21zf04	1	9	1	0	2.0000	0.0000	-1.0000	NaN	5.9219	-5.4367	14.0469	404050.8380	404051.1402	0.0000	1.0000	0.2747
21zf04	1	10	1	0	1.0000	0.0000	1.0000	0.9822	NaN	NaN	NaN	404053.9135	404054.2675	1.0000	1.0000	0.0007
21zf04	1	10	1	0	2.0000	0.0000	1.0000	NaN	5.7073	5.0335	14.9225	404054.7252	404055.0274	1.0000	1.0000	0.2743
21zf04	1	11	1	0	1.0000	0.0000	1.0000	0.3926	NaN	NaN	NaN	404057.4458	404057.8009	1.0000	1.0000	0.1249
21zf04	1	11	1	0	2.0000	0.0000	1.0000	NaN	0.1308	0.4979	15.7214	404058.4850	404058.7872	1.0000	1.0000	0.1636
21zf04	1	12	1	0	1.0000	0.0000	-1.0000	0.8937	NaN	NaN	NaN	404061.3499	404061.7048	0.0000	1.0000	0.2690
21zf04	1	12	1	0	2.0000	0.0000	1.0000	NaN	1.4581	0.9940	14.3160	404062.5005	404062.8037	1.0000	1.0000	0.0061
21zf04	1	13	1	0	1.0000	0.0000	1.0000	0.6672	NaN	NaN	NaN	404064.8097	404065.2292	1.0000	1.0000	0.1365
21zf04	1	13	1	0	2.0000	0.0000	1.0000	NaN	4.9161	4.8423	13.4258	404065.9345	404066.2401	1.0000	1.0000	0.0061
21zf04	1	14	1	0	1.0000	0.0000	1.0000	0.4022	NaN	NaN	NaN	404068.5645	404068.9791	1.0000	1.0000	0.6113
21zf04	1	14	1	0	2.0000	0.0000	1.0000	NaN	6.2214	8.2440	14.6997	404070.1422	404070.4466	1.0000	1.0000	0.0061
21zf04	1	15	1	0	1.0000	0.0000	1.0000	0.7228	NaN	NaN	NaN	404072.4947	404072.9250	1.0000	1.0000	0.1218
21zf04	1	15	1	0	2.0000	0.0000	1.0000	NaN	2.9986	2.3707	15.8418	404073.5997	404073.9064	1.0000	1.0000	0.0062
21zf04	1	16	1	0	1.0000	0.0000	-1.0000	0.4678	NaN	NaN	NaN	404076.3649	404076.7498	0.0000	1.0000	0.2959
21zf04	1	16	1	0	2.0000	0.0000	1.0000	NaN	2.6747	1.5087	14.8913	404077.6052	404077.9075	1.0000	1.0000	0.1143
21zf04	1	17	1	0	1.0000	0.0000	1.0000	0.1603	NaN	NaN	NaN	404080.3538	404080.7051	0.0000	0.0000	0.3567
21zf04	1	17	1	0	2.0000	0.0000	-1.0000	NaN	3.7867	-3.4077	13.8237	404081.6700	404081.9721	1.0000	0.0000	0.0061
21zf04	1	18	1	0	1.0000	0.0000	1.0000	0.3277	NaN	NaN	NaN	404083.9113	404084.2662	1.0000	1.0000	0.1076
21zf04	1	18	1	0	2.0000	0.0000	1.0000	NaN	3.5509	4.1762	15.1213	404084.9648	404085.2678	1.0000	1.0000	0.2270
21zf04	1	19	1	0	1.0000	0.0000	1.0000	0.5291	NaN	NaN	NaN	404087.8595	404088.2161	1.0000	1.0000	0.1427
21zf04	1	19	1	0	2.0000	0.0000	1.0000	NaN	2.4841	1.8530	15.7976	404088.9492	404089.2522	1.0000	1.0000	0.0061
21zf04	1	20	1	0	1.0000	0.0000	1.0000	0.9758	NaN	NaN	NaN	404091.6557	404092.0065	1.0000	1.0000	0.0486
21zf04	1	20	1	0	2.0000	0.0000	1.0000	NaN	1.5479	1.1398	15.7148	404092.6611	404092.9634	1.0000	1.0000	0.1312
21zf04	1	21	1	0	1.0000	0.0000	1.0000	0.6729	NaN	NaN	NaN	404095.1279	404095.4823	1.0000	1.0000	0.1561
21zf04	1	21	1	0	2.0000	0.0000	1.0000	NaN	2.7371	1.2739	15.1123	404096.2131	404096.5153	1.0000	1.0000	0.0061
21zf04	1	22	1	0	1.0000	0.0000	1.0000	0.9846	NaN	NaN	NaN	404098.8443	404099.1988	1.0000	1.0000	0.1999
21zf04	1	22	1	0	2.0000	0.0000	1.0000	NaN	4.5975	4.5323	13.9746	404099.9564	404100.2587	1.0000	1.0000	0.0061
21zf04	1	23	1	0	1.0000	0.0000	1.0000	0.2781	NaN	NaN	NaN	404102.3853	404102.7374	1.0000	1.0000	0.1014
21zf04	1	23	1	0	2.0000	0.0000	1.0000	NaN	0.6846	0.2614	14.8500	404103.4290	404103.7313	1.0000	1.0000	0.0356
21zf04	1	24	1	0	1.0000	0.0000	1.0000	0.8286	NaN	NaN	NaN	404105.9654	404106.3193	1.0000	1.0000	0.0006
21zf04	1	24	1	0	2.0000	0.0000	1.0000	NaN	0.2571	0.6703	14.7175	404106.8752	404107.1774	1.0000	1.0000	0.0461
21zf04	1	25	1	0	1.0000	0.0000	-1.0000	0.5469	NaN	NaN	NaN	404109.4145	404109.8270	1.0000	0.0000	0.0005
21zf04	1	25	1	0	2.0000	0.0000	-1.0000	NaN	0.1646	-0.7277	15.8062	404110.3986	404110.7045	0.0000	1.0000	0.7412
21zf04	1	26	1	0	1.0000	0.0000	1.0000	0.6888	NaN	NaN	NaN	404113.6322	404114.0314	1.0000	1.0000	0.0240
21zf04	1	26	1	0	2.0000	0.0000	1.0000	NaN	6.0663	3.5554	14.4146	404114.5968	404114.9001	1.0000	1.0000	0.1456
21zf04	1	27	1	0	1.0000	0.0000	-1.0000	0.4100	NaN	NaN	NaN	404117.0617	404117.4185	1.0000	0.0000	0.0757
21zf04	1	27	1	0	2.0000	0.0000	-1.0000	NaN	1.3104	-2.1033	15.8888	404118.0529	404118.3551	0.0000	1.0000	0.0518
21zf04	1	28	1	0	1.0000	0.0000	-1.0000	0.2292	NaN	NaN	NaN	404120.7579	404121.1145	1.0000	0.0000	0.2046
21zf04	1	28	1	0	2.0000	0.0000	-1.0000	NaN	6.8009	-6.7700	14.6420	404121.9092	404122.2115	0.0000	1.0000	0.1639
21zf04	1	29	1	0	1.0000	0.0000	1.0000	0.0752	NaN	NaN	NaN	404124.5754	404124.9309	1.0000	1.0000	0.1468
21zf04	1	29	1	0	2.0000	0.0000	1.0000	NaN	3.2511	2.0000	15.4375	404125.6682	404125.9705	1.0000	1.0000	0.1638
21zf04	1	30	1	0	1.0000	0.0000	1.0000	0.6898	NaN	NaN	NaN	404128.1998	404128.5526	1.0000	1.0000	0.3811
21zf04	1	30	1	0	2.0000	0.0000	1.0000	NaN	6.4432	6.5391	14.7343	404129.5254	404129.8277	0.0000	0.0000	0.0061
21zf04	1	31	1	0	1.0000	0.0000	-1.0000	0.4387	NaN	NaN	NaN	404131.7901	404132.1472	1.0000	0.0000	0.9152
21zf04	1	31	1	0	2.0000	0.0000	-1.0000	NaN	4.2358	-5.0241	14.0601	404133.6844	404133.9866	1.0000	0.0000	0.0062
21zf04	1	32	1	0	1.0000	0.0000	1.0000	0.9741	NaN	NaN	NaN	404136.1758	404136.5301	1.0000	1.0000	0.1322
21zf04	1	32	1	0	2.0000	0.0000	1.0000	NaN	2.2954	5.5041	15.2723	404137.2210	404137.5232	1.0000	1.0000	0.0061
21zf04	1	33	1	0	1.0000	0.0000	-1.0000	0.9384	NaN	NaN	NaN	404139.7363	404140.0873	0.0000	1.0000	0.9435
21zf04	1	33	1	0	2.0000	0.0000	1.0000	NaN	5.3933	3.9307	13.4885	404141.5743	404141.8764	1.0000	1.0000	0.0061
21zf04	1	34	1	0	1.0000	0.0000	-1.0000	0.6338	NaN	NaN	NaN	404144.0049	404144.3571	0.0000	1.0000	0.3366
21zf04	1	34	1	0	2.0000	0.0000	1.0000	NaN	2.1844	2.8769	13.7113	404145.2522	404145.5544	1.0000	1.0000	0.3232
21zf04	1	35	1	0	1.0000	0.0000	-1.0000	0.9779	NaN	NaN	NaN	404148.3275	404148.6838	0.0000	1.0000	0.3138
21zf04	1	35	1	0	2.0000	0.0000	1.0000	NaN	2.5868	1.6641	13.0883	404149.5577	404149.8600	1.0000	1.0000	0.2096
21zf04	1	36	1	0	1.0000	0.0000	1.0000	0.5317	NaN	NaN	NaN	404152.3871	404152.7395	1.0000	1.0000	0.7394
21zf04	1	36	1	0	2.0000	0.0000	1.0000	NaN	4.3326	1.7119	14.7398	404154.0223	404154.3245	0.0000	0.0000	0.5626
21zf04	1	37	1	0	1.0000	0.0000	1.0000	0.4947	NaN	NaN	NaN	404157.3619	404157.7740	1.0000	1.0000	0.1364
21zf04	1	37	1	0	2.0000	0.0000	1.0000	NaN	4.8403	6.6128	15.3577	404158.4939	404158.8008	1.0000	1.0000	0.3097
21zf04	1	38	1	0	1.0000	0.0000	1.0000	0.0618	NaN	NaN	NaN	404161.6203	404162.0415	1.0000	1.0000	0.2841
21zf04	1	38	1	0	2.0000	0.0000	1.0000	NaN	3.0486	2.9958	14.2405	404162.9285	404163.2352	1.0000	1.0000	0.0995
21zf04	1	39	1	0	1.0000	0.0000	-1.0000	0.3778	NaN	NaN	NaN	404165.5711	404165.9909	1.0000	0.0000	0.2719
21zf04	1	39	1	0	2.0000	0.0000	-1.0000	NaN	3.2433	-2.5050	13.4035	404166.7850	404167.0894	0.0000	1.0000	0.4050
21zf04	1	40	1	0	1.0000	0.0000	-1.0000	0.6705	NaN	NaN	NaN	404169.6168	404170.0353	0.0000	1.0000	0.3717
21zf04	1	40	1	0	2.0000	0.0000	1.0000	NaN	1.4784	1.5793	15.5950	404170.9740	404171.2785	1.0000	1.0000	0.0061
21zf04	1	41	1	0	1.0000	0.0000	-1.0000	0.4040	NaN	NaN	NaN	404173.5033	404173.9237	0.0000	1.0000	0.2588
21zf04	1	41	1	0	2.0000	0.0000	1.0000	NaN	5.5761	6.4207	14.9981	404174.7518	404175.0561	1.0000	1.0000	0.0062
21zf04	1	42	1	0	1.0000	0.0000	1.0000	0.0953	NaN	NaN	NaN	404177.1530	404177.5735	0.0000	0.0000	0.3848
21zf04	1	42	1	0	2.0000	0.0000	-1.0000	NaN	3.8808	-4.4461	14.9389	404178.5435	404178.8506	1.0000	0.0000	0.0061
21zf04	1	43	1	0	1.0000	0.0000	-1.0000	0.8232	NaN	NaN	NaN	404181.1058	404181.5234	0.0000	1.0000	0.2588
21zf04	1	43	1	0	2.0000	0.0000	1.0000	NaN	6.4859	6.9420	16.0326	404182.3350	404182.6395	1.0000	1.0000	4.0861
21zf04	1	44	1	0	1.0000	0.0000	1.0000	0.0889	NaN	NaN	NaN	404188.7619	404189.1724	0.0000	0.0000	1.1535
21zf04	1	44	1	0	2.0000	0.0000	-1.0000	NaN	6.9473	-7.8221	15.6087	404190.8769	404191.1834	0.0000	1.0000	0.3438
21zf04	1	45	1	0	1.0000	0.0000	-1.0000	0.8177	NaN	NaN	NaN	404193.6300	404194.0388	0.0000	1.0000	0.4635
21zf04	1	45	1	0	2.0000	0.0000	1.0000	NaN	4.7184	4.7918	14.1437	404195.0521	404195.3562	1.0000	1.0000	0.0734
21zf04	1	46	1	0	1.0000	0.0000	1.0000	0.1231	NaN	NaN	NaN	404197.5933	404197.9772	1.0000	1.0000	1.0694
21zf04	1	46	1	0	2.0000	0.0000	1.0000	NaN	3.2561	1.3744	14.7574	404199.6058	404199.9079	0.0000	0.0000	0.0061
21zf04	1	47	1	0	1.0000	0.0000	1.0000	0.9978	NaN	NaN	NaN	404201.8965	404202.3051	1.0000	1.0000	0.3885
21zf04	1	47	1	0	2.0000	0.0000	1.0000	NaN	3.7562	3.2879	15.5125	404203.2370	404203.5393	1.0000	1.0000	2.7068
21zf04	1	48	1	0	1.0000	0.0000	-1.0000	0.0017	NaN	NaN	NaN	404208.7465	404209.0986	1.0000	0.0000	1.0038
21zf04	1	48	1	0	2.0000	0.0000	-1.0000	NaN	6.7659	-7.6615	15.8465	404210.6619	404210.9641	0.0000	1.0000	0.2906
21zf04	1	49	1	0	1.0000	0.0000	1.0000	0.1072	NaN	NaN	NaN	404213.5465	404213.8984	1.0000	1.0000	0.3479
21zf04	1	49	1	0	2.0000	0.0000	1.0000	NaN	5.6874	6.4887	14.4044	404214.8212	404215.1234	0.0000	0.0000	0.0517
21zf04	1	50	1	0	1.0000	0.0000	-1.0000	0.5793	NaN	NaN	NaN	404217.6208	404217.9762	0.0000	1.0000	0.3190
21zf04	1	50	1	0	2.0000	0.0000	1.0000	NaN	0.1806	0.9877	13.6024	404218.8596	404219.1624	1.0000	1.0000	0.0061
21zf04	2	1	1	0	1.0000	0.0000	-1.0000	0.3724	NaN	NaN	NaN	404222.2403	404222.5967	1.0000	0.0000	0.6417
21zf04	2	1	1	0	2.0000	0.0000	-1.0000	NaN	1.0003	-2.6257	16.3368	404223.7821	404224.0842	1.0000	0.0000	0.4352
21zf04	2	2	1	0	1.0000	0.0000	-1.0000	0.8705	NaN	NaN	NaN	404226.7817	404227.1326	0.0000	1.0000	0.2329
21zf04	2	2	1	0	2.0000	0.0000	1.0000	NaN	5.1764	5.8080	15.1757	404227.9247	404228.2284	1.0000	1.0000	0.3057
21zf04	2	3	1	0	1.0000	0.0000	-1.0000	0.6893	NaN	NaN	NaN	404230.7834	404231.1356	0.0000	1.0000	0.1984
21zf04	2	3	1	0	2.0000	0.0000	1.0000	NaN	2.9424	2.4766	15.1426	404231.9241	404232.2274	1.0000	1.0000	0.4822
21zf04	2	4	1	0	1.0000	0.0000	-1.0000	0.2333	NaN	NaN	NaN	404234.9439	404235.2972	0.0000	1.0000	0.6604
21zf04	2	4	1	0	2.0000	0.0000	1.0000	NaN	0.9993	2.6241	15.8222	404236.5326	404236.8348	1.0000	1.0000	0.0061
21zf04	2	5	1	0	1.0000	0.0000	-1.0000	0.1987	NaN	NaN	NaN	404239.1327	404239.4844	0.0000	1.0000	0.8417
21zf04	2	5	1	0	2.0000	0.0000	1.0000	NaN	5.7064	5.4456	15.0334	404240.8849	404241.1871	0.0000	0.0000	0.0061
21zf04	2	6	1	0	1.0000	0.0000	1.0000	0.4693	NaN	NaN	NaN	404243.4238	404243.7790	1.0000	1.0000	0.2600
21zf04	2	6	1	0	2.0000	0.0000	1.0000	NaN	0.4079	1.9586	15.0062	404244.5992	404244.9015	1.0000	1.0000	0.7368
21zf04	2	7	1	0	1.0000	0.0000	-1.0000	0.0520	NaN	NaN	NaN	404247.6532	404248.0653	0.0000	1.0000	1.6363
21zf04	2	7	1	0	2.0000	0.0000	1.0000	NaN	4.0122	3.6583	15.1564	404250.2618	404250.5641	1.0000	1.0000	0.0512
21zf04	2	8	1	0	1.0000	0.0000	1.0000	0.8229	NaN	NaN	NaN	404252.6723	404253.0285	1.0000	1.0000	0.2425
21zf04	2	8	1	0	2.0000	0.0000	1.0000	NaN	3.5463	2.5802	14.8049	404253.8288	404254.1310	1.0000	1.0000	3.0280
21zf04	2	9	1	0	1.0000	0.0000	1.0000	0.4221	NaN	NaN	NaN	404259.2668	404259.6241	1.0000	1.0000	0.3497
21zf04	2	9	1	0	2.0000	0.0000	1.0000	NaN	2.7529	1.6914	13.5125	404260.5485	404260.8507	1.0000	1.0000	0.9641
21zf04	2	10	1	0	1.0000	0.0000	-1.0000	0.6639	NaN	NaN	NaN	404264.1880	404264.5445	0.0000	1.0000	0.2782
21zf04	2	10	1	0	2.0000	0.0000	1.0000	NaN	4.7128	2.9122	13.7431	404265.3967	404265.6989	1.0000	1.0000	0.0830
21zf04	2	11	1	0	1.0000	0.0000	1.0000	0.2017	NaN	NaN	NaN	404268.2903	404268.6443	1.0000	1.0000	0.3386
21zf04	2	11	1	0	2.0000	0.0000	1.0000	NaN	1.4670	2.1733	13.8680	404269.5264	404269.8287	1.0000	1.0000	0.3689
21zf04	2	12	1	0	1.0000	0.0000	-1.0000	0.5300	NaN	NaN	NaN	404272.4971	404272.8475	0.0000	1.0000	0.2460
21zf04	2	12	1	0	2.0000	0.0000	1.0000	NaN	4.9816	5.2769	14.9058	404273.6848	404273.9870	1.0000	1.0000	2.5637
21zf04	2	13	1	0	1.0000	0.0000	-1.0000	0.2132	NaN	NaN	NaN	404278.8995	404279.2563	0.0000	1.0000	0.2532
21zf04	2	13	1	0	2.0000	0.0000	1.0000	NaN	1.2454	1.0347	15.5004	404280.0679	404280.3702	1.0000	1.0000	0.2284
21zf04	2	14	1	0	1.0000	0.0000	1.0000	0.4232	NaN	NaN	NaN	404283.2317	404283.5829	1.0000	1.0000	0.2792
21zf04	2	14	1	0	2.0000	0.0000	1.0000	NaN	0.8381	0.7345	15.2795	404284.4196	404284.7218	1.0000	1.0000	0.0061
21zf04	2	15	1	0	1.0000	0.0000	-1.0000	0.9571	NaN	NaN	NaN	404286.8181	404287.1724	0.0000	1.0000	0.3216
21zf04	2	15	1	0	2.0000	0.0000	1.0000	NaN	6.9602	8.2713	16.0660	404288.0527	404288.3549	1.0000	1.0000	0.0061
21zf04	2	16	1	0	1.0000	0.0000	-1.0000	0.7818	NaN	NaN	NaN	404290.2614	404290.6130	0.0000	1.0000	0.3525
21zf04	2	16	1	0	2.0000	0.0000	1.0000	NaN	1.5256	3.1963	14.5749	404291.5096	404291.8118	1.0000	1.0000	0.0061
21zf04	2	17	1	0	1.0000	0.0000	1.0000	0.6706	NaN	NaN	NaN	404294.0178	404294.4331	1.0000	1.0000	0.2932
21zf04	2	17	1	0	2.0000	0.0000	1.0000	NaN	3.7398	5.2363	14.5507	404295.2614	404295.5652	1.0000	1.0000	0.0061
21zf04	2	18	1	0	1.0000	0.0000	-1.0000	0.6010	NaN	NaN	NaN	404297.7869	404298.1660	0.0000	1.0000	0.1768
21zf04	2	18	1	0	2.0000	0.0000	1.0000	NaN	3.0284	3.4196	14.4346	404298.8841	404299.1863	1.0000	1.0000	0.0061
21zf04	2	19	1	0	1.0000	0.0000	1.0000	0.0647	NaN	NaN	NaN	404301.1007	404301.4550	0.0000	0.0000	0.3437
21zf04	2	19	1	0	2.0000	0.0000	-1.0000	NaN	0.6174	-1.0500	15.9623	404302.3600	404302.6622	1.0000	0.0000	2.4810
21zf04	2	20	1	0	1.0000	0.0000	1.0000	0.7274	NaN	NaN	NaN	404307.6769	404308.0287	1.0000	1.0000	0.7295
21zf04	2	20	1	0	2.0000	0.0000	1.0000	NaN	5.9760	6.9019	15.0613	404309.3331	404309.6353	1.0000	1.0000	0.0061
21zf04	2	21	1	0	1.0000	0.0000	-1.0000	0.9388	NaN	NaN	NaN	404312.0666	404312.4210	0.0000	1.0000	0.4004
21zf04	2	21	1	0	2.0000	0.0000	1.0000	NaN	6.3036	8.0689	15.0508	404313.3976	404313.6998	1.0000	1.0000	0.1467
21zf04	2	22	1	0	1.0000	0.0000	1.0000	0.4351	NaN	NaN	NaN	404316.1379	404316.4919	1.0000	1.0000	0.3935
21zf04	2	22	1	0	2.0000	0.0000	1.0000	NaN	4.9482	2.7540	14.9906	404317.4439	404317.7461	1.0000	1.0000	0.0061
21zf04	2	23	1	0	1.0000	0.0000	-1.0000	0.4369	NaN	NaN	NaN	404320.0761	404320.4282	0.0000	1.0000	0.5692
21zf04	2	23	1	0	2.0000	0.0000	1.0000	NaN	6.7004	7.7952	15.1758	404321.5413	404321.8435	1.0000	1.0000	0.1140
21zf04	2	24	1	0	1.0000	0.0000	-1.0000	0.8146	NaN	NaN	NaN	404324.0998	404324.4539	0.0000	1.0000	0.4322
21zf04	2	24	1	0	2.0000	0.0000	1.0000	NaN	5.4528	4.9945	16.0332	404325.4440	404325.7462	1.0000	1.0000	0.0061
21zf04	2	25	1	0	1.0000	0.0000	1.0000	0.4471	NaN	NaN	NaN	404327.8965	404328.2468	0.0000	0.0000	0.4947
21zf04	2	25	1	0	2.0000	0.0000	-1.0000	NaN	2.8138	-4.3887	16.1708	404329.3005	404329.6026	0.0000	1.0000	2.4355
21zf04	2	26	1	0	1.0000	0.0000	-1.0000	0.9664	NaN	NaN	NaN	404334.0814	404334.4369	0.0000	1.0000	0.3212
21zf04	2	26	1	0	2.0000	0.0000	1.0000	NaN	6.5382	8.0330	13.0015	404335.3484	404335.6506	1.0000	1.0000	0.0062
21zf04	2	27	1	0	1.0000	0.0000	-1.0000	0.7147	NaN	NaN	NaN	404337.5025	404337.8575	0.0000	1.0000	0.1963
21zf04	2	27	1	0	2.0000	0.0000	1.0000	NaN	2.1321	2.6421	15.4940	404338.6123	404338.9145	1.0000	1.0000	0.0061
21zf04	2	28	1	0	1.0000	0.0000	1.0000	0.8010	NaN	NaN	NaN	404340.8875	404341.2974	0.0000	0.0000	0.4205
21zf04	2	28	1	0	2.0000	0.0000	-1.0000	NaN	6.5851	-6.9255	15.6005	404342.3173	404342.6241	1.0000	0.0000	0.2453
21zf04	2	29	1	0	1.0000	0.0000	-1.0000	0.9148	NaN	NaN	NaN	404345.2651	404345.6807	0.0000	1.0000	0.3893
21zf04	2	29	1	0	2.0000	0.0000	1.0000	NaN	2.5976	1.8253	15.7492	404346.6690	404346.9755	1.0000	1.0000	0.5507
21zf04	2	30	1	0	1.0000	0.0000	-1.0000	0.9045	NaN	NaN	NaN	404349.7922	404350.1914	0.0000	1.0000	0.2467
21zf04	2	30	1	0	2.0000	0.0000	1.0000	NaN	4.6757	5.1628	14.4638	404350.9649	404351.2671	1.0000	1.0000	0.0061
21zf04	2	31	1	0	1.0000	0.0000	1.0000	0.4180	NaN	NaN	NaN	404353.5643	404353.9190	0.0000	0.0000	0.4385
21zf04	2	31	1	0	2.0000	0.0000	-1.0000	NaN	4.1943	-4.3884	14.5874	404354.9321	404355.2343	1.0000	0.0000	0.0843
21zf04	2	32	1	0	1.0000	0.0000	-1.0000	0.9857	NaN	NaN	NaN	404357.6167	404357.9732	0.0000	1.0000	0.2082
21zf04	2	32	1	0	2.0000	0.0000	1.0000	NaN	2.7294	2.5705	16.6142	404358.7885	404359.0907	1.0000	1.0000	0.0199
21zf04	2	33	1	0	1.0000	0.0000	-1.0000	0.1440	NaN	NaN	NaN	404361.1677	404361.5227	0.0000	1.0000	0.2427
21zf04	2	33	1	0	2.0000	0.0000	1.0000	NaN	4.9332	4.6282	14.8499	404362.3248	404362.6269	1.0000	1.0000	0.0061
21zf04	2	34	1	0	1.0000	0.0000	1.0000	0.4250	NaN	NaN	NaN	404365.0310	404365.3851	0.0000	0.0000	0.1083
21zf04	2	34	1	0	2.0000	0.0000	-1.0000	NaN	2.8145	-1.2395	15.1627	404366.0846	404366.3881	1.0000	0.0000	0.0061
21zf04	2	35	1	0	1.0000	0.0000	-1.0000	0.4175	NaN	NaN	NaN	404368.7733	404369.1238	0.0000	1.0000	0.3222
21zf04	2	35	1	0	2.0000	0.0000	1.0000	NaN	2.0007	2.3346	15.5384	404370.0058	404370.3079	1.0000	1.0000	0.4664
21zf04	2	36	1	0	1.0000	0.0000	-1.0000	0.0654	NaN	NaN	NaN	404373.3160	404373.6721	1.0000	0.0000	0.4133
21zf04	2	36	1	0	2.0000	0.0000	-1.0000	NaN	5.5634	-2.3750	15.0059	404374.6449	404374.9472	0.0000	1.0000	0.0198
21zf04	2	37	1	0	1.0000	0.0000	-1.0000	0.1088	NaN	NaN	NaN	404377.0675	404377.4222	0.0000	1.0000	0.2483
21zf04	2	37	1	0	2.0000	0.0000	1.0000	NaN	5.5432	6.3830	14.9176	404378.2447	404378.5469	1.0000	1.0000	0.0061
21zf04	2	38	1	0	1.0000	0.0000	-1.0000	0.3918	NaN	NaN	NaN	404380.6376	404380.9899	0.0000	1.0000	0.4087
21zf04	2	38	1	0	2.0000	0.0000	1.0000	NaN	2.3919	2.5616	15.9059	404381.9410	404382.2432	1.0000	1.0000	0.0061
21zf04	2	39	1	0	1.0000	0.0000	1.0000	0.8807	NaN	NaN	NaN	404384.5993	404384.9551	1.0000	1.0000	0.4427
21zf04	2	39	1	0	2.0000	0.0000	1.0000	NaN	3.8001	4.6674	15.4752	404385.9409	404386.2430	1.0000	1.0000	0.3863
21zf04	2	40	1	0	1.0000	0.0000	-1.0000	0.9194	NaN	NaN	NaN	404388.9723	404389.3797	0.0000	1.0000	0.2272
21zf04	2	40	1	0	2.0000	0.0000	1.0000	NaN	3.5016	4.2359	15.1248	404390.1419	404390.4458	1.0000	1.0000	0.4892
21zf04	2	41	1	0	1.0000	0.0000	-1.0000	0.5538	NaN	NaN	NaN	404392.8315	404393.2339	0.0000	1.0000	0.1486
21zf04	2	41	1	0	2.0000	0.0000	1.0000	NaN	5.9420	8.9645	15.9390	404393.9248	404394.2270	1.0000	1.0000	0.2750
21zf04	2	42	1	0	1.0000	0.0000	-1.0000	0.2559	NaN	NaN	NaN	404396.8207	404397.1723	0.0000	1.0000	0.2254
21zf04	2	42	1	0	2.0000	0.0000	1.0000	NaN	1.3161	3.0843	14.9472	404397.9079	404398.2101	1.0000	1.0000	0.4366
21zf04	2	43	1	0	1.0000	0.0000	1.0000	0.2790	NaN	NaN	NaN	404400.8134	404401.1709	1.0000	1.0000	0.2111
21zf04	2	43	1	0	2.0000	0.0000	1.0000	NaN	0.7054	1.6567	15.7407	404401.9399	404402.2422	1.0000	1.0000	0.3716
21zf04	2	44	1	0	1.0000	0.0000	1.0000	0.5766	NaN	NaN	NaN	404404.7384	404405.0906	1.0000	1.0000	0.1319
21zf04	2	44	1	0	2.0000	0.0000	1.0000	NaN	4.9086	4.9923	14.5330	404405.8125	404406.1147	1.0000	1.0000	1.2043
21zf04	2	45	1	0	1.0000	0.0000	1.0000	0.7917	NaN	NaN	NaN	404409.4404	404409.7934	1.0000	1.0000	0.1965
21zf04	2	45	1	0	2.0000	0.0000	1.0000	NaN	0.4141	0.3766	15.1957	404410.5480	404410.8510	1.0000	1.0000	0.0829
21zf04	2	46	1	0	1.0000	0.0000	-1.0000	0.0452	NaN	NaN	NaN	404413.0187	404413.3715	1.0000	0.0000	0.2512
21zf04	2	46	1	0	2.0000	0.0000	-1.0000	NaN	6.9956	-8.7696	14.3882	404414.1968	404414.4990	0.0000	1.0000	0.2596
21zf04	2	47	1	0	1.0000	0.0000	1.0000	0.5775	NaN	NaN	NaN	404417.1345	404417.4879	1.0000	1.0000	0.1346
21zf04	2	47	1	0	2.0000	0.0000	1.0000	NaN	1.6366	1.0948	15.6543	404418.2122	404418.5145	1.0000	1.0000	0.0060
21zf04	2	48	1	0	1.0000	0.0000	-1.0000	0.4805	NaN	NaN	NaN	404420.7371	404421.0878	0.0000	1.0000	0.3736
21zf04	2	48	1	0	2.0000	0.0000	1.0000	NaN	3.1300	2.6993	15.1438	404422.0045	404422.3068	1.0000	1.0000	0.4671
21zf04	2	49	1	0	1.0000	0.0000	-1.0000	0.1008	NaN	NaN	NaN	404425.0729	404425.4263	1.0000	0.0000	0.3086
21zf04	2	49	1	0	2.0000	0.0000	-1.0000	NaN	4.3688	-3.2927	14.3084	404426.2937	404426.5959	0.0000	1.0000	0.6734
21zf04	2	50	1	0	1.0000	0.0000	1.0000	0.3744	NaN	NaN	NaN	404429.2211	404429.5727	1.0000	1.0000	0.0814
21zf04	2	50	1	0	2.0000	0.0000	1.0000	NaN	3.8912	4.3593	15.0735	404430.2278	404430.5301	1.0000	1.0000	0.2593
21zf04	3	1	1	0	1.0000	0.0000	-1.0000	0.2422	NaN	NaN	NaN	404433.9068	404434.3254	0.0000	1.0000	0.3040
21zf04	3	1	1	0	2.0000	0.0000	1.0000	NaN	2.6421	3.9891	14.8459	404435.2743	404435.5782	1.0000	1.0000	0.2044
21zf04	3	2	1	0	1.0000	0.0000	1.0000	0.0662	NaN	NaN	NaN	404438.0584	404438.4650	1.0000	1.0000	0.2613
21zf04	3	2	1	0	2.0000	0.0000	1.0000	NaN	6.3474	5.9450	13.9231	404439.2853	404439.5875	1.0000	1.0000	0.2099
21zf04	3	3	1	0	1.0000	0.0000	-1.0000	0.9349	NaN	NaN	NaN	404442.2313	404442.5855	1.0000	0.0000	0.0767
21zf04	3	3	1	0	2.0000	0.0000	-1.0000	NaN	6.2899	-7.2815	14.4174	404443.2045	404443.5068	0.0000	1.0000	0.3237
21zf04	3	4	1	0	1.0000	0.0000	1.0000	0.0940	NaN	NaN	NaN	404445.7556	404446.1082	1.0000	1.0000	0.7778
21zf04	3	4	1	0	2.0000	0.0000	1.0000	NaN	4.6513	4.5370	17.4095	404447.4603	404447.7625	1.0000	1.0000	2.6113
21zf04	3	5	1	0	1.0000	0.0000	-1.0000	0.6519	NaN	NaN	NaN	404452.8565	404453.2071	0.0000	1.0000	0.6062
21zf04	3	5	1	0	2.0000	0.0000	1.0000	NaN	0.3760	1.4259	15.1100	404454.3574	404454.6596	1.0000	1.0000	0.1777
21zf04	3	6	1	0	1.0000	0.0000	1.0000	0.7693	NaN	NaN	NaN	404457.2282	404457.5847	1.0000	1.0000	0.1983
21zf04	3	6	1	0	2.0000	0.0000	1.0000	NaN	6.0898	6.6489	15.5292	404458.3088	404458.6110	1.0000	1.0000	0.4670
21zf04	3	7	1	0	1.0000	0.0000	1.0000	0.5829	NaN	NaN	NaN	404461.0519	404461.4024	1.0000	1.0000	0.3321
21zf04	3	7	1	0	2.0000	0.0000	1.0000	NaN	3.6613	4.7666	14.0823	404462.2917	404462.5940	1.0000	1.0000	0.5007
21zf04	3	8	1	0	1.0000	0.0000	1.0000	0.5561	NaN	NaN	NaN	404465.0934	404465.4467	1.0000	1.0000	0.1586
21zf04	3	8	1	0	2.0000	0.0000	1.0000	NaN	3.4183	2.8828	16.8633	404466.1496	404466.4519	1.0000	1.0000	0.3054
21zf04	3	9	1	0	1.0000	0.0000	1.0000	0.7033	NaN	NaN	NaN	404469.2505	404469.6020	1.0000	1.0000	0.2601
21zf04	3	9	1	0	2.0000	0.0000	1.0000	NaN	1.8541	2.2737	16.5673	404470.4205	404470.7227	1.0000	1.0000	0.3873
21zf04	3	10	1	0	1.0000	0.0000	1.0000	0.9822	NaN	NaN	NaN	404473.1762	404473.5296	1.0000	1.0000	0.0767
21zf04	3	10	1	0	2.0000	0.0000	1.0000	NaN	5.9302	5.9292	14.6793	404474.1658	404474.4680	1.0000	1.0000	0.2254
21zf04	3	11	1	0	1.0000	0.0000	-1.0000	0.7012	NaN	NaN	NaN	404476.9198	404477.2703	0.0000	1.0000	0.6396
21zf04	3	11	1	0	2.0000	0.0000	1.0000	NaN	3.8707	3.9926	14.8266	404478.5001	404478.8024	1.0000	1.0000	0.0989
21zf04	3	12	1	0	1.0000	0.0000	-1.0000	0.4628	NaN	NaN	NaN	404481.2788	404481.6902	0.0000	1.0000	0.3311
21zf04	3	12	1	0	2.0000	0.0000	1.0000	NaN	5.7220	4.3924	13.1042	404482.6038	404482.9077	1.0000	1.0000	0.2336
21zf04	3	13	1	0	1.0000	0.0000	-1.0000	0.2560	NaN	NaN	NaN	404485.2596	404485.6753	0.0000	1.0000	0.0755
21zf04	3	13	1	0	2.0000	0.0000	1.0000	NaN	5.3766	3.3988	15.0936	404486.3242	404486.6264	1.0000	1.0000	0.3068
21zf04	3	14	1	0	1.0000	0.0000	-1.0000	0.2515	NaN	NaN	NaN	404489.2209	404489.5728	0.0000	1.0000	0.1776
21zf04	3	14	1	0	2.0000	0.0000	1.0000	NaN	6.6373	7.2479	14.9995	404490.3087	404490.6109	1.0000	1.0000	0.0060
21zf04	3	15	1	0	1.0000	0.0000	-1.0000	0.9239	NaN	NaN	NaN	404492.3514	404492.7024	0.0000	1.0000	0.1675
21zf04	3	15	1	0	2.0000	0.0000	1.0000	NaN	5.1891	6.7711	14.5299	404493.4122	404493.7151	1.0000	1.0000	0.0061
21zf04	3	16	1	0	1.0000	0.0000	-1.0000	0.9987	NaN	NaN	NaN	404496.1086	404496.4617	0.0000	1.0000	0.1209
21zf04	3	16	1	0	2.0000	0.0000	1.0000	NaN	3.4560	4.2788	13.6388	404497.1406	404497.4428	1.0000	1.0000	0.0515
21zf04	3	17	1	0	1.0000	0.0000	1.0000	0.5147	NaN	NaN	NaN	404499.8157	404500.1671	1.0000	1.0000	0.1581
21zf04	3	17	1	0	2.0000	0.0000	1.0000	NaN	2.4555	2.4481	13.3703	404500.9324	404501.2346	1.0000	1.0000	0.4507
21zf04	3	18	1	0	1.0000	0.0000	1.0000	0.4444	NaN	NaN	NaN	404504.0849	404504.4355	1.0000	1.0000	0.2742
21zf04	3	18	1	0	2.0000	0.0000	1.0000	NaN	3.2459	3.7310	14.8969	404505.3156	404505.6178	1.0000	1.0000	0.0061
21zf04	3	19	1	0	1.0000	0.0000	1.0000	0.0080	NaN	NaN	NaN	404508.0126	404508.3667	0.0000	0.0000	1.6705
21zf04	3	19	1	0	2.0000	0.0000	-1.0000	NaN	5.5660	-4.7595	15.0899	404510.6598	404510.9628	1.0000	0.0000	1.4265
21zf04	3	20	1	0	1.0000	0.0000	-1.0000	0.0567	NaN	NaN	NaN	404514.8654	404515.2164	0.0000	1.0000	0.3897
21zf04	3	20	1	0	2.0000	0.0000	1.0000	NaN	5.6017	5.5140	15.0470	404516.1648	404516.4670	0.0000	0.0000	0.0062
21zf04	3	21	1	0	1.0000	0.0000	-1.0000	0.1130	NaN	NaN	NaN	404518.9244	404519.2817	0.0000	1.0000	0.2762
21zf04	3	21	1	0	2.0000	0.0000	1.0000	NaN	3.7279	3.1065	15.0627	404520.1321	404520.4342	1.0000	1.0000	1.6835
21zf04	3	22	1	0	1.0000	0.0000	-1.0000	0.8323	NaN	NaN	NaN	404524.3897	404524.7436	0.0000	1.0000	0.2387
21zf04	3	22	1	0	2.0000	0.0000	1.0000	NaN	0.7466	1.0217	14.8977	404525.5721	404525.8743	1.0000	1.0000	0.3710
21zf04	3	23	1	0	1.0000	0.0000	-1.0000	0.5022	NaN	NaN	NaN	404528.8301	404529.2524	0.0000	1.0000	0.3689
21zf04	3	23	1	0	2.0000	0.0000	1.0000	NaN	5.2594	6.7497	15.1171	404530.1590	404530.4661	1.0000	1.0000	0.0844
21zf04	3	24	1	0	1.0000	0.0000	-1.0000	0.2807	NaN	NaN	NaN	404532.9433	404533.3726	0.0000	1.0000	0.6817
21zf04	3	24	1	0	2.0000	0.0000	1.0000	NaN	6.8482	5.7418	15.3522	404534.6691	404534.9740	0.0000	0.0000	0.2484
21zf04	3	25	1	0	1.0000	0.0000	1.0000	0.2172	NaN	NaN	NaN	404537.3354	404537.7558	1.0000	1.0000	0.3615
21zf04	3	25	1	0	2.0000	0.0000	1.0000	NaN	5.2867	6.1138	15.0243	404538.6530	404538.9578	1.0000	1.0000	0.0570
21zf04	3	26	1	0	1.0000	0.0000	1.0000	0.1116	NaN	NaN	NaN	404541.0345	404541.4550	0.0000	0.0000	0.9502
21zf04	3	26	1	0	2.0000	0.0000	-1.0000	NaN	1.8261	-0.3038	15.4287	404542.9894	404543.2953	1.0000	0.0000	0.2632
21zf04	3	27	1	0	1.0000	0.0000	1.0000	0.1790	NaN	NaN	NaN	404545.7613	404546.1716	1.0000	1.0000	0.9222
21zf04	3	27	1	0	2.0000	0.0000	1.0000	NaN	2.8721	3.3237	15.8006	404547.6768	404547.9823	0.0000	0.0000	3.0475
21zf04	3	28	1	0	1.0000	0.0000	1.0000	0.3111	NaN	NaN	NaN	404553.3256	404553.7377	1.0000	1.0000	0.5083
21zf04	3	28	1	0	2.0000	0.0000	1.0000	NaN	5.2700	5.9574	15.7691	404554.7825	404555.0871	1.0000	1.0000	0.0541
21zf04	3	29	1	0	1.0000	0.0000	1.0000	0.4934	NaN	NaN	NaN	404557.6694	404558.0875	1.0000	1.0000	1.6949
21zf04	3	29	1	0	2.0000	0.0000	1.0000	NaN	2.7429	2.4798	17.0891	404560.3339	404560.6384	1.0000	1.0000	0.0559
21zf04	3	30	1	0	1.0000	0.0000	1.0000	0.7850	NaN	NaN	NaN	404562.8216	404563.2373	1.0000	1.0000	0.2245
21zf04	3	30	1	0	2.0000	0.0000	1.0000	NaN	6.9402	9.7299	16.1603	404564.0649	404564.3692	1.0000	1.0000	0.0061
21zf04	3	31	1	0	1.0000	0.0000	1.0000	0.2285	NaN	NaN	NaN	404566.7624	404567.1815	1.0000	1.0000	0.3927
21zf04	3	31	1	0	2.0000	0.0000	1.0000	NaN	3.0676	1.9787	14.3438	404568.1244	404568.4309	1.0000	1.0000	0.0061
21zf04	3	32	1	0	1.0000	0.0000	1.0000	0.1549	NaN	NaN	NaN	404570.3621	404570.7737	1.0000	1.0000	0.8314
21zf04	3	32	1	0	2.0000	0.0000	1.0000	NaN	6.6047	6.0860	14.4395	404572.2053	404572.5123	1.0000	1.0000	2.1649
21zf04	3	33	1	0	1.0000	0.0000	-1.0000	0.1257	NaN	NaN	NaN	404576.7323	404577.1531	0.0000	1.0000	0.5000
21zf04	3	33	1	0	2.0000	0.0000	1.0000	NaN	6.1192	5.8090	15.4006	404578.2383	404578.5447	1.0000	1.0000	0.0534
21zf04	3	34	1	0	1.0000	0.0000	1.0000	0.6491	NaN	NaN	NaN	404580.5295	404580.9478	1.0000	1.0000	0.1774
21zf04	3	34	1	0	2.0000	0.0000	1.0000	NaN	1.9365	2.5103	14.5240	404581.6475	404581.9519	1.0000	1.0000	0.4693
21zf04	3	35	1	0	1.0000	0.0000	-1.0000	0.2097	NaN	NaN	NaN	404584.3994	404584.7961	0.0000	1.0000	0.6976
21zf04	3	35	1	0	2.0000	0.0000	1.0000	NaN	5.1000	3.7896	14.2365	404586.0689	404586.3714	1.0000	1.0000	0.4187
21zf04	3	36	1	0	1.0000	0.0000	-1.0000	0.7828	NaN	NaN	NaN	404589.3233	404589.7359	0.0000	1.0000	0.4940
21zf04	3	36	1	0	2.0000	0.0000	1.0000	NaN	0.8170	1.4342	14.7692	404590.8303	404591.1348	1.0000	1.0000	0.5357
21zf04	3	37	1	0	1.0000	0.0000	-1.0000	0.0580	NaN	NaN	NaN	404593.5060	404593.8904	1.0000	0.0000	0.6753
21zf04	3	37	1	0	2.0000	0.0000	-1.0000	NaN	1.9613	-3.4180	14.5321	404595.1235	404595.4265	0.0000	1.0000	0.0993
21zf04	3	38	1	0	1.0000	0.0000	1.0000	0.5815	NaN	NaN	NaN	404598.1273	404598.4788	1.0000	1.0000	0.2635
21zf04	3	38	1	0	2.0000	0.0000	1.0000	NaN	0.7960	1.3017	13.6648	404599.3014	404599.6036	1.0000	1.0000	0.4502
21zf04	3	39	1	0	1.0000	0.0000	-1.0000	0.9167	NaN	NaN	NaN	404602.0439	404602.3952	0.0000	1.0000	0.3946
21zf04	3	39	1	0	2.0000	0.0000	1.0000	NaN	1.2640	1.6357	14.0493	404603.3651	404603.6674	1.0000	1.0000	0.1789
21zf04	3	40	1	0	1.0000	0.0000	1.0000	0.4338	NaN	NaN	NaN	404606.1362	404606.4895	1.0000	1.0000	1.1002
21zf04	3	40	1	0	2.0000	0.0000	1.0000	NaN	1.3305	1.6737	13.6541	404608.1497	404608.4520	1.0000	1.0000	0.5611
21zf04	3	41	1	0	1.0000	0.0000	-1.0000	0.6722	NaN	NaN	NaN	404611.3291	404611.6801	0.0000	1.0000	0.2616
21zf04	3	41	1	0	2.0000	0.0000	1.0000	NaN	5.7349	5.1628	16.1857	404612.5163	404612.8186	1.0000	1.0000	1.2357
21zf04	3	42	1	0	1.0000	0.0000	1.0000	0.8454	NaN	NaN	NaN	404616.2437	404616.5946	1.0000	1.0000	0.9483
21zf04	3	42	1	0	2.0000	0.0000	1.0000	NaN	4.5362	6.6802	14.9347	404618.1325	404618.4347	0.0000	0.0000	0.0060
21zf04	3	43	1	0	1.0000	0.0000	-1.0000	0.3843	NaN	NaN	NaN	404620.9363	404621.2931	0.0000	1.0000	1.0644
21zf04	3	43	1	0	2.0000	0.0000	1.0000	NaN	4.0474	4.2227	14.1109	404622.9336	404623.2357	1.0000	1.0000	1.9853
21zf04	3	44	1	0	1.0000	0.0000	1.0000	0.6592	NaN	NaN	NaN	404627.4643	404627.8158	1.0000	1.0000	0.2534
21zf04	3	44	1	0	2.0000	0.0000	1.0000	NaN	5.4053	5.3045	13.0692	404628.6445	404628.9467	1.0000	1.0000	0.2744
21zf04	3	45	1	0	1.0000	0.0000	-1.0000	0.1585	NaN	NaN	NaN	404631.3367	404631.6925	0.0000	1.0000	0.4730
21zf04	3	45	1	0	2.0000	0.0000	1.0000	NaN	4.3615	4.0908	14.7898	404632.7256	404633.0278	1.0000	1.0000	0.0061
21zf04	3	46	1	0	1.0000	0.0000	1.0000	0.1680	NaN	NaN	NaN	404634.9542	404635.3550	1.0000	1.0000	0.3475
21zf04	3	46	1	0	2.0000	0.0000	1.0000	NaN	0.7103	0.7740	15.8779	404636.2620	404636.5642	1.0000	1.0000	0.0060
21zf04	3	47	1	0	1.0000	0.0000	1.0000	0.4234	NaN	NaN	NaN	404638.6370	404638.9921	1.0000	1.0000	0.1504
21zf04	3	47	1	0	2.0000	0.0000	1.0000	NaN	6.4907	6.4091	15.3039	404639.6844	404639.9866	1.0000	1.0000	0.1963
21zf04	3	48	1	0	1.0000	0.0000	1.0000	0.9670	NaN	NaN	NaN	404642.3559	404642.7098	1.0000	1.0000	0.1913
21zf04	3	48	1	0	2.0000	0.0000	1.0000	NaN	6.6577	8.2654	15.7011	404643.4605	404643.7626	1.0000	1.0000	0.0061
21zf04	3	49	1	0	1.0000	0.0000	1.0000	0.1287	NaN	NaN	NaN	404645.9031	404646.2584	1.0000	1.0000	0.1147
21zf04	3	49	1	0	2.0000	0.0000	1.0000	NaN	6.7500	7.9689	14.7589	404646.9161	404647.2183	1.0000	1.0000	0.0061
21zf04	3	50	1	0	1.0000	0.0000	1.0000	0.0581	NaN	NaN	NaN	404649.4748	404649.8261	1.0000	1.0000	0.1798
21zf04	3	50	1	0	2.0000	0.0000	1.0000	NaN	2.7580	0.7690	14.5121	404650.5488	404650.8511	1.0000	1.0000	0.0061
21zf04	4	1	1	0	1.0000	0.0000	1.0000	0.0880	NaN	NaN	NaN	404653.9264	404654.2779	1.0000	1.0000	0.3040
21zf04	4	1	1	0	2.0000	0.0000	1.0000	NaN	3.3869	4.9200	15.5148	404655.1712	404655.4735	1.0000	1.0000	0.1171
21zf04	4	2	1	0	1.0000	0.0000	1.0000	0.6049	NaN	NaN	NaN	404657.5742	404657.9258	1.0000	1.0000	0.6878
21zf04	4	2	1	0	2.0000	0.0000	1.0000	NaN	2.5675	3.4994	13.5760	404659.1725	404659.4747	1.0000	1.0000	0.1797
21zf04	4	3	1	0	1.0000	0.0000	-1.0000	0.9306	NaN	NaN	NaN	404662.1374	404662.4910	0.0000	1.0000	0.2352
21zf04	4	3	1	0	2.0000	0.0000	1.0000	NaN	6.5111	4.6925	14.6277	404663.2361	404663.5397	1.0000	1.0000	0.6094
21zf04	4	4	1	0	1.0000	0.0000	-1.0000	0.6050	NaN	NaN	NaN	404666.2156	404666.5698	0.0000	1.0000	0.3161
21zf04	4	4	1	0	2.0000	0.0000	1.0000	NaN	1.8791	1.9762	16.4867	404667.4279	404667.7302	1.0000	1.0000	0.0188
21zf04	4	5	1	0	1.0000	0.0000	-1.0000	0.5914	NaN	NaN	NaN	404670.2172	404670.5739	0.0000	1.0000	0.1352
21zf04	4	5	1	0	2.0000	0.0000	1.0000	NaN	5.7682	8.3462	13.6121	404671.2682	404671.5712	1.0000	1.0000	0.0184
21zf04	4	6	1	0	1.0000	0.0000	-1.0000	0.7884	NaN	NaN	NaN	404674.0317	404674.3862	0.0000	1.0000	0.1160
21zf04	4	6	1	0	2.0000	0.0000	1.0000	NaN	1.6906	1.1405	15.4926	404675.0593	404675.3615	1.0000	1.0000	0.0061
21zf04	4	7	1	0	1.0000	0.0000	-1.0000	0.6665	NaN	NaN	NaN	404677.4350	404677.7902	0.0000	1.0000	0.1513
21zf04	4	7	1	0	2.0000	0.0000	1.0000	NaN	6.4628	7.8739	14.0401	404678.5001	404678.8023	1.0000	1.0000	0.0061
21zf04	4	8	1	0	1.0000	0.0000	-1.0000	0.7386	NaN	NaN	NaN	404680.9092	404681.3149	0.0000	1.0000	0.1473
21zf04	4	8	1	0	2.0000	0.0000	1.0000	NaN	2.7637	2.7085	14.6499	404682.0103	404682.3143	1.0000	1.0000	0.0279
21zf04	4	9	1	0	1.0000	0.0000	-1.0000	0.1864	NaN	NaN	NaN	404684.4609	404684.8798	1.0000	0.0000	0.4052
21zf04	4	9	1	0	2.0000	0.0000	-1.0000	NaN	3.9680	-4.3897	12.9579	404685.8613	404686.1635	1.0000	0.0000	0.0815
21zf04	4	10	1	0	1.0000	0.0000	-1.0000	0.0675	NaN	NaN	NaN	404688.7754	404689.1261	1.0000	0.0000	0.2401
21zf04	4	10	1	0	2.0000	0.0000	-1.0000	NaN	0.6282	-2.1932	14.6219	404689.9081	404690.2103	1.0000	0.0000	0.0061
21zf04	4	11	1	0	1.0000	0.0000	1.0000	0.0369	NaN	NaN	NaN	404692.3827	404692.7395	0.0000	0.0000	0.4655
21zf04	4	11	1	0	2.0000	0.0000	-1.0000	NaN	5.5153	-6.1658	13.9689	404693.7637	404694.0660	0.0000	1.0000	2.9477
21zf04	4	12	1	0	1.0000	0.0000	1.0000	0.8923	NaN	NaN	NaN	404699.6141	404699.9681	1.0000	1.0000	0.1809
21zf04	4	12	1	0	2.0000	0.0000	1.0000	NaN	6.1047	8.4204	14.3330	404700.6763	404700.9786	1.0000	1.0000	0.2104
21zf04	4	13	1	0	1.0000	0.0000	-1.0000	0.5349	NaN	NaN	NaN	404703.1408	404703.4918	0.0000	1.0000	0.3537
21zf04	4	13	1	0	2.0000	0.0000	1.0000	NaN	1.2161	1.0007	14.1401	404704.3720	404704.6741	1.0000	1.0000	0.0062
21zf04	4	14	1	0	1.0000	0.0000	1.0000	0.9966	NaN	NaN	NaN	404707.0311	404707.3844	0.0000	0.0000	1.2452
21zf04	4	14	1	0	2.0000	0.0000	-1.0000	NaN	3.6461	-2.9913	14.2498	404709.2215	404709.5237	0.0000	1.0000	1.3934
21zf04	4	15	1	0	1.0000	0.0000	-1.0000	0.2755	NaN	NaN	NaN	404713.4100	404713.7611	0.0000	1.0000	0.3399
21zf04	4	15	1	0	2.0000	0.0000	1.0000	NaN	3.9827	4.4978	14.8706	404714.6762	404714.9783	1.0000	1.0000	0.0061
21zf04	4	16	1	0	1.0000	0.0000	-1.0000	0.5702	NaN	NaN	NaN	404717.4260	404717.7775	0.0000	1.0000	0.2932
21zf04	4	16	1	0	2.0000	0.0000	1.0000	NaN	1.4636	2.1550	15.0874	404718.6125	404718.9146	1.0000	1.0000	0.0061
21zf04	4	17	1	0	1.0000	0.0000	-1.0000	0.4842	NaN	NaN	NaN	404721.1850	404721.5392	0.0000	1.0000	0.4352
21zf04	4	17	1	0	2.0000	0.0000	1.0000	NaN	5.1403	4.0615	16.1351	404722.5472	404722.8495	1.0000	1.0000	0.0061
21zf04	4	18	1	0	1.0000	0.0000	-1.0000	0.7442	NaN	NaN	NaN	404725.2460	404725.6002	0.0000	1.0000	0.2608
21zf04	4	18	1	0	2.0000	0.0000	1.0000	NaN	6.2781	5.2381	15.3106	404726.3882	404726.6903	1.0000	1.0000	0.0200
21zf04	4	19	1	0	1.0000	0.0000	-1.0000	0.0311	NaN	NaN	NaN	404729.0931	404729.5120	1.0000	0.0000	0.4609
21zf04	4	19	1	0	2.0000	0.0000	-1.0000	NaN	2.0966	-0.4463	15.5633	404730.6060	404730.9102	1.0000	0.0000	0.1987
21zf04	4	20	1	0	1.0000	0.0000	-1.0000	0.7684	NaN	NaN	NaN	404733.6644	404734.0791	0.0000	1.0000	0.2299
21zf04	4	20	1	0	2.0000	0.0000	1.0000	NaN	3.1200	2.6832	15.6421	404734.8604	404735.1652	1.0000	1.0000	2.7286
21zf04	4	21	1	0	1.0000	0.0000	1.0000	0.1513	NaN	NaN	NaN	404740.3325	404740.7455	0.0000	0.0000	0.4435
21zf04	4	21	1	0	2.0000	0.0000	-1.0000	NaN	1.2287	-0.5595	15.1413	404741.6917	404741.9965	1.0000	0.0000	0.0896
21zf04	4	22	1	0	1.0000	0.0000	-1.0000	0.8637	NaN	NaN	NaN	404744.2578	404744.6781	0.0000	1.0000	0.2709
21zf04	4	22	1	0	2.0000	0.0000	1.0000	NaN	4.6254	7.7717	15.7648	404745.4890	404745.7934	1.0000	1.0000	0.0211
21zf04	4	23	1	0	1.0000	0.0000	-1.0000	0.9030	NaN	NaN	NaN	404748.3161	404748.7279	0.0000	1.0000	1.2451
21zf04	4	23	1	0	2.0000	0.0000	1.0000	NaN	5.4118	4.9716	14.8919	404750.5242	404750.8287	1.0000	1.0000	0.0061
21zf04	4	24	1	0	1.0000	0.0000	-1.0000	0.5357	NaN	NaN	NaN	404752.9788	404753.3943	0.0000	1.0000	0.2597
21zf04	4	24	1	0	2.0000	0.0000	1.0000	NaN	4.6108	4.8937	15.3570	404754.1907	404754.4952	1.0000	1.0000	0.4057
21zf04	4	25	1	0	1.0000	0.0000	1.0000	0.7141	NaN	NaN	NaN	404757.5235	404757.9441	1.0000	1.0000	0.1250
21zf04	4	25	1	0	2.0000	0.0000	1.0000	NaN	0.8622	1.1744	14.0753	404758.6238	404758.9283	1.0000	1.0000	0.4212
21zf04	4	26	1	0	1.0000	0.0000	-1.0000	0.7918	NaN	NaN	NaN	404761.7067	404762.1271	1.0000	0.0000	0.2619
21zf04	4	26	1	0	2.0000	0.0000	-1.0000	NaN	5.2930	-5.7261	14.3107	404762.9565	404763.2607	1.0000	0.0000	2.1363
21zf04	4	27	1	0	1.0000	0.0000	-1.0000	0.8413	NaN	NaN	NaN	404767.7076	404768.1268	0.0000	1.0000	0.3742
21zf04	4	27	1	0	2.0000	0.0000	1.0000	NaN	2.7432	2.5999	14.5716	404769.0378	404769.3419	1.0000	1.0000	0.0062
21zf04	4	28	1	0	1.0000	0.0000	1.0000	0.2357	NaN	NaN	NaN	404771.7544	404772.1632	1.0000	1.0000	0.1945
21zf04	4	28	1	0	2.0000	0.0000	1.0000	NaN	5.1865	4.2208	15.8174	404772.9727	404773.2768	1.0000	1.0000	2.4721
21zf04	4	29	1	0	1.0000	0.0000	-1.0000	0.5025	NaN	NaN	NaN	404778.2544	404778.6769	0.0000	1.0000	0.1601
21zf04	4	29	1	0	2.0000	0.0000	1.0000	NaN	4.8314	5.9114	14.8759	404779.3898	404779.6947	1.0000	1.0000	0.0064
21zf04	4	30	1	0	1.0000	0.0000	-1.0000	0.3228	NaN	NaN	NaN	404781.6633	404782.0713	0.0000	1.0000	0.3657
21zf04	4	30	1	0	2.0000	0.0000	1.0000	NaN	0.2019	0.8701	14.4440	404782.9791	404783.2821	1.0000	1.0000	0.1000
21zf04	4	31	1	0	1.0000	0.0000	-1.0000	0.1605	NaN	NaN	NaN	404785.6311	404786.0564	0.0000	1.0000	0.3332
21zf04	4	31	1	0	2.0000	0.0000	1.0000	NaN	4.0993	3.8069	15.6725	404786.9571	404787.2619	1.0000	1.0000	0.0062
21zf04	4	32	1	0	1.0000	0.0000	-1.0000	0.8747	NaN	NaN	NaN	404789.6081	404790.0392	0.0000	1.0000	0.1417
21zf04	4	32	1	0	2.0000	0.0000	1.0000	NaN	6.2862	5.6329	14.8880	404790.8152	404791.1203	1.0000	1.0000	0.0386
21zf04	4	33	1	0	1.0000	0.0000	1.0000	0.3085	NaN	NaN	NaN	404793.4222	404793.8428	1.0000	1.0000	0.4822
21zf04	4	33	1	0	2.0000	0.0000	1.0000	NaN	3.3195	4.0659	15.8249	404794.8641	404795.1699	1.0000	1.0000	0.0061
21zf04	4	34	1	0	1.0000	0.0000	1.0000	0.0388	NaN	NaN	NaN	404797.4661	404797.8868	1.0000	1.0000	0.1185
21zf04	4	34	1	0	2.0000	0.0000	1.0000	NaN	7.0307	8.0672	14.9541	404798.5401	404798.8446	1.0000	1.0000	0.3290
21zf04	4	35	1	0	1.0000	0.0000	-1.0000	0.8221	NaN	NaN	NaN	404801.6281	404802.0418	0.0000	1.0000	0.3322
21zf04	4	35	1	0	2.0000	0.0000	1.0000	NaN	7.0288	7.4587	14.4646	404802.9882	404803.2927	1.0000	1.0000	0.2813
21zf04	4	36	1	0	1.0000	0.0000	-1.0000	0.7230	NaN	NaN	NaN	404805.5006	404805.9199	0.0000	1.0000	0.1330
21zf04	4	36	1	0	2.0000	0.0000	1.0000	NaN	6.3272	6.2008	14.4296	404806.5881	404806.8925	1.0000	1.0000	0.1364
21zf04	4	37	1	0	1.0000	0.0000	1.0000	0.1855	NaN	NaN	NaN	404809.4332	404809.8532	1.0000	1.0000	0.9042
21zf04	4	37	1	0	2.0000	0.0000	1.0000	NaN	4.5192	4.0781	14.0699	404811.3109	404811.6180	1.0000	1.0000	0.1149
21zf04	4	38	1	0	1.0000	0.0000	1.0000	0.5348	NaN	NaN	NaN	404813.9944	404814.4079	1.0000	1.0000	0.2547
21zf04	4	38	1	0	2.0000	0.0000	1.0000	NaN	2.5356	2.1825	14.5694	404815.2294	404815.5353	1.0000	1.0000	0.0061
21zf04	4	39	1	0	1.0000	0.0000	1.0000	0.9286	NaN	NaN	NaN	404817.9295	404818.3123	1.0000	1.0000	0.1905
21zf04	4	39	1	0	2.0000	0.0000	1.0000	NaN	6.3394	6.7986	15.5063	404819.0280	404819.3315	1.0000	1.0000	0.2748
21zf04	4	40	1	0	1.0000	0.0000	1.0000	0.8596	NaN	NaN	NaN	404821.8639	404822.2175	1.0000	1.0000	0.0754
21zf04	4	40	1	0	2.0000	0.0000	1.0000	NaN	5.3993	4.3915	14.9000	404822.8357	404823.1379	1.0000	1.0000	0.4030
21zf04	4	41	1	0	1.0000	0.0000	1.0000	0.7895	NaN	NaN	NaN	404825.8814	404826.2339	1.0000	1.0000	0.1561
21zf04	4	41	1	0	2.0000	0.0000	1.0000	NaN	1.2185	1.0348	13.9342	404826.9490	404827.2510	1.0000	1.0000	0.2269
21zf04	4	42	1	0	1.0000	0.0000	1.0000	0.4675	NaN	NaN	NaN	404829.9105	404830.2658	1.0000	1.0000	0.1083
21zf04	4	42	1	0	2.0000	0.0000	1.0000	NaN	1.2610	1.6622	14.0447	404830.9323	404831.2345	1.0000	1.0000	0.0184
21zf04	4	43	1	0	1.0000	0.0000	-1.0000	0.8632	NaN	NaN	NaN	404833.7624	404834.1688	0.0000	1.0000	0.2847
21zf04	4	43	1	0	2.0000	0.0000	1.0000	NaN	5.9963	5.8494	14.6778	404835.0918	404835.3941	1.0000	1.0000	0.0198
21zf04	4	44	1	0	1.0000	0.0000	-1.0000	0.7953	NaN	NaN	NaN	404837.7491	404838.0999	0.0000	1.0000	0.3217
21zf04	4	44	1	0	2.0000	0.0000	1.0000	NaN	4.3114	3.5657	16.5837	404838.9809	404839.2831	1.0000	1.0000	0.0177
21zf04	4	45	1	0	1.0000	0.0000	-1.0000	0.1483	NaN	NaN	NaN	404841.3688	404841.7217	1.0000	0.0000	0.6838
21zf04	4	45	1	0	2.0000	0.0000	-1.0000	NaN	3.8664	-3.1132	14.9543	404842.9482	404843.2504	1.0000	0.0000	0.0061
21zf04	4	46	1	0	1.0000	0.0000	1.0000	0.8527	NaN	NaN	NaN	404845.5762	404845.9317	1.0000	1.0000	0.5218
21zf04	4	46	1	0	2.0000	0.0000	1.0000	NaN	6.9154	6.9788	15.7967	404846.9813	404847.2834	1.0000	1.0000	0.1463
21zf04	4	47	1	0	1.0000	0.0000	1.0000	0.6279	NaN	NaN	NaN	404849.7313	404850.0827	1.0000	1.0000	0.2111
21zf04	4	47	1	0	2.0000	0.0000	1.0000	NaN	3.4624	2.9233	15.4323	404850.8534	404851.1556	1.0000	1.0000	0.2892
21zf04	4	48	1	0	1.0000	0.0000	-1.0000	0.9445	NaN	NaN	NaN	404853.5510	404853.9039	1.0000	0.0000	0.8225
21zf04	4	48	1	0	2.0000	0.0000	-1.0000	NaN	4.9502	-4.3989	14.7011	404855.2371	404855.5392	1.0000	0.0000	2.7545
21zf04	4	49	1	0	1.0000	0.0000	1.0000	0.8841	NaN	NaN	NaN	404860.7249	404861.0811	1.0000	1.0000	0.1570
21zf04	4	49	1	0	2.0000	0.0000	1.0000	NaN	0.3312	1.2454	15.6273	404861.7807	404862.0829	1.0000	1.0000	0.2912
21zf04	4	50	1	0	1.0000	0.0000	1.0000	0.6930	NaN	NaN	NaN	404864.8620	404865.2153	1.0000	1.0000	0.4055
21zf04	4	50	1	0	2.0000	0.0000	1.0000	NaN	1.9357	1.0113	14.9376	404866.2128	404866.5149	1.0000	1.0000	2.3065
21zf04	5	1	1	0	1.0000	0.0000	-1.0000	0.4989	NaN	NaN	NaN	404871.8399	404872.1971	0.0000	1.0000	0.8325
21zf04	5	1	1	0	2.0000	0.0000	1.0000	NaN	6.4116	6.1479	15.3898	404873.6527	404873.9548	1.0000	1.0000	2.7540
21zf04	5	2	1	0	1.0000	0.0000	-1.0000	0.0370	NaN	NaN	NaN	404879.1762	404879.5858	1.0000	0.0000	0.3883
21zf04	5	2	1	0	2.0000	0.0000	-1.0000	NaN	3.0218	-3.0425	14.9150	404880.5321	404880.8342	1.0000	0.0000	0.0359
21zf04	5	3	1	0	1.0000	0.0000	-1.0000	0.8307	NaN	NaN	NaN	404883.1462	404883.4977	0.0000	1.0000	0.5071
21zf04	5	3	1	0	2.0000	0.0000	1.0000	NaN	3.8254	1.8798	15.7003	404884.5800	404884.8822	1.0000	1.0000	0.8349
21zf04	5	4	1	0	1.0000	0.0000	1.0000	0.2762	NaN	NaN	NaN	404887.9857	404888.3421	1.0000	1.0000	0.3196
21zf04	5	4	1	0	2.0000	0.0000	1.0000	NaN	4.0344	5.9976	13.6929	404889.1880	404889.4901	1.0000	1.0000	3.4762
21zf04	5	5	1	0	1.0000	0.0000	-1.0000	0.3007	NaN	NaN	NaN	404894.7829	404895.1355	1.0000	0.0000	0.3103
21zf04	5	5	1	0	2.0000	0.0000	-1.0000	NaN	2.9830	-2.4064	15.2929	404896.0199	404896.3221	1.0000	0.0000	0.0061
21zf04	5	6	1	0	1.0000	0.0000	-1.0000	0.9043	NaN	NaN	NaN	404898.8285	404899.1802	0.0000	1.0000	0.6805
21zf04	5	6	1	0	2.0000	0.0000	1.0000	NaN	6.4412	7.3775	14.8664	404900.4363	404900.7385	1.0000	1.0000	0.0061
21zf04	5	7	1	0	1.0000	0.0000	-1.0000	0.9688	NaN	NaN	NaN	404902.9038	404903.2577	0.0000	1.0000	0.5551
21zf04	5	7	1	0	2.0000	0.0000	1.0000	NaN	6.4663	7.6953	14.9805	404904.4200	404904.7222	1.0000	1.0000	0.0186
21zf04	5	8	1	0	1.0000	0.0000	-1.0000	0.2169	NaN	NaN	NaN	404907.0679	404907.4245	1.0000	0.0000	0.7888
21zf04	5	8	1	0	2.0000	0.0000	-1.0000	NaN	2.6850	-3.3689	14.9351	404908.7556	404909.0578	1.0000	0.0000	2.7726
21zf04	5	9	1	0	1.0000	0.0000	-1.0000	0.9491	NaN	NaN	NaN	404914.3364	404914.6907	0.0000	1.0000	0.4515
21zf04	5	9	1	0	2.0000	0.0000	1.0000	NaN	4.7764	6.4588	15.3486	404915.7170	404916.0193	1.0000	1.0000	0.0494
21zf04	5	10	1	0	1.0000	0.0000	-1.0000	0.4943	NaN	NaN	NaN	404918.2189	404918.5737	0.0000	1.0000	0.3437
21zf04	5	10	1	0	2.0000	0.0000	1.0000	NaN	2.4959	2.6597	13.6816	404919.4760	404919.7781	0.0000	0.0000	2.1147
21zf04	5	11	1	0	1.0000	0.0000	1.0000	0.2434	NaN	NaN	NaN	404924.3119	404924.7225	1.0000	1.0000	0.6102
21zf04	5	11	1	0	2.0000	0.0000	1.0000	NaN	3.1396	0.5180	13.8037	404925.8673	404926.1715	1.0000	1.0000	0.0061
21zf04	5	12	1	0	1.0000	0.0000	-1.0000	0.8424	NaN	NaN	NaN	404928.2849	404928.7021	0.0000	1.0000	0.1523
21zf04	5	12	1	0	2.0000	0.0000	1.0000	NaN	1.3137	1.2646	15.1598	404929.4549	404929.7620	1.0000	1.0000	2.9308
21zf04	5	13	1	0	1.0000	0.0000	1.0000	0.2971	NaN	NaN	NaN	404935.2205	404935.6351	1.0000	1.0000	0.4025
21zf04	5	13	1	0	2.0000	0.0000	1.0000	NaN	0.8393	2.0582	15.6553	404936.6546	404936.9616	1.0000	1.0000	0.1169
21zf04	5	14	1	0	1.0000	0.0000	-1.0000	0.9269	NaN	NaN	NaN	404939.6726	404940.0848	1.0000	0.0000	2.4171
21zf04	5	14	1	0	2.0000	0.0000	-1.0000	NaN	6.0323	-3.5655	15.4710	404943.1008	404943.4053	1.0000	0.0000	0.5515
21zf04	5	15	1	0	1.0000	0.0000	-1.0000	0.8092	NaN	NaN	NaN	404946.3886	404946.8012	0.0000	1.0000	0.4848
21zf04	5	15	1	0	2.0000	0.0000	1.0000	NaN	1.3640	4.2309	15.8128	404947.8538	404948.1608	1.0000	1.0000	0.2919
21zf04	5	16	1	0	1.0000	0.0000	1.0000	0.8477	NaN	NaN	NaN	404950.5620	404950.9791	1.0000	1.0000	0.2740
21zf04	5	16	1	0	2.0000	0.0000	1.0000	NaN	3.9972	2.2191	14.6187	404951.8543	404952.1614	1.0000	1.0000	0.2762
21zf04	5	17	1	0	1.0000	0.0000	-1.0000	0.8032	NaN	NaN	NaN	404954.5412	404954.9622	0.0000	1.0000	0.8197
21zf04	5	17	1	0	2.0000	0.0000	1.0000	NaN	1.0081	1.5114	16.0524	404956.3319	404956.6364	1.0000	1.0000	2.7124
21zf04	5	18	1	0	1.0000	0.0000	1.0000	0.3882	NaN	NaN	NaN	404961.7444	404962.1539	1.0000	1.0000	0.7474
21zf04	5	18	1	0	2.0000	0.0000	1.0000	NaN	3.5696	3.2975	15.4935	404963.5003	404963.8045	1.0000	1.0000	0.0888
21zf04	5	19	1	0	1.0000	0.0000	-1.0000	0.2583	NaN	NaN	NaN	404966.0793	404966.5000	1.0000	0.0000	0.3853
21zf04	5	19	1	0	2.0000	0.0000	-1.0000	NaN	5.2234	-5.3626	16.1426	404967.4697	404967.7768	1.0000	0.0000	0.4039
21zf04	5	20	1	0	1.0000	0.0000	1.0000	0.7975	NaN	NaN	NaN	404970.4334	404970.8494	1.0000	1.0000	0.0684
21zf04	5	20	1	0	2.0000	0.0000	1.0000	NaN	0.0088	0.3553	15.1721	404971.5026	404971.8096	1.0000	1.0000	0.2431
21zf04	5	21	1	0	1.0000	0.0000	-1.0000	0.3184	NaN	NaN	NaN	404973.9979	404974.4169	0.0000	1.0000	0.4044
21zf04	5	21	1	0	2.0000	0.0000	1.0000	NaN	2.9704	5.2515	14.9008	404975.4125	404975.7146	1.0000	1.0000	0.0064
21zf04	5	22	1	0	1.0000	0.0000	1.0000	0.9398	NaN	NaN	NaN	404977.7189	404978.1329	1.0000	1.0000	0.7366
21zf04	5	22	1	0	2.0000	0.0000	1.0000	NaN	1.2008	0.6011	13.9815	404979.4705	404979.7769	1.0000	1.0000	1.9879
21zf04	5	23	1	0	1.0000	0.0000	-1.0000	0.2252	NaN	NaN	NaN	404984.0765	404984.4942	1.0000	0.0000	1.0959
21zf04	5	23	1	0	2.0000	0.0000	-1.0000	NaN	1.4942	-1.2765	13.9491	404986.1768	404986.4812	0.0000	1.0000	0.2607
21zf04	5	24	1	0	1.0000	0.0000	1.0000	0.4417	NaN	NaN	NaN	404989.0918	404989.5024	1.0000	1.0000	0.1680
21zf04	5	24	1	0	2.0000	0.0000	1.0000	NaN	0.6498	0.8420	14.5528	404990.2529	404990.5595	1.0000	1.0000	0.0372
21zf04	5	25	1	0	1.0000	0.0000	1.0000	0.6118	NaN	NaN	NaN	404993.2334	404993.6482	1.0000	1.0000	0.3245
21zf04	5	25	1	0	2.0000	0.0000	1.0000	NaN	5.3003	4.2213	16.8039	404994.5260	404994.8302	1.0000	1.0000	0.4237
21zf04	5	26	1	0	1.0000	0.0000	-1.0000	0.8271	NaN	NaN	NaN	404997.3334	404997.7480	0.0000	1.0000	0.4007
21zf04	5	26	1	0	2.0000	0.0000	1.0000	NaN	4.4717	6.1261	15.1287	404998.7329	404999.0381	1.0000	1.0000	0.0226
21zf04	5	27	1	0	1.0000	0.0000	1.0000	0.8160	NaN	NaN	NaN	405001.5790	405001.9634	1.0000	1.0000	0.1865
21zf04	5	27	1	0	2.0000	0.0000	1.0000	NaN	6.5598	7.1340	14.4821	405002.7403	405003.0425	1.0000	1.0000	0.7062
21zf04	5	28	1	0	1.0000	0.0000	-1.0000	0.0576	NaN	NaN	NaN	405006.2250	405006.5766	0.0000	1.0000	1.5891
21zf04	5	28	1	0	2.0000	0.0000	1.0000	NaN	2.7588	1.6499	16.3220	405008.8053	405009.1076	0.0000	0.0000	2.9782
21zf04	5	29	1	0	1.0000	0.0000	1.0000	0.3377	NaN	NaN	NaN	405014.0129	405014.3690	1.0000	1.0000	0.2454
21zf04	5	29	1	0	2.0000	0.0000	1.0000	NaN	0.8038	2.0552	15.1576	405015.1563	405015.4585	1.0000	1.0000	0.0833
21zf04	5	30	1	0	1.0000	0.0000	1.0000	0.6915	NaN	NaN	NaN	405017.6089	405017.9591	1.0000	1.0000	0.2216
21zf04	5	30	1	0	2.0000	0.0000	1.0000	NaN	0.2405	0.2353	15.5272	405018.7400	405019.0422	1.0000	1.0000	0.1145
21zf04	5	31	1	0	1.0000	0.0000	-1.0000	0.8034	NaN	NaN	NaN	405021.0498	405021.4060	1.0000	0.0000	2.8072
21zf04	5	31	1	0	2.0000	0.0000	-1.0000	NaN	0.9822	-0.7430	14.8288	405024.7481	405025.0535	1.0000	0.0000	3.6078
21zf04	5	32	1	0	1.0000	0.0000	1.0000	0.6236	NaN	NaN	NaN	405030.8149	405031.2435	1.0000	1.0000	0.2331
21zf04	5	32	1	0	2.0000	0.0000	1.0000	NaN	1.3461	0.7909	14.6941	405032.0380	405032.3429	1.0000	1.0000	0.3985
21zf04	5	33	1	0	1.0000	0.0000	1.0000	0.8471	NaN	NaN	NaN	405034.6209	405035.0117	1.0000	1.0000	0.1769
21zf04	5	33	1	0	2.0000	0.0000	1.0000	NaN	3.4892	2.4719	14.9029	405035.7156	405036.0178	1.0000	1.0000	1.4755
21zf04	5	34	1	0	1.0000	0.0000	-1.0000	0.8365	NaN	NaN	NaN	405039.3260	405039.6779	0.0000	1.0000	0.1839
21zf04	5	34	1	0	2.0000	0.0000	1.0000	NaN	3.8082	5.5711	14.4535	405040.5478	405040.8499	1.0000	1.0000	0.2427
21zf04	5	35	1	0	1.0000	0.0000	1.0000	0.1701	NaN	NaN	NaN	405043.3422	405043.6942	1.0000	1.0000	0.2784
21zf04	5	35	1	0	2.0000	0.0000	1.0000	NaN	1.2712	2.3434	15.3902	405044.5177	405044.8204	1.0000	1.0000	1.2174
21zf04	5	36	1	0	1.0000	0.0000	-1.0000	0.2750	NaN	NaN	NaN	405048.2367	405048.5893	1.0000	0.0000	0.1532
21zf04	5	36	1	0	2.0000	0.0000	-1.0000	NaN	3.3143	-2.7886	14.0993	405049.2989	405049.6017	0.0000	1.0000	0.5469
21zf04	5	37	1	0	1.0000	0.0000	-1.0000	0.9305	NaN	NaN	NaN	405052.6799	405053.0336	0.0000	1.0000	1.2110
21zf04	5	37	1	0	2.0000	0.0000	1.0000	NaN	1.3883	1.0515	15.2042	405054.8206	405055.1228	1.0000	1.0000	0.2099
21zf04	5	38	1	0	1.0000	0.0000	-1.0000	0.6575	NaN	NaN	NaN	405057.8252	405058.1772	0.0000	1.0000	0.4041
21zf04	5	38	1	0	2.0000	0.0000	1.0000	NaN	4.6258	4.8954	15.6932	405059.1084	405059.4106	1.0000	1.0000	0.3380
21zf04	5	39	1	0	1.0000	0.0000	1.0000	0.4933	NaN	NaN	NaN	405061.6576	405062.0104	1.0000	1.0000	2.4902
21zf04	5	39	1	0	2.0000	0.0000	1.0000	NaN	3.6884	4.0828	14.2662	405065.0280	405065.3302	1.0000	1.0000	0.2596
21zf04	5	40	1	0	1.0000	0.0000	-1.0000	0.2974	NaN	NaN	NaN	405067.3744	405067.7268	0.0000	1.0000	0.3104
21zf04	5	40	1	0	2.0000	0.0000	1.0000	NaN	6.4694	5.6164	14.9879	405068.6277	405068.9300	1.0000	1.0000	0.0062
21zf04	5	41	1	0	1.0000	0.0000	1.0000	0.2853	NaN	NaN	NaN	405071.4573	405071.8781	1.0000	1.0000	2.3505
21zf04	5	41	1	0	2.0000	0.0000	1.0000	NaN	2.1255	2.1897	13.4160	405074.7814	405075.0887	1.0000	1.0000	0.1799
21zf04	5	42	1	0	1.0000	0.0000	1.0000	0.9841	NaN	NaN	NaN	405077.2408	405077.6617	1.0000	1.0000	0.3909
21zf04	5	42	1	0	2.0000	0.0000	1.0000	NaN	5.7341	4.7019	15.2519	405078.6399	405078.9446	1.0000	1.0000	0.2931
21zf04	5	43	1	0	1.0000	0.0000	-1.0000	0.5616	NaN	NaN	NaN	405081.3055	405081.7276	0.0000	1.0000	0.4698
21zf04	5	43	1	0	2.0000	0.0000	1.0000	NaN	2.8452	4.2911	14.9327	405082.7654	405083.0717	1.0000	1.0000	0.0703
21zf04	5	44	1	0	1.0000	0.0000	-1.0000	0.1536	NaN	NaN	NaN	405085.6866	405086.1057	1.0000	0.0000	1.6600
21zf04	5	44	1	0	2.0000	0.0000	-1.0000	NaN	4.5789	-6.1357	16.0189	405088.3488	405088.6548	1.0000	0.0000	0.3898
21zf04	5	45	1	0	1.0000	0.0000	-1.0000	0.8517	NaN	NaN	NaN	405091.4898	405091.9104	0.0000	1.0000	0.1262
21zf04	5	45	1	0	2.0000	0.0000	1.0000	NaN	6.7982	5.5331	15.0832	405092.6222	405092.9266	1.0000	1.0000	0.0062
21zf04	5	46	1	0	1.0000	0.0000	-1.0000	0.6092	NaN	NaN	NaN	405095.4008	405095.7887	0.0000	1.0000	0.3129
21zf04	5	46	1	0	2.0000	0.0000	1.0000	NaN	2.3060	1.9535	17.2283	405096.6431	405096.9454	1.0000	1.0000	0.0843
21zf04	5	47	1	0	1.0000	0.0000	-1.0000	0.3062	NaN	NaN	NaN	405099.3854	405099.7366	1.0000	0.0000	0.7319
21zf04	5	47	1	0	2.0000	0.0000	-1.0000	NaN	6.1724	-4.2040	16.4886	405101.0602	405101.3624	1.0000	0.0000	2.7879
21zf04	5	48	1	0	1.0000	0.0000	1.0000	0.4839	NaN	NaN	NaN	405106.2945	405106.6517	1.0000	1.0000	0.5535
21zf04	5	48	1	0	2.0000	0.0000	1.0000	NaN	6.1868	3.9895	15.4294	405107.8112	405108.1134	1.0000	1.0000	0.3244
21zf04	5	49	1	0	1.0000	0.0000	-1.0000	0.6154	NaN	NaN	NaN	405110.7846	405111.1361	0.0000	1.0000	0.3412
21zf04	5	49	1	0	2.0000	0.0000	1.0000	NaN	0.8448	1.5238	15.6742	405112.0349	405112.3371	0.0000	0.0000	0.9175
21zf04	5	50	1	0	1.0000	0.0000	-1.0000	0.9643	NaN	NaN	NaN	405115.5616	405115.9180	0.0000	1.0000	0.1839
21zf04	5	50	1	0	2.0000	0.0000	1.0000	NaN	6.1615	6.3086	14.1934	405116.6435	405116.9458	1.0000	1.0000	0.1325
21zf04	6	1	1	0	1.0000	0.0000	1.0000	0.1264	NaN	NaN	NaN	405119.9231	405120.3423	1.0000	1.0000	0.5903
21zf04	6	1	1	0	2.0000	0.0000	1.0000	NaN	2.1785	4.1408	16.6139	405121.5040	405121.8085	1.0000	1.0000	0.0061
21zf04	6	2	1	0	1.0000	0.0000	-1.0000	0.4494	NaN	NaN	NaN	405124.1792	405124.6043	1.0000	0.0000	0.9369
21zf04	6	2	1	0	2.0000	0.0000	-1.0000	NaN	6.0492	-6.0463	15.0575	405126.1095	405126.4150	1.0000	0.0000	0.1356
21zf04	6	3	1	0	1.0000	0.0000	-1.0000	0.3299	NaN	NaN	NaN	405129.1046	405129.5252	0.0000	1.0000	0.2886
21zf04	6	3	1	0	2.0000	0.0000	1.0000	NaN	2.0106	2.0527	14.4410	405130.3529	405130.6574	1.0000	1.0000	0.2271
21zf04	6	4	1	0	1.0000	0.0000	1.0000	0.0248	NaN	NaN	NaN	405133.1125	405133.5250	1.0000	1.0000	0.7043
21zf04	6	4	1	0	2.0000	0.0000	1.0000	NaN	0.7973	0.5442	14.4138	405134.8346	405135.1391	1.0000	1.0000	0.0346
21zf04	6	5	1	0	1.0000	0.0000	-1.0000	0.4100	NaN	NaN	NaN	405137.5684	405137.9862	0.0000	1.0000	0.3076
21zf04	6	5	1	0	2.0000	0.0000	1.0000	NaN	4.2293	5.8637	14.8097	405138.8130	405139.1189	1.0000	1.0000	0.0062
21zf04	6	6	1	0	1.0000	0.0000	-1.0000	0.2065	NaN	NaN	NaN	405141.0489	405141.4698	1.0000	0.0000	0.2787
21zf04	6	6	1	0	2.0000	0.0000	-1.0000	NaN	1.9706	-1.8883	16.0537	405142.3190	405142.6235	1.0000	0.0000	0.1971
21zf04	6	7	1	0	1.0000	0.0000	-1.0000	0.2971	NaN	NaN	NaN	405145.2235	405145.6411	0.0000	1.0000	0.3154
21zf04	6	7	1	0	2.0000	0.0000	1.0000	NaN	0.3321	1.2102	14.5890	405146.4965	405146.8019	1.0000	1.0000	0.0061
21zf04	6	8	1	0	1.0000	0.0000	1.0000	0.1043	NaN	NaN	NaN	405149.2280	405149.6403	1.0000	1.0000	0.3009
21zf04	6	8	1	0	2.0000	0.0000	1.0000	NaN	3.7911	3.4740	15.4651	405150.5230	405150.8272	0.0000	0.0000	0.5704
21zf04	6	9	1	0	1.0000	0.0000	1.0000	0.9049	NaN	NaN	NaN	405153.8625	405154.2696	1.0000	1.0000	0.2794
21zf04	6	9	1	0	2.0000	0.0000	1.0000	NaN	5.4702	5.3271	14.3182	405155.1233	405155.4255	1.0000	1.0000	0.5328
21zf04	6	10	1	0	1.0000	0.0000	-1.0000	0.4875	NaN	NaN	NaN	405158.3487	405158.7004	0.0000	1.0000	0.2967
21zf04	6	10	1	0	2.0000	0.0000	1.0000	NaN	2.0249	2.8058	14.5309	405159.5397	405159.8422	1.0000	1.0000	2.7076
21zf04	6	11	1	0	1.0000	0.0000	-1.0000	0.2860	NaN	NaN	NaN	405164.9824	405165.3936	0.0000	1.0000	0.4189
21zf04	6	11	1	0	2.0000	0.0000	1.0000	NaN	4.9958	5.4833	14.0484	405166.3840	405166.6883	1.0000	1.0000	0.2441
21zf04	6	12	1	0	1.0000	0.0000	-1.0000	0.8048	NaN	NaN	NaN	405169.4440	405169.8559	0.0000	1.0000	0.2941
21zf04	6	12	1	0	2.0000	0.0000	1.0000	NaN	2.7790	5.1363	15.0432	405170.6852	405170.9893	1.0000	1.0000	0.1524
21zf04	6	13	1	0	1.0000	0.0000	1.0000	0.7767	NaN	NaN	NaN	405173.3201	405173.7402	1.0000	1.0000	0.2329
21zf04	6	13	1	0	2.0000	0.0000	1.0000	NaN	4.9878	5.5374	16.1951	405174.5419	405174.8492	1.0000	1.0000	0.3090
21zf04	6	14	1	0	1.0000	0.0000	1.0000	0.4203	NaN	NaN	NaN	405177.3858	405177.8066	1.0000	1.0000	0.2299
21zf04	6	14	1	0	2.0000	0.0000	1.0000	NaN	5.7728	6.1033	14.0435	405178.5639	405178.8662	1.0000	1.0000	0.3383
21zf04	6	15	1	0	1.0000	0.0000	1.0000	0.5695	NaN	NaN	NaN	405181.2395	405181.5936	1.0000	1.0000	3.7715
21zf04	6	15	1	0	2.0000	0.0000	1.0000	NaN	1.0169	0.5131	14.4321	405185.9451	405186.2473	0.0000	0.0000	2.9579
21zf04	6	16	1	0	1.0000	0.0000	-1.0000	0.9023	NaN	NaN	NaN	405191.3776	405191.7320	0.0000	1.0000	0.4978
21zf04	6	16	1	0	2.0000	0.0000	1.0000	NaN	3.6690	2.8027	14.9731	405192.8521	405193.1543	1.0000	1.0000	0.0501
21zf04	6	17	1	0	1.0000	0.0000	-1.0000	0.5088	NaN	NaN	NaN	405195.4865	405195.8432	0.0000	1.0000	0.1933
21zf04	6	17	1	0	2.0000	0.0000	1.0000	NaN	5.0719	4.8008	14.8056	405196.5963	405196.8985	1.0000	1.0000	0.0339
21zf04	6	18	1	0	1.0000	0.0000	1.0000	0.7969	NaN	NaN	NaN	405199.0985	405199.4500	1.0000	1.0000	0.4104
21zf04	6	18	1	0	2.0000	0.0000	1.0000	NaN	0.9028	2.2054	14.6895	405200.4207	405200.7229	1.0000	1.0000	0.2109
21zf04	6	19	1	0	1.0000	0.0000	1.0000	0.0881	NaN	NaN	NaN	405202.7183	405203.0700	1.0000	1.0000	0.9192
21zf04	6	19	1	0	2.0000	0.0000	1.0000	NaN	5.4809	4.6033	14.8069	405204.5479	405204.8502	1.0000	1.0000	0.0343
21zf04	6	20	1	0	1.0000	0.0000	-1.0000	0.2724	NaN	NaN	NaN	405207.3945	405207.7479	0.0000	1.0000	0.4338
21zf04	6	20	1	0	2.0000	0.0000	1.0000	NaN	5.2986	3.9399	14.1328	405208.7875	405209.0897	1.0000	1.0000	3.2519
21zf04	6	21	1	0	1.0000	0.0000	1.0000	0.8759	NaN	NaN	NaN	405214.8527	405215.2588	1.0000	1.0000	0.2336
21zf04	6	21	1	0	2.0000	0.0000	1.0000	NaN	2.2762	2.1225	14.2894	405216.0367	405216.3388	1.0000	1.0000	0.3866
21zf04	6	22	1	0	1.0000	0.0000	1.0000	0.0727	NaN	NaN	NaN	405219.2564	405219.6127	0.0000	0.0000	2.6963
21zf04	6	22	1	0	2.0000	0.0000	-1.0000	NaN	3.7141	-6.7205	14.6528	405222.8833	405223.1856	1.0000	0.0000	0.5161
21zf04	6	23	1	0	1.0000	0.0000	-1.0000	0.2255	NaN	NaN	NaN	405225.5683	405225.9250	0.0000	1.0000	0.5921
21zf04	6	23	1	0	2.0000	0.0000	1.0000	NaN	5.5937	6.0828	14.4249	405227.0611	405227.3632	1.0000	1.0000	2.1772
21zf04	6	24	1	0	1.0000	0.0000	1.0000	0.4710	NaN	NaN	NaN	405231.8315	405232.1819	1.0000	1.0000	0.3037
21zf04	6	24	1	0	2.0000	0.0000	1.0000	NaN	3.6983	4.0162	15.5045	405233.0609	405233.3633	1.0000	1.0000	0.6255
21zf04	6	25	1	0	1.0000	0.0000	-1.0000	0.6264	NaN	NaN	NaN	405236.0384	405236.3952	0.0000	1.0000	0.2503
21zf04	6	25	1	0	2.0000	0.0000	1.0000	NaN	2.6525	1.9124	15.8286	405237.1736	405237.4772	1.0000	1.0000	0.2403
21zf04	6	26	1	0	1.0000	0.0000	-1.0000	0.3264	NaN	NaN	NaN	405240.1483	405240.5013	0.0000	1.0000	2.5763
21zf04	6	26	1	0	2.0000	0.0000	1.0000	NaN	0.3489	0.9751	14.5164	405243.6027	405243.9050	1.0000	1.0000	0.0061
21zf04	6	27	1	0	1.0000	0.0000	1.0000	0.2887	NaN	NaN	NaN	405246.0527	405246.4070	1.0000	1.0000	0.3188
21zf04	6	27	1	0	2.0000	0.0000	1.0000	NaN	2.1012	2.3266	15.6336	405247.3006	405247.6028	1.0000	1.0000	0.2416
21zf04	6	28	1	0	1.0000	0.0000	-1.0000	0.9713	NaN	NaN	NaN	405249.6943	405250.0457	0.0000	1.0000	0.5193
21zf04	6	28	1	0	2.0000	0.0000	1.0000	NaN	0.6449	0.0491	15.6114	405251.1227	405251.4263	1.0000	1.0000	0.0358
21zf04	6	29	1	0	1.0000	0.0000	1.0000	0.7655	NaN	NaN	NaN	405253.6015	405253.9568	1.0000	1.0000	0.1601
21zf04	6	29	1	0	2.0000	0.0000	1.0000	NaN	5.2133	3.5932	16.0406	405254.6772	405254.9795	1.0000	1.0000	1.0900
21zf04	6	30	1	0	1.0000	0.0000	-1.0000	0.0870	NaN	NaN	NaN	405258.2289	405258.6390	0.0000	1.0000	2.5500
21zf04	6	30	1	0	2.0000	0.0000	1.0000	NaN	0.6045	0.3843	15.3576	405261.7580	405262.0631	1.0000	1.0000	0.0062
21zf04	6	31	1	0	1.0000	0.0000	-1.0000	0.3561	NaN	NaN	NaN	405264.4807	405264.9022	0.0000	1.0000	0.3982
21zf04	6	31	1	0	2.0000	0.0000	1.0000	NaN	4.4032	3.7097	14.9072	405265.8840	405266.1890	1.0000	1.0000	0.3605
21zf04	6	32	1	0	1.0000	0.0000	-1.0000	0.3787	NaN	NaN	NaN	405268.6108	405269.0296	1.0000	0.0000	0.4948
21zf04	6	32	1	0	2.0000	0.0000	-1.0000	NaN	0.7118	-1.0721	13.9488	405270.0956	405270.4000	1.0000	0.0000	0.9490
21zf04	6	33	1	0	1.0000	0.0000	1.0000	0.0252	NaN	NaN	NaN	405273.5276	405273.9462	1.0000	1.0000	0.6342
21zf04	6	33	1	0	2.0000	0.0000	1.0000	NaN	5.9539	5.8538	15.9018	405275.1642	405275.4687	1.0000	1.0000	0.2316
21zf04	6	34	1	0	1.0000	0.0000	1.0000	0.5749	NaN	NaN	NaN	405277.7463	405278.1676	1.0000	1.0000	0.3013
21zf04	6	34	1	0	2.0000	0.0000	1.0000	NaN	7.0609	6.4617	14.2214	405279.0545	405279.3615	1.0000	1.0000	1.2194
21zf04	6	35	1	0	1.0000	0.0000	1.0000	0.1559	NaN	NaN	NaN	405283.1635	405283.5840	0.0000	0.0000	0.6444
21zf04	6	35	1	0	2.0000	0.0000	-1.0000	NaN	5.2619	-5.8280	16.3901	405284.7971	405285.1016	1.0000	0.0000	0.0548
21zf04	6	36	1	0	1.0000	0.0000	1.0000	0.9695	NaN	NaN	NaN	405287.5161	405287.9338	0.0000	0.0000	0.8553
21zf04	6	36	1	0	2.0000	0.0000	-1.0000	NaN	0.9718	-1.1772	13.6127	405289.3719	405289.6779	1.0000	0.0000	0.0400
21zf04	6	37	1	0	1.0000	0.0000	-1.0000	0.6934	NaN	NaN	NaN	405291.9564	405292.3625	0.0000	1.0000	0.2025
21zf04	6	37	1	0	2.0000	0.0000	1.0000	NaN	5.3033	3.8198	15.3989	405293.1548	405293.4577	1.0000	1.0000	0.3546
21zf04	6	38	1	0	1.0000	0.0000	1.0000	0.1297	NaN	NaN	NaN	405296.2778	405296.6286	1.0000	1.0000	1.0248
21zf04	6	38	1	0	2.0000	0.0000	1.0000	NaN	5.9219	5.7961	15.4729	405298.2277	405298.5300	1.0000	1.0000	0.0061
21zf04	6	39	1	0	1.0000	0.0000	1.0000	0.1967	NaN	NaN	NaN	405301.0753	405301.4264	0.0000	0.0000	3.2979
21zf04	6	39	1	0	2.0000	0.0000	-1.0000	NaN	7.1068	-6.5402	14.9825	405305.2943	405305.5987	0.0000	1.0000	0.0063
21zf04	6	40	1	0	1.0000	0.0000	1.0000	0.9458	NaN	NaN	NaN	405308.1006	405308.5166	1.0000	1.0000	0.3844
21zf04	6	40	1	0	2.0000	0.0000	1.0000	NaN	6.4990	5.1244	14.7721	405309.5020	405309.8092	1.0000	1.0000	0.5804
21zf04	6	41	1	0	1.0000	0.0000	1.0000	0.5436	NaN	NaN	NaN	405312.4413	405312.8622	1.0000	1.0000	0.5673
21zf04	6	41	1	0	2.0000	0.0000	1.0000	NaN	3.1498	0.9286	14.7621	405314.0126	405314.3176	1.0000	1.0000	0.4398
21zf04	6	42	1	0	1.0000	0.0000	1.0000	0.0118	NaN	NaN	NaN	405317.0169	405317.4324	0.0000	0.0000	0.4127
21zf04	6	42	1	0	2.0000	0.0000	-1.0000	NaN	3.8001	-3.3199	14.3698	405318.4453	405318.7498	1.0000	0.0000	0.0062
21zf04	6	43	1	0	1.0000	0.0000	1.0000	0.3776	NaN	NaN	NaN	405321.0373	405321.4201	1.0000	1.0000	0.4091
21zf04	6	43	1	0	2.0000	0.0000	1.0000	NaN	3.6330	1.8401	16.2604	405322.4187	405322.7219	1.0000	1.0000	0.3384
21zf04	6	44	1	0	1.0000	0.0000	-1.0000	0.7932	NaN	NaN	NaN	405325.6653	405326.0196	0.0000	1.0000	0.2578
21zf04	6	44	1	0	2.0000	0.0000	1.0000	NaN	4.0336	2.7674	13.8517	405326.8351	405327.1383	1.0000	1.0000	3.0260
21zf04	6	45	1	0	1.0000	0.0000	1.0000	0.4975	NaN	NaN	NaN	405332.5050	405332.8582	0.0000	0.0000	0.2986
21zf04	6	45	1	0	2.0000	0.0000	-1.0000	NaN	0.6026	-0.8310	15.7913	405333.7313	405334.0336	1.0000	0.0000	0.2427
21zf04	6	46	1	0	1.0000	0.0000	1.0000	0.4261	NaN	NaN	NaN	405336.5333	405336.8900	1.0000	1.0000	0.4916
21zf04	6	46	1	0	2.0000	0.0000	1.0000	NaN	6.0530	7.9331	13.1578	405337.9720	405338.2742	1.0000	1.0000	0.0061
21zf04	6	47	1	0	1.0000	0.0000	1.0000	0.8792	NaN	NaN	NaN	405340.2949	405340.6462	1.0000	1.0000	0.3021
21zf04	6	47	1	0	2.0000	0.0000	1.0000	NaN	4.1861	4.3543	15.3357	405341.5234	405341.8256	1.0000	1.0000	0.3077
21zf04	6	48	1	0	1.0000	0.0000	1.0000	0.8575	NaN	NaN	NaN	405344.5479	405344.9021	1.0000	1.0000	0.3513
21zf04	6	48	1	0	2.0000	0.0000	1.0000	NaN	2.3584	0.8573	14.7412	405345.8919	405346.1942	1.0000	1.0000	0.0682
21zf04	6	49	1	0	1.0000	0.0000	1.0000	0.8234	NaN	NaN	NaN	405348.6173	405348.9728	1.0000	1.0000	0.2795
21zf04	6	49	1	0	2.0000	0.0000	1.0000	NaN	7.1134	6.9818	14.4296	405349.8128	405350.1150	1.0000	1.0000	0.2733
21zf04	6	50	1	0	1.0000	0.0000	1.0000	0.9443	NaN	NaN	NaN	405352.3141	405352.7306	1.0000	1.0000	1.6751
21zf04	6	50	1	0	2.0000	0.0000	1.0000	NaN	5.7229	6.5582	15.0448	405355.0083	405355.3154	0.0000	0.0000	0.1628
