43gz03	1	1	1	1	1.0000	1.0000	-1.0000	NaN	3.1323	-4.6824	15.0087	1475943.0813	1475943.3823	0.0000	1.0000	0.3133
43gz03	1	1	1	1	2.0000	1.0000	1.0000	0.0159	NaN	NaN	NaN	1475944.2398	1475944.5684	1.0000	1.0000	0.1772
43gz03	1	2	1	1	1.0000	1.0000	1.0000	NaN	4.1576	7.3844	14.7424	1475947.1834	1475947.4844	1.0000	1.0000	0.5233
43gz03	1	2	1	1	2.0000	1.0000	1.0000	0.0796	NaN	NaN	NaN	1475948.5743	1475948.9018	1.0000	1.0000	0.6275
43gz03	1	3	1	1	1.0000	1.0000	-1.0000	NaN	3.0329	-2.6810	15.8377	1475951.3815	1475951.6826	1.0000	0.0000	2.3654
43gz03	1	3	1	1	2.0000	1.0000	-1.0000	0.1321	NaN	NaN	NaN	1475954.5835	1475954.9133	1.0000	0.0000	0.1440
43gz03	1	4	1	1	1.0000	1.0000	1.0000	NaN	3.2069	3.8635	14.0106	1475957.1016	1475957.4027	1.0000	1.0000	0.5818
43gz03	1	4	1	1	2.0000	1.0000	1.0000	0.0947	NaN	NaN	NaN	1475958.5417	1475958.8694	0.0000	0.0000	0.4110
43gz03	1	5	1	1	1.0000	1.0000	-1.0000	NaN	4.9680	-4.5249	13.5057	1475961.2945	1475961.5956	0.0000	1.0000	0.2692
43gz03	1	5	1	1	2.0000	1.0000	1.0000	0.1704	NaN	NaN	NaN	1475962.4464	1475962.7756	1.0000	1.0000	0.5528
43gz03	1	6	1	1	1.0000	1.0000	-1.0000	NaN	4.8978	-3.8261	15.6586	1475965.6896	1475965.9907	0.0000	1.0000	0.8239
43gz03	1	6	1	1	2.0000	1.0000	1.0000	0.0565	NaN	NaN	NaN	1475967.3687	1475967.6978	1.0000	1.0000	0.4290
43gz03	1	7	1	1	1.0000	1.0000	1.0000	NaN	0.0497	0.3926	15.1521	1475970.6488	1475970.9498	0.0000	0.0000	1.5690
43gz03	1	7	1	1	2.0000	1.0000	-1.0000	0.2244	NaN	NaN	NaN	1475973.0793	1475973.4071	1.0000	0.0000	0.3701
43gz03	1	8	1	1	1.0000	1.0000	1.0000	NaN	3.4009	2.4808	15.2006	1475975.8627	1475976.1637	1.0000	1.0000	0.4858
43gz03	1	8	1	1	2.0000	1.0000	1.0000	0.0388	NaN	NaN	NaN	1475977.2463	1475977.5742	1.0000	1.0000	1.4100
43gz03	1	9	1	1	1.0000	1.0000	-1.0000	NaN	2.9632	-2.2640	14.6828	1475981.3279	1475981.6289	0.0000	1.0000	0.9780
43gz03	1	9	1	1	2.0000	1.0000	1.0000	0.0893	NaN	NaN	NaN	1475983.1425	1475983.4725	1.0000	1.0000	0.4411
43gz03	1	10	1	1	1.0000	1.0000	-1.0000	NaN	3.4823	-4.7458	15.5709	1475986.0054	1475986.3065	0.0000	1.0000	0.9978
43gz03	1	10	1	1	2.0000	1.0000	1.0000	0.0192	NaN	NaN	NaN	1475987.8385	1475988.1657	1.0000	1.0000	0.3371
43gz03	1	11	1	1	1.0000	1.0000	1.0000	NaN	4.0782	4.3644	15.3404	1475990.7745	1475991.0756	1.0000	1.0000	0.6217
43gz03	1	11	1	1	2.0000	1.0000	1.0000	0.1103	NaN	NaN	NaN	1475992.2389	1475992.5664	1.0000	1.0000	0.4969
43gz03	1	12	1	1	1.0000	1.0000	-1.0000	NaN	5.2549	-5.5246	14.9504	1475995.1935	1475995.4946	0.0000	1.0000	0.6563
43gz03	1	12	1	1	2.0000	1.0000	1.0000	0.1737	NaN	NaN	NaN	1475996.6470	1475996.9753	1.0000	1.0000	0.2875
43gz03	1	13	1	1	1.0000	1.0000	1.0000	NaN	2.2301	3.6878	15.1533	1475999.2577	1475999.5589	1.0000	1.0000	1.3702
43gz03	1	13	1	1	2.0000	1.0000	1.0000	0.1665	NaN	NaN	NaN	1476001.4545	1476001.7831	1.0000	1.0000	0.3462
43gz03	1	14	1	1	1.0000	1.0000	-1.0000	NaN	6.1405	-5.3323	14.9649	1476004.1560	1476004.4570	0.0000	1.0000	0.6858
43gz03	1	14	1	1	2.0000	1.0000	1.0000	0.0148	NaN	NaN	NaN	1476005.6633	1476005.9921	1.0000	1.0000	0.3925
43gz03	1	15	1	1	1.0000	1.0000	1.0000	NaN	3.1336	1.8290	14.6552	1476008.6608	1476008.9618	1.0000	1.0000	0.9027
43gz03	1	15	1	1	2.0000	1.0000	1.0000	0.1380	NaN	NaN	NaN	1476010.4068	1476010.7351	1.0000	1.0000	0.3614
43gz03	1	16	1	1	1.0000	1.0000	-1.0000	NaN	0.6355	-0.1164	15.7421	1476013.2915	1476013.5925	1.0000	0.0000	1.4403
43gz03	1	16	1	1	2.0000	1.0000	-1.0000	0.0671	NaN	NaN	NaN	1476015.5676	1476015.8961	1.0000	0.0000	0.1045
43gz03	1	17	1	1	1.0000	1.0000	1.0000	NaN	3.5008	3.2834	13.7096	1476018.4855	1476018.7866	1.0000	1.0000	0.7016
43gz03	1	17	1	1	2.0000	1.0000	1.0000	0.0080	NaN	NaN	NaN	1476020.0474	1476020.3747	1.0000	1.0000	0.3132
43gz03	1	18	1	1	1.0000	1.0000	-1.0000	NaN	5.4287	-6.1264	15.4646	1476022.7852	1476023.0863	0.0000	1.0000	0.4355
43gz03	1	18	1	1	2.0000	1.0000	1.0000	0.0013	NaN	NaN	NaN	1476024.1266	1476024.4543	1.0000	1.0000	0.5629
43gz03	1	19	1	1	1.0000	1.0000	1.0000	NaN	4.3534	3.4118	15.8690	1476027.4184	1476027.7196	1.0000	1.0000	0.5442
43gz03	1	19	1	1	2.0000	1.0000	1.0000	0.0216	NaN	NaN	NaN	1476028.8472	1476029.1754	1.0000	1.0000	0.3353
43gz03	1	20	1	1	1.0000	1.0000	1.0000	NaN	2.9882	3.0793	13.2404	1476031.9070	1476032.2080	1.0000	1.0000	0.8629
43gz03	1	20	1	1	2.0000	1.0000	1.0000	0.0950	NaN	NaN	NaN	1476033.6389	1476033.9687	1.0000	1.0000	0.5112
43gz03	1	21	1	1	1.0000	1.0000	1.0000	NaN	3.9914	2.7850	14.3604	1476036.7901	1476037.0914	1.0000	1.0000	0.6527
43gz03	1	21	1	1	2.0000	1.0000	1.0000	0.1001	NaN	NaN	NaN	1476038.3264	1476038.6573	1.0000	1.0000	0.3576
43gz03	1	22	1	1	1.0000	1.0000	-1.0000	NaN	0.9982	-2.1202	13.4065	1476041.3126	1476041.6138	0.0000	1.0000	0.9468
43gz03	1	22	1	1	2.0000	1.0000	1.0000	0.0004	NaN	NaN	NaN	1476043.1192	1476043.4478	1.0000	1.0000	0.4811
43gz03	1	23	1	1	1.0000	1.0000	1.0000	NaN	2.4315	0.4092	15.3612	1476046.4061	1476046.7073	0.0000	0.0000	1.1021
43gz03	1	23	1	1	2.0000	1.0000	-1.0000	0.1466	NaN	NaN	NaN	1476048.3183	1476048.6458	1.0000	0.0000	0.4674
43gz03	1	24	1	1	1.0000	1.0000	1.0000	NaN	0.7916	0.8235	13.2916	1476050.9779	1476051.2790	0.0000	0.0000	1.9062
43gz03	1	24	1	1	2.0000	1.0000	-1.0000	0.0051	NaN	NaN	NaN	1476053.6945	1476054.0222	1.0000	0.0000	0.5446
43gz03	1	25	1	1	1.0000	1.0000	1.0000	NaN	3.9861	3.1979	15.7761	1476057.1103	1476057.4114	1.0000	1.0000	0.3420
43gz03	1	25	1	1	2.0000	1.0000	1.0000	0.2305	NaN	NaN	NaN	1476058.3105	1476058.6390	1.0000	1.0000	0.4662
43gz03	1	26	1	1	1.0000	1.0000	-1.0000	NaN	1.3206	-3.1557	14.3599	1476061.1328	1476061.4338	0.0000	1.0000	0.3827
43gz03	1	26	1	1	2.0000	1.0000	1.0000	0.1505	NaN	NaN	NaN	1476062.3755	1476062.7025	1.0000	1.0000	1.3789
43gz03	1	27	1	1	1.0000	1.0000	1.0000	NaN	0.1303	0.2278	14.9251	1476066.4999	1476066.8009	0.0000	0.0000	1.3509
43gz03	1	27	1	1	2.0000	1.0000	-1.0000	0.1398	NaN	NaN	NaN	1476068.6699	1476068.9972	0.0000	1.0000	1.2577
43gz03	1	28	1	1	1.0000	1.0000	-1.0000	NaN	6.1413	-5.1734	15.9293	1476072.4265	1476072.7276	0.0000	1.0000	0.6659
43gz03	1	28	1	1	2.0000	1.0000	1.0000	0.1321	NaN	NaN	NaN	1476073.9595	1476074.2884	1.0000	1.0000	0.3824
43gz03	1	29	1	1	1.0000	1.0000	1.0000	NaN	1.2861	1.2720	14.5305	1476077.1991	1476077.5001	0.0000	0.0000	0.7787
43gz03	1	29	1	1	2.0000	1.0000	-1.0000	0.1192	NaN	NaN	NaN	1476078.8066	1476079.1348	0.0000	1.0000	0.6107
43gz03	1	30	1	1	1.0000	1.0000	1.0000	NaN	3.9305	5.7243	14.7256	1476082.1477	1476082.4487	1.0000	1.0000	0.2621
43gz03	1	30	1	1	2.0000	1.0000	1.0000	0.0258	NaN	NaN	NaN	1476083.2954	1476083.6239	1.0000	1.0000	0.4069
43gz03	1	31	1	1	1.0000	1.0000	1.0000	NaN	1.4720	2.9924	15.1670	1476085.8605	1476086.1616	1.0000	1.0000	0.8794
43gz03	1	31	1	1	2.0000	1.0000	1.0000	0.2140	NaN	NaN	NaN	1476087.5825	1476087.9104	1.0000	1.0000	0.3628
43gz03	1	32	1	1	1.0000	1.0000	-1.0000	NaN	2.0631	-2.9005	15.4662	1476090.7763	1476091.0773	0.0000	1.0000	0.3561
43gz03	1	32	1	1	2.0000	1.0000	1.0000	0.1233	NaN	NaN	NaN	1476091.9587	1476092.2873	1.0000	1.0000	0.2876
43gz03	1	33	1	1	1.0000	1.0000	-1.0000	NaN	5.9914	-6.3072	16.6328	1476094.5384	1476094.8397	0.0000	1.0000	0.3288
43gz03	1	33	1	1	2.0000	1.0000	1.0000	0.0178	NaN	NaN	NaN	1476095.7444	1476096.0731	1.0000	1.0000	0.2802
43gz03	1	34	1	1	1.0000	1.0000	1.0000	NaN	0.6240	2.6161	15.5125	1476098.4326	1476098.7339	1.0000	1.0000	0.7541
43gz03	1	34	1	1	2.0000	1.0000	1.0000	0.1378	NaN	NaN	NaN	1476100.0067	1476100.3388	1.0000	1.0000	0.3019
43gz03	1	35	1	1	1.0000	1.0000	-1.0000	NaN	0.5353	-1.0378	16.6660	1476102.9361	1476103.2372	0.0000	1.0000	0.5946
43gz03	1	35	1	1	2.0000	1.0000	1.0000	0.1039	NaN	NaN	NaN	1476104.3986	1476104.7277	1.0000	1.0000	0.2236
43gz03	1	36	1	1	1.0000	1.0000	-1.0000	NaN	2.1077	-1.1158	14.6685	1476107.3978	1476107.6988	0.0000	1.0000	1.3813
43gz03	1	36	1	1	2.0000	1.0000	1.0000	0.0526	NaN	NaN	NaN	1476109.6145	1476109.9419	1.0000	1.0000	0.3050
43gz03	1	37	1	1	1.0000	1.0000	-1.0000	NaN	2.6305	-0.7321	14.4492	1476112.5164	1476112.8176	0.0000	1.0000	0.8553
43gz03	1	37	1	1	2.0000	1.0000	1.0000	0.0693	NaN	NaN	NaN	1476114.1827	1476114.5129	1.0000	1.0000	0.4558
43gz03	1	38	1	1	1.0000	1.0000	-1.0000	NaN	1.5287	-1.0492	14.2343	1476117.0381	1476117.3391	1.0000	0.0000	2.2358
43gz03	1	38	1	1	2.0000	1.0000	-1.0000	0.1115	NaN	NaN	NaN	1476120.1270	1476120.4542	1.0000	0.0000	0.4827
43gz03	1	39	1	1	1.0000	1.0000	1.0000	NaN	2.7500	3.3760	15.3617	1476123.3703	1476123.6714	1.0000	1.0000	1.6640
43gz03	1	39	1	1	2.0000	1.0000	1.0000	0.0369	NaN	NaN	NaN	1476125.8866	1476126.2144	1.0000	1.0000	0.5459
43gz03	1	40	1	1	1.0000	1.0000	-1.0000	NaN	4.6927	-4.2660	15.4659	1476128.6382	1476128.9396	0.0000	1.0000	0.5163
43gz03	1	40	1	1	2.0000	1.0000	1.0000	0.0319	NaN	NaN	NaN	1476130.0314	1476130.3601	1.0000	1.0000	0.9763
43gz03	1	41	1	1	1.0000	1.0000	-1.0000	NaN	2.0267	-2.2133	14.6902	1476133.3074	1476133.6085	0.0000	1.0000	0.6407
43gz03	1	41	1	1	2.0000	1.0000	1.0000	0.0679	NaN	NaN	NaN	1476134.8146	1476135.1424	1.0000	1.0000	0.3548
43gz03	1	42	1	1	1.0000	1.0000	1.0000	NaN	2.7805	1.5519	14.2113	1476137.8394	1476138.1405	0.0000	0.0000	0.7384
43gz03	1	42	1	1	2.0000	1.0000	-1.0000	0.1146	NaN	NaN	NaN	1476139.4547	1476139.7817	0.0000	1.0000	0.3955
43gz03	1	43	1	1	1.0000	1.0000	-1.0000	NaN	2.5600	-5.9691	14.4160	1476142.8358	1476143.1371	0.0000	1.0000	0.7120
43gz03	1	43	1	1	2.0000	1.0000	1.0000	0.1942	NaN	NaN	NaN	1476144.3988	1476144.7300	1.0000	1.0000	0.4468
43gz03	1	44	1	1	1.0000	1.0000	-1.0000	NaN	5.3136	-6.4300	14.1228	1476147.4634	1476147.7644	0.0000	1.0000	0.4681
43gz03	1	44	1	1	2.0000	1.0000	1.0000	0.1542	NaN	NaN	NaN	1476148.7907	1476149.1196	0.0000	0.0000	0.9768
43gz03	1	45	1	1	1.0000	1.0000	-1.0000	NaN	2.5170	-1.5789	14.9013	1476152.0834	1476152.3855	0.0000	1.0000	0.3181
43gz03	1	45	1	1	2.0000	1.0000	1.0000	0.1545	NaN	NaN	NaN	1476153.2305	1476153.5592	1.0000	1.0000	0.2316
43gz03	1	46	1	1	1.0000	1.0000	-1.0000	NaN	3.3114	-4.7907	15.1999	1476155.9456	1476156.2466	0.0000	1.0000	0.8749
43gz03	1	46	1	1	2.0000	1.0000	1.0000	0.2284	NaN	NaN	NaN	1476157.6632	1476157.9922	1.0000	1.0000	0.5756
43gz03	1	47	1	1	1.0000	1.0000	1.0000	NaN	4.4430	5.8279	14.3701	1476161.0216	1476161.3227	1.0000	1.0000	0.3019
43gz03	1	47	1	1	2.0000	1.0000	1.0000	0.0701	NaN	NaN	NaN	1476162.1751	1476162.5041	1.0000	1.0000	1.0709
43gz03	1	48	1	1	1.0000	1.0000	1.0000	NaN	1.4089	1.9948	13.7785	1476166.1974	1476166.4984	1.0000	1.0000	1.2524
43gz03	1	48	1	1	2.0000	1.0000	1.0000	0.0456	NaN	NaN	NaN	1476168.3027	1476168.6312	0.0000	0.0000	0.7437
43gz03	1	49	1	1	1.0000	1.0000	1.0000	NaN	4.6395	4.5084	15.4030	1476171.4856	1476171.7865	1.0000	1.0000	0.3505
43gz03	1	49	1	1	2.0000	1.0000	1.0000	0.0761	NaN	NaN	NaN	1476172.6620	1476172.9914	1.0000	1.0000	0.3700
43gz03	1	50	1	1	1.0000	1.0000	-1.0000	NaN	0.7597	-0.6549	13.1992	1476175.8960	1476176.1971	1.0000	0.0000	0.9298
43gz03	1	50	1	1	2.0000	1.0000	-1.0000	0.0175	NaN	NaN	NaN	1476177.6225	1476177.9527	1.0000	0.0000	0.4541
43gz03	2	1	1	1	1.0000	1.0000	1.0000	NaN	1.9929	0.1326	15.1701	1476183.6920	1476183.9931	1.0000	1.0000	0.5418
43gz03	2	1	1	1	2.0000	1.0000	1.0000	0.0014	NaN	NaN	NaN	1476185.0713	1476185.3986	1.0000	1.0000	0.2986
43gz03	2	2	1	1	1.0000	1.0000	-1.0000	NaN	0.5112	-1.4117	14.1038	1476187.7518	1476188.0529	1.0000	0.0000	0.3474
43gz03	2	2	1	1	2.0000	1.0000	-1.0000	0.1242	NaN	NaN	NaN	1476188.8787	1476189.2052	1.0000	0.0000	0.2576
43gz03	2	3	1	1	1.0000	1.0000	-1.0000	NaN	4.4499	-6.5153	15.2727	1476191.9357	1476192.2368	0.0000	1.0000	0.4101
43gz03	2	3	1	1	2.0000	1.0000	1.0000	0.1458	NaN	NaN	NaN	1476193.2467	1476193.5741	1.0000	1.0000	0.4728
43gz03	2	4	1	1	1.0000	1.0000	1.0000	NaN	2.9343	1.0222	15.0489	1476196.4445	1476196.7455	1.0000	1.0000	0.6233
43gz03	2	4	1	1	2.0000	1.0000	1.0000	0.1669	NaN	NaN	NaN	1476197.9183	1476198.2472	1.0000	1.0000	0.4419
43gz03	2	5	1	1	1.0000	1.0000	-1.0000	NaN	4.5194	-5.5594	15.2894	1476201.2497	1476201.5507	0.0000	1.0000	0.3134
43gz03	2	5	1	1	2.0000	1.0000	1.0000	0.2001	NaN	NaN	NaN	1476202.4313	1476202.7577	1.0000	1.0000	0.3051
43gz03	2	6	1	1	1.0000	1.0000	-1.0000	NaN	5.3404	-3.8424	16.5300	1476205.5989	1476205.9003	0.0000	1.0000	0.3397
43gz03	2	6	1	1	2.0000	1.0000	1.0000	0.0447	NaN	NaN	NaN	1476206.8150	1476207.1427	1.0000	1.0000	0.3282
43gz03	2	7	1	1	1.0000	1.0000	1.0000	NaN	5.4416	2.6827	17.6232	1476209.8680	1476210.1691	1.0000	1.0000	0.5275
43gz03	2	7	1	1	2.0000	1.0000	1.0000	0.1231	NaN	NaN	NaN	1476211.2309	1476211.5590	1.0000	1.0000	0.3439
43gz03	2	8	1	1	1.0000	1.0000	1.0000	NaN	0.8639	1.5621	13.7265	1476214.3008	1476214.6018	1.0000	1.0000	0.3994
43gz03	2	8	1	1	2.0000	1.0000	1.0000	0.0679	NaN	NaN	NaN	1476215.5278	1476215.8557	1.0000	1.0000	0.7671
43gz03	2	9	1	1	1.0000	1.0000	-1.0000	NaN	4.4489	-2.6544	16.9265	1476218.6288	1476218.9302	0.0000	1.0000	0.3021
43gz03	2	9	1	1	2.0000	1.0000	1.0000	0.0349	NaN	NaN	NaN	1476219.7828	1476220.1097	1.0000	1.0000	0.3611
43gz03	2	10	1	1	1.0000	1.0000	1.0000	NaN	4.0552	3.8196	14.9667	1476222.6819	1476222.9831	1.0000	1.0000	0.3701
43gz03	2	10	1	1	2.0000	1.0000	1.0000	0.0916	NaN	NaN	NaN	1476223.8707	1476224.1986	1.0000	1.0000	0.5048
43gz03	2	11	1	1	1.0000	1.0000	-1.0000	NaN	5.9646	-7.4357	15.0209	1476226.8232	1476227.1243	0.0000	1.0000	0.4026
43gz03	2	11	1	1	2.0000	1.0000	1.0000	0.2280	NaN	NaN	NaN	1476228.1432	1476228.4713	1.0000	1.0000	0.3037
43gz03	2	12	1	1	1.0000	1.0000	-1.0000	NaN	5.4337	-4.8997	14.7433	1476230.8522	1476231.1532	0.0000	1.0000	0.4722
43gz03	2	12	1	1	2.0000	1.0000	1.0000	0.1914	NaN	NaN	NaN	1476232.1828	1476232.5116	1.0000	1.0000	0.4098
43gz03	2	13	1	1	1.0000	1.0000	-1.0000	NaN	5.7508	-5.3126	15.0471	1476235.3237	1476235.6246	0.0000	1.0000	0.2465
43gz03	2	13	1	1	2.0000	1.0000	1.0000	0.1648	NaN	NaN	NaN	1476236.4468	1476236.7740	1.0000	1.0000	0.2265
43gz03	2	14	1	1	1.0000	1.0000	-1.0000	NaN	1.3727	-0.8648	16.3483	1476239.3362	1476239.6371	1.0000	0.0000	1.0039
43gz03	2	14	1	1	2.0000	1.0000	-1.0000	0.1916	NaN	NaN	NaN	1476241.1746	1476241.5014	1.0000	0.0000	1.1775
43gz03	2	15	1	1	1.0000	1.0000	1.0000	NaN	3.6733	4.1670	13.4577	1476245.2118	1476245.5128	1.0000	1.0000	0.3036
43gz03	2	15	1	1	2.0000	1.0000	1.0000	0.0212	NaN	NaN	NaN	1476246.3507	1476246.6788	1.0000	1.0000	0.3616
43gz03	2	16	1	1	1.0000	1.0000	-1.0000	NaN	2.3659	-3.8752	14.7993	1476249.5541	1476249.8553	0.0000	1.0000	0.2636
43gz03	2	16	1	1	2.0000	1.0000	1.0000	0.0648	NaN	NaN	NaN	1476250.6861	1476251.0135	1.0000	1.0000	0.3226
43gz03	2	17	1	1	1.0000	1.0000	1.0000	NaN	3.6001	5.6370	13.4919	1476253.8305	1476254.1316	1.0000	1.0000	0.2353
43gz03	2	17	1	1	2.0000	1.0000	1.0000	0.1798	NaN	NaN	NaN	1476254.9186	1476255.2466	1.0000	1.0000	0.4657
43gz03	2	18	1	1	1.0000	1.0000	-1.0000	NaN	4.3189	-4.3425	13.2792	1476258.1896	1476258.4908	0.0000	1.0000	0.4145
43gz03	2	18	1	1	2.0000	1.0000	1.0000	0.1298	NaN	NaN	NaN	1476259.4866	1476259.8138	1.0000	1.0000	0.2025
43gz03	2	19	1	1	1.0000	1.0000	-1.0000	NaN	0.1907	-0.5573	14.5167	1476262.4445	1476262.7458	0.0000	1.0000	0.4931
43gz03	2	19	1	1	2.0000	1.0000	1.0000	0.0300	NaN	NaN	NaN	1476263.7755	1476264.1018	0.0000	0.0000	0.4890
43gz03	2	20	1	1	1.0000	1.0000	1.0000	NaN	6.0870	7.3392	13.5111	1476266.7142	1476267.0159	1.0000	1.0000	0.7691
43gz03	2	20	1	1	2.0000	1.0000	1.0000	0.1409	NaN	NaN	NaN	1476268.3838	1476268.7118	1.0000	1.0000	0.4007
43gz03	2	21	1	1	1.0000	1.0000	1.0000	NaN	5.4345	6.5366	16.8557	1476271.4473	1476271.7483	1.0000	1.0000	0.3324
43gz03	2	21	1	1	2.0000	1.0000	1.0000	0.1598	NaN	NaN	NaN	1476272.6072	1476272.9361	1.0000	1.0000	0.2957
43gz03	2	22	1	1	1.0000	1.0000	1.0000	NaN	1.1614	4.3734	15.4417	1476275.2764	1476275.5774	1.0000	1.0000	0.2614
43gz03	2	22	1	1	2.0000	1.0000	1.0000	0.0784	NaN	NaN	NaN	1476276.3602	1476276.6875	1.0000	1.0000	0.3834
43gz03	2	23	1	1	1.0000	1.0000	-1.0000	NaN	3.5870	-3.4943	14.8248	1476279.2245	1476279.5255	0.0000	1.0000	0.5000
43gz03	2	23	1	1	2.0000	1.0000	1.0000	0.0877	NaN	NaN	NaN	1476280.5905	1476280.9181	1.0000	1.0000	0.2649
43gz03	2	24	1	1	1.0000	1.0000	1.0000	NaN	5.8172	6.6283	15.4342	1476283.2697	1476283.5707	1.0000	1.0000	0.2374
43gz03	2	24	1	1	2.0000	1.0000	1.0000	0.2331	NaN	NaN	NaN	1476284.3102	1476284.6386	1.0000	1.0000	0.3145
43gz03	2	25	1	1	1.0000	1.0000	1.0000	NaN	3.3463	1.5076	15.1264	1476286.9977	1476287.2987	1.0000	1.0000	0.6063
43gz03	2	25	1	1	2.0000	1.0000	1.0000	0.1372	NaN	NaN	NaN	1476288.4066	1476288.7342	1.0000	1.0000	0.3071
43gz03	2	26	1	1	1.0000	1.0000	1.0000	NaN	4.5397	3.9086	13.8136	1476291.3164	1476291.6174	1.0000	1.0000	0.4237
43gz03	2	26	1	1	2.0000	1.0000	1.0000	0.2007	NaN	NaN	NaN	1476292.5429	1476292.8710	1.0000	1.0000	0.2574
43gz03	2	27	1	1	1.0000	1.0000	1.0000	NaN	6.3522	7.8569	14.4480	1476295.2256	1476295.5267	1.0000	1.0000	0.3056
43gz03	2	27	1	1	2.0000	1.0000	1.0000	0.0593	NaN	NaN	NaN	1476296.3659	1476296.6942	1.0000	1.0000	0.2831
43gz03	2	28	1	1	1.0000	1.0000	-1.0000	NaN	2.2202	-1.3823	14.9560	1476299.0636	1476299.3646	0.0000	1.0000	0.3064
43gz03	2	28	1	1	2.0000	1.0000	1.0000	0.2076	NaN	NaN	NaN	1476300.2623	1476300.5895	1.0000	1.0000	0.2278
43gz03	2	29	1	1	1.0000	1.0000	1.0000	NaN	3.4661	3.5457	15.0776	1476303.2872	1476303.5882	1.0000	1.0000	0.2426
43gz03	2	29	1	1	2.0000	1.0000	1.0000	0.0020	NaN	NaN	NaN	1476304.3437	1476304.6741	1.0000	1.0000	0.3727
43gz03	2	30	1	1	1.0000	1.0000	1.0000	NaN	0.1631	0.3342	16.1451	1476307.2035	1476307.5046	1.0000	1.0000	0.5024
43gz03	2	30	1	1	2.0000	1.0000	1.0000	0.0487	NaN	NaN	NaN	1476308.5510	1476308.8782	1.0000	1.0000	0.4087
43gz03	2	31	1	1	1.0000	1.0000	1.0000	NaN	4.2918	5.5897	15.0728	1476311.2342	1476311.5353	1.0000	1.0000	0.2262
43gz03	2	31	1	1	2.0000	1.0000	1.0000	0.1752	NaN	NaN	NaN	1476312.2876	1476312.6158	1.0000	1.0000	0.2631
43gz03	2	32	1	1	1.0000	1.0000	1.0000	NaN	6.2782	6.6615	16.8513	1476315.0338	1476315.3348	1.0000	1.0000	0.2322
43gz03	2	32	1	1	2.0000	1.0000	1.0000	0.2023	NaN	NaN	NaN	1476316.0862	1476316.4137	1.0000	1.0000	0.2492
43gz03	2	33	1	1	1.0000	1.0000	1.0000	NaN	2.1855	2.3245	15.0872	1476319.3244	1476319.6254	0.0000	0.0000	0.9093
43gz03	2	33	1	1	2.0000	1.0000	-1.0000	0.2046	NaN	NaN	NaN	1476321.0787	1476321.4064	1.0000	0.0000	0.3145
43gz03	2	34	1	1	1.0000	1.0000	-1.0000	NaN	2.0980	-1.0066	14.2863	1476324.1192	1476324.4203	0.0000	1.0000	1.0186
43gz03	2	34	1	1	2.0000	1.0000	1.0000	0.0042	NaN	NaN	NaN	1476326.0146	1476326.3425	1.0000	1.0000	0.3524
43gz03	2	35	1	1	1.0000	1.0000	-1.0000	NaN	2.3656	-0.8091	15.2796	1476328.9905	1476329.2916	0.0000	1.0000	0.4373
43gz03	2	35	1	1	2.0000	1.0000	1.0000	0.1108	NaN	NaN	NaN	1476330.2945	1476330.6221	1.0000	1.0000	0.3075
43gz03	2	36	1	1	1.0000	1.0000	1.0000	NaN	5.3963	7.7945	13.5798	1476333.5046	1476333.8058	1.0000	1.0000	0.2252
43gz03	2	36	1	1	2.0000	1.0000	1.0000	0.0740	NaN	NaN	NaN	1476334.5509	1476334.8816	1.0000	1.0000	0.4231
43gz03	2	37	1	1	1.0000	1.0000	-1.0000	NaN	5.7848	-5.1391	16.7558	1476337.5619	1476337.8629	0.0000	1.0000	0.2881
43gz03	2	37	1	1	2.0000	1.0000	1.0000	0.0553	NaN	NaN	NaN	1476338.6949	1476339.0260	1.0000	1.0000	0.2290
43gz03	2	38	1	1	1.0000	1.0000	1.0000	NaN	2.0659	2.4304	14.8994	1476341.9162	1476342.2172	1.0000	1.0000	1.0240
43gz03	2	38	1	1	2.0000	1.0000	1.0000	0.1096	NaN	NaN	NaN	1476343.7824	1476344.1112	1.0000	1.0000	0.3619
43gz03	2	39	1	1	1.0000	1.0000	-1.0000	NaN	2.1535	-2.3407	14.7225	1476346.6917	1476346.9929	0.0000	1.0000	1.1034
43gz03	2	39	1	1	2.0000	1.0000	1.0000	0.0722	NaN	NaN	NaN	1476348.6230	1476348.9499	1.0000	1.0000	0.2251
43gz03	2	40	1	1	1.0000	1.0000	1.0000	NaN	6.2935	5.4171	14.6591	1476351.1799	1476351.4810	1.0000	1.0000	0.2486
43gz03	2	40	1	1	2.0000	1.0000	1.0000	0.0161	NaN	NaN	NaN	1476352.2381	1476352.5651	1.0000	1.0000	0.3396
43gz03	2	41	1	1	1.0000	1.0000	1.0000	NaN	5.5620	5.2830	14.8701	1476354.9675	1476355.2685	1.0000	1.0000	0.4503
43gz03	2	41	1	1	2.0000	1.0000	1.0000	0.0541	NaN	NaN	NaN	1476356.2387	1476356.5668	1.0000	1.0000	1.0742
43gz03	2	42	1	1	1.0000	1.0000	1.0000	NaN	1.7836	0.7926	16.2801	1476359.7093	1476360.0104	1.0000	1.0000	0.9987
43gz03	2	42	1	1	2.0000	1.0000	1.0000	0.1376	NaN	NaN	NaN	1476361.5282	1476361.8553	1.0000	1.0000	0.2971
43gz03	2	43	1	1	1.0000	1.0000	1.0000	NaN	5.7931	5.7511	14.6739	1476364.6069	1476364.9080	1.0000	1.0000	0.1974
43gz03	2	43	1	1	2.0000	1.0000	1.0000	0.1167	NaN	NaN	NaN	1476365.6463	1476365.9743	1.0000	1.0000	0.2502
43gz03	2	44	1	1	1.0000	1.0000	1.0000	NaN	0.2365	0.0121	14.2622	1476368.4549	1476368.7559	1.0000	1.0000	0.3550
43gz03	2	44	1	1	2.0000	1.0000	1.0000	0.1341	NaN	NaN	NaN	1476369.6225	1476369.9502	1.0000	1.0000	0.1633
43gz03	2	45	1	1	1.0000	1.0000	1.0000	NaN	3.1058	3.5126	14.6209	1476372.5671	1476372.8684	1.0000	1.0000	0.4104
43gz03	2	45	1	1	2.0000	1.0000	1.0000	0.1228	NaN	NaN	NaN	1476373.7830	1476374.1106	1.0000	1.0000	0.1855
43gz03	2	46	1	1	1.0000	1.0000	-1.0000	NaN	0.9582	-0.6868	14.7834	1476376.3840	1476376.6851	1.0000	0.0000	1.2498
43gz03	2	46	1	1	2.0000	1.0000	-1.0000	0.1299	NaN	NaN	NaN	1476378.4628	1476378.7895	0.0000	1.0000	0.4494
43gz03	2	47	1	1	1.0000	1.0000	1.0000	NaN	4.4667	1.7432	16.3043	1476381.7834	1476382.0846	1.0000	1.0000	0.3624
43gz03	2	47	1	1	2.0000	1.0000	1.0000	0.0471	NaN	NaN	NaN	1476382.9678	1476383.2958	1.0000	1.0000	0.3191
43gz03	2	48	1	1	1.0000	1.0000	1.0000	NaN	5.2747	6.4771	13.9251	1476385.5192	1476385.8202	1.0000	1.0000	0.5731
43gz03	2	48	1	1	2.0000	1.0000	1.0000	0.1609	NaN	NaN	NaN	1476386.9184	1476387.2468	1.0000	1.0000	0.6990
43gz03	2	49	1	1	1.0000	1.0000	-1.0000	NaN	6.2523	-5.7820	14.8659	1476390.3078	1476390.6090	0.0000	1.0000	0.2873
43gz03	2	49	1	1	2.0000	1.0000	1.0000	0.1185	NaN	NaN	NaN	1476391.4471	1476391.7752	1.0000	1.0000	0.2898
43gz03	2	50	1	1	1.0000	1.0000	1.0000	NaN	1.5018	2.0846	14.0781	1476394.3954	1476394.6964	1.0000	1.0000	0.4723
43gz03	2	50	1	1	2.0000	1.0000	1.0000	0.0765	NaN	NaN	NaN	1476395.6712	1476395.9992	1.0000	1.0000	0.4409
43gz03	3	1	1	1	1.0000	1.0000	1.0000	NaN	5.4387	4.5371	15.5202	1476436.2788	1476436.5798	1.0000	1.0000	1.0603
43gz03	3	1	1	1	2.0000	1.0000	1.0000	0.1782	NaN	NaN	NaN	1476438.2239	1476438.5529	1.0000	1.0000	0.3436
43gz03	3	2	1	1	1.0000	1.0000	1.0000	NaN	5.4872	7.6317	15.0510	1476440.8902	1476441.1912	1.0000	1.0000	0.4077
43gz03	3	2	1	1	2.0000	1.0000	1.0000	0.1129	NaN	NaN	NaN	1476442.1106	1476442.4385	1.0000	1.0000	0.2590
43gz03	3	3	1	1	1.0000	1.0000	-1.0000	NaN	4.5767	-5.4684	13.7603	1476445.0000	1476445.3012	0.0000	1.0000	0.5059
43gz03	3	3	1	1	2.0000	1.0000	1.0000	0.0335	NaN	NaN	NaN	1476446.4065	1476446.7358	1.0000	1.0000	0.2014
43gz03	3	4	1	1	1.0000	1.0000	-1.0000	NaN	0.1836	-1.0639	15.4540	1476449.0894	1476449.3904	0.0000	1.0000	1.0027
43gz03	3	4	1	1	2.0000	1.0000	1.0000	0.0854	NaN	NaN	NaN	1476450.9592	1476451.2871	1.0000	1.0000	0.2097
43gz03	3	5	1	1	1.0000	1.0000	-1.0000	NaN	6.1444	-5.1550	14.8261	1476453.3080	1476453.6094	0.0000	1.0000	0.3816
43gz03	3	5	1	1	2.0000	1.0000	1.0000	0.0122	NaN	NaN	NaN	1476454.5905	1476454.9183	1.0000	1.0000	0.1925
43gz03	3	6	1	1	1.0000	1.0000	1.0000	NaN	1.0847	2.5573	14.9799	1476457.1004	1476457.4020	1.0000	1.0000	0.8715
43gz03	3	6	1	1	2.0000	1.0000	1.0000	0.1326	NaN	NaN	NaN	1476458.7988	1476459.1292	1.0000	1.0000	0.3036
43gz03	3	7	1	1	1.0000	1.0000	1.0000	NaN	4.6267	5.0102	16.4368	1476461.9619	1476462.2629	1.0000	1.0000	0.9780
43gz03	3	7	1	1	2.0000	1.0000	1.0000	0.0199	NaN	NaN	NaN	1476463.7748	1476464.1022	1.0000	1.0000	0.2191
43gz03	3	8	1	1	1.0000	1.0000	1.0000	NaN	0.7948	1.3338	17.8003	1476466.7581	1476467.0590	1.0000	1.0000	0.5819
43gz03	3	8	1	1	2.0000	1.0000	1.0000	0.1165	NaN	NaN	NaN	1476468.1668	1476468.4949	1.0000	1.0000	0.3062
43gz03	3	9	1	1	1.0000	1.0000	-1.0000	NaN	1.6089	-1.6141	14.6251	1476470.9873	1476471.2891	0.0000	1.0000	0.2554
43gz03	3	9	1	1	2.0000	1.0000	1.0000	0.2172	NaN	NaN	NaN	1476472.0873	1476472.4141	1.0000	1.0000	0.2987
43gz03	3	10	1	1	1.0000	1.0000	1.0000	NaN	1.8262	2.5908	16.6897	1476475.3502	1476475.6513	1.0000	1.0000	1.1648
43gz03	3	10	1	1	2.0000	1.0000	1.0000	0.0001	NaN	NaN	NaN	1476477.3340	1476477.6637	1.0000	1.0000	0.9049
43gz03	3	11	1	1	1.0000	1.0000	1.0000	NaN	0.6370	0.1932	15.6125	1476480.7965	1476481.0975	1.0000	1.0000	0.5415
43gz03	3	11	1	1	2.0000	1.0000	1.0000	0.1690	NaN	NaN	NaN	1476482.1987	1476482.5257	1.0000	1.0000	0.3237
43gz03	3	12	1	1	1.0000	1.0000	-1.0000	NaN	4.6626	-4.8556	14.5271	1476485.1671	1476485.4682	0.0000	1.0000	0.3228
43gz03	3	12	1	1	2.0000	1.0000	1.0000	0.2107	NaN	NaN	NaN	1476486.3116	1476486.6385	1.0000	1.0000	0.2176
43gz03	3	13	1	1	1.0000	1.0000	-1.0000	NaN	0.2831	-2.7574	16.4703	1476488.7609	1476489.0619	0.0000	1.0000	0.2991
43gz03	3	13	1	1	2.0000	1.0000	1.0000	0.1063	NaN	NaN	NaN	1476489.9031	1476490.2310	1.0000	1.0000	0.2984
43gz03	3	14	1	1	1.0000	1.0000	-1.0000	NaN	3.3057	-2.1028	15.0464	1476492.4314	1476492.7324	0.0000	1.0000	0.8122
43gz03	3	14	1	1	2.0000	1.0000	1.0000	0.0729	NaN	NaN	NaN	1476494.0784	1476494.4064	1.0000	1.0000	0.2190
43gz03	3	15	1	1	1.0000	1.0000	1.0000	NaN	3.2933	3.5627	15.0779	1476497.2279	1476497.5291	1.0000	1.0000	0.4244
43gz03	3	15	1	1	2.0000	1.0000	1.0000	0.0496	NaN	NaN	NaN	1476498.4710	1476498.7993	1.0000	1.0000	0.2717
43gz03	3	16	1	1	1.0000	1.0000	1.0000	NaN	1.9103	2.2472	14.9907	1476501.4179	1476501.7189	0.0000	0.0000	2.6663
43gz03	3	16	1	1	2.0000	1.0000	-1.0000	0.1727	NaN	NaN	NaN	1476504.9106	1476505.2401	0.0000	1.0000	0.3749
43gz03	3	17	1	1	1.0000	1.0000	-1.0000	NaN	1.3000	-1.5903	16.0926	1476507.9415	1476508.2427	0.0000	1.0000	0.4856
43gz03	3	17	1	1	2.0000	1.0000	1.0000	0.2156	NaN	NaN	NaN	1476509.2797	1476509.6071	1.0000	1.0000	0.5519
43gz03	3	18	1	1	1.0000	1.0000	-1.0000	NaN	4.2611	-6.2638	14.2290	1476512.6407	1476512.9418	0.0000	1.0000	0.9476
43gz03	3	18	1	1	2.0000	1.0000	1.0000	0.0727	NaN	NaN	NaN	1476514.4218	1476514.7502	1.0000	1.0000	0.5070
43gz03	3	19	1	1	1.0000	1.0000	-1.0000	NaN	5.6394	-6.0592	14.5024	1476517.2110	1476517.5120	0.0000	1.0000	0.5526
43gz03	3	19	1	1	2.0000	1.0000	1.0000	0.2293	NaN	NaN	NaN	1476518.6063	1476518.9377	1.0000	1.0000	0.2293
43gz03	3	20	1	1	1.0000	1.0000	1.0000	NaN	2.9872	2.8118	15.6875	1476521.1725	1476521.4737	1.0000	1.0000	0.2772
43gz03	3	20	1	1	2.0000	1.0000	1.0000	0.0673	NaN	NaN	NaN	1476522.2472	1476522.5755	1.0000	1.0000	0.3354
43gz03	3	21	1	1	1.0000	1.0000	-1.0000	NaN	3.6315	-7.5502	15.0834	1476525.1346	1476525.4357	0.0000	1.0000	0.3474
43gz03	3	21	1	1	2.0000	1.0000	1.0000	0.0922	NaN	NaN	NaN	1476526.3105	1476526.6376	1.0000	1.0000	0.2742
43gz03	3	22	1	1	1.0000	1.0000	1.0000	NaN	4.1716	3.4442	15.3082	1476528.8323	1476529.1333	1.0000	1.0000	1.0905
43gz03	3	22	1	1	2.0000	1.0000	1.0000	0.0177	NaN	NaN	NaN	1476530.7675	1476531.0951	1.0000	1.0000	0.3216
43gz03	3	23	1	1	1.0000	1.0000	1.0000	NaN	2.6632	2.8063	14.9180	1476533.6371	1476533.9391	1.0000	1.0000	2.0857
43gz03	3	23	1	1	2.0000	1.0000	1.0000	0.2092	NaN	NaN	NaN	1476536.5342	1476536.8613	1.0000	1.0000	0.4033
43gz03	3	24	1	1	1.0000	1.0000	-1.0000	NaN	3.1782	-2.8077	14.7380	1476539.1936	1476539.4946	0.0000	1.0000	0.5232
43gz03	3	24	1	1	2.0000	1.0000	1.0000	0.0435	NaN	NaN	NaN	1476540.5985	1476540.9265	1.0000	1.0000	0.8186
43gz03	3	25	1	1	1.0000	1.0000	-1.0000	NaN	2.8788	-2.8171	14.3200	1476544.4044	1476544.7055	0.0000	1.0000	1.0400
43gz03	3	25	1	1	2.0000	1.0000	1.0000	0.1850	NaN	NaN	NaN	1476546.3114	1476546.6386	1.0000	1.0000	0.2740
43gz03	3	26	1	1	1.0000	1.0000	1.0000	NaN	1.2855	1.0168	14.4350	1476549.0409	1476549.3421	0.0000	0.0000	0.5689
43gz03	3	26	1	1	2.0000	1.0000	-1.0000	0.1436	NaN	NaN	NaN	1476550.4465	1476550.7748	0.0000	1.0000	0.4263
43gz03	3	27	1	1	1.0000	1.0000	-1.0000	NaN	6.0839	-6.4945	15.4186	1476553.2128	1476553.5138	0.0000	1.0000	0.5429
43gz03	3	27	1	1	2.0000	1.0000	1.0000	0.0860	NaN	NaN	NaN	1476554.5907	1476554.9197	1.0000	1.0000	0.3372
43gz03	3	28	1	1	1.0000	1.0000	1.0000	NaN	1.0711	1.9249	13.9453	1476557.8184	1476558.1196	0.0000	0.0000	0.7918
43gz03	3	28	1	1	2.0000	1.0000	-1.0000	0.0798	NaN	NaN	NaN	1476559.4472	1476559.7740	1.0000	0.0000	1.0028
43gz03	3	29	1	1	1.0000	1.0000	1.0000	NaN	2.8922	2.2862	14.8692	1476562.7408	1476563.0422	1.0000	1.0000	0.5029
43gz03	3	29	1	1	2.0000	1.0000	1.0000	0.1466	NaN	NaN	NaN	1476564.0963	1476564.4237	1.0000	1.0000	0.4260
43gz03	3	30	1	1	1.0000	1.0000	1.0000	NaN	0.2330	2.2757	15.7826	1476566.7506	1476567.0518	0.0000	0.0000	0.5488
43gz03	3	30	1	1	2.0000	1.0000	-1.0000	0.2121	NaN	NaN	NaN	1476568.1750	1476568.5022	0.0000	1.0000	0.3529
43gz03	3	31	1	1	1.0000	1.0000	-1.0000	NaN	2.1140	-0.7848	13.9161	1476571.2007	1476571.5016	1.0000	0.0000	1.6574
43gz03	3	31	1	1	2.0000	1.0000	-1.0000	0.1216	NaN	NaN	NaN	1476573.6396	1476573.9685	0.0000	1.0000	0.5826
43gz03	3	32	1	1	1.0000	1.0000	1.0000	NaN	5.0614	4.2561	15.4627	1476576.7133	1476577.0145	0.0000	0.0000	1.0166
43gz03	3	32	1	1	2.0000	1.0000	-1.0000	0.2028	NaN	NaN	NaN	1476578.5906	1476578.9238	1.0000	0.0000	0.8112
43gz03	3	33	1	1	1.0000	1.0000	-1.0000	NaN	5.4683	-6.3910	15.1112	1476582.1554	1476582.4564	0.0000	1.0000	0.6226
43gz03	3	33	1	1	2.0000	1.0000	1.0000	0.1825	NaN	NaN	NaN	1476583.6775	1476584.0063	1.0000	1.0000	0.5702
43gz03	3	34	1	1	1.0000	1.0000	-1.0000	NaN	5.7351	-4.2957	15.6870	1476586.9987	1476587.2996	0.0000	1.0000	0.4371
43gz03	3	34	1	1	2.0000	1.0000	1.0000	0.0712	NaN	NaN	NaN	1476588.2866	1476588.6140	0.0000	0.0000	0.6178
43gz03	3	35	1	1	1.0000	1.0000	-1.0000	NaN	3.8402	-3.0273	15.6723	1476591.7674	1476592.0685	0.0000	1.0000	0.3066
43gz03	3	35	1	1	2.0000	1.0000	1.0000	0.1960	NaN	NaN	NaN	1476592.9587	1476593.2865	1.0000	1.0000	0.3778
43gz03	3	36	1	1	1.0000	1.0000	1.0000	NaN	4.2980	3.7261	14.2329	1476595.8255	1476596.1265	1.0000	1.0000	1.1046
43gz03	3	36	1	1	2.0000	1.0000	1.0000	0.1220	NaN	NaN	NaN	1476597.7594	1476598.0890	1.0000	1.0000	0.3615
43gz03	3	37	1	1	1.0000	1.0000	1.0000	NaN	2.6902	3.0908	15.3984	1476600.4845	1476600.7856	1.0000	1.0000	1.1037
43gz03	3	37	1	1	2.0000	1.0000	1.0000	0.0878	NaN	NaN	NaN	1476602.4304	1476602.7587	0.0000	0.0000	1.0736
43gz03	3	38	1	1	1.0000	1.0000	-1.0000	NaN	5.5592	-5.1054	14.3034	1476605.8858	1476606.1870	0.0000	1.0000	0.3001
43gz03	3	38	1	1	2.0000	1.0000	1.0000	0.0534	NaN	NaN	NaN	1476607.1026	1476607.4301	1.0000	1.0000	0.1937
43gz03	3	39	1	1	1.0000	1.0000	1.0000	NaN	4.2334	4.8565	13.8232	1476609.7173	1476610.0183	1.0000	1.0000	0.3833
43gz03	3	39	1	1	2.0000	1.0000	1.0000	0.1172	NaN	NaN	NaN	1476610.9429	1476611.2713	1.0000	1.0000	0.3198
43gz03	3	40	1	1	1.0000	1.0000	-1.0000	NaN	1.6063	-2.1751	14.2390	1476613.6481	1476613.9491	0.0000	1.0000	0.2899
43gz03	3	40	1	1	2.0000	1.0000	1.0000	0.0103	NaN	NaN	NaN	1476614.7669	1476615.0946	1.0000	1.0000	0.4664
43gz03	3	41	1	1	1.0000	1.0000	1.0000	NaN	3.9345	4.1304	13.7374	1476617.7886	1476618.0897	0.0000	0.0000	0.4796
43gz03	3	41	1	1	2.0000	1.0000	-1.0000	0.0271	NaN	NaN	NaN	1476619.1032	1476619.4309	1.0000	0.0000	0.3380
43gz03	3	42	1	1	1.0000	1.0000	-1.0000	NaN	2.5819	-2.8422	14.8582	1476621.7140	1476622.0152	0.0000	1.0000	0.3864
43gz03	3	42	1	1	2.0000	1.0000	1.0000	0.2380	NaN	NaN	NaN	1476623.0069	1476623.3361	1.0000	1.0000	0.4390
43gz03	3	43	1	1	1.0000	1.0000	1.0000	NaN	0.2831	0.0336	13.5683	1476626.1080	1476626.4090	0.0000	0.0000	1.0881
43gz03	3	43	1	1	2.0000	1.0000	-1.0000	0.0881	NaN	NaN	NaN	1476628.0705	1476628.3975	0.0000	1.0000	0.5635
43gz03	3	44	1	1	1.0000	1.0000	-1.0000	NaN	6.0105	-6.7151	14.8143	1476631.1897	1476631.4908	0.0000	1.0000	1.0469
43gz03	3	44	1	1	2.0000	1.0000	1.0000	0.0275	NaN	NaN	NaN	1476633.1356	1476633.4625	0.0000	0.0000	0.7786
43gz03	3	45	1	1	1.0000	1.0000	-1.0000	NaN	1.4905	-0.7310	13.9443	1476636.5982	1476636.8992	0.0000	1.0000	0.3982
43gz03	3	45	1	1	2.0000	1.0000	1.0000	0.0372	NaN	NaN	NaN	1476637.8872	1476638.2157	1.0000	1.0000	0.6953
43gz03	3	46	1	1	1.0000	1.0000	-1.0000	NaN	4.9088	-6.7942	15.1357	1476640.9402	1476641.2411	0.0000	1.0000	0.3363
43gz03	3	46	1	1	2.0000	1.0000	1.0000	0.0117	NaN	NaN	NaN	1476642.1759	1476642.5046	1.0000	1.0000	0.5364
43gz03	3	47	1	1	1.0000	1.0000	1.0000	NaN	3.5876	3.3904	14.6911	1476644.8610	1476645.1619	1.0000	1.0000	0.7356
43gz03	3	47	1	1	2.0000	1.0000	1.0000	0.1489	NaN	NaN	NaN	1476646.4308	1476646.7583	1.0000	1.0000	0.6513
43gz03	3	48	1	1	1.0000	1.0000	1.0000	NaN	4.6297	2.0350	15.2586	1476650.0091	1476650.3104	1.0000	1.0000	1.2499
43gz03	3	48	1	1	2.0000	1.0000	1.0000	0.1262	NaN	NaN	NaN	1476652.1354	1476652.4647	0.0000	0.0000	0.5744
43gz03	3	49	1	1	1.0000	1.0000	1.0000	NaN	2.6053	1.5696	14.7575	1476655.0650	1476655.3662	1.0000	1.0000	0.9549
43gz03	3	49	1	1	2.0000	1.0000	1.0000	0.1212	NaN	NaN	NaN	1476656.8390	1476657.1672	1.0000	1.0000	0.2648
43gz03	3	50	1	1	1.0000	1.0000	1.0000	NaN	4.7742	4.7181	17.4511	1476659.9454	1476660.2465	1.0000	1.0000	1.0964
43gz03	3	50	1	1	2.0000	1.0000	1.0000	0.0511	NaN	NaN	NaN	1476661.8955	1476662.2264	1.0000	1.0000	0.3486
43gz03	4	1	1	1	1.0000	1.0000	-1.0000	NaN	2.4540	-2.5197	15.0225	1476666.6037	1476666.9048	0.0000	1.0000	0.8487
43gz03	4	1	1	1	2.0000	1.0000	1.0000	0.1766	NaN	NaN	NaN	1476668.3427	1476668.6700	1.0000	1.0000	0.2831
43gz03	4	2	1	1	1.0000	1.0000	-1.0000	NaN	1.5048	-2.8699	15.0613	1476670.9136	1476671.2146	0.0000	1.0000	0.3848
43gz03	4	2	1	1	2.0000	1.0000	1.0000	0.0210	NaN	NaN	NaN	1476672.1666	1476672.4939	1.0000	1.0000	0.2431
43gz03	4	3	1	1	1.0000	1.0000	-1.0000	NaN	2.9576	-2.8778	14.6223	1476675.1566	1476675.4578	0.0000	1.0000	1.8130
43gz03	4	3	1	1	2.0000	1.0000	1.0000	0.0216	NaN	NaN	NaN	1476677.8068	1476678.1336	1.0000	1.0000	0.8416
43gz03	4	4	1	1	1.0000	1.0000	1.0000	NaN	1.5483	0.4936	14.9569	1476681.3148	1476681.6157	0.0000	0.0000	0.8713
43gz03	4	4	1	1	2.0000	1.0000	-1.0000	0.1580	NaN	NaN	NaN	1476683.0465	1476683.3758	1.0000	0.0000	0.3431
43gz03	4	5	1	1	1.0000	1.0000	-1.0000	NaN	5.4201	-3.0860	13.7289	1476685.8459	1476686.1469	0.0000	1.0000	1.0304
43gz03	4	5	1	1	2.0000	1.0000	1.0000	0.1355	NaN	NaN	NaN	1476687.7516	1476688.0789	1.0000	1.0000	0.1922
43gz03	4	6	1	1	1.0000	1.0000	-1.0000	NaN	5.2498	-6.5563	14.1762	1476690.4999	1476690.8009	0.0000	1.0000	0.6781
43gz03	4	6	1	1	2.0000	1.0000	1.0000	0.2345	NaN	NaN	NaN	1476692.0304	1476692.3568	1.0000	1.0000	0.1886
43gz03	4	7	1	1	1.0000	1.0000	1.0000	NaN	1.8367	1.8398	15.0449	1476695.0473	1476695.3483	0.0000	0.0000	0.7631
43gz03	4	7	1	1	2.0000	1.0000	-1.0000	0.0819	NaN	NaN	NaN	1476696.7108	1476697.0419	1.0000	0.0000	0.2234
43gz03	4	8	1	1	1.0000	1.0000	-1.0000	NaN	1.0613	-1.5855	14.8507	1476699.6179	1476699.9190	1.0000	0.0000	2.4094
43gz03	4	8	1	1	2.0000	1.0000	-1.0000	0.0467	NaN	NaN	NaN	1476702.9106	1476703.2380	1.0000	0.0000	0.3715
43gz03	4	9	1	1	1.0000	1.0000	-1.0000	NaN	3.7747	-6.5859	13.7687	1476705.6875	1476705.9892	0.0000	1.0000	0.4099
43gz03	4	9	1	1	2.0000	1.0000	1.0000	0.0524	NaN	NaN	NaN	1476706.9990	1476707.3295	1.0000	1.0000	0.4152
43gz03	4	10	1	1	1.0000	1.0000	1.0000	NaN	4.1430	5.8024	15.8891	1476709.9367	1476710.2380	1.0000	1.0000	0.5706
43gz03	4	10	1	1	2.0000	1.0000	1.0000	0.2016	NaN	NaN	NaN	1476711.3911	1476711.7189	1.0000	1.0000	0.5856
43gz03	4	11	1	1	1.0000	1.0000	-1.0000	NaN	4.8433	-4.8710	13.8110	1476714.8137	1476715.1147	0.0000	1.0000	1.1179
43gz03	4	11	1	1	2.0000	1.0000	1.0000	0.0846	NaN	NaN	NaN	1476716.8144	1476717.1446	1.0000	1.0000	0.5766
43gz03	4	12	1	1	1.0000	1.0000	1.0000	NaN	0.1670	0.6009	14.8172	1476719.6732	1476719.9744	1.0000	1.0000	1.4895
43gz03	4	12	1	1	2.0000	1.0000	1.0000	0.0939	NaN	NaN	NaN	1476722.0233	1476722.3504	1.0000	1.0000	0.5607
43gz03	4	13	1	1	1.0000	1.0000	-1.0000	NaN	1.3187	-2.4152	16.1571	1476725.0575	1476725.3587	0.0000	1.0000	0.5363
43gz03	4	13	1	1	2.0000	1.0000	1.0000	0.2172	NaN	NaN	NaN	1476726.4789	1476726.8061	1.0000	1.0000	0.3068
43gz03	4	14	1	1	1.0000	1.0000	-1.0000	NaN	4.2499	-2.9246	16.3278	1476729.6893	1476729.9903	0.0000	1.0000	0.2676
43gz03	4	14	1	1	2.0000	1.0000	1.0000	0.0904	NaN	NaN	NaN	1476730.8079	1476731.1360	1.0000	1.0000	0.2812
43gz03	4	15	1	1	1.0000	1.0000	1.0000	NaN	3.7390	3.3776	15.3022	1476733.3350	1476733.6364	1.0000	1.0000	0.3404
43gz03	4	15	1	1	2.0000	1.0000	1.0000	0.1268	NaN	NaN	NaN	1476734.4947	1476734.8238	1.0000	1.0000	0.2726
43gz03	4	16	1	1	1.0000	1.0000	1.0000	NaN	1.4765	0.9240	16.4577	1476737.2338	1476737.5348	0.0000	0.0000	0.5762
43gz03	4	16	1	1	2.0000	1.0000	-1.0000	0.2305	NaN	NaN	NaN	1476738.7026	1476739.0314	0.0000	1.0000	0.5947
43gz03	4	17	1	1	1.0000	1.0000	-1.0000	NaN	2.4527	-1.6456	12.8410	1476741.6829	1476741.9840	0.0000	1.0000	0.2726
43gz03	4	17	1	1	2.0000	1.0000	1.0000	0.1582	NaN	NaN	NaN	1476742.8154	1476743.1436	1.0000	1.0000	0.2733
43gz03	4	18	1	1	1.0000	1.0000	1.0000	NaN	1.6554	2.1479	15.2788	1476745.4124	1476745.7134	1.0000	1.0000	0.3656
43gz03	4	18	1	1	2.0000	1.0000	1.0000	0.2308	NaN	NaN	NaN	1476746.5908	1476746.9184	1.0000	1.0000	0.3607
43gz03	4	19	1	1	1.0000	1.0000	1.0000	NaN	3.8456	2.5896	14.2327	1476749.5255	1476749.8269	1.0000	1.0000	0.3653
43gz03	4	19	1	1	2.0000	1.0000	1.0000	0.0582	NaN	NaN	NaN	1476750.7434	1476751.0719	1.0000	1.0000	0.3351
43gz03	4	20	1	1	1.0000	1.0000	-1.0000	NaN	1.2521	-2.5578	16.5508	1476753.6866	1476753.9877	0.0000	1.0000	0.4857
43gz03	4	20	1	1	2.0000	1.0000	1.0000	0.0082	NaN	NaN	NaN	1476755.0304	1476755.3593	1.0000	1.0000	0.2558
43gz03	4	21	1	1	1.0000	1.0000	-1.0000	NaN	5.4518	-5.9780	15.3960	1476758.0917	1476758.3927	0.0000	1.0000	1.4384
43gz03	4	21	1	1	2.0000	1.0000	1.0000	0.0520	NaN	NaN	NaN	1476760.4065	1476760.7333	1.0000	1.0000	0.2920
43gz03	4	22	1	1	1.0000	1.0000	1.0000	NaN	4.9729	4.2962	16.7151	1476763.1096	1476763.4106	1.0000	1.0000	0.5003
43gz03	4	22	1	1	2.0000	1.0000	1.0000	0.0213	NaN	NaN	NaN	1476764.4709	1476764.7995	1.0000	1.0000	0.2967
43gz03	4	23	1	1	1.0000	1.0000	-1.0000	NaN	0.5264	-0.6973	15.1012	1476767.5920	1476767.8930	1.0000	0.0000	0.4606
43gz03	4	23	1	1	2.0000	1.0000	-1.0000	0.1110	NaN	NaN	NaN	1476768.8638	1476769.1914	1.0000	0.0000	0.2584
43gz03	4	24	1	1	1.0000	1.0000	1.0000	NaN	3.3665	1.8863	14.7752	1476771.6439	1476771.9449	1.0000	1.0000	0.5262
43gz03	4	24	1	1	2.0000	1.0000	1.0000	0.1429	NaN	NaN	NaN	1476773.0228	1476773.3504	1.0000	1.0000	0.3620
43gz03	4	25	1	1	1.0000	1.0000	1.0000	NaN	3.9867	3.3157	14.7783	1476776.0494	1476776.3507	1.0000	1.0000	0.2724
43gz03	4	25	1	1	2.0000	1.0000	1.0000	0.2252	NaN	NaN	NaN	1476777.1264	1476777.4541	1.0000	1.0000	0.2838
43gz03	4	26	1	1	1.0000	1.0000	1.0000	NaN	5.2523	3.8189	14.4913	1476779.7653	1476780.0664	1.0000	1.0000	0.2708
43gz03	4	26	1	1	2.0000	1.0000	1.0000	0.2202	NaN	NaN	NaN	1476780.8232	1476781.1515	1.0000	1.0000	0.1756
43gz03	4	27	1	1	1.0000	1.0000	-1.0000	NaN	1.8805	-3.2342	14.6161	1476783.7821	1476784.0831	1.0000	0.0000	0.5966
43gz03	4	27	1	1	2.0000	1.0000	-1.0000	0.0040	NaN	NaN	NaN	1476785.2225	1476785.5516	1.0000	0.0000	0.3456
43gz03	4	28	1	1	1.0000	1.0000	-1.0000	NaN	2.8784	-2.7539	13.9546	1476787.8812	1476788.1822	0.0000	1.0000	0.2890
43gz03	4	28	1	1	2.0000	1.0000	1.0000	0.1087	NaN	NaN	NaN	1476789.0633	1476789.3908	1.0000	1.0000	0.3063
43gz03	4	29	1	1	1.0000	1.0000	1.0000	NaN	2.2398	0.3989	14.5802	1476791.5822	1476791.8834	1.0000	1.0000	0.3078
43gz03	4	29	1	1	2.0000	1.0000	1.0000	0.1689	NaN	NaN	NaN	1476792.6948	1476793.0230	1.0000	1.0000	0.4982
43gz03	4	30	1	1	1.0000	1.0000	-1.0000	NaN	2.9283	-2.5535	14.4272	1476795.4079	1476795.7089	1.0000	0.0000	0.4524
43gz03	4	30	1	1	2.0000	1.0000	-1.0000	0.0874	NaN	NaN	NaN	1476796.7195	1476797.0473	1.0000	0.0000	0.3935
43gz03	4	31	1	1	1.0000	1.0000	1.0000	NaN	5.5123	4.5033	14.4680	1476799.3344	1476799.6354	1.0000	1.0000	0.2696
43gz03	4	31	1	1	2.0000	1.0000	1.0000	0.0819	NaN	NaN	NaN	1476800.4713	1476800.7982	1.0000	1.0000	0.9153
43gz03	4	32	1	1	1.0000	1.0000	1.0000	NaN	0.7138	2.9027	15.3235	1476804.2000	1476804.5011	1.0000	1.0000	0.2668
43gz03	4	32	1	1	2.0000	1.0000	1.0000	0.2386	NaN	NaN	NaN	1476805.3829	1476805.7118	1.0000	1.0000	0.7203
43gz03	4	33	1	1	1.0000	1.0000	1.0000	NaN	0.0171	0.6589	15.4059	1476808.7177	1476809.0196	0.0000	0.0000	0.6858
43gz03	4	33	1	1	2.0000	1.0000	-1.0000	0.0364	NaN	NaN	NaN	1476810.3028	1476810.6310	1.0000	0.0000	0.3519
43gz03	4	34	1	1	1.0000	1.0000	1.0000	NaN	0.9932	1.4372	15.1477	1476813.0805	1476813.3815	1.0000	1.0000	0.5536
43gz03	4	34	1	1	2.0000	1.0000	1.0000	0.1664	NaN	NaN	NaN	1476814.5026	1476814.8327	1.0000	1.0000	0.4244
43gz03	4	35	1	1	1.0000	1.0000	-1.0000	NaN	4.0172	-3.8903	15.3661	1476817.3415	1476817.6427	1.0000	0.0000	2.9162
43gz03	4	35	1	1	2.0000	1.0000	-1.0000	0.0234	NaN	NaN	NaN	1476821.0393	1476821.3673	0.0000	1.0000	0.7053
43gz03	4	36	1	1	1.0000	1.0000	-1.0000	NaN	0.0081	-0.0744	15.6498	1476824.3007	1476824.6018	0.0000	1.0000	1.3675
43gz03	4	36	1	1	2.0000	1.0000	1.0000	0.1887	NaN	NaN	NaN	1476826.5436	1476826.8721	1.0000	1.0000	0.2485
43gz03	4	37	1	1	1.0000	1.0000	-1.0000	NaN	5.6969	-4.0025	15.6844	1476829.3394	1476829.6405	0.0000	1.0000	0.4250
43gz03	4	37	1	1	2.0000	1.0000	1.0000	0.1679	NaN	NaN	NaN	1476830.6553	1476830.9839	1.0000	1.0000	0.2649
43gz03	4	38	1	1	1.0000	1.0000	-1.0000	NaN	4.1538	-3.0495	15.3292	1476833.4541	1476833.7554	0.0000	1.0000	1.2528
43gz03	4	38	1	1	2.0000	1.0000	1.0000	0.1219	NaN	NaN	NaN	1476835.5587	1476835.8867	0.0000	0.0000	0.3626
43gz03	4	39	1	1	1.0000	1.0000	-1.0000	NaN	4.5748	-5.4868	14.4903	1476838.4994	1476838.8007	0.0000	1.0000	0.3431
43gz03	4	39	1	1	2.0000	1.0000	1.0000	0.0245	NaN	NaN	NaN	1476839.7026	1476840.0307	1.0000	1.0000	0.2991
43gz03	4	40	1	1	1.0000	1.0000	1.0000	NaN	1.0033	1.6206	15.2111	1476842.7716	1476843.0728	0.0000	0.0000	0.7918
43gz03	4	40	1	1	2.0000	1.0000	-1.0000	0.0655	NaN	NaN	NaN	1476844.3911	1476844.7192	1.0000	0.0000	0.3292
43gz03	4	41	1	1	1.0000	1.0000	-1.0000	NaN	0.3042	-1.1413	14.7834	1476847.0910	1476847.3922	0.0000	1.0000	0.8329
43gz03	4	41	1	1	2.0000	1.0000	1.0000	0.1954	NaN	NaN	NaN	1476848.8077	1476849.1353	1.0000	1.0000	0.2324
43gz03	4	42	1	1	1.0000	1.0000	1.0000	NaN	4.9321	3.6390	14.4187	1476851.5206	1476851.8217	1.0000	1.0000	0.3881
43gz03	4	42	1	1	2.0000	1.0000	1.0000	0.0329	NaN	NaN	NaN	1476852.7346	1476853.0639	1.0000	1.0000	0.5777
43gz03	4	43	1	1	1.0000	1.0000	-1.0000	NaN	3.8492	-5.1851	15.2735	1476855.6283	1476855.9293	0.0000	1.0000	0.3738
43gz03	4	43	1	1	2.0000	1.0000	1.0000	0.1267	NaN	NaN	NaN	1476856.8794	1476857.2080	1.0000	1.0000	0.2791
43gz03	4	44	1	1	1.0000	1.0000	1.0000	NaN	2.8669	4.6718	15.4744	1476860.1484	1476860.4494	1.0000	1.0000	0.2958
43gz03	4	44	1	1	2.0000	1.0000	1.0000	0.1549	NaN	NaN	NaN	1476861.3266	1476861.6532	1.0000	1.0000	0.3157
43gz03	4	45	1	1	1.0000	1.0000	-1.0000	NaN	2.2488	-1.0146	14.8136	1476863.9620	1476864.2630	1.0000	0.0000	0.8651
43gz03	4	45	1	1	2.0000	1.0000	-1.0000	0.2214	NaN	NaN	NaN	1476865.6867	1476866.0145	0.0000	1.0000	0.9952
43gz03	4	46	1	1	1.0000	1.0000	-1.0000	NaN	0.0027	-0.7793	15.1788	1476869.4450	1476869.7460	0.0000	1.0000	0.2785
43gz03	4	46	1	1	2.0000	1.0000	1.0000	0.0946	NaN	NaN	NaN	1476870.5988	1476870.9273	1.0000	1.0000	0.2500
43gz03	4	47	1	1	1.0000	1.0000	1.0000	NaN	5.0611	6.2712	14.5350	1476873.8358	1476874.1368	1.0000	1.0000	0.2640
43gz03	4	47	1	1	2.0000	1.0000	1.0000	0.1517	NaN	NaN	NaN	1476875.0151	1476875.3451	1.0000	1.0000	0.3758
43gz03	4	48	1	1	1.0000	1.0000	1.0000	NaN	0.1414	1.1765	13.9088	1476877.8156	1476878.1166	1.0000	1.0000	1.0363
43gz03	4	48	1	1	2.0000	1.0000	1.0000	0.1584	NaN	NaN	NaN	1476879.7032	1476880.0299	1.0000	1.0000	0.3051
43gz03	4	49	1	1	1.0000	1.0000	-1.0000	NaN	3.0972	-3.0616	15.3635	1476882.6313	1476882.9323	1.0000	0.0000	1.5948
43gz03	4	49	1	1	2.0000	1.0000	-1.0000	0.2241	NaN	NaN	NaN	1476885.0868	1476885.4139	0.0000	1.0000	0.2436
43gz03	4	50	1	1	1.0000	1.0000	-1.0000	NaN	5.8839	-3.5530	15.5176	1476887.4939	1476887.7950	1.0000	0.0000	0.5668
43gz03	4	50	1	1	2.0000	1.0000	-1.0000	0.0799	NaN	NaN	NaN	1476888.9032	1476889.2318	1.0000	0.0000	0.6482
43gz03	5	1	1	1	1.0000	1.0000	1.0000	NaN	6.3195	5.7570	14.5765	1476908.9354	1476909.2365	1.0000	1.0000	0.5492
43gz03	5	1	1	1	2.0000	1.0000	1.0000	0.0927	NaN	NaN	NaN	1476910.3274	1476910.6541	1.0000	1.0000	0.1387
43gz03	5	2	1	1	1.0000	1.0000	1.0000	NaN	1.4905	2.0571	13.3203	1476912.8705	1476913.1716	1.0000	1.0000	1.4115
43gz03	5	2	1	1	2.0000	1.0000	1.0000	0.2044	NaN	NaN	NaN	1476915.1260	1476915.4537	1.0000	1.0000	0.2110
43gz03	5	3	1	1	1.0000	1.0000	1.0000	NaN	3.9151	2.7924	14.7809	1476918.0684	1476918.3697	1.0000	1.0000	0.7835
43gz03	5	3	1	1	2.0000	1.0000	1.0000	0.0520	NaN	NaN	NaN	1476919.6874	1476920.0152	0.0000	0.0000	0.2895
43gz03	5	4	1	1	1.0000	1.0000	1.0000	NaN	5.9642	5.0465	14.5657	1476922.3390	1476922.6401	1.0000	1.0000	0.2973
43gz03	5	4	1	1	2.0000	1.0000	1.0000	0.0227	NaN	NaN	NaN	1476923.4785	1476923.8062	1.0000	1.0000	0.1784
43gz03	5	5	1	1	1.0000	1.0000	-1.0000	NaN	5.5013	-5.7901	15.2926	1476926.0622	1476926.3635	0.0000	1.0000	0.2916
43gz03	5	5	1	1	2.0000	1.0000	1.0000	0.1455	NaN	NaN	NaN	1476927.2229	1476927.5502	1.0000	1.0000	0.2749
43gz03	5	6	1	1	1.0000	1.0000	-1.0000	NaN	2.4738	-2.7159	13.4185	1476929.8024	1476930.1034	1.0000	0.0000	1.9756
43gz03	5	6	1	1	2.0000	1.0000	-1.0000	0.2074	NaN	NaN	NaN	1476932.6071	1476932.9351	0.0000	1.0000	0.3360
43gz03	5	7	1	1	1.0000	1.0000	1.0000	NaN	2.9907	4.0773	13.0872	1476935.9643	1476936.2655	0.0000	0.0000	0.5669
43gz03	5	7	1	1	2.0000	1.0000	-1.0000	0.1609	NaN	NaN	NaN	1476937.3988	1476937.7254	0.0000	1.0000	0.4601
43gz03	5	8	1	1	1.0000	1.0000	-1.0000	NaN	2.6848	-2.6630	14.7866	1476940.3043	1476940.6057	0.0000	1.0000	0.3214
43gz03	5	8	1	1	2.0000	1.0000	1.0000	0.0602	NaN	NaN	NaN	1476941.4631	1476941.7893	1.0000	1.0000	0.2751
43gz03	5	9	1	1	1.0000	1.0000	1.0000	NaN	4.1657	4.0773	14.2733	1476944.0084	1476944.3095	1.0000	1.0000	0.6035
43gz03	5	9	1	1	2.0000	1.0000	1.0000	0.0973	NaN	NaN	NaN	1476945.4549	1476945.7828	1.0000	1.0000	0.2883
43gz03	5	10	1	1	1.0000	1.0000	-1.0000	NaN	2.0061	-1.9503	15.5560	1476948.6999	1476949.0010	0.0000	1.0000	0.5436
43gz03	5	10	1	1	2.0000	1.0000	1.0000	0.2068	NaN	NaN	NaN	1476950.1029	1476950.4310	1.0000	1.0000	0.3056
43gz03	5	11	1	1	1.0000	1.0000	1.0000	NaN	4.5698	3.3855	14.4073	1476952.7149	1476953.0159	0.0000	0.0000	0.6252
43gz03	5	11	1	1	2.0000	1.0000	-1.0000	0.1955	NaN	NaN	NaN	1476954.1836	1476954.5110	0.0000	1.0000	0.3628
43gz03	5	12	1	1	1.0000	1.0000	-1.0000	NaN	3.5060	-3.2251	14.4419	1476957.2351	1476957.5365	0.0000	1.0000	0.3747
43gz03	5	12	1	1	2.0000	1.0000	1.0000	0.1739	NaN	NaN	NaN	1476958.4626	1476958.7908	1.0000	1.0000	0.1868
43gz03	5	13	1	1	1.0000	1.0000	1.0000	NaN	1.5302	0.5597	16.5034	1476961.5039	1476961.8049	0.0000	0.0000	0.4423
43gz03	5	13	1	1	2.0000	1.0000	-1.0000	0.1217	NaN	NaN	NaN	1476962.8068	1476963.1350	0.0000	1.0000	0.3041
43gz03	5	14	1	1	1.0000	1.0000	1.0000	NaN	1.9663	1.6513	15.5860	1476965.3280	1476965.6292	0.0000	0.0000	1.0999
43gz03	5	14	1	1	2.0000	1.0000	-1.0000	0.1049	NaN	NaN	NaN	1476967.2797	1476967.6073	0.0000	1.0000	0.3999
43gz03	5	15	1	1	1.0000	1.0000	-1.0000	NaN	0.7026	-0.7760	14.4240	1476970.2700	1476970.5711	0.0000	1.0000	0.5664
43gz03	5	15	1	1	2.0000	1.0000	1.0000	0.0556	NaN	NaN	NaN	1476971.6956	1476972.0225	1.0000	1.0000	0.4507
43gz03	5	16	1	1	1.0000	1.0000	-1.0000	NaN	3.6525	-3.6449	14.8733	1476974.8336	1476975.1348	0.0000	1.0000	0.4004
43gz03	5	16	1	1	2.0000	1.0000	1.0000	0.2185	NaN	NaN	NaN	1476976.0960	1476976.4241	1.0000	1.0000	0.3589
43gz03	5	17	1	1	1.0000	1.0000	1.0000	NaN	3.8981	3.7296	14.7018	1476979.0698	1476979.3708	1.0000	1.0000	0.7185
43gz03	5	17	1	1	2.0000	1.0000	1.0000	0.2206	NaN	NaN	NaN	1476980.6474	1476980.9757	1.0000	1.0000	0.2889
43gz03	5	18	1	1	1.0000	1.0000	1.0000	NaN	4.1177	6.6828	14.5243	1476983.6513	1476983.9525	1.0000	1.0000	0.2721
43gz03	5	18	1	1	2.0000	1.0000	1.0000	0.2117	NaN	NaN	NaN	1476984.7669	1476985.0954	1.0000	1.0000	0.6558
43gz03	5	19	1	1	1.0000	1.0000	1.0000	NaN	5.3685	4.7471	15.6240	1476987.6402	1476987.9412	1.0000	1.0000	0.3165
43gz03	5	19	1	1	2.0000	1.0000	1.0000	0.0554	NaN	NaN	NaN	1476988.7747	1476989.1047	0.0000	0.0000	0.5665
43gz03	5	20	1	1	1.0000	1.0000	-1.0000	NaN	2.3074	-2.3978	16.9001	1476991.8343	1476992.1356	0.0000	1.0000	0.5364
43gz03	5	20	1	1	2.0000	1.0000	1.0000	0.0765	NaN	NaN	NaN	1476993.2326	1476993.5609	1.0000	1.0000	0.3982
43gz03	5	21	1	1	1.0000	1.0000	-1.0000	NaN	2.1854	-1.3004	14.8270	1476996.1628	1476996.4638	0.0000	1.0000	0.3848
43gz03	5	21	1	1	2.0000	1.0000	1.0000	0.1167	NaN	NaN	NaN	1476997.4068	1476997.7346	0.0000	0.0000	1.2416
43gz03	5	22	1	1	1.0000	1.0000	-1.0000	NaN	3.8218	-4.8261	14.5359	1477001.2644	1477001.5654	0.0000	1.0000	0.2258
43gz03	5	22	1	1	2.0000	1.0000	1.0000	0.0299	NaN	NaN	NaN	1477002.3351	1477002.6629	1.0000	1.0000	0.3626
43gz03	5	23	1	1	1.0000	1.0000	1.0000	NaN	5.4998	3.9496	14.6051	1477005.5591	1477005.8602	1.0000	1.0000	1.1470
43gz03	5	23	1	1	2.0000	1.0000	1.0000	0.2388	NaN	NaN	NaN	1477007.5513	1477007.8794	1.0000	1.0000	0.2877
43gz03	5	24	1	1	1.0000	1.0000	1.0000	NaN	2.7176	3.3312	15.6689	1477010.3282	1477010.6291	1.0000	1.0000	0.4978
43gz03	5	24	1	1	2.0000	1.0000	1.0000	0.1481	NaN	NaN	NaN	1477011.7033	1477012.0311	1.0000	1.0000	0.3310
43gz03	5	25	1	1	1.0000	1.0000	1.0000	NaN	0.1056	1.4546	15.2936	1477014.5996	1477014.9008	1.0000	1.0000	0.9568
43gz03	5	25	1	1	2.0000	1.0000	1.0000	0.0638	NaN	NaN	NaN	1477016.4073	1477016.7366	1.0000	1.0000	0.7918
43gz03	5	26	1	1	1.0000	1.0000	-1.0000	NaN	1.7732	-1.9815	15.1025	1477019.8734	1477020.1744	1.0000	0.0000	0.6829
43gz03	5	26	1	1	2.0000	1.0000	-1.0000	0.2238	NaN	NaN	NaN	1477021.4385	1477021.7660	1.0000	0.0000	0.3716
43gz03	5	27	1	1	1.0000	1.0000	1.0000	NaN	1.7703	0.9776	15.3770	1477024.3958	1477024.6968	1.0000	1.0000	0.3840
43gz03	5	27	1	1	2.0000	1.0000	1.0000	0.1966	NaN	NaN	NaN	1477025.6551	1477025.9817	1.0000	1.0000	0.3718
43gz03	5	28	1	1	1.0000	1.0000	1.0000	NaN	2.7728	3.6659	14.9019	1477028.7467	1477029.0477	1.0000	1.0000	0.2963
43gz03	5	28	1	1	2.0000	1.0000	1.0000	0.0875	NaN	NaN	NaN	1477029.8788	1477030.2080	0.0000	0.0000	1.4792
43gz03	5	29	1	1	1.0000	1.0000	1.0000	NaN	0.5571	2.2221	13.7477	1477033.5731	1477033.8741	1.0000	1.0000	0.4851
43gz03	5	29	1	1	2.0000	1.0000	1.0000	0.0919	NaN	NaN	NaN	1477034.9270	1477035.2550	1.0000	1.0000	0.3708
43gz03	5	30	1	1	1.0000	1.0000	1.0000	NaN	1.8271	1.7432	13.8032	1477037.9215	1477038.2225	1.0000	1.0000	1.1286
43gz03	5	30	1	1	2.0000	1.0000	1.0000	0.1418	NaN	NaN	NaN	1477039.8710	1477040.1981	1.0000	1.0000	0.2420
43gz03	5	31	1	1	1.0000	1.0000	1.0000	NaN	4.7702	5.0963	15.0167	1477042.6858	1477042.9868	1.0000	1.0000	0.2842
43gz03	5	31	1	1	2.0000	1.0000	1.0000	0.1463	NaN	NaN	NaN	1477043.8070	1477044.1353	1.0000	1.0000	0.1859
43gz03	5	32	1	1	1.0000	1.0000	1.0000	NaN	4.7444	6.0129	15.2107	1477046.4062	1477046.7073	1.0000	1.0000	0.2539
43gz03	5	32	1	1	2.0000	1.0000	1.0000	0.1582	NaN	NaN	NaN	1477047.5111	1477047.8381	1.0000	1.0000	0.1538
43gz03	5	33	1	1	1.0000	1.0000	-1.0000	NaN	5.7528	-5.6680	14.0890	1477050.2118	1477050.5129	0.0000	1.0000	0.2547
43gz03	5	33	1	1	2.0000	1.0000	1.0000	0.0328	NaN	NaN	NaN	1477051.3186	1477051.6481	1.0000	1.0000	0.0010
43gz03	5	34	1	1	1.0000	1.0000	-1.0000	NaN	2.2305	-1.9127	15.5130	1477053.8016	1477054.1029	1.0000	0.0000	1.1203
43gz03	5	34	1	1	2.0000	1.0000	-1.0000	0.0866	NaN	NaN	NaN	1477055.7429	1477056.0696	0.0000	1.0000	0.7856
43gz03	5	35	1	1	1.0000	1.0000	-1.0000	NaN	3.7778	-4.3392	14.9305	1477059.3659	1477059.6668	0.0000	1.0000	0.2706
43gz03	5	35	1	1	2.0000	1.0000	1.0000	0.2300	NaN	NaN	NaN	1477060.5349	1477060.8626	1.0000	1.0000	0.2886
43gz03	5	36	1	1	1.0000	1.0000	1.0000	NaN	2.2105	2.2513	15.7773	1477063.2722	1477063.5733	1.0000	1.0000	0.5222
43gz03	5	36	1	1	2.0000	1.0000	1.0000	0.1803	NaN	NaN	NaN	1477064.6475	1477064.9748	1.0000	1.0000	0.3220
43gz03	5	37	1	1	1.0000	1.0000	-1.0000	NaN	6.0709	-7.5917	15.5404	1477067.6090	1477067.9100	0.0000	1.0000	0.2915
43gz03	5	37	1	1	2.0000	1.0000	1.0000	0.0509	NaN	NaN	NaN	1477068.7902	1477069.1186	1.0000	1.0000	0.2983
43gz03	5	38	1	1	1.0000	1.0000	1.0000	NaN	2.2829	2.7091	14.1119	1477071.8282	1477072.1292	1.0000	1.0000	0.6004
43gz03	5	38	1	1	2.0000	1.0000	1.0000	0.0975	NaN	NaN	NaN	1477073.2788	1477073.6073	1.0000	1.0000	0.2806
43gz03	5	39	1	1	1.0000	1.0000	1.0000	NaN	5.2252	6.5784	15.0428	1477076.0488	1477076.3498	1.0000	1.0000	0.3954
43gz03	5	39	1	1	2.0000	1.0000	1.0000	0.2018	NaN	NaN	NaN	1477077.2711	1477077.5993	1.0000	1.0000	0.3061
43gz03	5	40	1	1	1.0000	1.0000	-1.0000	NaN	4.1878	-4.8167	14.4210	1477080.3587	1477080.6598	0.0000	1.0000	0.2673
43gz03	5	40	1	1	2.0000	1.0000	1.0000	0.0473	NaN	NaN	NaN	1477081.5032	1477081.8305	0.0000	0.0000	0.5452
43gz03	5	41	1	1	1.0000	1.0000	1.0000	NaN	6.4196	7.4298	14.9201	1477084.7422	1477085.0431	1.0000	1.0000	0.2384
43gz03	5	41	1	1	2.0000	1.0000	1.0000	0.1986	NaN	NaN	NaN	1477085.7749	1477086.1024	1.0000	1.0000	0.1608
43gz03	5	42	1	1	1.0000	1.0000	1.0000	NaN	2.5971	1.5244	15.2837	1477088.8921	1477089.1933	1.0000	1.0000	0.4304
43gz03	5	42	1	1	2.0000	1.0000	1.0000	0.1254	NaN	NaN	NaN	1477090.2157	1477090.5421	1.0000	1.0000	0.3714
43gz03	5	43	1	1	1.0000	1.0000	1.0000	NaN	4.9262	4.3595	13.1907	1477093.4502	1477093.7513	1.0000	1.0000	0.2655
43gz03	5	43	1	1	2.0000	1.0000	1.0000	0.1904	NaN	NaN	NaN	1477094.5427	1477094.8690	1.0000	1.0000	0.2024
43gz03	5	44	1	1	1.0000	1.0000	1.0000	NaN	3.4568	3.7847	14.3614	1477097.3660	1477097.6671	1.0000	1.0000	0.1961
43gz03	5	44	1	1	2.0000	1.0000	1.0000	0.2015	NaN	NaN	NaN	1477098.3987	1477098.7280	1.0000	1.0000	0.2578
43gz03	5	45	1	1	1.0000	1.0000	-1.0000	NaN	1.5411	-0.5174	13.4821	1477101.0316	1477101.3326	1.0000	0.0000	0.6426
43gz03	5	45	1	1	2.0000	1.0000	-1.0000	0.1047	NaN	NaN	NaN	1477102.5030	1477102.8323	1.0000	0.0000	2.4403
43gz03	5	46	1	1	1.0000	1.0000	-1.0000	NaN	5.5988	-4.8828	14.6055	1477107.8447	1477108.1457	0.0000	1.0000	0.3654
43gz03	5	46	1	1	2.0000	1.0000	1.0000	0.2376	NaN	NaN	NaN	1477109.1189	1477109.4458	1.0000	1.0000	0.2501
43gz03	5	47	1	1	1.0000	1.0000	-1.0000	NaN	3.3301	-2.6576	15.3903	1477111.8417	1477112.1427	0.0000	1.0000	0.4974
43gz03	5	47	1	1	2.0000	1.0000	1.0000	0.1923	NaN	NaN	NaN	1477113.2631	1477113.5901	1.0000	1.0000	0.2106
43gz03	5	48	1	1	1.0000	1.0000	1.0000	NaN	5.6013	8.2432	14.8253	1477116.0955	1477116.3964	1.0000	1.0000	0.2765
43gz03	5	48	1	1	2.0000	1.0000	1.0000	0.1901	NaN	NaN	NaN	1477117.1990	1477117.5259	1.0000	1.0000	0.2749
43gz03	5	49	1	1	1.0000	1.0000	-1.0000	NaN	3.9511	-3.4663	13.7962	1477120.1376	1477120.4394	0.0000	1.0000	0.2820
43gz03	5	49	1	1	2.0000	1.0000	1.0000	0.1858	NaN	NaN	NaN	1477121.2471	1477121.5743	1.0000	1.0000	0.2980
43gz03	5	50	1	1	1.0000	1.0000	-1.0000	NaN	5.6697	-6.7863	14.8830	1477123.9855	1477124.2869	0.0000	1.0000	0.2920
43gz03	5	50	1	1	2.0000	1.0000	1.0000	0.0611	NaN	NaN	NaN	1477125.1271	1477125.4554	1.0000	1.0000	0.2340
43gz03	6	1	1	1	1.0000	1.0000	1.0000	NaN	1.5329	0.8199	14.1400	1477157.4440	1477157.7451	1.0000	1.0000	0.9114
43gz03	6	1	1	1	2.0000	1.0000	1.0000	0.0936	NaN	NaN	NaN	1477159.2157	1477159.5427	1.0000	1.0000	0.2112
43gz03	6	2	1	1	1.0000	1.0000	1.0000	NaN	0.0772	1.4863	13.9135	1477162.1725	1477162.4737	0.0000	0.0000	0.3974
43gz03	6	2	1	1	2.0000	1.0000	-1.0000	0.1280	NaN	NaN	NaN	1477163.4947	1477163.8225	0.0000	1.0000	0.3687
43gz03	6	3	1	1	1.0000	1.0000	-1.0000	NaN	2.7627	-3.3742	14.5907	1477166.0281	1477166.3291	0.0000	1.0000	0.5983
43gz03	6	3	1	1	2.0000	1.0000	1.0000	0.0164	NaN	NaN	NaN	1477167.5184	1477167.8449	1.0000	1.0000	0.2123
43gz03	6	4	1	1	1.0000	1.0000	1.0000	NaN	1.6322	1.5989	16.1894	1477170.1605	1477170.4617	1.0000	1.0000	0.5375
43gz03	6	4	1	1	2.0000	1.0000	1.0000	0.0779	NaN	NaN	NaN	1477171.5666	1477171.8943	1.0000	1.0000	0.3543
43gz03	6	5	1	1	1.0000	1.0000	1.0000	NaN	4.9335	4.9121	15.8010	1477174.5271	1477174.8288	1.0000	1.0000	0.3076
43gz03	6	5	1	1	2.0000	1.0000	1.0000	0.1556	NaN	NaN	NaN	1477175.6861	1477176.0148	1.0000	1.0000	0.2187
43gz03	6	6	1	1	1.0000	1.0000	1.0000	NaN	1.0213	0.1134	15.3539	1477178.4189	1477178.7201	0.0000	0.0000	0.4406
43gz03	6	6	1	1	2.0000	1.0000	-1.0000	0.0462	NaN	NaN	NaN	1477179.6950	1477180.0227	0.0000	1.0000	0.2830
43gz03	6	7	1	1	1.0000	1.0000	1.0000	NaN	3.9890	2.6511	15.3304	1477182.3169	1477182.6180	0.0000	0.0000	0.8873
43gz03	6	7	1	1	2.0000	1.0000	-1.0000	0.0366	NaN	NaN	NaN	1477184.0544	1477184.3827	0.0000	1.0000	0.4513
43gz03	6	8	1	1	1.0000	1.0000	-1.0000	NaN	0.8766	-0.9386	14.9037	1477186.7430	1477187.0441	1.0000	0.0000	1.4351
43gz03	6	8	1	1	2.0000	1.0000	-1.0000	0.1292	NaN	NaN	NaN	1477189.0071	1477189.3347	0.0000	1.0000	0.2189
43gz03	6	9	1	1	1.0000	1.0000	-1.0000	NaN	1.4466	-2.6881	16.1178	1477192.0726	1477192.3736	0.0000	1.0000	0.3722
43gz03	6	9	1	1	2.0000	1.0000	1.0000	0.1848	NaN	NaN	NaN	1477193.3114	1477193.6384	1.0000	1.0000	0.0968
43gz03	6	10	1	1	1.0000	1.0000	-1.0000	NaN	1.9399	-2.2245	13.7887	1477195.6077	1477195.9090	0.0000	1.0000	0.6127
43gz03	6	10	1	1	2.0000	1.0000	1.0000	0.0340	NaN	NaN	NaN	1477197.1042	1477197.4307	0.0000	0.0000	1.1622
43gz03	6	11	1	1	1.0000	1.0000	1.0000	NaN	0.6351	0.6471	16.9584	1477200.5004	1477200.8015	1.0000	1.0000	0.8241
43gz03	6	11	1	1	2.0000	1.0000	1.0000	0.1192	NaN	NaN	NaN	1477202.1268	1477202.4556	1.0000	1.0000	0.5372
43gz03	6	12	1	1	1.0000	1.0000	-1.0000	NaN	5.3939	-5.4816	13.7852	1477205.2031	1477205.5043	0.0000	1.0000	0.2408
43gz03	6	12	1	1	2.0000	1.0000	1.0000	0.0483	NaN	NaN	NaN	1477206.3032	1477206.6316	1.0000	1.0000	0.3939
43gz03	6	13	1	1	1.0000	1.0000	-1.0000	NaN	3.4215	-3.7106	14.4765	1477209.5367	1477209.8379	0.0000	1.0000	0.1960
43gz03	6	13	1	1	2.0000	1.0000	1.0000	0.0235	NaN	NaN	NaN	1477210.5828	1477210.9108	1.0000	1.0000	0.1786
43gz03	6	14	1	1	1.0000	1.0000	-1.0000	NaN	1.5440	-2.2985	14.8128	1477213.6999	1477214.0010	0.0000	1.0000	0.4382
43gz03	6	14	1	1	2.0000	1.0000	1.0000	0.1285	NaN	NaN	NaN	1477215.0308	1477215.3582	1.0000	1.0000	0.2263
43gz03	6	15	1	1	1.0000	1.0000	1.0000	NaN	2.9818	1.4505	14.6714	1477218.0098	1477218.3108	1.0000	1.0000	1.3147
43gz03	6	15	1	1	2.0000	1.0000	1.0000	0.0184	NaN	NaN	NaN	1477220.1680	1477220.4968	1.0000	1.0000	0.2007
43gz03	6	16	1	1	1.0000	1.0000	1.0000	NaN	2.9931	2.8832	15.5528	1477222.6410	1477222.9420	1.0000	1.0000	0.3298
43gz03	6	16	1	1	2.0000	1.0000	1.0000	0.1260	NaN	NaN	NaN	1477223.8248	1477224.1532	1.0000	1.0000	0.3122
43gz03	6	17	1	1	1.0000	1.0000	-1.0000	NaN	4.9891	-3.6838	15.4775	1477226.9277	1477227.2287	1.0000	0.0000	0.5154
43gz03	6	17	1	1	2.0000	1.0000	-1.0000	0.1710	NaN	NaN	NaN	1477228.2796	1477228.6097	0.0000	1.0000	0.4320
43gz03	6	18	1	1	1.0000	1.0000	1.0000	NaN	3.9875	3.2806	13.7923	1477231.3746	1477231.6756	1.0000	1.0000	0.7957
43gz03	6	18	1	1	2.0000	1.0000	1.0000	0.1425	NaN	NaN	NaN	1477233.0315	1477233.3595	1.0000	1.0000	0.0818
43gz03	6	19	1	1	1.0000	1.0000	1.0000	NaN	0.3403	0.4393	14.8297	1477235.7286	1477236.0297	1.0000	1.0000	0.2039
43gz03	6	19	1	1	2.0000	1.0000	1.0000	0.0079	NaN	NaN	NaN	1477236.7672	1477237.0946	1.0000	1.0000	0.2427
43gz03	6	20	1	1	1.0000	1.0000	1.0000	NaN	0.5384	1.2530	13.6779	1477239.8992	1477240.2007	0.0000	0.0000	0.6307
43gz03	6	20	1	1	2.0000	1.0000	-1.0000	0.1484	NaN	NaN	NaN	1477241.4065	1477241.7362	1.0000	0.0000	0.2968
43gz03	6	21	1	1	1.0000	1.0000	1.0000	NaN	4.0217	3.8245	13.4145	1477244.4025	1477244.7035	1.0000	1.0000	0.3772
43gz03	6	21	1	1	2.0000	1.0000	1.0000	0.0539	NaN	NaN	NaN	1477245.5915	1477245.9186	1.0000	1.0000	0.0487
43gz03	6	22	1	1	1.0000	1.0000	-1.0000	NaN	4.7930	-4.0729	14.5988	1477248.0150	1477248.3160	1.0000	0.0000	0.4605
43gz03	6	22	1	1	2.0000	1.0000	-1.0000	0.2160	NaN	NaN	NaN	1477249.3185	1477249.6472	1.0000	0.0000	0.3787
43gz03	6	23	1	1	1.0000	1.0000	-1.0000	NaN	0.7439	-3.4840	13.3770	1477252.4371	1477252.7385	0.0000	1.0000	0.3431
43gz03	6	23	1	1	2.0000	1.0000	1.0000	0.1282	NaN	NaN	NaN	1477253.6789	1477254.0074	1.0000	1.0000	0.2336
43gz03	6	24	1	1	1.0000	1.0000	1.0000	NaN	2.6657	3.2620	15.0783	1477256.3340	1477256.6350	0.0000	0.0000	0.4618
43gz03	6	24	1	1	2.0000	1.0000	-1.0000	0.1968	NaN	NaN	NaN	1477257.7029	1477258.0308	0.0000	1.0000	0.3307
43gz03	6	25	1	1	1.0000	1.0000	1.0000	NaN	4.6185	4.2665	15.6037	1477260.7792	1477261.0802	1.0000	1.0000	0.6092
43gz03	6	25	1	1	2.0000	1.0000	1.0000	0.0089	NaN	NaN	NaN	1477262.2231	1477262.5503	1.0000	1.0000	0.2982
43gz03	6	26	1	1	1.0000	1.0000	1.0000	NaN	0.4702	1.6569	15.9007	1477264.9598	1477265.2608	1.0000	1.0000	0.3624
43gz03	6	26	1	1	2.0000	1.0000	1.0000	0.2055	NaN	NaN	NaN	1477266.2460	1477266.5735	0.0000	0.0000	0.5233
43gz03	6	27	1	1	1.0000	1.0000	-1.0000	NaN	0.8297	-1.4596	15.6537	1477269.1116	1477269.4127	0.0000	1.0000	0.2586
43gz03	6	27	1	1	2.0000	1.0000	1.0000	0.2345	NaN	NaN	NaN	1477270.2398	1477270.5682	1.0000	1.0000	0.2480
43gz03	6	28	1	1	1.0000	1.0000	-1.0000	NaN	4.4026	-4.1518	15.8188	1477273.2838	1477273.5849	0.0000	1.0000	0.2470
43gz03	6	28	1	1	2.0000	1.0000	1.0000	0.1774	NaN	NaN	NaN	1477274.3666	1477274.6939	1.0000	1.0000	0.2436
43gz03	6	29	1	1	1.0000	1.0000	-1.0000	NaN	1.4290	-2.6982	15.8496	1477276.7796	1477277.0809	0.0000	1.0000	0.5034
43gz03	6	29	1	1	2.0000	1.0000	1.0000	0.0117	NaN	NaN	NaN	1477278.1194	1477278.4487	1.0000	1.0000	0.2402
43gz03	6	30	1	1	1.0000	1.0000	-1.0000	NaN	5.0221	-2.7978	15.2101	1477281.0344	1477281.3355	0.0000	1.0000	0.2878
43gz03	6	30	1	1	2.0000	1.0000	1.0000	0.0176	NaN	NaN	NaN	1477282.1825	1477282.5105	1.0000	1.0000	0.8430
43gz03	6	31	1	1	1.0000	1.0000	-1.0000	NaN	4.0184	-4.8492	15.4012	1477285.4657	1477285.7667	0.0000	1.0000	0.3142
43gz03	6	31	1	1	2.0000	1.0000	1.0000	0.0763	NaN	NaN	NaN	1477286.6634	1477286.9911	1.0000	1.0000	0.2094
43gz03	6	32	1	1	1.0000	1.0000	1.0000	NaN	5.2937	5.6379	14.9342	1477289.3199	1477289.6209	1.0000	1.0000	0.2663
43gz03	6	32	1	1	2.0000	1.0000	1.0000	0.1150	NaN	NaN	NaN	1477290.3908	1477290.7194	1.0000	1.0000	0.2957
43gz03	6	33	1	1	1.0000	1.0000	-1.0000	NaN	0.9493	-1.1438	15.5866	1477293.1923	1477293.4935	0.0000	1.0000	0.2496
43gz03	6	33	1	1	2.0000	1.0000	1.0000	0.2344	NaN	NaN	NaN	1477294.2710	1477294.5992	1.0000	1.0000	0.1602
43gz03	6	34	1	1	1.0000	1.0000	-1.0000	NaN	6.0324	-5.2631	15.2573	1477296.6556	1477296.9566	0.0000	1.0000	0.3003
43gz03	6	34	1	1	2.0000	1.0000	1.0000	0.0928	NaN	NaN	NaN	1477297.8389	1477298.1661	1.0000	1.0000	0.2196
43gz03	6	35	1	1	1.0000	1.0000	1.0000	NaN	3.8794	3.5801	13.4952	1477300.9274	1477301.2285	1.0000	1.0000	0.5628
43gz03	6	35	1	1	2.0000	1.0000	1.0000	0.1637	NaN	NaN	NaN	1477302.3672	1477302.6953	1.0000	1.0000	0.2103
43gz03	6	36	1	1	1.0000	1.0000	1.0000	NaN	3.7117	3.4667	14.6570	1477305.3892	1477305.6903	1.0000	1.0000	0.1970
43gz03	6	36	1	1	2.0000	1.0000	1.0000	0.1392	NaN	NaN	NaN	1477306.4315	1477306.7588	1.0000	1.0000	0.2724
43gz03	6	37	1	1	1.0000	1.0000	1.0000	NaN	2.1899	3.4930	14.2111	1477309.2623	1477309.5635	1.0000	1.0000	0.1902
43gz03	6	37	1	1	2.0000	1.0000	1.0000	0.1840	NaN	NaN	NaN	1477310.2949	1477310.6220	1.0000	1.0000	0.0836
43gz03	6	38	1	1	1.0000	1.0000	-1.0000	NaN	0.2628	-0.3765	15.6943	1477312.9652	1477313.2663	1.0000	0.0000	0.1680
43gz03	6	38	1	1	2.0000	1.0000	-1.0000	0.1584	NaN	NaN	NaN	1477313.9348	1477314.2627	1.0000	0.0000	0.2421
43gz03	6	39	1	1	1.0000	1.0000	1.0000	NaN	0.6796	1.3058	15.4908	1477317.1515	1477317.4527	0.0000	0.0000	0.3091
43gz03	6	39	1	1	2.0000	1.0000	-1.0000	0.0455	NaN	NaN	NaN	1477318.3268	1477318.6547	0.0000	1.0000	0.3231
43gz03	6	40	1	1	1.0000	1.0000	-1.0000	NaN	6.3331	-5.0747	14.5578	1477321.5780	1477321.8791	0.0000	1.0000	0.2663
43gz03	6	40	1	1	2.0000	1.0000	1.0000	0.0427	NaN	NaN	NaN	1477322.7516	1477323.0805	1.0000	1.0000	0.2233
43gz03	6	41	1	1	1.0000	1.0000	1.0000	NaN	1.9373	3.3548	14.1646	1477325.8627	1477326.1638	1.0000	1.0000	0.6355
43gz03	6	41	1	1	2.0000	1.0000	1.0000	0.1658	NaN	NaN	NaN	1477327.3434	1477327.6720	1.0000	1.0000	0.3140
43gz03	6	42	1	1	1.0000	1.0000	-1.0000	NaN	2.4407	-2.8656	14.5302	1477330.2962	1477330.5975	0.0000	1.0000	0.6522
43gz03	6	42	1	1	2.0000	1.0000	1.0000	0.0821	NaN	NaN	NaN	1477331.8312	1477332.1587	1.0000	1.0000	0.3390
43gz03	6	43	1	1	1.0000	1.0000	1.0000	NaN	3.5529	5.0461	15.6382	1477334.5108	1477334.8119	1.0000	1.0000	1.3085
43gz03	6	43	1	1	2.0000	1.0000	1.0000	0.2037	NaN	NaN	NaN	1477336.6715	1477336.9983	1.0000	1.0000	0.3472
43gz03	6	44	1	1	1.0000	1.0000	-1.0000	NaN	3.7731	-3.4077	14.4248	1477339.9638	1477340.2650	0.0000	1.0000	0.2641
43gz03	6	44	1	1	2.0000	1.0000	1.0000	0.1151	NaN	NaN	NaN	1477341.1192	1477341.4466	1.0000	1.0000	0.3384
43gz03	6	45	1	1	1.0000	1.0000	-1.0000	NaN	1.3522	-1.6301	14.6571	1477344.1276	1477344.4288	1.0000	0.0000	1.1874
43gz03	6	45	1	1	2.0000	1.0000	-1.0000	0.0076	NaN	NaN	NaN	1477346.1669	1477346.4964	0.0000	1.0000	0.4229
43gz03	6	46	1	1	1.0000	1.0000	-1.0000	NaN	1.8170	-0.5191	14.9773	1477349.3530	1477349.6541	0.0000	1.0000	0.7236
43gz03	6	46	1	1	2.0000	1.0000	1.0000	0.1047	NaN	NaN	NaN	1477350.9832	1477351.3114	1.0000	1.0000	0.2743
43gz03	6	47	1	1	1.0000	1.0000	-1.0000	NaN	5.1557	-6.1533	16.0115	1477353.9106	1477354.2118	0.0000	1.0000	0.2595
43gz03	6	47	1	1	2.0000	1.0000	1.0000	0.0491	NaN	NaN	NaN	1477355.0230	1477355.3505	1.0000	1.0000	0.2902
43gz03	6	48	1	1	1.0000	1.0000	1.0000	NaN	6.0824	7.4632	16.4259	1477358.0920	1477358.3932	1.0000	1.0000	0.2781
43gz03	6	48	1	1	2.0000	1.0000	1.0000	0.1325	NaN	NaN	NaN	1477359.1837	1477359.5117	1.0000	1.0000	0.2315
43gz03	6	49	1	1	1.0000	1.0000	1.0000	NaN	2.6132	2.7285	14.4508	1477362.0888	1477362.3904	1.0000	1.0000	0.3310
43gz03	6	49	1	1	2.0000	1.0000	1.0000	0.0759	NaN	NaN	NaN	1477363.2633	1477363.5908	1.0000	1.0000	0.8984
43gz03	6	50	1	1	1.0000	1.0000	1.0000	NaN	5.9159	5.7667	15.4873	1477366.9457	1477367.2467	1.0000	1.0000	0.2664
43gz03	6	50	1	1	2.0000	1.0000	1.0000	0.1886	NaN	NaN	NaN	1477368.0483	1477368.3776	1.0000	1.0000	0.3756
