11wh02	1	1	0	0	1.0000	0.0000	-1.0000	0.6746	NaN	NaN	NaN	18582.1264	18582.4815	0.0000	1.0000	0.1668
11wh02	1	1	0	0	2.0000	0.0000	-1.0000	NaN	5.3677	-5.8422	15.0814	18583.2061	18583.5083	0.0000	1.0000	0.1316
11wh02	1	2	0	0	1.0000	0.0000	-1.0000	0.8511	NaN	NaN	NaN	18585.8736	18586.2241	0.0000	1.0000	0.2307
11wh02	1	2	0	0	2.0000	0.0000	-1.0000	NaN	2.1762	-2.1389	15.8389	18586.9511	18587.2533	0.0000	1.0000	0.5310
11wh02	1	3	0	0	1.0000	0.0000	1.0000	0.4888	NaN	NaN	NaN	18590.2006	18590.5532	1.0000	1.0000	0.1426
11wh02	1	3	0	0	2.0000	0.0000	1.0000	NaN	6.0143	5.5368	14.7261	18591.2380	18591.5401	1.0000	1.0000	0.0992
11wh02	1	4	0	0	1.0000	0.0000	1.0000	0.1426	NaN	NaN	NaN	18593.5315	18593.8849	1.0000	1.0000	0.4750
11wh02	1	4	0	0	2.0000	0.0000	1.0000	NaN	9.4975	8.6741	14.7317	18594.8859	18595.1881	1.0000	1.0000	0.1158
11wh02	1	5	0	0	1.0000	0.0000	-1.0000	0.8431	NaN	NaN	NaN	18597.9201	18598.2709	1.0000	0.0000	0.3290
11wh02	1	5	0	0	2.0000	0.0000	1.0000	NaN	3.6415	5.2299	16.3042	18599.1418	18599.4439	1.0000	1.0000	0.1148
11wh02	1	6	0	0	1.0000	0.0000	1.0000	0.3069	NaN	NaN	NaN	18601.5794	18601.9344	1.0000	1.0000	0.3135
11wh02	1	6	0	0	2.0000	0.0000	1.0000	NaN	9.5975	9.3803	15.3003	18602.7748	18603.0770	1.0000	1.0000	0.2264
11wh02	1	7	0	0	1.0000	0.0000	1.0000	0.4713	NaN	NaN	NaN	18605.3701	18605.7206	1.0000	1.0000	0.8466
11wh02	1	7	0	0	2.0000	0.0000	-1.0000	NaN	2.9197	-1.8084	13.6121	18607.0941	18607.3963	0.0000	1.0000	0.1144
11wh02	1	8	0	0	1.0000	0.0000	-1.0000	0.4353	NaN	NaN	NaN	18609.9773	18610.3341	0.0000	1.0000	0.3609
11wh02	1	8	0	0	2.0000	0.0000	-1.0000	NaN	10.5120	-10.4465	14.5384	18611.2069	18611.5090	0.0000	1.0000	0.1617
11wh02	1	9	0	0	1.0000	0.0000	-1.0000	0.4333	NaN	NaN	NaN	18613.8641	18614.2173	1.0000	0.0000	0.3833
11wh02	1	9	0	0	2.0000	0.0000	-1.0000	NaN	9.4220	-8.8102	15.9686	18615.1261	18615.4282	0.0000	1.0000	0.1155
11wh02	1	10	0	0	1.0000	0.0000	-1.0000	0.4342	NaN	NaN	NaN	18617.4525	18617.8031	1.0000	0.0000	0.2836
11wh02	1	10	0	0	2.0000	0.0000	-1.0000	NaN	5.5071	-6.0538	14.0598	18618.6292	18618.9326	0.0000	1.0000	0.0672
11wh02	1	11	0	0	1.0000	0.0000	1.0000	0.8626	NaN	NaN	NaN	18621.4580	18621.8745	1.0000	1.0000	0.1174
11wh02	1	11	0	0	2.0000	0.0000	-1.0000	NaN	2.3240	-3.5929	15.5227	18622.5439	18622.8508	0.0000	1.0000	0.0840
11wh02	1	12	0	0	1.0000	0.0000	-1.0000	0.2668	NaN	NaN	NaN	18625.0549	18625.4881	0.0000	1.0000	0.6946
11wh02	1	12	0	0	2.0000	0.0000	1.0000	NaN	1.6309	1.3149	13.8492	18626.7216	18627.0263	1.0000	1.0000	0.2284
11wh02	1	13	0	0	1.0000	0.0000	-1.0000	0.5440	NaN	NaN	NaN	18629.6252	18630.0413	0.0000	1.0000	0.2070
11wh02	1	13	0	0	2.0000	0.0000	-1.0000	NaN	1.7006	-1.5713	14.6084	18630.8021	18631.1065	0.0000	1.0000	0.1172
11wh02	1	14	0	0	1.0000	0.0000	1.0000	0.2289	NaN	NaN	NaN	18633.4872	18633.9077	1.0000	1.0000	0.1643
11wh02	1	14	0	0	2.0000	0.0000	1.0000	NaN	3.7119	5.2644	14.5399	18634.6063	18634.9109	0.0000	0.0000	0.0558
11wh02	1	15	0	0	1.0000	0.0000	1.0000	0.5203	NaN	NaN	NaN	18637.4431	18637.8575	1.0000	1.0000	0.1172
11wh02	1	15	0	0	2.0000	0.0000	-1.0000	NaN	11.8493	-14.1465	13.9014	18638.5173	18638.8195	0.0000	1.0000	0.0844
11wh02	1	16	0	0	1.0000	0.0000	1.0000	0.0921	NaN	NaN	NaN	18641.4457	18641.7992	1.0000	1.0000	0.3519
11wh02	1	16	0	0	2.0000	0.0000	1.0000	NaN	4.1314	4.7699	14.4266	18642.6775	18642.9809	1.0000	1.0000	0.0658
11wh02	1	17	0	0	1.0000	0.0000	1.0000	0.6685	NaN	NaN	NaN	18645.0487	18645.4004	1.0000	1.0000	0.1273
11wh02	1	17	0	0	2.0000	0.0000	-1.0000	NaN	2.3596	-1.8684	14.3948	18646.0551	18646.3572	0.0000	1.0000	0.0988
11wh02	1	18	0	0	1.0000	0.0000	1.0000	0.7504	NaN	NaN	NaN	18649.0884	18649.4448	1.0000	1.0000	0.1785
11wh02	1	18	0	0	2.0000	0.0000	1.0000	NaN	0.8467	0.0417	14.0858	18650.1821	18650.4843	0.0000	0.0000	0.1475
11wh02	1	19	0	0	1.0000	0.0000	1.0000	0.6465	NaN	NaN	NaN	18652.7445	18653.0986	1.0000	1.0000	0.1401
11wh02	1	19	0	0	2.0000	0.0000	1.0000	NaN	8.0422	10.6547	15.2824	18653.7819	18654.0841	1.0000	1.0000	0.0666
11wh02	1	20	0	0	1.0000	0.0000	1.0000	0.0981	NaN	NaN	NaN	18656.4435	18656.7984	1.0000	1.0000	0.1532
11wh02	1	20	0	0	2.0000	0.0000	-1.0000	NaN	0.5567	-0.7398	14.7925	18657.4927	18657.7954	1.0000	0.0000	0.1963
11wh02	1	21	0	0	1.0000	0.0000	-1.0000	0.7846	NaN	NaN	NaN	18660.5245	18660.8815	0.0000	1.0000	0.1984
11wh02	1	21	0	0	2.0000	0.0000	-1.0000	NaN	9.0612	-8.1026	15.0376	18661.6222	18661.9244	0.0000	1.0000	0.1633
11wh02	1	22	0	0	1.0000	0.0000	1.0000	0.5388	NaN	NaN	NaN	18664.5212	18664.8775	1.0000	1.0000	0.2332
11wh02	1	22	0	0	2.0000	0.0000	1.0000	NaN	3.3401	5.3542	14.2195	18665.6547	18665.9568	1.0000	1.0000	0.0338
11wh02	1	23	0	0	1.0000	0.0000	-1.0000	0.2035	NaN	NaN	NaN	18668.3493	18668.7338	1.0000	0.0000	0.5861
11wh02	1	23	0	0	2.0000	0.0000	1.0000	NaN	0.5853	0.1577	16.6589	18669.8476	18670.1497	0.0000	0.0000	0.0969
11wh02	1	24	0	0	1.0000	0.0000	1.0000	0.0193	NaN	NaN	NaN	18672.1725	18672.5270	1.0000	1.0000	0.8237
11wh02	1	24	0	0	2.0000	0.0000	-1.0000	NaN	9.6052	-10.4117	14.8399	18673.8631	18674.1653	0.0000	1.0000	0.1619
11wh02	1	25	0	0	1.0000	0.0000	-1.0000	0.2229	NaN	NaN	NaN	18676.7191	18677.0700	0.0000	1.0000	0.5697
11wh02	1	25	0	0	2.0000	0.0000	1.0000	NaN	11.8749	11.0733	14.1916	18678.1813	18678.4834	1.0000	1.0000	0.0522
11wh02	1	26	0	0	1.0000	0.0000	1.0000	0.0711	NaN	NaN	NaN	18680.8620	18681.2152	1.0000	1.0000	0.1844
11wh02	1	26	0	0	2.0000	0.0000	1.0000	NaN	6.6766	7.1366	15.8636	18681.9420	18682.2452	1.0000	1.0000	0.1296
11wh02	1	27	0	0	1.0000	0.0000	1.0000	0.6590	NaN	NaN	NaN	18684.2507	18684.6028	1.0000	1.0000	0.1879
11wh02	1	27	0	0	2.0000	0.0000	1.0000	NaN	10.1494	10.4794	12.5649	18685.3501	18685.6523	1.0000	1.0000	0.0674
11wh02	1	28	0	0	1.0000	0.0000	-1.0000	0.8413	NaN	NaN	NaN	18687.5365	18687.8982	0.0000	1.0000	0.2364
11wh02	1	28	0	0	2.0000	0.0000	-1.0000	NaN	5.2913	-6.0223	14.2241	18688.7098	18689.0124	0.0000	1.0000	0.1953
11wh02	1	29	0	0	1.0000	0.0000	-1.0000	0.8425	NaN	NaN	NaN	18691.2900	18691.6467	0.0000	1.0000	0.5211
11wh02	1	29	0	0	2.0000	0.0000	1.0000	NaN	6.3791	4.7431	15.3292	18692.7098	18693.0122	1.0000	1.0000	0.0663
11wh02	1	30	0	0	1.0000	0.0000	-1.0000	0.2252	NaN	NaN	NaN	18695.3716	18695.7258	0.0000	1.0000	0.3932
11wh02	1	30	0	0	2.0000	0.0000	1.0000	NaN	9.9560	12.2066	14.7690	18696.6614	18696.9636	1.0000	1.0000	0.1321
11wh02	1	31	0	0	1.0000	0.0000	1.0000	0.8396	NaN	NaN	NaN	18699.1127	18699.4643	1.0000	1.0000	0.2543
11wh02	1	31	0	0	2.0000	0.0000	1.0000	NaN	2.8086	1.8063	15.7443	18700.2628	18700.5650	0.0000	0.0000	0.2262
11wh02	1	32	0	0	1.0000	0.0000	-1.0000	0.7307	NaN	NaN	NaN	18703.2043	18703.5586	0.0000	1.0000	0.3690
11wh02	1	32	0	0	2.0000	0.0000	-1.0000	NaN	5.8832	-7.3088	15.1294	18704.4702	18704.7723	0.0000	1.0000	0.1143
11wh02	1	33	0	0	1.0000	0.0000	-1.0000	0.2636	NaN	NaN	NaN	18707.0206	18707.3750	1.0000	0.0000	0.3441
11wh02	1	33	0	0	2.0000	0.0000	1.0000	NaN	1.4377	2.2975	15.3066	18708.2459	18708.5480	0.0000	0.0000	0.0677
11wh02	1	34	0	0	1.0000	0.0000	-1.0000	0.0548	NaN	NaN	NaN	18710.8625	18711.2137	0.0000	1.0000	0.4736
11wh02	1	34	0	0	2.0000	0.0000	-1.0000	NaN	8.2019	-9.7346	15.1872	18712.2623	18712.5644	0.0000	1.0000	0.1159
11wh02	1	35	0	0	1.0000	0.0000	1.0000	0.5013	NaN	NaN	NaN	18714.9214	18715.3357	1.0000	1.0000	0.1604
11wh02	1	35	0	0	2.0000	0.0000	1.0000	NaN	0.7982	0.3601	14.4897	18716.0631	18716.3668	1.0000	1.0000	0.2802
11wh02	1	36	0	0	1.0000	0.0000	-1.0000	0.0938	NaN	NaN	NaN	18719.1921	18719.6205	1.0000	0.0000	0.1461
11wh02	1	36	0	0	2.0000	0.0000	1.0000	NaN	11.6903	12.8138	15.9198	18720.3187	18720.6235	1.0000	1.0000	0.0882
11wh02	1	37	0	0	1.0000	0.0000	-1.0000	0.8572	NaN	NaN	NaN	18723.3777	18723.7786	0.0000	1.0000	0.0371
11wh02	1	37	0	0	2.0000	0.0000	1.0000	NaN	1.0224	3.2030	14.6959	18724.3738	18724.6772	1.0000	1.0000	0.1774
11wh02	1	38	0	0	1.0000	0.0000	1.0000	0.0164	NaN	NaN	NaN	18727.1970	18727.5476	1.0000	1.0000	0.2994
11wh02	1	38	0	0	2.0000	0.0000	1.0000	NaN	0.1087	0.5006	13.4631	18728.3739	18728.6770	1.0000	1.0000	0.1629
11wh02	1	39	0	0	1.0000	0.0000	-1.0000	0.8518	NaN	NaN	NaN	18731.4401	18731.7946	0.0000	1.0000	0.4211
11wh02	1	39	0	0	2.0000	0.0000	-1.0000	NaN	8.8679	-9.1710	14.2520	18732.7575	18733.0602	0.0000	1.0000	0.1475
11wh02	1	40	0	0	1.0000	0.0000	-1.0000	0.8332	NaN	NaN	NaN	18735.8264	18736.1791	0.0000	1.0000	0.2127
11wh02	1	40	0	0	2.0000	0.0000	1.0000	NaN	3.1597	4.1914	15.0763	18736.9503	18737.2525	1.0000	1.0000	0.1151
11wh02	1	41	0	0	1.0000	0.0000	1.0000	0.2535	NaN	NaN	NaN	18739.6941	18740.0455	1.0000	1.0000	0.1862
11wh02	1	41	0	0	2.0000	0.0000	1.0000	NaN	8.0095	9.1296	15.6630	18740.7587	18741.0609	1.0000	1.0000	0.1464
11wh02	1	42	0	0	1.0000	0.0000	-1.0000	0.3565	NaN	NaN	NaN	18743.8097	18744.1620	0.0000	1.0000	0.1812
11wh02	1	42	0	0	2.0000	0.0000	1.0000	NaN	10.2428	10.8246	16.0001	18744.9018	18745.2040	1.0000	1.0000	0.1319
11wh02	1	43	0	0	1.0000	0.0000	-1.0000	0.3065	NaN	NaN	NaN	18747.9204	18748.2771	0.0000	1.0000	0.2415
11wh02	1	43	0	0	2.0000	0.0000	1.0000	NaN	5.4258	6.7479	15.1633	18749.0615	18749.3636	1.0000	1.0000	0.0521
11wh02	1	44	0	0	1.0000	0.0000	1.0000	0.5761	NaN	NaN	NaN	18751.9090	18752.2616	1.0000	1.0000	0.1455
11wh02	1	44	0	0	2.0000	0.0000	1.0000	NaN	5.7425	5.5421	15.5317	18752.9510	18753.2531	0.0000	0.0000	0.1144
11wh02	1	45	0	0	1.0000	0.0000	-1.0000	0.7302	NaN	NaN	NaN	18755.6474	18755.9987	0.0000	1.0000	0.2490
11wh02	1	45	0	0	2.0000	0.0000	1.0000	NaN	5.2326	3.8834	14.8574	18756.7735	18757.0757	1.0000	1.0000	0.1149
11wh02	1	46	0	0	1.0000	0.0000	-1.0000	0.1190	NaN	NaN	NaN	18759.4262	18759.8337	0.0000	1.0000	0.2861
11wh02	1	46	0	0	2.0000	0.0000	-1.0000	NaN	1.4371	-2.1727	14.7353	18760.6543	18760.9616	0.0000	1.0000	0.0849
11wh02	1	47	0	0	1.0000	0.0000	1.0000	0.7673	NaN	NaN	NaN	18763.2198	18763.6394	1.0000	1.0000	0.0008
11wh02	1	47	0	0	2.0000	0.0000	-1.0000	NaN	6.0500	-5.0928	15.0871	18764.1667	18764.4688	0.0000	1.0000	0.2588
11wh02	1	48	0	0	1.0000	0.0000	-1.0000	0.5954	NaN	NaN	NaN	18766.9694	18767.3262	1.0000	0.0000	0.1857
11wh02	1	48	0	0	2.0000	0.0000	-1.0000	NaN	6.9150	-10.5025	14.9009	18768.0378	18768.3411	0.0000	1.0000	0.1935
11wh02	1	49	0	0	1.0000	0.0000	-1.0000	0.1306	NaN	NaN	NaN	18771.1227	18771.4758	1.0000	0.0000	0.4508
11wh02	1	49	0	0	2.0000	0.0000	-1.0000	NaN	3.3508	-4.1633	14.3376	18772.4694	18772.7716	0.0000	1.0000	0.1321
11wh02	1	50	0	0	1.0000	0.0000	-1.0000	0.3980	NaN	NaN	NaN	18774.8788	18775.2289	1.0000	0.0000	0.3777
11wh02	1	50	0	0	2.0000	0.0000	-1.0000	NaN	5.5584	-6.2916	14.3444	18776.1499	18776.4520	0.0000	1.0000	0.0825
11wh02	2	1	0	0	1.0000	0.0000	1.0000	0.9195	NaN	NaN	NaN	18779.8790	18780.2307	1.0000	1.0000	0.1290
11wh02	2	1	0	0	2.0000	0.0000	-1.0000	NaN	1.8197	-2.1508	15.9714	18780.9009	18781.2030	0.0000	1.0000	0.0844
11wh02	2	2	0	0	1.0000	0.0000	1.0000	0.4211	NaN	NaN	NaN	18783.4046	18783.7586	1.0000	1.0000	0.1680
11wh02	2	2	0	0	2.0000	0.0000	1.0000	NaN	9.3708	7.9434	14.7296	18784.4693	18784.7719	1.0000	1.0000	0.1797
11wh02	2	3	0	0	1.0000	0.0000	-1.0000	0.4510	NaN	NaN	NaN	18787.0184	18787.3750	0.0000	1.0000	0.1679
11wh02	2	3	0	0	2.0000	0.0000	1.0000	NaN	2.5755	3.0116	15.6708	18788.0855	18788.3877	1.0000	1.0000	0.2600
11wh02	2	4	0	0	1.0000	0.0000	1.0000	0.2376	NaN	NaN	NaN	18790.5747	18790.9263	1.0000	1.0000	0.1526
11wh02	2	4	0	0	2.0000	0.0000	-1.0000	NaN	1.0476	-1.6429	14.7328	18791.6372	18791.9404	1.0000	0.0000	0.2746
11wh02	2	5	0	0	1.0000	0.0000	-1.0000	0.3744	NaN	NaN	NaN	18794.4476	18794.8042	0.0000	1.0000	0.1626
11wh02	2	5	0	0	2.0000	0.0000	1.0000	NaN	8.2630	8.6795	15.5385	18795.5085	18795.8107	1.0000	1.0000	0.1319
11wh02	2	6	0	0	1.0000	0.0000	1.0000	0.4720	NaN	NaN	NaN	18798.3602	18798.7106	1.0000	1.0000	0.1131
11wh02	2	6	0	0	2.0000	0.0000	1.0000	NaN	3.6232	5.3339	14.5944	18799.3658	18799.6679	1.0000	1.0000	0.1307
11wh02	2	7	0	0	1.0000	0.0000	-1.0000	0.6837	NaN	NaN	NaN	18802.2657	18802.6203	0.0000	1.0000	0.1067
11wh02	2	7	0	0	2.0000	0.0000	1.0000	NaN	3.6580	2.0756	14.5762	18803.2855	18803.5885	0.0000	0.0000	0.1940
11wh02	2	8	0	0	1.0000	0.0000	1.0000	0.8162	NaN	NaN	NaN	18806.2963	18806.6769	1.0000	1.0000	0.0348
11wh02	2	8	0	0	2.0000	0.0000	1.0000	NaN	5.8845	5.5848	16.2711	18807.2542	18807.5564	0.0000	0.0000	0.2431
11wh02	2	9	0	0	1.0000	0.0000	-1.0000	0.9235	NaN	NaN	NaN	18809.8588	18810.2102	0.0000	1.0000	0.5179
11wh02	2	9	0	0	2.0000	0.0000	-1.0000	NaN	8.5131	-8.5424	14.2431	18811.2698	18811.5728	0.0000	1.0000	0.2427
11wh02	2	10	0	0	1.0000	0.0000	1.0000	0.3148	NaN	NaN	NaN	18813.6320	18813.9863	1.0000	1.0000	0.1015
11wh02	2	10	0	0	2.0000	0.0000	-1.0000	NaN	11.7268	-11.7702	15.3613	18814.6299	18814.9320	0.0000	1.0000	0.1785
11wh02	2	11	0	0	1.0000	0.0000	1.0000	0.5281	NaN	NaN	NaN	18817.6025	18817.9568	1.0000	1.0000	0.1458
11wh02	2	11	0	0	2.0000	0.0000	1.0000	NaN	5.4027	6.1680	13.8607	18818.6628	18818.9654	1.0000	1.0000	0.2096
11wh02	2	12	0	0	1.0000	0.0000	-1.0000	0.3143	NaN	NaN	NaN	18821.2164	18821.5732	0.0000	1.0000	0.3384
11wh02	2	12	0	0	2.0000	0.0000	1.0000	NaN	0.5107	0.0224	15.6726	18822.4704	18822.7725	1.0000	1.0000	0.2270
11wh02	2	13	0	0	1.0000	0.0000	1.0000	0.3613	NaN	NaN	NaN	18825.4004	18825.7564	1.0000	1.0000	0.1395
11wh02	2	13	0	0	2.0000	0.0000	-1.0000	NaN	8.7887	-8.8313	16.0349	18826.4229	18826.7250	0.0000	1.0000	0.1306
11wh02	2	14	0	0	1.0000	0.0000	1.0000	0.7457	NaN	NaN	NaN	18828.8725	18829.2243	1.0000	1.0000	0.0782
11wh02	2	14	0	0	2.0000	0.0000	-1.0000	NaN	3.7779	-4.0729	13.4184	18829.8304	18830.1326	0.0000	1.0000	0.0510
11wh02	2	15	0	0	1.0000	0.0000	-1.0000	0.7809	NaN	NaN	NaN	18832.6002	18832.9560	0.0000	1.0000	0.1870
11wh02	2	15	0	0	2.0000	0.0000	-1.0000	NaN	7.5819	-7.6504	15.6289	18833.7011	18834.0046	0.0000	1.0000	0.2431
11wh02	2	16	0	0	1.0000	0.0000	1.0000	0.0695	NaN	NaN	NaN	18836.5225	18836.8739	1.0000	1.0000	0.1418
11wh02	2	16	0	0	2.0000	0.0000	1.0000	NaN	2.5236	2.7051	15.0205	18837.5576	18837.8598	1.0000	1.0000	0.1798
11wh02	2	17	0	0	1.0000	0.0000	1.0000	0.6910	NaN	NaN	NaN	18840.1906	18840.5418	1.0000	1.0000	0.2018
11wh02	2	17	0	0	2.0000	0.0000	1.0000	NaN	4.2952	0.7136	15.2180	18841.2859	18841.5881	1.0000	1.0000	0.1310
11wh02	2	18	0	0	1.0000	0.0000	-1.0000	0.4332	NaN	NaN	NaN	18843.8467	18844.2015	0.0000	1.0000	0.2050
11wh02	2	18	0	0	2.0000	0.0000	1.0000	NaN	9.4340	8.5487	14.9093	18844.9494	18845.2517	1.0000	1.0000	0.1313
11wh02	2	19	0	0	1.0000	0.0000	1.0000	0.1648	NaN	NaN	NaN	18847.6587	18848.0081	1.0000	1.0000	0.0957
11wh02	2	19	0	0	2.0000	0.0000	-1.0000	NaN	5.9023	-7.8938	15.8898	18848.6293	18848.9316	0.0000	1.0000	0.0829
11wh02	2	20	0	0	1.0000	0.0000	1.0000	0.7635	NaN	NaN	NaN	18851.5735	18851.9551	1.0000	1.0000	0.0050
11wh02	2	20	0	0	2.0000	0.0000	-1.0000	NaN	1.4102	-1.3883	14.8854	18852.5167	18852.8201	0.0000	1.0000	0.0834
11wh02	2	21	0	0	1.0000	0.0000	-1.0000	0.2329	NaN	NaN	NaN	18855.0465	18855.4008	0.0000	1.0000	0.2231
11wh02	2	21	0	0	2.0000	0.0000	1.0000	NaN	7.8929	6.9732	14.1696	18856.1817	18856.4839	1.0000	1.0000	0.0197
11wh02	2	22	0	0	1.0000	0.0000	-1.0000	0.9268	NaN	NaN	NaN	18858.7537	18859.1061	0.0000	1.0000	0.1176
11wh02	2	22	0	0	2.0000	0.0000	1.0000	NaN	6.9652	5.3211	14.1437	18859.7657	18860.0685	1.0000	1.0000	0.0340
11wh02	2	23	0	0	1.0000	0.0000	1.0000	0.6582	NaN	NaN	NaN	18862.2948	18862.6507	1.0000	1.0000	0.0438
11wh02	2	23	0	0	2.0000	0.0000	1.0000	NaN	9.1491	9.8734	14.2199	18863.2214	18863.5235	1.0000	1.0000	0.0520
11wh02	2	24	0	0	1.0000	0.0000	-1.0000	0.5302	NaN	NaN	NaN	18865.5924	18865.9431	0.0000	1.0000	0.1125
11wh02	2	24	0	0	2.0000	0.0000	1.0000	NaN	7.0705	5.5228	13.9768	18866.5972	18866.8994	1.0000	1.0000	0.0671
11wh02	2	25	0	0	1.0000	0.0000	-1.0000	0.6039	NaN	NaN	NaN	18869.5097	18869.8670	0.0000	1.0000	0.1875
11wh02	2	25	0	0	2.0000	0.0000	-1.0000	NaN	5.3403	-5.8030	14.9687	18870.5970	18870.8992	0.0000	1.0000	0.1324
11wh02	2	26	0	0	1.0000	0.0000	-1.0000	0.7729	NaN	NaN	NaN	18873.3734	18873.7235	0.0000	1.0000	0.2352
11wh02	2	26	0	0	2.0000	0.0000	1.0000	NaN	5.8391	5.2687	14.5157	18874.5026	18874.8048	1.0000	1.0000	0.0349
11wh02	2	27	0	0	1.0000	0.0000	1.0000	0.0924	NaN	NaN	NaN	18877.2560	18877.6066	1.0000	1.0000	0.1936
11wh02	2	27	0	0	2.0000	0.0000	-1.0000	NaN	4.7052	-4.8601	15.5134	18878.3584	18878.6605	0.0000	1.0000	0.0062
11wh02	2	28	0	0	1.0000	0.0000	1.0000	0.5597	NaN	NaN	NaN	18881.0555	18881.4064	1.0000	1.0000	0.2001
11wh02	2	28	0	0	2.0000	0.0000	1.0000	NaN	1.3785	3.0255	16.8400	18882.1494	18882.4525	1.0000	1.0000	0.0180
11wh02	2	29	0	0	1.0000	0.0000	-1.0000	0.3505	NaN	NaN	NaN	18884.8632	18885.2200	0.0000	1.0000	0.0196
11wh02	2	29	0	0	2.0000	0.0000	1.0000	NaN	7.9384	6.6198	15.1010	18885.7813	18886.0842	1.0000	1.0000	0.0662
11wh02	2	30	0	0	1.0000	0.0000	-1.0000	0.0290	NaN	NaN	NaN	18888.1681	18888.5213	0.0000	1.0000	0.1264
11wh02	2	30	0	0	2.0000	0.0000	1.0000	NaN	4.7348	3.7405	14.5626	18889.1885	18889.4906	1.0000	1.0000	0.1009
11wh02	2	31	0	0	1.0000	0.0000	1.0000	0.5581	NaN	NaN	NaN	18891.7843	18892.1378	1.0000	1.0000	0.0127
11wh02	2	31	0	0	2.0000	0.0000	-1.0000	NaN	6.2032	-6.1964	14.6790	18892.7101	18893.0122	0.0000	1.0000	0.1462
11wh02	2	32	0	0	1.0000	0.0000	-1.0000	0.7448	NaN	NaN	NaN	18895.5254	18895.8823	0.0000	1.0000	0.1254
11wh02	2	32	0	0	2.0000	0.0000	1.0000	NaN	1.7579	1.3737	14.8193	18896.5657	18896.8685	1.0000	1.0000	0.0340
11wh02	2	33	0	0	1.0000	0.0000	-1.0000	0.0989	NaN	NaN	NaN	18898.8454	18899.2598	0.0000	1.0000	0.1398
11wh02	2	33	0	0	2.0000	0.0000	1.0000	NaN	2.9523	2.6442	14.5472	18899.9652	18900.2712	1.0000	1.0000	0.0393
11wh02	2	34	0	0	1.0000	0.0000	-1.0000	0.8584	NaN	NaN	NaN	18902.5561	18902.9774	0.0000	1.0000	0.0371
11wh02	2	34	0	0	2.0000	0.0000	1.0000	NaN	7.4102	7.2023	14.2642	18903.5649	18903.8711	1.0000	1.0000	0.0873
11wh02	2	35	0	0	1.0000	0.0000	1.0000	0.6245	NaN	NaN	NaN	18905.9130	18906.3412	1.0000	1.0000	0.0006
11wh02	2	35	0	0	2.0000	0.0000	-1.0000	NaN	5.8795	-6.0831	14.9832	18906.8803	18907.1876	0.0000	1.0000	0.0189
11wh02	2	36	0	0	1.0000	0.0000	1.0000	0.6491	NaN	NaN	NaN	18909.1554	18909.5417	1.0000	1.0000	0.0005
11wh02	2	36	0	0	2.0000	0.0000	1.0000	NaN	7.1022	6.6888	14.2024	18910.0693	18910.3714	1.0000	1.0000	0.0061
11wh02	2	37	0	0	1.0000	0.0000	-1.0000	0.1635	NaN	NaN	NaN	18912.3603	18912.7146	0.0000	1.0000	0.1238
11wh02	2	37	0	0	2.0000	0.0000	-1.0000	NaN	1.2481	-0.2572	14.5528	18913.3666	18913.6688	0.0000	1.0000	0.0349
11wh02	2	38	0	0	1.0000	0.0000	1.0000	0.1405	NaN	NaN	NaN	18916.0453	18916.4019	1.0000	1.0000	0.0056
11wh02	2	38	0	0	2.0000	0.0000	1.0000	NaN	0.0619	2.3083	14.4902	18916.9580	18917.2600	1.0000	1.0000	0.0061
11wh02	2	39	0	0	1.0000	0.0000	-1.0000	0.7007	NaN	NaN	NaN	18919.2217	18919.5735	0.0000	1.0000	0.0820
11wh02	2	39	0	0	2.0000	0.0000	1.0000	NaN	1.2051	1.2813	15.1730	18920.1979	18920.5007	1.0000	1.0000	0.1468
11wh02	2	40	0	0	1.0000	0.0000	-1.0000	0.1285	NaN	NaN	NaN	18922.9638	18923.3183	0.0000	1.0000	0.1294
11wh02	2	40	0	0	2.0000	0.0000	-1.0000	NaN	8.9094	-8.8283	16.7396	18923.9742	18924.2763	1.0000	0.0000	0.0664
11wh02	2	41	0	0	1.0000	0.0000	-1.0000	0.4667	NaN	NaN	NaN	18926.5607	18926.9139	1.0000	0.0000	0.1166
11wh02	2	41	0	0	2.0000	0.0000	-1.0000	NaN	2.2121	-0.8859	16.5150	18927.5576	18927.8598	1.0000	0.0000	0.1959
11wh02	2	42	0	0	1.0000	0.0000	-1.0000	0.5335	NaN	NaN	NaN	18930.4760	18930.8303	0.0000	1.0000	0.1847
11wh02	2	42	0	0	2.0000	0.0000	1.0000	NaN	9.2405	10.3782	15.2520	18931.5579	18931.8601	1.0000	1.0000	0.0984
11wh02	2	43	0	0	1.0000	0.0000	-1.0000	0.8188	NaN	NaN	NaN	18934.5440	18934.9008	1.0000	0.0000	0.2268
11wh02	2	43	0	0	2.0000	0.0000	1.0000	NaN	7.5889	8.9060	14.0471	18935.6538	18935.9559	1.0000	1.0000	0.2265
11wh02	2	44	0	0	1.0000	0.0000	1.0000	0.3623	NaN	NaN	NaN	18938.5292	18938.8839	1.0000	1.0000	0.2118
11wh02	2	44	0	0	2.0000	0.0000	-1.0000	NaN	8.1431	-9.5001	13.5681	18939.6222	18939.9243	0.0000	1.0000	0.1473
11wh02	2	45	0	0	1.0000	0.0000	-1.0000	0.0408	NaN	NaN	NaN	18942.5202	18942.8700	1.0000	0.0000	0.1445
11wh02	2	45	0	0	2.0000	0.0000	1.0000	NaN	5.1875	7.0651	14.5371	18943.5575	18943.8597	1.0000	1.0000	0.0519
11wh02	2	46	0	0	1.0000	0.0000	1.0000	0.5947	NaN	NaN	NaN	18945.9545	18946.3755	1.0000	1.0000	0.0959
11wh02	2	46	0	0	2.0000	0.0000	-1.0000	NaN	3.0282	-3.3024	14.8080	18947.0064	18947.3112	0.0000	1.0000	0.0402
11wh02	2	47	0	0	1.0000	0.0000	-1.0000	0.7375	NaN	NaN	NaN	18949.7629	18950.1865	1.0000	0.0000	0.1567
11wh02	2	47	0	0	2.0000	0.0000	1.0000	NaN	2.6142	1.4793	14.5146	18950.8793	18951.1857	0.0000	0.0000	0.1504
11wh02	2	48	0	0	1.0000	0.0000	-1.0000	0.6492	NaN	NaN	NaN	18953.8124	18954.2419	1.0000	0.0000	0.0858
11wh02	2	48	0	0	2.0000	0.0000	-1.0000	NaN	10.0141	-8.6715	14.0398	18954.8808	18955.1859	0.0000	1.0000	0.1326
11wh02	2	49	0	0	1.0000	0.0000	1.0000	0.6676	NaN	NaN	NaN	18957.7057	18958.1250	1.0000	1.0000	0.0104
11wh02	2	49	0	0	2.0000	0.0000	-1.0000	NaN	1.4067	-1.6171	14.7833	18958.6875	18958.9920	1.0000	0.0000	0.0061
11wh02	2	50	0	0	1.0000	0.0000	-1.0000	0.4810	NaN	NaN	NaN	18960.8656	18961.2860	1.0000	0.0000	0.0484
11wh02	2	50	0	0	2.0000	0.0000	-1.0000	NaN	1.3151	-2.3096	14.1765	18961.9040	18962.2085	1.0000	0.0000	0.0060
11wh02	3	1	0	0	1.0000	0.0000	1.0000	0.3560	NaN	NaN	NaN	18971.1992	18971.6189	1.0000	1.0000	0.0530
11wh02	3	1	0	0	2.0000	0.0000	1.0000	NaN	9.8031	9.3058	13.5815	18972.2219	18972.5262	1.0000	1.0000	0.0413
11wh02	3	2	0	0	1.0000	0.0000	-1.0000	0.6713	NaN	NaN	NaN	18974.7988	18975.2188	0.0000	1.0000	0.0677
11wh02	3	2	0	0	2.0000	0.0000	-1.0000	NaN	8.2822	-9.7416	14.4914	18975.8699	18976.1745	0.0000	1.0000	0.0244
11wh02	3	3	0	0	1.0000	0.0000	1.0000	0.3352	NaN	NaN	NaN	18978.5361	18978.9567	1.0000	1.0000	0.0417
11wh02	3	3	0	0	2.0000	0.0000	1.0000	NaN	5.8693	4.4842	15.0290	18979.5514	18979.8559	1.0000	1.0000	0.1035
11wh02	3	4	0	0	1.0000	0.0000	1.0000	0.7653	NaN	NaN	NaN	18982.5064	18982.9110	1.0000	1.0000	0.0725
11wh02	3	4	0	0	2.0000	0.0000	1.0000	NaN	7.7142	6.6807	15.9788	18983.5244	18983.8266	1.0000	1.0000	0.0519
11wh02	3	5	0	0	1.0000	0.0000	1.0000	0.5271	NaN	NaN	NaN	18985.9225	18986.2775	1.0000	1.0000	0.2569
11wh02	3	5	0	0	2.0000	0.0000	-1.0000	NaN	1.7983	-1.5984	14.8392	18987.0774	18987.3805	0.0000	1.0000	0.0831
11wh02	3	6	0	0	1.0000	0.0000	-1.0000	0.1736	NaN	NaN	NaN	18989.9711	18990.3275	1.0000	0.0000	0.0480
11wh02	3	6	0	0	2.0000	0.0000	-1.0000	NaN	10.3182	-9.7485	14.2211	18990.9022	18991.2043	1.0000	0.0000	0.0062
11wh02	3	7	0	0	1.0000	0.0000	1.0000	0.1714	NaN	NaN	NaN	18993.1185	18993.5401	1.0000	1.0000	0.1463
11wh02	3	7	0	0	2.0000	0.0000	1.0000	NaN	5.4287	6.8133	14.7817	18994.2365	18994.5406	1.0000	1.0000	0.0590
11wh02	3	8	0	0	1.0000	0.0000	-1.0000	0.7464	NaN	NaN	NaN	18997.0189	18997.4271	0.0000	1.0000	0.0513
11wh02	3	8	0	0	2.0000	0.0000	-1.0000	NaN	6.1326	-6.2418	16.8005	18998.0217	18998.3238	0.0000	1.0000	0.0506
11wh02	3	9	0	0	1.0000	0.0000	1.0000	0.6159	NaN	NaN	NaN	19000.1920	19000.5474	1.0000	1.0000	0.1642
11wh02	3	9	0	0	2.0000	0.0000	1.0000	NaN	5.7641	6.4072	14.2384	19001.2694	19001.5715	1.0000	1.0000	0.0520
11wh02	3	10	0	0	1.0000	0.0000	-1.0000	0.7172	NaN	NaN	NaN	19003.5902	19003.9473	0.0000	1.0000	0.1391
11wh02	3	10	0	0	2.0000	0.0000	1.0000	NaN	0.5728	0.5422	15.0590	19004.6304	19004.9326	0.0000	0.0000	0.0670
11wh02	3	11	0	0	1.0000	0.0000	1.0000	0.8137	NaN	NaN	NaN	19007.1080	19007.4639	1.0000	1.0000	0.0630
11wh02	3	11	0	0	2.0000	0.0000	1.0000	NaN	0.2143	2.0515	16.2001	19008.0741	19008.3763	1.0000	1.0000	0.0152
11wh02	3	12	0	0	1.0000	0.0000	-1.0000	0.1468	NaN	NaN	NaN	19010.5238	19010.8803	0.0000	1.0000	0.2316
11wh02	3	12	0	0	2.0000	0.0000	1.0000	NaN	7.5725	8.6579	15.3080	19011.6211	19011.9233	1.0000	1.0000	0.2281
11wh02	3	13	0	0	1.0000	0.0000	1.0000	0.5883	NaN	NaN	NaN	19014.4590	19014.8136	1.0000	1.0000	0.1379
11wh02	3	13	0	0	2.0000	0.0000	-1.0000	NaN	11.6243	-11.6775	15.3829	19015.4943	19015.7965	0.0000	1.0000	0.1465
11wh02	3	14	0	0	1.0000	0.0000	1.0000	0.6569	NaN	NaN	NaN	19018.1616	19018.5146	1.0000	1.0000	0.1647
11wh02	3	14	0	0	2.0000	0.0000	1.0000	NaN	2.4729	2.3602	15.3698	19019.2374	19019.5396	0.0000	0.0000	0.1313
11wh02	3	15	0	0	1.0000	0.0000	-1.0000	0.4467	NaN	NaN	NaN	19021.6388	19021.9925	1.0000	0.0000	0.3343
11wh02	3	15	0	0	2.0000	0.0000	1.0000	NaN	4.3714	4.5268	15.2737	19022.8538	19023.1560	1.0000	1.0000	0.1144
11wh02	3	16	0	0	1.0000	0.0000	1.0000	0.5813	NaN	NaN	NaN	19025.6672	19026.0182	1.0000	1.0000	0.2281
11wh02	3	16	0	0	2.0000	0.0000	-1.0000	NaN	7.7890	-8.3172	14.7271	19026.7730	19027.0753	0.0000	1.0000	0.1317
11wh02	3	17	0	0	1.0000	0.0000	-1.0000	0.7340	NaN	NaN	NaN	19029.2237	19029.5793	0.0000	1.0000	0.3631
11wh02	3	17	0	0	2.0000	0.0000	1.0000	NaN	8.1226	10.0338	14.4576	19030.4857	19030.7878	1.0000	1.0000	0.0345
11wh02	3	18	0	0	1.0000	0.0000	-1.0000	0.9093	NaN	NaN	NaN	19033.4243	19033.7791	0.0000	1.0000	0.1953
11wh02	3	18	0	0	2.0000	0.0000	-1.0000	NaN	5.7574	-4.0811	14.9950	19034.5185	19034.8207	0.0000	1.0000	0.2593
11wh02	3	19	0	0	1.0000	0.0000	1.0000	0.0714	NaN	NaN	NaN	19037.4213	19037.7749	1.0000	1.0000	0.1999
11wh02	3	19	0	0	2.0000	0.0000	1.0000	NaN	3.8536	4.9305	13.7184	19038.5180	19038.8202	1.0000	1.0000	0.0828
11wh02	3	20	0	0	1.0000	0.0000	1.0000	0.3690	NaN	NaN	NaN	19041.3541	19041.7468	1.0000	1.0000	0.1321
11wh02	3	20	0	0	2.0000	0.0000	1.0000	NaN	1.9889	3.1270	15.7275	19042.3733	19042.6762	1.0000	1.0000	0.0981
11wh02	3	21	0	0	1.0000	0.0000	-1.0000	0.5477	NaN	NaN	NaN	19044.9582	19045.3119	0.0000	1.0000	0.2790
11wh02	3	21	0	0	2.0000	0.0000	-1.0000	NaN	9.5941	-10.1509	12.6818	19046.1340	19046.4361	0.0000	1.0000	0.1142
11wh02	3	22	0	0	1.0000	0.0000	1.0000	0.3905	NaN	NaN	NaN	19048.6843	19049.0412	1.0000	1.0000	0.1662
11wh02	3	22	0	0	2.0000	0.0000	1.0000	NaN	0.4606	2.6183	17.3666	19049.7177	19050.0199	1.0000	1.0000	0.0515
11wh02	3	23	0	0	1.0000	0.0000	1.0000	0.6103	NaN	NaN	NaN	19052.3532	19052.7076	1.0000	1.0000	0.0678
11wh02	3	23	0	0	2.0000	0.0000	-1.0000	NaN	11.6004	-11.7186	15.5607	19053.3182	19053.6203	0.0000	1.0000	0.1473
11wh02	3	24	0	0	1.0000	0.0000	1.0000	0.6007	NaN	NaN	NaN	19056.1429	19056.4960	1.0000	1.0000	0.1673
11wh02	3	24	0	0	2.0000	0.0000	1.0000	NaN	5.5271	5.2941	14.0382	19057.1895	19057.4928	1.0000	1.0000	0.1780
11wh02	3	25	0	0	1.0000	0.0000	-1.0000	0.6529	NaN	NaN	NaN	19059.7039	19060.0570	0.0000	1.0000	0.2056
11wh02	3	25	0	0	2.0000	0.0000	1.0000	NaN	8.7847	6.9343	14.9609	19060.8055	19061.1083	0.0000	0.0000	0.0981
11wh02	3	26	0	0	1.0000	0.0000	1.0000	0.8306	NaN	NaN	NaN	19063.2845	19063.6404	1.0000	1.0000	0.0619
11wh02	3	26	0	0	2.0000	0.0000	1.0000	NaN	5.7919	5.0132	15.9352	19064.2456	19064.5477	1.0000	1.0000	0.0836
11wh02	3	27	0	0	1.0000	0.0000	1.0000	0.7999	NaN	NaN	NaN	19067.2637	19067.6136	1.0000	1.0000	0.0578
11wh02	3	27	0	0	2.0000	0.0000	-1.0000	NaN	9.6023	-8.2276	16.3024	19068.2288	19068.5309	0.0000	1.0000	0.0845
11wh02	3	28	0	0	1.0000	0.0000	-1.0000	0.3688	NaN	NaN	NaN	19070.9320	19071.2826	1.0000	0.0000	0.1648
11wh02	3	28	0	0	2.0000	0.0000	-1.0000	NaN	6.6963	-6.8409	15.3953	19071.9897	19072.2928	1.0000	0.0000	0.0060
11wh02	3	29	0	0	1.0000	0.0000	1.0000	0.5217	NaN	NaN	NaN	19074.4041	19074.7604	1.0000	1.0000	0.1584
11wh02	3	29	0	0	2.0000	0.0000	1.0000	NaN	4.6079	5.2841	15.3586	19075.4616	19075.7637	1.0000	1.0000	0.0346
11wh02	3	30	0	0	1.0000	0.0000	-1.0000	0.3961	NaN	NaN	NaN	19078.2176	19078.5730	0.0000	1.0000	0.1533
11wh02	3	30	0	0	2.0000	0.0000	-1.0000	NaN	11.0299	-10.3911	16.2960	19079.3017	19079.6039	0.0000	1.0000	0.0834
11wh02	3	31	0	0	1.0000	0.0000	1.0000	0.3189	NaN	NaN	NaN	19081.7949	19082.1462	1.0000	1.0000	0.0206
11wh02	3	31	0	0	2.0000	0.0000	1.0000	NaN	2.1723	2.6724	15.0527	19082.7266	19083.0288	0.0000	0.0000	0.1631
11wh02	3	32	0	0	1.0000	0.0000	-1.0000	0.1693	NaN	NaN	NaN	19085.6672	19086.0829	1.0000	0.0000	0.5958
11wh02	3	32	0	0	2.0000	0.0000	-1.0000	NaN	7.1892	-8.2866	15.0440	19087.2136	19087.5175	0.0000	1.0000	0.1699
11wh02	3	33	0	0	1.0000	0.0000	1.0000	0.6359	NaN	NaN	NaN	19089.8606	19090.2690	1.0000	1.0000	0.1053
11wh02	3	33	0	0	2.0000	0.0000	1.0000	NaN	5.4104	5.4096	14.8887	19090.9112	19091.2151	1.0000	1.0000	0.0556
11wh02	3	34	0	0	1.0000	0.0000	-1.0000	0.4623	NaN	NaN	NaN	19093.6594	19094.0709	1.0000	0.0000	0.3365
11wh02	3	34	0	0	2.0000	0.0000	1.0000	NaN	2.1539	1.9181	15.1668	19094.9780	19095.2820	1.0000	1.0000	0.3090
11wh02	3	35	0	0	1.0000	0.0000	1.0000	0.2342	NaN	NaN	NaN	19097.5537	19097.9807	1.0000	1.0000	0.5872
11wh02	3	35	0	0	2.0000	0.0000	1.0000	NaN	1.5717	0.1302	16.0162	19099.1240	19099.4287	0.0000	0.0000	0.4181
11wh02	3	36	0	0	1.0000	0.0000	1.0000	0.6011	NaN	NaN	NaN	19102.2485	19102.6676	1.0000	1.0000	0.2347
11wh02	3	36	0	0	2.0000	0.0000	1.0000	NaN	7.2119	7.5469	13.6580	19103.4565	19103.7616	1.0000	1.0000	0.1327
11wh02	3	37	0	0	1.0000	0.0000	1.0000	0.8915	NaN	NaN	NaN	19105.9771	19106.3952	1.0000	1.0000	0.0923
11wh02	3	37	0	0	2.0000	0.0000	-1.0000	NaN	8.3015	-10.8886	15.4440	19107.0384	19107.3444	0.0000	1.0000	0.1352
11wh02	3	38	0	0	1.0000	0.0000	-1.0000	0.4458	NaN	NaN	NaN	19109.3309	19109.7501	0.0000	1.0000	0.0974
11wh02	3	38	0	0	2.0000	0.0000	-1.0000	NaN	8.9271	-10.2632	15.9573	19110.3750	19110.6771	0.0000	1.0000	0.1292
11wh02	3	39	0	0	1.0000	0.0000	1.0000	0.2758	NaN	NaN	NaN	19113.3500	19113.7043	1.0000	1.0000	0.0142
11wh02	3	39	0	0	2.0000	0.0000	1.0000	NaN	7.1996	6.2400	15.0041	19114.2611	19114.5632	1.0000	1.0000	0.1002
11wh02	3	40	0	0	1.0000	0.0000	1.0000	0.5363	NaN	NaN	NaN	19116.6296	19116.9803	1.0000	1.0000	0.3860
11wh02	3	40	0	0	2.0000	0.0000	-1.0000	NaN	0.6100	-2.5001	15.6898	19117.9252	19118.2274	0.0000	1.0000	0.0524
11wh02	3	41	0	0	1.0000	0.0000	-1.0000	0.1074	NaN	NaN	NaN	19120.5713	19120.9246	1.0000	0.0000	0.2661
11wh02	3	41	0	0	2.0000	0.0000	-1.0000	NaN	3.0045	-4.0713	14.4603	19121.7169	19122.0191	1.0000	0.0000	0.0060
11wh02	3	42	0	0	1.0000	0.0000	-1.0000	0.0334	NaN	NaN	NaN	19124.0828	19124.4371	1.0000	0.0000	0.2423
11wh02	3	42	0	0	2.0000	0.0000	-1.0000	NaN	10.9758	-12.8609	15.5985	19125.2063	19125.5084	0.0000	1.0000	0.0985
11wh02	3	43	0	0	1.0000	0.0000	-1.0000	0.6144	NaN	NaN	NaN	19127.9906	19128.3424	1.0000	0.0000	0.2879
11wh02	3	43	0	0	2.0000	0.0000	-1.0000	NaN	6.2203	-6.7971	16.2591	19129.1742	19129.4764	0.0000	1.0000	0.1306
11wh02	3	44	0	0	1.0000	0.0000	1.0000	0.7711	NaN	NaN	NaN	19131.7364	19132.1490	1.0000	1.0000	0.1933
11wh02	3	44	0	0	2.0000	0.0000	1.0000	NaN	5.7247	7.5280	14.7653	19132.8953	19133.1998	1.0000	1.0000	0.0395
11wh02	3	45	0	0	1.0000	0.0000	-1.0000	0.5023	NaN	NaN	NaN	19135.2865	19135.6982	0.0000	1.0000	0.1332
11wh02	3	45	0	0	2.0000	0.0000	1.0000	NaN	1.4983	0.5697	15.8422	19136.3815	19136.6856	1.0000	1.0000	0.1847
11wh02	3	46	0	0	1.0000	0.0000	-1.0000	0.3139	NaN	NaN	NaN	19139.1360	19139.5481	0.0000	1.0000	0.1233
11wh02	3	46	0	0	2.0000	0.0000	1.0000	NaN	0.5145	0.7128	15.9658	19140.2091	19140.5133	0.0000	0.0000	0.0862
11wh02	3	47	0	0	1.0000	0.0000	1.0000	0.7445	NaN	NaN	NaN	19142.7693	19143.1817	1.0000	1.0000	0.0738
11wh02	3	47	0	0	2.0000	0.0000	-1.0000	NaN	7.3578	-9.2693	15.6227	19143.8262	19144.1306	0.0000	1.0000	0.2117
11wh02	3	48	0	0	1.0000	0.0000	-1.0000	0.6274	NaN	NaN	NaN	19146.3660	19146.7815	0.0000	1.0000	0.1865
11wh02	3	48	0	0	2.0000	0.0000	1.0000	NaN	6.9903	6.2059	14.5417	19147.5359	19147.8423	1.0000	1.0000	0.0369
11wh02	3	49	0	0	1.0000	0.0000	1.0000	0.8350	NaN	NaN	NaN	19150.5153	19150.9314	1.0000	1.0000	0.0359
11wh02	3	49	0	0	2.0000	0.0000	1.0000	NaN	4.4040	6.3216	15.2680	19151.5351	19151.8419	0.0000	0.0000	0.0534
11wh02	3	50	0	0	1.0000	0.0000	1.0000	0.8283	NaN	NaN	NaN	19154.4311	19154.8452	1.0000	1.0000	0.1066
11wh02	3	50	0	0	2.0000	0.0000	-1.0000	NaN	3.2058	-3.0591	15.0701	19155.4940	19155.7962	1.0000	0.0000	0.2908
