15wy01	1	1	0	1	1	1	1	NaN	7.9153	9.3028	16.1094	157617.0609	157617.3655	1	1	0.3012
15wy01	1	1	0	1	2	1	-1	0.1424	NaN	NaN	NaN	157618.182	157618.5994	0	1	0.4759
15wy01	1	2	0	1	1	1	1	NaN	7.8689	8.181	14.8136	157621.5433	157621.8478	1	1	0.3628
15wy01	1	2	0	1	2	1	-1	0.9115	NaN	NaN	NaN	157622.7246	157623.1366	0	1	0.2745
15wy01	1	3	0	1	1	1	1	NaN	4.01	5.1519	16.4922	157625.8018	157626.109	1	1	0.3268
15wy01	1	3	0	1	2	1	1	0.8464	NaN	NaN	NaN	157626.9819	157627.3995	0	0	0.3167
15wy01	1	4	0	1	1	1	-1	NaN	8.014	-6.8266	14.9494	157630.2123	157630.5172	0	1	0.3985
15wy01	1	4	0	1	2	1	1	0.2128	NaN	NaN	NaN	157631.4463	157631.8659	1	1	0.4088
15wy01	1	5	0	1	1	1	1	NaN	4.5433	6.3834	15.3269	157634.2145	157634.5192	1	1	0.461
15wy01	1	5	0	1	2	1	1	0.6121	NaN	NaN	NaN	157635.4952	157635.9152	0	0	0.3441
15wy01	1	6	0	1	1	1	1	NaN	1.2676	4.838	14.4482	157638.5775	157638.882	1	1	0.4974
15wy01	1	6	0	1	2	1	1	0.3089	NaN	NaN	NaN	157639.8933	157640.2798	0	0	0.4444
15wy01	1	7	0	1	1	1	1	NaN	6.5666	7.7144	13.9051	157643.1575	157643.4619	1	1	0.6862
15wy01	1	7	0	1	2	1	-1	0.9113	NaN	NaN	NaN	157644.6141	157645.0314	0	1	0.3644
15wy01	1	8	0	1	1	1	-1	NaN	3.8253	-4.52	15.3987	157647.3379	157647.6425	0	1	0.3762
15wy01	1	8	0	1	2	1	1	0.2818	NaN	NaN	NaN	157648.5322	157648.9245	1	1	0.4547
15wy01	1	9	0	1	1	1	-1	NaN	3.6762	-3.5672	14.3001	157651.4708	157651.773	0	1	1.1097
15wy01	1	9	0	1	2	1	-1	0.4244	NaN	NaN	NaN	157653.3927	157653.7428	0	1	0.4367
15wy01	1	10	0	1	1	1	1	NaN	9.8115	10.3745	15.904	157656.6182	157656.9217	1	1	0.3774
15wy01	1	10	0	1	2	1	1	0.4852	NaN	NaN	NaN	157657.809	157658.159	0	0	0.4357
15wy01	1	11	0	1	1	1	1	NaN	5.0814	2.3841	14.89	157660.9227	157661.225	0	0	0.8097
15wy01	1	11	0	1	2	1	-1	0.7399	NaN	NaN	NaN	157662.5612	157662.9185	0	1	0.4121
15wy01	1	12	0	1	1	1	1	NaN	1.3344	1.3947	15.3341	157665.5539	157665.8562	0	0	0.9951
15wy01	1	12	0	1	2	1	1	0.3508	NaN	NaN	NaN	157667.3439	157667.6954	0	0	0.7563
15wy01	1	13	0	1	1	1	1	NaN	7.2238	5.3833	14.5681	157670.9552	157671.2574	1	1	0.6978
15wy01	1	13	0	1	2	1	-1	0.1574	NaN	NaN	NaN	157672.4805	157672.8347	0	1	0.4
15wy01	1	14	0	1	1	1	-1	NaN	1.8439	-0.9693	15.6642	157675.1984	157675.5006	1	0	1.1437
15wy01	1	14	0	1	2	1	-1	0.2531	NaN	NaN	NaN	157677.1525	157677.5065	0	1	0.4482
15wy01	1	15	0	1	1	1	-1	NaN	3.1465	-2.5863	15.3275	157680.533	157680.8361	0	1	1.5346
15wy01	1	15	0	1	2	1	-1	0.5652	NaN	NaN	NaN	157682.8807	157683.234	0	1	0.3856
15wy01	1	16	0	1	1	1	1	NaN	0.8159	1.6024	13.5536	157686.0759	157686.3781	1	1	1.2727
15wy01	1	16	0	1	2	1	1	0.6604	NaN	NaN	NaN	157688.1606	157688.5172	0	0	0.6535
15wy01	1	17	0	1	1	1	-1	NaN	8.1567	-9.4783	14.5944	157691.5613	157691.8651	0	1	0.7776
15wy01	1	17	0	1	2	1	1	0.3186	NaN	NaN	NaN	157693.1585	157693.5409	0	0	1.4709
15wy01	1	18	0	1	1	1	1	NaN	3.3231	4.432	16.4053	157697.4817	157697.7846	1	1	0.4587
15wy01	1	18	0	1	2	1	-1	0.0302	NaN	NaN	NaN	157698.753	157699.1053	0	1	1.3299
15wy01	1	19	0	1	1	1	1	NaN	7.1323	5.7037	15.09	157702.3825	157702.686	1	1	0.9487
15wy01	1	19	0	1	2	1	1	0.2477	NaN	NaN	NaN	157704.1606	157704.5162	0	0	0.7025
15wy01	1	20	0	1	1	1	-1	NaN	7.0741	-8.2335	14.1272	157707.6609	157707.9631	0	1	0.5676
15wy01	1	20	0	1	2	1	-1	0.1146	NaN	NaN	NaN	157709.0412	157709.393	1	0	1.7302
15wy01	1	21	0	1	1	1	-1	NaN	11.2079	-7.4804	14.937	157713.5088	157713.8109	0	1	0.5118
15wy01	1	21	0	1	2	1	-1	0.8067	NaN	NaN	NaN	157714.8329	157715.1867	0	1	0.7056
15wy01	1	22	0	1	1	1	1	NaN	9.0152	10.4621	13.2131	157718.1352	157718.4374	1	1	0.4296
15wy01	1	22	0	1	2	1	1	0.2126	NaN	NaN	NaN	157719.3447	157719.699	1	1	0.4638
15wy01	1	23	0	1	1	1	1	NaN	11.4923	10.7986	14.6946	157722.3197	157722.622	1	1	0.6932
15wy01	1	23	0	1	2	1	-1	0.6058	NaN	NaN	NaN	157723.8404	157724.1925	0	1	0.4668
15wy01	1	24	0	1	1	1	-1	NaN	4.5787	-3.7191	16.1627	157726.65	157726.9522	0	1	0.6985
15wy01	1	24	0	1	2	1	1	0.4168	NaN	NaN	NaN	157728.1932	157728.5487	0	0	1.742
15wy01	1	25	0	1	1	1	-1	NaN	3.0968	-3.4052	13.6633	157732.6601	157732.9623	0	1	0.3524
15wy01	1	25	0	1	2	1	-1	0.1056	NaN	NaN	NaN	157733.8247	157734.1816	0	1	0.6691
15wy01	1	26	0	1	1	1	-1	NaN	9.9766	-9.2745	16.5556	157736.9381	157737.2421	0	1	0.3766
15wy01	1	26	0	1	2	1	1	0.3714	NaN	NaN	NaN	157738.1633	157738.5763	1	1	0.4202
15wy01	1	27	0	1	1	1	-1	NaN	3.7526	-4.0719	13.7761	157741.0943	157741.4012	0	1	0.6672
15wy01	1	27	0	1	2	1	-1	0.404	NaN	NaN	NaN	157742.5793	157742.9901	0	1	0.3424
15wy01	1	28	0	1	1	1	1	NaN	6.8259	6.9209	15.4873	157745.6136	157745.9173	1	1	0.4706
15wy01	1	28	0	1	2	1	-1	0.1234	NaN	NaN	NaN	157746.897	157747.2517	0	1	0.463
15wy01	1	29	0	1	1	1	-1	NaN	7.9961	-7.8297	15.4213	157749.9224	157750.2247	0	1	0.29
15wy01	1	29	0	1	2	1	1	0.666	NaN	NaN	NaN	157751.057	157751.414	1	1	0.4294
15wy01	1	30	0	1	1	1	1	NaN	5.8415	7.1245	14.3835	157754.2991	157754.6013	1	1	0.3623
15wy01	1	30	0	1	2	1	1	0.7369	NaN	NaN	NaN	157755.473	157755.824	1	1	0.4191
15wy01	1	31	0	1	1	1	-1	NaN	3.7346	-3.1764	15.6454	157758.7008	157759.003	1	0	0.5527
15wy01	1	31	0	1	2	1	-1	0.7546	NaN	NaN	NaN	157760.0964	157760.4512	0	1	0.4159
15wy01	1	32	0	1	1	1	1	NaN	5.7591	8.4497	16.0967	157763.5048	157763.8069	1	1	0.2773
15wy01	1	32	0	1	2	1	-1	0.475	NaN	NaN	NaN	157764.5929	157764.9467	0	1	0.384
15wy01	1	33	0	1	1	1	-1	NaN	7.7558	-8.0161	16.1438	157767.3968	157767.6996	0	1	0.3203
15wy01	1	33	0	1	2	1	1	0.4233	NaN	NaN	NaN	157768.5291	157768.8841	1	1	0.3193
15wy01	1	34	0	1	1	1	1	NaN	6.5983	7.7083	15.9803	157771.251	157771.5533	1	1	0.2913
15wy01	1	34	0	1	2	1	1	0.5507	NaN	NaN	NaN	157772.337	157772.6898	1	1	0.4344
15wy01	1	35	0	1	1	1	1	NaN	8.5804	6.8325	14.632	157774.9454	157775.2489	1	1	0.3863
15wy01	1	35	0	1	2	1	1	0.7401	NaN	NaN	NaN	157776.1447	157776.5004	0	0	0.3983
15wy01	1	36	0	1	1	1	-1	NaN	11.3374	-13.4223	12.9003	157778.8803	157779.1824	0	1	0.4523
15wy01	1	36	0	1	2	1	-1	0.8576	NaN	NaN	NaN	157780.1447	157780.5001	0	1	0.4306
15wy01	1	37	0	1	1	1	1	NaN	1.428	0.0452	13.6294	157783.1185	157783.4227	0	0	1.2047
15wy01	1	37	0	1	2	1	1	0.1545	NaN	NaN	NaN	157785.1239	157785.5178	0	0	0.5335
15wy01	1	38	0	1	1	1	1	NaN	1.5981	2.0203	14.8563	157788.0237	157788.326	1	1	1.3568
15wy01	1	38	0	1	2	1	-1	0.0793	NaN	NaN	NaN	157790.1929	157790.5497	0	1	0.671
15wy01	1	39	0	1	1	1	-1	NaN	8.3889	-10.1584	14.7165	157793.4605	157793.7634	0	1	0.3519
15wy01	1	39	0	1	2	1	1	0.4807	NaN	NaN	NaN	157794.672	157795.0288	1	1	0.5259
15wy01	1	40	0	1	1	1	-1	NaN	4.0526	-5.2559	14.4034	157797.9033	157798.2054	0	1	0.3749
15wy01	1	40	0	1	2	1	1	0.4648	NaN	NaN	NaN	157799.1206	157799.4719	1	1	0.5954
15wy01	1	41	0	1	1	1	1	NaN	4.8914	5.3858	15.3466	157802.0599	157802.3626	1	1	0.3299
15wy01	1	41	0	1	2	1	-1	0.6217	NaN	NaN	NaN	157803.2021	157803.5553	0	1	0.3523
15wy01	1	42	0	1	1	1	1	NaN	11.6471	11.7653	14.6062	157806.1545	157806.4567	1	1	0.2661
15wy01	1	42	0	1	2	1	1	0.1497	NaN	NaN	NaN	157807.2175	157807.5687	1	1	0.8981
15wy01	1	43	0	1	1	1	-1	NaN	6.7344	-5.3438	15.5538	157811.0737	157811.3759	0	1	0.2763
15wy01	1	43	0	1	2	1	1	0.031	NaN	NaN	NaN	157812.1929	157812.5487	1	1	1.3435
15wy01	1	44	0	1	1	1	1	NaN	7.7879	8.9298	14.1394	157815.773	157816.0752	1	1	0.5211
15wy01	1	44	0	1	2	1	1	0.9243	NaN	NaN	NaN	157817.072	157817.4277	1	1	1.0077
15wy01	1	45	0	1	1	1	-1	NaN	9.8815	-9.9186	15.2246	157820.9655	157821.2677	1	0	0.7355
15wy01	1	45	0	1	2	1	1	0.0923	NaN	NaN	NaN	157822.545	157822.8993	0	0	0.6561
15wy01	1	46	0	1	1	1	1	NaN	1.1845	0.9917	16.4907	157825.9111	157826.2135	1	1	2.398
15wy01	1	46	0	1	2	1	-1	0.7564	NaN	NaN	NaN	157829.1228	157829.5386	0	1	0.4163
15wy01	1	47	0	1	1	1	1	NaN	9.2989	9.8679	14.6723	157832.0716	157832.3765	1	1	0.2187
15wy01	1	47	0	1	2	1	-1	0.0044	NaN	NaN	NaN	157833.1089	157833.5222	0	1	0.642
15wy01	1	48	0	1	1	1	-1	NaN	10.6381	-8.5752	14.1725	157836.3798	157836.6842	0	1	1.6386
15wy01	1	48	0	1	2	1	-1	0.2279	NaN	NaN	NaN	157838.8539	157839.2719	0	1	0.4762
15wy01	1	49	0	1	1	1	1	NaN	2.4929	3.5232	16.4133	157841.7827	157842.0871	0	0	0.4437
15wy01	1	49	0	1	2	1	-1	0.5577	NaN	NaN	NaN	157843.0441	157843.4551	0	1	0.3558
15wy01	1	50	0	1	1	1	1	NaN	11.7966	11.3412	14.9986	157846.3454	157846.6499	1	1	0.2822
15wy01	1	50	0	1	2	1	1	0.3969	NaN	NaN	NaN	157847.4603	157847.8715	0	0	0.5483
15wy01	2	1	0	1	1	1	-1	NaN	2.006	-1.4221	13.9266	157853.7337	157854.0382	1	0	1.3251
15wy01	2	1	0	1	2	1	1	0.9349	NaN	NaN	NaN	157855.9086	157856.3211	1	1	0.4018
15wy01	2	2	0	1	1	1	1	NaN	6.2536	4.961	13.66	157859.1996	157859.5041	0	0	1.5547
15wy01	2	2	0	1	2	1	-1	0.5195	NaN	NaN	NaN	157861.5718	157861.9874	0	1	0.2727
15wy01	2	3	0	1	1	1	1	NaN	6.0057	6.5755	15.7548	157864.672	157864.9781	0	0	1.2808
15wy01	2	3	0	1	2	1	1	0.6771	NaN	NaN	NaN	157866.7722	157867.1867	1	1	0.3366
15wy01	2	4	0	1	1	1	-1	NaN	11.4196	-11.854	16.1241	157869.7998	157870.1039	0	1	2.7795
15wy01	2	4	0	1	2	1	-1	0.3225	NaN	NaN	NaN	157873.3972	157873.8069	0	1	0.3719
15wy01	2	5	0	1	1	1	1	NaN	4.2087	0.8494	14.9648	157876.0099	157876.3141	0	0	1.3527
15wy01	2	5	0	1	2	1	1	0.5062	NaN	NaN	NaN	157878.1805	157878.5899	1	1	0.2929
15wy01	2	6	0	1	1	1	-1	NaN	5.0746	-7.1662	16.6047	157881.5772	157881.882	1	0	1.0494
15wy01	2	6	0	1	2	1	-1	0.1698	NaN	NaN	NaN	157883.4605	157883.8831	0	1	0.3457
15wy01	2	7	0	1	1	1	-1	NaN	9.6008	-8.0595	15.2639	157886.5343	157886.8392	0	1	0.4929
15wy01	2	7	0	1	2	1	-1	0.2469	NaN	NaN	NaN	157887.8446	157888.2339	0	1	0.3129
15wy01	2	8	0	1	1	1	1	NaN	5.1887	4.945	13.8232	157891.0495	157891.3545	1	1	0.5684
15wy01	2	8	0	1	2	1	1	0.4311	NaN	NaN	NaN	157892.4366	157892.8531	1	1	0.5752
15wy01	2	9	0	1	1	1	1	NaN	1.5238	1.5463	15.3834	157895.3946	157895.6995	1	1	1.1521
15wy01	2	9	0	1	2	1	-1	0.8605	NaN	NaN	NaN	157897.3668	157897.7857	0	1	0.5055
15wy01	2	10	0	1	1	1	-1	NaN	7.3925	-7.1391	14.7132	157900.6749	157900.9799	0	1	1.9366
15wy01	2	10	0	1	2	1	1	0.2385	NaN	NaN	NaN	157903.4303	157903.852	1	1	0.36
15wy01	2	11	0	1	1	1	1	NaN	7.8823	7.9054	15.9041	157906.2307	157906.5351	1	1	0.3797
15wy01	2	11	0	1	2	1	-1	0.396	NaN	NaN	NaN	157907.4612	157907.8802	0	1	0.3467
15wy01	2	12	0	1	1	1	-1	NaN	11.7797	-9.7096	14.3821	157910.5695	157910.8754	0	1	0.6155
15wy01	2	12	0	1	2	1	-1	0.4377	NaN	NaN	NaN	157912.0033	157912.4184	0	1	0.3205
15wy01	2	13	0	1	1	1	-1	NaN	9.8106	-10.6083	14.9467	157914.9146	157915.2191	0	1	0.3851
15wy01	2	13	0	1	2	1	-1	0.7772	NaN	NaN	NaN	157916.1341	157916.5393	0	1	0.2642
15wy01	2	14	0	1	1	1	1	NaN	7.412	8.8345	14.8004	157919.1933	157919.4955	1	1	0.2678
15wy01	2	14	0	1	2	1	1	0.5794	NaN	NaN	NaN	157920.3041	157920.66	1	1	0.2559
15wy01	2	15	0	1	1	1	1	NaN	6.6019	4.676	15.1589	157922.9059	157923.2087	1	1	0.3633
15wy01	2	15	0	1	2	1	1	0.8321	NaN	NaN	NaN	157924.0963	157924.4494	1	1	0.2265
15wy01	2	16	0	1	1	1	1	NaN	1.0059	2.9531	15.0669	157927.0325	157927.3347	1	1	0.2532
15wy01	2	16	0	1	2	1	1	0.428	NaN	NaN	NaN	157928.146	157928.496	1	1	0.2109
15wy01	2	17	0	1	1	1	-1	NaN	1.8285	-0.4205	14.08	157930.697	157930.9993	1	0	0.3487
15wy01	2	17	0	1	2	1	-1	0.8677	NaN	NaN	NaN	157931.873	157932.2262	0	1	0.1938
15wy01	2	18	0	1	1	1	1	NaN	1.1705	0.5984	15.3908	157934.5817	157934.8839	1	1	0.3509
15wy01	2	18	0	1	2	1	1	0.6007	NaN	NaN	NaN	157935.7618	157936.1122	1	1	0.6751
15wy01	2	19	0	1	1	1	-1	NaN	10.9888	-11.2496	15.2141	157939.215	157939.5192	0	1	0.3568
15wy01	2	19	0	1	2	1	-1	0.4007	NaN	NaN	NaN	157940.4041	157940.8165	0	1	1.0104
15wy01	2	20	0	1	1	1	-1	NaN	2.0542	-1.9362	13.8054	157944.0425	157944.347	0	1	1.3039
15wy01	2	20	0	1	2	1	1	0.6227	NaN	NaN	NaN	157946.1493	157946.5666	1	1	0.2534
15wy01	2	21	0	1	1	1	1	NaN	6.9025	7.0367	13.5037	157948.9511	157949.2573	1	1	0.2496
15wy01	2	21	0	1	2	1	-1	0.9083	NaN	NaN	NaN	157950.0522	157950.4665	0	1	0.2415
15wy01	2	22	0	1	1	1	1	NaN	5.5062	5.7572	14.3234	157952.7269	157953.0315	1	1	0.2998
15wy01	2	22	0	1	2	1	-1	0.2254	NaN	NaN	NaN	157953.8465	157954.2663	0	1	0.4741
15wy01	2	23	0	1	1	1	-1	NaN	3.4688	-4.4044	14.1688	157957.0959	157957.4004	0	1	0.2827
15wy01	2	23	0	1	2	1	-1	0.6423	NaN	NaN	NaN	157958.2152	157958.6327	1	0	0.2982
15wy01	2	24	0	1	1	1	-1	NaN	6.2166	-3.6763	15.2479	157961.4087	157961.7132	0	1	0.3709
15wy01	2	24	0	1	2	1	1	0.8316	NaN	NaN	NaN	157962.6307	157963.0492	1	1	0.3624
15wy01	2	25	0	1	1	1	-1	NaN	11.792	-14.5248	14.5592	157965.5439	157965.8484	0	1	0.3478
15wy01	2	25	0	1	2	1	-1	0.7832	NaN	NaN	NaN	157966.7089	157967.1193	0	1	0.3574
15wy01	2	26	0	1	1	1	1	NaN	10.622	13.6064	14.2766	157969.927	157970.2312	1	1	0.3163
15wy01	2	26	0	1	2	1	1	0.0359	NaN	NaN	NaN	157971.0784	157971.4988	0	0	0.4408
15wy01	2	27	0	1	1	1	1	NaN	4.4218	5.6495	15.4489	157974.0858	157974.3925	1	1	0.5552
15wy01	2	27	0	1	2	1	-1	0.1743	NaN	NaN	NaN	157975.4464	157975.8653	0	1	0.2826
15wy01	2	28	0	1	1	1	-1	NaN	1.0262	-1.961	16.2178	157978.3445	157978.6486	0	1	1.2596
15wy01	2	28	0	1	2	1	-1	0.4825	NaN	NaN	NaN	157980.4519	157980.8644	0	1	0.2758
15wy01	2	29	0	1	1	1	-1	NaN	0.3506	-0.7794	14.7426	157983.1872	157983.4922	0	1	1.7427
15wy01	2	29	0	1	2	1	1	0.761	NaN	NaN	NaN	157985.7475	157986.1642	1	1	0.2547
15wy01	2	30	0	1	1	1	1	NaN	11.6238	8.6594	16.0802	157988.5774	157988.8815	1	1	0.3054
15wy01	2	30	0	1	2	1	1	0.6824	NaN	NaN	NaN	157989.6832	157990.0974	0	0	0.4033
15wy01	2	31	0	1	1	1	-1	NaN	1.4798	-0.3727	16.3119	157993.1161	157993.4234	0	1	0.8675
15wy01	2	31	0	1	2	1	-1	0.2279	NaN	NaN	NaN	157994.8042	157995.2064	0	1	0.3336
15wy01	2	32	0	1	1	1	1	NaN	6.5641	7.4529	14.4252	157997.6883	157997.9931	0	0	0.8578
15wy01	2	32	0	1	2	1	-1	0.4284	NaN	NaN	NaN	157999.3808	157999.8105	0	1	0.4488
15wy01	2	33	0	1	1	1	1	NaN	0.5163	2.6847	15.7538	158002.7893	158003.0941	1	1	0.7488
15wy01	2	33	0	1	2	1	-1	0.0146	NaN	NaN	NaN	158004.3738	158004.7922	1	0	0.3803
15wy01	2	34	0	1	1	1	-1	NaN	4.1998	-4.6269	15.4256	158007.2244	158007.5288	0	1	0.4273
15wy01	2	34	0	1	2	1	-1	0.8828	NaN	NaN	NaN	158008.4842	158008.8847	0	1	0.2382
15wy01	2	35	0	1	1	1	1	NaN	7.226	6.9869	13.808	158011.1955	158011.4977	0	0	1.0336
15wy01	2	35	0	1	2	1	1	0.0064	NaN	NaN	NaN	158013.0416	158013.3917	0	0	0.5005
15wy01	2	36	0	1	1	1	-1	NaN	3.0901	-2.2104	14.6222	158016.3355	158016.6376	0	1	0.3586
15wy01	2	36	0	1	2	1	1	0.1418	NaN	NaN	NaN	158017.5372	158017.8898	1	1	1.8267
15wy01	2	37	0	1	1	1	-1	NaN	4.8217	-3.7615	14.1158	158022.1445	158022.4467	0	1	0.645
15wy01	2	37	0	1	2	1	1	0.4876	NaN	NaN	NaN	158023.6173	158023.9717	0	0	0.5928
15wy01	2	38	0	1	1	1	-1	NaN	1.2811	-0.5748	14.619	158026.7549	158027.0572	0	1	0.9312
15wy01	2	38	0	1	2	1	1	0.6852	NaN	NaN	NaN	158028.4974	158028.8547	0	0	0.7341
15wy01	2	39	0	1	1	1	-1	NaN	10.5558	-12.9422	14.6841	158031.6598	158031.962	0	1	0.2824
15wy01	2	39	0	1	2	1	-1	0.861	NaN	NaN	NaN	158032.7533	158033.1057	0	1	0.4332
15wy01	2	40	0	1	1	1	-1	NaN	8.2706	-9.5507	15.4129	158036.0375	158036.3397	0	1	0.4639
15wy01	2	40	0	1	2	1	1	0.6214	NaN	NaN	NaN	158037.3288	158037.6834	1	1	0.3675
15wy01	2	41	0	1	1	1	1	NaN	11.4027	11.5951	13.8353	158040.4898	158040.7922	1	1	0.2679
15wy01	2	41	0	1	2	1	-1	0.3012	NaN	NaN	NaN	158041.5854	158041.9387	0	1	0.3689
15wy01	2	42	0	1	1	1	-1	NaN	7.4647	-7.4208	13.7048	158044.2041	158044.5063	0	1	0.281
15wy01	2	42	0	1	2	1	1	0.8104	NaN	NaN	NaN	158045.3322	158045.7446	1	1	0.2117
15wy01	2	43	0	1	1	1	1	NaN	2.7111	2.5019	13.9911	158048.3739	158048.6787	0	0	0.3643
15wy01	2	43	0	1	2	1	-1	0.185	NaN	NaN	NaN	158049.5749	158049.9955	0	1	0.1206
15wy01	2	44	0	1	1	1	-1	NaN	0.9103	-1.0823	13.8304	158052.325	158052.6299	1	0	0.7662
15wy01	2	44	0	1	2	1	-1	0.5394	NaN	NaN	NaN	158053.9435	158054.3614	0	1	0.267
15wy01	2	45	0	1	1	1	-1	NaN	4.2379	-4.5734	14.8875	158056.979	158057.2848	0	1	0.2399
15wy01	2	45	0	1	2	1	1	0.223	NaN	NaN	NaN	158058.0522	158058.4732	1	1	0.3297
15wy01	2	46	0	1	1	1	-1	NaN	9.9699	-9.7353	16.0715	158060.8957	158061.2017	0	1	0.2584
15wy01	2	46	0	1	2	1	-1	0.3341	NaN	NaN	NaN	158062.0058	158062.4277	0	1	0.2641
15wy01	2	47	0	1	1	1	-1	NaN	1.5837	-3.052	14.9902	158065.2073	158065.5118	0	1	0.2527
15wy01	2	47	0	1	2	1	1	0.0916	NaN	NaN	NaN	158066.2935	158066.7102	1	1	0.3812
15wy01	2	48	0	1	1	1	-1	NaN	8.7807	-11.1792	14.5832	158069.0734	158069.3776	0	1	0.1628
15wy01	2	48	0	1	2	1	1	0.6167	NaN	NaN	NaN	158070.0832	158070.4934	1	1	0.3096
15wy01	2	49	0	1	1	1	1	NaN	11.0063	11.7594	15.2074	158073.0342	158073.3382	1	1	0.2807
15wy01	2	49	0	1	2	1	1	0.5222	NaN	NaN	NaN	158074.1478	158074.5599	1	1	0.2275
15wy01	2	50	0	1	1	1	1	NaN	11.9536	11.4831	13.609	158076.9777	158077.2826	1	1	0.1772
15wy01	2	50	0	1	2	1	-1	0.5114	NaN	NaN	NaN	158078.0069	158078.4267	0	1	0.1042
15wy01	3	1	0	1	1	1	1	NaN	1.0132	0.2379	13.8443	158082.6947	158083.0012	1	1	0.2507
15wy01	3	1	0	1	2	1	1	0.8253	NaN	NaN	NaN	158083.7803	158084.1927	1	1	0.0839
15wy01	3	2	0	1	1	1	1	NaN	2.2852	2.9714	15.6314	158086.2144	158086.5204	1	1	0.1545
15wy01	3	2	0	1	2	1	-1	0.6357	NaN	NaN	NaN	158087.2067	158087.6264	0	1	0.0565
15wy01	3	3	0	1	1	1	-1	NaN	7.4887	-5.7641	15.0859	158089.8651	158090.1673	0	1	0.6521
15wy01	3	3	0	1	2	1	1	0.4645	NaN	NaN	NaN	158091.3641	158091.7758	1	1	0.0512
15wy01	3	4	0	1	1	1	-1	NaN	6.3257	-8.4563	14.7233	158093.7987	158094.1034	0	1	0.1733
15wy01	3	4	0	1	2	1	-1	0.4181	NaN	NaN	NaN	158094.8069	158095.226	0	1	0.1695
15wy01	3	5	0	1	1	1	-1	NaN	9.0447	-9.8948	15.3886	158097.6598	158097.965	0	1	0.2151
15wy01	3	5	0	1	2	1	-1	0.7193	NaN	NaN	NaN	158098.7252	158099.1425	0	1	0.0924
15wy01	3	6	0	1	1	1	1	NaN	9.7714	10.3807	15.4368	158101.6084	158101.9106	1	1	0.158
15wy01	3	6	0	1	2	1	1	0.2416	NaN	NaN	NaN	158102.6094	158102.9634	0	0	0.2396
15wy01	3	7	0	1	1	1	-1	NaN	8.1837	-10.1847	13.919	158105.4128	158105.7163	0	1	0.2235
15wy01	3	7	0	1	2	1	-1	0.0566	NaN	NaN	NaN	158106.4812	158106.8343	1	0	1.3134
15wy01	3	8	0	1	1	1	1	NaN	6.9207	7.6019	15.2127	158110.461	158110.7632	1	1	0.4877
15wy01	3	8	0	1	2	1	1	0.7652	NaN	NaN	NaN	158111.761	158112.1172	1	1	0.4464
15wy01	3	9	0	1	1	1	1	NaN	2.661	1.5829	15.5967	158114.9298	158115.2326	0	0	1.955
15wy01	3	9	0	1	2	1	1	0.6757	NaN	NaN	NaN	158117.6972	158118.0516	1	1	0.2554
15wy01	3	10	0	1	1	1	-1	NaN	6.2598	-6.122	14.7511	158120.5167	158120.819	0	1	0.8326
15wy01	3	10	0	1	2	1	-1	0.0679	NaN	NaN	NaN	158122.1608	158122.5167	1	0	1.0227
15wy01	3	11	0	1	1	1	-1	NaN	4.0455	-3.2205	15.1725	158125.9571	158126.2592	1	0	0.5926
15wy01	3	11	0	1	2	1	-1	0.0113	NaN	NaN	NaN	158127.3764	158127.7333	1	0	0.7023
15wy01	3	12	0	1	1	1	-1	NaN	2.2675	-0.2228	14.9994	158130.7329	158131.0352	1	0	0.9846
15wy01	3	12	0	1	2	1	-1	0.7075	NaN	NaN	NaN	158132.5611	158132.9163	0	1	0.3033
15wy01	3	13	0	1	1	1	1	NaN	8.9176	9.889	14.237	158135.4879	158135.7924	1	1	0.4994
15wy01	3	13	0	1	2	1	-1	0.7199	NaN	NaN	NaN	158136.8385	158137.2573	0	1	0.3146
15wy01	3	14	0	1	1	1	-1	NaN	2.0151	-2.0055	13.5266	158139.9755	158140.2827	1	0	1.1763
15wy01	3	14	0	1	2	1	1	0.4654	NaN	NaN	NaN	158141.9901	158142.4055	1	1	0.254
15wy01	3	15	0	1	1	1	1	NaN	2.2425	2.7892	14.0311	158145.344	158145.6478	1	1	0.4518
15wy01	3	15	0	1	2	1	-1	0.7554	NaN	NaN	NaN	158146.6412	158146.9946	0	1	0.3056
15wy01	3	16	0	1	1	1	1	NaN	4.4092	3.6434	15.2133	158149.1985	158149.5006	1	1	0.312
15wy01	3	16	0	1	2	1	-1	0.3757	NaN	NaN	NaN	158150.3054	158150.6614	0	1	0.3185
15wy01	3	17	0	1	1	1	-1	NaN	5.6511	-6.1215	14.1699	158153.3263	158153.6293	1	0	0.5022
15wy01	3	17	0	1	2	1	1	0.5686	NaN	NaN	NaN	158154.6727	158155.0277	1	1	0.2879
15wy01	3	18	0	1	1	1	1	NaN	0.3665	0.2781	14.5645	158157.3814	158157.6837	1	1	0.2239
15wy01	3	18	0	1	2	1	1	0.1879	NaN	NaN	NaN	158158.4179	158158.7679	1	1	0.2431
15wy01	3	19	0	1	1	1	-1	NaN	6.5745	-8.3286	13.8161	158161.2083	158161.5106	1	0	1.533
15wy01	3	19	0	1	2	1	-1	0.4017	NaN	NaN	NaN	158163.5685	158163.9208	0	1	0.3702
15wy01	3	20	0	1	1	1	-1	NaN	2.7659	-3.8064	14.0208	158166.4291	158166.7313	1	0	0.2967
15wy01	3	20	0	1	2	1	-1	0.4474	NaN	NaN	NaN	158167.537	158167.8939	1	0	0.8451
15wy01	3	21	0	1	1	1	-1	NaN	4.0846	-5.1454	16.335	158171.2616	158171.5638	1	0	0.3439
15wy01	3	21	0	1	2	1	1	0.9118	NaN	NaN	NaN	158172.4503	158172.8007	1	1	0.3395
15wy01	3	22	0	1	1	1	-1	NaN	5.139	-4.2096	16.2569	158175.0221	158175.3244	1	0	0.8079
15wy01	3	22	0	1	2	1	1	0.1814	NaN	NaN	NaN	158176.6722	158177.0266	1	1	0.6091
15wy01	3	23	0	1	1	1	-1	NaN	2.3774	-1.6742	15.3821	158179.703	158180.0068	1	0	0.3162
15wy01	3	23	0	1	2	1	-1	0.3538	NaN	NaN	NaN	158180.854	158181.2473	0	1	0.4205
15wy01	3	24	0	1	1	1	-1	NaN	11.4901	-11.4797	14.8336	158183.5062	158183.8083	0	1	0.2587
15wy01	3	24	0	1	2	1	-1	0.5195	NaN	NaN	NaN	158184.5763	158184.9304	0	1	0.2902
15wy01	3	25	0	1	1	1	-1	NaN	1.2798	-1.4356	16.074	158187.3265	158187.6291	1	0	0.5019
15wy01	3	25	0	1	2	1	-1	0.4205	NaN	NaN	NaN	158188.6414	158188.9969	0	1	0.2546
15wy01	3	26	0	1	1	1	-1	NaN	5.2284	-5.2238	15.2282	158191.3004	158191.6026	0	1	1.2969
15wy01	3	26	0	1	2	1	1	0.2163	NaN	NaN	NaN	158193.4083	158193.7632	1	1	0.2081
15wy01	3	27	0	1	1	1	1	NaN	9.6034	10.5856	14.5131	158196.395	158196.6972	0	0	0.9063
15wy01	3	27	0	1	2	1	-1	0.4611	NaN	NaN	NaN	158198.1442	158198.4976	0	1	0.291
15wy01	3	28	0	1	1	1	-1	NaN	3.8352	-6.4312	15.402	158200.7186	158201.0207	1	0	0.4564
15wy01	3	28	0	1	2	1	-1	0.0654	NaN	NaN	NaN	158202.0169	158202.3687	0	1	1.4744
15wy01	3	29	0	1	1	1	1	NaN	7.9983	7.149	14.9041	158206.2694	158206.5716	1	1	0.3594
15wy01	3	29	0	1	2	1	1	0.6632	NaN	NaN	NaN	158207.4731	158207.8292	1	1	0.3178
15wy01	3	30	0	1	1	1	1	NaN	8.8543	8.884	14.9657	158210.2204	158210.5226	1	1	0.2501
15wy01	3	30	0	1	2	1	-1	0.05	NaN	NaN	NaN	158211.282	158211.6322	1	0	0.8348
15wy01	3	31	0	1	1	1	1	NaN	4.7911	4.7842	13.3046	158215.1181	158215.4203	1	1	1.1913
15wy01	3	31	0	1	2	1	-1	0.0574	NaN	NaN	NaN	158217.153	158217.5081	1	0	0.7205
15wy01	3	32	0	1	1	1	1	NaN	7.6624	7.5844	15.087	158220.331	158220.6332	1	1	0.2027
15wy01	3	32	0	1	2	1	1	0.6649	NaN	NaN	NaN	158221.3603	158221.7132	1	1	0.3384
15wy01	3	33	0	1	1	1	-1	NaN	1.6328	-2.1946	14.1994	158224.5981	158224.9004	1	0	0.3195
15wy01	3	33	0	1	2	1	1	0.1383	NaN	NaN	NaN	158225.7304	158226.0814	1	1	0.578
15wy01	3	34	0	1	1	1	-1	NaN	7.7372	-7.658	15.8976	158228.8684	158229.1725	1	0	0.3026
15wy01	3	34	0	1	2	1	1	0.8127	NaN	NaN	NaN	158230.0041	158230.4189	1	1	0.3041
15wy01	3	35	0	1	1	1	-1	NaN	2.1822	-3.6862	14.2661	158233.0892	158233.3965	1	0	1.1986
15wy01	3	35	0	1	2	1	1	0.8651	NaN	NaN	NaN	158235.1247	158235.5493	1	1	0.2298
15wy01	3	36	0	1	1	1	1	NaN	9.3662	7.8596	13.3771	158238.4445	158238.7494	1	1	0.4377
15wy01	3	36	0	1	2	1	-1	0.3272	NaN	NaN	NaN	158239.7187	158240.1479	0	1	0.7832
15wy01	3	37	0	1	1	1	1	NaN	5.8633	4.5206	15.4104	158243.0142	158243.3187	1	1	0.3485
15wy01	3	37	0	1	2	1	1	0.6938	NaN	NaN	NaN	158244.199	158244.5832	1	1	0.4598
15wy01	3	38	0	1	1	1	-1	NaN	6.9958	-6.5226	15.2814	158247.4261	158247.7283	0	1	1.1722
15wy01	3	38	0	1	2	1	-1	0.3654	NaN	NaN	NaN	158249.4092	158249.7618	0	1	0.3703
15wy01	3	39	0	1	1	1	-1	NaN	5.0072	-5.9236	16.0926	158252.1036	158252.4058	1	0	0.7813
15wy01	3	39	0	1	2	1	-1	0.228	NaN	NaN	NaN	158253.7134	158254.0634	0	1	0.4997
15wy01	3	40	0	1	1	1	1	NaN	7.0088	6.5805	14.3363	158257.0429	158257.3451	1	1	0.434
15wy01	3	40	0	1	2	1	-1	0.3267	NaN	NaN	NaN	158258.3214	158258.6767	0	1	0.5435
15wy01	3	41	0	1	1	1	1	NaN	5.1798	3.6284	14.425	158261.4831	158261.7854	1	1	0.4258
15wy01	3	41	0	1	2	1	-1	0.2774	NaN	NaN	NaN	158262.7535	158263.1099	0	1	0.462
15wy01	3	42	0	1	1	1	1	NaN	3.3123	4.0763	14.1567	158265.9264	158266.2285	1	1	0.7042
15wy01	3	42	0	1	2	1	1	0.717	NaN	NaN	NaN	158267.4734	158267.8276	1	1	0.3197
15wy01	3	43	0	1	1	1	-1	NaN	0.0138	-0.0652	15.0029	158269.9864	158270.2887	1	0	0.2431
15wy01	3	43	0	1	2	1	1	0.8702	NaN	NaN	NaN	158271.0731	158271.4274	1	1	0.2247
15wy01	3	44	0	1	1	1	-1	NaN	5.1625	-4.093	14.5765	158274.0098	158274.3142	0	1	0.6014
15wy01	3	44	0	1	2	1	1	0.8772	NaN	NaN	NaN	158275.4466	158275.8673	1	1	0.1363
15wy01	3	45	0	1	1	1	1	NaN	2.9003	2.9442	14.581	158278.2779	158278.5828	1	1	0.2055
15wy01	3	45	0	1	2	1	-1	0.3703	NaN	NaN	NaN	158279.3334	158279.7509	0	1	0.3816
15wy01	3	46	0	1	1	1	-1	NaN	9.35	-9.4276	15.3628	158282.2928	158282.5977	0	1	0.4467
15wy01	3	46	0	1	2	1	-1	0.5043	NaN	NaN	NaN	158283.6038	158284.0168	0	1	0.1945
15wy01	3	47	0	1	1	1	-1	NaN	11.989	-10.5054	16.2452	158286.2296	158286.5341	0	1	0.1569
15wy01	3	47	0	1	2	1	-1	0.1216	NaN	NaN	NaN	158287.2044	158287.6167	0	1	0.339
15wy01	3	48	0	1	1	1	-1	NaN	11.757	-11.1292	14.9352	158290.023	158290.3275	0	1	0.2049
15wy01	3	48	0	1	2	1	-1	0.8596	NaN	NaN	NaN	158291.0619	158291.4831	0	1	0.2649
15wy01	3	49	0	1	1	1	-1	NaN	7.4051	-7.6949	15.6035	158293.8629	158294.1673	0	1	0.1733
15wy01	3	49	0	1	2	1	1	0.2759	NaN	NaN	NaN	158294.8684	158295.283	1	1	0.3532
15wy01	3	50	0	1	1	1	1	NaN	0.9735	2.9587	15.0017	158297.8268	158298.1313	1	1	1.0252
15wy01	3	50	0	1	2	1	-1	0.7412	NaN	NaN	NaN	158299.7326	158300.1494	0	1	0.3017
