35ly03	1	1	1	1	1.0000	1.0000	1.0000	NaN	0.7562	2.5778	14.7118	33870.0925	33870.3945	1.0000	1.0000	0.3095
35ly03	1	1	1	1	2.0000	1.0000	1.0000	0.0302	NaN	NaN	NaN	33871.2326	33871.5726	0.0000	0.0000	0.2044
35ly03	1	2	1	1	1.0000	1.0000	1.0000	NaN	5.2837	6.3051	14.4972	33873.6640	33873.9650	1.0000	1.0000	0.3220
35ly03	1	2	1	1	2.0000	1.0000	1.0000	0.1155	NaN	NaN	NaN	33874.8075	33875.1364	1.0000	1.0000	0.2167
35ly03	1	3	1	1	1.0000	1.0000	-1.0000	NaN	2.0738	-1.2695	16.6078	33877.5074	33877.8084	0.0000	1.0000	0.2798
35ly03	1	3	1	1	2.0000	1.0000	1.0000	0.1498	NaN	NaN	NaN	33878.6154	33878.9444	1.0000	1.0000	0.1126
35ly03	1	4	1	1	1.0000	1.0000	-1.0000	NaN	3.9465	-4.4940	15.3936	33881.2291	33881.5301	0.0000	1.0000	0.2714
35ly03	1	4	1	1	2.0000	1.0000	1.0000	0.1289	NaN	NaN	NaN	33882.3106	33882.6388	1.0000	1.0000	0.1922
35ly03	1	5	1	1	1.0000	1.0000	-1.0000	NaN	4.1703	-4.1125	15.5488	33884.9223	33885.2233	0.0000	1.0000	0.1765
35ly03	1	5	1	1	2.0000	1.0000	1.0000	0.0842	NaN	NaN	NaN	33885.9423	33886.2714	1.0000	1.0000	0.2579
35ly03	1	6	1	1	1.0000	1.0000	1.0000	NaN	4.4652	6.2269	15.2806	33888.6261	33888.9272	1.0000	1.0000	0.4179
35ly03	1	6	1	1	2.0000	1.0000	1.0000	0.0502	NaN	NaN	NaN	33889.8383	33890.1660	0.0000	0.0000	0.1210
35ly03	1	7	1	1	1.0000	1.0000	-1.0000	NaN	1.0402	-0.9714	15.6320	33892.3821	33892.6835	1.0000	0.0000	0.5955
35ly03	1	7	1	1	2.0000	1.0000	-1.0000	0.0893	NaN	NaN	NaN	33893.7989	33894.1262	1.0000	0.0000	0.3066
35ly03	1	8	1	1	1.0000	1.0000	1.0000	NaN	5.3436	4.7083	15.2880	33896.8572	33897.1589	1.0000	1.0000	0.4820
35ly03	1	8	1	1	2.0000	1.0000	1.0000	0.2005	NaN	NaN	NaN	33898.1353	33898.4632	0.0000	0.0000	0.8021
35ly03	1	9	1	1	1.0000	1.0000	1.0000	NaN	1.6361	1.7039	14.1073	33901.2439	33901.5449	1.0000	1.0000	0.4159
35ly03	1	9	1	1	2.0000	1.0000	1.0000	0.1307	NaN	NaN	NaN	33902.4546	33902.7817	1.0000	1.0000	0.1952
35ly03	1	10	1	1	1.0000	1.0000	-1.0000	NaN	3.9006	-4.2364	14.9574	33905.4087	33905.7099	1.0000	0.0000	0.3713
35ly03	1	10	1	1	2.0000	1.0000	-1.0000	0.0305	NaN	NaN	NaN	33906.5824	33906.9099	1.0000	0.0000	0.1952
35ly03	1	11	1	1	1.0000	1.0000	1.0000	NaN	3.9452	3.8904	15.4642	33909.3516	33909.6528	1.0000	1.0000	0.2184
35ly03	1	11	1	1	2.0000	1.0000	1.0000	0.2336	NaN	NaN	NaN	33910.3825	33910.7119	1.0000	1.0000	0.3671
35ly03	1	12	1	1	1.0000	1.0000	1.0000	NaN	1.3943	1.2162	13.8265	33912.9940	33913.2951	1.0000	1.0000	0.3143
35ly03	1	12	1	1	2.0000	1.0000	1.0000	0.1398	NaN	NaN	NaN	33914.1179	33914.4456	1.0000	1.0000	0.0514
35ly03	1	13	1	1	1.0000	1.0000	-1.0000	NaN	3.7990	-1.7237	12.4341	33916.8255	33917.1265	0.0000	1.0000	0.2826
35ly03	1	13	1	1	2.0000	1.0000	1.0000	0.0109	NaN	NaN	NaN	33917.9433	33918.2710	1.0000	1.0000	0.1219
35ly03	1	14	1	1	1.0000	1.0000	-1.0000	NaN	5.1319	-5.4966	15.8974	33920.5894	33920.8904	0.0000	1.0000	0.1723
35ly03	1	14	1	1	2.0000	1.0000	1.0000	0.2329	NaN	NaN	NaN	33921.5996	33921.9308	1.0000	1.0000	0.0304
35ly03	1	15	1	1	1.0000	1.0000	-1.0000	NaN	1.1989	-2.2534	14.4416	33924.1500	33924.4511	0.0000	1.0000	0.1420
35ly03	1	15	1	1	2.0000	1.0000	1.0000	0.0182	NaN	NaN	NaN	33925.1274	33925.4565	1.0000	1.0000	0.0327
35ly03	1	16	1	1	1.0000	1.0000	1.0000	NaN	0.2067	0.1110	15.0426	33927.6541	33927.9555	1.0000	1.0000	0.2355
35ly03	1	16	1	1	2.0000	1.0000	1.0000	0.0663	NaN	NaN	NaN	33928.7026	33929.0291	1.0000	1.0000	0.0044
35ly03	1	17	1	1	1.0000	1.0000	-1.0000	NaN	1.7750	-1.5805	15.1829	33931.3311	33931.6322	0.0000	1.0000	0.1769
35ly03	1	17	1	1	2.0000	1.0000	1.0000	0.1994	NaN	NaN	NaN	33932.3434	33932.6736	1.0000	1.0000	0.0702
35ly03	1	18	1	1	1.0000	1.0000	1.0000	NaN	0.4603	2.6070	13.2627	33935.1152	33935.4162	1.0000	1.0000	0.3530
35ly03	1	18	1	1	2.0000	1.0000	1.0000	0.2330	NaN	NaN	NaN	33936.2640	33936.5934	1.0000	1.0000	0.0007
35ly03	1	19	1	1	1.0000	1.0000	1.0000	NaN	2.9948	3.0701	13.4434	33938.9069	33939.2084	1.0000	1.0000	0.2072
35ly03	1	19	1	1	2.0000	1.0000	1.0000	0.0814	NaN	NaN	NaN	33939.9274	33940.2559	1.0000	1.0000	0.0006
35ly03	1	20	1	1	1.0000	1.0000	-1.0000	NaN	3.5069	-3.2257	15.4601	33942.1962	33942.4974	0.0000	1.0000	0.1598
35ly03	1	20	1	1	2.0000	1.0000	1.0000	0.2935	NaN	NaN	NaN	33943.1430	33943.4725	1.0000	1.0000	5.3039
35ly03	1	21	1	1	1.0000	1.0000	-1.0000	NaN	4.5108	-3.2896	14.4269	33951.2310	33951.5320	0.0000	1.0000	0.2525
35ly03	1	21	1	1	2.0000	1.0000	1.0000	0.2350	NaN	NaN	NaN	33952.3283	33952.6558	1.0000	1.0000	0.1854
35ly03	1	22	1	1	1.0000	1.0000	1.0000	NaN	0.5716	0.9977	13.9625	33954.7134	33955.0144	0.0000	0.0000	0.2171
35ly03	1	22	1	1	2.0000	1.0000	-1.0000	0.2912	NaN	NaN	NaN	33955.7431	33956.0727	1.0000	0.0000	0.0142
35ly03	1	23	1	1	1.0000	1.0000	-1.0000	NaN	3.8246	-1.8816	14.9015	33958.3436	33958.6446	0.0000	1.0000	0.1562
35ly03	1	23	1	1	2.0000	1.0000	1.0000	0.0699	NaN	NaN	NaN	33959.3426	33959.6702	1.0000	1.0000	0.2168
35ly03	1	24	1	1	1.0000	1.0000	-1.0000	NaN	1.9081	-2.8947	13.7533	33962.0028	33962.3041	0.0000	1.0000	0.1132
35ly03	1	24	1	1	2.0000	1.0000	1.0000	0.2129	NaN	NaN	NaN	33962.9590	33963.2873	1.0000	1.0000	0.0897
35ly03	1	25	1	1	1.0000	1.0000	1.0000	NaN	5.7013	4.8988	16.0472	33965.8216	33966.1228	1.0000	1.0000	0.3001
35ly03	1	25	1	1	2.0000	1.0000	1.0000	0.0085	NaN	NaN	NaN	33966.9257	33967.2547	1.0000	1.0000	0.2171
35ly03	1	26	1	1	1.0000	1.0000	-1.0000	NaN	1.0315	-1.9424	15.8636	33969.8441	33970.1451	0.0000	1.0000	0.1683
35ly03	1	26	1	1	2.0000	1.0000	1.0000	0.3062	NaN	NaN	NaN	33970.8382	33971.1650	1.0000	1.0000	0.0267
35ly03	1	27	1	1	1.0000	1.0000	1.0000	NaN	2.8820	0.6663	13.0851	33973.2811	33973.5821	0.0000	0.0000	0.1871
35ly03	1	27	1	1	2.0000	1.0000	-1.0000	0.1832	NaN	NaN	NaN	33974.2877	33974.6154	1.0000	0.0000	0.3036
35ly03	1	28	1	1	1.0000	1.0000	-1.0000	NaN	0.8332	-2.3710	13.4312	33977.1591	33977.4601	0.0000	1.0000	0.2510
35ly03	1	28	1	1	2.0000	1.0000	1.0000	0.0645	NaN	NaN	NaN	33978.2383	33978.5668	1.0000	1.0000	0.2505
35ly03	1	29	1	1	1.0000	1.0000	-1.0000	NaN	2.3907	-2.5317	14.6228	33981.0306	33981.3316	0.0000	1.0000	0.1259
35ly03	1	29	1	1	2.0000	1.0000	1.0000	0.0787	NaN	NaN	NaN	33981.9912	33982.3196	1.0000	1.0000	0.1294
35ly03	1	30	1	1	1.0000	1.0000	-1.0000	NaN	0.6882	-0.8642	14.9019	33984.2450	33984.5461	0.0000	1.0000	0.3111
35ly03	1	30	1	1	2.0000	1.0000	1.0000	0.1529	NaN	NaN	NaN	33985.3765	33985.7067	1.0000	1.0000	0.0761
35ly03	1	31	1	1	1.0000	1.0000	-1.0000	NaN	2.3692	-3.2703	16.2582	33987.7798	33988.0808	0.0000	1.0000	0.1922
35ly03	1	31	1	1	2.0000	1.0000	1.0000	0.3115	NaN	NaN	NaN	33988.7908	33989.1188	1.0000	1.0000	0.1305
35ly03	1	32	1	1	1.0000	1.0000	1.0000	NaN	1.1322	2.7652	13.9585	33991.4795	33991.7806	1.0000	1.0000	0.1952
35ly03	1	32	1	1	2.0000	1.0000	1.0000	0.2578	NaN	NaN	NaN	33992.4787	33992.8093	1.0000	1.0000	0.2697
35ly03	1	33	1	1	1.0000	1.0000	-1.0000	NaN	1.4145	-2.3481	14.3874	33995.3092	33995.6102	1.0000	0.0000	0.3897
35ly03	1	33	1	1	2.0000	1.0000	-1.0000	0.0589	NaN	NaN	NaN	33996.4957	33996.8242	0.0000	1.0000	0.3029
35ly03	1	34	1	1	1.0000	1.0000	-1.0000	NaN	0.0529	-0.2607	14.2216	33999.0509	33999.3519	0.0000	1.0000	0.2159
35ly03	1	34	1	1	2.0000	1.0000	1.0000	0.0310	NaN	NaN	NaN	34000.0877	34000.4210	1.0000	1.0000	0.1779
35ly03	1	35	1	1	1.0000	1.0000	-1.0000	NaN	1.2980	-3.4683	14.7974	34002.9299	34003.2309	0.0000	1.0000	0.0820
35ly03	1	35	1	1	2.0000	1.0000	1.0000	0.2036	NaN	NaN	NaN	34003.8301	34004.1574	1.0000	1.0000	0.0991
35ly03	1	36	1	1	1.0000	1.0000	1.0000	NaN	4.2767	3.0663	15.3818	34006.1704	34006.4715	1.0000	1.0000	0.1932
35ly03	1	36	1	1	2.0000	1.0000	1.0000	0.0365	NaN	NaN	NaN	34007.1905	34007.5201	1.0000	1.0000	0.1450
35ly03	1	37	1	1	1.0000	1.0000	-1.0000	NaN	5.5344	-5.9930	15.0364	34009.9615	34010.2627	0.0000	1.0000	0.1144
35ly03	1	37	1	1	2.0000	1.0000	1.0000	0.2743	NaN	NaN	NaN	34010.9036	34011.2323	1.0000	1.0000	0.2811
35ly03	1	38	1	1	1.0000	1.0000	-1.0000	NaN	2.8247	-0.6724	14.5989	34013.7839	34014.0852	1.0000	0.0000	0.3298
35ly03	1	38	1	1	2.0000	1.0000	-1.0000	0.0804	NaN	NaN	NaN	34014.9108	34015.2389	0.0000	1.0000	0.2161
35ly03	1	39	1	1	1.0000	1.0000	1.0000	NaN	5.4175	7.4095	14.2522	34017.8775	34018.1787	1.0000	1.0000	0.1659
35ly03	1	39	1	1	2.0000	1.0000	1.0000	0.1627	NaN	NaN	NaN	34018.8551	34019.1838	1.0000	1.0000	0.4254
35ly03	1	40	1	1	1.0000	1.0000	1.0000	NaN	4.4390	5.0402	16.1006	34021.7623	34022.0633	0.0000	0.0000	0.2006
35ly03	1	40	1	1	2.0000	1.0000	-1.0000	0.3217	NaN	NaN	NaN	34022.7905	34023.1186	0.0000	1.0000	0.1463
35ly03	1	41	1	1	1.0000	1.0000	1.0000	NaN	3.7243	3.3840	13.3035	34025.8108	34026.1119	1.0000	1.0000	0.2406
35ly03	1	41	1	1	2.0000	1.0000	1.0000	0.2937	NaN	NaN	NaN	34026.8553	34027.1843	1.0000	1.0000	0.1852
35ly03	1	42	1	1	1.0000	1.0000	-1.0000	NaN	0.9211	-0.5979	15.7381	34029.5138	34029.8148	0.0000	1.0000	0.1772
35ly03	1	42	1	1	2.0000	1.0000	1.0000	0.0488	NaN	NaN	NaN	34030.5350	34030.8630	1.0000	1.0000	0.2016
35ly03	1	43	1	1	1.0000	1.0000	-1.0000	NaN	1.2310	-3.3565	13.9318	34033.4607	34033.7617	0.0000	1.0000	0.1262
35ly03	1	43	1	1	2.0000	1.0000	1.0000	0.3053	NaN	NaN	NaN	34034.4067	34034.7354	1.0000	1.0000	0.0157
35ly03	1	44	1	1	1.0000	1.0000	-1.0000	NaN	1.1316	-0.9578	12.8811	34037.2401	34037.5413	0.0000	1.0000	0.2601
35ly03	1	44	1	1	2.0000	1.0000	1.0000	0.3299	NaN	NaN	NaN	34038.3188	34038.6462	1.0000	1.0000	0.1050
35ly03	1	45	1	1	1.0000	1.0000	-1.0000	NaN	5.8401	-5.8104	15.8602	34041.0012	34041.3022	0.0000	1.0000	0.0976
35ly03	1	45	1	1	2.0000	1.0000	1.0000	0.0405	NaN	NaN	NaN	34041.9430	34042.2721	1.0000	1.0000	0.0150
35ly03	1	46	1	1	1.0000	1.0000	1.0000	NaN	0.4292	0.2080	13.7845	34044.5429	34044.8442	1.0000	1.0000	0.1709
35ly03	1	46	1	1	2.0000	1.0000	1.0000	0.2474	NaN	NaN	NaN	34045.5113	34045.8392	1.0000	1.0000	0.0006
35ly03	1	47	1	1	1.0000	1.0000	-1.0000	NaN	6.7632	-6.4070	14.0110	34048.0304	34048.3316	0.0000	1.0000	0.1880
35ly03	1	47	1	1	2.0000	1.0000	1.0000	0.0429	NaN	NaN	NaN	34049.0556	34049.3852	1.0000	1.0000	0.0316
35ly03	1	48	1	1	1.0000	1.0000	1.0000	NaN	0.5492	1.2945	15.3668	34051.7572	34052.0584	1.0000	1.0000	0.2708
35ly03	1	48	1	1	2.0000	1.0000	1.0000	0.2616	NaN	NaN	NaN	34052.8069	34053.1350	1.0000	1.0000	0.2742
35ly03	1	49	1	1	1.0000	1.0000	-1.0000	NaN	1.2771	-2.7315	15.7151	34055.2721	34055.5732	0.0000	1.0000	0.3319
35ly03	1	49	1	1	2.0000	1.0000	1.0000	0.2566	NaN	NaN	NaN	34056.4225	34056.7510	1.0000	1.0000	0.4811
35ly03	1	50	1	1	1.0000	1.0000	-1.0000	NaN	1.2799	-2.6617	14.9324	34059.2695	34059.5705	1.0000	0.0000	0.1833
35ly03	1	50	1	1	2.0000	1.0000	-1.0000	0.0491	NaN	NaN	NaN	34060.2555	34060.5845	1.0000	0.0000	0.1701
35ly03	2	1	1	1	1.0000	1.0000	1.0000	NaN	2.9271	0.6480	15.5437	34063.8223	34064.1234	0.0000	0.0000	0.2059
35ly03	2	1	1	1	2.0000	1.0000	-1.0000	0.1521	NaN	NaN	NaN	34064.8482	34065.1756	1.0000	0.0000	0.1132
35ly03	2	2	1	1	1.0000	1.0000	1.0000	NaN	0.8390	1.9724	15.1793	34067.4549	34067.7562	0.0000	0.0000	0.4193
35ly03	2	2	1	1	2.0000	1.0000	-1.0000	0.1492	NaN	NaN	NaN	34068.6952	34069.0242	0.0000	1.0000	0.2809
35ly03	2	3	1	1	1.0000	1.0000	1.0000	NaN	3.4753	3.9924	16.6080	34071.7925	34072.0935	0.0000	0.0000	0.3536
35ly03	2	3	1	1	2.0000	1.0000	-1.0000	0.2634	NaN	NaN	NaN	34072.9984	34073.3263	0.0000	1.0000	0.2807
35ly03	2	4	1	1	1.0000	1.0000	1.0000	NaN	5.2457	5.6476	15.3426	34075.7365	34076.0377	1.0000	1.0000	0.1453
35ly03	2	4	1	1	2.0000	1.0000	1.0000	0.0016	NaN	NaN	NaN	34076.6869	34077.0169	0.0000	0.0000	0.2479
35ly03	2	5	1	1	1.0000	1.0000	-1.0000	NaN	2.9694	-4.7409	14.2120	34079.7502	34080.0513	0.0000	1.0000	0.2598
35ly03	2	5	1	1	2.0000	1.0000	1.0000	0.2250	NaN	NaN	NaN	34080.8391	34081.1667	1.0000	1.0000	7.2423
35ly03	2	6	1	1	1.0000	1.0000	1.0000	NaN	6.2105	6.9950	14.0795	34090.7309	34091.0320	1.0000	1.0000	0.3510
35ly03	2	6	1	1	2.0000	1.0000	1.0000	0.0814	NaN	NaN	NaN	34091.9122	34092.2422	0.0000	0.0000	0.2472
35ly03	2	7	1	1	1.0000	1.0000	-1.0000	NaN	3.7088	-3.9931	15.1512	34094.5405	34094.8415	0.0000	1.0000	0.2553
35ly03	2	7	1	1	2.0000	1.0000	1.0000	0.1418	NaN	NaN	NaN	34095.5837	34095.9104	1.0000	1.0000	0.2887
35ly03	2	8	1	1	1.0000	1.0000	-1.0000	NaN	1.1368	-1.2088	13.9685	34098.2804	34098.5815	0.0000	1.0000	0.2119
35ly03	2	8	1	1	2.0000	1.0000	1.0000	0.1642	NaN	NaN	NaN	34099.3105	34099.6399	1.0000	1.0000	1.5610
35ly03	2	9	1	1	1.0000	1.0000	-1.0000	NaN	3.8902	-5.0151	14.3076	34103.2942	34103.5952	0.0000	1.0000	0.2278
35ly03	2	9	1	1	2.0000	1.0000	1.0000	0.3020	NaN	NaN	NaN	34104.3594	34104.6881	1.0000	1.0000	0.1613
35ly03	2	10	1	1	1.0000	1.0000	1.0000	NaN	6.5572	6.1119	15.1088	34106.6773	34106.9785	1.0000	1.0000	0.1487
35ly03	2	10	1	1	2.0000	1.0000	1.0000	0.2408	NaN	NaN	NaN	34107.6334	34107.9602	1.0000	1.0000	3.2172
35ly03	2	11	1	1	1.0000	1.0000	-1.0000	NaN	1.7470	-5.6317	14.8395	34113.4062	34113.7072	0.0000	1.0000	0.1423
35ly03	2	11	1	1	2.0000	1.0000	1.0000	0.0373	NaN	NaN	NaN	34114.3992	34114.7287	1.0000	1.0000	0.0163
35ly03	2	12	1	1	1.0000	1.0000	-1.0000	NaN	5.2933	-2.7619	14.1621	34116.7301	34117.0312	0.0000	1.0000	0.4817
35ly03	2	12	1	1	2.0000	1.0000	1.0000	0.0509	NaN	NaN	NaN	34118.0476	34118.3746	1.0000	1.0000	0.0175
35ly03	2	13	1	1	1.0000	1.0000	1.0000	NaN	3.9269	4.7576	14.1420	34120.5549	34120.8562	1.0000	1.0000	0.2068
35ly03	2	13	1	1	2.0000	1.0000	1.0000	0.3112	NaN	NaN	NaN	34121.5748	34121.9047	1.0000	1.0000	0.0008
35ly03	2	14	1	1	1.0000	1.0000	-1.0000	NaN	2.2821	-2.9192	15.4759	34123.8509	34124.1519	0.0000	1.0000	0.1830
35ly03	2	14	1	1	2.0000	1.0000	1.0000	0.0040	NaN	NaN	NaN	34124.8952	34125.2241	1.0000	1.0000	3.4549
35ly03	2	15	1	1	1.0000	1.0000	1.0000	NaN	5.2054	9.1645	14.3349	34130.7519	34131.0529	1.0000	1.0000	0.2261
35ly03	2	15	1	1	2.0000	1.0000	1.0000	0.1635	NaN	NaN	NaN	34131.8143	34132.1429	1.0000	1.0000	0.0503
35ly03	2	16	1	1	1.0000	1.0000	1.0000	NaN	3.5370	3.9076	15.2924	34134.3787	34134.6800	1.0000	1.0000	0.1769
35ly03	2	16	1	1	2.0000	1.0000	1.0000	0.2417	NaN	NaN	NaN	34135.3670	34135.6952	1.0000	1.0000	0.2505
35ly03	2	17	1	1	1.0000	1.0000	-1.0000	NaN	2.1635	-1.0158	16.1139	34138.3317	34138.6327	0.0000	1.0000	0.2166
35ly03	2	17	1	1	2.0000	1.0000	1.0000	0.0231	NaN	NaN	NaN	34139.4230	34139.7519	0.0000	0.0000	0.3831
35ly03	2	18	1	1	1.0000	1.0000	1.0000	NaN	3.2953	4.8276	14.2998	34142.4952	34142.7962	1.0000	1.0000	0.1957
35ly03	2	18	1	1	2.0000	1.0000	1.0000	0.2601	NaN	NaN	NaN	34143.5035	34143.8308	1.0000	1.0000	0.0656
35ly03	2	19	1	1	1.0000	1.0000	-1.0000	NaN	2.9123	-2.9938	15.6646	34146.1428	34146.4443	1.0000	0.0000	0.1644
35ly03	2	19	1	1	2.0000	1.0000	-1.0000	0.3096	NaN	NaN	NaN	34147.1184	34147.4463	1.0000	0.0000	0.1537
35ly03	2	20	1	1	1.0000	1.0000	-1.0000	NaN	6.4420	-7.9944	13.6780	34149.5726	34149.8736	1.0000	0.0000	0.5735
35ly03	2	20	1	1	2.0000	1.0000	-1.0000	0.1138	NaN	NaN	NaN	34150.9742	34151.3020	0.0000	1.0000	0.3061
35ly03	2	21	1	1	1.0000	1.0000	1.0000	NaN	3.9668	5.1196	14.7033	34153.9534	34154.2544	1.0000	1.0000	0.1446
35ly03	2	21	1	1	2.0000	1.0000	1.0000	0.2476	NaN	NaN	NaN	34154.9107	34155.2384	1.0000	1.0000	0.2007
35ly03	2	22	1	1	1.0000	1.0000	1.0000	NaN	4.3225	4.7252	14.7193	34157.5961	34157.8972	1.0000	1.0000	0.2321
35ly03	2	22	1	1	2.0000	1.0000	1.0000	0.2346	NaN	NaN	NaN	34158.6575	34158.9859	1.0000	1.0000	0.1972
35ly03	2	23	1	1	1.0000	1.0000	1.0000	NaN	4.3456	4.9387	14.9866	34161.3287	34161.6299	1.0000	1.0000	0.1291
35ly03	2	23	1	1	2.0000	1.0000	1.0000	0.0768	NaN	NaN	NaN	34162.2705	34162.5997	1.0000	1.0000	0.3131
35ly03	2	24	1	1	1.0000	1.0000	1.0000	NaN	2.1379	2.3360	14.8982	34165.4731	34165.7742	1.0000	1.0000	0.0830
35ly03	2	24	1	1	2.0000	1.0000	1.0000	0.0199	NaN	NaN	NaN	34166.3514	34166.6809	1.0000	1.0000	0.6142
35ly03	2	25	1	1	1.0000	1.0000	-1.0000	NaN	5.6243	-6.2959	14.8498	34169.2192	34169.5201	0.0000	1.0000	0.3769
35ly03	2	25	1	1	2.0000	1.0000	1.0000	0.1179	NaN	NaN	NaN	34170.4223	34170.7521	1.0000	1.0000	0.0006
35ly03	2	26	1	1	1.0000	1.0000	-1.0000	NaN	5.5744	-5.6449	14.9890	34173.1684	34173.4701	0.0000	1.0000	0.1609
35ly03	2	26	1	1	2.0000	1.0000	1.0000	0.0326	NaN	NaN	NaN	34174.1826	34174.5097	1.0000	1.0000	0.9237
35ly03	2	27	1	1	1.0000	1.0000	1.0000	NaN	0.7162	0.9263	15.9350	34177.7085	34178.0095	1.0000	1.0000	0.2067
35ly03	2	27	1	1	2.0000	1.0000	1.0000	0.0733	NaN	NaN	NaN	34178.7266	34179.0545	1.0000	1.0000	0.2502
35ly03	2	28	1	1	1.0000	1.0000	1.0000	NaN	1.8685	2.5490	15.0258	34181.4079	34181.7092	1.0000	1.0000	0.2179
35ly03	2	28	1	1	2.0000	1.0000	1.0000	0.2530	NaN	NaN	NaN	34182.4305	34182.7597	1.0000	1.0000	0.2655
35ly03	2	29	1	1	1.0000	1.0000	1.0000	NaN	3.4824	2.0861	14.6438	34185.0547	34185.3557	1.0000	1.0000	0.4354
35ly03	2	29	1	1	2.0000	1.0000	1.0000	0.3319	NaN	NaN	NaN	34186.2945	34186.6242	1.0000	1.0000	0.1851
35ly03	2	30	1	1	1.0000	1.0000	1.0000	NaN	6.3037	5.5817	14.5457	34188.9786	34189.2796	1.0000	1.0000	0.1528
35ly03	2	30	1	1	2.0000	1.0000	1.0000	0.0175	NaN	NaN	NaN	34189.9349	34190.2631	1.0000	1.0000	0.3936
35ly03	2	31	1	1	1.0000	1.0000	-1.0000	NaN	4.2246	-3.6502	14.0649	34192.6531	34192.9546	1.0000	0.0000	0.2125
35ly03	2	31	1	1	2.0000	1.0000	-1.0000	0.1639	NaN	NaN	NaN	34193.6797	34194.0074	1.0000	0.0000	0.2817
35ly03	2	32	1	1	1.0000	1.0000	1.0000	NaN	6.2089	7.6242	14.5205	34196.4612	34196.7622	1.0000	1.0000	0.1503
35ly03	2	32	1	1	2.0000	1.0000	1.0000	0.1843	NaN	NaN	NaN	34197.4307	34197.7583	1.0000	1.0000	0.2259
35ly03	2	33	1	1	1.0000	1.0000	1.0000	NaN	0.3280	0.2453	15.0907	34200.0294	34200.3303	1.0000	1.0000	0.2477
35ly03	2	33	1	1	2.0000	1.0000	1.0000	0.0035	NaN	NaN	NaN	34201.0707	34201.3999	1.0000	1.0000	0.3368
35ly03	2	34	1	1	1.0000	1.0000	-1.0000	NaN	4.9534	-3.8066	15.2708	34203.8756	34204.1766	1.0000	0.0000	0.3825
35ly03	2	34	1	1	2.0000	1.0000	-1.0000	0.2176	NaN	NaN	NaN	34205.0462	34205.3744	0.0000	1.0000	0.2734
35ly03	2	35	1	1	1.0000	1.0000	-1.0000	NaN	5.0712	-3.7022	16.1058	34207.9269	34208.2279	1.0000	0.0000	0.1798
35ly03	2	35	1	1	2.0000	1.0000	-1.0000	0.2192	NaN	NaN	NaN	34208.9188	34209.2473	1.0000	0.0000	0.3704
35ly03	2	36	1	1	1.0000	1.0000	-1.0000	NaN	5.2814	-7.9729	15.1165	34211.9537	34212.2549	0.0000	1.0000	0.1784
35ly03	2	36	1	1	2.0000	1.0000	1.0000	0.0206	NaN	NaN	NaN	34212.9989	34213.3275	1.0000	1.0000	0.1116
35ly03	2	37	1	1	1.0000	1.0000	-1.0000	NaN	4.3752	-4.5975	14.4277	34215.6442	34215.9454	0.0000	1.0000	0.1510
35ly03	2	37	1	1	2.0000	1.0000	1.0000	0.1494	NaN	NaN	NaN	34216.6384	34216.9658	1.0000	1.0000	0.1553
35ly03	2	38	1	1	1.0000	1.0000	1.0000	NaN	3.2457	2.8534	14.3482	34219.5412	34219.8422	1.0000	1.0000	0.1024
35ly03	2	38	1	1	2.0000	1.0000	1.0000	0.2164	NaN	NaN	NaN	34220.4483	34220.7769	1.0000	1.0000	0.2084
35ly03	2	39	1	1	1.0000	1.0000	1.0000	NaN	6.6639	9.3236	15.7930	34223.5292	34223.8308	1.0000	1.0000	0.3289
35ly03	2	39	1	1	2.0000	1.0000	1.0000	0.3133	NaN	NaN	NaN	34224.6728	34225.0007	1.0000	1.0000	0.1665
35ly03	2	40	1	1	1.0000	1.0000	-1.0000	NaN	2.9902	-3.2419	14.8393	34227.5958	34227.8972	0.0000	1.0000	0.1899
35ly03	2	40	1	1	2.0000	1.0000	1.0000	0.0180	NaN	NaN	NaN	34228.6547	34228.9826	1.0000	1.0000	0.2185
35ly03	2	41	1	1	1.0000	1.0000	1.0000	NaN	6.0097	6.3541	14.7978	34231.4732	34231.7742	1.0000	1.0000	0.0833
35ly03	2	41	1	1	2.0000	1.0000	1.0000	0.1441	NaN	NaN	NaN	34232.3666	34232.6950	1.0000	1.0000	0.2816
35ly03	2	42	1	1	1.0000	1.0000	-1.0000	NaN	6.6452	-6.2827	13.2675	34235.5728	34235.8739	0.0000	1.0000	0.2634
35ly03	2	42	1	1	2.0000	1.0000	1.0000	0.1545	NaN	NaN	NaN	34236.6875	34237.0181	1.0000	1.0000	0.1249
35ly03	2	43	1	1	1.0000	1.0000	-1.0000	NaN	0.7430	-1.0360	14.6679	34238.9483	34239.2499	0.0000	1.0000	0.2796
35ly03	2	43	1	1	2.0000	1.0000	1.0000	0.2198	NaN	NaN	NaN	34240.1025	34240.4315	1.0000	1.0000	0.2160
35ly03	2	44	1	1	1.0000	1.0000	-1.0000	NaN	1.1588	-2.1310	14.7881	34242.9622	34243.2636	0.0000	1.0000	0.3059
35ly03	2	44	1	1	2.0000	1.0000	1.0000	0.2197	NaN	NaN	NaN	34244.1026	34244.4305	1.0000	1.0000	0.2493
35ly03	2	45	1	1	1.0000	1.0000	1.0000	NaN	1.1251	0.3077	16.4482	34246.9946	34247.2962	0.0000	0.0000	0.7211
35ly03	2	45	1	1	2.0000	1.0000	-1.0000	0.1051	NaN	NaN	NaN	34248.5501	34248.8776	1.0000	0.0000	0.3373
35ly03	2	46	1	1	1.0000	1.0000	1.0000	NaN	0.8082	0.3064	16.3899	34251.7162	34252.0172	0.0000	0.0000	0.3121
35ly03	2	46	1	1	2.0000	1.0000	-1.0000	0.0792	NaN	NaN	NaN	34252.8786	34253.2060	0.0000	1.0000	0.3051
35ly03	2	47	1	1	1.0000	1.0000	-1.0000	NaN	2.2397	-4.8424	14.6347	34255.6497	34255.9506	0.0000	1.0000	0.3700
35ly03	2	47	1	1	2.0000	1.0000	1.0000	0.0066	NaN	NaN	NaN	34256.8707	34257.2014	1.0000	1.0000	0.4241
35ly03	2	48	1	1	1.0000	1.0000	1.0000	NaN	3.9041	4.1238	14.9844	34259.9705	34260.2715	1.0000	1.0000	0.1222
35ly03	2	48	1	1	2.0000	1.0000	1.0000	0.2700	NaN	NaN	NaN	34260.8871	34261.2140	1.0000	1.0000	0.4033
35ly03	2	49	1	1	1.0000	1.0000	-1.0000	NaN	0.5867	-0.2264	15.2127	34263.8222	34264.1232	1.0000	0.0000	0.1639
35ly03	2	49	1	1	2.0000	1.0000	-1.0000	0.0691	NaN	NaN	NaN	34264.7901	34265.1201	1.0000	0.0000	0.5109
35ly03	2	50	1	1	1.0000	1.0000	1.0000	NaN	5.0857	5.9459	14.4081	34267.8803	34268.1816	1.0000	1.0000	0.1559
35ly03	2	50	1	1	2.0000	1.0000	1.0000	0.0750	NaN	NaN	NaN	34268.8387	34269.1660	1.0000	1.0000	0.2992
35ly03	3	1	1	1	1.0000	1.0000	-1.0000	NaN	3.7201	-2.0003	15.2046	34272.9122	34273.2134	0.0000	1.0000	0.1698
35ly03	3	1	1	1	2.0000	1.0000	1.0000	0.0429	NaN	NaN	NaN	34273.9188	34274.2473	1.0000	1.0000	0.1677
35ly03	3	2	1	1	1.0000	1.0000	-1.0000	NaN	1.3285	-1.0050	14.4902	34276.5883	34276.8893	1.0000	0.0000	0.2698
35ly03	3	2	1	1	2.0000	1.0000	-1.0000	0.0564	NaN	NaN	NaN	34277.6708	34277.9997	1.0000	0.0000	0.1997
35ly03	3	3	1	1	1.0000	1.0000	-1.0000	NaN	5.6280	-5.5545	14.8675	34280.4301	34280.7313	0.0000	1.0000	0.1558
35ly03	3	3	1	1	2.0000	1.0000	1.0000	0.1311	NaN	NaN	NaN	34281.4384	34281.7697	1.0000	1.0000	0.1748
35ly03	3	4	1	1	1.0000	1.0000	1.0000	NaN	6.6547	5.9442	14.3267	34284.2551	34284.5562	1.0000	1.0000	0.4270
35ly03	3	4	1	1	2.0000	1.0000	1.0000	0.1400	NaN	NaN	NaN	34285.4470	34285.7750	0.0000	0.0000	0.4320
35ly03	3	5	1	1	1.0000	1.0000	1.0000	NaN	6.6944	8.2103	15.2511	34288.3708	34288.6719	1.0000	1.0000	0.1774
35ly03	3	5	1	1	2.0000	1.0000	1.0000	0.2947	NaN	NaN	NaN	34289.3585	34289.6867	1.0000	1.0000	0.3146
35ly03	3	6	1	1	1.0000	1.0000	-1.0000	NaN	6.1990	-6.3868	14.5161	34292.1811	34292.4820	0.0000	1.0000	0.4059
35ly03	3	6	1	1	2.0000	1.0000	1.0000	0.1414	NaN	NaN	NaN	34293.4230	34293.7518	1.0000	1.0000	0.2006
35ly03	3	7	1	1	1.0000	1.0000	1.0000	NaN	4.0235	3.3023	15.0885	34296.4150	34296.7160	0.0000	0.0000	0.5255
35ly03	3	7	1	1	2.0000	1.0000	-1.0000	0.0874	NaN	NaN	NaN	34297.7588	34298.0879	1.0000	0.0000	0.2008
35ly03	3	8	1	1	1.0000	1.0000	-1.0000	NaN	2.8990	-1.4005	15.0998	34300.4017	34300.7028	1.0000	0.0000	0.4424
35ly03	3	8	1	1	2.0000	1.0000	-1.0000	0.0640	NaN	NaN	NaN	34301.6465	34301.9744	1.0000	0.0000	0.3787
35ly03	3	9	1	1	1.0000	1.0000	-1.0000	NaN	3.5313	-5.7042	15.3608	34304.4448	34304.7457	0.0000	1.0000	0.4223
35ly03	3	9	1	1	2.0000	1.0000	1.0000	0.0240	NaN	NaN	NaN	34305.6953	34306.0224	1.0000	1.0000	0.2185
35ly03	3	10	1	1	1.0000	1.0000	1.0000	NaN	3.1713	2.1829	15.9192	34308.5115	34308.8127	1.0000	1.0000	0.2597
35ly03	3	10	1	1	2.0000	1.0000	1.0000	0.2264	NaN	NaN	NaN	34309.5832	34309.9119	1.0000	1.0000	0.3192
35ly03	3	11	1	1	1.0000	1.0000	1.0000	NaN	3.1062	1.8748	15.3218	34312.6638	34312.9649	0.0000	0.0000	0.1805
35ly03	3	11	1	1	2.0000	1.0000	-1.0000	0.0795	NaN	NaN	NaN	34313.7106	34314.0395	0.0000	1.0000	0.5687
35ly03	3	12	1	1	1.0000	1.0000	1.0000	NaN	2.3550	1.6971	14.6604	34317.0454	34317.3469	1.0000	1.0000	0.1890
35ly03	3	12	1	1	2.0000	1.0000	1.0000	0.2863	NaN	NaN	NaN	34318.0465	34318.3745	1.0000	1.0000	0.2340
35ly03	3	13	1	1	1.0000	1.0000	-1.0000	NaN	5.2615	-4.9601	13.5455	34321.2140	34321.5152	1.0000	0.0000	0.4698
35ly03	3	13	1	1	2.0000	1.0000	-1.0000	0.0271	NaN	NaN	NaN	34322.5110	34322.8389	0.0000	1.0000	0.3362
35ly03	3	14	1	1	1.0000	1.0000	-1.0000	NaN	1.2791	-1.0420	14.7646	34325.1216	34325.4227	0.0000	1.0000	0.3383
35ly03	3	14	1	1	2.0000	1.0000	1.0000	0.2497	NaN	NaN	NaN	34326.2951	34326.6239	1.0000	1.0000	0.2971
35ly03	3	15	1	1	1.0000	1.0000	-1.0000	NaN	6.4818	-8.0617	14.8435	34329.1160	34329.4171	0.0000	1.0000	0.1202
35ly03	3	15	1	1	2.0000	1.0000	1.0000	0.1833	NaN	NaN	NaN	34330.1187	34330.4472	1.0000	1.0000	0.0900
35ly03	3	16	1	1	1.0000	1.0000	1.0000	NaN	0.8596	2.1463	14.9543	34332.6686	34332.9698	0.0000	0.0000	0.3743
35ly03	3	16	1	1	2.0000	1.0000	-1.0000	0.3037	NaN	NaN	NaN	34333.8952	34334.2249	0.0000	1.0000	0.3440
35ly03	3	17	1	1	1.0000	1.0000	1.0000	NaN	3.1053	3.0392	15.4885	34337.0231	34337.3241	1.0000	1.0000	0.1815
35ly03	3	17	1	1	2.0000	1.0000	1.0000	0.1509	NaN	NaN	NaN	34338.0156	34338.3442	0.0000	0.0000	0.6169
35ly03	3	18	1	1	1.0000	1.0000	1.0000	NaN	6.3149	5.9960	14.5312	34341.0073	34341.3083	0.0000	0.0000	0.1308
35ly03	3	18	1	1	2.0000	1.0000	-1.0000	0.2588	NaN	NaN	NaN	34341.9910	34342.3193	1.0000	0.0000	0.1379
35ly03	3	19	1	1	1.0000	1.0000	-1.0000	NaN	6.4263	-6.3648	15.0395	34344.5179	34344.8189	0.0000	1.0000	0.1979
35ly03	3	19	1	1	2.0000	1.0000	1.0000	0.2650	NaN	NaN	NaN	34345.5669	34345.8952	1.0000	1.0000	0.0662
35ly03	3	20	1	1	1.0000	1.0000	1.0000	NaN	0.4934	1.3747	15.1351	34348.3409	34348.6418	1.0000	1.0000	0.6790
35ly03	3	20	1	1	2.0000	1.0000	1.0000	0.0172	NaN	NaN	NaN	34349.8387	34350.1677	1.0000	1.0000	0.3374
35ly03	3	21	1	1	1.0000	1.0000	1.0000	NaN	2.4944	2.0538	13.9735	34352.8518	34353.1528	0.0000	0.0000	0.3047
35ly03	3	21	1	1	2.0000	1.0000	-1.0000	0.0615	NaN	NaN	NaN	34353.9511	34354.2802	1.0000	0.0000	0.1529
35ly03	3	22	1	1	1.0000	1.0000	1.0000	NaN	3.3076	2.6826	15.3059	34356.2608	34356.5620	0.0000	0.0000	0.4305
35ly03	3	22	1	1	2.0000	1.0000	-1.0000	0.2448	NaN	NaN	NaN	34357.5188	34357.8455	0.0000	1.0000	0.5056
35ly03	3	23	1	1	1.0000	1.0000	1.0000	NaN	4.3933	3.2988	14.9903	34360.2815	34360.5827	0.0000	0.0000	0.2670
35ly03	3	23	1	1	2.0000	1.0000	-1.0000	0.3262	NaN	NaN	NaN	34361.3916	34361.7202	0.0000	1.0000	0.2811
35ly03	3	24	1	1	1.0000	1.0000	-1.0000	NaN	2.3042	-3.0362	15.0196	34364.1781	34364.4800	0.0000	1.0000	0.4253
35ly03	3	24	1	1	2.0000	1.0000	1.0000	0.3218	NaN	NaN	NaN	34365.4481	34365.7778	1.0000	1.0000	0.5194
35ly03	3	25	1	1	1.0000	1.0000	-1.0000	NaN	1.7432	-2.8063	16.6263	34368.5200	34368.8211	0.0000	1.0000	0.1403
35ly03	3	25	1	1	2.0000	1.0000	1.0000	0.0501	NaN	NaN	NaN	34369.4784	34369.8056	1.0000	1.0000	0.2438
35ly03	3	26	1	1	1.0000	1.0000	1.0000	NaN	5.5123	5.1426	16.0654	34372.3689	34372.6700	1.0000	1.0000	0.1613
35ly03	3	26	1	1	2.0000	1.0000	1.0000	0.0852	NaN	NaN	NaN	34373.3357	34373.6647	1.0000	1.0000	0.2634
35ly03	3	27	1	1	1.0000	1.0000	-1.0000	NaN	3.6554	-5.6428	14.0582	34376.3416	34376.6427	1.0000	0.0000	0.3964
35ly03	3	27	1	1	2.0000	1.0000	-1.0000	0.3314	NaN	NaN	NaN	34377.4785	34377.8067	0.0000	1.0000	0.2430
35ly03	3	28	1	1	1.0000	1.0000	-1.0000	NaN	2.9494	-3.4900	15.8521	34380.5037	34380.8047	0.0000	1.0000	0.1718
35ly03	3	28	1	1	2.0000	1.0000	1.0000	0.0763	NaN	NaN	NaN	34381.5109	34381.8398	1.0000	1.0000	0.0420
35ly03	3	29	1	1	1.0000	1.0000	1.0000	NaN	2.2621	1.6915	15.7519	34383.9599	34384.2609	1.0000	1.0000	0.2523
35ly03	3	29	1	1	2.0000	1.0000	1.0000	0.2987	NaN	NaN	NaN	34385.0234	34385.3520	1.0000	1.0000	0.1215
35ly03	3	30	1	1	1.0000	1.0000	1.0000	NaN	1.1537	1.3052	15.8975	34387.9526	34388.2538	0.0000	0.0000	0.1948
35ly03	3	30	1	1	2.0000	1.0000	-1.0000	0.3312	NaN	NaN	NaN	34388.9751	34389.3040	1.0000	0.0000	0.2953
35ly03	3	31	1	1	1.0000	1.0000	1.0000	NaN	1.8019	1.4864	14.0269	34391.8451	34392.1461	0.0000	0.0000	0.1810
35ly03	3	31	1	1	2.0000	1.0000	-1.0000	0.0628	NaN	NaN	NaN	34392.8707	34393.1983	1.0000	0.0000	0.1625
35ly03	3	32	1	1	1.0000	1.0000	1.0000	NaN	2.7594	0.6293	15.1996	34395.4656	34395.7666	1.0000	1.0000	0.4086
35ly03	3	32	1	1	2.0000	1.0000	1.0000	0.2194	NaN	NaN	NaN	34396.6944	34397.0227	1.0000	1.0000	0.2565
35ly03	3	33	1	1	1.0000	1.0000	1.0000	NaN	0.8056	0.4671	15.2662	34399.6843	34399.9857	1.0000	1.0000	0.1919
35ly03	3	33	1	1	2.0000	1.0000	1.0000	0.0545	NaN	NaN	NaN	34400.6870	34401.0147	0.0000	0.0000	0.4746
35ly03	3	34	1	1	1.0000	1.0000	1.0000	NaN	2.5548	0.5582	15.9954	34403.6769	34403.9779	0.0000	0.0000	0.3412
35ly03	3	34	1	1	2.0000	1.0000	-1.0000	0.2531	NaN	NaN	NaN	34404.8877	34405.2154	1.0000	0.0000	0.1383
35ly03	3	35	1	1	1.0000	1.0000	1.0000	NaN	3.8506	3.4046	16.4389	34407.8400	34408.1410	1.0000	1.0000	0.2353
35ly03	3	35	1	1	2.0000	1.0000	1.0000	0.0436	NaN	NaN	NaN	34408.8868	34409.2156	1.0000	1.0000	0.2476
35ly03	3	36	1	1	1.0000	1.0000	-1.0000	NaN	0.7220	-2.5042	14.2385	34411.5686	34411.8698	0.0000	1.0000	0.2674
35ly03	3	36	1	1	2.0000	1.0000	1.0000	0.1484	NaN	NaN	NaN	34412.7021	34413.0301	1.0000	1.0000	0.0731
35ly03	3	37	1	1	1.0000	1.0000	1.0000	NaN	4.9400	6.3719	14.2522	34415.5507	34415.8517	1.0000	1.0000	0.4619
35ly03	3	37	1	1	2.0000	1.0000	1.0000	0.2216	NaN	NaN	NaN	34416.8147	34417.1441	1.0000	1.0000	0.1691
35ly03	3	38	1	1	1.0000	1.0000	1.0000	NaN	1.2058	1.4911	14.5588	34419.4277	34419.7289	0.0000	0.0000	0.2876
35ly03	3	38	1	1	2.0000	1.0000	-1.0000	0.0336	NaN	NaN	NaN	34420.5980	34420.9239	1.0000	0.0000	0.1312
35ly03	3	39	1	1	1.0000	1.0000	1.0000	NaN	1.4353	0.5634	14.2109	34423.0499	34423.3511	0.0000	0.0000	0.5138
35ly03	3	39	1	1	2.0000	1.0000	-1.0000	0.0618	NaN	NaN	NaN	34424.4310	34424.7585	1.0000	0.0000	0.4746
35ly03	3	40	1	1	1.0000	1.0000	1.0000	NaN	3.3788	3.1937	14.2568	34427.4541	34427.7552	0.0000	0.0000	0.2919
35ly03	3	40	1	1	2.0000	1.0000	-1.0000	0.2331	NaN	NaN	NaN	34428.5907	34428.9168	0.0000	1.0000	0.3703
35ly03	3	41	1	1	1.0000	1.0000	-1.0000	NaN	6.3837	-7.6300	15.4783	34431.5099	34431.8112	0.0000	1.0000	0.1400
35ly03	3	41	1	1	2.0000	1.0000	1.0000	0.2676	NaN	NaN	NaN	34432.5028	34432.8307	1.0000	1.0000	0.2020
35ly03	3	42	1	1	1.0000	1.0000	1.0000	NaN	6.0823	8.1802	16.9433	34435.3604	34435.6616	1.0000	1.0000	0.1957
35ly03	3	42	1	1	2.0000	1.0000	1.0000	0.1109	NaN	NaN	NaN	34436.3587	34436.6856	1.0000	1.0000	0.2679
35ly03	3	43	1	1	1.0000	1.0000	-1.0000	NaN	4.7604	-5.4408	16.0260	34438.8911	34439.1921	0.0000	1.0000	0.2891
35ly03	3	43	1	1	2.0000	1.0000	1.0000	0.2993	NaN	NaN	NaN	34440.0310	34440.3605	1.0000	1.0000	0.2465
35ly03	3	44	1	1	1.0000	1.0000	-1.0000	NaN	4.6014	-3.3442	14.3335	34442.4796	34442.7806	0.0000	1.0000	0.2585
35ly03	3	44	1	1	2.0000	1.0000	1.0000	0.1124	NaN	NaN	NaN	34443.5912	34443.9203	1.0000	1.0000	0.6728
35ly03	3	45	1	1	1.0000	1.0000	-1.0000	NaN	0.9066	-1.4961	16.1871	34446.3891	34446.6900	0.0000	1.0000	0.1515
35ly03	3	45	1	1	2.0000	1.0000	1.0000	0.1336	NaN	NaN	NaN	34447.3824	34447.7137	1.0000	1.0000	0.0008
35ly03	3	46	1	1	1.0000	1.0000	1.0000	NaN	0.3009	0.0677	16.9397	34450.1688	34450.4698	0.0000	0.0000	0.2254
35ly03	3	46	1	1	2.0000	1.0000	-1.0000	0.0879	NaN	NaN	NaN	34451.2463	34451.5737	1.0000	0.0000	0.1132
35ly03	3	47	1	1	1.0000	1.0000	-1.0000	NaN	2.7200	-3.1636	13.7979	34454.0274	34454.3284	0.0000	1.0000	0.2308
35ly03	3	47	1	1	2.0000	1.0000	1.0000	0.1721	NaN	NaN	NaN	34455.1117	34455.4408	1.0000	1.0000	0.2864
35ly03	3	48	1	1	1.0000	1.0000	1.0000	NaN	0.2912	0.3053	13.6463	34457.7263	34458.0274	0.0000	0.0000	0.1718
35ly03	3	48	1	1	2.0000	1.0000	-1.0000	0.0052	NaN	NaN	NaN	34458.7590	34459.0867	1.0000	0.0000	0.3308
35ly03	3	49	1	1	1.0000	1.0000	-1.0000	NaN	5.1685	-5.1901	16.7923	34461.6551	34461.9563	0.0000	1.0000	0.3017
35ly03	3	49	1	1	2.0000	1.0000	1.0000	0.1226	NaN	NaN	NaN	34462.8234	34463.1507	1.0000	1.0000	0.1685
35ly03	3	50	1	1	1.0000	1.0000	-1.0000	NaN	3.1879	-3.2516	15.5154	34465.6247	34465.9257	0.0000	1.0000	0.5774
35ly03	3	50	1	1	2.0000	1.0000	1.0000	0.2007	NaN	NaN	NaN	34467.0549	34467.3836	1.0000	1.0000	0.2956
35ly03	4	1	1	1	1.0000	1.0000	1.0000	NaN	6.4325	7.2341	15.7299	34472.1515	34472.4529	1.0000	1.0000	0.3311
35ly03	4	1	1	1	2.0000	1.0000	1.0000	0.1063	NaN	NaN	NaN	34473.2872	34473.6155	0.0000	0.0000	0.2578
35ly03	4	2	1	1	1.0000	1.0000	-1.0000	NaN	3.1202	-1.8857	16.0035	34476.3266	34476.6276	1.0000	0.0000	0.2687
35ly03	4	2	1	1	2.0000	1.0000	-1.0000	0.1423	NaN	NaN	NaN	34477.4075	34477.7353	1.0000	0.0000	0.2399
35ly03	4	3	1	1	1.0000	1.0000	-1.0000	NaN	3.5685	-5.9399	15.4678	34480.1397	34480.4409	0.0000	1.0000	0.2083
35ly03	4	3	1	1	2.0000	1.0000	1.0000	0.1475	NaN	NaN	NaN	34481.1771	34481.5047	1.0000	1.0000	0.1684
35ly03	4	4	1	1	1.0000	1.0000	-1.0000	NaN	2.2862	-2.3946	13.9711	34484.0589	34484.3599	0.0000	1.0000	0.3432
35ly03	4	4	1	1	2.0000	1.0000	1.0000	0.1640	NaN	NaN	NaN	34485.2386	34485.5681	1.0000	1.0000	0.2018
35ly03	4	5	1	1	1.0000	1.0000	1.0000	NaN	3.7030	2.6272	14.8868	34487.8065	34488.1075	1.0000	1.0000	0.4217
35ly03	4	5	1	1	2.0000	1.0000	1.0000	0.1512	NaN	NaN	NaN	34489.0388	34489.3671	1.0000	1.0000	0.6100
35ly03	4	6	1	1	1.0000	1.0000	-1.0000	NaN	3.7684	-2.7258	15.6357	34492.0645	34492.3655	0.0000	1.0000	0.2273
35ly03	4	6	1	1	2.0000	1.0000	1.0000	0.2322	NaN	NaN	NaN	34493.1270	34493.4533	1.0000	1.0000	0.3795
35ly03	4	7	1	1	1.0000	1.0000	-1.0000	NaN	5.0179	-6.2435	15.5495	34496.1134	34496.4144	0.0000	1.0000	0.1939
35ly03	4	7	1	1	2.0000	1.0000	1.0000	0.2251	NaN	NaN	NaN	34497.1510	34497.4784	1.0000	1.0000	0.3619
35ly03	4	8	1	1	1.0000	1.0000	1.0000	NaN	3.5614	4.2735	14.4769	34500.2193	34500.5202	0.0000	0.0000	0.1113
35ly03	4	8	1	1	2.0000	1.0000	-1.0000	0.2023	NaN	NaN	NaN	34501.1511	34501.4811	0.0000	1.0000	0.2150
35ly03	4	9	1	1	1.0000	1.0000	1.0000	NaN	0.7156	3.4672	16.5773	34504.1076	34504.4086	0.0000	0.0000	0.3986
35ly03	4	9	1	1	2.0000	1.0000	-1.0000	0.0275	NaN	NaN	NaN	34505.3512	34505.6791	0.0000	1.0000	0.3523
35ly03	4	10	1	1	1.0000	1.0000	-1.0000	NaN	4.7324	-6.1989	14.6990	34507.8682	34508.1695	0.0000	1.0000	0.2378
35ly03	4	10	1	1	2.0000	1.0000	1.0000	0.1696	NaN	NaN	NaN	34508.9511	34509.2787	1.0000	1.0000	0.1844
35ly03	4	11	1	1	1.0000	1.0000	1.0000	NaN	2.9220	1.5884	16.4334	34511.7196	34512.0208	1.0000	1.0000	0.5304
35ly03	4	11	1	1	2.0000	1.0000	1.0000	0.0979	NaN	NaN	NaN	34513.0629	34513.3923	1.0000	1.0000	0.4888
35ly03	4	12	1	1	1.0000	1.0000	-1.0000	NaN	2.8627	-3.3352	14.4070	34516.2172	34516.5184	0.0000	1.0000	1.0348
35ly03	4	12	1	1	2.0000	1.0000	1.0000	0.0599	NaN	NaN	NaN	34518.1029	34518.4320	1.0000	1.0000	0.5191
35ly03	4	13	1	1	1.0000	1.0000	1.0000	NaN	1.5294	0.8655	14.3620	34520.9816	34521.2827	1.0000	1.0000	0.2704
35ly03	4	13	1	1	2.0000	1.0000	1.0000	0.0653	NaN	NaN	NaN	34522.0549	34522.3835	1.0000	1.0000	0.1996
35ly03	4	14	1	1	1.0000	1.0000	1.0000	NaN	3.2822	2.0213	14.9521	34524.9537	34525.2547	0.0000	0.0000	0.7866
35ly03	4	14	1	1	2.0000	1.0000	-1.0000	0.2887	NaN	NaN	NaN	34526.5991	34526.9271	0.0000	1.0000	0.4721
35ly03	4	15	1	1	1.0000	1.0000	1.0000	NaN	1.0154	0.7432	15.7457	34529.3867	34529.6877	1.0000	1.0000	0.3116
35ly03	4	15	1	1	2.0000	1.0000	1.0000	0.1166	NaN	NaN	NaN	34530.4952	34530.8240	1.0000	1.0000	0.3539
35ly03	4	16	1	1	1.0000	1.0000	-1.0000	NaN	0.6674	-0.6300	15.2294	34533.6600	34533.9610	0.0000	1.0000	0.2162
35ly03	4	16	1	1	2.0000	1.0000	1.0000	0.0450	NaN	NaN	NaN	34534.6946	34535.0230	1.0000	1.0000	0.3840
35ly03	4	17	1	1	1.0000	1.0000	-1.0000	NaN	5.3102	-5.3679	13.3720	34537.4211	34537.7222	0.0000	1.0000	0.2786
35ly03	4	17	1	1	2.0000	1.0000	1.0000	0.0376	NaN	NaN	NaN	34538.5427	34538.8704	1.0000	1.0000	0.1788
35ly03	4	18	1	1	1.0000	1.0000	1.0000	NaN	1.2650	0.6507	16.0727	34541.3791	34541.6801	1.0000	1.0000	0.3128
35ly03	4	18	1	1	2.0000	1.0000	1.0000	0.2666	NaN	NaN	NaN	34542.5028	34542.8314	0.0000	0.0000	0.4245
35ly03	4	19	1	1	1.0000	1.0000	1.0000	NaN	0.9401	0.7774	15.2971	34545.6781	34545.9793	1.0000	1.0000	0.2279
35ly03	4	19	1	1	2.0000	1.0000	1.0000	0.0644	NaN	NaN	NaN	34546.7109	34547.0391	1.0000	1.0000	0.2424
35ly03	4	20	1	1	1.0000	1.0000	-1.0000	NaN	4.6166	-5.9035	15.8116	34549.6862	34549.9872	0.0000	1.0000	0.3490
35ly03	4	20	1	1	2.0000	1.0000	1.0000	0.0200	NaN	NaN	NaN	34550.9105	34551.2394	1.0000	1.0000	0.3277
35ly03	4	21	1	1	1.0000	1.0000	1.0000	NaN	4.5966	4.0529	14.9413	34553.7812	34554.0822	1.0000	1.0000	0.1970
35ly03	4	21	1	1	2.0000	1.0000	1.0000	0.2171	NaN	NaN	NaN	34554.7909	34555.1179	1.0000	1.0000	0.2517
35ly03	4	22	1	1	1.0000	1.0000	-1.0000	NaN	2.1169	-1.0699	13.5680	34557.8052	34558.1067	1.0000	0.0000	0.3504
35ly03	4	22	1	1	2.0000	1.0000	-1.0000	0.1426	NaN	NaN	NaN	34558.9591	34559.2877	0.0000	1.0000	0.2235
35ly03	4	23	1	1	1.0000	1.0000	-1.0000	NaN	0.4837	-0.8692	14.6820	34561.7669	34562.0680	0.0000	1.0000	0.2352
35ly03	4	23	1	1	2.0000	1.0000	1.0000	0.3000	NaN	NaN	NaN	34562.8390	34563.1684	1.0000	1.0000	0.2243
35ly03	4	24	1	1	1.0000	1.0000	-1.0000	NaN	5.0179	-3.6724	13.8201	34565.2647	34565.5658	0.0000	1.0000	0.1955
35ly03	4	24	1	1	2.0000	1.0000	1.0000	0.2038	NaN	NaN	NaN	34566.2948	34566.6223	1.0000	1.0000	0.2089
35ly03	4	25	1	1	1.0000	1.0000	1.0000	NaN	6.5704	7.4603	15.8540	34568.7696	34569.0708	1.0000	1.0000	0.1937
35ly03	4	25	1	1	2.0000	1.0000	1.0000	0.0528	NaN	NaN	NaN	34569.7826	34570.1090	1.0000	1.0000	0.1645
35ly03	4	26	1	1	1.0000	1.0000	1.0000	NaN	5.2059	3.7657	15.8301	34572.4261	34572.7273	1.0000	1.0000	0.2239
35ly03	4	26	1	1	2.0000	1.0000	1.0000	0.3293	NaN	NaN	NaN	34573.4554	34573.7842	1.0000	1.0000	0.1830
35ly03	4	27	1	1	1.0000	1.0000	1.0000	NaN	2.7438	1.1290	15.7569	34576.2476	34576.5486	1.0000	1.0000	0.3321
35ly03	4	27	1	1	2.0000	1.0000	1.0000	0.0307	NaN	NaN	NaN	34577.4075	34577.7350	1.0000	1.0000	0.0174
35ly03	4	28	1	1	1.0000	1.0000	1.0000	NaN	1.0338	0.0522	15.0037	34579.7316	34580.0326	1.0000	1.0000	0.2639
35ly03	4	28	1	1	2.0000	1.0000	1.0000	0.1587	NaN	NaN	NaN	34580.7916	34581.1193	0.0000	0.0000	0.1599
35ly03	4	29	1	1	1.0000	1.0000	-1.0000	NaN	3.9907	-4.5753	15.6642	34583.6216	34583.9226	0.0000	1.0000	0.1338
35ly03	4	29	1	1	2.0000	1.0000	1.0000	0.0404	NaN	NaN	NaN	34584.6390	34584.9665	1.0000	1.0000	0.1127
35ly03	4	30	1	1	1.0000	1.0000	-1.0000	NaN	3.1618	-4.2925	14.8308	34587.4591	34587.7606	0.0000	1.0000	0.2411
35ly03	4	30	1	1	2.0000	1.0000	1.0000	0.1116	NaN	NaN	NaN	34588.5509	34588.8788	1.0000	1.0000	0.0660
35ly03	4	31	1	1	1.0000	1.0000	1.0000	NaN	4.1813	2.3401	13.8728	34591.3234	34591.6244	1.0000	1.0000	0.1612
35ly03	4	31	1	1	2.0000	1.0000	1.0000	0.2045	NaN	NaN	NaN	34592.2949	34592.6236	1.0000	1.0000	0.1771
35ly03	4	32	1	1	1.0000	1.0000	-1.0000	NaN	0.7227	-1.6928	15.5111	34595.0723	34595.3735	0.0000	1.0000	0.1559
35ly03	4	32	1	1	2.0000	1.0000	1.0000	0.2418	NaN	NaN	NaN	34596.0714	34596.4011	1.0000	1.0000	0.0007
35ly03	4	33	1	1	1.0000	1.0000	1.0000	NaN	4.5120	5.3104	14.7016	34598.4225	34598.7236	1.0000	1.0000	0.0776
35ly03	4	33	1	1	2.0000	1.0000	1.0000	0.2340	NaN	NaN	NaN	34599.3270	34599.6543	1.0000	1.0000	0.2915
35ly03	4	34	1	1	1.0000	1.0000	-1.0000	NaN	0.1978	-2.1953	13.7784	34602.2508	34602.5519	0.0000	1.0000	0.1454
35ly03	4	34	1	1	2.0000	1.0000	1.0000	0.2685	NaN	NaN	NaN	34603.2548	34603.5829	1.0000	1.0000	0.1843
35ly03	4	35	1	1	1.0000	1.0000	-1.0000	NaN	0.3138	-1.4915	14.7102	34605.9971	34606.2981	1.0000	0.0000	0.5513
35ly03	4	35	1	1	2.0000	1.0000	-1.0000	0.1000	NaN	NaN	NaN	34607.4066	34607.7341	1.0000	0.0000	0.1707
35ly03	4	36	1	1	1.0000	1.0000	1.0000	NaN	3.3879	3.9461	13.6752	34610.0501	34610.3512	1.0000	1.0000	0.1378
35ly03	4	36	1	1	2.0000	1.0000	1.0000	0.2389	NaN	NaN	NaN	34610.9986	34611.3260	1.0000	1.0000	0.3142
35ly03	4	37	1	1	1.0000	1.0000	-1.0000	NaN	5.1023	-6.6352	15.3444	34613.8768	34614.1781	0.0000	1.0000	0.3732
35ly03	4	37	1	1	2.0000	1.0000	1.0000	0.2538	NaN	NaN	NaN	34615.1273	34615.4563	1.0000	1.0000	0.3203
35ly03	4	38	1	1	1.0000	1.0000	1.0000	NaN	2.5630	1.5603	14.4764	34617.8563	34618.1573	1.0000	1.0000	0.1558
35ly03	4	38	1	1	2.0000	1.0000	1.0000	0.2160	NaN	NaN	NaN	34618.8150	34619.1428	1.0000	1.0000	0.0505
35ly03	4	39	1	1	1.0000	1.0000	-1.0000	NaN	6.5286	-7.1961	15.1978	34621.1705	34621.4717	0.0000	1.0000	0.3115
35ly03	4	39	1	1	2.0000	1.0000	1.0000	0.2023	NaN	NaN	NaN	34622.3029	34622.6312	1.0000	1.0000	0.1780
35ly03	4	40	1	1	1.0000	1.0000	-1.0000	NaN	4.3647	-3.1396	14.1699	34625.2788	34625.5797	0.0000	1.0000	0.1661
35ly03	4	40	1	1	2.0000	1.0000	1.0000	0.2868	NaN	NaN	NaN	34626.2952	34626.6219	1.0000	1.0000	0.0839
35ly03	4	41	1	1	1.0000	1.0000	1.0000	NaN	4.3820	6.3180	14.9565	34628.9004	34629.2015	0.0000	0.0000	0.4162
35ly03	4	41	1	1	2.0000	1.0000	-1.0000	0.1826	NaN	NaN	NaN	34630.1830	34630.5111	0.0000	1.0000	0.3862
35ly03	4	42	1	1	1.0000	1.0000	1.0000	NaN	2.6284	1.7208	14.2201	34633.2910	34633.5920	0.0000	0.0000	0.0975
35ly03	4	42	1	1	2.0000	1.0000	-1.0000	0.0690	NaN	NaN	NaN	34634.2156	34634.5440	1.0000	0.0000	0.6792
35ly03	4	43	1	1	1.0000	1.0000	1.0000	NaN	3.7223	1.5796	16.2161	34637.4080	34637.7090	1.0000	1.0000	0.3862
35ly03	4	43	1	1	2.0000	1.0000	1.0000	0.1943	NaN	NaN	NaN	34638.5987	34638.9240	1.0000	1.0000	0.2606
35ly03	4	44	1	1	1.0000	1.0000	-1.0000	NaN	2.1580	-4.3518	15.9482	34641.6466	34641.9482	0.0000	1.0000	0.2190
35ly03	4	44	1	1	2.0000	1.0000	1.0000	0.0995	NaN	NaN	NaN	34642.7107	34643.0375	1.0000	1.0000	0.2277
35ly03	4	45	1	1	1.0000	1.0000	-1.0000	NaN	0.5651	-0.3737	16.5679	34645.2223	34645.5233	1.0000	0.0000	0.5816
35ly03	4	45	1	1	2.0000	1.0000	-1.0000	0.2234	NaN	NaN	NaN	34646.6309	34646.9590	1.0000	0.0000	0.1683
35ly03	4	46	1	1	1.0000	1.0000	1.0000	NaN	4.1528	3.0568	15.0302	34649.5378	34649.8390	1.0000	1.0000	0.2658
35ly03	4	46	1	1	2.0000	1.0000	1.0000	0.0860	NaN	NaN	NaN	34650.6306	34650.9577	1.0000	1.0000	0.3308
35ly03	4	47	1	1	1.0000	1.0000	1.0000	NaN	0.7528	2.0812	14.7036	34653.4773	34653.7784	0.0000	0.0000	0.2048
35ly03	4	47	1	1	2.0000	1.0000	-1.0000	0.1238	NaN	NaN	NaN	34654.5188	34654.8460	1.0000	0.0000	0.3237
35ly03	4	48	1	1	1.0000	1.0000	-1.0000	NaN	2.7388	-2.7339	16.4068	34657.3554	34657.6564	0.0000	1.0000	0.1852
35ly03	4	48	1	1	2.0000	1.0000	1.0000	0.0213	NaN	NaN	NaN	34658.3677	34658.6961	1.0000	1.0000	0.1591
35ly03	4	49	1	1	1.0000	1.0000	1.0000	NaN	6.7433	5.6885	14.6290	34661.2600	34661.5612	1.0000	1.0000	0.3196
35ly03	4	49	1	1	2.0000	1.0000	1.0000	0.1805	NaN	NaN	NaN	34662.3987	34662.7266	1.0000	1.0000	0.0903
35ly03	4	50	1	1	1.0000	1.0000	1.0000	NaN	4.0764	3.9996	15.3202	34664.9967	34665.2979	1.0000	1.0000	0.1494
35ly03	4	50	1	1	2.0000	1.0000	1.0000	0.0023	NaN	NaN	NaN	34665.9667	34666.2956	1.0000	1.0000	0.2094
35ly03	5	1	1	1	1.0000	1.0000	1.0000	NaN	1.8746	1.7517	15.3280	34671.0546	34671.3558	1.0000	1.0000	0.1712
35ly03	5	1	1	1	2.0000	1.0000	1.0000	0.0107	NaN	NaN	NaN	34672.0400	34672.3684	1.0000	1.0000	0.1426
35ly03	5	2	1	1	1.0000	1.0000	1.0000	NaN	2.1562	2.0044	15.3892	34674.8833	34675.1847	1.0000	1.0000	0.1906
35ly03	5	2	1	1	2.0000	1.0000	1.0000	0.2648	NaN	NaN	NaN	34675.8948	34676.2245	1.0000	1.0000	0.1444
35ly03	5	3	1	1	1.0000	1.0000	1.0000	NaN	4.8925	3.1932	14.6174	34678.4892	34678.7903	1.0000	1.0000	0.2512
35ly03	5	3	1	1	2.0000	1.0000	1.0000	0.0443	NaN	NaN	NaN	34679.5507	34679.8791	1.0000	1.0000	0.1296
35ly03	5	4	1	1	1.0000	1.0000	-1.0000	NaN	0.8348	-1.6827	16.2303	34682.2622	34682.5633	1.0000	0.0000	0.2139
35ly03	5	4	1	1	2.0000	1.0000	-1.0000	0.0804	NaN	NaN	NaN	34683.2794	34683.6079	0.0000	1.0000	0.3444
35ly03	5	5	1	1	1.0000	1.0000	1.0000	NaN	3.5721	5.3846	14.3526	34686.3388	34686.6399	1.0000	1.0000	0.0735
35ly03	5	5	1	1	2.0000	1.0000	1.0000	0.3319	NaN	NaN	NaN	34687.2230	34687.5510	1.0000	1.0000	0.1867
35ly03	5	6	1	1	1.0000	1.0000	-1.0000	NaN	1.6069	-4.5206	14.8964	34690.0576	34690.3586	0.0000	1.0000	0.1618
35ly03	5	6	1	1	2.0000	1.0000	1.0000	0.0986	NaN	NaN	NaN	34691.0790	34691.4071	1.0000	1.0000	0.1385
35ly03	5	7	1	1	1.0000	1.0000	1.0000	NaN	0.9079	0.6094	14.1570	34693.6227	34693.9237	1.0000	1.0000	0.2680
35ly03	5	7	1	1	2.0000	1.0000	1.0000	0.1006	NaN	NaN	NaN	34694.7025	34695.0301	1.0000	1.0000	0.1851
35ly03	5	8	1	1	1.0000	1.0000	-1.0000	NaN	0.2521	-3.1087	15.3834	34697.1468	34697.4478	0.0000	1.0000	0.2729
35ly03	5	8	1	1	2.0000	1.0000	1.0000	0.0915	NaN	NaN	NaN	34698.2712	34698.5996	1.0000	1.0000	0.2017
35ly03	5	9	1	1	1.0000	1.0000	-1.0000	NaN	0.5789	-1.4081	14.2034	34700.7611	34701.0629	0.0000	1.0000	0.1543
35ly03	5	9	1	1	2.0000	1.0000	1.0000	0.1703	NaN	NaN	NaN	34701.7751	34702.1051	1.0000	1.0000	0.2564
35ly03	5	10	1	1	1.0000	1.0000	1.0000	NaN	4.9846	1.3264	15.2160	34704.4335	34704.7349	1.0000	1.0000	0.2735
35ly03	5	10	1	1	2.0000	1.0000	1.0000	0.1204	NaN	NaN	NaN	34705.5109	34705.8394	1.0000	1.0000	0.5382
35ly03	5	11	1	1	1.0000	1.0000	1.0000	NaN	1.2891	1.4622	14.1825	34708.3978	34708.6988	1.0000	1.0000	0.2449
35ly03	5	11	1	1	2.0000	1.0000	1.0000	0.2243	NaN	NaN	NaN	34709.4470	34709.7745	1.0000	1.0000	0.2107
35ly03	5	12	1	1	1.0000	1.0000	1.0000	NaN	0.9015	2.5020	15.1037	34712.4185	34712.7195	1.0000	1.0000	0.4258
35ly03	5	12	1	1	2.0000	1.0000	1.0000	0.0280	NaN	NaN	NaN	34713.6391	34713.9684	1.0000	1.0000	0.2410
35ly03	5	13	1	1	1.0000	1.0000	1.0000	NaN	1.0476	1.2749	15.8378	34716.4477	34716.7487	1.0000	1.0000	0.3246
35ly03	5	13	1	1	2.0000	1.0000	1.0000	0.1971	NaN	NaN	NaN	34717.5690	34717.8965	0.0000	0.0000	0.3588
35ly03	5	14	1	1	1.0000	1.0000	-1.0000	NaN	1.5424	-1.2945	14.9100	34720.8839	34721.1850	1.0000	0.0000	0.0560
35ly03	5	14	1	1	2.0000	1.0000	-1.0000	0.2686	NaN	NaN	NaN	34721.7512	34722.0788	0.0000	1.0000	0.2254
35ly03	5	15	1	1	1.0000	1.0000	1.0000	NaN	2.0129	3.5178	14.8742	34724.2913	34724.5923	1.0000	1.0000	0.1842
35ly03	5	15	1	1	2.0000	1.0000	1.0000	0.1113	NaN	NaN	NaN	34725.2789	34725.6069	1.0000	1.0000	0.1683
35ly03	5	16	1	1	1.0000	1.0000	1.0000	NaN	0.8484	0.3651	13.3584	34728.0654	34728.3666	1.0000	1.0000	0.1046
35ly03	5	16	1	1	2.0000	1.0000	1.0000	0.2335	NaN	NaN	NaN	34728.9749	34729.3029	1.0000	1.0000	0.1462
35ly03	5	17	1	1	1.0000	1.0000	1.0000	NaN	4.4466	2.9109	14.6759	34731.8374	34732.1385	1.0000	1.0000	0.2072
35ly03	5	17	1	1	2.0000	1.0000	1.0000	0.1397	NaN	NaN	NaN	34732.8476	34733.1746	1.0000	1.0000	0.1846
35ly03	5	18	1	1	1.0000	1.0000	1.0000	NaN	5.8687	4.6777	15.0469	34735.3576	34735.6586	1.0000	1.0000	0.1024
35ly03	5	18	1	1	2.0000	1.0000	1.0000	0.3254	NaN	NaN	NaN	34736.2710	34736.6004	1.0000	1.0000	0.2089
35ly03	5	19	1	1	1.0000	1.0000	-1.0000	NaN	4.6656	-5.9064	15.0316	34739.1971	34739.4983	0.0000	1.0000	0.3105
35ly03	5	19	1	1	2.0000	1.0000	1.0000	0.2193	NaN	NaN	NaN	34740.3668	34740.6948	1.0000	1.0000	0.2965
35ly03	5	20	1	1	1.0000	1.0000	1.0000	NaN	3.7044	3.2604	13.5825	34742.8717	34743.1730	1.0000	1.0000	0.2522
35ly03	5	20	1	1	2.0000	1.0000	1.0000	0.3216	NaN	NaN	NaN	34743.9357	34744.2628	1.0000	1.0000	0.1784
35ly03	5	21	1	1	1.0000	1.0000	1.0000	NaN	0.5674	1.1943	15.1617	34746.9703	34747.2715	1.0000	1.0000	0.1929
35ly03	5	21	1	1	2.0000	1.0000	1.0000	0.1510	NaN	NaN	NaN	34748.0153	34748.3430	1.0000	1.0000	0.2564
35ly03	5	22	1	1	1.0000	1.0000	1.0000	NaN	3.9538	4.5783	14.0654	34750.5826	34750.8838	1.0000	1.0000	0.2215
35ly03	5	22	1	1	2.0000	1.0000	1.0000	0.1153	NaN	NaN	NaN	34751.6146	34751.9423	1.0000	1.0000	0.1791
35ly03	5	23	1	1	1.0000	1.0000	1.0000	NaN	3.8939	6.0113	14.1665	34754.4748	34754.7758	1.0000	1.0000	0.1374
35ly03	5	23	1	1	2.0000	1.0000	1.0000	0.3205	NaN	NaN	NaN	34755.4229	34755.7502	1.0000	1.0000	0.2261
35ly03	5	24	1	1	1.0000	1.0000	1.0000	NaN	0.7389	1.3670	14.7199	34758.1668	34758.4679	1.0000	1.0000	0.3413
35ly03	5	24	1	1	2.0000	1.0000	1.0000	0.1789	NaN	NaN	NaN	34759.3190	34759.6472	1.0000	1.0000	0.5137
35ly03	5	25	1	1	1.0000	1.0000	1.0000	NaN	3.5567	3.2173	15.4760	34762.3733	34762.6745	1.0000	1.0000	0.2383
35ly03	5	25	1	1	2.0000	1.0000	1.0000	0.0315	NaN	NaN	NaN	34763.4304	34763.7574	1.0000	1.0000	0.2123
35ly03	5	26	1	1	1.0000	1.0000	-1.0000	NaN	6.6324	-5.8059	14.9945	34766.2154	34766.5164	1.0000	0.0000	0.1889
35ly03	5	26	1	1	2.0000	1.0000	-1.0000	0.3034	NaN	NaN	NaN	34767.2152	34767.5440	0.0000	1.0000	0.2255
35ly03	5	27	1	1	1.0000	1.0000	-1.0000	NaN	5.4085	-6.0047	15.8532	34770.0792	34770.3805	1.0000	0.0000	0.3868
35ly03	5	27	1	1	2.0000	1.0000	-1.0000	0.2985	NaN	NaN	NaN	34771.3036	34771.6317	0.0000	1.0000	0.4479
35ly03	5	28	1	1	1.0000	1.0000	-1.0000	NaN	6.3226	-5.1842	14.4731	34774.4004	34774.7014	0.0000	1.0000	0.3458
35ly03	5	28	1	1	2.0000	1.0000	1.0000	0.2847	NaN	NaN	NaN	34775.6228	34775.9522	1.0000	1.0000	0.5371
35ly03	5	29	1	1	1.0000	1.0000	1.0000	NaN	4.0751	4.5485	15.6778	34778.5955	34778.8969	1.0000	1.0000	0.2410
35ly03	5	29	1	1	2.0000	1.0000	1.0000	0.0555	NaN	NaN	NaN	34779.6632	34779.9922	1.0000	1.0000	0.2243
35ly03	5	30	1	1	1.0000	1.0000	-1.0000	NaN	2.1068	-3.3844	15.4281	34782.3374	34782.6391	0.0000	1.0000	0.2746
35ly03	5	30	1	1	2.0000	1.0000	1.0000	0.2663	NaN	NaN	NaN	34783.4548	34783.7835	1.0000	1.0000	0.1277
35ly03	5	31	1	1	1.0000	1.0000	-1.0000	NaN	0.8070	-1.9481	14.6051	34786.0521	34786.3531	0.0000	1.0000	0.7355
35ly03	5	31	1	1	2.0000	1.0000	1.0000	0.1066	NaN	NaN	NaN	34787.6233	34787.9516	1.0000	1.0000	0.1530
35ly03	5	32	1	1	1.0000	1.0000	1.0000	NaN	0.2166	0.0653	14.3988	34790.1949	34790.4962	0.0000	0.0000	0.3203
35ly03	5	32	1	1	2.0000	1.0000	-1.0000	0.2112	NaN	NaN	NaN	34791.3671	34791.6958	1.0000	0.0000	0.2577
35ly03	5	33	1	1	1.0000	1.0000	1.0000	NaN	1.5011	1.7941	16.6063	34794.4007	34794.7017	0.0000	0.0000	0.2591
35ly03	5	33	1	1	2.0000	1.0000	-1.0000	0.2384	NaN	NaN	NaN	34795.5347	34795.8622	0.0000	1.0000	0.3866
35ly03	5	34	1	1	1.0000	1.0000	-1.0000	NaN	3.7947	-6.3357	15.5475	34798.5703	34798.8714	0.0000	1.0000	0.3040
35ly03	5	34	1	1	2.0000	1.0000	1.0000	0.2852	NaN	NaN	NaN	34799.7196	34800.0475	1.0000	1.0000	0.2722
35ly03	5	35	1	1	1.0000	1.0000	-1.0000	NaN	4.2036	-4.4008	16.2945	34802.1263	34802.4275	0.0000	1.0000	0.1889
35ly03	5	35	1	1	2.0000	1.0000	1.0000	0.0558	NaN	NaN	NaN	34803.1520	34803.4789	1.0000	1.0000	0.2649
35ly03	5	36	1	1	1.0000	1.0000	-1.0000	NaN	5.0683	-3.4790	15.2362	34805.5497	34805.8508	0.0000	1.0000	0.1165
35ly03	5	36	1	1	2.0000	1.0000	1.0000	0.1364	NaN	NaN	NaN	34806.5788	34806.9054	1.0000	1.0000	0.1419
35ly03	5	37	1	1	1.0000	1.0000	-1.0000	NaN	0.0078	-1.1463	14.7967	34809.2374	34809.5384	0.0000	1.0000	0.1889
35ly03	5	37	1	1	2.0000	1.0000	1.0000	0.3071	NaN	NaN	NaN	34810.2869	34810.6145	1.0000	1.0000	0.0748
35ly03	5	38	1	1	1.0000	1.0000	1.0000	NaN	5.9921	4.9175	14.0958	34813.2170	34813.5184	1.0000	1.0000	0.1393
35ly03	5	38	1	1	2.0000	1.0000	1.0000	0.0127	NaN	NaN	NaN	34814.1762	34814.5043	1.0000	1.0000	0.2788
35ly03	5	39	1	1	1.0000	1.0000	-1.0000	NaN	1.5603	-2.8495	14.4063	34817.3079	34817.6088	0.0000	1.0000	0.3505
35ly03	5	39	1	1	2.0000	1.0000	1.0000	0.1579	NaN	NaN	NaN	34818.5359	34818.8639	1.0000	1.0000	0.0973
35ly03	5	40	1	1	1.0000	1.0000	-1.0000	NaN	6.6521	-6.6012	13.8635	34821.3979	34821.6995	0.0000	1.0000	0.1169
35ly03	5	40	1	1	2.0000	1.0000	1.0000	0.2764	NaN	NaN	NaN	34822.3669	34822.6946	1.0000	1.0000	0.1715
35ly03	5	41	1	1	1.0000	1.0000	1.0000	NaN	6.4831	7.7496	15.7450	34824.6619	34824.9631	1.0000	1.0000	0.2060
35ly03	5	41	1	1	2.0000	1.0000	1.0000	0.2138	NaN	NaN	NaN	34825.6712	34825.9989	1.0000	1.0000	0.0906
35ly03	5	42	1	1	1.0000	1.0000	1.0000	NaN	0.7151	1.3277	13.5679	34828.1950	34828.4960	1.0000	1.0000	0.1114
35ly03	5	42	1	1	2.0000	1.0000	1.0000	0.1090	NaN	NaN	NaN	34829.1192	34829.4468	1.0000	1.0000	0.0989
35ly03	5	43	1	1	1.0000	1.0000	-1.0000	NaN	1.4728	-1.6554	13.6600	34831.7909	34832.0919	1.0000	0.0000	0.0925
35ly03	5	43	1	1	2.0000	1.0000	-1.0000	0.1061	NaN	NaN	NaN	34832.6551	34832.9830	1.0000	0.0000	0.2501
35ly03	5	44	1	1	1.0000	1.0000	-1.0000	NaN	0.8934	-0.8489	14.6263	34835.7184	34836.0194	1.0000	0.0000	0.1103
35ly03	5	44	1	1	2.0000	1.0000	-1.0000	0.0323	NaN	NaN	NaN	34836.6310	34836.9601	0.0000	1.0000	0.2552
35ly03	5	45	1	1	1.0000	1.0000	-1.0000	NaN	5.1716	-4.6525	14.4142	34839.3974	34839.6984	0.0000	1.0000	0.1410
35ly03	5	45	1	1	2.0000	1.0000	1.0000	0.1558	NaN	NaN	NaN	34840.4238	34840.7520	1.0000	1.0000	0.0954
35ly03	5	46	1	1	1.0000	1.0000	-1.0000	NaN	5.9548	-5.0149	14.9514	34843.0365	34843.3377	0.0000	1.0000	0.2056
35ly03	5	46	1	1	2.0000	1.0000	1.0000	0.3038	NaN	NaN	NaN	34844.0964	34844.4240	1.0000	1.0000	0.1135
35ly03	5	47	1	1	1.0000	1.0000	1.0000	NaN	2.4874	1.6170	15.1976	34847.1423	34847.4433	1.0000	1.0000	0.1342
35ly03	5	47	1	1	2.0000	1.0000	1.0000	0.1326	NaN	NaN	NaN	34848.0952	34848.4240	1.0000	1.0000	0.2098
35ly03	5	48	1	1	1.0000	1.0000	1.0000	NaN	3.5278	3.2603	16.1523	34850.8695	34851.1705	1.0000	1.0000	0.3271
35ly03	5	48	1	1	2.0000	1.0000	1.0000	0.1833	NaN	NaN	NaN	34851.9910	34852.3189	1.0000	1.0000	0.0739
35ly03	5	49	1	1	1.0000	1.0000	-1.0000	NaN	5.4160	-4.2912	15.1850	34854.5214	34854.8225	1.0000	0.0000	0.0328
35ly03	5	49	1	1	2.0000	1.0000	-1.0000	0.0871	NaN	NaN	NaN	34855.3674	34855.6950	0.0000	1.0000	0.1700
35ly03	5	50	1	1	1.0000	1.0000	-1.0000	NaN	1.4176	-2.3808	15.5213	34858.0441	34858.3452	0.0000	1.0000	0.1766
35ly03	5	50	1	1	2.0000	1.0000	1.0000	0.2832	NaN	NaN	NaN	34859.0791	34859.4053	1.0000	1.0000	0.1718
35ly03	6	1	1	1	1.0000	1.0000	-1.0000	NaN	2.5829	-2.7487	14.7285	34863.1074	34863.4086	0.0000	1.0000	0.2088
35ly03	6	1	1	1	2.0000	1.0000	1.0000	0.1471	NaN	NaN	NaN	34864.1676	34864.4951	1.0000	1.0000	0.1922
35ly03	6	2	1	1	1.0000	1.0000	1.0000	NaN	4.2720	2.9762	15.6730	34867.1279	34867.4289	1.0000	1.0000	0.0840
35ly03	6	2	1	1	2.0000	1.0000	1.0000	0.2553	NaN	NaN	NaN	34868.0229	34868.3504	1.0000	1.0000	0.2249
35ly03	6	3	1	1	1.0000	1.0000	1.0000	NaN	1.9900	2.0410	16.0304	34870.5472	34870.8482	1.0000	1.0000	0.1592
35ly03	6	3	1	1	2.0000	1.0000	1.0000	0.1133	NaN	NaN	NaN	34871.5114	34871.8381	1.0000	1.0000	0.1075
35ly03	6	4	1	1	1.0000	1.0000	-1.0000	NaN	4.8938	-5.2525	14.3079	34874.1333	34874.4343	1.0000	0.0000	0.2232
35ly03	6	4	1	1	2.0000	1.0000	-1.0000	0.2198	NaN	NaN	NaN	34875.1750	34875.5019	0.0000	1.0000	0.1477
35ly03	6	5	1	1	1.0000	1.0000	1.0000	NaN	1.5897	2.6270	14.7821	34877.9680	34878.2690	1.0000	1.0000	0.3163
35ly03	6	5	1	1	2.0000	1.0000	1.0000	0.2481	NaN	NaN	NaN	34879.0871	34879.4151	1.0000	1.0000	0.2266
35ly03	6	6	1	1	1.0000	1.0000	1.0000	NaN	2.7028	3.3459	15.0044	34881.8461	34882.1471	1.0000	1.0000	0.2939
35ly03	6	6	1	1	2.0000	1.0000	1.0000	0.0203	NaN	NaN	NaN	34882.9430	34883.2711	1.0000	1.0000	0.1201
35ly03	6	7	1	1	1.0000	1.0000	-1.0000	NaN	3.3521	-4.0152	16.4712	34885.5980	34885.8992	1.0000	0.0000	0.2681
35ly03	6	7	1	1	2.0000	1.0000	-1.0000	0.2275	NaN	NaN	NaN	34886.6725	34886.9997	0.0000	1.0000	0.2173
35ly03	6	8	1	1	1.0000	1.0000	1.0000	NaN	0.6682	0.3030	15.8984	34889.1658	34889.4669	1.0000	1.0000	0.1499
35ly03	6	8	1	1	2.0000	1.0000	1.0000	0.2669	NaN	NaN	NaN	34890.1267	34890.4546	1.0000	1.0000	0.1046
35ly03	6	9	1	1	1.0000	1.0000	1.0000	NaN	3.0580	1.9949	15.6671	34892.8320	34893.1331	1.0000	1.0000	0.0583
35ly03	6	9	1	1	2.0000	1.0000	1.0000	0.1440	NaN	NaN	NaN	34893.7114	34894.0394	1.0000	1.0000	0.3302
35ly03	6	10	1	1	1.0000	1.0000	1.0000	NaN	3.2488	1.4512	15.4487	34896.7640	34897.0652	1.0000	1.0000	0.0781
35ly03	6	10	1	1	2.0000	1.0000	1.0000	0.1676	NaN	NaN	NaN	34897.6550	34897.9844	1.0000	1.0000	0.2244
35ly03	6	11	1	1	1.0000	1.0000	1.0000	NaN	5.0306	4.9344	14.6266	34900.4804	34900.7814	1.0000	1.0000	0.0500
35ly03	6	11	1	1	2.0000	1.0000	1.0000	0.2540	NaN	NaN	NaN	34901.3421	34901.6694	1.0000	1.0000	0.1539
35ly03	6	12	1	1	1.0000	1.0000	-1.0000	NaN	4.7841	-4.4199	15.8707	34904.0883	34904.3893	1.0000	0.0000	0.4195
35ly03	6	12	1	1	2.0000	1.0000	-1.0000	0.3063	NaN	NaN	NaN	34905.3430	34905.6707	0.0000	1.0000	0.1313
35ly03	6	13	1	1	1.0000	1.0000	1.0000	NaN	5.3123	7.7806	14.7203	34908.0013	34908.3025	1.0000	1.0000	0.1147
35ly03	6	13	1	1	2.0000	1.0000	1.0000	0.1081	NaN	NaN	NaN	34908.9275	34909.2552	1.0000	1.0000	0.1943
35ly03	6	14	1	1	1.0000	1.0000	-1.0000	NaN	2.6861	-2.5464	14.1428	34911.4943	34911.7953	1.0000	0.0000	0.2308
35ly03	6	14	1	1	2.0000	1.0000	-1.0000	0.2578	NaN	NaN	NaN	34912.5509	34912.8780	0.0000	1.0000	0.3238
35ly03	6	15	1	1	1.0000	1.0000	-1.0000	NaN	4.2110	-2.9052	14.5080	34915.3046	34915.6058	0.0000	1.0000	0.1866
35ly03	6	15	1	1	2.0000	1.0000	1.0000	0.2860	NaN	NaN	NaN	34916.3512	34916.6796	1.0000	1.0000	0.1459
35ly03	6	16	1	1	1.0000	1.0000	-1.0000	NaN	3.5329	-1.8586	15.3837	34919.4368	34919.7380	0.0000	1.0000	0.2293
35ly03	6	16	1	1	2.0000	1.0000	1.0000	0.0190	NaN	NaN	NaN	34920.5275	34920.8543	1.0000	1.0000	0.2197
35ly03	6	17	1	1	1.0000	1.0000	-1.0000	NaN	5.9160	-6.3885	15.9940	34923.3844	34923.6854	0.0000	1.0000	0.1860
35ly03	6	17	1	1	2.0000	1.0000	1.0000	0.2860	NaN	NaN	NaN	34924.4316	34924.7588	1.0000	1.0000	0.0586
35ly03	6	18	1	1	1.0000	1.0000	-1.0000	NaN	1.1906	-0.8529	17.1021	34927.0115	34927.3128	0.0000	1.0000	0.4654
35ly03	6	18	1	1	2.0000	1.0000	1.0000	0.0120	NaN	NaN	NaN	34928.3362	34928.6643	1.0000	1.0000	0.2726
35ly03	6	19	1	1	1.0000	1.0000	-1.0000	NaN	2.0397	-0.7777	15.3348	34930.9829	34931.2840	0.0000	1.0000	0.2994
35ly03	6	19	1	1	2.0000	1.0000	1.0000	0.3148	NaN	NaN	NaN	34932.1508	34932.4787	1.0000	1.0000	0.2985
35ly03	6	20	1	1	1.0000	1.0000	-1.0000	NaN	4.1774	-3.6744	16.0749	34935.1882	34935.4894	0.0000	1.0000	0.1283
35ly03	6	20	1	1	2.0000	1.0000	1.0000	0.0974	NaN	NaN	NaN	34936.1758	34936.5035	1.0000	1.0000	0.2557
35ly03	6	21	1	1	1.0000	1.0000	1.0000	NaN	1.2469	0.5947	16.2302	34938.9904	34939.2914	0.0000	0.0000	0.3815
35ly03	6	21	1	1	2.0000	1.0000	-1.0000	0.1884	NaN	NaN	NaN	34940.2478	34940.5748	1.0000	0.0000	0.4016
35ly03	6	22	1	1	1.0000	1.0000	1.0000	NaN	1.4063	0.7412	14.6432	34943.0507	34943.3517	0.0000	0.0000	0.2019
35ly03	6	22	1	1	2.0000	1.0000	-1.0000	0.1968	NaN	NaN	NaN	34944.1268	34944.4557	1.0000	0.0000	0.0957
35ly03	6	23	1	1	1.0000	1.0000	-1.0000	NaN	0.9992	-0.3959	15.0879	34947.0778	34947.3789	1.0000	0.0000	0.3004
35ly03	6	23	1	1	2.0000	1.0000	-1.0000	0.1659	NaN	NaN	NaN	34948.1911	34948.5187	0.0000	1.0000	0.3549
35ly03	6	24	1	1	1.0000	1.0000	1.0000	NaN	5.5349	2.5388	15.1786	34951.4929	34951.7941	1.0000	1.0000	0.1993
35ly03	6	24	1	1	2.0000	1.0000	1.0000	0.1712	NaN	NaN	NaN	34952.4958	34952.8249	1.0000	1.0000	0.1212
35ly03	6	25	1	1	1.0000	1.0000	1.0000	NaN	4.9949	4.2991	14.4768	34955.3497	34955.6507	1.0000	1.0000	0.1726
35ly03	6	25	1	1	2.0000	1.0000	1.0000	0.0177	NaN	NaN	NaN	34956.3439	34956.6719	1.0000	1.0000	0.1194
35ly03	6	26	1	1	1.0000	1.0000	1.0000	NaN	5.0470	3.8277	14.6858	34958.9877	34959.2890	1.0000	1.0000	0.1121
35ly03	6	26	1	1	2.0000	1.0000	1.0000	0.0349	NaN	NaN	NaN	34959.9109	34960.2391	1.0000	1.0000	0.2163
35ly03	6	27	1	1	1.0000	1.0000	1.0000	NaN	2.3742	2.5873	15.9600	34962.3949	34962.6960	1.0000	1.0000	0.2808
35ly03	6	27	1	1	2.0000	1.0000	1.0000	0.1786	NaN	NaN	NaN	34963.5189	34963.8473	1.0000	1.0000	0.2664
35ly03	6	28	1	1	1.0000	1.0000	1.0000	NaN	0.3353	0.3170	15.0183	34966.5443	34966.8456	1.0000	1.0000	0.2516
35ly03	6	28	1	1	2.0000	1.0000	1.0000	0.1215	NaN	NaN	NaN	34967.6092	34967.9364	1.0000	1.0000	0.1669
35ly03	6	29	1	1	1.0000	1.0000	-1.0000	NaN	5.2745	-6.9545	14.3660	34970.0415	34970.3427	0.0000	1.0000	0.3230
35ly03	6	29	1	1	2.0000	1.0000	1.0000	0.1779	NaN	NaN	NaN	34971.2393	34971.5684	1.0000	1.0000	0.0007
35ly03	6	30	1	1	1.0000	1.0000	-1.0000	NaN	0.6321	-0.6318	13.0543	34974.0891	34974.3904	1.0000	0.0000	0.1155
35ly03	6	30	1	1	2.0000	1.0000	-1.0000	0.0659	NaN	NaN	NaN	34975.0235	34975.3523	0.0000	1.0000	0.1849
35ly03	6	31	1	1	1.0000	1.0000	-1.0000	NaN	4.5209	-4.2940	15.7625	34977.5578	34977.8589	1.0000	0.0000	1.1108
35ly03	6	31	1	1	2.0000	1.0000	-1.0000	0.0751	NaN	NaN	NaN	34979.4784	34979.8055	0.0000	1.0000	0.2579
35ly03	6	32	1	1	1.0000	1.0000	1.0000	NaN	1.4144	1.2642	13.8642	34982.5085	34982.8095	1.0000	1.0000	0.1192
35ly03	6	32	1	1	2.0000	1.0000	1.0000	0.3169	NaN	NaN	NaN	34983.4394	34983.7671	1.0000	1.0000	0.2825
35ly03	6	33	1	1	1.0000	1.0000	1.0000	NaN	5.6994	4.3568	13.8641	34986.2276	34986.5286	1.0000	1.0000	0.2388
35ly03	6	33	1	1	2.0000	1.0000	1.0000	0.1395	NaN	NaN	NaN	34987.2960	34987.6235	1.0000	1.0000	0.2179
35ly03	6	34	1	1	1.0000	1.0000	1.0000	NaN	4.8404	6.7531	15.6409	34989.9114	34990.2123	1.0000	1.0000	0.1651
35ly03	6	34	1	1	2.0000	1.0000	1.0000	0.2612	NaN	NaN	NaN	34990.8954	34991.2233	1.0000	1.0000	0.1611
35ly03	6	35	1	1	1.0000	1.0000	-1.0000	NaN	6.3957	-6.1303	15.3772	34993.4468	34993.7477	1.0000	0.0000	0.1236
35ly03	6	35	1	1	2.0000	1.0000	-1.0000	0.3026	NaN	NaN	NaN	34994.3830	34994.7101	0.0000	1.0000	0.1954
35ly03	6	36	1	1	1.0000	1.0000	-1.0000	NaN	2.4993	-1.3391	16.0151	34997.0912	34997.3923	1.0000	0.0000	0.1531
35ly03	6	36	1	1	2.0000	1.0000	-1.0000	0.1228	NaN	NaN	NaN	34998.0953	34998.4234	0.0000	1.0000	0.1776
35ly03	6	37	1	1	1.0000	1.0000	-1.0000	NaN	0.5135	-0.3174	12.9956	35000.9023	35001.2033	1.0000	0.0000	0.1421
35ly03	6	37	1	1	2.0000	1.0000	-1.0000	0.1904	NaN	NaN	NaN	35001.8630	35002.1921	0.0000	1.0000	0.1776
35ly03	6	38	1	1	1.0000	1.0000	-1.0000	NaN	1.3412	-3.7779	14.5346	35004.7719	35005.0729	1.0000	0.0000	0.4947
35ly03	6	38	1	1	2.0000	1.0000	-1.0000	0.1248	NaN	NaN	NaN	35006.1028	35006.4315	0.0000	1.0000	0.2342
35ly03	6	39	1	1	1.0000	1.0000	-1.0000	NaN	0.5009	-0.5856	13.5489	35008.6307	35008.9318	1.0000	0.0000	0.3417
35ly03	6	39	1	1	2.0000	1.0000	-1.0000	0.1330	NaN	NaN	NaN	35009.7830	35010.1116	1.0000	0.0000	0.2408
35ly03	6	40	1	1	1.0000	1.0000	-1.0000	NaN	1.3339	-0.9484	16.2922	35012.9234	35013.2244	1.0000	0.0000	0.1452
35ly03	6	40	1	1	2.0000	1.0000	-1.0000	0.0906	NaN	NaN	NaN	35013.8788	35014.2061	0.0000	1.0000	0.3532
35ly03	6	41	1	1	1.0000	1.0000	-1.0000	NaN	4.3373	-3.9299	15.0337	35016.5033	35016.8047	0.0000	1.0000	0.3146
35ly03	6	41	1	1	2.0000	1.0000	1.0000	0.0394	NaN	NaN	NaN	35017.6704	35017.9968	1.0000	1.0000	0.0905
35ly03	6	42	1	1	1.0000	1.0000	1.0000	NaN	5.2895	5.3245	15.2477	35020.1685	35020.4695	1.0000	1.0000	0.1873
35ly03	6	42	1	1	2.0000	1.0000	1.0000	0.2371	NaN	NaN	NaN	35021.1353	35021.4619	1.0000	1.0000	0.1161
35ly03	6	43	1	1	1.0000	1.0000	1.0000	NaN	0.6603	0.1097	14.6647	35023.3971	35023.6981	1.0000	1.0000	0.3917
35ly03	6	43	1	1	2.0000	1.0000	1.0000	0.2120	NaN	NaN	NaN	35024.6078	35024.9358	1.0000	1.0000	0.3533
35ly03	6	44	1	1	1.0000	1.0000	1.0000	NaN	2.3708	1.8660	14.5691	35027.7679	35028.0690	1.0000	1.0000	0.0502
35ly03	6	44	1	1	2.0000	1.0000	1.0000	0.2582	NaN	NaN	NaN	35028.6233	35028.9506	1.0000	1.0000	0.1469
35ly03	6	45	1	1	1.0000	1.0000	1.0000	NaN	2.8666	3.8969	14.2140	35031.5515	35031.8525	1.0000	1.0000	0.1228
35ly03	6	45	1	1	2.0000	1.0000	1.0000	0.2611	NaN	NaN	NaN	35032.4390	35032.7681	1.0000	1.0000	0.1689
35ly03	6	46	1	1	1.0000	1.0000	1.0000	NaN	5.8890	7.9398	14.7869	35035.2227	35035.5239	1.0000	1.0000	0.1165
35ly03	6	46	1	1	2.0000	1.0000	1.0000	0.1813	NaN	NaN	NaN	35036.1430	35036.4701	1.0000	1.0000	0.1074
35ly03	6	47	1	1	1.0000	1.0000	-1.0000	NaN	1.9568	-3.6474	16.0653	35039.0217	35039.3228	0.0000	1.0000	0.2286
35ly03	6	47	1	1	2.0000	1.0000	1.0000	0.2267	NaN	NaN	NaN	35040.0952	35040.4228	1.0000	1.0000	0.0816
35ly03	6	48	1	1	1.0000	1.0000	-1.0000	NaN	4.7660	-3.3004	14.6301	35042.7678	35043.0691	0.0000	1.0000	0.1791
35ly03	6	48	1	1	2.0000	1.0000	1.0000	0.2291	NaN	NaN	NaN	35043.7838	35044.1103	1.0000	1.0000	0.0426
35ly03	6	49	1	1	1.0000	1.0000	-1.0000	NaN	6.0012	-7.6466	14.3463	35046.5404	35046.8415	0.0000	1.0000	0.1045
35ly03	6	49	1	1	2.0000	1.0000	1.0000	0.0804	NaN	NaN	NaN	35047.4957	35047.8269	1.0000	1.0000	0.1495
35ly03	6	50	1	1	1.0000	1.0000	1.0000	NaN	1.9486	0.7577	14.8259	35050.1389	35050.4399	1.0000	1.0000	0.3522
35ly03	6	50	1	1	2.0000	1.0000	1.0000	0.3351	NaN	NaN	NaN	35051.3030	35051.6314	1.0000	1.0000	0.1862
