48xy01	1	1	0	0	1.0000	0.0000	1.0000	0.1424	NaN	NaN	NaN	5579.5068	5579.8484	0.0000	0.0000	0.2763
48xy01	1	1	0	0	2.0000	0.0000	1.0000	NaN	7.9153	9.8940	16.6688	5580.6669	5580.9680	1.0000	1.0000	0.3013
48xy01	1	2	0	0	1.0000	0.0000	1.0000	0.9115	NaN	NaN	NaN	5583.4896	5583.8158	1.0000	1.0000	0.3977
48xy01	1	2	0	0	2.0000	0.0000	1.0000	NaN	7.8689	8.0499	15.6411	5584.7693	5585.0703	1.0000	1.0000	0.6390
48xy01	1	3	0	0	1.0000	0.0000	1.0000	0.8464	NaN	NaN	NaN	5587.9065	5588.2326	0.0000	0.0000	0.3807
48xy01	1	3	0	0	2.0000	0.0000	-1.0000	NaN	4.0100	-1.6707	16.7069	5589.1460	5589.4470	0.0000	1.0000	0.7896
48xy01	1	4	0	0	1.0000	0.0000	-1.0000	0.2128	NaN	NaN	NaN	5592.6296	5592.9564	0.0000	1.0000	0.3283
48xy01	1	4	0	0	2.0000	0.0000	1.0000	NaN	8.0140	6.7751	14.3965	5593.8169	5594.1179	1.0000	1.0000	1.0386
48xy01	1	5	0	0	1.0000	0.0000	1.0000	0.6121	NaN	NaN	NaN	5597.5348	5597.8602	0.0000	0.0000	0.3691
48xy01	1	5	0	0	2.0000	0.0000	-1.0000	NaN	4.5433	-2.9919	15.5144	5598.7448	5599.0459	0.0000	1.0000	0.8148
48xy01	1	6	0	0	1.0000	0.0000	1.0000	0.3089	NaN	NaN	NaN	5602.3977	5602.7254	1.0000	1.0000	0.3432
48xy01	1	6	0	0	2.0000	0.0000	1.0000	NaN	1.2676	3.2849	15.3074	5603.6411	5603.9421	1.0000	1.0000	0.5825
48xy01	1	7	0	0	1.0000	0.0000	1.0000	0.9113	NaN	NaN	NaN	5606.8978	5607.2237	0.0000	0.0000	0.3017
48xy01	1	7	0	0	2.0000	0.0000	-1.0000	NaN	6.5666	-7.2466	14.7426	5608.0655	5608.3665	0.0000	1.0000	0.5908
48xy01	1	8	0	0	1.0000	0.0000	-1.0000	0.2818	NaN	NaN	NaN	5611.1574	5611.4903	0.0000	1.0000	0.4671
48xy01	1	8	0	0	2.0000	0.0000	-1.0000	NaN	3.8253	-2.5265	14.9327	5612.5056	5612.8066	0.0000	1.0000	0.6382
48xy01	1	9	0	0	1.0000	0.0000	-1.0000	0.4244	NaN	NaN	NaN	5615.5769	5615.9025	0.0000	1.0000	0.5428
48xy01	1	9	0	0	2.0000	0.0000	-1.0000	NaN	3.6762	-2.1940	15.8932	5616.9930	5617.2946	1.0000	0.0000	0.5341
48xy01	1	10	0	0	1.0000	0.0000	1.0000	0.4852	NaN	NaN	NaN	5620.4160	5620.7427	1.0000	1.0000	3.3986
48xy01	1	10	0	0	2.0000	0.0000	1.0000	NaN	9.8115	10.9746	15.1291	5624.6570	5624.9580	1.0000	1.0000	1.3033
48xy01	1	11	0	0	1.0000	0.0000	1.0000	0.7399	NaN	NaN	NaN	5628.7441	5629.0697	0.0000	0.0000	0.3350
48xy01	1	11	0	0	2.0000	0.0000	-1.0000	NaN	5.0814	-6.7341	15.4370	5629.9448	5630.2457	1.0000	0.0000	0.6870
48xy01	1	12	0	0	1.0000	0.0000	1.0000	0.3508	NaN	NaN	NaN	5633.2986	5633.6234	0.0000	0.0000	0.2771
48xy01	1	12	0	0	2.0000	0.0000	-1.0000	NaN	1.3344	-2.5663	15.7453	5634.4396	5634.7407	1.0000	0.0000	0.6647
48xy01	1	13	0	0	1.0000	0.0000	1.0000	0.1574	NaN	NaN	NaN	5638.0016	5638.3275	0.0000	0.0000	0.3412
48xy01	1	13	0	0	2.0000	0.0000	1.0000	NaN	7.2238	9.3104	15.0041	5639.2093	5639.5103	1.0000	1.0000	0.8068
48xy01	1	14	0	0	1.0000	0.0000	-1.0000	0.2531	NaN	NaN	NaN	5642.5315	5642.8583	0.0000	1.0000	0.3149
48xy01	1	14	0	0	2.0000	0.0000	-1.0000	NaN	1.8439	-0.1014	15.5870	5643.7210	5644.0220	1.0000	0.0000	1.4308
48xy01	1	15	0	0	1.0000	0.0000	-1.0000	0.5652	NaN	NaN	NaN	5647.5875	5647.9132	0.0000	1.0000	0.4195
48xy01	1	15	0	0	2.0000	0.0000	-1.0000	NaN	3.1465	-4.7279	15.8051	5648.8808	5649.1818	1.0000	0.0000	3.5836
48xy01	1	16	0	0	1.0000	0.0000	1.0000	0.6604	NaN	NaN	NaN	5655.1800	5655.5068	1.0000	1.0000	2.4665
48xy01	1	16	0	0	2.0000	0.0000	1.0000	NaN	0.8159	0.0202	14.5978	5658.5305	5658.8315	1.0000	1.0000	1.2552
48xy01	1	17	0	0	1.0000	0.0000	-1.0000	0.3186	NaN	NaN	NaN	5662.3841	5662.7093	0.0000	1.0000	0.6320
48xy01	1	17	0	0	2.0000	0.0000	1.0000	NaN	8.1567	4.9167	14.7630	5663.8892	5664.1902	1.0000	1.0000	0.5425
48xy01	1	18	0	0	1.0000	0.0000	1.0000	0.0302	NaN	NaN	NaN	5666.8069	5667.1325	0.0000	0.0000	1.1921
48xy01	1	18	0	0	2.0000	0.0000	1.0000	NaN	3.3231	1.4130	13.4090	5668.8567	5669.1577	1.0000	1.0000	0.4709
48xy01	1	19	0	0	1.0000	0.0000	1.0000	0.2477	NaN	NaN	NaN	5671.8901	5672.2164	0.0000	0.0000	0.5329
48xy01	1	19	0	0	2.0000	0.0000	1.0000	NaN	7.1323	7.4401	14.4488	5673.2807	5673.5817	1.0000	1.0000	1.1916
48xy01	1	20	0	0	1.0000	0.0000	-1.0000	0.1146	NaN	NaN	NaN	5676.6062	5676.9333	0.0000	1.0000	0.6393
48xy01	1	20	0	0	2.0000	0.0000	1.0000	NaN	7.0741	8.6423	16.2129	5678.1219	5678.4231	1.0000	1.0000	1.0376
48xy01	1	21	0	0	1.0000	0.0000	-1.0000	0.8067	NaN	NaN	NaN	5681.5011	5681.8271	0.0000	1.0000	0.4982
48xy01	1	21	0	0	2.0000	0.0000	-1.0000	NaN	11.2079	-11.3083	13.2426	5682.8816	5683.1825	0.0000	1.0000	0.4706
48xy01	1	22	0	0	1.0000	0.0000	1.0000	0.2126	NaN	NaN	NaN	5685.8940	5686.2202	1.0000	1.0000	0.4895
48xy01	1	22	0	0	2.0000	0.0000	1.0000	NaN	9.0152	10.9059	16.0904	5687.2259	5687.5274	1.0000	1.0000	0.3579
48xy01	1	23	0	0	1.0000	0.0000	1.0000	0.6058	NaN	NaN	NaN	5690.1756	5690.5005	0.0000	0.0000	0.5047
48xy01	1	23	0	0	2.0000	0.0000	1.0000	NaN	11.4923	13.6717	15.1682	5691.5537	5691.8547	1.0000	1.0000	0.4387
48xy01	1	24	0	0	1.0000	0.0000	-1.0000	0.4168	NaN	NaN	NaN	5694.7344	5695.0651	0.0000	1.0000	0.5561
48xy01	1	24	0	0	2.0000	0.0000	1.0000	NaN	4.5787	5.9860	16.0997	5696.1704	5696.4714	1.0000	1.0000	0.5340
48xy01	1	25	0	0	1.0000	0.0000	-1.0000	0.1056	NaN	NaN	NaN	5699.6380	5699.9648	0.0000	1.0000	0.4878
48xy01	1	25	0	0	2.0000	0.0000	1.0000	NaN	3.0968	5.5273	15.0411	5701.0092	5701.3101	0.0000	0.0000	0.7435
48xy01	1	26	0	0	1.0000	0.0000	-1.0000	0.3714	NaN	NaN	NaN	5704.3185	5704.6438	0.0000	1.0000	0.4335
48xy01	1	26	0	0	2.0000	0.0000	1.0000	NaN	9.9766	11.8102	13.7103	5705.6161	5705.9170	1.0000	1.0000	0.3675
48xy01	1	27	0	0	1.0000	0.0000	-1.0000	0.4040	NaN	NaN	NaN	5708.6670	5708.9938	0.0000	1.0000	0.4596
48xy01	1	27	0	0	2.0000	0.0000	1.0000	NaN	3.7526	2.6696	14.1391	5710.0028	5710.3038	0.0000	0.0000	0.6454
48xy01	1	28	0	0	1.0000	0.0000	1.0000	0.1234	NaN	NaN	NaN	5713.2215	5713.5488	1.0000	1.0000	0.5765
48xy01	1	28	0	0	2.0000	0.0000	1.0000	NaN	6.8259	6.5793	14.2862	5714.6737	5714.9747	1.0000	1.0000	0.4788
48xy01	1	29	0	0	1.0000	0.0000	-1.0000	0.6660	NaN	NaN	NaN	5717.6669	5717.9937	0.0000	1.0000	0.8036
48xy01	1	29	0	0	2.0000	0.0000	1.0000	NaN	7.9961	8.8978	14.7420	5719.3440	5719.6449	1.0000	1.0000	0.5596
48xy01	1	30	0	0	1.0000	0.0000	1.0000	0.7369	NaN	NaN	NaN	5722.1119	5722.4372	1.0000	1.0000	0.8000
48xy01	1	30	0	0	2.0000	0.0000	1.0000	NaN	5.8415	5.8568	15.1347	5723.8083	5724.1095	1.0000	1.0000	0.4232
48xy01	1	31	0	0	1.0000	0.0000	-1.0000	0.7546	NaN	NaN	NaN	5726.5305	5726.8565	0.0000	1.0000	0.4281
48xy01	1	31	0	0	2.0000	0.0000	-1.0000	NaN	3.7346	-5.3194	14.9279	5727.8405	5728.1420	0.0000	1.0000	0.4147
48xy01	1	32	0	0	1.0000	0.0000	1.0000	0.4750	NaN	NaN	NaN	5730.7902	5731.1166	1.0000	1.0000	0.4002
48xy01	1	32	0	0	2.0000	0.0000	-1.0000	NaN	5.7591	-8.8751	14.5851	5732.0813	5732.3826	0.0000	1.0000	0.8388
48xy01	1	33	0	0	1.0000	0.0000	-1.0000	0.4233	NaN	NaN	NaN	5735.2032	5735.5291	0.0000	1.0000	0.4121
48xy01	1	33	0	0	2.0000	0.0000	1.0000	NaN	7.7558	7.9106	15.1474	5736.4828	5736.7837	1.0000	1.0000	0.3654
48xy01	1	34	0	0	1.0000	0.0000	1.0000	0.5507	NaN	NaN	NaN	5739.3635	5739.6899	1.0000	1.0000	0.5072
48xy01	1	34	0	0	2.0000	0.0000	-1.0000	NaN	6.5983	-6.3090	15.5235	5740.7527	5741.0538	0.0000	1.0000	0.3836
48xy01	1	35	0	0	1.0000	0.0000	1.0000	0.7401	NaN	NaN	NaN	5743.6015	5743.9278	1.0000	1.0000	0.4295
48xy01	1	35	0	0	2.0000	0.0000	-1.0000	NaN	8.5804	-8.5373	14.0487	5744.9536	5745.2552	0.0000	1.0000	0.4301
48xy01	1	36	0	0	1.0000	0.0000	-1.0000	0.8576	NaN	NaN	NaN	5747.5999	5747.9269	0.0000	1.0000	0.4227
48xy01	1	36	0	0	2.0000	0.0000	1.0000	NaN	11.3374	11.8486	14.2460	5748.8887	5749.1897	1.0000	1.0000	0.3838
48xy01	1	37	0	0	1.0000	0.0000	1.0000	0.1545	NaN	NaN	NaN	5751.9370	5752.2623	0.0000	0.0000	0.3282
48xy01	1	37	0	0	2.0000	0.0000	-1.0000	NaN	1.4280	-2.4904	15.4896	5753.1229	5753.4239	1.0000	0.0000	0.4136
48xy01	1	38	0	0	1.0000	0.0000	1.0000	0.0793	NaN	NaN	NaN	5756.1302	5756.4563	1.0000	1.0000	0.6603
48xy01	1	38	0	0	2.0000	0.0000	1.0000	NaN	1.5981	1.4549	14.7050	5757.6830	5757.9839	1.0000	1.0000	0.5008
48xy01	1	39	0	0	1.0000	0.0000	-1.0000	0.4807	NaN	NaN	NaN	5760.3327	5760.6622	0.0000	1.0000	0.3349
48xy01	1	39	0	0	2.0000	0.0000	-1.0000	NaN	8.3889	-6.6990	15.8265	5761.5376	5761.8387	0.0000	1.0000	0.4220
48xy01	1	40	0	0	1.0000	0.0000	-1.0000	0.4648	NaN	NaN	NaN	5764.6677	5764.9936	0.0000	1.0000	0.4440
48xy01	1	40	0	0	2.0000	0.0000	-1.0000	NaN	4.0526	-6.4212	13.2231	5765.9928	5766.2939	0.0000	1.0000	0.3508
48xy01	1	41	0	0	1.0000	0.0000	1.0000	0.6217	NaN	NaN	NaN	5769.1935	5769.5185	1.0000	1.0000	0.3987
48xy01	1	41	0	0	2.0000	0.0000	1.0000	NaN	4.8914	4.5069	15.1181	5770.4573	5770.7584	1.0000	1.0000	0.3108
48xy01	1	42	0	0	1.0000	0.0000	1.0000	0.1497	NaN	NaN	NaN	5773.2090	5773.5358	0.0000	0.0000	0.6371
48xy01	1	42	0	0	2.0000	0.0000	-1.0000	NaN	11.6471	-13.3517	16.0403	5774.7209	5775.0219	0.0000	1.0000	0.4075
48xy01	1	43	0	0	1.0000	0.0000	-1.0000	0.0310	NaN	NaN	NaN	5777.6432	5777.9693	1.0000	0.0000	0.3879
48xy01	1	43	0	0	2.0000	0.0000	1.0000	NaN	6.7344	8.5627	15.4773	5778.9369	5779.2379	1.0000	1.0000	0.3825
48xy01	1	44	0	0	1.0000	0.0000	1.0000	0.9243	NaN	NaN	NaN	5781.6344	5781.9608	1.0000	1.0000	1.3158
48xy01	1	44	0	0	2.0000	0.0000	1.0000	NaN	7.7879	6.1790	15.4780	5783.8330	5784.1339	1.0000	1.0000	0.4633
48xy01	1	45	0	0	1.0000	0.0000	-1.0000	0.0923	NaN	NaN	NaN	5786.7013	5787.0266	0.0000	1.0000	0.5780
48xy01	1	45	0	0	2.0000	0.0000	1.0000	NaN	9.8815	9.6074	14.2653	5788.1526	5788.4537	1.0000	1.0000	0.4158
48xy01	1	46	0	0	1.0000	0.0000	1.0000	0.7564	NaN	NaN	NaN	5790.9483	5791.2762	0.0000	0.0000	0.4567
48xy01	1	46	0	0	2.0000	0.0000	1.0000	NaN	1.1845	3.0579	14.6091	5792.2842	5792.5852	1.0000	1.0000	0.3483
48xy01	1	47	0	0	1.0000	0.0000	1.0000	0.0044	NaN	NaN	NaN	5795.1722	5795.4981	0.0000	0.0000	0.3792
48xy01	1	47	0	0	2.0000	0.0000	1.0000	NaN	9.2989	7.2800	15.7818	5796.4420	5796.7430	0.0000	0.0000	1.5815
48xy01	1	48	0	0	1.0000	0.0000	-1.0000	0.2279	NaN	NaN	NaN	5800.4462	5800.7708	0.0000	1.0000	0.4904
48xy01	1	48	0	0	2.0000	0.0000	1.0000	NaN	10.6381	11.5246	13.6623	5801.8101	5802.1111	1.0000	1.0000	0.4461
48xy01	1	49	0	0	1.0000	0.0000	1.0000	0.5577	NaN	NaN	NaN	5804.9701	5805.2974	1.0000	1.0000	0.5877
48xy01	1	49	0	0	2.0000	0.0000	-1.0000	NaN	2.4929	-3.4869	14.4410	5806.4572	5806.7582	0.0000	1.0000	0.6624
48xy01	1	50	0	0	1.0000	0.0000	1.0000	0.3969	NaN	NaN	NaN	5809.7180	5810.0443	0.0000	0.0000	0.5923
48xy01	1	50	0	0	2.0000	0.0000	1.0000	NaN	11.7966	11.7428	14.8752	5811.1857	5811.4867	1.0000	1.0000	0.3986
48xy01	2	1	0	0	1.0000	0.0000	-1.0000	0.9349	NaN	NaN	NaN	5820.7429	5821.0691	0.0000	1.0000	0.3362
48xy01	2	1	0	0	2.0000	0.0000	1.0000	NaN	2.0060	2.2462	15.7318	5821.9525	5822.2535	1.0000	1.0000	0.4640
48xy01	2	2	0	0	1.0000	0.0000	1.0000	0.5195	NaN	NaN	NaN	5825.2066	5825.5340	0.0000	0.0000	0.9673
48xy01	2	2	0	0	2.0000	0.0000	1.0000	NaN	6.2536	4.5279	15.0908	5827.0654	5827.3664	1.0000	1.0000	1.0390
48xy01	2	3	0	0	1.0000	0.0000	1.0000	0.6771	NaN	NaN	NaN	5830.5610	5830.8870	1.0000	1.0000	0.3343
48xy01	2	3	0	0	2.0000	0.0000	-1.0000	NaN	6.0057	-6.3530	15.0985	5831.7615	5832.0624	0.0000	1.0000	0.4142
48xy01	2	4	0	0	1.0000	0.0000	-1.0000	0.3225	NaN	NaN	NaN	5834.9095	5835.2355	0.0000	1.0000	0.3936
48xy01	2	4	0	0	2.0000	0.0000	1.0000	NaN	11.4196	11.2633	14.9822	5836.2010	5836.5019	1.0000	1.0000	0.5514
48xy01	2	5	0	0	1.0000	0.0000	1.0000	0.5062	NaN	NaN	NaN	5839.2414	5839.5684	1.0000	1.0000	0.4689
48xy01	2	5	0	0	2.0000	0.0000	1.0000	NaN	4.2087	2.5451	15.7873	5840.5934	5840.8944	1.0000	1.0000	0.5662
48xy01	2	6	0	0	1.0000	0.0000	-1.0000	0.1698	NaN	NaN	NaN	5843.3917	5843.7182	0.0000	1.0000	0.4631
48xy01	2	6	0	0	2.0000	0.0000	1.0000	NaN	5.0746	5.7888	14.7073	5844.7286	5845.0296	1.0000	1.0000	0.5118
48xy01	2	7	0	0	1.0000	0.0000	-1.0000	0.2469	NaN	NaN	NaN	5847.5061	5847.8333	1.0000	0.0000	1.5642
48xy01	2	7	0	0	2.0000	0.0000	1.0000	NaN	9.6008	9.0839	15.0677	5849.9448	5850.2459	1.0000	1.0000	0.4476
48xy01	2	8	0	0	1.0000	0.0000	1.0000	0.4311	NaN	NaN	NaN	5852.7411	5853.0686	1.0000	1.0000	1.6728
48xy01	2	8	0	0	2.0000	0.0000	1.0000	NaN	5.1887	4.9858	15.2335	5855.3113	5855.6123	1.0000	1.0000	1.4810
48xy01	2	9	0	0	1.0000	0.0000	1.0000	0.8605	NaN	NaN	NaN	5859.3844	5859.7096	1.0000	1.0000	0.6717
48xy01	2	9	0	0	2.0000	0.0000	-1.0000	NaN	1.5238	-2.0195	15.0594	5860.9526	5861.2538	1.0000	0.0000	0.5035
48xy01	2	10	0	0	1.0000	0.0000	-1.0000	0.2385	NaN	NaN	NaN	5863.9302	5864.2571	0.0000	1.0000	0.5242
48xy01	2	10	0	0	2.0000	0.0000	1.0000	NaN	7.3925	6.4336	16.7075	5865.3454	5865.6469	1.0000	1.0000	0.5738
48xy01	2	11	0	0	1.0000	0.0000	1.0000	0.3960	NaN	NaN	NaN	5868.5753	5868.9025	1.0000	1.0000	1.1510
48xy01	2	11	0	0	2.0000	0.0000	1.0000	NaN	7.8823	7.3016	15.6112	5870.6022	5870.9032	1.0000	1.0000	0.6213
48xy01	2	12	0	0	1.0000	0.0000	-1.0000	0.4377	NaN	NaN	NaN	5873.7238	5874.0499	0.0000	1.0000	1.6594
48xy01	2	12	0	0	2.0000	0.0000	1.0000	NaN	11.7797	11.9268	16.6114	5876.2658	5876.5668	1.0000	1.0000	0.4698
48xy01	2	13	0	0	1.0000	0.0000	-1.0000	0.7772	NaN	NaN	NaN	5879.2952	5879.6203	0.0000	1.0000	0.5368
48xy01	2	13	0	0	2.0000	0.0000	-1.0000	NaN	9.8106	-9.0506	15.8821	5880.7123	5881.0133	0.0000	1.0000	0.9919
48xy01	2	14	0	0	1.0000	0.0000	1.0000	0.5794	NaN	NaN	NaN	5884.4714	5884.7981	1.0000	1.0000	0.3272
48xy01	2	14	0	0	2.0000	0.0000	-1.0000	NaN	7.4120	-7.2799	15.4916	5885.6963	5885.9978	0.0000	1.0000	0.4875
48xy01	2	15	0	0	1.0000	0.0000	1.0000	0.8321	NaN	NaN	NaN	5888.6499	5888.9749	1.0000	1.0000	0.7342
48xy01	2	15	0	0	2.0000	0.0000	-1.0000	NaN	6.6019	-6.3978	14.8632	5890.2488	5890.5498	0.0000	1.0000	0.5274
48xy01	2	16	0	0	1.0000	0.0000	1.0000	0.4280	NaN	NaN	NaN	5893.5841	5893.9106	1.0000	1.0000	0.6228
48xy01	2	16	0	0	2.0000	0.0000	-1.0000	NaN	1.0059	-2.7838	15.9890	5895.0963	5895.3972	0.0000	1.0000	0.6638
48xy01	2	17	0	0	1.0000	0.0000	-1.0000	0.8677	NaN	NaN	NaN	5898.1104	5898.4387	1.0000	0.0000	1.0947
48xy01	2	17	0	0	2.0000	0.0000	1.0000	NaN	1.8285	0.3523	14.6900	5900.1374	5900.4385	1.0000	1.0000	0.7502
48xy01	2	18	0	0	1.0000	0.0000	1.0000	0.6007	NaN	NaN	NaN	5903.8879	5904.2142	1.0000	1.0000	0.3903
48xy01	2	18	0	0	2.0000	0.0000	-1.0000	NaN	1.1705	-2.1896	14.4640	5905.1688	5905.4700	0.0000	1.0000	0.5509
48xy01	2	19	0	0	1.0000	0.0000	-1.0000	0.4007	NaN	NaN	NaN	5907.9698	5908.2965	0.0000	1.0000	0.9247
48xy01	2	19	0	0	2.0000	0.0000	1.0000	NaN	10.9888	11.0851	14.2615	5909.7527	5910.0540	1.0000	1.0000	0.5435
48xy01	2	20	0	0	1.0000	0.0000	-1.0000	0.6227	NaN	NaN	NaN	5912.9950	5913.3212	0.0000	1.0000	0.4921
48xy01	2	20	0	0	2.0000	0.0000	1.0000	NaN	2.0542	1.0172	13.7767	5914.3625	5914.6634	0.0000	0.0000	0.6459
48xy01	2	21	0	0	1.0000	0.0000	1.0000	0.9083	NaN	NaN	NaN	5917.7634	5918.0890	1.0000	1.0000	0.5483
48xy01	2	21	0	0	2.0000	0.0000	1.0000	NaN	6.9025	5.9853	14.3493	5919.2327	5919.5338	1.0000	1.0000	1.3435
48xy01	2	22	0	0	1.0000	0.0000	1.0000	0.2254	NaN	NaN	NaN	5923.2404	5923.5655	1.0000	1.0000	0.6151
48xy01	2	22	0	0	2.0000	0.0000	-1.0000	NaN	5.5062	-4.3220	15.6201	5924.7530	5925.0540	0.0000	1.0000	0.5751
48xy01	2	23	0	0	1.0000	0.0000	-1.0000	0.6423	NaN	NaN	NaN	5927.4448	5927.7727	1.0000	0.0000	0.8175
48xy01	2	23	0	0	2.0000	0.0000	1.0000	NaN	3.4688	4.4638	15.4191	5929.1690	5929.4700	0.0000	0.0000	1.6485
48xy01	2	24	0	0	1.0000	0.0000	-1.0000	0.8316	NaN	NaN	NaN	5933.5283	5933.8544	1.0000	0.0000	1.3107
48xy01	2	24	0	0	2.0000	0.0000	1.0000	NaN	6.2166	7.9878	13.8454	5935.7290	5936.0301	1.0000	1.0000	0.4631
48xy01	2	25	0	0	1.0000	0.0000	-1.0000	0.7832	NaN	NaN	NaN	5938.4985	5938.8283	0.0000	1.0000	1.0483
48xy01	2	25	0	0	2.0000	0.0000	1.0000	NaN	11.7920	11.8253	15.0348	5940.4343	5940.7353	1.0000	1.0000	0.3898
48xy01	2	26	0	0	1.0000	0.0000	1.0000	0.0359	NaN	NaN	NaN	5943.1623	5943.4868	1.0000	1.0000	1.5177
48xy01	2	26	0	0	2.0000	0.0000	-1.0000	NaN	10.6220	-10.2424	14.9215	5945.5937	5945.8947	0.0000	1.0000	0.6069
48xy01	2	27	0	0	1.0000	0.0000	1.0000	0.1743	NaN	NaN	NaN	5948.6577	5948.9851	1.0000	1.0000	0.4764
48xy01	2	27	0	0	2.0000	0.0000	-1.0000	NaN	4.4218	-3.3581	15.3539	5950.0325	5950.3335	0.0000	1.0000	0.5115
48xy01	2	28	0	0	1.0000	0.0000	-1.0000	0.4825	NaN	NaN	NaN	5953.2768	5953.6030	1.0000	0.0000	0.5134
48xy01	2	28	0	0	2.0000	0.0000	1.0000	NaN	1.0262	0.5871	13.9513	5954.6993	5955.0003	1.0000	1.0000	1.2446
48xy01	2	29	0	0	1.0000	0.0000	-1.0000	0.7610	NaN	NaN	NaN	5958.5420	5958.8675	1.0000	0.0000	0.7931
48xy01	2	29	0	0	2.0000	0.0000	-1.0000	NaN	0.3506	-0.2244	14.3018	5960.2036	5960.5046	0.0000	1.0000	0.5807
48xy01	2	30	0	0	1.0000	0.0000	1.0000	0.6824	NaN	NaN	NaN	5963.3591	5963.6857	1.0000	1.0000	0.5595
48xy01	2	30	0	0	2.0000	0.0000	-1.0000	NaN	11.6238	-12.7034	14.5683	5964.8252	5965.1262	0.0000	1.0000	0.4144
48xy01	2	31	0	0	1.0000	0.0000	-1.0000	0.2279	NaN	NaN	NaN	5967.7809	5968.1055	1.0000	0.0000	0.5560
48xy01	2	31	0	0	2.0000	0.0000	-1.0000	NaN	1.4798	-1.4420	13.8861	5969.2253	5969.5263	1.0000	0.0000	1.1826
48xy01	2	32	0	0	1.0000	0.0000	1.0000	0.4284	NaN	NaN	NaN	5972.8139	5973.1409	1.0000	1.0000	0.3520
48xy01	2	32	0	0	2.0000	0.0000	1.0000	NaN	6.5641	5.3328	13.3682	5974.0640	5974.3650	1.0000	1.0000	0.4723
48xy01	2	33	0	0	1.0000	0.0000	1.0000	0.0146	NaN	NaN	NaN	5977.2681	5977.5960	1.0000	1.0000	0.4013
48xy01	2	33	0	0	2.0000	0.0000	-1.0000	NaN	0.5163	-1.6170	12.5645	5978.5766	5978.8776	0.0000	1.0000	0.7350
48xy01	2	34	0	0	1.0000	0.0000	-1.0000	0.8828	NaN	NaN	NaN	5981.5699	5981.8968	1.0000	0.0000	0.5804
48xy01	2	34	0	0	2.0000	0.0000	-1.0000	NaN	4.1998	-5.3539	14.7180	5983.0182	5983.3193	0.0000	1.0000	0.6938
48xy01	2	35	0	0	1.0000	0.0000	1.0000	0.0064	NaN	NaN	NaN	5986.4401	5986.7666	1.0000	1.0000	0.3747
48xy01	2	35	0	0	2.0000	0.0000	1.0000	NaN	7.2260	6.5985	14.5705	5987.7397	5988.0408	1.0000	1.0000	0.6766
48xy01	2	36	0	0	1.0000	0.0000	-1.0000	0.1418	NaN	NaN	NaN	5990.7476	5991.0739	1.0000	0.0000	0.4434
48xy01	2	36	0	0	2.0000	0.0000	1.0000	NaN	3.0901	4.9713	15.0249	5992.0892	5992.3902	1.0000	1.0000	1.3349
48xy01	2	37	0	0	1.0000	0.0000	-1.0000	0.4876	NaN	NaN	NaN	5996.1953	5996.5224	1.0000	0.0000	0.6100
48xy01	2	37	0	0	2.0000	0.0000	-1.0000	NaN	4.8217	-5.2794	15.4761	5997.7204	5998.0213	0.0000	1.0000	0.7834
48xy01	2	38	0	0	1.0000	0.0000	-1.0000	0.6852	NaN	NaN	NaN	6001.1467	6001.4728	0.0000	1.0000	0.7398
48xy01	2	38	0	0	2.0000	0.0000	-1.0000	NaN	1.2811	-1.7243	14.9735	6002.7691	6003.0701	0.0000	1.0000	0.7903
48xy01	2	39	0	0	1.0000	0.0000	-1.0000	0.8610	NaN	NaN	NaN	6006.4016	6006.7278	0.0000	1.0000	0.6688
48xy01	2	39	0	0	2.0000	0.0000	1.0000	NaN	10.5558	9.6483	14.7571	6007.9695	6008.2705	1.0000	1.0000	0.5589
48xy01	2	40	0	0	1.0000	0.0000	-1.0000	0.6214	NaN	NaN	NaN	6011.3605	6011.6867	1.0000	0.0000	0.5347
48xy01	2	40	0	0	2.0000	0.0000	1.0000	NaN	8.2706	9.4459	14.7751	6012.8002	6013.1012	1.0000	1.0000	0.5839
48xy01	2	41	0	0	1.0000	0.0000	1.0000	0.3012	NaN	NaN	NaN	6015.8560	6016.1822	1.0000	1.0000	0.8301
48xy01	2	41	0	0	2.0000	0.0000	1.0000	NaN	11.4027	11.0087	16.4064	6017.5621	6017.8632	1.0000	1.0000	0.5419
48xy01	2	42	0	0	1.0000	0.0000	-1.0000	0.8104	NaN	NaN	NaN	6020.4935	6020.8200	1.0000	0.0000	1.3931
48xy01	2	42	0	0	2.0000	0.0000	1.0000	NaN	7.4647	6.5919	11.7430	6022.7767	6023.0777	0.0000	0.0000	0.6554
48xy01	2	43	0	0	1.0000	0.0000	1.0000	0.1850	NaN	NaN	NaN	6025.9939	6026.3195	1.0000	1.0000	0.3654
48xy01	2	43	0	0	2.0000	0.0000	1.0000	NaN	2.7111	3.1999	14.0496	6027.2419	6027.5429	1.0000	1.0000	0.8063
48xy01	2	44	0	0	1.0000	0.0000	-1.0000	0.5394	NaN	NaN	NaN	6030.5307	6030.8582	0.0000	1.0000	0.6030
48xy01	2	44	0	0	2.0000	0.0000	1.0000	NaN	0.9103	1.9163	13.3902	6032.0180	6032.3190	1.0000	1.0000	0.5422
48xy01	2	45	0	0	1.0000	0.0000	-1.0000	0.2230	NaN	NaN	NaN	6034.8353	6035.1616	0.0000	1.0000	1.4589
48xy01	2	45	0	0	2.0000	0.0000	-1.0000	NaN	4.2379	-2.3026	14.4781	6037.1535	6037.4545	1.0000	0.0000	1.3107
48xy01	2	46	0	0	1.0000	0.0000	-1.0000	0.3341	NaN	NaN	NaN	6041.0380	6041.3631	0.0000	1.0000	0.7379
48xy01	2	46	0	0	2.0000	0.0000	-1.0000	NaN	9.9699	-10.8499	15.6582	6042.6580	6042.9591	0.0000	1.0000	0.5421
48xy01	2	47	0	0	1.0000	0.0000	-1.0000	0.0916	NaN	NaN	NaN	6045.7995	6046.1249	1.0000	0.0000	0.9764
48xy01	2	47	0	0	2.0000	0.0000	-1.0000	NaN	1.5837	-1.6021	15.8789	6047.6649	6047.9661	0.0000	1.0000	1.0393
48xy01	2	48	0	0	1.0000	0.0000	-1.0000	0.6167	NaN	NaN	NaN	6051.3907	6051.7167	0.0000	1.0000	0.5758
48xy01	2	48	0	0	2.0000	0.0000	1.0000	NaN	8.7807	5.3195	16.0012	6052.8491	6053.1501	1.0000	1.0000	0.4952
48xy01	2	49	0	0	1.0000	0.0000	1.0000	0.5222	NaN	NaN	NaN	6056.2500	6056.5776	1.0000	1.0000	0.8515
48xy01	2	49	0	0	2.0000	0.0000	-1.0000	NaN	11.0063	-11.3381	15.3770	6057.9850	6058.2860	0.0000	1.0000	0.7027
48xy01	2	50	0	0	1.0000	0.0000	1.0000	0.5114	NaN	NaN	NaN	6061.1618	6061.4877	1.0000	1.0000	0.4454
48xy01	2	50	0	0	2.0000	0.0000	1.0000	NaN	11.9536	11.9579	14.5640	6062.4725	6062.7734	1.0000	1.0000	0.4392
48xy01	3	1	0	0	1.0000	0.0000	1.0000	0.8253	NaN	NaN	NaN	6075.5360	6075.8616	1.0000	1.0000	0.3198
48xy01	3	1	0	0	2.0000	0.0000	-1.0000	NaN	1.0132	-1.7688	15.8990	6076.7371	6077.0380	1.0000	0.0000	0.4153
48xy01	3	2	0	0	1.0000	0.0000	1.0000	0.6357	NaN	NaN	NaN	6079.7268	6080.0536	0.0000	0.0000	0.6789
48xy01	3	2	0	0	2.0000	0.0000	1.0000	NaN	2.2852	2.7799	15.5075	6081.2814	6081.5826	1.0000	1.0000	1.3586
48xy01	3	3	0	0	1.0000	0.0000	-1.0000	0.4645	NaN	NaN	NaN	6085.4774	6085.8051	0.0000	1.0000	0.4234
48xy01	3	3	0	0	2.0000	0.0000	1.0000	NaN	7.4887	7.2008	14.4436	6086.7776	6087.0785	1.0000	1.0000	0.5025
48xy01	3	4	0	0	1.0000	0.0000	-1.0000	0.4181	NaN	NaN	NaN	6089.6288	6089.9578	0.0000	1.0000	0.3907
48xy01	3	4	0	0	2.0000	0.0000	1.0000	NaN	6.3257	5.0132	13.6661	6090.9044	6091.2054	1.0000	1.0000	0.6551
48xy01	3	5	0	0	1.0000	0.0000	-1.0000	0.7193	NaN	NaN	NaN	6093.7521	6094.0783	0.0000	1.0000	0.3431
48xy01	3	5	0	0	2.0000	0.0000	1.0000	NaN	9.0447	9.8625	15.0617	6094.9685	6095.2696	1.0000	1.0000	0.5509
48xy01	3	6	0	0	1.0000	0.0000	1.0000	0.2416	NaN	NaN	NaN	6098.1772	6098.5021	1.0000	1.0000	0.4230
48xy01	3	6	0	0	2.0000	0.0000	1.0000	NaN	9.7714	9.3067	15.3415	6099.5050	6099.8060	1.0000	1.0000	1.5433
48xy01	3	7	0	0	1.0000	0.0000	-1.0000	0.0566	NaN	NaN	NaN	6103.7066	6104.0313	0.0000	1.0000	0.4060
48xy01	3	7	0	0	2.0000	0.0000	1.0000	NaN	8.1837	9.0087	15.0917	6105.0005	6105.3018	1.0000	1.0000	0.4952
48xy01	3	8	0	0	1.0000	0.0000	1.0000	0.7652	NaN	NaN	NaN	6107.9599	6108.2861	1.0000	1.0000	0.6949
48xy01	3	8	0	0	2.0000	0.0000	1.0000	NaN	6.9207	8.5139	15.8197	6109.5206	6109.8216	1.0000	1.0000	0.5435
48xy01	3	9	0	0	1.0000	0.0000	1.0000	0.6757	NaN	NaN	NaN	6112.3472	6112.6730	1.0000	1.0000	0.7963
48xy01	3	9	0	0	2.0000	0.0000	-1.0000	NaN	2.6610	-1.4291	14.3902	6114.0335	6114.3345	1.0000	0.0000	0.6147
48xy01	3	10	0	0	1.0000	0.0000	-1.0000	0.0679	NaN	NaN	NaN	6117.0966	6117.4213	0.0000	1.0000	0.8320
48xy01	3	10	0	0	2.0000	0.0000	-1.0000	NaN	6.2598	-7.5329	14.9626	6118.8021	6119.1031	0.0000	1.0000	0.6613
48xy01	3	11	0	0	1.0000	0.0000	-1.0000	0.0113	NaN	NaN	NaN	6121.8735	6122.1999	1.0000	0.0000	1.1332
48xy01	3	11	0	0	2.0000	0.0000	1.0000	NaN	4.0455	3.7550	14.4589	6123.8807	6124.1817	1.0000	1.0000	0.9668
48xy01	3	12	0	0	1.0000	0.0000	-1.0000	0.7075	NaN	NaN	NaN	6127.3675	6127.6946	0.0000	1.0000	0.3826
48xy01	3	12	0	0	2.0000	0.0000	1.0000	NaN	2.2675	3.1692	14.7067	6128.6409	6128.9419	1.0000	1.0000	0.4788
48xy01	3	13	0	0	1.0000	0.0000	1.0000	0.7199	NaN	NaN	NaN	6131.6937	6132.0185	1.0000	1.0000	0.7467
48xy01	3	13	0	0	2.0000	0.0000	-1.0000	NaN	8.9176	-8.5566	14.9779	6133.3376	6133.6386	0.0000	1.0000	0.4947
48xy01	3	14	0	0	1.0000	0.0000	-1.0000	0.4654	NaN	NaN	NaN	6136.4071	6136.7322	0.0000	1.0000	0.4730
48xy01	3	14	0	0	2.0000	0.0000	1.0000	NaN	2.0151	1.5024	15.3893	6137.7453	6138.0463	0.0000	0.0000	0.8386
48xy01	3	15	0	0	1.0000	0.0000	1.0000	0.7554	NaN	NaN	NaN	6141.1508	6141.4791	1.0000	1.0000	0.3579
48xy01	3	15	0	0	2.0000	0.0000	1.0000	NaN	2.2425	2.1437	15.5386	6142.4178	6142.7188	1.0000	1.0000	0.6065
48xy01	3	16	0	0	1.0000	0.0000	1.0000	0.3757	NaN	NaN	NaN	6145.9218	6146.2468	1.0000	1.0000	2.2143
48xy01	3	16	0	0	2.0000	0.0000	-1.0000	NaN	4.4092	-4.9210	16.8045	6149.0078	6149.3088	0.0000	1.0000	0.8077
48xy01	3	17	0	0	1.0000	0.0000	-1.0000	0.5686	NaN	NaN	NaN	6152.5161	6152.8417	0.0000	1.0000	0.3147
48xy01	3	17	0	0	2.0000	0.0000	-1.0000	NaN	5.6511	-8.1875	14.6960	6153.7211	6154.0221	0.0000	1.0000	0.4391
48xy01	3	18	0	0	1.0000	0.0000	1.0000	0.1879	NaN	NaN	NaN	6156.4180	6156.7447	0.0000	0.0000	1.0602
48xy01	3	18	0	0	2.0000	0.0000	-1.0000	NaN	0.3665	-0.7366	14.7433	6158.3692	6158.6702	0.0000	1.0000	0.7431
48xy01	3	19	0	0	1.0000	0.0000	-1.0000	0.4017	NaN	NaN	NaN	6161.8712	6162.1998	0.0000	1.0000	0.8132
48xy01	3	19	0	0	2.0000	0.0000	-1.0000	NaN	6.5745	-6.2071	14.9612	6163.5457	6163.8467	0.0000	1.0000	0.6626
48xy01	3	20	0	0	1.0000	0.0000	-1.0000	0.4474	NaN	NaN	NaN	6166.8066	6167.1324	0.0000	1.0000	0.5288
48xy01	3	20	0	0	2.0000	0.0000	-1.0000	NaN	2.7659	-2.8220	14.5567	6168.2253	6168.5263	0.0000	1.0000	1.5511
48xy01	3	21	0	0	1.0000	0.0000	-1.0000	0.9118	NaN	NaN	NaN	6172.5595	6172.8855	0.0000	1.0000	0.4075
48xy01	3	21	0	0	2.0000	0.0000	-1.0000	NaN	4.0846	-4.4106	13.1481	6173.8420	6174.1430	0.0000	1.0000	1.2782
48xy01	3	22	0	0	1.0000	0.0000	-1.0000	0.1814	NaN	NaN	NaN	6177.7701	6178.0995	0.0000	1.0000	0.4817
48xy01	3	22	0	0	2.0000	0.0000	1.0000	NaN	5.1390	4.0106	13.9722	6179.1289	6179.4299	1.0000	1.0000	1.6553
48xy01	3	23	0	0	1.0000	0.0000	-1.0000	0.3538	NaN	NaN	NaN	6183.1928	6183.5184	0.0000	1.0000	0.4947
48xy01	3	23	0	0	2.0000	0.0000	1.0000	NaN	2.3774	2.4764	13.8301	6184.5693	6184.8702	1.0000	1.0000	1.2387
48xy01	3	24	0	0	1.0000	0.0000	-1.0000	0.5195	NaN	NaN	NaN	6188.1092	6188.4358	0.0000	1.0000	0.4335
48xy01	3	24	0	0	2.0000	0.0000	1.0000	NaN	11.4901	10.3122	14.4440	6189.4420	6189.7431	1.0000	1.0000	0.5014
48xy01	3	25	0	0	1.0000	0.0000	-1.0000	0.4205	NaN	NaN	NaN	6192.6349	6192.9606	0.0000	1.0000	0.3486
48xy01	3	25	0	0	2.0000	0.0000	-1.0000	NaN	1.2798	-0.7974	15.2737	6193.8645	6194.1655	0.0000	1.0000	0.9276
48xy01	3	26	0	0	1.0000	0.0000	-1.0000	0.2163	NaN	NaN	NaN	6197.3156	6197.6425	0.0000	1.0000	0.6027
48xy01	3	26	0	0	2.0000	0.0000	1.0000	NaN	5.2284	6.4547	15.0801	6198.7852	6199.0868	1.0000	1.0000	0.4627
48xy01	3	27	0	0	1.0000	0.0000	1.0000	0.4611	NaN	NaN	NaN	6201.6300	6201.9562	1.0000	1.0000	0.4173
48xy01	3	27	0	0	2.0000	0.0000	-1.0000	NaN	9.6034	-10.9605	15.0406	6202.9364	6203.2375	0.0000	1.0000	0.4637
48xy01	3	28	0	0	1.0000	0.0000	-1.0000	0.0654	NaN	NaN	NaN	6206.0485	6206.3744	0.0000	1.0000	0.5348
48xy01	3	28	0	0	2.0000	0.0000	-1.0000	NaN	3.8352	-1.3757	14.9972	6207.4651	6207.7662	0.0000	1.0000	0.9827
48xy01	3	29	0	0	1.0000	0.0000	1.0000	0.6632	NaN	NaN	NaN	6211.1726	6211.5017	1.0000	1.0000	0.5907
48xy01	3	29	0	0	2.0000	0.0000	-1.0000	NaN	7.9983	-7.8549	13.5608	6212.6492	6212.9501	0.0000	1.0000	0.6151
48xy01	3	30	0	0	1.0000	0.0000	1.0000	0.0500	NaN	NaN	NaN	6215.7549	6216.0813	1.0000	1.0000	1.2518
48xy01	3	30	0	0	2.0000	0.0000	-1.0000	NaN	8.8543	-10.4960	13.9245	6217.8744	6218.1754	0.0000	1.0000	0.4937
48xy01	3	31	0	0	1.0000	0.0000	1.0000	0.0574	NaN	NaN	NaN	6221.0091	6221.3340	1.0000	1.0000	0.7745
48xy01	3	31	0	0	2.0000	0.0000	1.0000	NaN	4.7911	5.6151	15.1359	6222.6420	6222.9430	1.0000	1.0000	0.5904
48xy01	3	32	0	0	1.0000	0.0000	1.0000	0.6649	NaN	NaN	NaN	6225.9805	6226.3086	1.0000	1.0000	0.3843
48xy01	3	32	0	0	2.0000	0.0000	-1.0000	NaN	7.6624	-7.2255	14.6211	6227.2329	6227.5339	0.0000	1.0000	0.7264
48xy01	3	33	0	0	1.0000	0.0000	-1.0000	0.1383	NaN	NaN	NaN	6230.3675	6230.6933	1.0000	0.0000	0.7118
48xy01	3	33	0	0	2.0000	0.0000	1.0000	NaN	1.6328	2.8776	15.7412	6231.9614	6232.2624	0.0000	0.0000	1.3981
48xy01	3	34	0	0	1.0000	0.0000	-1.0000	0.8127	NaN	NaN	NaN	6236.1190	6236.4447	0.0000	1.0000	0.9604
48xy01	3	34	0	0	2.0000	0.0000	-1.0000	NaN	7.7372	-7.6301	14.9141	6237.9609	6238.2619	0.0000	1.0000	0.6636
48xy01	3	35	0	0	1.0000	0.0000	-1.0000	0.8651	NaN	NaN	NaN	6241.2319	6241.5582	0.0000	1.0000	0.4231
48xy01	3	35	0	0	2.0000	0.0000	1.0000	NaN	2.1822	1.0828	15.6428	6242.5156	6242.8167	0.0000	0.0000	0.8125
48xy01	3	36	0	0	1.0000	0.0000	1.0000	0.3272	NaN	NaN	NaN	6245.8934	6246.2187	1.0000	1.0000	0.3545
48xy01	3	36	0	0	2.0000	0.0000	-1.0000	NaN	9.3662	-9.5274	15.7685	6247.1215	6247.4224	0.0000	1.0000	1.6787
48xy01	3	37	0	0	1.0000	0.0000	1.0000	0.6938	NaN	NaN	NaN	6251.2422	6251.5678	1.0000	1.0000	0.3014
48xy01	3	37	0	0	2.0000	0.0000	1.0000	NaN	5.8633	4.4441	15.7036	6252.4006	6252.7018	1.0000	1.0000	0.7515
48xy01	3	38	0	0	1.0000	0.0000	-1.0000	0.3654	NaN	NaN	NaN	6255.8425	6256.1695	0.0000	1.0000	0.4037
48xy01	3	38	0	0	2.0000	0.0000	1.0000	NaN	6.9958	6.3936	17.2002	6257.1128	6257.4138	1.0000	1.0000	0.6394
48xy01	3	39	0	0	1.0000	0.0000	-1.0000	0.2280	NaN	NaN	NaN	6260.5678	6260.8940	0.0000	1.0000	0.3423
48xy01	3	39	0	0	2.0000	0.0000	-1.0000	NaN	5.0072	-5.7694	14.1642	6261.7532	6262.0542	1.0000	0.0000	0.6467
48xy01	3	40	0	0	1.0000	0.0000	1.0000	0.3267	NaN	NaN	NaN	6264.9820	6265.3080	1.0000	1.0000	0.4171
48xy01	3	40	0	0	2.0000	0.0000	-1.0000	NaN	7.0088	-6.6344	14.3263	6266.2579	6266.5590	0.0000	1.0000	0.5255
48xy01	3	41	0	0	1.0000	0.0000	1.0000	0.2774	NaN	NaN	NaN	6269.5510	6269.8778	1.0000	1.0000	0.2873
48xy01	3	41	0	0	2.0000	0.0000	-1.0000	NaN	5.1798	-4.1611	17.2471	6270.7125	6271.0135	0.0000	1.0000	0.6710
48xy01	3	42	0	0	1.0000	0.0000	1.0000	0.7170	NaN	NaN	NaN	6273.8086	6274.1346	1.0000	1.0000	0.2865
48xy01	3	42	0	0	2.0000	0.0000	-1.0000	NaN	3.3123	-4.0550	14.5438	6275.0012	6275.3022	0.0000	1.0000	0.7270
48xy01	3	43	0	0	1.0000	0.0000	-1.0000	0.8702	NaN	NaN	NaN	6278.1437	6278.4697	0.0000	1.0000	0.3195
48xy01	3	43	0	0	2.0000	0.0000	1.0000	NaN	0.0138	0.3013	13.5991	6279.3406	6279.6416	0.0000	0.0000	1.9796
48xy01	3	44	0	0	1.0000	0.0000	-1.0000	0.8772	NaN	NaN	NaN	6283.9689	6284.2933	0.0000	1.0000	0.2634
48xy01	3	44	0	0	2.0000	0.0000	1.0000	NaN	5.1625	5.9003	13.0847	6285.0902	6285.3913	1.0000	1.0000	1.1338
48xy01	3	45	0	0	1.0000	0.0000	1.0000	0.3703	NaN	NaN	NaN	6288.6739	6289.0005	1.0000	1.0000	0.2685
48xy01	3	45	0	0	2.0000	0.0000	-1.0000	NaN	2.9003	-3.3933	13.9708	6289.8087	6290.1097	0.0000	1.0000	1.1357
48xy01	3	46	0	0	1.0000	0.0000	-1.0000	0.5043	NaN	NaN	NaN	6293.5520	6293.8777	0.0000	1.0000	0.3193
48xy01	3	46	0	0	2.0000	0.0000	-1.0000	NaN	9.3500	-8.1829	15.4998	6294.7375	6295.0385	0.0000	1.0000	0.6067
48xy01	3	47	0	0	1.0000	0.0000	-1.0000	0.1216	NaN	NaN	NaN	6297.8939	6298.2207	0.0000	1.0000	1.8324
48xy01	3	47	0	0	2.0000	0.0000	-1.0000	NaN	11.9890	-13.3234	15.2103	6300.6102	6300.9113	0.0000	1.0000	0.5012
48xy01	3	48	0	0	1.0000	0.0000	-1.0000	0.8596	NaN	NaN	NaN	6303.9952	6304.3221	0.0000	1.0000	0.3784
48xy01	3	48	0	0	2.0000	0.0000	-1.0000	NaN	11.7570	-12.6283	15.6860	6305.2564	6305.5575	0.0000	1.0000	0.6722
48xy01	3	49	0	0	1.0000	0.0000	-1.0000	0.2759	NaN	NaN	NaN	6308.2014	6308.5285	1.0000	0.0000	2.9805
48xy01	3	49	0	0	2.0000	0.0000	1.0000	NaN	7.4051	7.4761	16.0581	6312.0591	6312.3601	1.0000	1.0000	0.6932
48xy01	3	50	0	0	1.0000	0.0000	1.0000	0.7412	NaN	NaN	NaN	6315.7501	6316.0783	1.0000	1.0000	0.5743
48xy01	3	50	0	0	2.0000	0.0000	-1.0000	NaN	0.9735	-0.1577	15.7896	6317.2101	6317.5116	0.0000	1.0000	0.9728
