27ly03	1	1	1	1	1.0000	1.0000	-1.0000	NaN	4.0269	-2.7916	13.9136	1108610.9671	1108611.2741	0.0000	1.0000	0.9617
27ly03	1	1	1	1	2.0000	1.0000	1.0000	0.0527	NaN	NaN	NaN	1108612.7777	1108613.1983	0.0000	0.0000	1.0856
27ly03	1	2	1	1	1.0000	1.0000	-1.0000	NaN	0.1268	-1.6591	14.8393	1108616.1382	1108616.4430	1.0000	0.0000	2.2568
27ly03	1	2	1	1	2.0000	1.0000	-1.0000	0.0512	NaN	NaN	NaN	1108619.1944	1108619.6152	0.0000	1.0000	0.8600
27ly03	1	3	1	1	1.0000	1.0000	-1.0000	NaN	0.8592	-0.3628	13.9688	1108622.8280	1108623.1328	0.0000	1.0000	0.7831
27ly03	1	3	1	1	2.0000	1.0000	1.0000	0.1209	NaN	NaN	NaN	1108624.4395	1108624.8594	1.0000	1.0000	0.3678
27ly03	1	4	1	1	1.0000	1.0000	1.0000	NaN	3.8459	3.1657	15.5921	1108627.4873	1108627.7919	1.0000	1.0000	1.3873
27ly03	1	4	1	1	2.0000	1.0000	1.0000	0.1105	NaN	NaN	NaN	1108629.7030	1108630.1141	0.0000	0.0000	0.6336
27ly03	1	5	1	1	1.0000	1.0000	-1.0000	NaN	2.8086	-2.0337	14.4346	1108633.2107	1108633.5129	0.0000	1.0000	0.8035
27ly03	1	5	1	1	2.0000	1.0000	1.0000	0.2212	NaN	NaN	NaN	1108634.8678	1108635.2226	1.0000	1.0000	0.3085
27ly03	1	6	1	1	1.0000	1.0000	1.0000	NaN	0.1107	0.5368	15.1513	1108637.5546	1108637.8568	1.0000	1.0000	1.0834
27ly03	1	6	1	1	2.0000	1.0000	1.0000	0.2633	NaN	NaN	NaN	1108639.4765	1108639.8280	1.0000	1.0000	0.8552
27ly03	1	7	1	1	1.0000	1.0000	1.0000	NaN	0.7839	0.4027	14.5753	1108643.0243	1108643.3266	1.0000	1.0000	2.2537
27ly03	1	7	1	1	2.0000	1.0000	1.0000	0.1200	NaN	NaN	NaN	1108646.1166	1108646.4721	0.0000	0.0000	0.6591
27ly03	1	8	1	1	1.0000	1.0000	-1.0000	NaN	2.6644	-2.8727	14.9689	1108649.7422	1108650.0444	0.0000	1.0000	0.6548
27ly03	1	8	1	1	2.0000	1.0000	1.0000	0.0183	NaN	NaN	NaN	1108651.2363	1108651.5897	1.0000	1.0000	2.1671
27ly03	1	9	1	1	1.0000	1.0000	-1.0000	NaN	4.1466	-5.3545	14.8461	1108656.1539	1108656.4559	0.0000	1.0000	0.4682
27ly03	1	9	1	1	2.0000	1.0000	1.0000	0.1575	NaN	NaN	NaN	1108657.4468	1108657.8628	1.0000	1.0000	0.1489
27ly03	1	10	1	1	1.0000	1.0000	1.0000	NaN	0.1937	0.7919	16.2200	1108660.2530	1108660.5574	0.0000	0.0000	1.1355
27ly03	1	10	1	1	2.0000	1.0000	-1.0000	0.2045	NaN	NaN	NaN	1108662.2150	1108662.6291	0.0000	1.0000	0.3101
27ly03	1	11	1	1	1.0000	1.0000	1.0000	NaN	2.0098	1.6652	13.9402	1108665.3782	1108665.6829	0.0000	0.0000	1.8802
27ly03	1	11	1	1	2.0000	1.0000	-1.0000	0.2489	NaN	NaN	NaN	1108668.1196	1108668.5402	0.0000	1.0000	0.3519
27ly03	1	12	1	1	1.0000	1.0000	-1.0000	NaN	0.9774	-0.9346	16.7957	1108670.9446	1108671.2491	0.0000	1.0000	1.3860
27ly03	1	12	1	1	2.0000	1.0000	1.0000	0.1794	NaN	NaN	NaN	1108673.1779	1108673.5953	0.0000	0.0000	0.5598
27ly03	1	13	1	1	1.0000	1.0000	-1.0000	NaN	1.3276	-0.5780	15.4249	1108676.4493	1108676.7558	0.0000	1.0000	1.2553
27ly03	1	13	1	1	2.0000	1.0000	1.0000	0.1936	NaN	NaN	NaN	1108678.5514	1108678.9494	0.0000	0.0000	0.4705
27ly03	1	14	1	1	1.0000	1.0000	-1.0000	NaN	0.3395	-1.1720	13.9450	1108681.6281	1108681.9304	0.0000	1.0000	1.6967
27ly03	1	14	1	1	2.0000	1.0000	1.0000	0.2002	NaN	NaN	NaN	1108684.1484	1108684.5034	0.0000	0.0000	0.5324
27ly03	1	15	1	1	1.0000	1.0000	-1.0000	NaN	0.9156	-2.0004	14.6151	1108687.5574	1108687.8596	0.0000	1.0000	0.9840
27ly03	1	15	1	1	2.0000	1.0000	1.0000	0.0447	NaN	NaN	NaN	1108689.3958	1108689.7525	0.0000	0.0000	0.5795
27ly03	1	16	1	1	1.0000	1.0000	1.0000	NaN	4.9546	4.7116	14.3083	1108692.7966	1108693.0990	1.0000	1.0000	2.2246
27ly03	1	16	1	1	2.0000	1.0000	1.0000	0.2451	NaN	NaN	NaN	1108695.8593	1108696.2154	0.0000	0.0000	0.7092
27ly03	1	17	1	1	1.0000	1.0000	-1.0000	NaN	0.2656	-2.1321	13.6302	1108698.8396	1108699.1418	0.0000	1.0000	2.0533
27ly03	1	17	1	1	2.0000	1.0000	1.0000	0.2138	NaN	NaN	NaN	1108701.7324	1108702.0859	0.0000	0.0000	0.4372
27ly03	1	18	1	1	1.0000	1.0000	1.0000	NaN	2.6762	4.4186	14.0903	1108705.0671	1108705.3716	1.0000	1.0000	0.8162
27ly03	1	18	1	1	2.0000	1.0000	1.0000	0.2089	NaN	NaN	NaN	1108706.7431	1108707.1602	1.0000	1.0000	1.1552
27ly03	1	19	1	1	1.0000	1.0000	1.0000	NaN	5.2527	4.4045	14.6282	1108710.7793	1108711.0866	1.0000	1.0000	0.4926
27ly03	1	19	1	1	2.0000	1.0000	1.0000	0.0142	NaN	NaN	NaN	1108712.1214	1108712.5438	1.0000	1.0000	0.3953
27ly03	1	20	1	1	1.0000	1.0000	1.0000	NaN	0.0256	0.9428	14.2260	1108715.0899	1108715.3949	1.0000	1.0000	0.5208
27ly03	1	20	1	1	2.0000	1.0000	1.0000	0.0301	NaN	NaN	NaN	1108716.4733	1108716.8935	1.0000	1.0000	0.3991
27ly03	1	21	1	1	1.0000	1.0000	1.0000	NaN	5.4773	9.9069	16.0469	1108719.6187	1108719.9236	1.0000	1.0000	0.4251
27ly03	1	21	1	1	2.0000	1.0000	1.0000	0.1941	NaN	NaN	NaN	1108720.9059	1108721.2912	1.0000	1.0000	1.2644
27ly03	1	22	1	1	1.0000	1.0000	1.0000	NaN	2.6780	1.3959	14.6163	1108725.0614	1108725.3636	0.0000	0.0000	1.3679
27ly03	1	22	1	1	2.0000	1.0000	-1.0000	0.1960	NaN	NaN	NaN	1108727.2537	1108727.6043	0.0000	1.0000	0.6324
27ly03	1	23	1	1	1.0000	1.0000	-1.0000	NaN	5.5510	-4.2313	15.1814	1108730.1343	1108730.4363	1.0000	0.0000	3.7993
27ly03	1	23	1	1	2.0000	1.0000	-1.0000	0.1716	NaN	NaN	NaN	1108734.7239	1108735.0802	0.0000	1.0000	1.1718
27ly03	1	24	1	1	1.0000	1.0000	-1.0000	NaN	2.8930	-3.6695	16.1926	1108738.4751	1108738.7774	0.0000	1.0000	0.4833
27ly03	1	24	1	1	2.0000	1.0000	1.0000	0.1723	NaN	NaN	NaN	1108739.7964	1108740.1505	1.0000	1.0000	0.4702
27ly03	1	25	1	1	1.0000	1.0000	1.0000	NaN	1.2102	2.4861	15.1589	1108742.9927	1108743.2949	1.0000	1.0000	1.2927
27ly03	1	25	1	1	2.0000	1.0000	1.0000	0.1557	NaN	NaN	NaN	1108745.1723	1108745.5296	1.0000	1.0000	1.0900
27ly03	1	26	1	1	1.0000	1.0000	-1.0000	NaN	1.2564	-3.5118	16.3223	1108748.9667	1108749.2689	0.0000	1.0000	0.9347
27ly03	1	26	1	1	2.0000	1.0000	1.0000	0.2113	NaN	NaN	NaN	1108750.7723	1108751.1746	1.0000	1.0000	2.1814
27ly03	1	27	1	1	1.0000	1.0000	1.0000	NaN	5.6759	4.5266	15.4159	1108755.6193	1108755.9215	1.0000	1.0000	0.5386
27ly03	1	27	1	1	2.0000	1.0000	1.0000	0.1265	NaN	NaN	NaN	1108757.0602	1108757.4163	1.0000	1.0000	0.0198
27ly03	1	28	1	1	1.0000	1.0000	1.0000	NaN	2.2523	4.2361	16.4556	1108759.9406	1108760.2428	1.0000	1.0000	0.3927
27ly03	1	28	1	1	2.0000	1.0000	1.0000	0.0998	NaN	NaN	NaN	1108761.1874	1108761.5384	1.0000	1.0000	0.0006
27ly03	1	29	1	1	1.0000	1.0000	1.0000	NaN	5.3101	7.0239	13.7096	1108763.6407	1108763.9428	1.0000	1.0000	0.4042
27ly03	1	29	1	1	2.0000	1.0000	1.0000	0.0579	NaN	NaN	NaN	1108764.9165	1108765.2672	1.0000	1.0000	0.0006
27ly03	1	30	1	1	1.0000	1.0000	1.0000	NaN	5.6444	5.3874	15.8640	1108767.5198	1108767.8220	1.0000	1.0000	0.3490
27ly03	1	30	1	1	2.0000	1.0000	1.0000	0.0662	NaN	NaN	NaN	1108768.6918	1108769.0492	1.0000	1.0000	0.0007
27ly03	1	31	1	1	1.0000	1.0000	-1.0000	NaN	4.4993	-1.8633	14.9963	1108771.1782	1108771.4812	0.0000	1.0000	1.2499
27ly03	1	31	1	1	2.0000	1.0000	1.0000	0.2376	NaN	NaN	NaN	1108773.2525	1108773.6047	1.0000	1.0000	1.0783
27ly03	1	32	1	1	1.0000	1.0000	-1.0000	NaN	0.6634	-0.2971	14.3176	1108777.2203	1108777.5225	0.0000	1.0000	3.0973
27ly03	1	32	1	1	2.0000	1.0000	1.0000	0.0226	NaN	NaN	NaN	1108781.1723	1108781.5279	0.0000	0.0000	2.1808
27ly03	1	33	1	1	1.0000	1.0000	1.0000	NaN	5.4519	5.0545	15.5098	1108785.8655	1108786.1678	1.0000	1.0000	5.1872
27ly03	1	33	1	1	2.0000	1.0000	1.0000	0.1242	NaN	NaN	NaN	1108791.8916	1108792.2478	1.0000	1.0000	0.8049
27ly03	1	34	1	1	1.0000	1.0000	-1.0000	NaN	5.0673	-4.4770	14.7818	1108795.7070	1108796.0092	0.0000	1.0000	0.5619
27ly03	1	34	1	1	2.0000	1.0000	1.0000	0.2129	NaN	NaN	NaN	1108797.1404	1108797.4969	1.0000	1.0000	0.6741
27ly03	1	35	1	1	1.0000	1.0000	1.0000	NaN	1.9648	1.8764	14.8942	1108800.6196	1108800.9232	0.0000	0.0000	2.5284
27ly03	1	35	1	1	2.0000	1.0000	-1.0000	0.2192	NaN	NaN	NaN	1108804.0231	1108804.4392	0.0000	1.0000	0.6598
27ly03	1	36	1	1	1.0000	1.0000	1.0000	NaN	2.9424	1.6696	14.0672	1108807.6155	1108807.9200	1.0000	1.0000	1.1489
27ly03	1	36	1	1	2.0000	1.0000	1.0000	0.2044	NaN	NaN	NaN	1108809.6233	1108810.0263	1.0000	1.0000	0.3372
27ly03	1	37	1	1	1.0000	1.0000	1.0000	NaN	2.2711	3.0239	16.0573	1108812.3864	1108812.6887	1.0000	1.0000	3.6913
27ly03	1	37	1	1	2.0000	1.0000	1.0000	0.2542	NaN	NaN	NaN	1108816.9164	1108817.2695	1.0000	1.0000	0.7734
27ly03	1	38	1	1	1.0000	1.0000	-1.0000	NaN	5.8213	-5.6337	16.4783	1108820.0335	1108820.3357	0.0000	1.0000	0.5720
27ly03	1	38	1	1	2.0000	1.0000	1.0000	0.1942	NaN	NaN	NaN	1108821.4438	1108821.7977	1.0000	1.0000	0.3108
27ly03	1	39	1	1	1.0000	1.0000	-1.0000	NaN	3.4569	-3.2611	16.1504	1108824.4869	1108824.7891	0.0000	1.0000	0.4073
27ly03	1	39	1	1	2.0000	1.0000	1.0000	0.2603	NaN	NaN	NaN	1108825.7492	1108826.0995	1.0000	1.0000	0.0006
27ly03	1	40	1	1	1.0000	1.0000	1.0000	NaN	4.3104	5.0312	14.6710	1108828.0660	1108828.3682	1.0000	1.0000	0.5406
27ly03	1	40	1	1	2.0000	1.0000	1.0000	0.2372	NaN	NaN	NaN	1108829.4762	1108829.8306	1.0000	1.0000	0.0007
27ly03	1	41	1	1	1.0000	1.0000	-1.0000	NaN	1.7342	-1.1980	15.5882	1108832.4281	1108832.7302	0.0000	1.0000	1.4573
27ly03	1	41	1	1	2.0000	1.0000	1.0000	0.1040	NaN	NaN	NaN	1108834.7399	1108835.0956	0.0000	0.0000	1.9553
27ly03	1	42	1	1	1.0000	1.0000	-1.0000	NaN	2.7280	-0.8562	15.4173	1108839.7221	1108840.0243	1.0000	0.0000	2.2913
27ly03	1	42	1	1	2.0000	1.0000	-1.0000	0.0840	NaN	NaN	NaN	1108842.8993	1108843.2513	1.0000	0.0000	0.3284
27ly03	1	43	1	1	1.0000	1.0000	1.0000	NaN	3.7937	3.7066	15.6614	1108846.1542	1108846.4601	1.0000	1.0000	1.0068
27ly03	1	43	1	1	2.0000	1.0000	1.0000	0.1529	NaN	NaN	NaN	1108848.0063	1108848.4198	0.0000	0.0000	0.5838
27ly03	1	44	1	1	1.0000	1.0000	1.0000	NaN	3.5003	4.1936	13.4589	1108851.2997	1108851.6047	1.0000	1.0000	0.5503
27ly03	1	44	1	1	2.0000	1.0000	1.0000	0.1186	NaN	NaN	NaN	1108852.7279	1108853.1283	1.0000	1.0000	0.0006
27ly03	1	45	1	1	1.0000	1.0000	-1.0000	NaN	0.9786	-2.0650	15.3271	1108855.1564	1108855.4599	1.0000	0.0000	2.7117
27ly03	1	45	1	1	2.0000	1.0000	-1.0000	0.1238	NaN	NaN	NaN	1108858.7717	1108859.1280	0.0000	1.0000	0.5635
27ly03	1	46	1	1	1.0000	1.0000	-1.0000	NaN	5.6682	-5.5376	14.5835	1108862.2140	1108862.5162	0.0000	1.0000	0.2957
27ly03	1	46	1	1	2.0000	1.0000	1.0000	0.0277	NaN	NaN	NaN	1108863.3482	1108863.7003	1.0000	1.0000	0.0006
27ly03	1	47	1	1	1.0000	1.0000	1.0000	NaN	0.7793	1.7674	17.2314	1108865.7362	1108866.0384	1.0000	1.0000	0.4206
27ly03	1	47	1	1	2.0000	1.0000	1.0000	0.1583	NaN	NaN	NaN	1108866.9972	1108867.3471	1.0000	1.0000	0.0005
27ly03	1	48	1	1	1.0000	1.0000	1.0000	NaN	4.5424	2.7757	15.5572	1108869.4402	1108869.7429	1.0000	1.0000	0.6526
27ly03	1	48	1	1	2.0000	1.0000	1.0000	0.1701	NaN	NaN	NaN	1108870.9636	1108871.3137	1.0000	1.0000	0.0589
27ly03	1	49	1	1	1.0000	1.0000	-1.0000	NaN	1.5483	-2.1190	14.1869	1108873.5936	1108873.8957	0.0000	1.0000	2.6592
27ly03	1	49	1	1	2.0000	1.0000	1.0000	0.1589	NaN	NaN	NaN	1108877.0914	1108877.4449	1.0000	1.0000	2.1027
27ly03	1	50	1	1	1.0000	1.0000	1.0000	NaN	2.7516	2.9691	14.7793	1108881.8533	1108882.1556	1.0000	1.0000	1.3757
27ly03	1	50	1	1	2.0000	1.0000	1.0000	0.1232	NaN	NaN	NaN	1108884.1322	1108884.4892	1.0000	1.0000	1.0262
27ly03	2	1	1	1	1.0000	1.0000	-1.0000	NaN	5.2425	-5.4803	14.7084	1108889.9485	1108890.2506	0.0000	1.0000	0.4172
27ly03	2	1	1	1	2.0000	1.0000	1.0000	0.2696	NaN	NaN	NaN	1108891.1881	1108891.5430	1.0000	1.0000	0.9815
27ly03	2	2	1	1	1.0000	1.0000	1.0000	NaN	3.2997	4.2040	13.1445	1108894.8328	1108895.1365	1.0000	1.0000	0.7318
27ly03	2	2	1	1	2.0000	1.0000	1.0000	0.0095	NaN	NaN	NaN	1108896.4383	1108896.8494	1.0000	1.0000	4.6019
27ly03	2	3	1	1	1.0000	1.0000	1.0000	NaN	5.3064	5.0278	14.2706	1108903.8685	1108904.1759	1.0000	1.0000	0.4441
27ly03	2	3	1	1	2.0000	1.0000	1.0000	0.1285	NaN	NaN	NaN	1108905.1614	1108905.5840	1.0000	1.0000	4.0268
27ly03	2	4	1	1	1.0000	1.0000	1.0000	NaN	2.9336	3.3105	14.3354	1108911.7273	1108912.0322	1.0000	1.0000	0.6191
27ly03	2	4	1	1	2.0000	1.0000	1.0000	0.0426	NaN	NaN	NaN	1108913.2226	1108913.6466	1.0000	1.0000	0.8602
27ly03	2	5	1	1	1.0000	1.0000	-1.0000	NaN	0.8198	-0.9407	14.6899	1108917.0627	1108917.3672	0.0000	1.0000	4.2277
27ly03	2	5	1	1	2.0000	1.0000	1.0000	0.1027	NaN	NaN	NaN	1108922.1510	1108922.5660	0.0000	0.0000	0.7569
27ly03	2	6	1	1	1.0000	1.0000	1.0000	NaN	1.6252	0.4198	14.8873	1108925.4907	1108925.7952	1.0000	1.0000	1.2717
27ly03	2	6	1	1	2.0000	1.0000	1.0000	0.0542	NaN	NaN	NaN	1108927.6072	1108927.9942	1.0000	1.0000	0.1941
27ly03	2	7	1	1	1.0000	1.0000	-1.0000	NaN	5.3676	-5.4108	13.8858	1108930.4154	1108930.7176	0.0000	1.0000	0.4619
27ly03	2	7	1	1	2.0000	1.0000	1.0000	0.2338	NaN	NaN	NaN	1108931.7161	1108932.0700	1.0000	1.0000	0.0214
27ly03	2	8	1	1	1.0000	1.0000	-1.0000	NaN	4.1290	-4.8574	15.5740	1108934.5548	1108934.8568	0.0000	1.0000	1.2678
27ly03	2	8	1	1	2.0000	1.0000	1.0000	0.1969	NaN	NaN	NaN	1108936.6274	1108936.9797	1.0000	1.0000	0.0231
27ly03	2	9	1	1	1.0000	1.0000	1.0000	NaN	0.8277	0.7627	14.6269	1108939.3149	1108939.6193	1.0000	1.0000	4.0564
27ly03	2	9	1	1	2.0000	1.0000	1.0000	0.2067	NaN	NaN	NaN	1108944.2476	1108944.6649	0.0000	0.0000	0.7384
27ly03	2	10	1	1	1.0000	1.0000	1.0000	NaN	4.1991	3.8479	14.6884	1108947.8164	1108948.1235	1.0000	1.0000	0.3685
27ly03	2	10	1	1	2.0000	1.0000	1.0000	0.0621	NaN	NaN	NaN	1108949.0643	1108949.4818	1.0000	1.0000	0.4507
27ly03	2	11	1	1	1.0000	1.0000	-1.0000	NaN	2.7940	-1.1455	14.7786	1108951.8280	1108952.1328	1.0000	0.0000	0.3434
27ly03	2	11	1	1	2.0000	1.0000	-1.0000	0.0021	NaN	NaN	NaN	1108953.0808	1108953.4978	1.0000	0.0000	4.5770
27ly03	2	12	1	1	1.0000	1.0000	1.0000	NaN	2.2554	2.3623	16.9852	1108960.6946	1108960.9991	1.0000	1.0000	0.6118
27ly03	2	12	1	1	2.0000	1.0000	1.0000	0.0051	NaN	NaN	NaN	1108962.2152	1108962.6019	1.0000	1.0000	0.8015
27ly03	2	13	1	1	1.0000	1.0000	-1.0000	NaN	1.9500	-1.9261	15.6116	1108965.7994	1108966.1016	1.0000	0.0000	0.9825
27ly03	2	13	1	1	2.0000	1.0000	-1.0000	0.1110	NaN	NaN	NaN	1108967.6671	1108968.0224	0.0000	1.0000	1.8444
27ly03	2	14	1	1	1.0000	1.0000	-1.0000	NaN	4.0645	-8.5314	15.9590	1108972.1632	1108972.4653	0.0000	1.0000	3.0178
27ly03	2	14	1	1	2.0000	1.0000	1.0000	0.1524	NaN	NaN	NaN	1108976.0030	1108976.3566	1.0000	1.0000	1.1422
27ly03	2	15	1	1	1.0000	1.0000	1.0000	NaN	1.4052	2.8896	13.6666	1108979.8771	1108980.1792	1.0000	1.0000	0.4083
27ly03	2	15	1	1	2.0000	1.0000	1.0000	0.1584	NaN	NaN	NaN	1108981.1414	1108981.4942	1.0000	1.0000	0.4846
27ly03	2	16	1	1	1.0000	1.0000	1.0000	NaN	5.5538	5.5099	15.9002	1108983.8668	1108984.1736	1.0000	1.0000	0.5257
27ly03	2	16	1	1	2.0000	1.0000	1.0000	0.1017	NaN	NaN	NaN	1108985.2255	1108985.6461	1.0000	1.0000	0.7333
27ly03	2	17	1	1	1.0000	1.0000	1.0000	NaN	2.3215	0.2622	14.1138	1108988.7192	1108989.0237	0.0000	0.0000	0.8113
27ly03	2	17	1	1	2.0000	1.0000	-1.0000	0.1878	NaN	NaN	NaN	1108990.3935	1108990.8125	1.0000	0.0000	1.5190
27ly03	2	18	1	1	1.0000	1.0000	-1.0000	NaN	0.0287	-0.4352	13.0868	1108994.5658	1108994.8730	0.0000	1.0000	0.6744
27ly03	2	18	1	1	2.0000	1.0000	1.0000	0.0193	NaN	NaN	NaN	1108996.1355	1108996.5590	0.0000	0.0000	1.6761
27ly03	2	19	1	1	1.0000	1.0000	1.0000	NaN	1.5392	0.6200	14.3704	1109000.7272	1109001.0320	1.0000	1.0000	1.1707
27ly03	2	19	1	1	2.0000	1.0000	1.0000	0.0047	NaN	NaN	NaN	1109002.7930	1109003.2126	1.0000	1.0000	0.6222
27ly03	2	20	1	1	1.0000	1.0000	-1.0000	NaN	4.5888	-4.7890	14.9778	1109005.8835	1109006.1893	0.0000	1.0000	0.6215
27ly03	2	20	1	1	2.0000	1.0000	1.0000	0.1829	NaN	NaN	NaN	1109007.3500	1109007.7617	1.0000	1.0000	0.0005
27ly03	2	21	1	1	1.0000	1.0000	1.0000	NaN	1.9765	3.4420	15.5022	1109010.3733	1109010.6779	1.0000	1.0000	0.4379
27ly03	2	21	1	1	2.0000	1.0000	1.0000	0.1114	NaN	NaN	NaN	1109011.7036	1109012.1237	1.0000	1.0000	0.3670
27ly03	2	22	1	1	1.0000	1.0000	-1.0000	NaN	4.0921	-4.3237	13.0470	1109014.9771	1109015.2814	0.0000	1.0000	0.4893
27ly03	2	22	1	1	2.0000	1.0000	1.0000	0.1989	NaN	NaN	NaN	1109016.3111	1109016.6993	1.0000	1.0000	0.5761
27ly03	2	23	1	1	1.0000	1.0000	1.0000	NaN	2.3854	3.4163	13.4836	1109019.9620	1109020.2642	1.0000	1.0000	0.3714
27ly03	2	23	1	1	2.0000	1.0000	1.0000	0.2546	NaN	NaN	NaN	1109021.1888	1109021.5396	1.0000	1.0000	0.8246
27ly03	2	24	1	1	1.0000	1.0000	1.0000	NaN	2.5636	3.3882	16.2236	1109024.3750	1109024.6772	1.0000	1.0000	0.3420
27ly03	2	24	1	1	2.0000	1.0000	1.0000	0.1462	NaN	NaN	NaN	1109025.5891	1109025.9392	1.0000	1.0000	0.3276
27ly03	2	25	1	1	1.0000	1.0000	-1.0000	NaN	4.9164	-4.1922	14.2118	1109028.4132	1109028.7157	0.0000	1.0000	0.4953
27ly03	2	25	1	1	2.0000	1.0000	1.0000	0.0661	NaN	NaN	NaN	1109029.7319	1109030.0860	1.0000	1.0000	0.0378
27ly03	2	26	1	1	1.0000	1.0000	-1.0000	NaN	1.8846	-2.7353	15.1657	1109032.5210	1109032.8256	1.0000	0.0000	0.9626
27ly03	2	26	1	1	2.0000	1.0000	-1.0000	0.0314	NaN	NaN	NaN	1109034.3597	1109034.7771	1.0000	0.0000	1.7617
27ly03	2	27	1	1	1.0000	1.0000	-1.0000	NaN	4.2415	-1.4547	14.7783	1109038.3900	1109038.6944	0.0000	1.0000	0.5328
27ly03	2	27	1	1	2.0000	1.0000	1.0000	0.2438	NaN	NaN	NaN	1109039.7665	1109040.1767	1.0000	1.0000	0.9551
27ly03	2	28	1	1	1.0000	1.0000	-1.0000	NaN	5.4016	-5.4121	15.5565	1109043.3444	1109043.6512	0.0000	1.0000	0.5207
27ly03	2	28	1	1	2.0000	1.0000	1.0000	0.0518	NaN	NaN	NaN	1109044.7109	1109045.1265	1.0000	1.0000	0.5809
27ly03	2	29	1	1	1.0000	1.0000	-1.0000	NaN	5.0216	-5.2316	14.9702	1109048.3728	1109048.6773	0.0000	1.0000	5.4626
27ly03	2	29	1	1	2.0000	1.0000	1.0000	0.1722	NaN	NaN	NaN	1109054.6628	1109055.0760	1.0000	1.0000	0.4867
27ly03	2	30	1	1	1.0000	1.0000	-1.0000	NaN	5.7668	-5.4526	13.4941	1109057.8754	1109058.1777	0.0000	1.0000	0.4746
27ly03	2	30	1	1	2.0000	1.0000	1.0000	0.1151	NaN	NaN	NaN	1109059.1875	1109059.5377	1.0000	1.0000	0.9856
27ly03	2	31	1	1	1.0000	1.0000	1.0000	NaN	5.0362	3.9268	13.7818	1109062.9127	1109063.2162	1.0000	1.0000	0.4105
27ly03	2	31	1	1	2.0000	1.0000	1.0000	0.2038	NaN	NaN	NaN	1109064.1799	1109064.5342	1.0000	1.0000	0.9662
27ly03	2	32	1	1	1.0000	1.0000	-1.0000	NaN	0.8158	-1.0580	14.9570	1109067.8970	1109068.1996	1.0000	0.0000	1.0110
27ly03	2	32	1	1	2.0000	1.0000	-1.0000	0.1494	NaN	NaN	NaN	1109069.7960	1109070.1503	1.0000	0.0000	1.3502
27ly03	2	33	1	1	1.0000	1.0000	1.0000	NaN	4.8427	2.2863	15.3204	1109074.1596	1109074.4617	1.0000	1.0000	0.3330
27ly03	2	33	1	1	2.0000	1.0000	1.0000	0.1736	NaN	NaN	NaN	1109075.3953	1109075.7503	1.0000	1.0000	0.1015
27ly03	2	34	1	1	1.0000	1.0000	1.0000	NaN	5.3697	4.5790	14.0369	1109078.3919	1109078.6967	1.0000	1.0000	0.2265
27ly03	2	34	1	1	2.0000	1.0000	1.0000	0.2640	NaN	NaN	NaN	1109079.5111	1109079.9247	1.0000	1.0000	1.3025
27ly03	2	35	1	1	1.0000	1.0000	1.0000	NaN	1.1528	1.6672	14.8194	1109083.6403	1109083.9447	1.0000	1.0000	0.2907
27ly03	2	35	1	1	2.0000	1.0000	1.0000	0.0319	NaN	NaN	NaN	1109084.7905	1109085.2079	1.0000	1.0000	0.0006
27ly03	2	36	1	1	1.0000	1.0000	1.0000	NaN	0.9259	1.8440	14.8787	1109087.4709	1109087.7755	1.0000	1.0000	0.4924
27ly03	2	36	1	1	2.0000	1.0000	1.0000	0.2342	NaN	NaN	NaN	1109088.8406	1109089.2709	1.0000	1.0000	0.2598
27ly03	2	37	1	1	1.0000	1.0000	-1.0000	NaN	5.1469	-7.7187	15.9118	1109091.8631	1109092.1686	0.0000	1.0000	0.3380
27ly03	2	37	1	1	2.0000	1.0000	1.0000	0.2310	NaN	NaN	NaN	1109093.0475	1109093.4702	1.0000	1.0000	0.0006
27ly03	2	38	1	1	1.0000	1.0000	-1.0000	NaN	3.9514	-4.1725	15.7322	1109095.5597	1109095.8670	0.0000	1.0000	0.9437
27ly03	2	38	1	1	2.0000	1.0000	1.0000	0.0582	NaN	NaN	NaN	1109097.3376	1109097.7577	0.0000	0.0000	1.8529
27ly03	2	39	1	1	1.0000	1.0000	-1.0000	NaN	0.6864	-0.0519	15.2544	1109101.8922	1109102.1995	0.0000	1.0000	0.7231
27ly03	2	39	1	1	2.0000	1.0000	1.0000	0.1756	NaN	NaN	NaN	1109103.4474	1109103.8741	1.0000	1.0000	1.1126
27ly03	2	40	1	1	1.0000	1.0000	1.0000	NaN	4.9981	3.9870	14.5989	1109106.8920	1109107.1992	1.0000	1.0000	0.2850
27ly03	2	40	1	1	2.0000	1.0000	1.0000	0.1946	NaN	NaN	NaN	1109108.0563	1109108.4738	1.0000	1.0000	0.1929
27ly03	2	41	1	1	1.0000	1.0000	1.0000	NaN	4.4365	5.4264	15.0617	1109110.7999	1109111.1047	1.0000	1.0000	0.3300
27ly03	2	41	1	1	2.0000	1.0000	1.0000	0.0103	NaN	NaN	NaN	1109112.0073	1109112.4237	1.0000	1.0000	0.2914
27ly03	2	42	1	1	1.0000	1.0000	-1.0000	NaN	2.4080	-1.4638	14.3977	1109114.8865	1109115.1914	0.0000	1.0000	0.6273
27ly03	2	42	1	1	2.0000	1.0000	1.0000	0.0885	NaN	NaN	NaN	1109116.3424	1109116.7562	1.0000	1.0000	0.8064
27ly03	2	43	1	1	1.0000	1.0000	-1.0000	NaN	0.9453	-2.0654	15.5840	1109119.9692	1109120.2736	0.0000	1.0000	0.4890
27ly03	2	43	1	1	2.0000	1.0000	1.0000	0.2618	NaN	NaN	NaN	1109121.3219	1109121.7041	1.0000	1.0000	1.0113
27ly03	2	44	1	1	1.0000	1.0000	1.0000	NaN	5.4352	5.4038	14.1293	1109125.1391	1109125.4434	1.0000	1.0000	0.5843
27ly03	2	44	1	1	2.0000	1.0000	1.0000	0.2079	NaN	NaN	NaN	1109126.6323	1109127.0507	1.0000	1.0000	0.9764
27ly03	2	45	1	1	1.0000	1.0000	1.0000	NaN	2.0385	2.2850	14.9918	1109130.7076	1109131.0146	1.0000	1.0000	0.3406
27ly03	2	45	1	1	2.0000	1.0000	1.0000	0.0778	NaN	NaN	NaN	1109131.9587	1109132.3716	1.0000	1.0000	0.2798
27ly03	2	46	1	1	1.0000	1.0000	-1.0000	NaN	4.0008	-5.2176	15.2508	1109135.1056	1109135.4112	0.0000	1.0000	1.3354
27ly03	2	46	1	1	2.0000	1.0000	1.0000	0.1699	NaN	NaN	NaN	1109137.3048	1109137.6985	1.0000	1.0000	0.0410
27ly03	2	47	1	1	1.0000	1.0000	1.0000	NaN	4.4470	4.3341	13.7480	1109139.9114	1109140.2136	1.0000	1.0000	0.5496
27ly03	2	47	1	1	2.0000	1.0000	1.0000	0.1558	NaN	NaN	NaN	1109141.3167	1109141.6668	1.0000	1.0000	0.3608
27ly03	2	48	1	1	1.0000	1.0000	-1.0000	NaN	4.8912	-3.9491	15.3355	1109144.0551	1109144.3574	1.0000	0.0000	0.8055
27ly03	2	48	1	1	2.0000	1.0000	-1.0000	0.2300	NaN	NaN	NaN	1109145.7330	1109146.0832	0.0000	1.0000	2.4074
27ly03	2	49	1	1	1.0000	1.0000	-1.0000	NaN	3.9762	-4.9416	14.3529	1109150.8552	1109151.1573	0.0000	1.0000	0.4058
27ly03	2	49	1	1	2.0000	1.0000	1.0000	0.1952	NaN	NaN	NaN	1109152.0995	1109152.4495	1.0000	1.0000	0.0005
27ly03	2	50	1	1	1.0000	1.0000	1.0000	NaN	3.5127	2.9252	15.3576	1109154.8490	1109155.1512	1.0000	1.0000	0.3326
27ly03	2	50	1	1	2.0000	1.0000	1.0000	0.0493	NaN	NaN	NaN	1109156.0196	1109156.3756	0.0000	0.0000	0.3247
27ly03	3	1	1	1	1.0000	1.0000	1.0000	NaN	5.3702	5.9190	15.2259	1109174.3318	1109174.6366	1.0000	1.0000	0.3511
27ly03	3	1	1	1	2.0000	1.0000	1.0000	0.1832	NaN	NaN	NaN	1109175.5429	1109175.9666	1.0000	1.0000	0.0007
27ly03	3	2	1	1	1.0000	1.0000	-1.0000	NaN	4.2231	-3.7477	14.2359	1109178.4256	1109178.7310	0.0000	1.0000	0.6876
27ly03	3	2	1	1	2.0000	1.0000	1.0000	0.0697	NaN	NaN	NaN	1109179.9584	1109180.3744	1.0000	1.0000	3.9093
27ly03	3	3	1	1	1.0000	1.0000	-1.0000	NaN	3.0737	-3.4261	13.5125	1109186.1063	1109186.4097	0.0000	1.0000	0.4334
27ly03	3	3	1	1	2.0000	1.0000	1.0000	0.2565	NaN	NaN	NaN	1109187.3974	1109187.7479	1.0000	1.0000	0.1186
27ly03	3	4	1	1	1.0000	1.0000	1.0000	NaN	3.2919	3.0540	16.3725	1109190.0984	1109190.4006	1.0000	1.0000	1.9305
27ly03	3	4	1	1	2.0000	1.0000	1.0000	0.0123	NaN	NaN	NaN	1109192.8675	1109193.2238	1.0000	1.0000	0.4673
27ly03	3	5	1	1	1.0000	1.0000	-1.0000	NaN	0.4519	-0.3575	13.3261	1109196.2591	1109196.5613	0.0000	1.0000	0.4098
27ly03	3	5	1	1	2.0000	1.0000	1.0000	0.0845	NaN	NaN	NaN	1109197.5069	1109197.8608	1.0000	1.0000	0.2311
27ly03	3	6	1	1	1.0000	1.0000	-1.0000	NaN	4.6823	-4.7715	15.7484	1109200.2693	1109200.5716	0.0000	1.0000	0.4149
27ly03	3	6	1	1	2.0000	1.0000	1.0000	0.0545	NaN	NaN	NaN	1109201.5234	1109201.8772	1.0000	1.0000	0.2460
27ly03	3	7	1	1	1.0000	1.0000	1.0000	NaN	5.1152	6.3923	14.7689	1109204.3604	1109204.6626	1.0000	1.0000	0.3410
27ly03	3	7	1	1	2.0000	1.0000	1.0000	0.2613	NaN	NaN	NaN	1109205.5551	1109205.9106	0.0000	0.0000	0.4052
27ly03	3	8	1	1	1.0000	1.0000	-1.0000	NaN	3.9586	-3.3309	14.0765	1109208.5391	1109208.8425	0.0000	1.0000	1.3765
27ly03	3	8	1	1	2.0000	1.0000	1.0000	0.1910	NaN	NaN	NaN	1109210.7397	1109211.0935	1.0000	1.0000	0.0542
27ly03	3	9	1	1	1.0000	1.0000	-1.0000	NaN	2.4584	-1.1821	14.6334	1109213.3135	1109213.6157	1.0000	0.0000	0.3947
27ly03	3	9	1	1	2.0000	1.0000	-1.0000	0.0572	NaN	NaN	NaN	1109214.5631	1109214.9131	1.0000	0.0000	0.4740
27ly03	3	10	1	1	1.0000	1.0000	1.0000	NaN	1.6226	0.0155	12.5355	1109217.2433	1109217.5456	1.0000	1.0000	0.3545
27ly03	3	10	1	1	2.0000	1.0000	1.0000	0.0122	NaN	NaN	NaN	1109218.4703	1109218.8959	1.0000	1.0000	0.1563
27ly03	3	11	1	1	1.0000	1.0000	-1.0000	NaN	4.3276	-5.4734	14.2696	1109221.1503	1109221.4547	0.0000	1.0000	0.3639
27ly03	3	11	1	1	2.0000	1.0000	1.0000	0.1577	NaN	NaN	NaN	1109222.3431	1109222.7635	1.0000	1.0000	0.0630
27ly03	3	12	1	1	1.0000	1.0000	-1.0000	NaN	4.8378	-4.1378	16.3969	1109225.0924	1109225.3970	0.0000	1.0000	0.7587
27ly03	3	12	1	1	2.0000	1.0000	1.0000	0.0128	NaN	NaN	NaN	1109226.6814	1109227.1007	1.0000	1.0000	0.0006
27ly03	3	13	1	1	1.0000	1.0000	-1.0000	NaN	4.4072	-3.4620	15.5508	1109229.6304	1109229.9349	0.0000	1.0000	0.3491
27ly03	3	13	1	1	2.0000	1.0000	1.0000	0.2351	NaN	NaN	NaN	1109230.8229	1109231.2105	1.0000	1.0000	0.2890
27ly03	3	14	1	1	1.0000	1.0000	1.0000	NaN	5.8087	5.1347	14.5421	1109233.6778	1109233.9802	1.0000	1.0000	0.3984
27ly03	3	14	1	1	2.0000	1.0000	1.0000	0.0531	NaN	NaN	NaN	1109234.9309	1109235.2881	1.0000	1.0000	0.0680
27ly03	3	15	1	1	1.0000	1.0000	-1.0000	NaN	5.1534	-5.1794	13.5453	1109237.9015	1109238.2037	0.0000	1.0000	0.4164
27ly03	3	15	1	1	2.0000	1.0000	1.0000	0.2465	NaN	NaN	NaN	1109239.1550	1109239.5088	1.0000	1.0000	0.0006
27ly03	3	16	1	1	1.0000	1.0000	1.0000	NaN	0.8010	0.9402	14.7042	1109242.0309	1109242.3332	1.0000	1.0000	0.8145
27ly03	3	16	1	1	2.0000	1.0000	1.0000	0.0032	NaN	NaN	NaN	1109243.6989	1109244.0545	0.0000	0.0000	0.2280
27ly03	3	17	1	1	1.0000	1.0000	-1.0000	NaN	5.7712	-5.4091	15.4957	1109246.5697	1109246.8730	0.0000	1.0000	0.5144
27ly03	3	17	1	1	2.0000	1.0000	1.0000	0.1464	NaN	NaN	NaN	1109247.9229	1109248.2763	1.0000	1.0000	0.0006
27ly03	3	18	1	1	1.0000	1.0000	1.0000	NaN	3.9579	2.4151	13.2629	1109250.4477	1109250.7500	1.0000	1.0000	0.4456
27ly03	3	18	1	1	2.0000	1.0000	1.0000	0.2396	NaN	NaN	NaN	1109251.7476	1109252.1042	1.0000	1.0000	0.0007
27ly03	3	19	1	1	1.0000	1.0000	-1.0000	NaN	1.3141	-1.2930	15.2245	1109254.1424	1109254.4445	0.0000	1.0000	0.5272
27ly03	3	19	1	1	2.0000	1.0000	1.0000	0.1799	NaN	NaN	NaN	1109255.4769	1109255.8278	1.0000	1.0000	0.0006
27ly03	3	20	1	1	1.0000	1.0000	-1.0000	NaN	3.9604	-5.6782	15.0043	1109258.0765	1109258.3787	0.0000	1.0000	0.4324
27ly03	3	20	1	1	2.0000	1.0000	1.0000	0.0571	NaN	NaN	NaN	1109259.2991	1109259.6535	1.0000	1.0000	0.0007
27ly03	3	21	1	1	1.0000	1.0000	-1.0000	NaN	1.4506	-2.4159	12.8703	1109261.9181	1109262.2205	0.0000	1.0000	1.2946
27ly03	3	21	1	1	2.0000	1.0000	1.0000	0.2609	NaN	NaN	NaN	1109264.0541	1109264.4421	1.0000	1.0000	0.0006
27ly03	3	22	1	1	1.0000	1.0000	-1.0000	NaN	2.5874	-2.2249	15.4619	1109266.7342	1109267.0365	0.0000	1.0000	1.1512
27ly03	3	22	1	1	2.0000	1.0000	1.0000	0.2065	NaN	NaN	NaN	1109268.7237	1109269.0752	1.0000	1.0000	0.0242
27ly03	3	23	1	1	1.0000	1.0000	-1.0000	NaN	5.3466	-3.9369	15.0948	1109271.0797	1109271.3819	0.0000	1.0000	0.4686
27ly03	3	23	1	1	2.0000	1.0000	1.0000	0.0807	NaN	NaN	NaN	1109272.4192	1109272.7737	1.0000	1.0000	0.1487
27ly03	3	24	1	1	1.0000	1.0000	-1.0000	NaN	2.4067	-2.3771	14.8914	1109275.4388	1109275.7410	0.0000	1.0000	1.3415
27ly03	3	24	1	1	2.0000	1.0000	1.0000	0.2631	NaN	NaN	NaN	1109277.6031	1109277.9569	1.0000	1.0000	0.0006
27ly03	3	25	1	1	1.0000	1.0000	1.0000	NaN	4.4318	3.9326	14.7791	1109280.2898	1109280.5920	0.0000	0.0000	1.6910
27ly03	3	25	1	1	2.0000	1.0000	-1.0000	0.1906	NaN	NaN	NaN	1109282.8032	1109283.1567	0.0000	1.0000	1.0458
27ly03	3	26	1	1	1.0000	1.0000	1.0000	NaN	2.8340	2.4653	13.1295	1109286.3107	1109286.6129	0.0000	0.0000	0.4067
27ly03	3	26	1	1	2.0000	1.0000	-1.0000	0.2256	NaN	NaN	NaN	1109287.5248	1109287.8760	1.0000	0.0000	0.0006
27ly03	3	27	1	1	1.0000	1.0000	1.0000	NaN	3.1091	3.8463	14.8254	1109290.3982	1109290.7004	1.0000	1.0000	0.7341
27ly03	3	27	1	1	2.0000	1.0000	1.0000	0.0601	NaN	NaN	NaN	1109292.0191	1109292.3728	0.0000	0.0000	1.5749
27ly03	3	28	1	1	1.0000	1.0000	1.0000	NaN	3.1519	2.8715	15.7653	1109296.2801	1109296.5823	1.0000	1.0000	1.4287
27ly03	3	28	1	1	2.0000	1.0000	1.0000	0.2684	NaN	NaN	NaN	1109298.5638	1109298.9182	1.0000	1.0000	0.2282
27ly03	3	29	1	1	1.0000	1.0000	-1.0000	NaN	4.8563	-6.8662	14.9725	1109301.2431	1109301.5453	0.0000	1.0000	0.2891
27ly03	3	29	1	1	2.0000	1.0000	1.0000	0.2637	NaN	NaN	NaN	1109302.3252	1109302.6753	1.0000	1.0000	0.0005
27ly03	3	30	1	1	1.0000	1.0000	1.0000	NaN	0.8667	1.5678	14.6190	1109304.9946	1109305.2967	0.0000	0.0000	0.6664
27ly03	3	30	1	1	2.0000	1.0000	-1.0000	0.1948	NaN	NaN	NaN	1109306.4674	1109306.8221	0.0000	1.0000	0.6443
27ly03	3	31	1	1	1.0000	1.0000	1.0000	NaN	0.6287	1.6195	15.9454	1109309.7442	1109310.0479	0.0000	0.0000	1.6270
27ly03	3	31	1	1	2.0000	1.0000	-1.0000	0.0568	NaN	NaN	NaN	1109312.2129	1109312.6298	0.0000	1.0000	0.3732
27ly03	3	32	1	1	1.0000	1.0000	-1.0000	NaN	0.3831	-1.3500	13.0041	1109315.5955	1109315.8999	0.0000	1.0000	0.8471
27ly03	3	32	1	1	2.0000	1.0000	1.0000	0.0135	NaN	NaN	NaN	1109317.3016	1109317.7128	1.0000	1.0000	0.0595
27ly03	3	33	1	1	1.0000	1.0000	1.0000	NaN	1.7202	0.8008	14.9310	1109319.7702	1109320.0746	0.0000	0.0000	0.6084
27ly03	3	33	1	1	2.0000	1.0000	-1.0000	0.0408	NaN	NaN	NaN	1109321.2084	1109321.6293	0.0000	1.0000	1.5336
27ly03	3	34	1	1	1.0000	1.0000	-1.0000	NaN	3.9037	-4.4037	14.2002	1109325.2968	1109325.6026	0.0000	1.0000	0.3443
27ly03	3	34	1	1	2.0000	1.0000	1.0000	0.0563	NaN	NaN	NaN	1109326.4697	1109326.8830	1.0000	1.0000	0.0007
27ly03	3	35	1	1	1.0000	1.0000	1.0000	NaN	2.9468	2.3084	14.4952	1109328.7231	1109329.0273	1.0000	1.0000	0.5359
27ly03	3	35	1	1	2.0000	1.0000	1.0000	0.0519	NaN	NaN	NaN	1109330.1659	1109330.5783	1.0000	1.0000	1.6881
27ly03	3	36	1	1	1.0000	1.0000	1.0000	NaN	5.7765	5.2369	14.4952	1109334.8747	1109335.1790	1.0000	1.0000	0.3524
27ly03	3	36	1	1	2.0000	1.0000	1.0000	0.1900	NaN	NaN	NaN	1109336.0865	1109336.4665	1.0000	1.0000	0.0007
27ly03	3	37	1	1	1.0000	1.0000	1.0000	NaN	2.0075	1.2092	14.1103	1109338.4359	1109338.7382	1.0000	1.0000	1.1765
27ly03	3	37	1	1	2.0000	1.0000	1.0000	0.0171	NaN	NaN	NaN	1109340.4829	1109340.8370	1.0000	1.0000	0.8220
27ly03	3	38	1	1	1.0000	1.0000	1.0000	NaN	3.4643	5.2574	17.2571	1109343.9232	1109344.2255	0.0000	0.0000	1.8654
27ly03	3	38	1	1	2.0000	1.0000	-1.0000	0.0563	NaN	NaN	NaN	1109346.6114	1109346.9658	0.0000	1.0000	1.8298
27ly03	3	39	1	1	1.0000	1.0000	1.0000	NaN	2.7532	3.0964	13.6276	1109351.2187	1109351.5209	0.0000	0.0000	1.3541
27ly03	3	39	1	1	2.0000	1.0000	-1.0000	0.0020	NaN	NaN	NaN	1109353.3635	1109353.7196	1.0000	0.0000	0.4027
27ly03	3	40	1	1	1.0000	1.0000	-1.0000	NaN	4.5072	-3.2251	15.4438	1109356.1973	1109356.5043	0.0000	1.0000	0.3541
27ly03	3	40	1	1	2.0000	1.0000	1.0000	0.0131	NaN	NaN	NaN	1109357.3984	1109357.8103	1.0000	1.0000	0.2001
27ly03	3	41	1	1	1.0000	1.0000	-1.0000	NaN	3.6401	-4.7897	15.6698	1109360.4100	1109360.7147	0.0000	1.0000	0.3214
27ly03	3	41	1	1	2.0000	1.0000	1.0000	0.1590	NaN	NaN	NaN	1109361.5769	1109361.9932	1.0000	1.0000	0.1148
27ly03	3	42	1	1	1.0000	1.0000	-1.0000	NaN	1.1676	-2.4408	14.9847	1109364.4783	1109364.7855	0.0000	1.0000	0.9049
27ly03	3	42	1	1	2.0000	1.0000	1.0000	0.0683	NaN	NaN	NaN	1109366.2149	1109366.6388	1.0000	1.0000	0.2836
27ly03	3	43	1	1	1.0000	1.0000	1.0000	NaN	3.8604	4.3552	16.3003	1109369.3935	1109369.6980	0.0000	0.0000	0.9846
27ly03	3	43	1	1	2.0000	1.0000	-1.0000	0.0056	NaN	NaN	NaN	1109371.2095	1109371.6268	1.0000	0.0000	0.7521
27ly03	3	44	1	1	1.0000	1.0000	1.0000	NaN	4.4949	4.3666	15.2438	1109374.8728	1109375.1773	1.0000	1.0000	0.2737
27ly03	3	44	1	1	2.0000	1.0000	1.0000	0.0635	NaN	NaN	NaN	1109376.0562	1109376.4765	1.0000	1.0000	0.7179
27ly03	3	45	1	1	1.0000	1.0000	-1.0000	NaN	2.8280	-1.9289	14.6549	1109379.5336	1109379.8380	0.0000	1.0000	0.5742
27ly03	3	45	1	1	2.0000	1.0000	1.0000	0.0795	NaN	NaN	NaN	1109380.9336	1109381.3546	1.0000	1.0000	0.3037
27ly03	3	46	1	1	1.0000	1.0000	-1.0000	NaN	1.4241	-1.6704	16.7933	1109383.7731	1109384.0776	0.0000	1.0000	0.3337
27ly03	3	46	1	1	2.0000	1.0000	1.0000	0.1315	NaN	NaN	NaN	1109384.9510	1109385.3711	1.0000	1.0000	1.1839
27ly03	3	47	1	1	1.0000	1.0000	-1.0000	NaN	3.2741	-3.8382	14.3197	1109389.2231	1109389.5275	0.0000	1.0000	0.9639
27ly03	3	47	1	1	2.0000	1.0000	1.0000	0.1001	NaN	NaN	NaN	1109390.9985	1109391.4091	1.0000	1.0000	0.3932
27ly03	3	48	1	1	1.0000	1.0000	1.0000	NaN	0.6648	1.7049	14.7493	1109394.0535	1109394.3582	1.0000	1.0000	0.9176
27ly03	3	48	1	1	2.0000	1.0000	1.0000	0.1010	NaN	NaN	NaN	1109395.8786	1109396.2918	0.0000	0.0000	0.9995
27ly03	3	49	1	1	1.0000	1.0000	-1.0000	NaN	3.1209	-3.0245	16.6781	1109399.3985	1109399.7027	0.0000	1.0000	0.5162
27ly03	3	49	1	1	2.0000	1.0000	1.0000	0.1698	NaN	NaN	NaN	1109400.7417	1109401.1581	1.0000	1.0000	0.0006
27ly03	3	50	1	1	1.0000	1.0000	1.0000	NaN	4.5384	4.3325	15.7029	1109403.2379	1109403.5420	1.0000	1.0000	0.3402
27ly03	3	50	1	1	2.0000	1.0000	1.0000	0.0405	NaN	NaN	NaN	1109404.4408	1109404.8584	1.0000	1.0000	1.7604
27ly03	4	1	1	1	1.0000	1.0000	1.0000	NaN	3.1311	3.5686	14.8666	1109423.0763	1109423.3836	1.0000	1.0000	0.6591
27ly03	4	1	1	1	2.0000	1.0000	1.0000	0.1661	NaN	NaN	NaN	1109424.5845	1109425.0031	1.0000	1.0000	2.5277
27ly03	4	2	1	1	1.0000	1.0000	-1.0000	NaN	4.3364	-6.4375	13.6042	1109429.8810	1109430.1855	0.0000	1.0000	0.3544
27ly03	4	2	1	1	2.0000	1.0000	1.0000	0.0464	NaN	NaN	NaN	1109431.0784	1109431.4905	1.0000	1.0000	0.0006
27ly03	4	3	1	1	1.0000	1.0000	1.0000	NaN	5.7522	5.6741	14.4127	1109433.8510	1109434.1554	1.0000	1.0000	0.3675
27ly03	4	3	1	1	2.0000	1.0000	1.0000	0.2081	NaN	NaN	NaN	1109435.0460	1109435.4569	1.0000	1.0000	0.1379
27ly03	4	4	1	1	1.0000	1.0000	1.0000	NaN	4.8673	6.0751	13.7687	1109437.9530	1109438.2575	1.0000	1.0000	0.2339
27ly03	4	4	1	1	2.0000	1.0000	1.0000	0.1873	NaN	NaN	NaN	1109439.0147	1109439.4350	1.0000	1.0000	3.3752
27ly03	4	5	1	1	1.0000	1.0000	1.0000	NaN	5.7537	5.6383	15.0929	1109445.4193	1109445.7238	0.0000	0.0000	0.5110
27ly03	4	5	1	1	2.0000	1.0000	-1.0000	0.2109	NaN	NaN	NaN	1109446.7738	1109447.1892	1.0000	0.0000	0.0006
27ly03	4	6	1	1	1.0000	1.0000	1.0000	NaN	4.0730	4.5239	13.6152	1109449.8575	1109450.1632	1.0000	1.0000	0.4710
27ly03	4	6	1	1	2.0000	1.0000	1.0000	0.1361	NaN	NaN	NaN	1109451.1903	1109451.6055	1.0000	1.0000	0.0006
27ly03	4	7	1	1	1.0000	1.0000	-1.0000	NaN	1.2070	-2.9603	16.1817	1109453.8985	1109454.2034	0.0000	1.0000	0.2394
27ly03	4	7	1	1	2.0000	1.0000	1.0000	0.0426	NaN	NaN	NaN	1109454.9690	1109455.3898	1.0000	1.0000	3.7245
27ly03	4	8	1	1	1.0000	1.0000	-1.0000	NaN	3.3705	-4.6264	12.9903	1109461.6481	1109461.9528	0.0000	1.0000	0.2654
27ly03	4	8	1	1	2.0000	1.0000	1.0000	0.2180	NaN	NaN	NaN	1109462.7584	1109463.1895	1.0000	1.0000	0.1975
27ly03	4	9	1	1	1.0000	1.0000	1.0000	NaN	2.2608	3.8295	14.7249	1109466.0684	1109466.3728	1.0000	1.0000	0.2306
27ly03	4	9	1	1	2.0000	1.0000	1.0000	0.0916	NaN	NaN	NaN	1109467.1426	1109467.5553	1.0000	1.0000	0.2789
27ly03	4	10	1	1	1.0000	1.0000	-1.0000	NaN	3.7436	-3.1687	15.5636	1109470.3733	1109470.6799	0.0000	1.0000	0.2915
27ly03	4	10	1	1	2.0000	1.0000	1.0000	0.1552	NaN	NaN	NaN	1109471.4946	1109471.9051	1.0000	1.0000	0.0006
27ly03	4	11	1	1	1.0000	1.0000	1.0000	NaN	3.7817	6.4676	15.6058	1109474.1729	1109474.4792	1.0000	1.0000	0.3325
27ly03	4	11	1	1	2.0000	1.0000	1.0000	0.1093	NaN	NaN	NaN	1109475.3851	1109475.8049	1.0000	1.0000	0.4939
27ly03	4	12	1	1	1.0000	1.0000	1.0000	NaN	1.3843	1.8175	14.9980	1109478.7119	1109479.0164	1.0000	1.0000	2.1954
27ly03	4	12	1	1	2.0000	1.0000	1.0000	0.0028	NaN	NaN	NaN	1109481.7852	1109482.2045	0.0000	0.0000	0.6705
27ly03	4	13	1	1	1.0000	1.0000	-1.0000	NaN	1.9708	-0.4296	14.8697	1109485.0172	1109485.3213	0.0000	1.0000	0.4969
27ly03	4	13	1	1	2.0000	1.0000	1.0000	0.1798	NaN	NaN	NaN	1109486.3577	1109486.7423	1.0000	1.0000	0.0049
27ly03	4	14	1	1	1.0000	1.0000	-1.0000	NaN	2.2259	-3.4324	16.0603	1109488.9281	1109489.2304	0.0000	1.0000	0.3959
27ly03	4	14	1	1	2.0000	1.0000	1.0000	0.1568	NaN	NaN	NaN	1109490.1365	1109490.5540	1.0000	1.0000	0.0006
27ly03	4	15	1	1	1.0000	1.0000	-1.0000	NaN	5.4789	-8.7826	14.3762	1109492.9855	1109493.2897	0.0000	1.0000	0.2405
27ly03	4	15	1	1	2.0000	1.0000	1.0000	0.1623	NaN	NaN	NaN	1109494.0379	1109494.4252	1.0000	1.0000	0.0007
27ly03	4	16	1	1	1.0000	1.0000	1.0000	NaN	0.8887	0.2632	15.5777	1109496.6567	1109496.9595	0.0000	0.0000	1.0026
27ly03	4	16	1	1	2.0000	1.0000	-1.0000	0.1453	NaN	NaN	NaN	1109498.4994	1109498.8520	0.0000	1.0000	1.4782
27ly03	4	17	1	1	1.0000	1.0000	1.0000	NaN	0.8549	0.5296	14.5350	1109502.8622	1109503.1644	1.0000	1.0000	6.3182
27ly03	4	17	1	1	2.0000	1.0000	1.0000	0.1322	NaN	NaN	NaN	1109510.1156	1109510.4679	0.0000	0.0000	0.5982
27ly03	4	18	1	1	1.0000	1.0000	-1.0000	NaN	4.4958	-5.0317	16.1637	1109513.0652	1109513.3673	0.0000	1.0000	0.2429
27ly03	4	18	1	1	2.0000	1.0000	1.0000	0.1702	NaN	NaN	NaN	1109514.1313	1109514.4814	1.0000	1.0000	0.0005
27ly03	4	19	1	1	1.0000	1.0000	-1.0000	NaN	4.4340	-2.8309	14.5283	1109516.8059	1109517.1089	0.0000	1.0000	0.5187
27ly03	4	19	1	1	2.0000	1.0000	1.0000	0.0563	NaN	NaN	NaN	1109518.1312	1109518.4813	1.0000	1.0000	0.0421
27ly03	4	20	1	1	1.0000	1.0000	-1.0000	NaN	4.6327	-3.4981	13.8594	1109520.8512	1109521.1535	0.0000	1.0000	0.4093
27ly03	4	20	1	1	2.0000	1.0000	1.0000	0.0122	NaN	NaN	NaN	1109522.1315	1109522.4838	1.0000	1.0000	0.8224
27ly03	4	21	1	1	1.0000	1.0000	1.0000	NaN	0.3635	3.2407	14.9195	1109525.9662	1109526.2685	1.0000	1.0000	0.5416
27ly03	4	21	1	1	2.0000	1.0000	1.0000	0.0800	NaN	NaN	NaN	1109527.3963	1109527.7473	1.0000	1.0000	0.4708
27ly03	4	22	1	1	1.0000	1.0000	-1.0000	NaN	0.0883	-0.4904	14.1973	1109530.5586	1109530.8608	0.0000	1.0000	0.8460
27ly03	4	22	1	1	2.0000	1.0000	1.0000	0.0493	NaN	NaN	NaN	1109532.2584	1109532.6120	1.0000	1.0000	0.5346
27ly03	4	23	1	1	1.0000	1.0000	-1.0000	NaN	2.6028	-2.7190	14.0135	1109535.5894	1109535.8956	0.0000	1.0000	0.9625
27ly03	4	23	1	1	2.0000	1.0000	1.0000	0.2350	NaN	NaN	NaN	1109537.4328	1109537.8493	1.0000	1.0000	0.1928
27ly03	4	24	1	1	1.0000	1.0000	-1.0000	NaN	2.0048	-1.1350	14.6188	1109540.5674	1109540.8722	0.0000	1.0000	1.8424
27ly03	4	24	1	1	2.0000	1.0000	1.0000	0.1566	NaN	NaN	NaN	1109543.3028	1109543.6893	1.0000	1.0000	0.7053
27ly03	4	25	1	1	1.0000	1.0000	-1.0000	NaN	0.3011	-2.3666	13.3658	1109546.4923	1109546.7945	0.0000	1.0000	0.8963
27ly03	4	25	1	1	2.0000	1.0000	1.0000	0.2032	NaN	NaN	NaN	1109548.2443	1109548.5945	1.0000	1.0000	0.4562
27ly03	4	26	1	1	1.0000	1.0000	1.0000	NaN	5.0895	4.6806	13.1334	1109550.9070	1109551.2090	1.0000	1.0000	0.3698
27ly03	4	26	1	1	2.0000	1.0000	1.0000	0.0469	NaN	NaN	NaN	1109552.1464	1109552.4994	1.0000	1.0000	0.5347
27ly03	4	27	1	1	1.0000	1.0000	-1.0000	NaN	1.1025	-3.0771	16.6936	1109554.9666	1109555.2688	0.0000	1.0000	0.4853
27ly03	4	27	1	1	2.0000	1.0000	1.0000	0.2026	NaN	NaN	NaN	1109556.3075	1109556.6607	1.0000	1.0000	0.3414
27ly03	4	28	1	1	1.0000	1.0000	1.0000	NaN	1.2316	0.1115	15.4673	1109558.9508	1109559.2529	1.0000	1.0000	0.5027
27ly03	4	28	1	1	2.0000	1.0000	1.0000	0.2651	NaN	NaN	NaN	1109560.3075	1109560.6606	1.0000	1.0000	0.5342
27ly03	4	29	1	1	1.0000	1.0000	-1.0000	NaN	4.5116	-5.6507	14.0885	1109563.7258	1109564.0279	0.0000	1.0000	1.0553
27ly03	4	29	1	1	2.0000	1.0000	1.0000	0.1570	NaN	NaN	NaN	1109565.6352	1109565.9881	1.0000	1.0000	0.4710
27ly03	4	30	1	1	1.0000	1.0000	1.0000	NaN	4.3500	4.6776	14.0989	1109568.9643	1109569.2665	1.0000	1.0000	0.3600
27ly03	4	30	1	1	2.0000	1.0000	1.0000	0.1454	NaN	NaN	NaN	1109570.2119	1109570.5618	1.0000	1.0000	0.4252
27ly03	4	31	1	1	1.0000	1.0000	1.0000	NaN	0.2508	1.1763	13.6804	1109573.0760	1109573.3781	1.0000	1.0000	0.3290
27ly03	4	31	1	1	2.0000	1.0000	1.0000	0.2275	NaN	NaN	NaN	1109574.2606	1109574.6118	1.0000	1.0000	0.3441
27ly03	4	32	1	1	1.0000	1.0000	1.0000	NaN	0.1258	1.0358	14.1454	1109577.5951	1109577.8973	1.0000	1.0000	0.2730
27ly03	4	32	1	1	2.0000	1.0000	1.0000	0.0162	NaN	NaN	NaN	1109578.7232	1109579.0763	1.0000	1.0000	0.0006
27ly03	4	33	1	1	1.0000	1.0000	-1.0000	NaN	0.7840	-1.9326	15.7123	1109581.0408	1109581.3429	0.0000	1.0000	1.0997
27ly03	4	33	1	1	2.0000	1.0000	1.0000	0.0989	NaN	NaN	NaN	1109582.9816	1109583.3972	1.0000	1.0000	0.0006
27ly03	4	34	1	1	1.0000	1.0000	-1.0000	NaN	4.6260	-5.7787	15.6645	1109585.2617	1109585.5656	0.0000	1.0000	0.3965
27ly03	4	34	1	1	2.0000	1.0000	1.0000	0.1505	NaN	NaN	NaN	1109586.5012	1109586.9146	1.0000	1.0000	0.0567
27ly03	4	35	1	1	1.0000	1.0000	1.0000	NaN	4.4442	6.1029	15.2318	1109589.7114	1109590.0162	1.0000	1.0000	0.3637
27ly03	4	35	1	1	2.0000	1.0000	1.0000	0.2081	NaN	NaN	NaN	1109590.9506	1109591.3662	1.0000	1.0000	0.0006
27ly03	4	36	1	1	1.0000	1.0000	-1.0000	NaN	0.7852	-1.8388	16.1869	1109593.7750	1109594.0798	0.0000	1.0000	0.4759
27ly03	4	36	1	1	2.0000	1.0000	1.0000	0.2066	NaN	NaN	NaN	1109595.0817	1109595.4990	1.0000	1.0000	0.0005
27ly03	4	37	1	1	1.0000	1.0000	-1.0000	NaN	5.5895	-3.3512	13.6085	1109597.6280	1109597.9326	0.0000	1.0000	0.7182
27ly03	4	37	1	1	2.0000	1.0000	1.0000	0.1898	NaN	NaN	NaN	1109599.2059	1109599.6273	1.0000	1.0000	0.0006
27ly03	4	38	1	1	1.0000	1.0000	-1.0000	NaN	2.7085	-2.3724	16.0864	1109602.2764	1109602.5809	0.0000	1.0000	0.2772
27ly03	4	38	1	1	2.0000	1.0000	1.0000	0.1107	NaN	NaN	NaN	1109603.3983	1109603.8151	1.0000	1.0000	0.0006
27ly03	4	39	1	1	1.0000	1.0000	1.0000	NaN	4.4937	5.9937	15.4295	1109606.0622	1109606.3666	1.0000	1.0000	0.4275
27ly03	4	39	1	1	2.0000	1.0000	1.0000	0.0616	NaN	NaN	NaN	1109607.3824	1109607.7982	1.0000	1.0000	0.0006
27ly03	4	40	1	1	1.0000	1.0000	-1.0000	NaN	5.5838	-5.6702	15.3278	1109610.0121	1109610.3143	0.0000	1.0000	0.8318
27ly03	4	40	1	1	2.0000	1.0000	1.0000	0.0409	NaN	NaN	NaN	1109611.6829	1109612.0359	1.0000	1.0000	0.1348
27ly03	4	41	1	1	1.0000	1.0000	1.0000	NaN	1.9168	1.6608	15.3309	1109614.6413	1109614.9435	1.0000	1.0000	0.3800
27ly03	4	41	1	1	2.0000	1.0000	1.0000	0.2003	NaN	NaN	NaN	1109615.9551	1109616.3077	1.0000	1.0000	0.0079
27ly03	4	42	1	1	1.0000	1.0000	1.0000	NaN	2.9323	4.8350	13.8140	1109618.7908	1109619.0930	1.0000	1.0000	0.5188
27ly03	4	42	1	1	2.0000	1.0000	1.0000	0.0830	NaN	NaN	NaN	1109620.1792	1109620.5357	1.0000	1.0000	0.1304
27ly03	4	43	1	1	1.0000	1.0000	1.0000	NaN	1.4998	1.1436	15.8207	1109622.5228	1109622.8250	1.0000	1.0000	0.3376
27ly03	4	43	1	1	2.0000	1.0000	1.0000	0.0964	NaN	NaN	NaN	1109623.7154	1109624.0728	1.0000	1.0000	0.0007
27ly03	4	44	1	1	1.0000	1.0000	-1.0000	NaN	2.8793	-2.1914	15.4476	1109626.5912	1109626.8958	0.0000	1.0000	0.8423
27ly03	4	44	1	1	2.0000	1.0000	1.0000	0.1347	NaN	NaN	NaN	1109628.3290	1109628.7472	1.0000	1.0000	0.0006
27ly03	4	45	1	1	1.0000	1.0000	-1.0000	NaN	2.8191	-3.0414	16.2579	1109630.7619	1109631.0664	0.0000	1.0000	0.4968
27ly03	4	45	1	1	2.0000	1.0000	1.0000	0.1091	NaN	NaN	NaN	1109632.1185	1109632.5298	1.0000	1.0000	0.0006
27ly03	4	46	1	1	1.0000	1.0000	-1.0000	NaN	3.6849	-3.0769	14.0930	1109634.8072	1109635.1115	0.0000	1.0000	0.3386
27ly03	4	46	1	1	2.0000	1.0000	1.0000	0.0186	NaN	NaN	NaN	1109636.0092	1109636.4307	1.0000	1.0000	0.0924
27ly03	4	47	1	1	1.0000	1.0000	-1.0000	NaN	4.9878	-5.0186	16.0700	1109639.0121	1109639.3168	0.0000	1.0000	0.3092
27ly03	4	47	1	1	2.0000	1.0000	1.0000	0.1503	NaN	NaN	NaN	1109640.1822	1109640.6082	1.0000	1.0000	0.0006
27ly03	4	48	1	1	1.0000	1.0000	-1.0000	NaN	5.3810	-4.8681	15.4482	1109643.1104	1109643.4148	0.0000	1.0000	0.4369
27ly03	4	48	1	1	2.0000	1.0000	1.0000	0.1695	NaN	NaN	NaN	1109644.3927	1109644.8130	1.0000	1.0000	0.0006
27ly03	4	49	1	1	1.0000	1.0000	1.0000	NaN	0.0615	0.8669	14.1662	1109647.0643	1109647.3708	1.0000	1.0000	0.4010
27ly03	4	49	1	1	2.0000	1.0000	1.0000	0.2179	NaN	NaN	NaN	1109648.3610	1109648.7796	1.0000	1.0000	0.0006
27ly03	4	50	1	1	1.0000	1.0000	-1.0000	NaN	5.0912	-4.1040	14.8019	1109650.7301	1109651.0351	0.0000	1.0000	0.3989
27ly03	4	50	1	1	2.0000	1.0000	1.0000	0.1831	NaN	NaN	NaN	1109651.9608	1109652.3792	1.0000	1.0000	0.0006
27ly03	5	1	1	1	1.0000	1.0000	-1.0000	NaN	4.6481	-4.6834	15.1641	1109680.7752	1109681.0794	0.0000	1.0000	0.1960
27ly03	5	1	1	1	2.0000	1.0000	1.0000	0.0404	NaN	NaN	NaN	1109681.8292	1109682.2211	1.0000	1.0000	0.0006
27ly03	5	2	1	1	1.0000	1.0000	-1.0000	NaN	2.7253	-0.5838	16.1777	1109684.0694	1109684.3716	0.0000	1.0000	1.2868
27ly03	5	2	1	1	2.0000	1.0000	1.0000	0.2499	NaN	NaN	NaN	1109686.1950	1109686.5489	1.0000	1.0000	0.0068
27ly03	5	3	1	1	1.0000	1.0000	-1.0000	NaN	3.5639	-4.8191	14.7789	1109688.3941	1109688.6963	0.0000	1.0000	0.2274
27ly03	5	3	1	1	2.0000	1.0000	1.0000	0.1382	NaN	NaN	NaN	1109689.4592	1109689.8155	1.0000	1.0000	0.0007
27ly03	5	4	1	1	1.0000	1.0000	1.0000	NaN	4.3320	6.9861	14.7617	1109691.8694	1109692.1716	1.0000	1.0000	0.1917
27ly03	5	4	1	1	2.0000	1.0000	1.0000	0.2198	NaN	NaN	NaN	1109692.9153	1109693.2694	1.0000	1.0000	0.0007
27ly03	5	5	1	1	1.0000	1.0000	-1.0000	NaN	3.1764	-3.7949	14.2837	1109695.7174	1109696.0196	0.0000	1.0000	0.6796
27ly03	5	5	1	1	2.0000	1.0000	1.0000	0.2252	NaN	NaN	NaN	1109697.2199	1109697.5704	1.0000	1.0000	0.0092
27ly03	5	6	1	1	1.0000	1.0000	1.0000	NaN	0.0740	1.3120	17.5394	1109699.7356	1109700.0378	0.0000	0.0000	0.5651
27ly03	5	6	1	1	2.0000	1.0000	-1.0000	0.2549	NaN	NaN	NaN	1109701.1386	1109701.4886	1.0000	0.0000	0.0743
27ly03	5	7	1	1	1.0000	1.0000	1.0000	NaN	4.0973	5.6096	15.1499	1109703.8930	1109704.1953	1.0000	1.0000	0.2478
27ly03	5	7	1	1	2.0000	1.0000	1.0000	0.1328	NaN	NaN	NaN	1109704.9792	1109705.3355	1.0000	1.0000	0.1951
27ly03	5	8	1	1	1.0000	1.0000	-1.0000	NaN	4.3898	-4.9881	14.3313	1109707.6797	1109707.9825	0.0000	1.0000	0.2994
27ly03	5	8	1	1	2.0000	1.0000	1.0000	0.0713	NaN	NaN	NaN	1109708.8206	1109709.1717	1.0000	1.0000	0.0062
27ly03	5	9	1	1	1.0000	1.0000	-1.0000	NaN	4.6846	-3.2793	14.3844	1109711.0767	1109711.3789	0.0000	1.0000	0.2151
27ly03	5	9	1	1	2.0000	1.0000	1.0000	0.1834	NaN	NaN	NaN	1109712.1316	1109712.4851	1.0000	1.0000	0.0859
27ly03	5	10	1	1	1.0000	1.0000	1.0000	NaN	0.9294	0.4354	14.7404	1109714.8093	1109715.1115	1.0000	1.0000	0.5155
27ly03	5	10	1	1	2.0000	1.0000	1.0000	0.0570	NaN	NaN	NaN	1109716.1791	1109716.5349	1.0000	1.0000	0.5795
27ly03	5	11	1	1	1.0000	1.0000	-1.0000	NaN	3.7134	-2.7990	15.7418	1109719.6476	1109719.9530	0.0000	1.0000	1.0341
27ly03	5	11	1	1	2.0000	1.0000	1.0000	0.2408	NaN	NaN	NaN	1109721.5413	1109721.9570	1.0000	1.0000	0.1979
27ly03	5	12	1	1	1.0000	1.0000	-1.0000	NaN	0.2171	-0.0499	15.3298	1109724.4113	1109724.7178	1.0000	0.0000	2.1887
27ly03	5	12	1	1	2.0000	1.0000	-1.0000	0.1754	NaN	NaN	NaN	1109727.5092	1109727.9136	0.0000	1.0000	0.5125
27ly03	5	13	1	1	1.0000	1.0000	-1.0000	NaN	1.4886	-1.8150	14.1428	1109731.0672	1109731.3694	0.0000	1.0000	1.0583
27ly03	5	13	1	1	2.0000	1.0000	1.0000	0.0458	NaN	NaN	NaN	1109732.9306	1109733.2841	1.0000	1.0000	0.3419
27ly03	5	14	1	1	1.0000	1.0000	1.0000	NaN	5.1741	6.1475	14.6745	1109736.1169	1109736.4191	1.0000	1.0000	0.3908
27ly03	5	14	1	1	2.0000	1.0000	1.0000	0.2501	NaN	NaN	NaN	1109737.3629	1109737.7171	1.0000	1.0000	0.0007
27ly03	5	15	1	1	1.0000	1.0000	-1.0000	NaN	4.2821	-3.4242	15.2031	1109739.7328	1109740.0350	0.0000	1.0000	0.3914
27ly03	5	15	1	1	2.0000	1.0000	1.0000	0.2419	NaN	NaN	NaN	1109740.9948	1109741.3503	1.0000	1.0000	0.0202
27ly03	5	16	1	1	1.0000	1.0000	1.0000	NaN	5.5001	5.4394	16.8118	1109743.8592	1109744.1614	1.0000	1.0000	0.3608
27ly03	5	16	1	1	2.0000	1.0000	1.0000	0.0077	NaN	NaN	NaN	1109745.0429	1109745.4001	1.0000	1.0000	0.3538
27ly03	5	17	1	1	1.0000	1.0000	1.0000	NaN	5.1547	6.8499	14.2751	1109748.1842	1109748.4864	1.0000	1.0000	0.2766
27ly03	5	17	1	1	2.0000	1.0000	1.0000	0.2695	NaN	NaN	NaN	1109749.2986	1109749.6511	1.0000	1.0000	0.0548
27ly03	5	18	1	1	1.0000	1.0000	1.0000	NaN	4.6589	5.0664	14.9858	1109752.0619	1109752.3652	1.0000	1.0000	0.3822
27ly03	5	18	1	1	2.0000	1.0000	1.0000	0.1389	NaN	NaN	NaN	1109753.2193	1109753.5694	1.0000	1.0000	0.0254
27ly03	5	19	1	1	1.0000	1.0000	-1.0000	NaN	4.7266	-4.9615	14.6239	1109756.0020	1109756.3041	0.0000	1.0000	0.9073
27ly03	5	19	1	1	2.0000	1.0000	1.0000	0.1403	NaN	NaN	NaN	1109757.7632	1109758.1173	1.0000	1.0000	0.0006
27ly03	5	20	1	1	1.0000	1.0000	1.0000	NaN	0.5613	1.2053	16.6684	1109760.2658	1109760.5680	1.0000	1.0000	2.8504
27ly03	5	20	1	1	2.0000	1.0000	1.0000	0.1444	NaN	NaN	NaN	1109763.9551	1109764.3118	1.0000	1.0000	0.4991
27ly03	5	21	1	1	1.0000	1.0000	-1.0000	NaN	3.6060	-3.5665	14.7802	1109767.1874	1109767.4912	0.0000	1.0000	0.3759
27ly03	5	21	1	1	2.0000	1.0000	1.0000	0.2695	NaN	NaN	NaN	1109768.4056	1109768.8043	1.0000	1.0000	3.0456
27ly03	5	22	1	1	1.0000	1.0000	-1.0000	NaN	0.6790	-1.6475	15.6300	1109774.2080	1109774.5102	0.0000	1.0000	0.5717
27ly03	5	22	1	1	2.0000	1.0000	1.0000	0.2600	NaN	NaN	NaN	1109775.6349	1109775.9846	1.0000	1.0000	0.3616
27ly03	5	23	1	1	1.0000	1.0000	1.0000	NaN	2.8392	2.6984	13.2523	1109778.5833	1109778.8855	1.0000	1.0000	0.4209
27ly03	5	23	1	1	2.0000	1.0000	1.0000	0.2027	NaN	NaN	NaN	1109779.8592	1109780.2150	1.0000	1.0000	0.0509
27ly03	5	24	1	1	1.0000	1.0000	1.0000	NaN	1.1002	1.7059	15.1872	1109782.3059	1109782.6081	0.0000	0.0000	0.8586
27ly03	5	24	1	1	2.0000	1.0000	-1.0000	0.0632	NaN	NaN	NaN	1109784.0194	1109784.3709	1.0000	0.0000	0.3755
27ly03	5	25	1	1	1.0000	1.0000	1.0000	NaN	2.4170	3.4224	14.6774	1109786.9354	1109787.2377	1.0000	1.0000	0.3721
27ly03	5	25	1	1	2.0000	1.0000	1.0000	0.1458	NaN	NaN	NaN	1109788.1473	1109788.4992	1.0000	1.0000	0.3434
27ly03	5	26	1	1	1.0000	1.0000	1.0000	NaN	2.1194	3.6567	15.6706	1109791.1478	1109791.4501	1.0000	1.0000	0.2718
27ly03	5	26	1	1	2.0000	1.0000	1.0000	0.0835	NaN	NaN	NaN	1109792.2431	1109792.5977	1.0000	1.0000	0.0007
27ly03	5	27	1	1	1.0000	1.0000	1.0000	NaN	2.0594	1.3032	15.2051	1109794.7971	1109795.0993	1.0000	1.0000	0.3512
27ly03	5	27	1	1	2.0000	1.0000	1.0000	0.2167	NaN	NaN	NaN	1109796.0024	1109796.3534	1.0000	1.0000	0.3136
27ly03	5	28	1	1	1.0000	1.0000	1.0000	NaN	3.4465	3.8062	16.1401	1109799.2903	1109799.5926	1.0000	1.0000	0.3059
27ly03	5	28	1	1	2.0000	1.0000	1.0000	0.1693	NaN	NaN	NaN	1109800.4672	1109800.8203	1.0000	1.0000	0.1829
27ly03	5	29	1	1	1.0000	1.0000	-1.0000	NaN	0.4932	-2.8884	15.1541	1109803.3689	1109803.6711	0.0000	1.0000	1.6842
27ly03	5	29	1	1	2.0000	1.0000	1.0000	0.2032	NaN	NaN	NaN	1109805.8748	1109806.2303	1.0000	1.0000	0.3399
27ly03	5	30	1	1	1.0000	1.0000	-1.0000	NaN	5.7067	-6.1318	15.6204	1109808.4254	1109808.7291	0.0000	1.0000	0.2733
27ly03	5	30	1	1	2.0000	1.0000	1.0000	0.0409	NaN	NaN	NaN	1109809.5226	1109809.8758	1.0000	1.0000	0.1038
27ly03	5	31	1	1	1.0000	1.0000	-1.0000	NaN	5.2220	-5.6373	14.2381	1109812.5073	1109812.8141	0.0000	1.0000	0.2847
27ly03	5	31	1	1	2.0000	1.0000	1.0000	0.2130	NaN	NaN	NaN	1109813.5893	1109814.0032	1.0000	1.0000	0.0006
27ly03	5	32	1	1	1.0000	1.0000	1.0000	NaN	0.3557	0.8718	14.5799	1109816.2386	1109816.5426	1.0000	1.0000	0.9882
27ly03	5	32	1	1	2.0000	1.0000	1.0000	0.0678	NaN	NaN	NaN	1109818.0864	1109818.4810	1.0000	1.0000	0.2328
27ly03	5	33	1	1	1.0000	1.0000	-1.0000	NaN	4.5731	-6.4950	16.6502	1109821.0794	1109821.3816	0.0000	1.0000	0.3731
27ly03	5	33	1	1	2.0000	1.0000	1.0000	0.0165	NaN	NaN	NaN	1109822.2579	1109822.6128	1.0000	1.0000	0.0007
27ly03	5	34	1	1	1.0000	1.0000	1.0000	NaN	2.8371	6.7131	15.0210	1109825.0124	1109825.3146	1.0000	1.0000	0.4079
27ly03	5	34	1	1	2.0000	1.0000	1.0000	0.1517	NaN	NaN	NaN	1109826.2429	1109826.5959	1.0000	1.0000	0.0007
27ly03	5	35	1	1	1.0000	1.0000	-1.0000	NaN	2.7745	-3.1336	14.3939	1109828.7345	1109829.0367	1.0000	0.0000	1.7255
27ly03	5	35	1	1	2.0000	1.0000	-1.0000	0.2276	NaN	NaN	NaN	1109831.2988	1109831.6514	0.0000	1.0000	0.5504
27ly03	5	36	1	1	1.0000	1.0000	1.0000	NaN	1.4794	2.2111	13.6828	1109834.6008	1109834.9029	1.0000	1.0000	1.0440
27ly03	5	36	1	1	2.0000	1.0000	1.0000	0.0112	NaN	NaN	NaN	1109836.5152	1109836.8651	1.0000	1.0000	0.3619
27ly03	5	37	1	1	1.0000	1.0000	-1.0000	NaN	2.6514	-0.8631	14.9780	1109839.6499	1109839.9522	1.0000	0.0000	0.6354
27ly03	5	37	1	1	2.0000	1.0000	-1.0000	0.0855	NaN	NaN	NaN	1109841.1550	1109841.5119	1.0000	0.0000	0.4353
27ly03	5	38	1	1	1.0000	1.0000	1.0000	NaN	5.7165	5.0429	14.7690	1109844.4670	1109844.7692	1.0000	1.0000	0.3285
27ly03	5	38	1	1	2.0000	1.0000	1.0000	0.0909	NaN	NaN	NaN	1109845.6020	1109845.9577	1.0000	1.0000	0.0007
27ly03	5	39	1	1	1.0000	1.0000	-1.0000	NaN	1.0209	-2.4520	13.4864	1109848.4325	1109848.7346	0.0000	1.0000	0.2671
27ly03	5	39	1	1	2.0000	1.0000	1.0000	0.0103	NaN	NaN	NaN	1109849.5071	1109849.8616	1.0000	1.0000	0.0007
27ly03	5	40	1	1	1.0000	1.0000	1.0000	NaN	4.0155	5.8700	13.6921	1109851.9666	1109852.2689	1.0000	1.0000	0.2689
27ly03	5	40	1	1	2.0000	1.0000	1.0000	0.1833	NaN	NaN	NaN	1109853.0430	1109853.3959	1.0000	1.0000	0.3899
27ly03	5	41	1	1	1.0000	1.0000	-1.0000	NaN	3.6054	-5.0698	15.1032	1109856.2366	1109856.5387	0.0000	1.0000	0.2070
27ly03	5	41	1	1	2.0000	1.0000	1.0000	0.2600	NaN	NaN	NaN	1109857.2345	1109857.5904	1.0000	1.0000	0.0007
27ly03	5	42	1	1	1.0000	1.0000	-1.0000	NaN	1.9106	-0.5828	14.8616	1109859.7372	1109860.0395	0.0000	1.0000	0.6751
27ly03	5	42	1	1	2.0000	1.0000	1.0000	0.2400	NaN	NaN	NaN	1109861.2689	1109861.6735	1.0000	1.0000	0.5763
27ly03	5	43	1	1	1.0000	1.0000	1.0000	NaN	3.9267	4.0545	15.0774	1109864.5988	1109864.9010	0.0000	0.0000	1.4932
27ly03	5	43	1	1	2.0000	1.0000	-1.0000	0.0648	NaN	NaN	NaN	1109866.9145	1109867.2665	0.0000	1.0000	0.4405
27ly03	5	44	1	1	1.0000	1.0000	-1.0000	NaN	0.9957	-2.2081	14.6090	1109869.8500	1109870.1522	0.0000	1.0000	0.8816
27ly03	5	44	1	1	2.0000	1.0000	1.0000	0.1721	NaN	NaN	NaN	1109871.5392	1109871.8938	1.0000	1.0000	1.0299
27ly03	5	45	1	1	1.0000	1.0000	-1.0000	NaN	2.7518	-3.2088	15.2323	1109875.3212	1109875.6240	0.0000	1.0000	0.3387
27ly03	5	45	1	1	2.0000	1.0000	1.0000	0.1656	NaN	NaN	NaN	1109876.4509	1109876.8059	1.0000	1.0000	0.1170
27ly03	5	46	1	1	1.0000	1.0000	-1.0000	NaN	0.6843	-0.9165	14.7604	1109879.0526	1109879.3547	0.0000	1.0000	1.9356
27ly03	5	46	1	1	2.0000	1.0000	1.0000	0.1721	NaN	NaN	NaN	1109881.8283	1109882.1796	1.0000	1.0000	0.5021
27ly03	5	47	1	1	1.0000	1.0000	-1.0000	NaN	0.9174	-1.0464	15.8330	1109884.7382	1109885.0417	0.0000	1.0000	0.7280
27ly03	5	47	1	1	2.0000	1.0000	1.0000	0.0176	NaN	NaN	NaN	1109886.2750	1109886.6276	1.0000	1.0000	0.3587
27ly03	5	48	1	1	1.0000	1.0000	1.0000	NaN	5.3664	7.3252	15.6297	1109889.2108	1109889.5131	1.0000	1.0000	0.3224
27ly03	5	48	1	1	2.0000	1.0000	1.0000	0.2277	NaN	NaN	NaN	1109890.3699	1109890.7260	1.0000	1.0000	0.3882
27ly03	5	49	1	1	1.0000	1.0000	1.0000	NaN	4.7603	5.8647	15.3292	1109893.3297	1109893.6319	1.0000	1.0000	0.3633
27ly03	5	49	1	1	2.0000	1.0000	1.0000	0.0290	NaN	NaN	NaN	1109894.5309	1109894.8818	1.0000	1.0000	0.8899
27ly03	5	50	1	1	1.0000	1.0000	1.0000	NaN	4.8381	3.9261	14.4903	1109897.9679	1109898.2702	1.0000	1.0000	0.3165
27ly03	5	50	1	1	2.0000	1.0000	1.0000	0.0946	NaN	NaN	NaN	1109899.1068	1109899.4603	1.0000	1.0000	0.6615
27ly03	6	1	1	1	1.0000	1.0000	1.0000	NaN	1.5606	2.1780	15.2111	1109938.0928	1109938.3975	1.0000	1.0000	0.4451
27ly03	6	1	1	1	2.0000	1.0000	1.0000	0.1457	NaN	NaN	NaN	1109939.3979	1109939.8155	1.0000	1.0000	0.3554
27ly03	6	2	1	1	1.0000	1.0000	-1.0000	NaN	0.3912	-1.2283	14.7834	1109942.1616	1109942.4664	0.0000	1.0000	0.3913
27ly03	6	2	1	1	2.0000	1.0000	1.0000	0.0482	NaN	NaN	NaN	1109943.4310	1109943.8481	1.0000	1.0000	0.0976
27ly03	6	3	1	1	1.0000	1.0000	1.0000	NaN	2.3393	1.0462	14.4187	1109946.1111	1109946.4156	1.0000	1.0000	0.8741
27ly03	6	3	1	1	2.0000	1.0000	1.0000	0.0243	NaN	NaN	NaN	1109947.8472	1109948.2645	1.0000	1.0000	0.3052
27ly03	6	4	1	1	1.0000	1.0000	1.0000	NaN	3.5413	2.2054	15.2735	1109950.6097	1109950.9119	1.0000	1.0000	2.5069
27ly03	6	4	1	1	2.0000	1.0000	1.0000	0.0272	NaN	NaN	NaN	1109953.9863	1109954.3976	1.0000	1.0000	0.3489
27ly03	6	5	1	1	1.0000	1.0000	1.0000	NaN	5.5230	7.3280	15.4744	1109957.3803	1109957.6852	1.0000	1.0000	0.1965
27ly03	6	5	1	1	2.0000	1.0000	1.0000	0.0001	NaN	NaN	NaN	1109958.4381	1109958.8612	1.0000	1.0000	0.0007
27ly03	6	6	1	1	1.0000	1.0000	1.0000	NaN	5.0221	6.2563	14.8136	1109960.7227	1109961.0275	1.0000	1.0000	0.1981
27ly03	6	6	1	1	2.0000	1.0000	1.0000	0.1038	NaN	NaN	NaN	1109961.7498	1109962.1638	1.0000	1.0000	0.1509
27ly03	6	7	1	1	1.0000	1.0000	-1.0000	NaN	0.0773	-0.8539	15.1788	1109964.7611	1109965.0656	1.0000	0.0000	0.5615
27ly03	6	7	1	1	2.0000	1.0000	-1.0000	0.1423	NaN	NaN	NaN	1109966.1819	1109966.5970	1.0000	0.0000	0.2133
27ly03	6	8	1	1	1.0000	1.0000	-1.0000	NaN	5.0990	-3.8889	14.5350	1109969.5076	1109969.8122	0.0000	1.0000	0.4540
27ly03	6	8	1	1	2.0000	1.0000	1.0000	0.1676	NaN	NaN	NaN	1109970.8542	1109971.2751	1.0000	1.0000	0.0006
27ly03	6	9	1	1	1.0000	1.0000	-1.0000	NaN	0.6696	-3.3221	14.7692	1109973.3794	1109973.6839	0.0000	1.0000	0.2938
27ly03	6	9	1	1	2.0000	1.0000	1.0000	0.1421	NaN	NaN	NaN	1109974.5173	1109974.9298	1.0000	1.0000	0.0005
27ly03	6	10	1	1	1.0000	1.0000	1.0000	NaN	1.6535	0.8979	15.6394	1109977.3979	1109977.7044	0.0000	0.0000	1.2812
27ly03	6	10	1	1	2.0000	1.0000	-1.0000	0.1847	NaN	NaN	NaN	1109979.5436	1109979.9629	0.0000	1.0000	0.5427
27ly03	6	11	1	1	1.0000	1.0000	1.0000	NaN	2.5297	0.4360	14.1482	1109982.8085	1109983.1130	0.0000	0.0000	0.3381
27ly03	6	11	1	1	2.0000	1.0000	-1.0000	0.0930	NaN	NaN	NaN	1109984.0242	1109984.4459	0.0000	1.0000	0.7646
27ly03	6	12	1	1	1.0000	1.0000	-1.0000	NaN	5.7989	-6.0696	14.6426	1109987.2422	1109987.5465	0.0000	1.0000	0.2240
27ly03	6	12	1	1	2.0000	1.0000	1.0000	0.0608	NaN	NaN	NaN	1109988.3115	1109988.7291	1.0000	1.0000	2.5449
27ly03	6	13	1	1	1.0000	1.0000	-1.0000	NaN	4.7482	-4.9834	14.6273	1109993.4805	1109993.7865	0.0000	1.0000	0.1927
27ly03	6	13	1	1	2.0000	1.0000	1.0000	0.0301	NaN	NaN	NaN	1109994.5175	1109994.9167	1.0000	1.0000	0.0007
27ly03	6	14	1	1	1.0000	1.0000	1.0000	NaN	0.1576	0.8834	15.8885	1109997.1882	1109997.4903	0.0000	0.0000	0.5993
27ly03	6	14	1	1	2.0000	1.0000	-1.0000	0.2247	NaN	NaN	NaN	1109998.6424	1109998.9931	1.0000	0.0000	1.0645
27ly03	6	15	1	1	1.0000	1.0000	-1.0000	NaN	3.7290	-3.9286	13.6458	1110002.5746	1110002.8786	0.0000	1.0000	0.3329
27ly03	6	15	1	1	2.0000	1.0000	1.0000	0.2655	NaN	NaN	NaN	1110003.7815	1110004.1946	1.0000	1.0000	0.1682
27ly03	6	16	1	1	1.0000	1.0000	-1.0000	NaN	5.0583	-5.8773	15.4612	1110006.3755	1110006.6796	0.0000	1.0000	0.0996
27ly03	6	16	1	1	2.0000	1.0000	1.0000	0.2580	NaN	NaN	NaN	1110007.3343	1110007.7578	1.0000	1.0000	0.0007
27ly03	6	17	1	1	1.0000	1.0000	-1.0000	NaN	3.2971	-2.6038	13.5092	1110009.9960	1110010.3022	0.0000	1.0000	1.1645
27ly03	6	17	1	1	2.0000	1.0000	1.0000	0.1593	NaN	NaN	NaN	1110012.0076	1110012.4280	1.0000	1.0000	0.8616
27ly03	6	18	1	1	1.0000	1.0000	-1.0000	NaN	3.7087	-3.7007	14.8793	1110015.3218	1110015.6263	0.0000	1.0000	1.0873
27ly03	6	18	1	1	2.0000	1.0000	1.0000	0.1905	NaN	NaN	NaN	1110017.2689	1110017.6891	1.0000	1.0000	0.5285
27ly03	6	19	1	1	1.0000	1.0000	1.0000	NaN	1.6576	1.4790	15.1094	1110020.5342	1110020.8386	0.0000	0.0000	1.4445
27ly03	6	19	1	1	2.0000	1.0000	-1.0000	0.2623	NaN	NaN	NaN	1110022.8083	1110023.2274	0.0000	1.0000	0.2862
27ly03	6	20	1	1	1.0000	1.0000	1.0000	NaN	1.0722	1.6740	14.5108	1110026.0379	1110026.3424	1.0000	1.0000	0.3244
27ly03	6	20	1	1	2.0000	1.0000	1.0000	0.1530	NaN	NaN	NaN	1110027.2242	1110027.6319	1.0000	1.0000	3.0977
27ly03	6	21	1	1	1.0000	1.0000	-1.0000	NaN	5.7731	-7.9995	15.4564	1110032.9533	1110033.2556	0.0000	1.0000	0.2586
27ly03	6	21	1	1	2.0000	1.0000	1.0000	0.2619	NaN	NaN	NaN	1110034.0989	1110034.4523	1.0000	1.0000	0.0865
27ly03	6	22	1	1	1.0000	1.0000	-1.0000	NaN	4.0114	-3.4946	14.1485	1110036.8853	1110037.1875	0.0000	1.0000	0.2638
27ly03	6	22	1	1	2.0000	1.0000	1.0000	0.2319	NaN	NaN	NaN	1110037.9550	1110038.3052	1.0000	1.0000	0.0006
27ly03	6	23	1	1	1.0000	1.0000	-1.0000	NaN	3.8229	-4.9249	13.6619	1110040.6306	1110040.9339	0.0000	1.0000	0.3242
27ly03	6	23	1	1	2.0000	1.0000	1.0000	0.1473	NaN	NaN	NaN	1110041.7788	1110042.1353	1.0000	1.0000	0.1320
27ly03	6	24	1	1	1.0000	1.0000	-1.0000	NaN	0.3604	-1.5288	16.4892	1110044.4733	1110044.7755	1.0000	0.0000	0.5150
27ly03	6	24	1	1	2.0000	1.0000	-1.0000	0.1781	NaN	NaN	NaN	1110045.8104	1110046.1640	0.0000	1.0000	0.1194
27ly03	6	25	1	1	1.0000	1.0000	-1.0000	NaN	1.9862	-1.8656	15.0755	1110048.4896	1110048.7921	0.0000	1.0000	0.8346
27ly03	6	25	1	1	2.0000	1.0000	1.0000	0.2056	NaN	NaN	NaN	1110050.1660	1110050.5761	1.0000	1.0000	0.2181
27ly03	6	26	1	1	1.0000	1.0000	1.0000	NaN	0.3198	0.7344	14.4729	1110052.8946	1110053.2018	1.0000	1.0000	0.4877
27ly03	6	26	1	1	2.0000	1.0000	1.0000	0.2359	NaN	NaN	NaN	1110054.2936	1110054.6971	0.0000	0.0000	0.8169
27ly03	6	27	1	1	1.0000	1.0000	1.0000	NaN	3.4377	3.1000	14.2617	1110057.6783	1110057.9809	1.0000	1.0000	0.4611
27ly03	6	27	1	1	2.0000	1.0000	1.0000	0.2079	NaN	NaN	NaN	1110059.0264	1110059.3799	0.0000	0.0000	0.8706
27ly03	6	28	1	1	1.0000	1.0000	-1.0000	NaN	1.0767	-1.1499	14.8979	1110062.5182	1110062.8204	1.0000	0.0000	0.2771
27ly03	6	28	1	1	2.0000	1.0000	-1.0000	0.1403	NaN	NaN	NaN	1110063.6343	1110063.9854	1.0000	0.0000	0.0259
27ly03	6	29	1	1	1.0000	1.0000	-1.0000	NaN	0.2516	-2.5082	14.0859	1110066.3563	1110066.6584	0.0000	1.0000	0.2328
27ly03	6	29	1	1	2.0000	1.0000	1.0000	0.2394	NaN	NaN	NaN	1110067.4267	1110067.7796	1.0000	1.0000	0.1181
27ly03	6	30	1	1	1.0000	1.0000	1.0000	NaN	4.3158	3.8097	14.5832	1110070.5865	1110070.8888	1.0000	1.0000	0.3058
27ly03	6	30	1	1	2.0000	1.0000	1.0000	0.1094	NaN	NaN	NaN	1110071.7948	1110072.1503	1.0000	1.0000	0.0006
27ly03	6	31	1	1	1.0000	1.0000	1.0000	NaN	3.9689	3.5195	14.2038	1110074.1859	1110074.4881	1.0000	1.0000	0.2574
27ly03	6	31	1	1	2.0000	1.0000	1.0000	0.0214	NaN	NaN	NaN	1110075.3463	1110075.7002	1.0000	1.0000	0.2293
27ly03	6	32	1	1	1.0000	1.0000	1.0000	NaN	2.0702	1.9338	15.1349	1110078.3026	1110078.6047	1.0000	1.0000	0.3500
27ly03	6	32	1	1	2.0000	1.0000	1.0000	0.0965	NaN	NaN	NaN	1110079.5218	1110079.8792	1.0000	1.0000	1.6028
27ly03	6	33	1	1	1.0000	1.0000	-1.0000	NaN	2.0127	-3.5781	15.3486	1110083.7494	1110084.0516	1.0000	0.0000	3.7342
27ly03	6	33	1	1	2.0000	1.0000	-1.0000	0.1969	NaN	NaN	NaN	1110088.3549	1110088.7121	0.0000	1.0000	0.3874
27ly03	6	34	1	1	1.0000	1.0000	1.0000	NaN	1.7657	2.4982	14.6144	1110091.6131	1110091.9153	1.0000	1.0000	1.2782
27ly03	6	34	1	1	2.0000	1.0000	1.0000	0.2395	NaN	NaN	NaN	1110093.7297	1110094.0838	1.0000	1.0000	0.6626
27ly03	6	35	1	1	1.0000	1.0000	1.0000	NaN	4.8490	2.0621	15.1706	1110096.8315	1110097.1352	1.0000	1.0000	0.4761
27ly03	6	35	1	1	2.0000	1.0000	1.0000	0.1952	NaN	NaN	NaN	1110098.1481	1110098.5551	1.0000	1.0000	0.9911
27ly03	6	36	1	1	1.0000	1.0000	1.0000	NaN	2.5299	4.0580	15.4262	1110102.0683	1110102.3704	1.0000	1.0000	0.1841
27ly03	6	36	1	1	2.0000	1.0000	1.0000	0.0799	NaN	NaN	NaN	1110103.1060	1110103.4615	1.0000	1.0000	0.0007
27ly03	6	37	1	1	1.0000	1.0000	-1.0000	NaN	0.6829	-1.4312	15.1038	1110105.9078	1110106.2100	0.0000	1.0000	0.5519
27ly03	6	37	1	1	2.0000	1.0000	1.0000	0.1371	NaN	NaN	NaN	1110107.3297	1110107.6832	1.0000	1.0000	0.2463
27ly03	6	38	1	1	1.0000	1.0000	1.0000	NaN	1.6054	1.9160	15.5014	1110109.9139	1110110.2161	1.0000	1.0000	0.4823
27ly03	6	38	1	1	2.0000	1.0000	1.0000	0.0006	NaN	NaN	NaN	1110111.2514	1110111.6013	1.0000	1.0000	1.0162
27ly03	6	39	1	1	1.0000	1.0000	-1.0000	NaN	5.5309	-6.0115	15.2166	1110114.9728	1110115.2751	0.0000	1.0000	0.3030
27ly03	6	39	1	1	2.0000	1.0000	1.0000	0.1704	NaN	NaN	NaN	1110116.1143	1110116.4660	1.0000	1.0000	0.0006
27ly03	6	40	1	1	1.0000	1.0000	-1.0000	NaN	1.5150	-3.1623	14.6087	1110118.1870	1110118.4892	0.0000	1.0000	0.4163
27ly03	6	40	1	1	2.0000	1.0000	1.0000	0.0318	NaN	NaN	NaN	1110119.4426	1110119.7980	1.0000	1.0000	1.3479
27ly03	6	41	1	1	1.0000	1.0000	1.0000	NaN	2.0335	2.2665	14.8793	1110123.3020	1110123.6042	1.0000	1.0000	0.2133
27ly03	6	41	1	1	2.0000	1.0000	1.0000	0.2058	NaN	NaN	NaN	1110124.3857	1110124.7369	1.0000	1.0000	0.0006
27ly03	6	42	1	1	1.0000	1.0000	1.0000	NaN	0.2019	3.4525	15.6644	1110126.4918	1110126.7946	1.0000	1.0000	0.4308
27ly03	6	42	1	1	2.0000	1.0000	1.0000	0.1518	NaN	NaN	NaN	1110127.7162	1110128.0675	1.0000	1.0000	0.8237
27ly03	6	43	1	1	1.0000	1.0000	-1.0000	NaN	3.6461	-4.4330	15.0287	1110131.0374	1110131.3396	1.0000	0.0000	1.1990
27ly03	6	43	1	1	2.0000	1.0000	-1.0000	0.1109	NaN	NaN	NaN	1110133.0587	1110133.4139	1.0000	0.0000	0.8842
27ly03	6	44	1	1	1.0000	1.0000	1.0000	NaN	2.5489	2.8955	15.7733	1110136.5970	1110136.8991	1.0000	1.0000	0.2794
27ly03	6	44	1	1	2.0000	1.0000	1.0000	0.0829	NaN	NaN	NaN	1110137.7151	1110138.0668	1.0000	1.0000	0.0396
27ly03	6	45	1	1	1.0000	1.0000	1.0000	NaN	5.4118	5.9143	15.0231	1110140.2467	1110140.5489	1.0000	1.0000	0.1980
27ly03	6	45	1	1	2.0000	1.0000	1.0000	0.1422	NaN	NaN	NaN	1110141.3157	1110141.6667	1.0000	1.0000	0.0006
27ly03	6	46	1	1	1.0000	1.0000	-1.0000	NaN	1.4287	-1.9871	15.9163	1110143.7427	1110144.0456	1.0000	0.0000	0.3014
27ly03	6	46	1	1	2.0000	1.0000	-1.0000	0.0037	NaN	NaN	NaN	1110144.9196	1110145.2998	0.0000	1.0000	0.8857
27ly03	6	47	1	1	1.0000	1.0000	1.0000	NaN	2.4344	1.5953	14.6476	1110148.1947	1110148.4969	1.0000	1.0000	0.3771
27ly03	6	47	1	1	2.0000	1.0000	1.0000	0.0255	NaN	NaN	NaN	1110149.4258	1110149.7799	1.0000	1.0000	0.0006
27ly03	6	48	1	1	1.0000	1.0000	1.0000	NaN	3.4116	1.8731	13.8819	1110151.6967	1110151.9989	1.0000	1.0000	0.2830
27ly03	6	48	1	1	2.0000	1.0000	1.0000	0.2552	NaN	NaN	NaN	1110152.8187	1110153.1756	1.0000	1.0000	0.0008
27ly03	6	49	1	1	1.0000	1.0000	-1.0000	NaN	1.5498	-0.4841	14.6303	1110155.1690	1110155.4711	1.0000	0.0000	0.3641
27ly03	6	49	1	1	2.0000	1.0000	-1.0000	0.0423	NaN	NaN	NaN	1110156.3861	1110156.7421	1.0000	0.0000	0.3872
27ly03	6	50	1	1	1.0000	1.0000	-1.0000	NaN	4.2959	-5.9830	13.9254	1110159.1716	1110159.4739	0.0000	1.0000	0.3127
27ly03	6	50	1	1	2.0000	1.0000	1.0000	0.2061	NaN	NaN	NaN	1110160.3229	1110160.6793	1.0000	1.0000	0.0341
