36sx04	1	1	1	1	1.0000	1.0000	-1.0000	NaN	3.8249	-4.7193	14.8204	346780.7620	346781.0631	0.0000	1.0000	1.0414
36sx04	1	1	1	1	2.0000	1.0000	1.0000	0.7198	NaN	NaN	NaN	346782.8080	346783.1339	1.0000	1.0000	0.0007
36sx04	1	2	1	1	1.0000	1.0000	1.0000	NaN	2.1818	1.5474	15.1293	346785.2534	346785.5544	0.0000	0.0000	1.3083
36sx04	1	2	1	1	2.0000	1.0000	-1.0000	0.8290	NaN	NaN	NaN	346787.5190	346787.8456	1.0000	0.0000	4.0171
36sx04	1	3	1	1	1.0000	1.0000	-1.0000	NaN	3.8749	-3.7262	17.0532	346794.1184	346794.4196	0.0000	1.0000	0.6762
36sx04	1	3	1	1	2.0000	1.0000	1.0000	0.8996	NaN	NaN	NaN	346795.8871	346796.2141	1.0000	1.0000	1.7285
36sx04	1	4	1	1	1.0000	1.0000	-1.0000	NaN	9.1489	-9.3091	15.1994	346800.6427	346800.9441	0.0000	1.0000	0.4708
36sx04	1	4	1	1	2.0000	1.0000	1.0000	0.5045	NaN	NaN	NaN	346802.2227	346802.5478	1.0000	1.0000	0.0606
36sx04	1	5	1	1	1.0000	1.0000	-1.0000	NaN	2.7264	-1.6480	15.9561	346804.7782	346805.0792	0.0000	1.0000	0.8019
36sx04	1	5	1	1	2.0000	1.0000	1.0000	0.9017	NaN	NaN	NaN	346806.8465	346807.1747	1.0000	1.0000	0.0007
36sx04	1	6	1	1	1.0000	1.0000	-1.0000	NaN	8.0279	-6.6753	15.2100	346809.5515	346809.8524	0.0000	1.0000	0.2367
36sx04	1	6	1	1	2.0000	1.0000	1.0000	0.8635	NaN	NaN	NaN	346810.8799	346811.2067	1.0000	1.0000	0.0006
36sx04	1	7	1	1	1.0000	1.0000	-1.0000	NaN	5.6698	-5.6526	14.3646	346813.5571	346813.8581	0.0000	1.0000	0.5902
36sx04	1	7	1	1	2.0000	1.0000	1.0000	0.6969	NaN	NaN	NaN	346815.2465	346815.5726	1.0000	1.0000	0.1381
36sx04	1	8	1	1	1.0000	1.0000	1.0000	NaN	8.9402	8.7304	14.2818	346818.4296	346818.7305	1.0000	1.0000	0.3426
36sx04	1	8	1	1	2.0000	1.0000	1.0000	0.4369	NaN	NaN	NaN	346819.8386	346820.1650	0.0000	0.0000	0.1949
36sx04	1	9	1	1	1.0000	1.0000	1.0000	NaN	7.4916	7.7659	15.2469	346822.5348	346822.8358	1.0000	1.0000	0.1412
36sx04	1	9	1	1	2.0000	1.0000	1.0000	0.8110	NaN	NaN	NaN	346823.6702	346823.9995	1.0000	1.0000	0.3531
36sx04	1	10	1	1	1.0000	1.0000	-1.0000	NaN	0.8215	-0.4103	13.0404	346827.0801	346827.3811	0.0000	1.0000	0.9317
36sx04	1	10	1	1	2.0000	1.0000	1.0000	0.5866	NaN	NaN	NaN	346829.2873	346829.6135	1.0000	1.0000	0.1150
36sx04	1	11	1	1	1.0000	1.0000	1.0000	NaN	9.7471	8.9206	15.6551	346831.8968	346832.1979	1.0000	1.0000	0.2109
36sx04	1	11	1	1	2.0000	1.0000	1.0000	0.2816	NaN	NaN	NaN	346833.2627	346833.5903	1.0000	1.0000	3.0024
36sx04	1	12	1	1	1.0000	1.0000	1.0000	NaN	7.0750	5.3415	13.7768	346839.1103	346839.4118	1.0000	1.0000	0.6910
36sx04	1	12	1	1	2.0000	1.0000	1.0000	0.0397	NaN	NaN	NaN	346840.9993	346841.3271	1.0000	1.0000	1.2004
36sx04	1	13	1	1	1.0000	1.0000	-1.0000	NaN	0.4632	-1.3830	15.3365	346844.8751	346845.1761	1.0000	0.0000	1.2226
36sx04	1	13	1	1	2.0000	1.0000	-1.0000	0.3432	NaN	NaN	NaN	346847.3988	346847.7255	1.0000	0.0000	0.9317
36sx04	1	14	1	1	1.0000	1.0000	-1.0000	NaN	4.5799	-3.7747	14.6871	346851.4290	346851.7300	0.0000	1.0000	0.4234
36sx04	1	14	1	1	2.0000	1.0000	1.0000	0.8261	NaN	NaN	NaN	346852.9744	346853.3008	1.0000	1.0000	0.0827
36sx04	1	15	1	1	1.0000	1.0000	1.0000	NaN	3.4511	3.4077	15.1709	346856.1486	346856.4497	1.0000	1.0000	0.9825
36sx04	1	15	1	1	2.0000	1.0000	1.0000	0.1805	NaN	NaN	NaN	346858.2541	346858.5802	0.0000	0.0000	0.0907
36sx04	1	16	1	1	1.0000	1.0000	-1.0000	NaN	1.6940	-1.3417	14.4289	346860.7870	346861.0885	0.0000	1.0000	1.3741
36sx04	1	16	1	1	2.0000	1.0000	1.0000	0.3347	NaN	NaN	NaN	346863.2549	346863.5810	1.0000	1.0000	0.3081
36sx04	1	17	1	1	1.0000	1.0000	-1.0000	NaN	3.1763	-3.1809	14.7011	346866.3506	346866.6516	0.0000	1.0000	0.6847
36sx04	1	17	1	1	2.0000	1.0000	1.0000	0.9009	NaN	NaN	NaN	346868.1020	346868.4285	1.0000	1.0000	0.1064
36sx04	1	18	1	1	1.0000	1.0000	1.0000	NaN	10.1454	9.1167	14.6458	346871.4684	346871.7694	0.0000	0.0000	1.2061
36sx04	1	18	1	1	2.0000	1.0000	-1.0000	0.3666	NaN	NaN	NaN	346873.7988	346874.1245	1.0000	0.0000	0.0007
36sx04	1	19	1	1	1.0000	1.0000	1.0000	NaN	7.0927	6.4599	14.8919	346876.8578	346877.1597	0.0000	0.0000	1.7379
36sx04	1	19	1	1	2.0000	1.0000	-1.0000	0.5887	NaN	NaN	NaN	346879.6713	346879.9975	1.0000	0.0000	0.0007
36sx04	1	20	1	1	1.0000	1.0000	-1.0000	NaN	2.9833	-2.7600	14.7949	346882.4804	346882.7813	0.0000	1.0000	0.3709
36sx04	1	20	1	1	2.0000	1.0000	1.0000	0.4521	NaN	NaN	NaN	346883.8960	346884.2215	1.0000	1.0000	0.1077
36sx04	1	21	1	1	1.0000	1.0000	-1.0000	NaN	8.4505	-9.5736	14.6933	346886.5998	346886.9008	0.0000	1.0000	0.6115
36sx04	1	21	1	1	2.0000	1.0000	1.0000	0.1052	NaN	NaN	NaN	346888.2384	346888.5652	1.0000	1.0000	0.2016
36sx04	1	22	1	1	1.0000	1.0000	-1.0000	NaN	6.1048	-7.0444	15.2515	346891.2893	346891.5903	0.0000	1.0000	1.1540
36sx04	1	22	1	1	2.0000	1.0000	1.0000	0.2824	NaN	NaN	NaN	346893.4788	346893.8062	1.0000	1.0000	0.0006
36sx04	1	23	1	1	1.0000	1.0000	-1.0000	NaN	2.8232	-4.6614	15.9378	346896.2973	346896.5984	0.0000	1.0000	1.0184
36sx04	1	23	1	1	2.0000	1.0000	1.0000	0.8447	NaN	NaN	NaN	346898.3504	346898.6790	0.0000	0.0000	0.8096
36sx04	1	24	1	1	1.0000	1.0000	-1.0000	NaN	1.6738	-3.1981	14.2725	346901.5552	346901.8562	1.0000	0.0000	0.4872
36sx04	1	24	1	1	2.0000	1.0000	-1.0000	0.7759	NaN	NaN	NaN	346903.0787	346903.4055	1.0000	0.0000	0.0006
36sx04	1	25	1	1	1.0000	1.0000	1.0000	NaN	2.0560	1.4048	13.8566	346906.1143	346906.4153	1.0000	1.0000	1.6413
36sx04	1	25	1	1	2.0000	1.0000	1.0000	0.4772	NaN	NaN	NaN	346908.7905	346909.1174	0.0000	0.0000	0.0007
36sx04	1	26	1	1	1.0000	1.0000	-1.0000	NaN	4.1435	-5.6108	14.7378	346911.2161	346911.5171	0.0000	1.0000	0.8018
36sx04	1	26	1	1	2.0000	1.0000	1.0000	0.3134	NaN	NaN	NaN	346913.0873	346913.4130	1.0000	1.0000	0.0006
36sx04	1	27	1	1	1.0000	1.0000	-1.0000	NaN	6.0788	-4.4771	15.3041	346915.9461	346916.2471	0.0000	1.0000	0.3610
36sx04	1	27	1	1	2.0000	1.0000	1.0000	0.0162	NaN	NaN	NaN	346917.3826	346917.7113	1.0000	1.0000	0.0008
36sx04	1	28	1	1	1.0000	1.0000	1.0000	NaN	4.7305	4.8525	14.0934	346919.8775	346920.1785	0.0000	0.0000	1.0043
36sx04	1	28	1	1	2.0000	1.0000	-1.0000	0.7959	NaN	NaN	NaN	346921.8865	346922.2141	1.0000	0.0000	0.0827
36sx04	1	29	1	1	1.0000	1.0000	-1.0000	NaN	6.1037	-4.5327	14.4984	346924.8689	346925.1699	0.0000	1.0000	0.4872
36sx04	1	29	1	1	2.0000	1.0000	1.0000	0.6204	NaN	NaN	NaN	346926.3835	346926.7097	1.0000	1.0000	0.0171
36sx04	1	30	1	1	1.0000	1.0000	-1.0000	NaN	3.6717	-3.1082	14.5953	346929.2832	346929.5842	0.0000	1.0000	0.3586
36sx04	1	30	1	1	2.0000	1.0000	1.0000	0.3405	NaN	NaN	NaN	346930.7592	346931.0855	1.0000	1.0000	0.0006
36sx04	1	31	1	1	1.0000	1.0000	-1.0000	NaN	0.1114	-1.7973	15.1311	346933.6032	346933.9046	0.0000	1.0000	0.1762
36sx04	1	31	1	1	2.0000	1.0000	1.0000	0.3171	NaN	NaN	NaN	346934.7433	346935.0693	1.0000	1.0000	0.0352
36sx04	1	32	1	1	1.0000	1.0000	1.0000	NaN	8.9935	9.9982	16.2532	346937.4147	346937.7161	1.0000	1.0000	0.6187
36sx04	1	32	1	1	2.0000	1.0000	1.0000	0.5680	NaN	NaN	NaN	346939.0623	346939.3876	1.0000	1.0000	0.0006
36sx04	1	33	1	1	1.0000	1.0000	1.0000	NaN	4.0322	4.4419	14.7889	346941.5146	346941.8157	1.0000	1.0000	0.8250
36sx04	1	33	1	1	2.0000	1.0000	1.0000	0.8374	NaN	NaN	NaN	346943.3994	346943.7244	1.0000	1.0000	2.9801
36sx04	1	34	1	1	1.0000	1.0000	1.0000	NaN	6.8423	8.0856	15.4612	346948.7213	346949.0223	1.0000	1.0000	2.5299
36sx04	1	34	1	1	2.0000	1.0000	1.0000	0.9871	NaN	NaN	NaN	346952.3022	346952.6292	0.0000	0.0000	0.0335
36sx04	1	35	1	1	1.0000	1.0000	1.0000	NaN	7.0999	8.0416	13.5651	346955.2576	346955.5586	1.0000	1.0000	0.2332
36sx04	1	35	1	1	2.0000	1.0000	1.0000	0.5949	NaN	NaN	NaN	346956.5430	346956.8695	1.0000	1.0000	0.5294
36sx04	1	36	1	1	1.0000	1.0000	-1.0000	NaN	6.1005	-5.9432	13.4931	346960.0193	346960.3203	0.0000	1.0000	0.4006
36sx04	1	36	1	1	2.0000	1.0000	1.0000	0.7440	NaN	NaN	NaN	346961.4951	346961.8235	1.0000	1.0000	0.0168
36sx04	1	37	1	1	1.0000	1.0000	-1.0000	NaN	9.8832	-9.1489	15.9147	346964.4364	346964.7374	0.0000	1.0000	0.4633
36sx04	1	37	1	1	2.0000	1.0000	1.0000	0.4337	NaN	NaN	NaN	346965.9104	346966.2388	1.0000	1.0000	0.0006
36sx04	1	38	1	1	1.0000	1.0000	-1.0000	NaN	8.1097	-7.0210	16.1421	346968.5406	346968.8416	0.0000	1.0000	0.6933
36sx04	1	38	1	1	2.0000	1.0000	1.0000	0.9339	NaN	NaN	NaN	346970.2710	346970.5984	1.0000	1.0000	0.0006
36sx04	1	39	1	1	1.0000	1.0000	-1.0000	NaN	3.4610	-2.2031	14.0643	346972.7618	346973.0628	0.0000	1.0000	0.3937
36sx04	1	39	1	1	2.0000	1.0000	1.0000	0.0496	NaN	NaN	NaN	346974.1587	346974.4872	1.0000	1.0000	0.0009
36sx04	1	40	1	1	1.0000	1.0000	-1.0000	NaN	5.1032	-5.8920	13.7419	346976.8317	346977.1327	0.0000	1.0000	0.2363
36sx04	1	40	1	1	2.0000	1.0000	1.0000	0.6474	NaN	NaN	NaN	346978.0460	346978.3741	1.0000	1.0000	0.0416
36sx04	1	41	1	1	1.0000	1.0000	-1.0000	NaN	7.7410	-4.8860	14.4116	346981.1385	346981.4395	0.0000	1.0000	0.8073
36sx04	1	41	1	1	2.0000	1.0000	1.0000	0.6168	NaN	NaN	NaN	346982.9983	346983.3235	1.0000	1.0000	3.3473
36sx04	1	42	1	1	1.0000	1.0000	-1.0000	NaN	6.3081	-5.7116	15.2658	346988.8968	346989.1978	0.0000	1.0000	1.3945
36sx04	1	42	1	1	2.0000	1.0000	1.0000	0.0656	NaN	NaN	NaN	346991.3919	346991.7187	1.0000	1.0000	0.0007
36sx04	1	43	1	1	1.0000	1.0000	1.0000	NaN	6.4379	7.6530	15.2967	346993.9576	346994.2586	1.0000	1.0000	0.4700
36sx04	1	43	1	1	2.0000	1.0000	1.0000	0.8845	NaN	NaN	NaN	346995.4142	346995.7432	1.0000	1.0000	0.0006
36sx04	1	44	1	1	1.0000	1.0000	1.0000	NaN	8.7925	8.2891	15.0245	346998.2084	346998.5094	1.0000	1.0000	0.3637
36sx04	1	44	1	1	2.0000	1.0000	1.0000	0.8776	NaN	NaN	NaN	346999.5989	346999.9252	1.0000	1.0000	0.0006
36sx04	1	45	1	1	1.0000	1.0000	-1.0000	NaN	3.9744	-4.9423	15.0187	347002.3897	347002.6907	1.0000	0.0000	0.7654
36sx04	1	45	1	1	2.0000	1.0000	-1.0000	0.2722	NaN	NaN	NaN	347004.1680	347004.4976	1.0000	0.0000	2.1332
36sx04	1	46	1	1	1.0000	1.0000	1.0000	NaN	5.8333	3.2071	16.5772	347009.2247	347009.5257	1.0000	1.0000	0.0084
36sx04	1	46	1	1	2.0000	1.0000	1.0000	0.9570	NaN	NaN	NaN	347010.0395	347010.3659	1.0000	1.0000	0.8193
36sx04	1	47	1	1	1.0000	1.0000	-1.0000	NaN	1.1256	-0.6888	12.9886	347013.3150	347013.6160	0.0000	1.0000	0.3371
36sx04	1	47	1	1	2.0000	1.0000	1.0000	0.6998	NaN	NaN	NaN	347014.7028	347015.0327	1.0000	1.0000	0.0009
36sx04	1	48	1	1	1.0000	1.0000	-1.0000	NaN	4.5609	-5.0932	13.8368	347017.3451	347017.6461	0.0000	1.0000	0.6575
36sx04	1	48	1	1	2.0000	1.0000	1.0000	0.8597	NaN	NaN	NaN	347019.0074	347019.3336	1.0000	1.0000	0.1876
36sx04	1	49	1	1	1.0000	1.0000	1.0000	NaN	9.2968	8.6272	17.5905	347021.9645	347022.2655	1.0000	1.0000	0.3434
36sx04	1	49	1	1	2.0000	1.0000	1.0000	0.9886	NaN	NaN	NaN	347023.3264	347023.6533	1.0000	1.0000	0.0007
36sx04	1	50	1	1	1.0000	1.0000	-1.0000	NaN	9.8787	-9.5352	16.6002	347025.6481	347025.9493	0.0000	1.0000	0.2998
36sx04	1	50	1	1	2.0000	1.0000	1.0000	0.1445	NaN	NaN	NaN	347026.9665	347027.2949	1.0000	1.0000	0.0264
36sx04	2	1	1	1	1.0000	1.0000	1.0000	NaN	4.2234	4.3375	14.6210	347031.4750	347031.7759	0.0000	0.0000	1.0887
36sx04	2	1	1	1	2.0000	1.0000	-1.0000	0.8789	NaN	NaN	NaN	347033.5751	347033.9015	1.0000	0.0000	0.0997
36sx04	2	2	1	1	1.0000	1.0000	-1.0000	NaN	9.7418	-8.5479	16.3249	347036.7592	347037.0604	0.0000	1.0000	0.2265
36sx04	2	2	1	1	2.0000	1.0000	1.0000	0.8469	NaN	NaN	NaN	347038.0075	347038.3331	1.0000	1.0000	0.0657
36sx04	2	3	1	1	1.0000	1.0000	-1.0000	NaN	3.7687	-5.3950	15.7525	347040.9614	347041.2624	0.0000	1.0000	1.2651
36sx04	2	3	1	1	2.0000	1.0000	1.0000	0.5901	NaN	NaN	NaN	347043.2782	347043.6074	1.0000	1.0000	0.0007
36sx04	2	4	1	1	1.0000	1.0000	-1.0000	NaN	5.4414	-5.2219	15.7056	347045.7563	347046.0573	0.0000	1.0000	0.6554
36sx04	2	4	1	1	2.0000	1.0000	1.0000	0.3985	NaN	NaN	NaN	347047.3758	347047.7043	1.0000	1.0000	3.7192
36sx04	2	5	1	1	1.0000	1.0000	-1.0000	NaN	8.5740	-7.4177	15.8573	347053.6545	347053.9555	0.0000	1.0000	0.7729
36sx04	2	5	1	1	2.0000	1.0000	1.0000	0.0202	NaN	NaN	NaN	347055.4793	347055.8070	1.0000	1.0000	0.0007
36sx04	2	6	1	1	1.0000	1.0000	1.0000	NaN	6.9624	7.9241	14.8565	347057.8818	347058.1830	1.0000	1.0000	0.5199
36sx04	2	6	1	1	2.0000	1.0000	1.0000	0.3895	NaN	NaN	NaN	347059.4391	347059.7674	1.0000	1.0000	0.0006
36sx04	2	7	1	1	1.0000	1.0000	-1.0000	NaN	3.7715	-4.4893	14.9601	347061.8686	347062.1697	0.0000	1.0000	0.3433
36sx04	2	7	1	1	2.0000	1.0000	1.0000	0.1012	NaN	NaN	NaN	347063.2305	347063.5567	1.0000	1.0000	0.0007
36sx04	2	8	1	1	1.0000	1.0000	-1.0000	NaN	7.5946	-8.9916	14.5705	347065.7152	347066.0162	0.0000	1.0000	0.5611
36sx04	2	8	1	1	2.0000	1.0000	1.0000	0.1409	NaN	NaN	NaN	347067.2700	347067.5978	1.0000	1.0000	0.0577
36sx04	2	9	1	1	1.0000	1.0000	1.0000	NaN	0.3237	2.4280	13.8684	347069.8170	347070.1180	1.0000	1.0000	0.6350
36sx04	2	9	1	1	2.0000	1.0000	1.0000	0.1802	NaN	NaN	NaN	347071.5897	347071.9173	0.0000	0.0000	1.0920
36sx04	2	10	1	1	1.0000	1.0000	-1.0000	NaN	1.7631	-1.8514	15.0132	347075.5622	347075.8638	1.0000	0.0000	0.5920
36sx04	2	10	1	1	2.0000	1.0000	-1.0000	0.1843	NaN	NaN	NaN	347077.1824	347077.5101	1.0000	0.0000	0.5847
36sx04	2	11	1	1	1.0000	1.0000	1.0000	NaN	9.4067	11.9103	13.8518	347080.4503	347080.7513	1.0000	1.0000	0.3375
36sx04	2	11	1	1	2.0000	1.0000	1.0000	0.3777	NaN	NaN	NaN	347081.8150	347082.1415	1.0000	1.0000	0.0006
36sx04	2	12	1	1	1.0000	1.0000	1.0000	NaN	10.0291	10.9330	14.2068	347084.5327	347084.8337	1.0000	1.0000	0.2951
36sx04	2	12	1	1	2.0000	1.0000	1.0000	0.7529	NaN	NaN	NaN	347085.8474	347086.1774	1.0000	1.0000	0.0007
36sx04	2	13	1	1	1.0000	1.0000	-1.0000	NaN	7.6487	-8.9118	15.8462	347088.8864	347089.1874	0.0000	1.0000	0.9396
36sx04	2	13	1	1	2.0000	1.0000	1.0000	0.7524	NaN	NaN	NaN	347090.8309	347091.1575	0.0000	0.0000	2.8834
36sx04	2	14	1	1	1.0000	1.0000	1.0000	NaN	6.4480	6.4850	14.7584	347096.5887	347096.8897	1.0000	1.0000	0.7517
36sx04	2	14	1	1	2.0000	1.0000	1.0000	0.0620	NaN	NaN	NaN	347098.3190	347098.6471	1.0000	1.0000	1.8237
36sx04	2	15	1	1	1.0000	1.0000	1.0000	NaN	3.2543	4.1303	15.8746	347102.8594	347103.1606	0.0000	0.0000	0.6143
36sx04	2	15	1	1	2.0000	1.0000	-1.0000	0.5077	NaN	NaN	NaN	347104.6711	347104.9988	1.0000	0.0000	1.4584
36sx04	2	16	1	1	1.0000	1.0000	1.0000	NaN	6.5354	8.7142	17.3897	347109.0973	347109.3983	0.0000	0.0000	0.4005
36sx04	2	16	1	1	2.0000	1.0000	-1.0000	0.4145	NaN	NaN	NaN	347110.6551	347110.9831	1.0000	0.0000	0.1517
36sx04	2	17	1	1	1.0000	1.0000	-1.0000	NaN	7.1817	-7.0989	15.6609	347113.9832	347114.2844	0.0000	1.0000	0.3784
36sx04	2	17	1	1	2.0000	1.0000	1.0000	0.4757	NaN	NaN	NaN	347115.4546	347115.7817	1.0000	1.0000	0.0811
36sx04	2	18	1	1	1.0000	1.0000	-1.0000	NaN	5.5325	-4.9529	13.6029	347118.5147	347118.8159	0.0000	1.0000	0.9126
36sx04	2	18	1	1	2.0000	1.0000	1.0000	0.6166	NaN	NaN	NaN	347120.5114	347120.8372	1.0000	1.0000	2.0444
36sx04	2	19	1	1	1.0000	1.0000	-1.0000	NaN	0.8667	-0.2725	15.5221	347125.3141	347125.6152	0.0000	1.0000	0.5049
36sx04	2	19	1	1	2.0000	1.0000	1.0000	0.9998	NaN	NaN	NaN	347126.9428	347127.2689	1.0000	1.0000	0.1792
36sx04	2	20	1	1	1.0000	1.0000	1.0000	NaN	9.3796	9.7890	14.1461	347129.8105	347130.1116	1.0000	1.0000	1.6393
36sx04	2	20	1	1	2.0000	1.0000	1.0000	0.6588	NaN	NaN	NaN	347132.4144	347132.7441	0.0000	0.0000	0.3988
36sx04	2	21	1	1	1.0000	1.0000	1.0000	NaN	5.2617	4.9408	14.7186	347135.7162	347136.0171	0.0000	0.0000	0.6305
36sx04	2	21	1	1	2.0000	1.0000	-1.0000	0.2033	NaN	NaN	NaN	347137.4144	347137.7403	1.0000	0.0000	0.0504
36sx04	2	22	1	1	1.0000	1.0000	-1.0000	NaN	2.4387	-3.2552	14.5800	347140.2018	347140.5028	0.0000	1.0000	0.3536
36sx04	2	22	1	1	2.0000	1.0000	1.0000	0.6614	NaN	NaN	NaN	347141.6388	347141.9652	1.0000	1.0000	0.1554
36sx04	2	23	1	1	1.0000	1.0000	1.0000	NaN	0.2227	2.1590	15.1009	347144.6142	347144.9154	0.0000	0.0000	0.6120
36sx04	2	23	1	1	2.0000	1.0000	-1.0000	0.6215	NaN	NaN	NaN	347146.2867	347146.6128	1.0000	0.0000	0.1241
36sx04	2	24	1	1	1.0000	1.0000	-1.0000	NaN	8.6364	-6.5983	15.8494	347148.9253	347149.2263	0.0000	1.0000	0.6607
36sx04	2	24	1	1	2.0000	1.0000	1.0000	0.0366	NaN	NaN	NaN	347150.6468	347150.9749	1.0000	1.0000	0.1438
36sx04	2	25	1	1	1.0000	1.0000	-1.0000	NaN	2.4018	-1.3240	14.6636	347153.6509	347153.9519	1.0000	0.0000	3.5293
36sx04	2	25	1	1	2.0000	1.0000	-1.0000	0.1901	NaN	NaN	NaN	347158.3428	347158.6689	0.0000	1.0000	0.3395
36sx04	2	26	1	1	1.0000	1.0000	-1.0000	NaN	9.6426	-10.0574	14.8465	347161.6197	347161.9206	0.0000	1.0000	0.3444
36sx04	2	26	1	1	2.0000	1.0000	1.0000	0.7291	NaN	NaN	NaN	347163.1105	347163.4364	1.0000	1.0000	0.4602
36sx04	2	27	1	1	1.0000	1.0000	-1.0000	NaN	9.6964	-11.3173	13.4712	347166.1465	347166.4475	0.0000	1.0000	0.3120
36sx04	2	27	1	1	2.0000	1.0000	1.0000	0.6915	NaN	NaN	NaN	347167.6715	347167.9987	1.0000	1.0000	0.6001
36sx04	2	28	1	1	1.0000	1.0000	1.0000	NaN	7.1144	7.4312	14.1421	347171.1967	347171.4977	0.0000	0.0000	0.9765
36sx04	2	28	1	1	2.0000	1.0000	-1.0000	0.1234	NaN	NaN	NaN	347173.3186	347173.6448	1.0000	0.0000	0.1161
36sx04	2	29	1	1	1.0000	1.0000	1.0000	NaN	7.5135	7.4306	14.7886	347176.2617	347176.5627	1.0000	1.0000	0.2621
36sx04	2	29	1	1	2.0000	1.0000	1.0000	0.9895	NaN	NaN	NaN	347177.7033	347178.0287	1.0000	1.0000	0.9717
36sx04	2	30	1	1	1.0000	1.0000	-1.0000	NaN	10.0073	-10.0508	15.1394	347181.9120	347182.2130	0.0000	1.0000	0.3139
36sx04	2	30	1	1	2.0000	1.0000	1.0000	0.4865	NaN	NaN	NaN	347183.3191	347183.6467	1.0000	1.0000	0.9202
36sx04	2	31	1	1	1.0000	1.0000	-1.0000	NaN	4.5331	-2.7405	14.2231	347187.1629	347187.4638	0.0000	1.0000	0.7349
36sx04	2	31	1	1	2.0000	1.0000	1.0000	0.7821	NaN	NaN	NaN	347189.1586	347189.4854	1.0000	1.0000	0.1154
36sx04	2	32	1	1	1.0000	1.0000	1.0000	NaN	1.7835	3.2325	14.9522	347191.7015	347192.0024	0.0000	0.0000	0.3892
36sx04	2	32	1	1	2.0000	1.0000	-1.0000	0.3461	NaN	NaN	NaN	347193.2945	347193.6229	1.0000	0.0000	0.1440
36sx04	2	33	1	1	1.0000	1.0000	1.0000	NaN	7.0814	8.0138	14.6473	347196.1717	347196.4727	1.0000	1.0000	0.2622
36sx04	2	33	1	1	2.0000	1.0000	1.0000	0.0621	NaN	NaN	NaN	347197.5109	347197.8426	1.0000	1.0000	1.3265
36sx04	2	34	1	1	1.0000	1.0000	1.0000	NaN	6.2421	4.8843	13.9499	347201.3160	347201.6174	0.0000	0.0000	0.8635
36sx04	2	34	1	1	2.0000	1.0000	-1.0000	0.0036	NaN	NaN	NaN	347203.2945	347203.6197	0.0000	1.0000	2.9712
36sx04	2	35	1	1	1.0000	1.0000	-1.0000	NaN	6.1388	-2.8656	14.5411	347209.1018	347209.4028	0.0000	1.0000	0.3246
36sx04	2	35	1	1	2.0000	1.0000	1.0000	0.9276	NaN	NaN	NaN	347210.5028	347210.8296	1.0000	1.0000	0.2430
36sx04	2	36	1	1	1.0000	1.0000	-1.0000	NaN	9.0906	-7.8387	13.8895	347213.4511	347213.7520	0.0000	1.0000	0.2563
36sx04	2	36	1	1	2.0000	1.0000	1.0000	0.2316	NaN	NaN	NaN	347214.8953	347215.2229	0.0000	0.0000	1.2018
36sx04	2	37	1	1	1.0000	1.0000	1.0000	NaN	9.5893	10.3398	13.6719	347218.9234	347219.2244	1.0000	1.0000	1.0647
36sx04	2	37	1	1	2.0000	1.0000	1.0000	0.4995	NaN	NaN	NaN	347221.0945	347221.4250	1.0000	1.0000	0.0157
36sx04	2	38	1	1	1.0000	1.0000	-1.0000	NaN	0.3157	-3.3967	15.0291	347224.0093	347224.3102	0.0000	1.0000	0.3864
36sx04	2	38	1	1	2.0000	1.0000	1.0000	0.8352	NaN	NaN	NaN	347225.5347	347225.8638	1.0000	1.0000	0.2656
36sx04	2	39	1	1	1.0000	1.0000	-1.0000	NaN	3.5732	-4.6466	15.0047	347229.0237	347229.3251	0.0000	1.0000	0.1493
36sx04	2	39	1	1	2.0000	1.0000	1.0000	0.8048	NaN	NaN	NaN	347230.2790	347230.6052	1.0000	1.0000	0.4257
36sx04	2	40	1	1	1.0000	1.0000	1.0000	NaN	1.0225	3.5065	13.5971	347233.5071	347233.8081	1.0000	1.0000	0.2466
36sx04	2	40	1	1	2.0000	1.0000	1.0000	0.5941	NaN	NaN	NaN	347234.8468	347235.1730	1.0000	1.0000	0.1698
36sx04	2	41	1	1	1.0000	1.0000	-1.0000	NaN	7.8285	-6.0589	15.0777	347237.6093	347237.9109	0.0000	1.0000	0.3200
36sx04	2	41	1	1	2.0000	1.0000	1.0000	0.3169	NaN	NaN	NaN	347239.0627	347239.3883	1.0000	1.0000	0.4666
36sx04	2	42	1	1	1.0000	1.0000	1.0000	NaN	3.2745	1.1028	15.5210	347242.3383	347242.6394	1.0000	1.0000	1.0420
36sx04	2	42	1	1	2.0000	1.0000	1.0000	0.9650	NaN	NaN	NaN	347244.4868	347244.8143	1.0000	1.0000	0.1628
36sx04	2	43	1	1	1.0000	1.0000	-1.0000	NaN	4.6045	-5.9016	14.6119	347247.4128	347247.7138	0.0000	1.0000	0.2451
36sx04	2	43	1	1	2.0000	1.0000	1.0000	0.2832	NaN	NaN	NaN	347248.7746	347249.1012	1.0000	1.0000	0.1799
36sx04	2	44	1	1	1.0000	1.0000	1.0000	NaN	5.3280	6.0138	14.8342	347251.5429	347251.8439	1.0000	1.0000	1.3965
36sx04	2	44	1	1	2.0000	1.0000	1.0000	0.1008	NaN	NaN	NaN	347254.0865	347254.4143	1.0000	1.0000	0.0108
36sx04	2	45	1	1	1.0000	1.0000	-1.0000	NaN	4.4270	-6.3104	13.2663	347256.6666	347256.9676	0.0000	1.0000	0.2253
36sx04	2	45	1	1	2.0000	1.0000	1.0000	0.8425	NaN	NaN	NaN	347258.0636	347258.3919	1.0000	1.0000	3.6810
36sx04	2	46	1	1	1.0000	1.0000	1.0000	NaN	4.1645	4.2300	15.0957	347264.4093	347264.7102	1.0000	1.0000	0.2486
36sx04	2	46	1	1	2.0000	1.0000	1.0000	0.3894	NaN	NaN	NaN	347265.7591	347266.0875	1.0000	1.0000	0.1058
36sx04	2	47	1	1	1.0000	1.0000	-1.0000	NaN	9.5041	-8.9562	14.1410	347268.7112	347269.0122	0.0000	1.0000	0.1961
36sx04	2	47	1	1	2.0000	1.0000	1.0000	0.2596	NaN	NaN	NaN	347270.1906	347270.5181	1.0000	1.0000	0.3874
36sx04	2	48	1	1	1.0000	1.0000	1.0000	NaN	8.8126	7.3934	15.7806	347273.4392	347273.7406	1.0000	1.0000	0.0439
36sx04	2	48	1	1	2.0000	1.0000	1.0000	0.2543	NaN	NaN	NaN	347274.5667	347274.8942	0.0000	0.0000	0.6992
36sx04	2	49	1	1	1.0000	1.0000	-1.0000	NaN	9.1122	-9.9216	16.5357	347277.8222	347278.1232	0.0000	1.0000	0.4197
36sx04	2	49	1	1	2.0000	1.0000	1.0000	0.1713	NaN	NaN	NaN	347279.3434	347279.6693	1.0000	1.0000	0.1477
36sx04	2	50	1	1	1.0000	1.0000	1.0000	NaN	4.5256	3.6081	16.8513	347282.1861	347282.4872	0.0000	0.0000	1.3761
36sx04	2	50	1	1	2.0000	1.0000	-1.0000	0.2752	NaN	NaN	NaN	347284.5352	347284.8623	0.0000	1.0000	3.5141
36sx04	3	1	1	1	1.0000	1.0000	1.0000	NaN	4.9182	5.1915	14.8285	347292.1057	347292.4068	1.0000	1.0000	0.8482
36sx04	3	1	1	1	2.0000	1.0000	1.0000	0.2319	NaN	NaN	NaN	347293.9917	347294.3175	1.0000	1.0000	0.0006
36sx04	3	2	1	1	1.0000	1.0000	1.0000	NaN	8.0105	6.6010	14.2832	347296.6237	347296.9249	1.0000	1.0000	0.5779
36sx04	3	2	1	1	2.0000	1.0000	1.0000	0.6173	NaN	NaN	NaN	347298.2235	347298.5503	1.0000	1.0000	0.0006
36sx04	3	3	1	1	1.0000	1.0000	-1.0000	NaN	9.0419	-9.0044	13.5360	347300.8172	347301.1182	0.0000	1.0000	0.3228
36sx04	3	3	1	1	2.0000	1.0000	1.0000	0.3577	NaN	NaN	NaN	347302.2863	347302.6120	1.0000	1.0000	0.6689
36sx04	3	4	1	1	1.0000	1.0000	-1.0000	NaN	3.6032	-3.5433	15.2738	347305.5044	347305.8054	0.0000	1.0000	0.2989
36sx04	3	4	1	1	2.0000	1.0000	1.0000	0.5622	NaN	NaN	NaN	347306.8865	347307.2138	1.0000	1.0000	0.5869
36sx04	3	5	1	1	1.0000	1.0000	1.0000	NaN	8.5532	9.7615	14.3534	347310.0957	347310.3967	1.0000	1.0000	2.4997
36sx04	3	5	1	1	2.0000	1.0000	1.0000	0.3215	NaN	NaN	NaN	347313.5741	347313.9015	0.0000	0.0000	0.5948
36sx04	3	6	1	1	1.0000	1.0000	1.0000	NaN	7.9173	10.1877	16.9022	347317.1386	347317.4396	1.0000	1.0000	1.3043
36sx04	3	6	1	1	2.0000	1.0000	1.0000	0.1456	NaN	NaN	NaN	347319.5590	347319.8858	1.0000	1.0000	0.0006
36sx04	3	7	1	1	1.0000	1.0000	1.0000	NaN	1.1760	3.2150	16.3017	347322.6718	347322.9728	0.0000	0.0000	1.4764
36sx04	3	7	1	1	2.0000	1.0000	-1.0000	0.5573	NaN	NaN	NaN	347325.2707	347325.5977	1.0000	0.0000	0.2427
36sx04	3	8	1	1	1.0000	1.0000	-1.0000	NaN	1.2087	-1.1101	14.8342	347328.1125	347328.4135	1.0000	0.0000	0.8438
36sx04	3	8	1	1	2.0000	1.0000	-1.0000	0.2740	NaN	NaN	NaN	347330.0543	347330.3792	1.0000	0.0000	0.2772
36sx04	3	9	1	1	1.0000	1.0000	1.0000	NaN	2.2103	3.6065	14.4874	347332.8363	347333.1373	1.0000	1.0000	0.6936
36sx04	3	9	1	1	2.0000	1.0000	1.0000	0.0868	NaN	NaN	NaN	347334.5906	347334.9160	1.0000	1.0000	0.0927
36sx04	3	10	1	1	1.0000	1.0000	-1.0000	NaN	6.6711	-7.0584	15.1095	347337.2034	347337.5046	0.0000	1.0000	0.6410
36sx04	3	10	1	1	2.0000	1.0000	1.0000	0.3380	NaN	NaN	NaN	347338.9504	347339.2772	1.0000	1.0000	0.6203
36sx04	3	11	1	1	1.0000	1.0000	1.0000	NaN	4.9180	6.7326	15.2967	347342.7812	347343.0822	1.0000	1.0000	0.2861
36sx04	3	11	1	1	2.0000	1.0000	1.0000	0.2021	NaN	NaN	NaN	347344.1670	347344.4932	1.0000	1.0000	1.4363
36sx04	3	12	1	1	1.0000	1.0000	1.0000	NaN	1.8240	2.7876	16.0993	347348.1277	347348.4289	0.0000	0.0000	0.7965
36sx04	3	12	1	1	2.0000	1.0000	-1.0000	0.9246	NaN	NaN	NaN	347349.9906	347350.3156	0.0000	1.0000	1.4994
36sx04	3	13	1	1	1.0000	1.0000	1.0000	NaN	7.1344	8.0307	14.7825	347353.9914	347354.2924	1.0000	1.0000	0.2985
36sx04	3	13	1	1	2.0000	1.0000	1.0000	0.7302	NaN	NaN	NaN	347355.3588	347355.6871	1.0000	1.0000	0.2716
36sx04	3	14	1	1	1.0000	1.0000	1.0000	NaN	5.8742	5.7388	13.8638	347358.5365	347358.8375	1.0000	1.0000	0.2974
36sx04	3	14	1	1	2.0000	1.0000	1.0000	0.9899	NaN	NaN	NaN	347359.9825	347360.3088	1.0000	1.0000	1.7781
36sx04	3	15	1	1	1.0000	1.0000	1.0000	NaN	10.1917	9.9238	15.6143	347364.3457	347364.6467	1.0000	1.0000	0.2643
36sx04	3	15	1	1	2.0000	1.0000	1.0000	0.0059	NaN	NaN	NaN	347365.6626	347365.9895	1.0000	1.0000	2.9077
36sx04	3	16	1	1	1.0000	1.0000	1.0000	NaN	2.3443	2.8360	14.6847	347371.3813	347371.6823	0.0000	0.0000	1.5980
36sx04	3	16	1	1	2.0000	1.0000	-1.0000	0.1331	NaN	NaN	NaN	347374.0470	347374.3750	1.0000	0.0000	0.1198
36sx04	3	17	1	1	1.0000	1.0000	-1.0000	NaN	1.7551	-0.8901	14.2328	347376.9973	347377.2984	1.0000	0.0000	0.2142
36sx04	3	17	1	1	2.0000	1.0000	-1.0000	0.4022	NaN	NaN	NaN	347378.3045	347378.6323	1.0000	0.0000	0.1843
36sx04	3	18	1	1	1.0000	1.0000	1.0000	NaN	1.3698	2.5024	14.4553	347380.9016	347381.2028	0.0000	0.0000	1.2466
36sx04	3	18	1	1	2.0000	1.0000	-1.0000	0.7631	NaN	NaN	NaN	347383.2305	347383.5572	1.0000	0.0000	0.0276
36sx04	3	19	1	1	1.0000	1.0000	1.0000	NaN	7.1753	7.1739	13.2502	347385.9824	347386.2835	0.0000	0.0000	0.3418
36sx04	3	19	1	1	2.0000	1.0000	-1.0000	0.1414	NaN	NaN	NaN	347387.3822	347387.7072	1.0000	0.0000	0.4859
36sx04	3	20	1	1	1.0000	1.0000	-1.0000	NaN	9.2896	-10.4923	13.6248	347391.0011	347391.3023	0.0000	1.0000	0.2167
36sx04	3	20	1	1	2.0000	1.0000	1.0000	0.8470	NaN	NaN	NaN	347392.2145	347392.5393	1.0000	1.0000	0.0042
36sx04	3	21	1	1	1.0000	1.0000	1.0000	NaN	5.1054	6.7323	16.0384	347394.6544	347394.9554	1.0000	1.0000	0.7097
36sx04	3	21	1	1	2.0000	1.0000	1.0000	0.5143	NaN	NaN	NaN	347396.3668	347396.6929	0.0000	0.0000	0.5647
36sx04	3	22	1	1	1.0000	1.0000	-1.0000	NaN	5.7253	-4.7874	14.9609	347400.0829	347400.3840	1.0000	0.0000	0.0086
36sx04	3	22	1	1	2.0000	1.0000	-1.0000	0.4902	NaN	NaN	NaN	347400.9660	347401.2961	0.0000	1.0000	0.1590
36sx04	3	23	1	1	1.0000	1.0000	-1.0000	NaN	5.3647	-6.5896	15.3655	347403.9625	347404.2638	0.0000	1.0000	0.4979
36sx04	3	23	1	1	2.0000	1.0000	1.0000	0.3356	NaN	NaN	NaN	347405.4388	347405.7670	1.0000	1.0000	0.0504
36sx04	3	24	1	1	1.0000	1.0000	1.0000	NaN	5.6194	5.5618	13.6910	347408.2380	347408.5392	0.0000	0.0000	0.3503
36sx04	3	24	1	1	2.0000	1.0000	-1.0000	0.1380	NaN	NaN	NaN	347409.6465	347409.9728	1.0000	0.0000	0.1622
36sx04	3	25	1	1	1.0000	1.0000	1.0000	NaN	2.6750	1.7759	16.1466	347412.1258	347412.4270	1.0000	1.0000	4.9344
36sx04	3	25	1	1	2.0000	1.0000	1.0000	0.2312	NaN	NaN	NaN	347418.0314	347418.3585	1.0000	1.0000	1.2886
36sx04	3	26	1	1	1.0000	1.0000	1.0000	NaN	9.9126	10.9917	16.3114	347421.8991	347422.2002	1.0000	1.0000	0.3670
36sx04	3	26	1	1	2.0000	1.0000	1.0000	0.5265	NaN	NaN	NaN	347423.2230	347423.5476	1.0000	1.0000	0.1019
36sx04	3	27	1	1	1.0000	1.0000	-1.0000	NaN	9.1007	-8.3840	15.6159	347426.3217	347426.6227	0.0000	1.0000	0.4021
36sx04	3	27	1	1	2.0000	1.0000	1.0000	0.0985	NaN	NaN	NaN	347427.8789	347428.2072	1.0000	1.0000	0.6264
36sx04	3	28	1	1	1.0000	1.0000	1.0000	NaN	3.9824	1.7386	15.1166	347431.2536	347431.5546	0.0000	0.0000	1.1973
36sx04	3	28	1	1	2.0000	1.0000	-1.0000	0.2510	NaN	NaN	NaN	347433.5033	347433.8329	1.0000	0.0000	0.0325
36sx04	3	29	1	1	1.0000	1.0000	1.0000	NaN	9.0447	7.8958	15.5509	347436.1031	347436.4041	1.0000	1.0000	0.8934
36sx04	3	29	1	1	2.0000	1.0000	1.0000	0.5379	NaN	NaN	NaN	347438.0390	347438.3656	1.0000	1.0000	0.5074
36sx04	3	30	1	1	1.0000	1.0000	1.0000	NaN	8.5032	7.0155	17.6765	347441.7030	347442.0039	1.0000	1.0000	0.3150
36sx04	3	30	1	1	2.0000	1.0000	1.0000	0.0340	NaN	NaN	NaN	347443.1186	347443.4451	1.0000	1.0000	1.7881
36sx04	3	31	1	1	1.0000	1.0000	1.0000	NaN	10.1751	11.2009	14.9553	347447.5160	347447.8172	1.0000	1.0000	0.4159
36sx04	3	31	1	1	2.0000	1.0000	1.0000	0.9331	NaN	NaN	NaN	347449.1272	347449.4557	1.0000	1.0000	0.2959
36sx04	3	32	1	1	1.0000	1.0000	-1.0000	NaN	9.1970	-8.9536	16.0725	347452.7811	347453.0827	1.0000	0.0000	0.5021
36sx04	3	32	1	1	2.0000	1.0000	-1.0000	0.7435	NaN	NaN	NaN	347454.3668	347454.6952	0.0000	1.0000	0.1297
36sx04	3	33	1	1	1.0000	1.0000	1.0000	NaN	5.5809	5.7421	14.9959	347457.4950	347457.7961	1.0000	1.0000	0.2610
36sx04	3	33	1	1	2.0000	1.0000	1.0000	0.1849	NaN	NaN	NaN	347458.8464	347459.1725	1.0000	1.0000	0.0847
36sx04	3	34	1	1	1.0000	1.0000	-1.0000	NaN	4.3684	-3.3909	14.2451	347462.0311	347462.3321	0.0000	1.0000	0.7149
36sx04	3	34	1	1	2.0000	1.0000	1.0000	0.3773	NaN	NaN	NaN	347463.8786	347464.2058	1.0000	1.0000	1.1291
36sx04	3	35	1	1	1.0000	1.0000	1.0000	NaN	6.6024	5.9525	14.5236	347467.7313	347468.0323	0.0000	0.0000	0.7050
36sx04	3	35	1	1	2.0000	1.0000	-1.0000	0.6208	NaN	NaN	NaN	347469.5190	347469.8456	1.0000	0.0000	0.3708
36sx04	3	36	1	1	1.0000	1.0000	-1.0000	NaN	4.6373	-4.7983	14.6966	347472.5465	347472.8475	0.0000	1.0000	0.2817
36sx04	3	36	1	1	2.0000	1.0000	1.0000	0.7626	NaN	NaN	NaN	347473.8780	347474.2046	1.0000	1.0000	0.3400
36sx04	3	37	1	1	1.0000	1.0000	-1.0000	NaN	3.3235	-3.4977	15.2682	347476.8045	347477.1055	0.0000	1.0000	0.5581
36sx04	3	37	1	1	2.0000	1.0000	1.0000	0.5285	NaN	NaN	NaN	347478.3824	347478.7098	1.0000	1.0000	0.1541
36sx04	3	38	1	1	1.0000	1.0000	1.0000	NaN	5.8424	4.4054	15.3870	347481.3194	347481.6207	1.0000	1.0000	0.3724
36sx04	3	38	1	1	2.0000	1.0000	1.0000	0.6234	NaN	NaN	NaN	347482.7102	347483.0361	1.0000	1.0000	0.0524
36sx04	3	39	1	1	1.0000	1.0000	-1.0000	NaN	7.9980	-6.3682	15.5295	347485.4673	347485.7682	0.0000	1.0000	1.0010
36sx04	3	39	1	1	2.0000	1.0000	1.0000	0.1418	NaN	NaN	NaN	347487.4948	347487.8218	1.0000	1.0000	0.0677
36sx04	3	40	1	1	1.0000	1.0000	1.0000	NaN	3.0534	3.5903	15.4235	347490.4766	347490.7776	0.0000	0.0000	0.4154
36sx04	3	40	1	1	2.0000	1.0000	-1.0000	0.7827	NaN	NaN	NaN	347491.9190	347492.2449	1.0000	0.0000	0.0006
36sx04	3	41	1	1	1.0000	1.0000	1.0000	NaN	1.5973	0.6807	15.9189	347495.0283	347495.3294	1.0000	1.0000	0.3014
36sx04	3	41	1	1	2.0000	1.0000	1.0000	0.2402	NaN	NaN	NaN	347496.3827	347496.7101	0.0000	0.0000	0.1608
36sx04	3	42	1	1	1.0000	1.0000	-1.0000	NaN	6.4482	-6.6394	17.0395	347499.1465	347499.4474	0.0000	1.0000	0.4396
36sx04	3	42	1	1	2.0000	1.0000	1.0000	0.3709	NaN	NaN	NaN	347500.5906	347500.9172	1.0000	1.0000	0.0514
36sx04	3	43	1	1	1.0000	1.0000	-1.0000	NaN	7.3045	-8.2228	15.1466	347503.2909	347503.5919	0.0000	1.0000	0.2711
36sx04	3	43	1	1	2.0000	1.0000	1.0000	0.3100	NaN	NaN	NaN	347504.6306	347504.9578	1.0000	1.0000	0.1468
36sx04	3	44	1	1	1.0000	1.0000	-1.0000	NaN	8.7956	-11.0225	15.4322	347507.5415	347507.8425	0.0000	1.0000	0.3979
36sx04	3	44	1	1	2.0000	1.0000	1.0000	0.7883	NaN	NaN	NaN	347509.0866	347509.4128	1.0000	1.0000	0.0820
36sx04	3	45	1	1	1.0000	1.0000	-1.0000	NaN	0.6811	-3.0969	14.0863	347511.6270	347511.9280	0.0000	1.0000	0.4808
36sx04	3	45	1	1	2.0000	1.0000	1.0000	0.3603	NaN	NaN	NaN	347513.1839	347513.5108	1.0000	1.0000	0.2002
36sx04	3	46	1	1	1.0000	1.0000	-1.0000	NaN	8.8755	-8.6303	16.0622	347515.9093	347516.2104	0.0000	1.0000	0.6686
36sx04	3	46	1	1	2.0000	1.0000	1.0000	0.5472	NaN	NaN	NaN	347517.6629	347517.9893	1.0000	1.0000	2.7794
36sx04	3	47	1	1	1.0000	1.0000	-1.0000	NaN	8.2350	-7.6377	14.9026	347523.2314	347523.5330	0.0000	1.0000	0.1722
36sx04	3	47	1	1	2.0000	1.0000	1.0000	0.3603	NaN	NaN	NaN	347524.3677	347524.6941	1.0000	1.0000	0.2169
36sx04	3	48	1	1	1.0000	1.0000	-1.0000	NaN	9.8531	-12.4081	15.7398	347526.9831	347527.2841	0.0000	1.0000	0.1891
36sx04	3	48	1	1	2.0000	1.0000	1.0000	0.2150	NaN	NaN	NaN	347528.2393	347528.5672	1.0000	1.0000	0.1299
36sx04	3	49	1	1	1.0000	1.0000	-1.0000	NaN	9.8768	-10.6836	15.4269	347531.1796	347531.4808	0.0000	1.0000	0.3991
36sx04	3	49	1	1	2.0000	1.0000	1.0000	0.6446	NaN	NaN	NaN	347532.7504	347533.0782	1.0000	1.0000	0.0488
36sx04	3	50	1	1	1.0000	1.0000	1.0000	NaN	5.1542	4.1081	15.1548	347535.7636	347536.0646	0.0000	0.0000	0.4720
36sx04	3	50	1	1	2.0000	1.0000	-1.0000	0.7343	NaN	NaN	NaN	347537.3193	347537.6453	1.0000	0.0000	0.3240
36sx04	4	1	1	1	1.0000	1.0000	-1.0000	NaN	4.9455	-3.8497	14.8203	347542.0086	347542.3096	0.0000	1.0000	0.2253
36sx04	4	1	1	1	2.0000	1.0000	1.0000	0.7326	NaN	NaN	NaN	347543.2714	347543.5986	1.0000	1.0000	0.0007
36sx04	4	2	1	1	1.0000	1.0000	-1.0000	NaN	0.2801	-0.8610	14.5183	347545.6912	347545.9922	0.0000	1.0000	0.1921
36sx04	4	2	1	1	2.0000	1.0000	1.0000	0.4737	NaN	NaN	NaN	347546.8967	347547.2248	1.0000	1.0000	0.0006
36sx04	4	3	1	1	1.0000	1.0000	1.0000	NaN	7.9275	6.8396	14.7606	347549.3183	347549.6193	1.0000	1.0000	0.2758
36sx04	4	3	1	1	2.0000	1.0000	1.0000	0.2812	NaN	NaN	NaN	347550.5746	347550.9012	1.0000	1.0000	1.1640
36sx04	4	4	1	1	1.0000	1.0000	-1.0000	NaN	7.6193	-8.0532	16.5719	347554.1970	347554.4980	0.0000	1.0000	0.4529
36sx04	4	4	1	1	2.0000	1.0000	1.0000	0.0410	NaN	NaN	NaN	347555.6231	347555.9525	1.0000	1.0000	0.0006
36sx04	4	5	1	1	1.0000	1.0000	1.0000	NaN	2.4663	3.4549	14.0844	347558.3115	347558.6126	0.0000	0.0000	0.5482
36sx04	4	5	1	1	2.0000	1.0000	-1.0000	0.1442	NaN	NaN	NaN	347559.8637	347560.1910	1.0000	0.0000	0.0006
36sx04	4	6	1	1	1.0000	1.0000	1.0000	NaN	8.7385	10.7182	15.3671	347562.1405	347562.4416	1.0000	1.0000	0.2153
36sx04	4	6	1	1	2.0000	1.0000	1.0000	0.8338	NaN	NaN	NaN	347563.3431	347563.6701	1.0000	1.0000	2.3288
36sx04	4	7	1	1	1.0000	1.0000	1.0000	NaN	2.9849	2.8134	13.9856	347568.0738	347568.3749	0.0000	0.0000	0.3624
36sx04	4	7	1	1	2.0000	1.0000	-1.0000	0.9519	NaN	NaN	NaN	347569.5028	347569.8300	1.0000	0.0000	2.8891
36sx04	4	8	1	1	1.0000	1.0000	1.0000	NaN	6.2783	6.9299	17.1304	347575.3906	347575.6916	1.0000	1.0000	3.7827
36sx04	4	8	1	1	2.0000	1.0000	1.0000	0.8049	NaN	NaN	NaN	347580.1986	347580.5272	0.0000	0.0000	0.0007
36sx04	4	9	1	1	1.0000	1.0000	1.0000	NaN	8.9483	9.6414	15.3563	347582.6530	347582.9540	1.0000	1.0000	1.5411
36sx04	4	9	1	1	2.0000	1.0000	1.0000	0.7679	NaN	NaN	NaN	347585.1915	347585.5181	1.0000	1.0000	0.0007
36sx04	4	10	1	1	1.0000	1.0000	1.0000	NaN	3.8499	3.7073	14.4307	347587.9893	347588.2903	0.0000	0.0000	1.5590
36sx04	4	10	1	1	2.0000	1.0000	-1.0000	0.1665	NaN	NaN	NaN	347590.5905	347590.9157	1.0000	0.0000	0.3805
36sx04	4	11	1	1	1.0000	1.0000	1.0000	NaN	8.2076	7.2211	15.6331	347593.7499	347594.0509	0.0000	0.0000	1.0620
36sx04	4	11	1	1	2.0000	1.0000	-1.0000	0.7045	NaN	NaN	NaN	347595.8381	347596.1644	1.0000	0.0000	0.7705
36sx04	4	12	1	1	1.0000	1.0000	1.0000	NaN	8.0770	8.7326	13.4874	347599.1496	347599.4508	1.0000	1.0000	0.3883
36sx04	4	12	1	1	2.0000	1.0000	1.0000	0.8273	NaN	NaN	NaN	347600.5272	347600.8546	1.0000	1.0000	0.1047
36sx04	4	13	1	1	1.0000	1.0000	-1.0000	NaN	8.0023	-8.0296	14.6260	347603.7528	347604.0540	0.0000	1.0000	0.3797
36sx04	4	13	1	1	2.0000	1.0000	1.0000	0.0600	NaN	NaN	NaN	347605.1274	347605.4537	1.0000	1.0000	0.5550
36sx04	4	14	1	1	1.0000	1.0000	1.0000	NaN	8.3993	6.3717	15.1994	347608.0461	347608.3471	1.0000	1.0000	0.3261
36sx04	4	14	1	1	2.0000	1.0000	1.0000	0.3128	NaN	NaN	NaN	347609.4146	347609.7411	1.0000	1.0000	0.0500
36sx04	4	15	1	1	1.0000	1.0000	1.0000	NaN	6.7222	7.1691	15.1764	347612.5071	347612.8081	1.0000	1.0000	0.4007
36sx04	4	15	1	1	2.0000	1.0000	1.0000	0.3839	NaN	NaN	NaN	347613.9199	347614.2469	1.0000	1.0000	0.0416
36sx04	4	16	1	1	1.0000	1.0000	-1.0000	NaN	0.6214	-1.6160	16.4902	347616.9210	347617.2223	0.0000	1.0000	0.5462
36sx04	4	16	1	1	2.0000	1.0000	1.0000	0.2943	NaN	NaN	NaN	347618.5188	347618.8449	1.0000	1.0000	0.0007
36sx04	4	17	1	1	1.0000	1.0000	1.0000	NaN	8.2833	7.4842	13.1925	347620.8994	347621.2004	1.0000	1.0000	1.1426
36sx04	4	17	1	1	2.0000	1.0000	1.0000	0.6401	NaN	NaN	NaN	347623.0950	347623.4212	1.0000	1.0000	0.2914
36sx04	4	18	1	1	1.0000	1.0000	-1.0000	NaN	9.8763	-9.7593	16.5610	347626.1440	347626.4450	0.0000	1.0000	0.4522
36sx04	4	18	1	1	2.0000	1.0000	1.0000	0.6673	NaN	NaN	NaN	347627.6311	347627.9596	1.0000	1.0000	0.0006
36sx04	4	19	1	1	1.0000	1.0000	-1.0000	NaN	9.0444	-10.8634	14.7068	347630.3864	347630.6875	0.0000	1.0000	0.1374
36sx04	4	19	1	1	2.0000	1.0000	1.0000	0.9396	NaN	NaN	NaN	347631.5113	347631.8384	1.0000	1.0000	0.5072
36sx04	4	20	1	1	1.0000	1.0000	-1.0000	NaN	1.5824	-1.7152	15.4950	347634.9993	347635.3010	0.0000	1.0000	0.2585
36sx04	4	20	1	1	2.0000	1.0000	1.0000	0.3883	NaN	NaN	NaN	347636.2547	347636.5816	1.0000	1.0000	0.1154
36sx04	4	21	1	1	1.0000	1.0000	1.0000	NaN	0.8918	0.9076	16.0655	347639.3377	347639.6387	0.0000	0.0000	0.2585
36sx04	4	21	1	1	2.0000	1.0000	-1.0000	0.0942	NaN	NaN	NaN	347640.6473	347640.9744	1.0000	0.0000	0.3867
36sx04	4	22	1	1	1.0000	1.0000	1.0000	NaN	5.3076	7.1225	15.6643	347643.5222	347643.8232	0.0000	0.0000	0.5438
36sx04	4	22	1	1	2.0000	1.0000	-1.0000	0.5246	NaN	NaN	NaN	347645.0945	347645.4206	1.0000	0.0000	0.0185
36sx04	4	23	1	1	1.0000	1.0000	1.0000	NaN	6.8579	6.9003	15.5571	347647.4563	347647.7578	1.0000	1.0000	0.6033
36sx04	4	23	1	1	2.0000	1.0000	1.0000	0.5905	NaN	NaN	NaN	347649.1988	347649.5256	1.0000	1.0000	0.5954
36sx04	4	24	1	1	1.0000	1.0000	1.0000	NaN	3.7902	4.2632	16.0526	347652.5997	347652.9008	1.0000	1.0000	0.3063
36sx04	4	24	1	1	2.0000	1.0000	1.0000	0.2185	NaN	NaN	NaN	347653.9586	347654.2860	1.0000	1.0000	0.0970
36sx04	4	25	1	1	1.0000	1.0000	-1.0000	NaN	2.9783	-1.6128	15.7420	347656.9128	347657.2138	1.0000	0.0000	0.3158
36sx04	4	25	1	1	2.0000	1.0000	-1.0000	0.4416	NaN	NaN	NaN	347658.3192	347658.6482	1.0000	0.0000	0.2469
36sx04	4	26	1	1	1.0000	1.0000	-1.0000	NaN	9.3980	-8.0527	14.6011	347661.6086	347661.9096	0.0000	1.0000	0.3635
36sx04	4	26	1	1	2.0000	1.0000	1.0000	0.1721	NaN	NaN	NaN	347662.9746	347663.3022	1.0000	1.0000	0.8009
36sx04	4	27	1	1	1.0000	1.0000	1.0000	NaN	9.1003	11.6021	15.3542	347666.1563	347666.4576	1.0000	1.0000	0.3334
36sx04	4	27	1	1	2.0000	1.0000	1.0000	0.5197	NaN	NaN	NaN	347667.4636	347667.7920	1.0000	1.0000	0.6877
36sx04	4	28	1	1	1.0000	1.0000	-1.0000	NaN	5.4959	-6.0785	14.8797	347670.6863	347670.9873	0.0000	1.0000	0.8053
36sx04	4	28	1	1	2.0000	1.0000	1.0000	0.1608	NaN	NaN	NaN	347672.5113	347672.8409	1.0000	1.0000	0.6943
36sx04	4	29	1	1	1.0000	1.0000	-1.0000	NaN	2.2550	-3.0038	16.2037	347676.1162	347676.4172	0.0000	1.0000	0.3028
36sx04	4	29	1	1	2.0000	1.0000	1.0000	0.4004	NaN	NaN	NaN	347677.4799	347677.8092	1.0000	1.0000	0.4940
36sx04	4	30	1	1	1.0000	1.0000	-1.0000	NaN	9.9867	-8.4945	16.1211	347680.7348	347681.0359	0.0000	1.0000	0.6112
36sx04	4	30	1	1	2.0000	1.0000	1.0000	0.0384	NaN	NaN	NaN	347682.4301	347682.7570	1.0000	1.0000	3.3721
36sx04	4	31	1	1	1.0000	1.0000	1.0000	NaN	8.8818	8.7615	15.7473	347688.5392	347688.8403	1.0000	1.0000	0.2889
36sx04	4	31	1	1	2.0000	1.0000	1.0000	0.1239	NaN	NaN	NaN	347689.9351	347690.2622	1.0000	1.0000	0.0190
36sx04	4	32	1	1	1.0000	1.0000	-1.0000	NaN	8.1966	-8.6135	16.9428	347692.5329	347692.8339	0.0000	1.0000	0.1580
36sx04	4	32	1	1	2.0000	1.0000	1.0000	0.3644	NaN	NaN	NaN	347693.7351	347694.0596	1.0000	1.0000	0.0848
36sx04	4	33	1	1	1.0000	1.0000	-1.0000	NaN	3.0001	-2.3985	15.4060	347696.8004	347697.1017	0.0000	1.0000	0.4102
36sx04	4	33	1	1	2.0000	1.0000	1.0000	0.4537	NaN	NaN	NaN	347698.3186	347698.6452	1.0000	1.0000	0.0007
36sx04	4	34	1	1	1.0000	1.0000	-1.0000	NaN	3.3818	-2.1108	14.3615	347700.8671	347701.1683	0.0000	1.0000	0.9681
36sx04	4	34	1	1	2.0000	1.0000	1.0000	0.9604	NaN	NaN	NaN	347702.8867	347703.2123	1.0000	1.0000	0.0007
36sx04	4	35	1	1	1.0000	1.0000	1.0000	NaN	6.0361	6.0987	16.3678	347705.6459	347705.9469	1.0000	1.0000	0.2442
36sx04	4	35	1	1	2.0000	1.0000	1.0000	0.4310	NaN	NaN	NaN	347706.8964	347707.2259	1.0000	1.0000	0.0629
36sx04	4	36	1	1	1.0000	1.0000	1.0000	NaN	2.5834	2.8942	14.1724	347710.0063	347710.3079	0.0000	0.0000	0.9311
36sx04	4	36	1	1	2.0000	1.0000	-1.0000	0.9715	NaN	NaN	NaN	347711.9671	347712.2953	1.0000	0.0000	0.0007
36sx04	4	37	1	1	1.0000	1.0000	1.0000	NaN	5.6760	4.3219	15.0214	347714.8128	347715.1144	1.0000	1.0000	0.3502
36sx04	4	37	1	1	2.0000	1.0000	1.0000	0.8509	NaN	NaN	NaN	347716.2627	347716.5907	1.0000	1.0000	0.0006
36sx04	4	38	1	1	1.0000	1.0000	1.0000	NaN	8.3420	7.2889	16.3492	347718.6821	347718.9830	1.0000	1.0000	0.2801
36sx04	4	38	1	1	2.0000	1.0000	1.0000	0.1254	NaN	NaN	NaN	347720.2149	347720.5398	1.0000	1.0000	0.0448
36sx04	4	39	1	1	1.0000	1.0000	1.0000	NaN	9.8415	8.7094	14.8694	347723.1391	347723.4408	1.0000	1.0000	0.4143
36sx04	4	39	1	1	2.0000	1.0000	1.0000	0.2489	NaN	NaN	NaN	347724.6872	347725.0132	1.0000	1.0000	0.5226
36sx04	4	40	1	1	1.0000	1.0000	-1.0000	NaN	6.4605	-6.0643	14.8296	347727.8387	347728.1398	0.0000	1.0000	0.8297
36sx04	4	40	1	1	2.0000	1.0000	1.0000	0.7309	NaN	NaN	NaN	347729.7824	347730.1084	1.0000	1.0000	0.3067
36sx04	4	41	1	1	1.0000	1.0000	-1.0000	NaN	3.3645	-2.5387	15.2974	347732.9617	347733.2626	0.0000	1.0000	1.2245
36sx04	4	41	1	1	2.0000	1.0000	1.0000	0.7325	NaN	NaN	NaN	347735.3518	347735.6774	1.0000	1.0000	0.4511
36sx04	4	42	1	1	1.0000	1.0000	-1.0000	NaN	7.2771	-7.2367	15.2092	347738.7060	347739.0070	0.0000	1.0000	0.7296
36sx04	4	42	1	1	2.0000	1.0000	1.0000	0.2508	NaN	NaN	NaN	347740.5110	347740.8385	1.0000	1.0000	0.4805
36sx04	4	43	1	1	1.0000	1.0000	-1.0000	NaN	3.8995	-6.6537	14.9335	347743.6809	347743.9819	0.0000	1.0000	0.2751
36sx04	4	43	1	1	2.0000	1.0000	1.0000	0.8680	NaN	NaN	NaN	347745.0150	347745.3432	1.0000	1.0000	0.0007
36sx04	4	44	1	1	1.0000	1.0000	1.0000	NaN	5.9494	3.6135	15.4243	347747.9300	347748.2314	1.0000	1.0000	0.3368
36sx04	4	44	1	1	2.0000	1.0000	1.0000	0.6806	NaN	NaN	NaN	347749.2712	347749.6049	1.0000	1.0000	0.0355
36sx04	4	45	1	1	1.0000	1.0000	-1.0000	NaN	9.0030	-10.2886	14.6900	347752.0325	347752.3341	0.0000	1.0000	0.4730
36sx04	4	45	1	1	2.0000	1.0000	1.0000	0.2350	NaN	NaN	NaN	347753.5992	347753.9297	1.0000	1.0000	0.2474
36sx04	4	46	1	1	1.0000	1.0000	-1.0000	NaN	9.0558	-9.0683	13.7242	347756.3816	347756.6829	1.0000	0.0000	1.3160
36sx04	4	46	1	1	2.0000	1.0000	-1.0000	0.2119	NaN	NaN	NaN	347758.7264	347759.0570	1.0000	0.0000	3.2481
36sx04	4	47	1	1	1.0000	1.0000	-1.0000	NaN	6.2716	-5.9201	14.9831	347764.3727	347764.6740	0.0000	1.0000	0.2381
36sx04	4	47	1	1	2.0000	1.0000	1.0000	0.6491	NaN	NaN	NaN	347765.6470	347765.9797	1.0000	1.0000	2.7328
36sx04	4	48	1	1	1.0000	1.0000	1.0000	NaN	1.1792	0.3007	13.8905	347771.3754	347771.6766	1.0000	1.0000	0.9555
36sx04	4	48	1	1	2.0000	1.0000	1.0000	0.0842	NaN	NaN	NaN	347773.3589	347773.6910	1.0000	1.0000	0.0200
36sx04	4	49	1	1	1.0000	1.0000	1.0000	NaN	2.8962	2.2429	14.5152	347776.1236	347776.4251	1.0000	1.0000	0.4221
36sx04	4	49	1	1	2.0000	1.0000	1.0000	0.7450	NaN	NaN	NaN	347777.5671	347777.8995	1.0000	1.0000	1.4767
36sx04	4	50	1	1	1.0000	1.0000	1.0000	NaN	4.7242	5.7797	14.7737	347781.5341	347781.8352	1.0000	1.0000	0.0082
36sx04	4	50	1	1	2.0000	1.0000	1.0000	0.0644	NaN	NaN	NaN	347782.5029	347782.8371	1.0000	1.0000	0.3393
36sx04	5	1	1	1	1.0000	1.0000	1.0000	NaN	0.3496	0.5594	13.8377	347787.1232	347787.4246	0.0000	0.0000	0.9444
36sx04	5	1	1	1	2.0000	1.0000	-1.0000	0.9648	NaN	NaN	NaN	347789.0309	347789.3632	1.0000	0.0000	0.0007
36sx04	5	2	1	1	1.0000	1.0000	-1.0000	NaN	2.4293	-2.2174	15.1699	347791.8729	347792.1743	0.0000	1.0000	0.4261
36sx04	5	2	1	1	2.0000	1.0000	1.0000	0.8888	NaN	NaN	NaN	347793.3663	347793.6952	1.0000	1.0000	0.0009
36sx04	5	3	1	1	1.0000	1.0000	-1.0000	NaN	5.0777	-5.6578	16.3308	347795.7598	347796.0608	0.0000	1.0000	0.3000
36sx04	5	3	1	1	2.0000	1.0000	1.0000	0.6679	NaN	NaN	NaN	347797.1110	347797.4388	1.0000	1.0000	0.0007
36sx04	5	4	1	1	1.0000	1.0000	1.0000	NaN	9.7304	7.8905	14.4608	347799.7661	347800.0671	1.0000	1.0000	0.3418
36sx04	5	4	1	1	2.0000	1.0000	1.0000	0.6172	NaN	NaN	NaN	347801.0953	347801.4224	1.0000	1.0000	0.0269
36sx04	5	5	1	1	1.0000	1.0000	-1.0000	NaN	4.8351	-4.1143	14.9239	347803.7049	347804.0059	1.0000	0.0000	0.2508
36sx04	5	5	1	1	2.0000	1.0000	-1.0000	0.8285	NaN	NaN	NaN	347804.8394	347805.1652	0.0000	1.0000	0.1243
36sx04	5	6	1	1	1.0000	1.0000	1.0000	NaN	5.3729	5.5606	14.4300	347807.7442	347808.0451	1.0000	1.0000	0.3396
36sx04	5	6	1	1	2.0000	1.0000	1.0000	0.0566	NaN	NaN	NaN	347809.1268	347809.4540	1.0000	1.0000	0.3456
36sx04	5	7	1	1	1.0000	1.0000	-1.0000	NaN	8.4195	-7.2319	17.9749	347812.0982	347812.3994	0.0000	1.0000	0.4237
36sx04	5	7	1	1	2.0000	1.0000	1.0000	0.5234	NaN	NaN	NaN	347813.5506	347813.8760	1.0000	1.0000	0.0006
36sx04	5	8	1	1	1.0000	1.0000	-1.0000	NaN	2.4277	-2.0009	14.8339	347816.4679	347816.7689	0.0000	1.0000	0.3206
36sx04	5	8	1	1	2.0000	1.0000	1.0000	0.5527	NaN	NaN	NaN	347817.7990	347818.1265	1.0000	1.0000	0.0007
36sx04	5	9	1	1	1.0000	1.0000	-1.0000	NaN	3.7492	-4.0872	14.2714	347820.5504	347820.8514	0.0000	1.0000	0.2681
36sx04	5	9	1	1	2.0000	1.0000	1.0000	0.6573	NaN	NaN	NaN	347821.8158	347822.1424	1.0000	1.0000	0.0007
36sx04	5	10	1	1	1.0000	1.0000	1.0000	NaN	0.6532	0.0211	14.2843	347824.1440	347824.4450	0.0000	0.0000	0.2436
36sx04	5	10	1	1	2.0000	1.0000	-1.0000	0.0516	NaN	NaN	NaN	347825.3910	347825.7173	1.0000	0.0000	3.0344
36sx04	5	11	1	1	1.0000	1.0000	1.0000	NaN	9.8921	9.9544	16.0386	347831.1010	347831.4020	1.0000	1.0000	0.3096
36sx04	5	11	1	1	2.0000	1.0000	1.0000	0.0194	NaN	NaN	NaN	347832.4558	347832.7815	1.0000	1.0000	0.9557
36sx04	5	12	1	1	1.0000	1.0000	1.0000	NaN	1.8827	2.6618	17.6259	347835.9526	347836.2538	0.0000	0.0000	0.5234
36sx04	5	12	1	1	2.0000	1.0000	-1.0000	0.3742	NaN	NaN	NaN	347837.5207	347837.8471	1.0000	0.0000	0.1145
36sx04	5	13	1	1	1.0000	1.0000	1.0000	NaN	5.1321	2.8914	15.0534	347840.2482	347840.5491	0.0000	0.0000	2.2362
36sx04	5	13	1	1	2.0000	1.0000	-1.0000	0.5591	NaN	NaN	NaN	347843.4866	347843.8126	1.0000	0.0000	0.0006
36sx04	5	14	1	1	1.0000	1.0000	1.0000	NaN	2.5726	3.2136	15.7670	347846.4298	347846.7310	1.0000	1.0000	1.3343
36sx04	5	14	1	1	2.0000	1.0000	1.0000	0.9426	NaN	NaN	NaN	347848.7988	347849.1269	1.0000	1.0000	0.0007
36sx04	5	15	1	1	1.0000	1.0000	-1.0000	NaN	9.5589	-9.5307	16.4029	347851.3080	347851.6090	0.0000	1.0000	0.4724
36sx04	5	15	1	1	2.0000	1.0000	1.0000	0.6134	NaN	NaN	NaN	347852.8151	347853.1415	0.0000	0.0000	0.0007
36sx04	5	16	1	1	1.0000	1.0000	-1.0000	NaN	5.9366	-5.0135	16.4590	347855.2994	347855.6006	0.0000	1.0000	0.2245
36sx04	5	16	1	1	2.0000	1.0000	1.0000	0.2465	NaN	NaN	NaN	347856.5833	347856.9084	1.0000	1.0000	0.2520
36sx04	5	17	1	1	1.0000	1.0000	1.0000	NaN	7.7636	8.4482	14.9873	347859.4145	347859.7158	1.0000	1.0000	0.9233
36sx04	5	17	1	1	2.0000	1.0000	1.0000	0.2015	NaN	NaN	NaN	347861.2867	347861.6145	1.0000	1.0000	0.4833
36sx04	5	18	1	1	1.0000	1.0000	1.0000	NaN	2.5590	2.1505	14.1632	347864.3292	347864.6303	1.0000	1.0000	0.7230
36sx04	5	18	1	1	2.0000	1.0000	1.0000	0.9023	NaN	NaN	NaN	347866.0386	347866.3647	1.0000	1.0000	0.0006
36sx04	5	19	1	1	1.0000	1.0000	1.0000	NaN	4.2289	5.6428	13.9160	347868.9406	347869.2416	1.0000	1.0000	0.2395
36sx04	5	19	1	1	2.0000	1.0000	1.0000	0.0759	NaN	NaN	NaN	347870.1595	347870.4880	1.0000	1.0000	0.0007
36sx04	5	20	1	1	1.0000	1.0000	-1.0000	NaN	4.5508	-5.1292	12.9289	347872.4100	347872.7110	1.0000	0.0000	0.0085
36sx04	5	20	1	1	2.0000	1.0000	-1.0000	0.7011	NaN	NaN	NaN	347873.4234	347873.7505	1.0000	0.0000	0.8585
36sx04	5	21	1	1	1.0000	1.0000	1.0000	NaN	1.3077	1.3182	15.5106	347876.9464	347877.2475	1.0000	1.0000	0.2332
36sx04	5	21	1	1	2.0000	1.0000	1.0000	0.2379	NaN	NaN	NaN	347878.1426	347878.4690	1.0000	1.0000	0.0442
36sx04	5	22	1	1	1.0000	1.0000	-1.0000	NaN	6.2153	-5.4430	14.4044	347880.8800	347881.1813	1.0000	0.0000	0.1232
36sx04	5	22	1	1	2.0000	1.0000	-1.0000	0.6350	NaN	NaN	NaN	347881.9745	347882.3000	1.0000	0.0000	0.0007
36sx04	5	23	1	1	1.0000	1.0000	1.0000	NaN	1.8572	3.0816	15.1748	347884.5156	347884.8167	1.0000	1.0000	0.4407
36sx04	5	23	1	1	2.0000	1.0000	1.0000	0.2234	NaN	NaN	NaN	347885.9264	347886.2514	1.0000	1.0000	0.0380
36sx04	5	24	1	1	1.0000	1.0000	1.0000	NaN	9.3849	8.7700	14.5381	347888.8202	347889.1211	1.0000	1.0000	0.3682
36sx04	5	24	1	1	2.0000	1.0000	1.0000	0.6610	NaN	NaN	NaN	347890.1429	347890.4695	1.0000	1.0000	0.2895
36sx04	5	25	1	1	1.0000	1.0000	1.0000	NaN	7.6125	7.8035	14.9983	347893.0528	347893.3538	1.0000	1.0000	0.2853
36sx04	5	25	1	1	2.0000	1.0000	1.0000	0.8724	NaN	NaN	NaN	347894.2955	347894.6224	1.0000	1.0000	0.0888
36sx04	5	26	1	1	1.0000	1.0000	-1.0000	NaN	6.9109	-3.3490	15.9344	347897.0733	347897.3743	0.0000	1.0000	1.0184
36sx04	5	26	1	1	2.0000	1.0000	1.0000	0.4861	NaN	NaN	NaN	347899.1188	347899.4477	0.0000	0.0000	0.0007
36sx04	5	27	1	1	1.0000	1.0000	1.0000	NaN	0.1063	0.2657	16.5177	347902.0124	347902.3137	1.0000	1.0000	0.2397
36sx04	5	27	1	1	2.0000	1.0000	1.0000	0.5902	NaN	NaN	NaN	347903.2074	347903.5336	1.0000	1.0000	0.1477
36sx04	5	28	1	1	1.0000	1.0000	-1.0000	NaN	7.5536	-9.4076	13.9957	347905.7303	347906.0313	0.0000	1.0000	1.0416
36sx04	5	28	1	1	2.0000	1.0000	1.0000	0.2497	NaN	NaN	NaN	347907.7108	347908.0371	1.0000	1.0000	0.2206
36sx04	5	29	1	1	1.0000	1.0000	1.0000	NaN	10.0488	10.7532	15.2495	347910.4240	347910.7255	0.0000	0.0000	1.0598
36sx04	5	29	1	1	2.0000	1.0000	-1.0000	0.0197	NaN	NaN	NaN	347912.4704	347912.7963	1.0000	0.0000	0.1808
36sx04	5	30	1	1	1.0000	1.0000	1.0000	NaN	6.6824	6.7510	12.4593	347915.6540	347915.9551	1.0000	1.0000	0.2703
36sx04	5	30	1	1	2.0000	1.0000	1.0000	0.9712	NaN	NaN	NaN	347916.9273	347917.2532	1.0000	1.0000	0.1713
36sx04	5	31	1	1	1.0000	1.0000	1.0000	NaN	8.2469	9.3372	14.6608	347919.6942	347919.9952	1.0000	1.0000	0.2141
36sx04	5	31	1	1	2.0000	1.0000	1.0000	0.6796	NaN	NaN	NaN	347920.8629	347921.1902	1.0000	1.0000	0.0007
36sx04	5	32	1	1	1.0000	1.0000	1.0000	NaN	1.0113	0.5564	14.3157	347923.7018	347924.0030	1.0000	1.0000	0.2681
36sx04	5	32	1	1	2.0000	1.0000	1.0000	0.0655	NaN	NaN	NaN	347925.0145	347925.3419	1.0000	1.0000	0.0253
36sx04	5	33	1	1	1.0000	1.0000	-1.0000	NaN	9.6053	-10.1532	14.4207	347927.6204	347927.9213	0.0000	1.0000	0.4637
36sx04	5	33	1	1	2.0000	1.0000	1.0000	0.3154	NaN	NaN	NaN	347929.1912	347929.5186	1.0000	1.0000	0.0007
36sx04	5	34	1	1	1.0000	1.0000	1.0000	NaN	5.6957	3.2027	14.3091	347931.8248	347932.1258	1.0000	1.0000	0.5547
36sx04	5	34	1	1	2.0000	1.0000	1.0000	0.2609	NaN	NaN	NaN	347933.3753	347933.7021	1.0000	1.0000	0.0006
36sx04	5	35	1	1	1.0000	1.0000	-1.0000	NaN	4.2621	-1.8548	15.2285	347935.9781	347936.2791	0.0000	1.0000	0.4081
36sx04	5	35	1	1	2.0000	1.0000	1.0000	0.0233	NaN	NaN	NaN	347937.3837	347937.7103	1.0000	1.0000	0.1208
36sx04	5	36	1	1	1.0000	1.0000	1.0000	NaN	3.6850	3.5735	15.5189	347940.2572	347940.5582	1.0000	1.0000	0.3867
36sx04	5	36	1	1	2.0000	1.0000	1.0000	0.3243	NaN	NaN	NaN	347941.6231	347941.9490	1.0000	1.0000	0.0006
36sx04	5	37	1	1	1.0000	1.0000	-1.0000	NaN	5.1428	-3.6179	15.0721	347944.0033	347944.3044	1.0000	0.0000	0.3846
36sx04	5	37	1	1	2.0000	1.0000	-1.0000	0.6207	NaN	NaN	NaN	347945.3749	347945.7012	1.0000	0.0000	0.0340
36sx04	5	38	1	1	1.0000	1.0000	-1.0000	NaN	0.0874	-0.3146	13.2560	347948.3618	347948.6630	1.0000	0.0000	0.3542
36sx04	5	38	1	1	2.0000	1.0000	-1.0000	0.8415	NaN	NaN	NaN	347949.7351	347950.0601	1.0000	0.0000	0.2203
36sx04	5	39	1	1	1.0000	1.0000	-1.0000	NaN	1.7245	-1.5549	15.5316	347952.6468	347952.9478	1.0000	0.0000	0.5264
36sx04	5	39	1	1	2.0000	1.0000	-1.0000	0.6605	NaN	NaN	NaN	347954.1429	347954.4690	1.0000	0.0000	0.2198
36sx04	5	40	1	1	1.0000	1.0000	-1.0000	NaN	0.1697	-0.3552	15.4539	347957.1880	347957.4890	0.0000	1.0000	0.4886
36sx04	5	40	1	1	2.0000	1.0000	1.0000	0.0462	NaN	NaN	NaN	347958.6478	347958.9747	1.0000	1.0000	0.0006
36sx04	5	41	1	1	1.0000	1.0000	1.0000	NaN	1.5417	0.9439	14.8512	347961.1081	347961.4092	1.0000	1.0000	2.2403
36sx04	5	41	1	1	2.0000	1.0000	1.0000	0.8492	NaN	NaN	NaN	347964.3116	347964.6393	1.0000	1.0000	2.3699
36sx04	5	42	1	1	1.0000	1.0000	-1.0000	NaN	9.6265	-9.6825	16.0825	347969.0945	347969.3956	0.0000	1.0000	0.2853
36sx04	5	42	1	1	2.0000	1.0000	1.0000	0.5618	NaN	NaN	NaN	347970.3273	347970.6547	1.0000	1.0000	0.0006
36sx04	5	43	1	1	1.0000	1.0000	-1.0000	NaN	6.1392	-7.3852	16.0689	347973.2156	347973.5167	0.0000	1.0000	1.1317
36sx04	5	43	1	1	2.0000	1.0000	1.0000	0.2756	NaN	NaN	NaN	347975.3909	347975.7179	1.0000	1.0000	0.4733
36sx04	5	44	1	1	1.0000	1.0000	-1.0000	NaN	4.5099	-5.4753	15.5550	347978.2611	347978.5621	0.0000	1.0000	0.3811
36sx04	5	44	1	1	2.0000	1.0000	1.0000	0.3462	NaN	NaN	NaN	347979.5506	347979.8788	1.0000	1.0000	0.0008
36sx04	5	45	1	1	1.0000	1.0000	1.0000	NaN	8.7871	9.3078	14.7100	347981.9626	347982.2636	1.0000	1.0000	0.4475
36sx04	5	45	1	1	2.0000	1.0000	1.0000	0.4145	NaN	NaN	NaN	347983.4067	347983.7329	1.0000	1.0000	0.2923
36sx04	5	46	1	1	1.0000	1.0000	-1.0000	NaN	5.8486	-5.2592	14.7157	347986.2453	347986.5463	1.0000	0.0000	1.1193
36sx04	5	46	1	1	2.0000	1.0000	-1.0000	0.9931	NaN	NaN	NaN	347988.3506	347988.6772	0.0000	1.0000	0.5147
36sx04	5	47	1	1	1.0000	1.0000	1.0000	NaN	2.3478	3.2761	15.2552	347991.5620	347991.8630	1.0000	1.0000	2.4000
36sx04	5	47	1	1	2.0000	1.0000	1.0000	0.0341	NaN	NaN	NaN	347994.9101	347995.2364	1.0000	1.0000	0.1890
36sx04	5	48	1	1	1.0000	1.0000	-1.0000	NaN	8.7838	-7.4216	14.4502	347997.7654	347998.0664	1.0000	0.0000	0.5342
36sx04	5	48	1	1	2.0000	1.0000	-1.0000	0.2278	NaN	NaN	NaN	347999.2799	347999.6081	1.0000	0.0000	0.3191
36sx04	5	49	1	1	1.0000	1.0000	1.0000	NaN	2.7831	0.9513	15.4163	348002.5744	348002.8754	0.0000	0.0000	0.4211
36sx04	5	49	1	1	2.0000	1.0000	-1.0000	0.3848	NaN	NaN	NaN	348003.9997	348004.3269	1.0000	0.0000	0.0006
36sx04	5	50	1	1	1.0000	1.0000	1.0000	NaN	6.5868	8.7212	15.8927	348006.3509	348006.6519	1.0000	1.0000	0.3098
36sx04	5	50	1	1	2.0000	1.0000	1.0000	0.1910	NaN	NaN	NaN	348007.9273	348008.2536	1.0000	1.0000	0.1480
36sx04	6	1	1	1	1.0000	1.0000	-1.0000	NaN	8.2988	-5.6970	15.8488	348012.8803	348013.1813	0.0000	1.0000	0.2100
36sx04	6	1	1	1	2.0000	1.0000	1.0000	0.5174	NaN	NaN	NaN	348014.1045	348014.4313	1.0000	1.0000	0.0007
36sx04	6	2	1	1	1.0000	1.0000	1.0000	NaN	6.5024	5.5469	15.8316	348016.3573	348016.6586	1.0000	1.0000	0.4214
36sx04	6	2	1	1	2.0000	1.0000	1.0000	0.1555	NaN	NaN	NaN	348017.8314	348018.1582	1.0000	1.0000	0.2435
36sx04	6	3	1	1	1.0000	1.0000	-1.0000	NaN	3.8005	-4.4550	14.3163	348021.2703	348021.5714	1.0000	0.0000	0.8779
36sx04	6	3	1	1	2.0000	1.0000	-1.0000	0.2053	NaN	NaN	NaN	348023.1188	348023.4444	0.0000	1.0000	0.6597
36sx04	6	4	1	1	1.0000	1.0000	1.0000	NaN	9.3731	11.5307	14.0577	348026.7412	348027.0422	1.0000	1.0000	0.2049
36sx04	6	4	1	1	2.0000	1.0000	1.0000	0.1995	NaN	NaN	NaN	348027.8872	348028.2139	1.0000	1.0000	0.5772
36sx04	6	5	1	1	1.0000	1.0000	1.0000	NaN	2.9690	4.2921	15.0933	348031.2964	348031.5974	0.0000	0.0000	1.1777
36sx04	6	5	1	1	2.0000	1.0000	-1.0000	0.7641	NaN	NaN	NaN	348033.4462	348033.7722	1.0000	0.0000	3.4668
36sx04	6	6	1	1	1.0000	1.0000	1.0000	NaN	9.9530	9.9330	15.6802	348039.3266	348039.6276	1.0000	1.0000	0.2856
36sx04	6	6	1	1	2.0000	1.0000	1.0000	0.2607	NaN	NaN	NaN	348040.6234	348040.9502	1.0000	1.0000	0.1624
36sx04	6	7	1	1	1.0000	1.0000	-1.0000	NaN	0.0337	-0.1101	13.8194	348043.9292	348044.2303	1.0000	0.0000	0.4328
36sx04	6	7	1	1	2.0000	1.0000	-1.0000	0.6142	NaN	NaN	NaN	348045.5271	348045.8531	1.0000	0.0000	0.7141
36sx04	6	8	1	1	1.0000	1.0000	-1.0000	NaN	5.9691	-5.2791	14.5356	348048.8301	348049.1310	0.0000	1.0000	0.4922
36sx04	6	8	1	1	2.0000	1.0000	1.0000	0.7989	NaN	NaN	NaN	348050.3587	348050.6841	1.0000	1.0000	0.6050
36sx04	6	9	1	1	1.0000	1.0000	1.0000	NaN	3.7216	2.7985	13.3770	348054.0724	348054.3735	0.0000	0.0000	1.5718
36sx04	6	9	1	1	2.0000	1.0000	-1.0000	0.2302	NaN	NaN	NaN	348056.6545	348056.9813	0.0000	1.0000	1.8197
36sx04	6	10	1	1	1.0000	1.0000	1.0000	NaN	1.2565	1.3172	16.2586	348061.2786	348061.5799	1.0000	1.0000	0.2690
36sx04	6	10	1	1	2.0000	1.0000	1.0000	0.4516	NaN	NaN	NaN	348062.7591	348063.0864	1.0000	1.0000	0.2186
36sx04	6	11	1	1	1.0000	1.0000	-1.0000	NaN	4.8818	-5.1495	15.3117	348066.0025	348066.3035	0.0000	1.0000	0.4983
36sx04	6	11	1	1	2.0000	1.0000	1.0000	0.3579	NaN	NaN	NaN	348067.5585	348067.8844	1.0000	1.0000	0.2050
36sx04	6	12	1	1	1.0000	1.0000	-1.0000	NaN	3.8527	-5.4008	16.5397	348070.1284	348070.4294	0.0000	1.0000	0.5957
36sx04	6	12	1	1	2.0000	1.0000	1.0000	0.7093	NaN	NaN	NaN	348071.6547	348071.9824	1.0000	1.0000	2.0009
36sx04	6	13	1	1	1.0000	1.0000	-1.0000	NaN	3.8022	-6.0838	14.3737	348076.2298	348076.5308	0.0000	1.0000	0.3004
36sx04	6	13	1	1	2.0000	1.0000	1.0000	0.0238	NaN	NaN	NaN	348077.4638	348077.7906	1.0000	1.0000	0.2732
36sx04	6	14	1	1	1.0000	1.0000	1.0000	NaN	5.1556	4.6836	14.7768	348080.7974	348081.0985	0.0000	0.0000	0.5909
36sx04	6	14	1	1	2.0000	1.0000	-1.0000	0.3888	NaN	NaN	NaN	348082.3439	348082.6730	1.0000	0.0000	2.7341
36sx04	6	15	1	1	1.0000	1.0000	-1.0000	NaN	8.1540	-8.1455	13.4854	348087.8108	348088.1118	0.0000	1.0000	0.3273
36sx04	6	15	1	1	2.0000	1.0000	1.0000	0.9652	NaN	NaN	NaN	348089.0787	348089.4069	1.0000	1.0000	0.0006
36sx04	6	16	1	1	1.0000	1.0000	1.0000	NaN	9.6398	8.4743	14.3874	348091.9991	348092.3001	1.0000	1.0000	0.3952
36sx04	6	16	1	1	2.0000	1.0000	1.0000	0.9102	NaN	NaN	NaN	348093.3987	348093.7292	1.0000	1.0000	0.7680
36sx04	6	17	1	1	1.0000	1.0000	-1.0000	NaN	8.6847	-9.0910	13.8820	348097.0206	348097.3218	0.0000	1.0000	0.5014
36sx04	6	17	1	1	2.0000	1.0000	1.0000	0.2470	NaN	NaN	NaN	348098.5191	348098.8467	1.0000	1.0000	0.0006
36sx04	6	18	1	1	1.0000	1.0000	1.0000	NaN	2.4114	2.7774	15.3360	348101.0868	348101.3878	1.0000	1.0000	0.3410
36sx04	6	18	1	1	2.0000	1.0000	1.0000	0.5145	NaN	NaN	NaN	348102.4231	348102.7495	0.0000	0.0000	0.6977
36sx04	6	19	1	1	1.0000	1.0000	-1.0000	NaN	3.4011	-3.4127	15.0004	348105.4670	348105.7680	0.0000	1.0000	0.6896
36sx04	6	19	1	1	2.0000	1.0000	1.0000	0.7241	NaN	NaN	NaN	348107.1118	348107.4390	1.0000	1.0000	0.0006
36sx04	6	20	1	1	1.0000	1.0000	1.0000	NaN	8.9212	11.1445	14.5229	348109.6906	348109.9916	1.0000	1.0000	0.2579
36sx04	6	20	1	1	2.0000	1.0000	1.0000	0.6811	NaN	NaN	NaN	348110.9036	348111.2315	1.0000	1.0000	0.2016
36sx04	6	21	1	1	1.0000	1.0000	1.0000	NaN	4.2403	4.0788	15.6707	348113.7671	348114.0682	0.0000	0.0000	0.7732
36sx04	6	21	1	1	2.0000	1.0000	-1.0000	0.4407	NaN	NaN	NaN	348115.5348	348115.8612	1.0000	0.0000	2.2100
36sx04	6	22	1	1	1.0000	1.0000	1.0000	NaN	1.6866	3.0377	15.7552	348120.6347	348120.9356	1.0000	1.0000	0.3434
36sx04	6	22	1	1	2.0000	1.0000	1.0000	0.4445	NaN	NaN	NaN	348121.9668	348122.2939	1.0000	1.0000	2.1559
36sx04	6	23	1	1	1.0000	1.0000	1.0000	NaN	6.0415	4.6395	14.1944	348126.3487	348126.6497	1.0000	1.0000	0.4136
36sx04	6	23	1	1	2.0000	1.0000	1.0000	0.0538	NaN	NaN	NaN	348127.7677	348128.0943	1.0000	1.0000	0.4988
36sx04	6	24	1	1	1.0000	1.0000	-1.0000	NaN	7.1245	-7.5955	15.1040	348131.1317	348131.4327	0.0000	1.0000	0.2647
36sx04	6	24	1	1	2.0000	1.0000	1.0000	0.3789	NaN	NaN	NaN	348132.3827	348132.7096	1.0000	1.0000	0.4036
36sx04	6	25	1	1	1.0000	1.0000	-1.0000	NaN	1.8878	-0.1351	14.1113	348135.7170	348136.0180	0.0000	1.0000	0.6078
36sx04	6	25	1	1	2.0000	1.0000	1.0000	0.0953	NaN	NaN	NaN	348137.3911	348137.7174	1.0000	1.0000	0.6036
36sx04	6	26	1	1	1.0000	1.0000	1.0000	NaN	8.5519	9.0485	13.7054	348140.9825	348141.2835	1.0000	1.0000	0.4137
36sx04	6	26	1	1	2.0000	1.0000	1.0000	0.5715	NaN	NaN	NaN	348142.6308	348142.9570	1.0000	1.0000	1.1081
36sx04	6	27	1	1	1.0000	1.0000	1.0000	NaN	4.4461	3.9044	15.1370	348146.6513	348146.9523	1.0000	1.0000	0.5349
36sx04	6	27	1	1	2.0000	1.0000	1.0000	0.3051	NaN	NaN	NaN	348148.2071	348148.5350	1.0000	1.0000	0.1864
36sx04	6	28	1	1	1.0000	1.0000	1.0000	NaN	7.1393	7.3491	15.5964	348151.1175	348151.4185	1.0000	1.0000	0.4381
36sx04	6	28	1	1	2.0000	1.0000	1.0000	0.7697	NaN	NaN	NaN	348152.5918	348152.9180	1.0000	1.0000	0.0892
36sx04	6	29	1	1	1.0000	1.0000	1.0000	NaN	0.7836	0.0466	15.0443	348155.1496	348155.4508	0.0000	0.0000	0.4525
36sx04	6	29	1	1	2.0000	1.0000	-1.0000	0.0737	NaN	NaN	NaN	348156.6949	348157.0227	1.0000	0.0000	0.1391
36sx04	6	30	1	1	1.0000	1.0000	-1.0000	NaN	1.7575	-0.7505	15.6304	348159.2440	348159.5450	0.0000	1.0000	0.9840
36sx04	6	30	1	1	2.0000	1.0000	1.0000	0.3391	NaN	NaN	NaN	348161.2071	348161.5357	1.0000	1.0000	3.6315
36sx04	6	31	1	1	1.0000	1.0000	1.0000	NaN	2.4143	2.5624	13.7858	348167.4418	348167.7428	1.0000	1.0000	0.9868
36sx04	6	31	1	1	2.0000	1.0000	1.0000	0.5058	NaN	NaN	NaN	348169.4706	348169.7980	1.0000	1.0000	0.0007
36sx04	6	32	1	1	1.0000	1.0000	-1.0000	NaN	5.3951	-5.6629	12.8554	348172.2131	348172.5141	0.0000	1.0000	0.3512
36sx04	6	32	1	1	2.0000	1.0000	1.0000	0.2495	NaN	NaN	NaN	348173.5763	348173.9034	1.0000	1.0000	0.5438
36sx04	6	33	1	1	1.0000	1.0000	1.0000	NaN	1.1338	0.7980	16.3548	348176.5029	348176.8039	0.0000	0.0000	0.6511
36sx04	6	33	1	1	2.0000	1.0000	-1.0000	0.6157	NaN	NaN	NaN	348178.2167	348178.5448	1.0000	0.0000	0.0064
36sx04	6	34	1	1	1.0000	1.0000	-1.0000	NaN	6.5027	-7.5720	14.7749	348180.7427	348181.0437	0.0000	1.0000	0.2535
36sx04	6	34	1	1	2.0000	1.0000	1.0000	0.3881	NaN	NaN	NaN	348181.9581	348182.2839	1.0000	1.0000	0.1016
36sx04	6	35	1	1	1.0000	1.0000	-1.0000	NaN	3.8697	-3.5772	15.3941	348184.8419	348185.1431	0.0000	1.0000	0.3704
36sx04	6	35	1	1	2.0000	1.0000	1.0000	0.6855	NaN	NaN	NaN	348186.2635	348186.5899	1.0000	1.0000	0.1294
36sx04	6	36	1	1	1.0000	1.0000	1.0000	NaN	2.3466	2.3523	15.6954	348189.1327	348189.4341	0.0000	0.0000	0.6874
36sx04	6	36	1	1	2.0000	1.0000	-1.0000	0.1381	NaN	NaN	NaN	348190.8470	348191.1730	1.0000	0.0000	2.9706
36sx04	6	37	1	1	1.0000	1.0000	-1.0000	NaN	2.6791	-0.9687	14.1426	348196.6779	348196.9789	0.0000	1.0000	0.6789
36sx04	6	37	1	1	2.0000	1.0000	1.0000	0.6999	NaN	NaN	NaN	348198.3433	348198.6706	1.0000	1.0000	0.0007
36sx04	6	38	1	1	1.0000	1.0000	-1.0000	NaN	8.7511	-9.7640	14.1917	348201.1061	348201.4071	0.0000	1.0000	0.4583
36sx04	6	38	1	1	2.0000	1.0000	1.0000	0.9401	NaN	NaN	NaN	348202.5667	348202.8933	1.0000	1.0000	0.0007
36sx04	6	39	1	1	1.0000	1.0000	-1.0000	NaN	2.6349	-1.3485	14.2278	348205.0691	348205.3701	0.0000	1.0000	0.5892
36sx04	6	39	1	1	2.0000	1.0000	1.0000	0.5932	NaN	NaN	NaN	348206.6468	348206.9731	1.0000	1.0000	0.1327
36sx04	6	40	1	1	1.0000	1.0000	1.0000	NaN	1.5256	3.2155	14.7764	348209.4467	348209.7477	0.0000	0.0000	0.3256
36sx04	6	40	1	1	2.0000	1.0000	-1.0000	0.9136	NaN	NaN	NaN	348210.8150	348211.1428	1.0000	0.0000	0.0084
36sx04	6	41	1	1	1.0000	1.0000	-1.0000	NaN	7.9646	-8.0585	14.0655	348213.3496	348213.6506	0.0000	1.0000	0.4366
36sx04	6	41	1	1	2.0000	1.0000	1.0000	0.1773	NaN	NaN	NaN	348214.8238	348215.1496	1.0000	1.0000	0.0007
36sx04	6	42	1	1	1.0000	1.0000	-1.0000	NaN	3.7647	-3.1381	15.8178	348217.6417	348217.9430	0.0000	1.0000	0.2743
36sx04	6	42	1	1	2.0000	1.0000	1.0000	0.9879	NaN	NaN	NaN	348218.9268	348219.2539	1.0000	1.0000	0.0007
36sx04	6	43	1	1	1.0000	1.0000	1.0000	NaN	5.1656	5.4976	14.6964	348221.4231	348221.7242	1.0000	1.0000	0.3003
36sx04	6	43	1	1	2.0000	1.0000	1.0000	0.0539	NaN	NaN	NaN	348222.7038	348223.0321	1.0000	1.0000	0.0007
36sx04	6	44	1	1	1.0000	1.0000	-1.0000	NaN	8.0976	-8.0244	15.2091	348225.4540	348225.7550	0.0000	1.0000	0.2705
36sx04	6	44	1	1	2.0000	1.0000	1.0000	0.8345	NaN	NaN	NaN	348226.7838	348227.1093	1.0000	1.0000	0.0820
36sx04	6	45	1	1	1.0000	1.0000	1.0000	NaN	7.5390	6.8308	14.6533	348229.4954	348229.7964	1.0000	1.0000	0.1729
36sx04	6	45	1	1	2.0000	1.0000	1.0000	0.1620	NaN	NaN	NaN	348230.6460	348230.9722	1.0000	1.0000	0.1092
36sx04	6	46	1	1	1.0000	1.0000	-1.0000	NaN	6.6556	-7.2610	13.5434	348233.4434	348233.7444	1.0000	0.0000	0.0084
36sx04	6	46	1	1	2.0000	1.0000	-1.0000	0.0578	NaN	NaN	NaN	348234.2314	348234.5581	0.0000	1.0000	0.2491
36sx04	6	47	1	1	1.0000	1.0000	-1.0000	NaN	6.5189	-6.1329	14.4830	348237.3416	348237.6426	0.0000	1.0000	0.4783
36sx04	6	47	1	1	2.0000	1.0000	1.0000	0.3521	NaN	NaN	NaN	348238.7672	348239.0931	1.0000	1.0000	0.0047
36sx04	6	48	1	1	1.0000	1.0000	-1.0000	NaN	6.3601	-6.8051	15.6088	348241.8017	348242.1027	0.0000	1.0000	0.2580
36sx04	6	48	1	1	2.0000	1.0000	1.0000	0.7036	NaN	NaN	NaN	348243.0069	348243.3342	1.0000	1.0000	0.4908
36sx04	6	49	1	1	1.0000	1.0000	-1.0000	NaN	7.8414	-8.1782	13.5900	348245.8161	348246.1171	0.0000	1.0000	0.3162
36sx04	6	49	1	1	2.0000	1.0000	1.0000	0.1470	NaN	NaN	NaN	348247.1266	348247.4534	1.0000	1.0000	0.1699
36sx04	6	50	1	1	1.0000	1.0000	-1.0000	NaN	5.4679	-4.1467	16.8272	348250.4038	348250.7050	1.0000	0.0000	0.3662
36sx04	6	50	1	1	2.0000	1.0000	-1.0000	0.0876	NaN	NaN	NaN	348251.7519	348252.0788	1.0000	0.0000	0.0007
