15wy01	1	1	0	1	1.0000	1.0000	1.0000	NaN	7.9153	9.3028	16.1094	157617.0609	157617.3655	1.0000	1.0000	0.3012	0.3827
15wy01	1	1	0	1	2.0000	1.0000	-1.0000	0.1424	NaN	NaN	NaN	157618.1820	157618.5994	0.0000	1.0000	0.4759	0.5564
15wy01	1	2	0	1	1.0000	1.0000	1.0000	NaN	7.8689	8.1810	14.8136	157621.5433	157621.8478	1.0000	1.0000	0.3628	0.4446
15wy01	1	2	0	1	2.0000	1.0000	-1.0000	0.9115	NaN	NaN	NaN	157622.7246	157623.1366	0.0000	1.0000	0.2745	0.3558
15wy01	1	3	0	1	1.0000	1.0000	1.0000	NaN	4.0100	5.1519	16.4922	157625.8018	157626.1090	1.0000	1.0000	0.3268	0.4392
15wy01	1	3	0	1	2.0000	1.0000	1.0000	0.8464	NaN	NaN	NaN	157626.9819	157627.3995	0.0000	0.0000	0.3167	0.3805
15wy01	1	4	0	1	1.0000	1.0000	-1.0000	NaN	8.0140	-6.8266	14.9494	157630.2123	157630.5172	0.0000	1.0000	0.3985	0.4945
15wy01	1	4	0	1	2.0000	1.0000	1.0000	0.2128	NaN	NaN	NaN	157631.4463	157631.8659	1.0000	1.0000	0.4088	0.5378
15wy01	1	5	0	1	1.0000	1.0000	1.0000	NaN	4.5433	6.3834	15.3269	157634.2145	157634.5192	1.0000	1.0000	0.4610	0.5415
15wy01	1	5	0	1	2.0000	1.0000	1.0000	0.6121	NaN	NaN	NaN	157635.4952	157635.9152	0.0000	0.0000	0.3441	0.4247
15wy01	1	6	0	1	1.0000	1.0000	1.0000	NaN	1.2676	4.8380	14.4482	157638.5775	157638.8820	1.0000	1.0000	0.4974	0.5774
15wy01	1	6	0	1	2.0000	1.0000	1.0000	0.3089	NaN	NaN	NaN	157639.8933	157640.2798	0.0000	0.0000	0.4444	0.5247
15wy01	1	7	0	1	1.0000	1.0000	1.0000	NaN	6.5666	7.7144	13.9051	157643.1575	157643.4619	1.0000	1.0000	0.6862	0.7179
15wy01	1	7	0	1	2.0000	1.0000	-1.0000	0.9113	NaN	NaN	NaN	157644.6141	157645.0314	0.0000	1.0000	0.3644	0.4442
15wy01	1	8	0	1	1.0000	1.0000	-1.0000	NaN	3.8253	-4.5200	15.3987	157647.3379	157647.6425	0.0000	1.0000	0.3762	0.4578
15wy01	1	8	0	1	2.0000	1.0000	1.0000	0.2818	NaN	NaN	NaN	157648.5322	157648.9245	1.0000	1.0000	0.4547	0.5198
15wy01	1	9	0	1	1.0000	1.0000	-1.0000	NaN	3.6762	-3.5672	14.3001	157651.4708	157651.7730	0.0000	1.0000	1.1097	1.1909
15wy01	1	9	0	1	2.0000	1.0000	-1.0000	0.4244	NaN	NaN	NaN	157653.3927	157653.7428	0.0000	1.0000	0.4367	0.5004
15wy01	1	10	0	1	1.0000	1.0000	1.0000	NaN	9.8115	10.3745	15.9040	157656.6182	157656.9217	1.0000	1.0000	0.3774	0.4577
15wy01	1	10	0	1	2.0000	1.0000	1.0000	0.4852	NaN	NaN	NaN	157657.8090	157658.1590	0.0000	0.0000	0.4357	0.5175
15wy01	1	11	0	1	1.0000	1.0000	1.0000	NaN	5.0814	2.3841	14.8900	157660.9227	157661.2250	0.0000	0.0000	0.8097	0.9075
15wy01	1	11	0	1	2.0000	1.0000	-1.0000	0.7399	NaN	NaN	NaN	157662.5612	157662.9185	0.0000	1.0000	0.4121	0.4926
15wy01	1	12	0	1	1.0000	1.0000	1.0000	NaN	1.3344	1.3947	15.3341	157665.5539	157665.8562	0.0000	0.0000	0.9951	1.0591
15wy01	1	12	0	1	2.0000	1.0000	1.0000	0.3508	NaN	NaN	NaN	157667.3439	157667.6954	0.0000	0.0000	0.7563	0.8372
15wy01	1	13	0	1	1.0000	1.0000	1.0000	NaN	7.2238	5.3833	14.5681	157670.9552	157671.2574	1.0000	1.0000	0.6978	0.7945
15wy01	1	13	0	1	2.0000	1.0000	-1.0000	0.1574	NaN	NaN	NaN	157672.4805	157672.8347	0.0000	1.0000	0.4000	0.5133
15wy01	1	14	0	1	1.0000	1.0000	-1.0000	NaN	1.8439	-0.9693	15.6642	157675.1984	157675.5006	1.0000	0.0000	1.1437	1.2232
15wy01	1	14	0	1	2.0000	1.0000	-1.0000	0.2531	NaN	NaN	NaN	157677.1525	157677.5065	0.0000	1.0000	0.4482	0.5299
15wy01	1	15	0	1	1.0000	1.0000	-1.0000	NaN	3.1465	-2.5863	15.3275	157680.5330	157680.8361	0.0000	1.0000	1.5346	1.6159
15wy01	1	15	0	1	2.0000	1.0000	-1.0000	0.5652	NaN	NaN	NaN	157682.8807	157683.2340	0.0000	1.0000	0.3856	0.4662
15wy01	1	16	0	1	1.0000	1.0000	1.0000	NaN	0.8159	1.6024	13.5536	157686.0759	157686.3781	1.0000	1.0000	1.2727	1.3538
15wy01	1	16	0	1	2.0000	1.0000	1.0000	0.6604	NaN	NaN	NaN	157688.1606	157688.5172	0.0000	0.0000	0.6535	0.7194
15wy01	1	17	0	1	1.0000	1.0000	-1.0000	NaN	8.1567	-9.4783	14.5944	157691.5613	157691.8651	0.0000	1.0000	0.7776	0.8593
15wy01	1	17	0	1	2.0000	1.0000	1.0000	0.3186	NaN	NaN	NaN	157693.1585	157693.5409	0.0000	0.0000	1.4709	1.5197
15wy01	1	18	0	1	1.0000	1.0000	1.0000	NaN	3.3231	4.4320	16.4053	157697.4817	157697.7846	1.0000	1.0000	0.4587	0.5398
15wy01	1	18	0	1	2.0000	1.0000	-1.0000	0.0302	NaN	NaN	NaN	157698.7530	157699.1053	0.0000	1.0000	1.3299	1.4266
15wy01	1	19	0	1	1.0000	1.0000	1.0000	NaN	7.1323	5.7037	15.0900	157702.3825	157702.6860	1.0000	1.0000	0.9487	1.0459
15wy01	1	19	0	1	2.0000	1.0000	1.0000	0.2477	NaN	NaN	NaN	157704.1606	157704.5162	0.0000	0.0000	0.7025	0.7996
15wy01	1	20	0	1	1.0000	1.0000	-1.0000	NaN	7.0741	-8.2335	14.1272	157707.6609	157707.9631	0.0000	1.0000	0.5676	0.6494
15wy01	1	20	0	1	2.0000	1.0000	-1.0000	0.1146	NaN	NaN	NaN	157709.0412	157709.3930	1.0000	0.0000	1.7302	1.7945
15wy01	1	21	0	1	1.0000	1.0000	-1.0000	NaN	11.2079	-7.4804	14.9370	157713.5088	157713.8109	0.0000	1.0000	0.5118	0.5934
15wy01	1	21	0	1	2.0000	1.0000	-1.0000	0.8067	NaN	NaN	NaN	157714.8329	157715.1867	0.0000	1.0000	0.7056	0.7698
15wy01	1	22	0	1	1.0000	1.0000	1.0000	NaN	9.0152	10.4621	13.2131	157718.1352	157718.4374	1.0000	1.0000	0.4296	0.4787
15wy01	1	22	0	1	2.0000	1.0000	1.0000	0.2126	NaN	NaN	NaN	157719.3447	157719.6990	1.0000	1.0000	0.4638	0.5451
15wy01	1	23	0	1	1.0000	1.0000	1.0000	NaN	11.4923	10.7986	14.6946	157722.3197	157722.6220	1.0000	1.0000	0.6932	0.7897
15wy01	1	23	0	1	2.0000	1.0000	-1.0000	0.6058	NaN	NaN	NaN	157723.8404	157724.1925	0.0000	1.0000	0.4668	0.5310
15wy01	1	24	0	1	1.0000	1.0000	-1.0000	NaN	4.5787	-3.7191	16.1627	157726.6500	157726.9522	0.0000	1.0000	0.6985	0.8123
15wy01	1	24	0	1	2.0000	1.0000	1.0000	0.4168	NaN	NaN	NaN	157728.1932	157728.5487	0.0000	0.0000	1.7420	1.7911
15wy01	1	25	0	1	1.0000	1.0000	-1.0000	NaN	3.0968	-3.4052	13.6633	157732.6601	157732.9623	0.0000	1.0000	0.3524	0.4338
15wy01	1	25	0	1	2.0000	1.0000	-1.0000	0.1056	NaN	NaN	NaN	157733.8247	157734.1816	0.0000	1.0000	0.6691	0.7502
15wy01	1	26	0	1	1.0000	1.0000	-1.0000	NaN	9.9766	-9.2745	16.5556	157736.9381	157737.2421	0.0000	1.0000	0.3766	0.4898
15wy01	1	26	0	1	2.0000	1.0000	1.0000	0.3714	NaN	NaN	NaN	157738.1633	157738.5763	1.0000	1.0000	0.4202	0.4843
15wy01	1	27	0	1	1.0000	1.0000	-1.0000	NaN	3.7526	-4.0719	13.7761	157741.0943	157741.4012	0.0000	1.0000	0.6672	0.7460
15wy01	1	27	0	1	2.0000	1.0000	-1.0000	0.4040	NaN	NaN	NaN	157742.5793	157742.9901	0.0000	1.0000	0.3424	0.4219
15wy01	1	28	0	1	1.0000	1.0000	1.0000	NaN	6.8259	6.9209	15.4873	157745.6136	157745.9173	1.0000	1.0000	0.4706	0.5510
15wy01	1	28	0	1	2.0000	1.0000	-1.0000	0.1234	NaN	NaN	NaN	157746.8970	157747.2517	0.0000	1.0000	0.4630	0.5442
15wy01	1	29	0	1	1.0000	1.0000	-1.0000	NaN	7.9961	-7.8297	15.4213	157749.9224	157750.2247	0.0000	1.0000	0.2900	0.4037
15wy01	1	29	0	1	2.0000	1.0000	1.0000	0.6660	NaN	NaN	NaN	157751.0570	157751.4140	1.0000	1.0000	0.4294	0.5091
15wy01	1	30	0	1	1.0000	1.0000	1.0000	NaN	5.8415	7.1245	14.3835	157754.2991	157754.6013	1.0000	1.0000	0.3623	0.4429
15wy01	1	30	0	1	2.0000	1.0000	1.0000	0.7369	NaN	NaN	NaN	157755.4730	157755.8240	1.0000	1.0000	0.4191	0.4999
15wy01	1	31	0	1	1.0000	1.0000	-1.0000	NaN	3.7346	-3.1764	15.6454	157758.7008	157759.0030	1.0000	0.0000	0.5527	0.6649
15wy01	1	31	0	1	2.0000	1.0000	-1.0000	0.7546	NaN	NaN	NaN	157760.0964	157760.4512	0.0000	1.0000	0.4159	0.4813
15wy01	1	32	0	1	1.0000	1.0000	1.0000	NaN	5.7591	8.4497	16.0967	157763.5048	157763.8069	1.0000	1.0000	0.2773	0.3574
15wy01	1	32	0	1	2.0000	1.0000	-1.0000	0.4750	NaN	NaN	NaN	157764.5929	157764.9467	0.0000	1.0000	0.3840	0.4493
15wy01	1	33	0	1	1.0000	1.0000	-1.0000	NaN	7.7558	-8.0161	16.1438	157767.3968	157767.6996	0.0000	1.0000	0.3203	0.4009
15wy01	1	33	0	1	2.0000	1.0000	1.0000	0.4233	NaN	NaN	NaN	157768.5291	157768.8841	1.0000	1.0000	0.3193	0.4163
15wy01	1	34	0	1	1.0000	1.0000	1.0000	NaN	6.5983	7.7083	15.9803	157771.2510	157771.5533	1.0000	1.0000	0.2913	0.3551
15wy01	1	34	0	1	2.0000	1.0000	1.0000	0.5507	NaN	NaN	NaN	157772.3370	157772.6898	1.0000	1.0000	0.4344	0.5305
15wy01	1	35	0	1	1.0000	1.0000	1.0000	NaN	8.5804	6.8325	14.6320	157774.9454	157775.2489	1.0000	1.0000	0.3863	0.4672
15wy01	1	35	0	1	2.0000	1.0000	1.0000	0.7401	NaN	NaN	NaN	157776.1447	157776.5004	0.0000	0.0000	0.3983	0.5117
15wy01	1	36	0	1	1.0000	1.0000	-1.0000	NaN	11.3374	-13.4223	12.9003	157778.8803	157779.1824	0.0000	1.0000	0.4523	0.5336
15wy01	1	36	0	1	2.0000	1.0000	-1.0000	0.8576	NaN	NaN	NaN	157780.1447	157780.5001	0.0000	1.0000	0.4306	0.5121
15wy01	1	37	0	1	1.0000	1.0000	1.0000	NaN	1.4280	0.0452	13.6294	157783.1185	157783.4227	0.0000	0.0000	1.2047	1.2699
15wy01	1	37	0	1	2.0000	1.0000	1.0000	0.1545	NaN	NaN	NaN	157785.1239	157785.5178	0.0000	0.0000	0.5335	0.6148
15wy01	1	38	0	1	1.0000	1.0000	1.0000	NaN	1.5981	2.0203	14.8563	157788.0237	157788.3260	1.0000	1.0000	1.3568	1.4382
15wy01	1	38	0	1	2.0000	1.0000	-1.0000	0.0793	NaN	NaN	NaN	157790.1929	157790.5497	0.0000	1.0000	0.6710	0.7338
15wy01	1	39	0	1	1.0000	1.0000	-1.0000	NaN	8.3889	-10.1584	14.7165	157793.4605	157793.7634	0.0000	1.0000	0.3519	0.4800
15wy01	1	39	0	1	2.0000	1.0000	1.0000	0.4807	NaN	NaN	NaN	157794.6720	157795.0288	1.0000	1.0000	0.5259	0.6236
15wy01	1	40	0	1	1.0000	1.0000	-1.0000	NaN	4.0526	-5.2559	14.4034	157797.9033	157798.2054	0.0000	1.0000	0.3749	0.4866
15wy01	1	40	0	1	2.0000	1.0000	1.0000	0.4648	NaN	NaN	NaN	157799.1206	157799.4719	1.0000	1.0000	0.5954	0.6606
15wy01	1	41	0	1	1.0000	1.0000	1.0000	NaN	4.8914	5.3858	15.3466	157802.0599	157802.3626	1.0000	1.0000	0.3299	0.4099
15wy01	1	41	0	1	2.0000	1.0000	-1.0000	0.6217	NaN	NaN	NaN	157803.2021	157803.5553	0.0000	1.0000	0.3523	0.4487
15wy01	1	42	0	1	1.0000	1.0000	1.0000	NaN	11.6471	11.7653	14.6062	157806.1545	157806.4567	1.0000	1.0000	0.2661	0.3307
15wy01	1	42	0	1	2.0000	1.0000	1.0000	0.1497	NaN	NaN	NaN	157807.2175	157807.5687	1.0000	1.0000	0.8981	0.9794
15wy01	1	43	0	1	1.0000	1.0000	-1.0000	NaN	6.7344	-5.3438	15.5538	157811.0737	157811.3759	0.0000	1.0000	0.2763	0.3882
15wy01	1	43	0	1	2.0000	1.0000	1.0000	0.0310	NaN	NaN	NaN	157812.1929	157812.5487	1.0000	1.0000	1.3435	1.4237
15wy01	1	44	0	1	1.0000	1.0000	1.0000	NaN	7.7879	8.9298	14.1394	157815.7730	157816.0752	1.0000	1.0000	0.5211	0.5681
15wy01	1	44	0	1	2.0000	1.0000	1.0000	0.9243	NaN	NaN	NaN	157817.0720	157817.4277	1.0000	1.0000	1.0077	1.0877
15wy01	1	45	0	1	1.0000	1.0000	-1.0000	NaN	9.8815	-9.9186	15.2246	157820.9655	157821.2677	1.0000	0.0000	0.7355	0.8486
15wy01	1	45	0	1	2.0000	1.0000	1.0000	0.0923	NaN	NaN	NaN	157822.5450	157822.8993	0.0000	0.0000	0.6561	0.7201
15wy01	1	46	0	1	1.0000	1.0000	1.0000	NaN	1.1845	0.9917	16.4907	157825.9111	157826.2135	1.0000	1.0000	2.3980	2.4779
15wy01	1	46	0	1	2.0000	1.0000	-1.0000	0.7564	NaN	NaN	NaN	157829.1228	157829.5386	0.0000	1.0000	0.4163	0.4973
15wy01	1	47	0	1	1.0000	1.0000	1.0000	NaN	9.2989	9.8679	14.6723	157832.0716	157832.3765	1.0000	1.0000	0.2187	0.3003
15wy01	1	47	0	1	2.0000	1.0000	-1.0000	0.0044	NaN	NaN	NaN	157833.1089	157833.5222	0.0000	1.0000	0.6420	0.7222
15wy01	1	48	0	1	1.0000	1.0000	-1.0000	NaN	10.6381	-8.5752	14.1725	157836.3798	157836.6842	0.0000	1.0000	1.6386	1.7351
15wy01	1	48	0	1	2.0000	1.0000	-1.0000	0.2279	NaN	NaN	NaN	157838.8539	157839.2719	0.0000	1.0000	0.4762	0.5723
15wy01	1	49	0	1	1.0000	1.0000	1.0000	NaN	2.4929	3.5232	16.4133	157841.7827	157842.0871	0.0000	0.0000	0.4437	0.5253
15wy01	1	49	0	1	2.0000	1.0000	-1.0000	0.5577	NaN	NaN	NaN	157843.0441	157843.4551	0.0000	1.0000	0.3558	0.4374
15wy01	1	50	0	1	1.0000	1.0000	1.0000	NaN	11.7966	11.3412	14.9986	157846.3454	157846.6499	1.0000	1.0000	0.2822	0.3788
15wy01	1	50	0	1	2.0000	1.0000	1.0000	0.3969	NaN	NaN	NaN	157847.4603	157847.8715	0.0000	0.0000	0.5483	0.6288
15wy01	2	1	0	1	1.0000	1.0000	-1.0000	NaN	2.0060	-1.4221	13.9266	157853.7337	157854.0382	1.0000	0.0000	1.3251	1.4387
15wy01	2	1	0	1	2.0000	1.0000	1.0000	0.9349	NaN	NaN	NaN	157855.9086	157856.3211	1.0000	1.0000	0.4018	0.4992
15wy01	2	2	0	1	1.0000	1.0000	1.0000	NaN	6.2536	4.9610	13.6600	157859.1996	157859.5041	0.0000	0.0000	1.5547	1.6360
15wy01	2	2	0	1	2.0000	1.0000	-1.0000	0.5195	NaN	NaN	NaN	157861.5718	157861.9874	0.0000	1.0000	0.2727	0.3845
15wy01	2	3	0	1	1.0000	1.0000	1.0000	NaN	6.0057	6.5755	15.7548	157864.6720	157864.9781	0.0000	0.0000	1.2808	1.3623
15wy01	2	3	0	1	2.0000	1.0000	1.0000	0.6771	NaN	NaN	NaN	157866.7722	157867.1867	1.0000	1.0000	0.3366	0.4327
15wy01	2	4	0	1	1.0000	1.0000	-1.0000	NaN	11.4196	-11.8540	16.1241	157869.7998	157870.1039	0.0000	1.0000	2.7795	2.8603
15wy01	2	4	0	1	2.0000	1.0000	-1.0000	0.3225	NaN	NaN	NaN	157873.3972	157873.8069	0.0000	1.0000	0.3719	0.4693
15wy01	2	5	0	1	1.0000	1.0000	1.0000	NaN	4.2087	0.8494	14.9648	157876.0099	157876.3141	0.0000	0.0000	1.3527	1.4333
15wy01	2	5	0	1	2.0000	1.0000	1.0000	0.5062	NaN	NaN	NaN	157878.1805	157878.5899	1.0000	1.0000	0.2929	0.4063
15wy01	2	6	0	1	1.0000	1.0000	-1.0000	NaN	5.0746	-7.1662	16.6047	157881.5772	157881.8820	1.0000	0.0000	1.0494	1.1465
15wy01	2	6	0	1	2.0000	1.0000	-1.0000	0.1698	NaN	NaN	NaN	157883.4605	157883.8831	0.0000	1.0000	0.3457	0.4256
15wy01	2	7	0	1	1.0000	1.0000	-1.0000	NaN	9.6008	-8.0595	15.2639	157886.5343	157886.8392	0.0000	1.0000	0.4929	0.5731
15wy01	2	7	0	1	2.0000	1.0000	-1.0000	0.2469	NaN	NaN	NaN	157887.8446	157888.2339	0.0000	1.0000	0.3129	0.4094
15wy01	2	8	0	1	1.0000	1.0000	1.0000	NaN	5.1887	4.9450	13.8232	157891.0495	157891.3545	1.0000	1.0000	0.5684	0.6501
15wy01	2	8	0	1	2.0000	1.0000	1.0000	0.4311	NaN	NaN	NaN	157892.4366	157892.8531	1.0000	1.0000	0.5752	0.6544
15wy01	2	9	0	1	1.0000	1.0000	1.0000	NaN	1.5238	1.5463	15.3834	157895.3946	157895.6995	1.0000	1.0000	1.1521	1.2330
15wy01	2	9	0	1	2.0000	1.0000	-1.0000	0.8605	NaN	NaN	NaN	157897.3668	157897.7857	0.0000	1.0000	0.5055	0.6020
15wy01	2	10	0	1	1.0000	1.0000	-1.0000	NaN	7.3925	-7.1391	14.7132	157900.6749	157900.9799	0.0000	1.0000	1.9366	2.0167
15wy01	2	10	0	1	2.0000	1.0000	1.0000	0.2385	NaN	NaN	NaN	157903.4303	157903.8520	1.0000	1.0000	0.3600	0.4402
15wy01	2	11	0	1	1.0000	1.0000	1.0000	NaN	7.8823	7.9054	15.9041	157906.2307	157906.5351	1.0000	1.0000	0.3797	0.4935
15wy01	2	11	0	1	2.0000	1.0000	-1.0000	0.3960	NaN	NaN	NaN	157907.4612	157907.8802	0.0000	1.0000	0.3467	0.4283
15wy01	2	12	0	1	1.0000	1.0000	-1.0000	NaN	11.7797	-9.7096	14.3821	157910.5695	157910.8754	0.0000	1.0000	0.6155	0.6961
15wy01	2	12	0	1	2.0000	1.0000	-1.0000	0.4377	NaN	NaN	NaN	157912.0033	157912.4184	0.0000	1.0000	0.3205	0.4339
15wy01	2	13	0	1	1.0000	1.0000	-1.0000	NaN	9.8106	-10.6083	14.9467	157914.9146	157915.2191	0.0000	1.0000	0.3851	0.4817
15wy01	2	13	0	1	2.0000	1.0000	-1.0000	0.7772	NaN	NaN	NaN	157916.1341	157916.5393	0.0000	1.0000	0.2642	0.3771
15wy01	2	14	0	1	1.0000	1.0000	1.0000	NaN	7.4120	8.8345	14.8004	157919.1933	157919.4955	1.0000	1.0000	0.2678	0.3799
15wy01	2	14	0	1	2.0000	1.0000	1.0000	0.5794	NaN	NaN	NaN	157920.3041	157920.6600	1.0000	1.0000	0.2559	0.3204
15wy01	2	15	0	1	1.0000	1.0000	1.0000	NaN	6.6019	4.6760	15.1589	157922.9059	157923.2087	1.0000	1.0000	0.3633	0.4588
15wy01	2	15	0	1	2.0000	1.0000	1.0000	0.8321	NaN	NaN	NaN	157924.0963	157924.4494	1.0000	1.0000	0.2265	0.3074
15wy01	2	16	0	1	1.0000	1.0000	1.0000	NaN	1.0059	2.9531	15.0669	157927.0325	157927.3347	1.0000	1.0000	0.2532	0.3818
15wy01	2	16	0	1	2.0000	1.0000	1.0000	0.4280	NaN	NaN	NaN	157928.1460	157928.4960	1.0000	1.0000	0.2109	0.3243
15wy01	2	17	0	1	1.0000	1.0000	-1.0000	NaN	1.8285	-0.4205	14.0800	157930.6970	157930.9993	1.0000	0.0000	0.3487	0.4451
15wy01	2	17	0	1	2.0000	1.0000	-1.0000	0.8677	NaN	NaN	NaN	157931.8730	157932.2262	0.0000	1.0000	0.1938	0.3373
15wy01	2	18	0	1	1.0000	1.0000	1.0000	NaN	1.1705	0.5984	15.3908	157934.5817	157934.8839	1.0000	1.0000	0.3509	0.4477
15wy01	2	18	0	1	2.0000	1.0000	1.0000	0.6007	NaN	NaN	NaN	157935.7618	157936.1122	1.0000	1.0000	0.6751	0.7233
15wy01	2	19	0	1	1.0000	1.0000	-1.0000	NaN	10.9888	-11.2496	15.2141	157939.2150	157939.5192	0.0000	1.0000	0.3568	0.4533
15wy01	2	19	0	1	2.0000	1.0000	-1.0000	0.4007	NaN	NaN	NaN	157940.4041	157940.8165	0.0000	1.0000	1.0104	1.0911
15wy01	2	20	0	1	1.0000	1.0000	-1.0000	NaN	2.0542	-1.9362	13.8054	157944.0425	157944.3470	0.0000	1.0000	1.3039	1.3695
15wy01	2	20	0	1	2.0000	1.0000	1.0000	0.6227	NaN	NaN	NaN	157946.1493	157946.5666	1.0000	1.0000	0.2534	0.3499
15wy01	2	21	0	1	1.0000	1.0000	1.0000	NaN	6.9025	7.0367	13.5037	157948.9511	157949.2573	1.0000	1.0000	0.2496	0.3632
15wy01	2	21	0	1	2.0000	1.0000	-1.0000	0.9083	NaN	NaN	NaN	157950.0522	157950.4665	0.0000	1.0000	0.2415	0.3215
15wy01	2	22	0	1	1.0000	1.0000	1.0000	NaN	5.5062	5.7572	14.3234	157952.7269	157953.0315	1.0000	1.0000	0.2998	0.3808
15wy01	2	22	0	1	2.0000	1.0000	-1.0000	0.2254	NaN	NaN	NaN	157953.8465	157954.2663	0.0000	1.0000	0.4741	0.5694
15wy01	2	23	0	1	1.0000	1.0000	-1.0000	NaN	3.4688	-4.4044	14.1688	157957.0959	157957.4004	0.0000	1.0000	0.2827	0.3802
15wy01	2	23	0	1	2.0000	1.0000	-1.0000	0.6423	NaN	NaN	NaN	157958.2152	157958.6327	1.0000	0.0000	0.2982	0.3959
15wy01	2	24	0	1	1.0000	1.0000	-1.0000	NaN	6.2166	-3.6763	15.2479	157961.4087	157961.7132	0.0000	1.0000	0.3709	0.4832
15wy01	2	24	0	1	2.0000	1.0000	1.0000	0.8316	NaN	NaN	NaN	157962.6307	157963.0492	1.0000	1.0000	0.3624	0.4590
15wy01	2	25	0	1	1.0000	1.0000	-1.0000	NaN	11.7920	-14.5248	14.5592	157965.5439	157965.8484	0.0000	1.0000	0.3478	0.4275
15wy01	2	25	0	1	2.0000	1.0000	-1.0000	0.7832	NaN	NaN	NaN	157966.7089	157967.1193	0.0000	1.0000	0.3574	0.4691
15wy01	2	26	0	1	1.0000	1.0000	1.0000	NaN	10.6220	13.6064	14.2766	157969.9270	157970.2312	1.0000	1.0000	0.3163	0.4131
15wy01	2	26	0	1	2.0000	1.0000	1.0000	0.0359	NaN	NaN	NaN	157971.0784	157971.4988	0.0000	0.0000	0.4408	0.5367
15wy01	2	27	0	1	1.0000	1.0000	1.0000	NaN	4.4218	5.6495	15.4489	157974.0858	157974.3925	1.0000	1.0000	0.5552	0.6199
15wy01	2	27	0	1	2.0000	1.0000	-1.0000	0.1743	NaN	NaN	NaN	157975.4464	157975.8653	0.0000	1.0000	0.2826	0.3947
15wy01	2	28	0	1	1.0000	1.0000	-1.0000	NaN	1.0262	-1.9610	16.2178	157978.3445	157978.6486	0.0000	1.0000	1.2596	1.3720
15wy01	2	28	0	1	2.0000	1.0000	-1.0000	0.4825	NaN	NaN	NaN	157980.4519	157980.8644	0.0000	1.0000	0.2758	0.3880
15wy01	2	29	0	1	1.0000	1.0000	-1.0000	NaN	0.3506	-0.7794	14.7426	157983.1872	157983.4922	0.0000	1.0000	1.7427	1.8240
15wy01	2	29	0	1	2.0000	1.0000	1.0000	0.7610	NaN	NaN	NaN	157985.7475	157986.1642	1.0000	1.0000	0.2547	0.3524
15wy01	2	30	0	1	1.0000	1.0000	1.0000	NaN	11.6238	8.6594	16.0802	157988.5774	157988.8815	1.0000	1.0000	0.3054	0.3704
15wy01	2	30	0	1	2.0000	1.0000	1.0000	0.6824	NaN	NaN	NaN	157989.6832	157990.0974	0.0000	0.0000	0.4033	0.5144
15wy01	2	31	0	1	1.0000	1.0000	-1.0000	NaN	1.4798	-0.3727	16.3119	157993.1161	157993.4234	0.0000	1.0000	0.8675	0.9487
15wy01	2	31	0	1	2.0000	1.0000	-1.0000	0.2279	NaN	NaN	NaN	157994.8042	157995.2064	0.0000	1.0000	0.3336	0.4299
15wy01	2	32	0	1	1.0000	1.0000	1.0000	NaN	6.5641	7.4529	14.4252	157997.6883	157997.9931	0.0000	0.0000	0.8578	0.9558
15wy01	2	32	0	1	2.0000	1.0000	-1.0000	0.4284	NaN	NaN	NaN	157999.3808	157999.8105	0.0000	1.0000	0.4488	0.5451
15wy01	2	33	0	1	1.0000	1.0000	1.0000	NaN	0.5163	2.6847	15.7538	158002.7893	158003.0941	1.0000	1.0000	0.7488	0.8466
15wy01	2	33	0	1	2.0000	1.0000	-1.0000	0.0146	NaN	NaN	NaN	158004.3738	158004.7922	1.0000	0.0000	0.3803	0.4758
15wy01	2	34	0	1	1.0000	1.0000	-1.0000	NaN	4.1998	-4.6269	15.4256	158007.2244	158007.5288	0.0000	1.0000	0.4273	0.5238
15wy01	2	34	0	1	2.0000	1.0000	-1.0000	0.8828	NaN	NaN	NaN	158008.4842	158008.8847	0.0000	1.0000	0.2382	0.3358
15wy01	2	35	0	1	1.0000	1.0000	1.0000	NaN	7.2260	6.9869	13.8080	158011.1955	158011.4977	0.0000	0.0000	1.0336	1.1138
15wy01	2	35	0	1	2.0000	1.0000	1.0000	0.0064	NaN	NaN	NaN	158013.0416	158013.3917	0.0000	0.0000	0.5005	0.5970
15wy01	2	36	0	1	1.0000	1.0000	-1.0000	NaN	3.0901	-2.2104	14.6222	158016.3355	158016.6376	0.0000	1.0000	0.3586	0.4709
15wy01	2	36	0	1	2.0000	1.0000	1.0000	0.1418	NaN	NaN	NaN	158017.5372	158017.8898	1.0000	1.0000	1.8267	1.9541
15wy01	2	37	0	1	1.0000	1.0000	-1.0000	NaN	4.8217	-3.7615	14.1158	158022.1445	158022.4467	0.0000	1.0000	0.6450	0.7420
15wy01	2	37	0	1	2.0000	1.0000	1.0000	0.4876	NaN	NaN	NaN	158023.6173	158023.9717	0.0000	0.0000	0.5928	0.6885
15wy01	2	38	0	1	1.0000	1.0000	-1.0000	NaN	1.2811	-0.5748	14.6190	158026.7549	158027.0572	0.0000	1.0000	0.9312	1.0115
15wy01	2	38	0	1	2.0000	1.0000	1.0000	0.6852	NaN	NaN	NaN	158028.4974	158028.8547	0.0000	0.0000	0.7341	0.8620
15wy01	2	39	0	1	1.0000	1.0000	-1.0000	NaN	10.5558	-12.9422	14.6841	158031.6598	158031.9620	0.0000	1.0000	0.2824	0.3627
15wy01	2	39	0	1	2.0000	1.0000	-1.0000	0.8610	NaN	NaN	NaN	158032.7533	158033.1057	0.0000	1.0000	0.4332	0.5309
15wy01	2	40	0	1	1.0000	1.0000	-1.0000	NaN	8.2706	-9.5507	15.4129	158036.0375	158036.3397	0.0000	1.0000	0.4639	0.5603
15wy01	2	40	0	1	2.0000	1.0000	1.0000	0.6214	NaN	NaN	NaN	158037.3288	158037.6834	1.0000	1.0000	0.3675	0.4809
15wy01	2	41	0	1	1.0000	1.0000	1.0000	NaN	11.4027	11.5951	13.8353	158040.4898	158040.7922	1.0000	1.0000	0.2679	0.3646
15wy01	2	41	0	1	2.0000	1.0000	-1.0000	0.3012	NaN	NaN	NaN	158041.5854	158041.9387	0.0000	1.0000	0.3689	0.4649
15wy01	2	42	0	1	1.0000	1.0000	-1.0000	NaN	7.4647	-7.4208	13.7048	158044.2041	158044.5063	0.0000	1.0000	0.2810	0.3945
15wy01	2	42	0	1	2.0000	1.0000	1.0000	0.8104	NaN	NaN	NaN	158045.3322	158045.7446	1.0000	1.0000	0.2117	0.2919
15wy01	2	43	0	1	1.0000	1.0000	1.0000	NaN	2.7111	2.5019	13.9911	158048.3739	158048.6787	0.0000	0.0000	0.3643	0.4617
15wy01	2	43	0	1	2.0000	1.0000	-1.0000	0.1850	NaN	NaN	NaN	158049.5749	158049.9955	0.0000	1.0000	0.1206	0.2172
15wy01	2	44	0	1	1.0000	1.0000	-1.0000	NaN	0.9103	-1.0823	13.8304	158052.3250	158052.6299	1.0000	0.0000	0.7662	0.8789
15wy01	2	44	0	1	2.0000	1.0000	-1.0000	0.5394	NaN	NaN	NaN	158053.9435	158054.3614	0.0000	1.0000	0.2670	0.3634
15wy01	2	45	0	1	1.0000	1.0000	-1.0000	NaN	4.2379	-4.5734	14.8875	158056.9790	158057.2848	0.0000	1.0000	0.2399	0.3357
15wy01	2	45	0	1	2.0000	1.0000	1.0000	0.2230	NaN	NaN	NaN	158058.0522	158058.4732	1.0000	1.0000	0.3297	0.4114
15wy01	2	46	0	1	1.0000	1.0000	-1.0000	NaN	9.9699	-9.7353	16.0715	158060.8957	158061.2017	0.0000	1.0000	0.2584	0.3703
15wy01	2	46	0	1	2.0000	1.0000	-1.0000	0.3341	NaN	NaN	NaN	158062.0058	158062.4277	0.0000	1.0000	0.2641	0.3931
15wy01	2	47	0	1	1.0000	1.0000	-1.0000	NaN	1.5837	-3.0520	14.9902	158065.2073	158065.5118	0.0000	1.0000	0.2527	0.3491
15wy01	2	47	0	1	2.0000	1.0000	1.0000	0.0916	NaN	NaN	NaN	158066.2935	158066.7102	1.0000	1.0000	0.3812	0.4784
15wy01	2	48	0	1	1.0000	1.0000	-1.0000	NaN	8.7807	-11.1792	14.5832	158069.0734	158069.3776	0.0000	1.0000	0.1628	0.2742
15wy01	2	48	0	1	2.0000	1.0000	1.0000	0.6167	NaN	NaN	NaN	158070.0832	158070.4934	1.0000	1.0000	0.3096	0.4071
15wy01	2	49	0	1	1.0000	1.0000	1.0000	NaN	11.0063	11.7594	15.2074	158073.0342	158073.3382	1.0000	1.0000	0.2807	0.3783
15wy01	2	49	0	1	2.0000	1.0000	1.0000	0.5222	NaN	NaN	NaN	158074.1478	158074.5599	1.0000	1.0000	0.2275	0.3088
15wy01	2	50	0	1	1.0000	1.0000	1.0000	NaN	11.9536	11.4831	13.6090	158076.9777	158077.2826	1.0000	1.0000	0.1772	0.2902
15wy01	2	50	0	1	2.0000	1.0000	-1.0000	0.5114	NaN	NaN	NaN	158078.0069	158078.4267	0.0000	1.0000	0.1042	0.2175
15wy01	3	1	0	1	1.0000	1.0000	1.0000	NaN	1.0132	0.2379	13.8443	158082.6947	158083.0012	1.0000	1.0000	0.2507	0.3476
15wy01	3	1	0	1	2.0000	1.0000	1.0000	0.8253	NaN	NaN	NaN	158083.7803	158084.1927	1.0000	1.0000	0.0839	0.1630
15wy01	3	2	0	1	1.0000	1.0000	1.0000	NaN	2.2852	2.9714	15.6314	158086.2144	158086.5204	1.0000	1.0000	0.1545	0.2522
15wy01	3	2	0	1	2.0000	1.0000	-1.0000	0.6357	NaN	NaN	NaN	158087.2067	158087.6264	0.0000	1.0000	0.0565	0.1376
15wy01	3	3	0	1	1.0000	1.0000	-1.0000	NaN	7.4887	-5.7641	15.0859	158089.8651	158090.1673	0.0000	1.0000	0.6521	0.7654
15wy01	3	3	0	1	2.0000	1.0000	1.0000	0.4645	NaN	NaN	NaN	158091.3641	158091.7758	1.0000	1.0000	0.0512	0.1647
15wy01	3	4	0	1	1.0000	1.0000	-1.0000	NaN	6.3257	-8.4563	14.7233	158093.7987	158094.1034	0.0000	1.0000	0.1733	0.2689
15wy01	3	4	0	1	2.0000	1.0000	-1.0000	0.4181	NaN	NaN	NaN	158094.8069	158095.2260	0.0000	1.0000	0.1695	0.2502
15wy01	3	5	0	1	1.0000	1.0000	-1.0000	NaN	9.0447	-9.8948	15.3886	158097.6598	158097.9650	0.0000	1.0000	0.2151	0.3265
15wy01	3	5	0	1	2.0000	1.0000	-1.0000	0.7193	NaN	NaN	NaN	158098.7252	158099.1425	0.0000	1.0000	0.0924	0.1901
15wy01	3	6	0	1	1.0000	1.0000	1.0000	NaN	9.7714	10.3807	15.4368	158101.6084	158101.9106	1.0000	1.0000	0.1580	0.2702
15wy01	3	6	0	1	2.0000	1.0000	1.0000	0.2416	NaN	NaN	NaN	158102.6094	158102.9634	0.0000	0.0000	0.2396	0.3525
15wy01	3	7	0	1	1.0000	1.0000	-1.0000	NaN	8.1837	-10.1847	13.9190	158105.4128	158105.7163	0.0000	1.0000	0.2235	0.3362
15wy01	3	7	0	1	2.0000	1.0000	-1.0000	0.0566	NaN	NaN	NaN	158106.4812	158106.8343	1.0000	0.0000	1.3134	1.4105
15wy01	3	8	0	1	1.0000	1.0000	1.0000	NaN	6.9207	7.6019	15.2127	158110.4610	158110.7632	1.0000	1.0000	0.4877	0.5692
15wy01	3	8	0	1	2.0000	1.0000	1.0000	0.7652	NaN	NaN	NaN	158111.7610	158112.1172	1.0000	1.0000	0.4464	0.5113
15wy01	3	9	0	1	1.0000	1.0000	1.0000	NaN	2.6610	1.5829	15.5967	158114.9298	158115.2326	0.0000	0.0000	1.9550	2.0360
15wy01	3	9	0	1	2.0000	1.0000	1.0000	0.6757	NaN	NaN	NaN	158117.6972	158118.0516	1.0000	1.0000	0.2554	0.3691
15wy01	3	10	0	1	1.0000	1.0000	-1.0000	NaN	6.2598	-6.1220	14.7511	158120.5167	158120.8190	0.0000	1.0000	0.8326	0.9132
15wy01	3	10	0	1	2.0000	1.0000	-1.0000	0.0679	NaN	NaN	NaN	158122.1608	158122.5167	1.0000	0.0000	1.0227	1.1193
15wy01	3	11	0	1	1.0000	1.0000	-1.0000	NaN	4.0455	-3.2205	15.1725	158125.9571	158126.2592	1.0000	0.0000	0.5926	0.6886
15wy01	3	11	0	1	2.0000	1.0000	-1.0000	0.0113	NaN	NaN	NaN	158127.3764	158127.7333	1.0000	0.0000	0.7023	0.7828
15wy01	3	12	0	1	1.0000	1.0000	-1.0000	NaN	2.2675	-0.2228	14.9994	158130.7329	158131.0352	1.0000	0.0000	0.9846	1.0973
15wy01	3	12	0	1	2.0000	1.0000	-1.0000	0.7075	NaN	NaN	NaN	158132.5611	158132.9163	0.0000	1.0000	0.3033	0.4002
15wy01	3	13	0	1	1.0000	1.0000	1.0000	NaN	8.9176	9.8890	14.2370	158135.4879	158135.7924	1.0000	1.0000	0.4994	0.6118
15wy01	3	13	0	1	2.0000	1.0000	-1.0000	0.7199	NaN	NaN	NaN	158136.8385	158137.2573	0.0000	1.0000	0.3146	0.4587
15wy01	3	14	0	1	1.0000	1.0000	-1.0000	NaN	2.0151	-2.0055	13.5266	158139.9755	158140.2827	1.0000	0.0000	1.1763	1.2736
15wy01	3	14	0	1	2.0000	1.0000	1.0000	0.4654	NaN	NaN	NaN	158141.9901	158142.4055	1.0000	1.0000	0.2540	0.3672
15wy01	3	15	0	1	1.0000	1.0000	1.0000	NaN	2.2425	2.7892	14.0311	158145.3440	158145.6478	1.0000	1.0000	0.4518	0.5648
15wy01	3	15	0	1	2.0000	1.0000	-1.0000	0.7554	NaN	NaN	NaN	158146.6412	158146.9946	0.0000	1.0000	0.3056	0.4021
15wy01	3	16	0	1	1.0000	1.0000	1.0000	NaN	4.4092	3.6434	15.2133	158149.1985	158149.5006	1.0000	1.0000	0.3120	0.3761
15wy01	3	16	0	1	2.0000	1.0000	-1.0000	0.3757	NaN	NaN	NaN	158150.3054	158150.6614	0.0000	1.0000	0.3185	0.4142
15wy01	3	17	0	1	1.0000	1.0000	-1.0000	NaN	5.6511	-6.1215	14.1699	158153.3263	158153.6293	1.0000	0.0000	0.5022	0.6149
15wy01	3	17	0	1	2.0000	1.0000	1.0000	0.5686	NaN	NaN	NaN	158154.6727	158155.0277	1.0000	1.0000	0.2879	0.3840
15wy01	3	18	0	1	1.0000	1.0000	1.0000	NaN	0.3665	0.2781	14.5645	158157.3814	158157.6837	1.0000	1.0000	0.2239	0.3040
15wy01	3	18	0	1	2.0000	1.0000	1.0000	0.1879	NaN	NaN	NaN	158158.4179	158158.7679	1.0000	1.0000	0.2431	0.3404
15wy01	3	19	0	1	1.0000	1.0000	-1.0000	NaN	6.5745	-8.3286	13.8161	158161.2083	158161.5106	1.0000	0.0000	1.5330	1.6292
15wy01	3	19	0	1	2.0000	1.0000	-1.0000	0.4017	NaN	NaN	NaN	158163.5685	158163.9208	0.0000	1.0000	0.3702	0.4668
15wy01	3	20	0	1	1.0000	1.0000	-1.0000	NaN	2.7659	-3.8064	14.0208	158166.4291	158166.7313	1.0000	0.0000	0.2967	0.3771
15wy01	3	20	0	1	2.0000	1.0000	-1.0000	0.4474	NaN	NaN	NaN	158167.5370	158167.8939	1.0000	0.0000	0.8451	0.9267
15wy01	3	21	0	1	1.0000	1.0000	-1.0000	NaN	4.0846	-5.1454	16.3350	158171.2616	158171.5638	1.0000	0.0000	0.3439	0.4563
15wy01	3	21	0	1	2.0000	1.0000	1.0000	0.9118	NaN	NaN	NaN	158172.4503	158172.8007	1.0000	1.0000	0.3395	0.4028
15wy01	3	22	0	1	1.0000	1.0000	-1.0000	NaN	5.1390	-4.2096	16.2569	158175.0221	158175.3244	1.0000	0.0000	0.8079	0.9191
15wy01	3	22	0	1	2.0000	1.0000	1.0000	0.1814	NaN	NaN	NaN	158176.6722	158177.0266	1.0000	1.0000	0.6091	0.7061
15wy01	3	23	0	1	1.0000	1.0000	-1.0000	NaN	2.3774	-1.6742	15.3821	158179.7030	158180.0068	1.0000	0.0000	0.3162	0.4141
15wy01	3	23	0	1	2.0000	1.0000	-1.0000	0.3538	NaN	NaN	NaN	158180.8540	158181.2473	0.0000	1.0000	0.4205	0.5163
15wy01	3	24	0	1	1.0000	1.0000	-1.0000	NaN	11.4901	-11.4797	14.8336	158183.5062	158183.8083	0.0000	1.0000	0.2587	0.3393
15wy01	3	24	0	1	2.0000	1.0000	-1.0000	0.5195	NaN	NaN	NaN	158184.5763	158184.9304	0.0000	1.0000	0.2902	0.3702
15wy01	3	25	0	1	1.0000	1.0000	-1.0000	NaN	1.2798	-1.4356	16.0740	158187.3265	158187.6291	1.0000	0.0000	0.5019	0.5836
15wy01	3	25	0	1	2.0000	1.0000	-1.0000	0.4205	NaN	NaN	NaN	158188.6414	158188.9969	0.0000	1.0000	0.2546	0.3357
15wy01	3	26	0	1	1.0000	1.0000	-1.0000	NaN	5.2284	-5.2238	15.2282	158191.3004	158191.6026	0.0000	1.0000	1.2969	1.3770
15wy01	3	26	0	1	2.0000	1.0000	1.0000	0.2163	NaN	NaN	NaN	158193.4083	158193.7632	1.0000	1.0000	0.2081	0.3050
15wy01	3	27	0	1	1.0000	1.0000	1.0000	NaN	9.6034	10.5856	14.5131	158196.3950	158196.6972	0.0000	0.0000	0.9063	1.0184
15wy01	3	27	0	1	2.0000	1.0000	-1.0000	0.4611	NaN	NaN	NaN	158198.1442	158198.4976	0.0000	1.0000	0.2910	0.4031
15wy01	3	28	0	1	1.0000	1.0000	-1.0000	NaN	3.8352	-6.4312	15.4020	158200.7186	158201.0207	1.0000	0.0000	0.4564	0.5676
15wy01	3	28	0	1	2.0000	1.0000	-1.0000	0.0654	NaN	NaN	NaN	158202.0169	158202.3687	0.0000	1.0000	1.4744	1.5550
15wy01	3	29	0	1	1.0000	1.0000	1.0000	NaN	7.9983	7.1490	14.9041	158206.2694	158206.5716	1.0000	1.0000	0.3594	0.4729
15wy01	3	29	0	1	2.0000	1.0000	1.0000	0.6632	NaN	NaN	NaN	158207.4731	158207.8292	1.0000	1.0000	0.3178	0.4154
15wy01	3	30	0	1	1.0000	1.0000	1.0000	NaN	8.8543	8.8840	14.9657	158210.2204	158210.5226	1.0000	1.0000	0.2501	0.3292
15wy01	3	30	0	1	2.0000	1.0000	-1.0000	0.0500	NaN	NaN	NaN	158211.2820	158211.6322	1.0000	0.0000	0.8348	0.9154
15wy01	3	31	0	1	1.0000	1.0000	1.0000	NaN	4.7911	4.7842	13.3046	158215.1181	158215.4203	1.0000	1.0000	1.1913	1.3041
15wy01	3	31	0	1	2.0000	1.0000	-1.0000	0.0574	NaN	NaN	NaN	158217.1530	158217.5081	1.0000	0.0000	0.7205	0.8008
15wy01	3	32	0	1	1.0000	1.0000	1.0000	NaN	7.6624	7.5844	15.0870	158220.3310	158220.6332	1.0000	1.0000	0.2027	0.2984
15wy01	3	32	0	1	2.0000	1.0000	1.0000	0.6649	NaN	NaN	NaN	158221.3603	158221.7132	1.0000	1.0000	0.3384	0.4345
15wy01	3	33	0	1	1.0000	1.0000	-1.0000	NaN	1.6328	-2.1946	14.1994	158224.5981	158224.9004	1.0000	0.0000	0.3195	0.4001
15wy01	3	33	0	1	2.0000	1.0000	1.0000	0.1383	NaN	NaN	NaN	158225.7304	158226.0814	1.0000	1.0000	0.5780	0.6427
15wy01	3	34	0	1	1.0000	1.0000	-1.0000	NaN	7.7372	-7.6580	15.8976	158228.8684	158229.1725	1.0000	0.0000	0.3026	0.4002
15wy01	3	34	0	1	2.0000	1.0000	1.0000	0.8127	NaN	NaN	NaN	158230.0041	158230.4189	1.0000	1.0000	0.3041	0.4174
15wy01	3	35	0	1	1.0000	1.0000	-1.0000	NaN	2.1822	-3.6862	14.2661	158233.0892	158233.3965	1.0000	0.0000	1.1986	1.2962
15wy01	3	35	0	1	2.0000	1.0000	1.0000	0.8651	NaN	NaN	NaN	158235.1247	158235.5493	1.0000	1.0000	0.2298	0.3117
15wy01	3	36	0	1	1.0000	1.0000	1.0000	NaN	9.3662	7.8596	13.3771	158238.4445	158238.7494	1.0000	1.0000	0.4377	0.5346
15wy01	3	36	0	1	2.0000	1.0000	-1.0000	0.3272	NaN	NaN	NaN	158239.7187	158240.1479	0.0000	1.0000	0.7832	0.8802
15wy01	3	37	0	1	1.0000	1.0000	1.0000	NaN	5.8633	4.5206	15.4104	158243.0142	158243.3187	1.0000	1.0000	0.3485	0.4458
15wy01	3	37	0	1	2.0000	1.0000	1.0000	0.6938	NaN	NaN	NaN	158244.1990	158244.5832	1.0000	1.0000	0.4598	0.5410
15wy01	3	38	0	1	1.0000	1.0000	-1.0000	NaN	6.9958	-6.5226	15.2814	158247.4261	158247.7283	0.0000	1.0000	1.1722	1.2522
15wy01	3	38	0	1	2.0000	1.0000	-1.0000	0.3654	NaN	NaN	NaN	158249.4092	158249.7618	0.0000	1.0000	0.3703	0.4670
15wy01	3	39	0	1	1.0000	1.0000	-1.0000	NaN	5.0072	-5.9236	16.0926	158252.1036	158252.4058	1.0000	0.0000	0.7813	0.8780
15wy01	3	39	0	1	2.0000	1.0000	-1.0000	0.2280	NaN	NaN	NaN	158253.7134	158254.0634	0.0000	1.0000	0.4997	0.6123
15wy01	3	40	0	1	1.0000	1.0000	1.0000	NaN	7.0088	6.5805	14.3363	158257.0429	158257.3451	1.0000	1.0000	0.4340	0.5476
15wy01	3	40	0	1	2.0000	1.0000	-1.0000	0.3267	NaN	NaN	NaN	158258.3214	158258.6767	0.0000	1.0000	0.5435	0.6559
15wy01	3	41	0	1	1.0000	1.0000	1.0000	NaN	5.1798	3.6284	14.4250	158261.4831	158261.7854	1.0000	1.0000	0.4258	0.5395
15wy01	3	41	0	1	2.0000	1.0000	-1.0000	0.2774	NaN	NaN	NaN	158262.7535	158263.1099	0.0000	1.0000	0.4620	0.5899
15wy01	3	42	0	1	1.0000	1.0000	1.0000	NaN	3.3123	4.0763	14.1567	158265.9264	158266.2285	1.0000	1.0000	0.7042	0.8163
15wy01	3	42	0	1	2.0000	1.0000	1.0000	0.7170	NaN	NaN	NaN	158267.4734	158267.8276	1.0000	1.0000	0.3197	0.4332
15wy01	3	43	0	1	1.0000	1.0000	-1.0000	NaN	0.0138	-0.0652	15.0029	158269.9864	158270.2887	1.0000	0.0000	0.2431	0.3558
15wy01	3	43	0	1	2.0000	1.0000	1.0000	0.8702	NaN	NaN	NaN	158271.0731	158271.4274	1.0000	1.0000	0.2247	0.3054
15wy01	3	44	0	1	1.0000	1.0000	-1.0000	NaN	5.1625	-4.0930	14.5765	158274.0098	158274.3142	0.0000	1.0000	0.6014	0.6981
15wy01	3	44	0	1	2.0000	1.0000	1.0000	0.8772	NaN	NaN	NaN	158275.4466	158275.8673	1.0000	1.0000	0.1363	0.2495
15wy01	3	45	0	1	1.0000	1.0000	1.0000	NaN	2.9003	2.9442	14.5810	158278.2779	158278.5828	1.0000	1.0000	0.2055	0.3179
15wy01	3	45	0	1	2.0000	1.0000	-1.0000	0.3703	NaN	NaN	NaN	158279.3334	158279.7509	0.0000	1.0000	0.3816	0.4296
15wy01	3	46	0	1	1.0000	1.0000	-1.0000	NaN	9.3500	-9.4276	15.3628	158282.2928	158282.5977	0.0000	1.0000	0.4467	0.5740
15wy01	3	46	0	1	2.0000	1.0000	-1.0000	0.5043	NaN	NaN	NaN	158283.6038	158284.0168	0.0000	1.0000	0.1945	0.2754
15wy01	3	47	0	1	1.0000	1.0000	-1.0000	NaN	11.9890	-10.5054	16.2452	158286.2296	158286.5341	0.0000	1.0000	0.1569	0.2387
15wy01	3	47	0	1	2.0000	1.0000	-1.0000	0.1216	NaN	NaN	NaN	158287.2044	158287.6167	0.0000	1.0000	0.3390	0.4190
15wy01	3	48	0	1	1.0000	1.0000	-1.0000	NaN	11.7570	-11.1292	14.9352	158290.0230	158290.3275	0.0000	1.0000	0.2049	0.3001
15wy01	3	48	0	1	2.0000	1.0000	-1.0000	0.8596	NaN	NaN	NaN	158291.0619	158291.4831	0.0000	1.0000	0.2649	0.3447
15wy01	3	49	0	1	1.0000	1.0000	-1.0000	NaN	7.4051	-7.6949	15.6035	158293.8629	158294.1673	0.0000	1.0000	0.1733	0.2693
15wy01	3	49	0	1	2.0000	1.0000	1.0000	0.2759	NaN	NaN	NaN	158294.8684	158295.2830	1.0000	1.0000	0.3532	0.4327
15wy01	3	50	0	1	1.0000	1.0000	1.0000	NaN	0.9735	2.9587	15.0017	158297.8268	158298.1313	1.0000	1.0000	1.0252	1.1696
15wy01	3	50	0	1	2.0000	1.0000	-1.0000	0.7412	NaN	NaN	NaN	158299.7326	158300.1494	0.0000	1.0000	0.3017	0.4154
