43gz02	1	1	0	0	1.0000	0.0000	-1.0000	0.0153	NaN	NaN	NaN	1474964.0325	1474964.3602	0.0000	1.0000	0.7687
43gz02	1	1	0	0	2.0000	0.0000	1.0000	NaN	6.3504	5.9083	15.4494	1474965.6825	1474965.9835	1.0000	1.0000	0.4413
43gz02	1	2	0	0	1.0000	0.0000	1.0000	0.1403	NaN	NaN	NaN	1474968.5240	1474968.8517	1.0000	1.0000	0.4282
43gz02	1	2	0	0	2.0000	0.0000	1.0000	NaN	1.4507	1.1946	16.0357	1474969.8189	1474970.1199	1.0000	1.0000	2.0242
43gz02	1	3	0	0	1.0000	0.0000	-1.0000	0.5150	NaN	NaN	NaN	1474974.6029	1474974.9305	0.0000	1.0000	0.3960
43gz02	1	3	0	0	2.0000	0.0000	1.0000	NaN	2.4483	1.9974	15.2323	1474975.8925	1474976.1939	1.0000	1.0000	2.6605
43gz02	1	4	0	0	1.0000	0.0000	1.0000	0.3816	NaN	NaN	NaN	1474980.7645	1474981.0911	1.0000	1.0000	0.3074
43gz02	1	4	0	0	2.0000	0.0000	-1.0000	NaN	2.2167	-3.9221	13.3480	1474981.9400	1474982.2410	0.0000	1.0000	0.4473
43gz02	1	5	0	0	1.0000	0.0000	-1.0000	0.5246	NaN	NaN	NaN	1474984.8271	1474985.1543	0.0000	1.0000	0.3186
43gz02	1	5	0	0	2.0000	0.0000	1.0000	NaN	2.6104	1.4714	13.9943	1474986.0431	1474986.3442	0.0000	0.0000	0.7285
43gz02	1	6	0	0	1.0000	0.0000	-1.0000	0.5285	NaN	NaN	NaN	1474989.3506	1474989.6782	0.0000	1.0000	0.3042
43gz02	1	6	0	0	2.0000	0.0000	-1.0000	NaN	9.9741	-10.4610	15.4120	1474990.5474	1474990.8495	0.0000	1.0000	0.3825
43gz02	1	7	0	0	1.0000	0.0000	1.0000	0.0257	NaN	NaN	NaN	1474993.4300	1474993.7575	1.0000	1.0000	0.3790
43gz02	1	7	0	0	2.0000	0.0000	1.0000	NaN	10.9769	11.9943	13.0232	1474994.6988	1474995.0000	1.0000	1.0000	0.2404
43gz02	1	8	0	0	1.0000	0.0000	1.0000	0.3338	NaN	NaN	NaN	1474997.7032	1474998.0290	1.0000	1.0000	0.3870
43gz02	1	8	0	0	2.0000	0.0000	-1.0000	NaN	3.1664	-3.5950	15.9282	1474998.9956	1474999.2966	0.0000	1.0000	1.5272
43gz02	1	9	0	0	1.0000	0.0000	-1.0000	0.6817	NaN	NaN	NaN	1475003.0815	1475003.4092	0.0000	1.0000	0.2863
43gz02	1	9	0	0	2.0000	0.0000	-1.0000	NaN	1.1958	-1.9788	15.2859	1475004.2357	1475004.5368	0.0000	1.0000	0.8474
43gz02	1	10	0	0	1.0000	0.0000	1.0000	0.3598	NaN	NaN	NaN	1475007.3455	1475007.6717	1.0000	1.0000	0.2555
43gz02	1	10	0	0	2.0000	0.0000	1.0000	NaN	0.7482	1.1618	14.5235	1475008.4590	1475008.7600	1.0000	1.0000	0.6145
43gz02	1	11	0	0	1.0000	0.0000	-1.0000	0.4965	NaN	NaN	NaN	1475011.8820	1475012.2095	0.0000	1.0000	0.4870
43gz02	1	11	0	0	2.0000	0.0000	1.0000	NaN	5.9420	7.4672	13.8887	1475013.2673	1475013.5683	1.0000	1.0000	0.2158
43gz02	1	12	0	0	1.0000	0.0000	-1.0000	0.8076	NaN	NaN	NaN	1475016.0982	1475016.4244	0.0000	1.0000	0.5524
43gz02	1	12	0	0	2.0000	0.0000	1.0000	NaN	10.1277	10.3426	13.8723	1475017.5075	1475017.8085	1.0000	1.0000	0.2243
43gz02	1	13	0	0	1.0000	0.0000	1.0000	0.8752	NaN	NaN	NaN	1475020.1972	1475020.5250	1.0000	1.0000	0.2669
43gz02	1	13	0	0	2.0000	0.0000	-1.0000	NaN	7.9348	-9.4131	14.7930	1475021.3481	1475021.6492	0.0000	1.0000	0.2144
43gz02	1	14	0	0	1.0000	0.0000	-1.0000	0.8758	NaN	NaN	NaN	1475023.9206	1475024.2476	0.0000	1.0000	0.4709
43gz02	1	14	0	0	2.0000	0.0000	1.0000	NaN	6.9654	7.3669	15.0466	1475025.2754	1475025.5764	1.0000	1.0000	0.1901
43gz02	1	15	0	0	1.0000	0.0000	1.0000	0.4189	NaN	NaN	NaN	1475027.5910	1475027.9194	1.0000	1.0000	0.2471
43gz02	1	15	0	0	2.0000	0.0000	-1.0000	NaN	7.8207	-6.3672	13.9241	1475028.7238	1475029.0249	0.0000	1.0000	0.2784
43gz02	1	16	0	0	1.0000	0.0000	-1.0000	0.8835	NaN	NaN	NaN	1475031.4611	1475031.7888	0.0000	1.0000	0.1960
43gz02	1	16	0	0	2.0000	0.0000	1.0000	NaN	10.4727	11.1425	14.1058	1475032.5069	1475032.8080	1.0000	1.0000	0.1924
43gz02	1	17	0	0	1.0000	0.0000	1.0000	0.9371	NaN	NaN	NaN	1475035.2402	1475035.5674	1.0000	1.0000	0.1351
43gz02	1	17	0	0	2.0000	0.0000	-1.0000	NaN	9.8527	-10.8736	14.9705	1475036.2202	1475036.5212	0.0000	1.0000	0.1836
43gz02	1	18	0	0	1.0000	0.0000	-1.0000	0.5660	NaN	NaN	NaN	1475038.9855	1475039.3142	0.0000	1.0000	0.2841
43gz02	1	18	0	0	2.0000	0.0000	-1.0000	NaN	11.4580	-11.5660	15.0066	1475040.1300	1475040.4315	0.0000	1.0000	0.4249
43gz02	1	19	0	0	1.0000	0.0000	-1.0000	0.2017	NaN	NaN	NaN	1475043.4285	1475043.7545	0.0000	1.0000	0.3428
43gz02	1	19	0	0	2.0000	0.0000	-1.0000	NaN	9.5006	-10.1237	14.9198	1475044.6279	1475044.9289	0.0000	1.0000	0.3902
43gz02	1	20	0	0	1.0000	0.0000	1.0000	0.1108	NaN	NaN	NaN	1475047.6525	1475047.9804	1.0000	1.0000	0.4741
43gz02	1	20	0	0	2.0000	0.0000	1.0000	NaN	0.0964	0.0893	16.2685	1475048.9960	1475049.2971	0.0000	0.0000	1.1182
43gz02	1	21	0	0	1.0000	0.0000	1.0000	0.2769	NaN	NaN	NaN	1475052.5978	1475052.9250	1.0000	1.0000	0.4417
43gz02	1	21	0	0	2.0000	0.0000	1.0000	NaN	6.5688	7.1071	13.9729	1475053.9397	1475054.2410	1.0000	1.0000	0.5105
43gz02	1	22	0	0	1.0000	0.0000	1.0000	0.4205	NaN	NaN	NaN	1475057.1996	1475057.5267	1.0000	1.0000	0.3461
43gz02	1	22	0	0	2.0000	0.0000	-1.0000	NaN	11.6112	-12.2087	14.0508	1475058.4448	1475058.7458	0.0000	1.0000	0.2070
43gz02	1	23	0	0	1.0000	0.0000	1.0000	0.7157	NaN	NaN	NaN	1475060.7916	1475061.1210	1.0000	1.0000	0.3104
43gz02	1	23	0	0	2.0000	0.0000	1.0000	NaN	6.2675	4.6267	14.8320	1475061.9662	1475062.2672	1.0000	1.0000	0.5882
43gz02	1	24	0	0	1.0000	0.0000	1.0000	0.9293	NaN	NaN	NaN	1475064.6709	1475064.9982	0.0000	0.0000	0.9530
43gz02	1	24	0	0	2.0000	0.0000	-1.0000	NaN	11.5473	-10.3005	14.0244	1475066.4982	1475066.7995	0.0000	1.0000	0.2079
43gz02	1	25	0	0	1.0000	0.0000	1.0000	0.5684	NaN	NaN	NaN	1475069.2625	1475069.5903	1.0000	1.0000	0.7854
43gz02	1	25	0	0	2.0000	0.0000	-1.0000	NaN	10.2861	-12.0804	15.2530	1475070.9562	1475071.2572	0.0000	1.0000	0.3438
43gz02	1	26	0	0	1.0000	0.0000	-1.0000	0.3475	NaN	NaN	NaN	1475074.0367	1475074.3636	0.0000	1.0000	0.4125
43gz02	1	26	0	0	2.0000	0.0000	1.0000	NaN	10.1870	9.2100	15.7204	1475075.3321	1475075.6332	1.0000	1.0000	0.1517
43gz02	1	27	0	0	1.0000	0.0000	-1.0000	0.0155	NaN	NaN	NaN	1475077.7060	1475078.0327	1.0000	0.0000	0.4698
43gz02	1	27	0	0	2.0000	0.0000	1.0000	NaN	2.9562	4.3599	15.9363	1475079.0506	1475079.3517	1.0000	1.0000	2.0321
43gz02	1	28	0	0	1.0000	0.0000	-1.0000	0.8894	NaN	NaN	NaN	1475083.4245	1475083.7507	0.0000	1.0000	0.3380
43gz02	1	28	0	0	2.0000	0.0000	-1.0000	NaN	11.9515	-12.1096	14.7735	1475084.6438	1475084.9449	0.0000	1.0000	0.3656
43gz02	1	29	0	0	1.0000	0.0000	1.0000	0.4522	NaN	NaN	NaN	1475087.9507	1475088.2778	1.0000	1.0000	0.3704
43gz02	1	29	0	0	2.0000	0.0000	1.0000	NaN	3.9589	3.9897	16.0016	1475089.1879	1475089.4890	1.0000	1.0000	0.5918
43gz02	1	30	0	0	1.0000	0.0000	1.0000	0.9058	NaN	NaN	NaN	1475092.2288	1475092.5571	1.0000	1.0000	0.3232
43gz02	1	30	0	0	2.0000	0.0000	-1.0000	NaN	8.4199	-7.3897	14.3596	1475093.4456	1475093.7465	0.0000	1.0000	0.4543
43gz02	1	31	0	0	1.0000	0.0000	-1.0000	0.1218	NaN	NaN	NaN	1475096.5564	1475096.8842	1.0000	0.0000	0.8111
43gz02	1	31	0	0	2.0000	0.0000	-1.0000	NaN	11.2921	-10.8123	15.6573	1475098.2518	1475098.5528	0.0000	1.0000	0.3737
43gz02	1	32	0	0	1.0000	0.0000	1.0000	0.8332	NaN	NaN	NaN	1475101.1099	1475101.4389	1.0000	1.0000	0.2655
43gz02	1	32	0	0	2.0000	0.0000	1.0000	NaN	10.4109	11.2563	14.5793	1475102.2367	1475102.5377	1.0000	1.0000	0.3346
43gz02	1	33	0	0	1.0000	0.0000	-1.0000	0.5512	NaN	NaN	NaN	1475105.5585	1475105.8854	0.0000	1.0000	0.2912
43gz02	1	33	0	0	2.0000	0.0000	-1.0000	NaN	9.3347	-8.1717	13.9048	1475106.7235	1475107.0249	0.0000	1.0000	0.5996
43gz02	1	34	0	0	1.0000	0.0000	-1.0000	0.4372	NaN	NaN	NaN	1475109.7815	1475110.1087	0.0000	1.0000	0.3629
43gz02	1	34	0	0	2.0000	0.0000	1.0000	NaN	5.6661	8.5663	15.7108	1475111.0363	1475111.3375	1.0000	1.0000	0.5673
43gz02	1	35	0	0	1.0000	0.0000	1.0000	0.8914	NaN	NaN	NaN	1475113.8417	1475114.1683	1.0000	1.0000	0.3601
43gz02	1	35	0	0	2.0000	0.0000	-1.0000	NaN	7.5711	-11.2463	14.2680	1475115.0839	1475115.3849	0.0000	1.0000	0.4078
43gz02	1	36	0	0	1.0000	0.0000	-1.0000	0.3245	NaN	NaN	NaN	1475117.7818	1475118.1104	0.0000	1.0000	0.3304
43gz02	1	36	0	0	2.0000	0.0000	-1.0000	NaN	9.7346	-8.3955	14.8944	1475118.9948	1475119.2957	0.0000	1.0000	0.5523
43gz02	1	37	0	0	1.0000	0.0000	1.0000	0.7898	NaN	NaN	NaN	1475121.9951	1475122.3224	0.0000	0.0000	0.7017
43gz02	1	37	0	0	2.0000	0.0000	-1.0000	NaN	8.4312	-9.8012	15.5761	1475123.5966	1475123.8975	0.0000	1.0000	0.3911
43gz02	1	38	0	0	1.0000	0.0000	-1.0000	0.5889	NaN	NaN	NaN	1475126.9931	1475127.3206	0.0000	1.0000	0.4321
43gz02	1	38	0	0	2.0000	0.0000	1.0000	NaN	7.6103	7.4005	15.4041	1475128.2920	1475128.5937	1.0000	1.0000	1.7734
43gz02	1	39	0	0	1.0000	0.0000	1.0000	0.3562	NaN	NaN	NaN	1475132.5492	1475132.8764	1.0000	1.0000	0.4840
43gz02	1	39	0	0	2.0000	0.0000	-1.0000	NaN	10.5875	-12.1128	15.5392	1475133.8909	1475134.1920	0.0000	1.0000	0.7449
43gz02	1	40	0	0	1.0000	0.0000	-1.0000	0.8290	NaN	NaN	NaN	1475137.1253	1475137.4532	0.0000	1.0000	0.2894
43gz02	1	40	0	0	2.0000	0.0000	1.0000	NaN	1.1202	2.4997	14.4063	1475138.2934	1475138.5948	1.0000	1.0000	0.4703
43gz02	1	41	0	0	1.0000	0.0000	-1.0000	0.6466	NaN	NaN	NaN	1475141.2528	1475141.5806	0.0000	1.0000	0.4915
43gz02	1	41	0	0	2.0000	0.0000	-1.0000	NaN	11.0263	-10.5508	14.5097	1475142.6592	1475142.9602	0.0000	1.0000	0.4302
43gz02	1	42	0	0	1.0000	0.0000	1.0000	0.7215	NaN	NaN	NaN	1475145.8973	1475146.2254	1.0000	1.0000	0.5353
43gz02	1	42	0	0	2.0000	0.0000	-1.0000	NaN	2.9140	-0.2554	15.4503	1475147.3311	1475147.6321	0.0000	1.0000	0.5674
43gz02	1	43	0	0	1.0000	0.0000	1.0000	0.1889	NaN	NaN	NaN	1475150.3222	1475150.6487	1.0000	1.0000	0.3270
43gz02	1	43	0	0	2.0000	0.0000	-1.0000	NaN	6.1537	-4.7544	15.9327	1475151.5393	1475151.8405	0.0000	1.0000	0.8302
43gz02	1	44	0	0	1.0000	0.0000	1.0000	0.1334	NaN	NaN	NaN	1475155.3194	1475155.6469	1.0000	1.0000	0.3934
43gz02	1	44	0	0	2.0000	0.0000	-1.0000	NaN	1.8643	-1.6290	14.6484	1475156.6046	1475156.9056	0.0000	1.0000	0.6394
43gz02	1	45	0	0	1.0000	0.0000	-1.0000	0.7645	NaN	NaN	NaN	1475159.7265	1475160.0555	0.0000	1.0000	0.4710
43gz02	1	45	0	0	2.0000	0.0000	-1.0000	NaN	9.8652	-11.7491	14.4126	1475161.0182	1475161.3195	0.0000	1.0000	0.4644
43gz02	1	46	0	0	1.0000	0.0000	-1.0000	0.5760	NaN	NaN	NaN	1475163.7722	1475164.1000	0.0000	1.0000	0.3331
43gz02	1	46	0	0	2.0000	0.0000	1.0000	NaN	6.1247	8.2225	14.4802	1475164.9324	1475165.2334	1.0000	1.0000	0.3997
43gz02	1	47	0	0	1.0000	0.0000	1.0000	0.0867	NaN	NaN	NaN	1475168.0780	1475168.4050	1.0000	1.0000	0.4200
43gz02	1	47	0	0	2.0000	0.0000	1.0000	NaN	9.9777	12.6710	14.3290	1475169.3960	1475169.6970	1.0000	1.0000	0.4615
43gz02	1	48	0	0	1.0000	0.0000	1.0000	0.8206	NaN	NaN	NaN	1475172.5901	1475172.9166	1.0000	1.0000	0.2658
43gz02	1	48	0	0	2.0000	0.0000	1.0000	NaN	10.4745	12.5133	15.6809	1475173.7228	1475174.0238	1.0000	1.0000	0.3530
43gz02	1	49	0	0	1.0000	0.0000	1.0000	0.8594	NaN	NaN	NaN	1475176.8633	1475177.1902	1.0000	1.0000	0.2421
43gz02	1	49	0	0	2.0000	0.0000	1.0000	NaN	11.0549	12.4587	15.5739	1475178.0038	1475178.3049	1.0000	1.0000	0.4215
43gz02	1	50	0	0	1.0000	0.0000	1.0000	0.7547	NaN	NaN	NaN	1475181.2821	1475181.6105	1.0000	1.0000	0.2526
43gz02	1	50	0	0	2.0000	0.0000	-1.0000	NaN	4.6016	-4.6228	15.3472	1475182.3967	1475182.6977	1.0000	0.0000	1.9728
43gz02	2	1	0	0	1.0000	0.0000	-1.0000	0.8235	NaN	NaN	NaN	1475207.2024	1475207.5299	0.0000	1.0000	0.3891
43gz02	2	1	0	0	2.0000	0.0000	1.0000	NaN	2.0996	3.7398	14.2926	1475208.4598	1475208.7608	1.0000	1.0000	0.5198
43gz02	2	2	0	0	1.0000	0.0000	1.0000	0.6894	NaN	NaN	NaN	1475211.2434	1475211.5726	1.0000	1.0000	0.3085
43gz02	2	2	0	0	2.0000	0.0000	1.0000	NaN	5.4643	3.2294	15.5233	1475212.4597	1475212.7607	0.0000	0.0000	1.6885
43gz02	2	3	0	0	1.0000	0.0000	1.0000	0.1961	NaN	NaN	NaN	1475216.8470	1475217.1755	1.0000	1.0000	0.2390
43gz02	2	3	0	0	2.0000	0.0000	-1.0000	NaN	2.0282	-2.6061	14.2807	1475217.9923	1475218.2933	0.0000	1.0000	1.1551
43gz02	2	4	0	0	1.0000	0.0000	-1.0000	0.1865	NaN	NaN	NaN	1475221.8879	1475222.2173	0.0000	1.0000	0.4716
43gz02	2	4	0	0	2.0000	0.0000	-1.0000	NaN	8.1867	-7.0742	16.3530	1475223.2848	1475223.5861	0.0000	1.0000	1.3084
43gz02	2	5	0	0	1.0000	0.0000	1.0000	0.5784	NaN	NaN	NaN	1475227.4601	1475227.7880	1.0000	1.0000	0.2826
43gz02	2	5	0	0	2.0000	0.0000	1.0000	NaN	5.6976	5.3391	14.8405	1475228.6596	1475228.9606	1.0000	1.0000	0.4478
43gz02	2	6	0	0	1.0000	0.0000	1.0000	0.1052	NaN	NaN	NaN	1475231.5197	1475231.8460	1.0000	1.0000	0.3311
43gz02	2	6	0	0	2.0000	0.0000	1.0000	NaN	4.4399	4.4994	16.2873	1475232.7235	1475233.0245	1.0000	1.0000	0.3847
43gz02	2	7	0	0	1.0000	0.0000	1.0000	0.2721	NaN	NaN	NaN	1475235.5401	1475235.8681	1.0000	1.0000	0.3073
43gz02	2	7	0	0	2.0000	0.0000	-1.0000	NaN	2.7918	-2.7588	14.2153	1475236.7248	1475237.0258	0.0000	1.0000	0.5428
43gz02	2	8	0	0	1.0000	0.0000	1.0000	0.4413	NaN	NaN	NaN	1475239.5650	1475239.8926	1.0000	1.0000	0.3005
43gz02	2	8	0	0	2.0000	0.0000	-1.0000	NaN	5.7005	-5.1258	16.4528	1475240.7317	1475241.0328	0.0000	1.0000	0.3441
43gz02	2	9	0	0	1.0000	0.0000	1.0000	0.7703	NaN	NaN	NaN	1475243.8894	1475244.2178	1.0000	1.0000	0.2470
43gz02	2	9	0	0	2.0000	0.0000	-1.0000	NaN	10.9477	-10.1310	15.0765	1475245.0205	1475245.3216	0.0000	1.0000	0.2135
43gz02	2	10	0	0	1.0000	0.0000	1.0000	0.6909	NaN	NaN	NaN	1475247.8421	1475248.1685	1.0000	1.0000	0.1910
43gz02	2	10	0	0	2.0000	0.0000	-1.0000	NaN	4.4217	-6.2144	15.7297	1475248.9076	1475249.2086	0.0000	1.0000	0.3339
43gz02	2	11	0	0	1.0000	0.0000	-1.0000	0.6052	NaN	NaN	NaN	1475252.1760	1475252.5038	0.0000	1.0000	0.2645
43gz02	2	11	0	0	2.0000	0.0000	1.0000	NaN	10.3093	11.6125	15.7350	1475253.2923	1475253.5933	1.0000	1.0000	0.0876
43gz02	2	12	0	0	1.0000	0.0000	1.0000	0.2523	NaN	NaN	NaN	1475255.6528	1475255.9811	1.0000	1.0000	0.9614
43gz02	2	12	0	0	2.0000	0.0000	1.0000	NaN	6.9794	6.5991	15.6687	1475257.4907	1475257.7918	1.0000	1.0000	0.6628
43gz02	2	13	0	0	1.0000	0.0000	-1.0000	0.4274	NaN	NaN	NaN	1475260.6877	1475261.0169	0.0000	1.0000	0.2471
43gz02	2	13	0	0	2.0000	0.0000	-1.0000	NaN	3.5795	-4.9575	14.2430	1475261.7794	1475262.0805	0.0000	1.0000	0.3270
43gz02	2	14	0	0	1.0000	0.0000	-1.0000	0.3116	NaN	NaN	NaN	1475264.6309	1475264.9598	0.0000	1.0000	0.1767
43gz02	2	14	0	0	2.0000	0.0000	1.0000	NaN	1.7203	1.2592	15.1318	1475265.6427	1475265.9438	1.0000	1.0000	0.6328
43gz02	2	15	0	0	1.0000	0.0000	1.0000	0.7133	NaN	NaN	NaN	1475268.6911	1475269.0182	1.0000	1.0000	0.2055
43gz02	2	15	0	0	2.0000	0.0000	1.0000	NaN	9.6200	7.2236	14.7072	1475269.7709	1475270.0719	1.0000	1.0000	2.6885
43gz02	2	16	0	0	1.0000	0.0000	-1.0000	0.7727	NaN	NaN	NaN	1475274.9250	1475275.2517	0.0000	1.0000	0.3013
43gz02	2	16	0	0	2.0000	0.0000	-1.0000	NaN	1.7613	-1.5419	15.8873	1475276.0905	1475276.3918	1.0000	0.0000	1.4889
43gz02	2	17	0	0	1.0000	0.0000	1.0000	0.5026	NaN	NaN	NaN	1475280.4893	1475280.8165	1.0000	1.0000	0.3032
43gz02	2	17	0	0	2.0000	0.0000	-1.0000	NaN	6.7855	-6.0202	14.0665	1475281.6663	1475281.9673	0.0000	1.0000	0.5773
43gz02	2	18	0	0	1.0000	0.0000	-1.0000	0.4459	NaN	NaN	NaN	1475284.6344	1475284.9615	0.0000	1.0000	0.2956
43gz02	2	18	0	0	2.0000	0.0000	1.0000	NaN	2.4491	1.7124	13.1862	1475285.8036	1475286.1046	1.0000	1.0000	0.3820
43gz02	2	19	0	0	1.0000	0.0000	1.0000	0.2571	NaN	NaN	NaN	1475288.7841	1475289.1122	1.0000	1.0000	0.2890
43gz02	2	19	0	0	2.0000	0.0000	-1.0000	NaN	4.8418	-5.8522	15.6659	1475289.9727	1475290.2737	0.0000	1.0000	0.6929
43gz02	2	20	0	0	1.0000	0.0000	1.0000	0.6958	NaN	NaN	NaN	1475292.8816	1475293.2095	1.0000	1.0000	0.4611
43gz02	2	20	0	0	2.0000	0.0000	1.0000	NaN	0.6609	0.6047	15.0384	1475294.2339	1475294.5349	0.0000	0.0000	0.6883
43gz02	2	21	0	0	1.0000	0.0000	1.0000	0.6930	NaN	NaN	NaN	1475297.5906	1475297.9178	1.0000	1.0000	0.3545
43gz02	2	21	0	0	2.0000	0.0000	1.0000	NaN	4.8707	3.7517	14.0146	1475298.8374	1475299.1383	1.0000	1.0000	0.7242
43gz02	2	22	0	0	1.0000	0.0000	1.0000	0.6508	NaN	NaN	NaN	1475302.3026	1475302.6294	1.0000	1.0000	0.1860
43gz02	2	22	0	0	2.0000	0.0000	-1.0000	NaN	0.1010	-1.6682	14.1997	1475303.3885	1475303.6894	0.0000	1.0000	0.9514
43gz02	2	23	0	0	1.0000	0.0000	1.0000	0.7486	NaN	NaN	NaN	1475306.5214	1475306.8491	1.0000	1.0000	0.2317
43gz02	2	23	0	0	2.0000	0.0000	-1.0000	NaN	6.1574	-4.2615	13.5746	1475307.6594	1475307.9604	0.0000	1.0000	0.9583
43gz02	2	24	0	0	1.0000	0.0000	-1.0000	0.6999	NaN	NaN	NaN	1475311.0687	1475311.3976	0.0000	1.0000	0.2517
43gz02	2	24	0	0	2.0000	0.0000	-1.0000	NaN	0.4127	-0.0359	14.3265	1475312.1703	1475312.4713	0.0000	1.0000	1.0471
43gz02	2	25	0	0	1.0000	0.0000	1.0000	0.4960	NaN	NaN	NaN	1475315.4935	1475315.8207	1.0000	1.0000	0.1458
43gz02	2	25	0	0	2.0000	0.0000	-1.0000	NaN	4.1646	-3.7311	15.0872	1475316.4912	1475316.7930	0.0000	1.0000	0.7118
43gz02	2	26	0	0	1.0000	0.0000	-1.0000	0.3777	NaN	NaN	NaN	1475319.7522	1475320.0808	0.0000	1.0000	0.1834
43gz02	2	26	0	0	2.0000	0.0000	-1.0000	NaN	5.4069	-3.9767	13.5465	1475320.7870	1475321.0880	1.0000	0.0000	0.6727
43gz02	2	27	0	0	1.0000	0.0000	1.0000	0.5296	NaN	NaN	NaN	1475323.9981	1475324.3253	1.0000	1.0000	0.1533
43gz02	2	27	0	0	2.0000	0.0000	-1.0000	NaN	4.6011	-2.9708	15.7330	1475325.0276	1475325.3287	0.0000	1.0000	0.4796
43gz02	2	28	0	0	1.0000	0.0000	1.0000	0.7001	NaN	NaN	NaN	1475328.3393	1475328.6675	1.0000	1.0000	0.2032
43gz02	2	28	0	0	2.0000	0.0000	-1.0000	NaN	10.6947	-12.0108	14.1189	1475329.4038	1475329.7048	0.0000	1.0000	0.9196
43gz02	2	29	0	0	1.0000	0.0000	1.0000	0.3390	NaN	NaN	NaN	1475332.9645	1475333.2916	1.0000	1.0000	0.2293
43gz02	2	29	0	0	2.0000	0.0000	1.0000	NaN	11.2534	11.3970	15.5889	1475334.0922	1475334.3932	1.0000	1.0000	0.7509
43gz02	2	30	0	0	1.0000	0.0000	1.0000	0.3662	NaN	NaN	NaN	1475337.5724	1475337.9009	1.0000	1.0000	0.2024
43gz02	2	30	0	0	2.0000	0.0000	1.0000	NaN	4.8888	3.7929	15.9827	1475338.6757	1475338.9771	1.0000	1.0000	0.9826
43gz02	2	31	0	0	1.0000	0.0000	1.0000	0.3380	NaN	NaN	NaN	1475342.0480	1475342.3754	1.0000	1.0000	0.4652
43gz02	2	31	0	0	2.0000	0.0000	-1.0000	NaN	3.7566	-1.6922	14.4823	1475343.3798	1475343.6808	1.0000	0.0000	1.7839
43gz02	2	32	0	0	1.0000	0.0000	1.0000	0.3732	NaN	NaN	NaN	1475347.5455	1475347.8720	1.0000	1.0000	0.2004
43gz02	2	32	0	0	2.0000	0.0000	-1.0000	NaN	7.0269	-7.6582	14.9808	1475348.5951	1475348.8960	0.0000	1.0000	2.4237
43gz02	2	33	0	0	1.0000	0.0000	1.0000	0.4018	NaN	NaN	NaN	1475353.4090	1475353.7353	1.0000	1.0000	0.8313
43gz02	2	33	0	0	2.0000	0.0000	1.0000	NaN	10.4560	11.4110	15.2969	1475355.1172	1475355.4182	1.0000	1.0000	0.6365
43gz02	2	34	0	0	1.0000	0.0000	1.0000	0.3339	NaN	NaN	NaN	1475358.1856	1475358.5134	1.0000	1.0000	0.3572
43gz02	2	34	0	0	2.0000	0.0000	-1.0000	NaN	11.5165	-11.3097	16.0973	1475359.4122	1475359.7132	0.0000	1.0000	0.5277
43gz02	2	35	0	0	1.0000	0.0000	1.0000	0.1617	NaN	NaN	NaN	1475362.5371	1475362.8646	1.0000	1.0000	0.3839
43gz02	2	35	0	0	2.0000	0.0000	-1.0000	NaN	1.6396	-1.7979	15.0396	1475363.8022	1475364.1032	0.0000	1.0000	0.6574
43gz02	2	36	0	0	1.0000	0.0000	1.0000	0.4044	NaN	NaN	NaN	1475367.1076	1475367.4346	1.0000	1.0000	0.4549
43gz02	2	36	0	0	2.0000	0.0000	1.0000	NaN	10.5491	11.8635	15.0899	1475368.4194	1475368.7204	1.0000	1.0000	0.7983
43gz02	2	37	0	0	1.0000	0.0000	-1.0000	0.6716	NaN	NaN	NaN	1475371.9669	1475372.2922	0.0000	1.0000	0.2744
43gz02	2	37	0	0	2.0000	0.0000	-1.0000	NaN	2.0877	-2.4170	16.2761	1475373.0828	1475373.3838	0.0000	1.0000	1.1916
43gz02	2	38	0	0	1.0000	0.0000	1.0000	0.5338	NaN	NaN	NaN	1475376.6005	1475376.9262	1.0000	1.0000	0.2164
43gz02	2	38	0	0	2.0000	0.0000	-1.0000	NaN	2.1854	-2.8261	13.5300	1475377.6850	1475377.9861	0.0000	1.0000	1.0231
43gz02	2	39	0	0	1.0000	0.0000	1.0000	0.8826	NaN	NaN	NaN	1475381.6157	1475381.9426	0.0000	0.0000	0.5466
43gz02	2	39	0	0	2.0000	0.0000	1.0000	NaN	7.7048	8.4862	13.7063	1475383.0613	1475383.3624	1.0000	1.0000	0.6704
43gz02	2	40	0	0	1.0000	0.0000	-1.0000	0.6430	NaN	NaN	NaN	1475386.6163	1475386.9432	0.0000	1.0000	0.2489
43gz02	2	40	0	0	2.0000	0.0000	-1.0000	NaN	4.3672	-3.6240	15.6926	1475387.7332	1475388.0342	0.0000	1.0000	1.8845
43gz02	2	41	0	0	1.0000	0.0000	1.0000	0.2553	NaN	NaN	NaN	1475392.1603	1475392.4853	1.0000	1.0000	0.1852
43gz02	2	41	0	0	2.0000	0.0000	-1.0000	NaN	9.8477	-8.2462	14.6514	1475393.2106	1475393.5117	0.0000	1.0000	0.8495
43gz02	2	42	0	0	1.0000	0.0000	1.0000	0.9344	NaN	NaN	NaN	1475397.0162	1475397.3421	0.0000	0.0000	0.5456
43gz02	2	42	0	0	2.0000	0.0000	-1.0000	NaN	5.6403	-5.4676	15.8103	1475398.4280	1475398.7290	0.0000	1.0000	0.6962
43gz02	2	43	0	0	1.0000	0.0000	1.0000	0.3383	NaN	NaN	NaN	1475401.8441	1475402.1715	1.0000	1.0000	0.2271
43gz02	2	43	0	0	2.0000	0.0000	1.0000	NaN	5.7550	6.4561	14.9814	1475402.9248	1475403.2262	1.0000	1.0000	0.6605
43gz02	2	44	0	0	1.0000	0.0000	-1.0000	0.4438	NaN	NaN	NaN	1475406.2931	1475406.6179	0.0000	1.0000	0.3249
43gz02	2	44	0	0	2.0000	0.0000	-1.0000	NaN	11.7067	-10.5993	14.6984	1475407.5162	1475407.8173	0.0000	1.0000	0.6619
43gz02	2	45	0	0	1.0000	0.0000	1.0000	0.6298	NaN	NaN	NaN	1475410.8175	1475411.1444	1.0000	1.0000	0.5516
43gz02	2	45	0	0	2.0000	0.0000	1.0000	NaN	5.7321	5.8241	14.7210	1475412.2686	1475412.5697	1.0000	1.0000	0.7665
43gz02	2	46	0	0	1.0000	0.0000	1.0000	0.0323	NaN	NaN	NaN	1475415.6564	1475415.9821	1.0000	1.0000	0.4565
43gz02	2	46	0	0	2.0000	0.0000	-1.0000	NaN	4.2361	-3.7452	16.6173	1475417.0046	1475417.3056	0.0000	1.0000	0.5660
43gz02	2	47	0	0	1.0000	0.0000	1.0000	0.3791	NaN	NaN	NaN	1475419.9428	1475420.2685	1.0000	1.0000	0.3246
43gz02	2	47	0	0	2.0000	0.0000	-1.0000	NaN	3.6055	-3.8352	14.3846	1475421.1558	1475421.4568	0.0000	1.0000	0.7363
43gz02	2	48	0	0	1.0000	0.0000	-1.0000	0.9101	NaN	NaN	NaN	1475424.0471	1475424.3733	0.0000	1.0000	0.2032
43gz02	2	48	0	0	2.0000	0.0000	1.0000	NaN	5.4111	4.0842	16.5827	1475425.1566	1475425.4577	1.0000	1.0000	0.5919
43gz02	2	49	0	0	1.0000	0.0000	1.0000	0.5312	NaN	NaN	NaN	1475428.3191	1475428.6447	1.0000	1.0000	0.2360
43gz02	2	49	0	0	2.0000	0.0000	1.0000	NaN	0.8921	1.1528	14.8403	1475429.4285	1475429.7295	0.0000	0.0000	0.6631
43gz02	2	50	0	0	1.0000	0.0000	1.0000	0.3834	NaN	NaN	NaN	1475432.5422	1475432.8695	1.0000	1.0000	0.2189
43gz02	2	50	0	0	2.0000	0.0000	1.0000	NaN	10.1540	10.2436	15.1010	1475433.6589	1475433.9600	1.0000	1.0000	0.6092
43gz02	3	1	0	0	1.0000	0.0000	1.0000	0.5403	NaN	NaN	NaN	1475458.3642	1475458.6910	1.0000	1.0000	0.3261
43gz02	3	1	0	0	2.0000	0.0000	-1.0000	NaN	5.4815	-3.6542	15.5844	1475459.5475	1475459.8485	0.0000	1.0000	0.4647
43gz02	3	2	0	0	1.0000	0.0000	1.0000	0.7198	NaN	NaN	NaN	1475462.4257	1475462.7520	1.0000	1.0000	0.2468
43gz02	3	2	0	0	2.0000	0.0000	1.0000	NaN	6.0200	6.5365	14.7257	1475463.5481	1475463.8494	1.0000	1.0000	0.6613
43gz02	3	3	0	0	1.0000	0.0000	-1.0000	0.7377	NaN	NaN	NaN	1475466.8861	1475467.2130	0.0000	1.0000	0.1079
43gz02	3	3	0	0	2.0000	0.0000	-1.0000	NaN	8.6863	-10.0771	14.3150	1475467.8836	1475468.1847	0.0000	1.0000	0.3910
43gz02	3	4	0	0	1.0000	0.0000	1.0000	0.5074	NaN	NaN	NaN	1475470.7810	1475471.1068	1.0000	1.0000	0.1732
43gz02	3	4	0	0	2.0000	0.0000	-1.0000	NaN	5.9302	-5.0665	14.6080	1475471.7715	1475472.0725	0.0000	1.0000	0.6085
43gz02	3	5	0	0	1.0000	0.0000	-1.0000	0.5719	NaN	NaN	NaN	1475475.2183	1475475.5443	0.0000	1.0000	0.1834
43gz02	3	5	0	0	2.0000	0.0000	1.0000	NaN	2.9568	1.2318	15.2972	1475476.2513	1475476.5527	1.0000	1.0000	0.5358
43gz02	3	6	0	0	1.0000	0.0000	-1.0000	0.0950	NaN	NaN	NaN	1475479.3858	1475479.7131	0.0000	1.0000	0.8312
43gz02	3	6	0	0	2.0000	0.0000	-1.0000	NaN	2.4099	-2.9795	14.1951	1475481.0859	1475481.3869	0.0000	1.0000	0.5398
43gz02	3	7	0	0	1.0000	0.0000	-1.0000	0.2248	NaN	NaN	NaN	1475484.2602	1475484.5862	0.0000	1.0000	0.5192
43gz02	3	7	0	0	2.0000	0.0000	-1.0000	NaN	2.1511	-1.3382	14.5522	1475485.6434	1475485.9444	0.0000	1.0000	0.6063
43gz02	3	8	0	0	1.0000	0.0000	-1.0000	0.0394	NaN	NaN	NaN	1475488.5575	1475488.8835	1.0000	0.0000	0.3471
43gz02	3	8	0	0	2.0000	0.0000	-1.0000	NaN	5.8125	-5.7393	15.0560	1475489.7705	1475490.0716	0.0000	1.0000	0.4251
43gz02	3	9	0	0	1.0000	0.0000	-1.0000	0.2333	NaN	NaN	NaN	1475493.0608	1475493.3870	0.0000	1.0000	0.4780
43gz02	3	9	0	0	2.0000	0.0000	1.0000	NaN	3.5869	3.8920	14.5435	1475494.4052	1475494.7062	1.0000	1.0000	0.5261
43gz02	3	10	0	0	1.0000	0.0000	-1.0000	0.4887	NaN	NaN	NaN	1475497.4460	1475497.7714	0.0000	1.0000	0.2856
43gz02	3	10	0	0	2.0000	0.0000	-1.0000	NaN	4.0006	-3.4295	14.7075	1475498.5805	1475498.8816	0.0000	1.0000	0.7194
43gz02	3	11	0	0	1.0000	0.0000	1.0000	0.3785	NaN	NaN	NaN	1475502.0053	1475502.3315	1.0000	1.0000	0.1951
43gz02	3	11	0	0	2.0000	0.0000	-1.0000	NaN	10.6099	-10.6698	15.5938	1475503.0846	1475503.3856	0.0000	1.0000	0.5667
43gz02	3	12	0	0	1.0000	0.0000	1.0000	0.5803	NaN	NaN	NaN	1475506.1930	1475506.5186	1.0000	1.0000	0.2181
43gz02	3	12	0	0	2.0000	0.0000	-1.0000	NaN	4.0318	-4.0386	15.4703	1475507.2593	1475507.5605	0.0000	1.0000	0.7020
43gz02	3	13	0	0	1.0000	0.0000	1.0000	0.4350	NaN	NaN	NaN	1475510.4604	1475510.7887	1.0000	1.0000	0.2364
43gz02	3	13	0	0	2.0000	0.0000	1.0000	NaN	2.1901	2.6912	14.9315	1475511.5801	1475511.8811	0.0000	0.0000	0.7736
43gz02	3	14	0	0	1.0000	0.0000	1.0000	0.0948	NaN	NaN	NaN	1475514.6384	1475514.9646	1.0000	1.0000	0.2122
43gz02	3	14	0	0	2.0000	0.0000	1.0000	NaN	5.2205	5.6988	13.8102	1475515.7309	1475516.0319	1.0000	1.0000	0.6467
43gz02	3	15	0	0	1.0000	0.0000	1.0000	0.8120	NaN	NaN	NaN	1475519.0258	1475519.3532	1.0000	1.0000	0.1440
43gz02	3	15	0	0	2.0000	0.0000	1.0000	NaN	4.0686	4.1595	13.9797	1475520.0519	1475520.3535	1.0000	1.0000	0.8782
43gz02	3	16	0	0	1.0000	0.0000	-1.0000	0.6090	NaN	NaN	NaN	1475523.1786	1475523.5041	0.0000	1.0000	0.2706
43gz02	3	16	0	0	2.0000	0.0000	1.0000	NaN	1.0305	1.7373	15.2627	1475524.3076	1475524.6086	1.0000	1.0000	0.8391
43gz02	3	17	0	0	1.0000	0.0000	1.0000	0.0935	NaN	NaN	NaN	1475527.7276	1475528.0531	1.0000	1.0000	0.3395
43gz02	3	17	0	0	2.0000	0.0000	1.0000	NaN	4.7521	6.3724	15.7632	1475528.9077	1475529.2087	1.0000	1.0000	0.5273
43gz02	3	18	0	0	1.0000	0.0000	-1.0000	0.1362	NaN	NaN	NaN	1475531.8751	1475532.1994	0.0000	1.0000	0.3753
43gz02	3	18	0	0	2.0000	0.0000	1.0000	NaN	8.7211	7.9496	14.2465	1475533.1328	1475533.4339	1.0000	1.0000	0.4312
43gz02	3	19	0	0	1.0000	0.0000	1.0000	0.6239	NaN	NaN	NaN	1475536.0137	1475536.3389	1.0000	1.0000	0.2207
43gz02	3	19	0	0	2.0000	0.0000	-1.0000	NaN	7.6621	-7.1286	13.9739	1475537.0609	1475537.3619	0.0000	1.0000	0.5924
43gz02	3	20	0	0	1.0000	0.0000	1.0000	0.3424	NaN	NaN	NaN	1475540.1821	1475540.5081	1.0000	1.0000	0.2826
43gz02	3	20	0	0	2.0000	0.0000	1.0000	NaN	3.1711	1.6005	14.1020	1475541.3247	1475541.6258	1.0000	1.0000	1.4529
43gz02	3	21	0	0	1.0000	0.0000	-1.0000	0.4577	NaN	NaN	NaN	1475544.9194	1475545.2454	0.0000	1.0000	0.2093
43gz02	3	21	0	0	2.0000	0.0000	1.0000	NaN	5.6591	6.9552	15.7585	1475546.0192	1475546.3205	1.0000	1.0000	0.5766
43gz02	3	22	0	0	1.0000	0.0000	-1.0000	0.8064	NaN	NaN	NaN	1475548.9853	1475549.3114	0.0000	1.0000	0.2576
43gz02	3	22	0	0	2.0000	0.0000	-1.0000	NaN	2.9183	-4.2754	14.8988	1475550.1165	1475550.4176	0.0000	1.0000	0.6144
43gz02	3	23	0	0	1.0000	0.0000	-1.0000	0.9227	NaN	NaN	NaN	1475553.4546	1475553.7806	0.0000	1.0000	0.2020
43gz02	3	23	0	0	2.0000	0.0000	-1.0000	NaN	5.1544	-5.9355	16.6685	1475554.4523	1475554.7535	0.0000	1.0000	0.6471
43gz02	3	24	0	0	1.0000	0.0000	1.0000	0.6456	NaN	NaN	NaN	1475557.6644	1475557.9905	1.0000	1.0000	0.2255
43gz02	3	24	0	0	2.0000	0.0000	1.0000	NaN	2.0437	3.9733	14.2800	1475558.7331	1475559.0341	1.0000	1.0000	2.5805
43gz02	3	25	0	0	1.0000	0.0000	1.0000	0.5579	NaN	NaN	NaN	1475563.8141	1475564.1409	1.0000	1.0000	0.2273
43gz02	3	25	0	0	2.0000	0.0000	-1.0000	NaN	0.2943	-0.3182	15.2520	1475564.8936	1475565.1951	1.0000	0.0000	0.9345
43gz02	3	26	0	0	1.0000	0.0000	1.0000	0.1694	NaN	NaN	NaN	1475568.5300	1475568.8561	0.0000	0.0000	0.6648
43gz02	3	26	0	0	2.0000	0.0000	-1.0000	NaN	11.9010	-10.9092	14.8401	1475570.0514	1475570.3525	0.0000	1.0000	0.5423
43gz02	3	27	0	0	1.0000	0.0000	-1.0000	0.0912	NaN	NaN	NaN	1475573.2568	1475573.5833	0.0000	1.0000	0.5754
43gz02	3	27	0	0	2.0000	0.0000	-1.0000	NaN	2.8170	-2.5213	17.9629	1475574.6914	1475574.9926	0.0000	1.0000	1.4402
43gz02	3	28	0	0	1.0000	0.0000	-1.0000	0.4316	NaN	NaN	NaN	1475578.5384	1475578.8665	0.0000	1.0000	0.3650
43gz02	3	28	0	0	2.0000	0.0000	1.0000	NaN	4.8931	5.9015	14.9411	1475579.7872	1475580.0883	1.0000	1.0000	0.5134
43gz02	3	29	0	0	1.0000	0.0000	-1.0000	0.3808	NaN	NaN	NaN	1475582.8641	1475583.1901	0.0000	1.0000	0.2660
43gz02	3	29	0	0	2.0000	0.0000	-1.0000	NaN	11.0926	-11.4443	13.8903	1475584.0045	1475584.3061	0.0000	1.0000	0.6147
43gz02	3	30	0	0	1.0000	0.0000	1.0000	0.8690	NaN	NaN	NaN	1475587.0345	1475587.3600	0.0000	0.0000	0.8226
43gz02	3	30	0	0	2.0000	0.0000	1.0000	NaN	5.9822	5.7071	15.1085	1475588.6984	1475588.9995	1.0000	1.0000	0.4253
43gz02	3	31	0	0	1.0000	0.0000	-1.0000	0.6240	NaN	NaN	NaN	1475591.7828	1475592.1087	0.0000	1.0000	0.5086
43gz02	3	31	0	0	2.0000	0.0000	1.0000	NaN	3.8678	4.6165	14.0915	1475593.2122	1475593.5135	1.0000	1.0000	0.4292
43gz02	3	32	0	0	1.0000	0.0000	-1.0000	0.2204	NaN	NaN	NaN	1475596.0908	1475596.4173	0.0000	1.0000	0.4065
43gz02	3	32	0	0	2.0000	0.0000	-1.0000	NaN	9.8196	-8.6054	13.6501	1475597.3720	1475597.6737	0.0000	1.0000	0.4631
43gz02	3	33	0	0	1.0000	0.0000	1.0000	0.7959	NaN	NaN	NaN	1475600.1175	1475600.4431	1.0000	1.0000	0.2455
43gz02	3	33	0	0	2.0000	0.0000	1.0000	NaN	6.6480	6.9625	14.9748	1475601.2211	1475601.5221	1.0000	1.0000	0.8700
43gz02	3	34	0	0	1.0000	0.0000	1.0000	0.0843	NaN	NaN	NaN	1475604.8248	1475605.1500	1.0000	1.0000	0.3845
43gz02	3	34	0	0	2.0000	0.0000	1.0000	NaN	1.8089	1.5396	16.7864	1475606.0755	1475606.3765	1.0000	1.0000	1.3049
43gz02	3	35	0	0	1.0000	0.0000	1.0000	0.5455	NaN	NaN	NaN	1475609.7605	1475610.0887	1.0000	1.0000	0.3181
43gz02	3	35	0	0	2.0000	0.0000	1.0000	NaN	1.8163	4.1170	14.6693	1475610.9890	1475611.2900	1.0000	1.0000	1.2623
43gz02	3	36	0	0	1.0000	0.0000	1.0000	0.7597	NaN	NaN	NaN	1475614.9083	1475615.2358	1.0000	1.0000	0.2056
43gz02	3	36	0	0	2.0000	0.0000	-1.0000	NaN	1.3073	-2.7517	16.1862	1475615.9962	1475616.2971	0.0000	1.0000	0.4878
43gz02	3	37	0	0	1.0000	0.0000	1.0000	0.3939	NaN	NaN	NaN	1475619.3059	1475619.6326	1.0000	1.0000	0.1766
43gz02	3	37	0	0	2.0000	0.0000	1.0000	NaN	5.9809	7.4178	14.1227	1475620.3397	1475620.6407	1.0000	1.0000	0.6873
43gz02	3	38	0	0	1.0000	0.0000	-1.0000	0.3244	NaN	NaN	NaN	1475623.2495	1475623.5746	0.0000	1.0000	0.2721
43gz02	3	38	0	0	2.0000	0.0000	1.0000	NaN	5.1804	3.7389	15.8736	1475624.3797	1475624.6807	1.0000	1.0000	0.5900
43gz02	3	39	0	0	1.0000	0.0000	1.0000	0.1662	NaN	NaN	NaN	1475627.3696	1475627.6968	1.0000	1.0000	0.2619
43gz02	3	39	0	0	2.0000	0.0000	-1.0000	NaN	9.1243	-10.5155	16.5361	1475628.5013	1475628.8022	0.0000	1.0000	0.5431
43gz02	3	40	0	0	1.0000	0.0000	1.0000	0.1736	NaN	NaN	NaN	1475631.2157	1475631.5407	1.0000	1.0000	0.2178
43gz02	3	40	0	0	2.0000	0.0000	1.0000	NaN	8.8189	8.0616	15.6167	1475632.2912	1475632.5926	1.0000	1.0000	0.5432
43gz02	3	41	0	0	1.0000	0.0000	1.0000	0.6269	NaN	NaN	NaN	1475635.7084	1475636.0345	1.0000	1.0000	0.2043
43gz02	3	41	0	0	2.0000	0.0000	-1.0000	NaN	10.2040	-10.8445	14.9201	1475636.7873	1475637.0883	0.0000	1.0000	0.6465
43gz02	3	42	0	0	1.0000	0.0000	1.0000	0.5472	NaN	NaN	NaN	1475639.8835	1475640.2081	1.0000	1.0000	0.1528
43gz02	3	42	0	0	2.0000	0.0000	1.0000	NaN	3.5580	2.8594	14.5598	1475640.8910	1475641.1920	1.0000	1.0000	0.4734
43gz02	3	43	0	0	1.0000	0.0000	-1.0000	0.3406	NaN	NaN	NaN	1475643.6437	1475643.9697	0.0000	1.0000	0.5596
43gz02	3	43	0	0	2.0000	0.0000	1.0000	NaN	6.7732	5.1794	15.7953	1475645.1158	1475645.4168	1.0000	1.0000	0.4962
43gz02	3	44	0	0	1.0000	0.0000	1.0000	0.1671	NaN	NaN	NaN	1475648.1424	1475648.4680	1.0000	1.0000	0.1865
43gz02	3	44	0	0	2.0000	0.0000	1.0000	NaN	9.4401	8.9509	16.2235	1475649.1801	1475649.4813	1.0000	1.0000	0.5494
43gz02	3	45	0	0	1.0000	0.0000	1.0000	0.0537	NaN	NaN	NaN	1475652.2613	1475652.5866	1.0000	1.0000	0.4602
43gz02	3	45	0	0	2.0000	0.0000	1.0000	NaN	9.7725	11.9529	15.4155	1475653.6193	1475653.9204	1.0000	1.0000	0.5049
43gz02	3	46	0	0	1.0000	0.0000	1.0000	0.4784	NaN	NaN	NaN	1475656.2879	1475656.6163	1.0000	1.0000	0.1684
43gz02	3	46	0	0	2.0000	0.0000	1.0000	NaN	3.3675	2.8172	16.7993	1475657.3237	1475657.6247	1.0000	1.0000	0.5259
43gz02	3	47	0	0	1.0000	0.0000	-1.0000	0.4648	NaN	NaN	NaN	1475660.3589	1475660.6852	0.0000	1.0000	0.1715
43gz02	3	47	0	0	2.0000	0.0000	1.0000	NaN	0.2247	2.3535	14.4225	1475661.4305	1475661.7316	1.0000	1.0000	1.9254
43gz02	3	48	0	0	1.0000	0.0000	1.0000	0.8060	NaN	NaN	NaN	1475666.0211	1475666.3467	1.0000	1.0000	0.2063
43gz02	3	48	0	0	2.0000	0.0000	-1.0000	NaN	10.5661	-10.1512	14.7251	1475667.0822	1475667.3832	0.0000	1.0000	0.5716
43gz02	3	49	0	0	1.0000	0.0000	-1.0000	0.4554	NaN	NaN	NaN	1475669.9835	1475670.3092	0.0000	1.0000	0.2832
43gz02	3	49	0	0	2.0000	0.0000	1.0000	NaN	9.7150	10.4229	14.8843	1475671.1571	1475671.4581	1.0000	1.0000	0.5041
43gz02	3	50	0	0	1.0000	0.0000	1.0000	0.3256	NaN	NaN	NaN	1475673.8149	1475674.1408	1.0000	1.0000	0.2278
43gz02	3	50	0	0	2.0000	0.0000	1.0000	NaN	6.9665	6.6373	14.0532	1475674.9081	1475675.2094	1.0000	1.0000	0.6476
