25cj02	1	1	0	0	1.0000	0.0000	-1.0000	0.0153	NaN	NaN	NaN	1020524.4351	1020524.7866	1.0000	0.0000	0.5881
25cj02	1	1	0	0	2.0000	0.0000	-1.0000	NaN	6.3504	-7.2370	16.4341	1020525.8852	1020526.1874	0.0000	1.0000	0.2263
25cj02	1	2	0	0	1.0000	0.0000	1.0000	0.1403	NaN	NaN	NaN	1020528.3693	1020528.7215	1.0000	1.0000	0.3485
25cj02	1	2	0	0	2.0000	0.0000	1.0000	NaN	1.4507	4.3011	15.4919	1020529.5972	1020529.9005	1.0000	1.0000	0.6092
25cj02	1	3	0	0	1.0000	0.0000	-1.0000	0.5150	NaN	NaN	NaN	1020532.9867	1020533.3378	0.0000	1.0000	0.3567
25cj02	1	3	0	0	2.0000	0.0000	-1.0000	NaN	2.4483	-2.6733	14.9313	1020534.2128	1020534.5195	0.0000	1.0000	0.4545
25cj02	1	4	0	0	1.0000	0.0000	1.0000	0.3816	NaN	NaN	NaN	1020537.0116	1020537.4250	1.0000	1.0000	0.2535
25cj02	1	4	0	0	2.0000	0.0000	-1.0000	NaN	2.2167	-3.0944	15.5364	1020538.2158	1020538.5203	0.0000	1.0000	0.5665
25cj02	1	5	0	0	1.0000	0.0000	-1.0000	0.5246	NaN	NaN	NaN	1020541.0028	1020541.3875	0.0000	1.0000	0.3223
25cj02	1	5	0	0	2.0000	0.0000	1.0000	NaN	2.6104	1.0727	14.2690	1020542.2358	1020542.5380	1.0000	1.0000	0.5650
25cj02	1	6	0	0	1.0000	0.0000	-1.0000	0.5285	NaN	NaN	NaN	1020545.4881	1020545.8400	0.0000	1.0000	0.4151
25cj02	1	6	0	0	2.0000	0.0000	1.0000	NaN	9.9741	11.2042	15.0496	1020546.7662	1020547.0685	1.0000	1.0000	0.1133
25cj02	1	7	0	0	1.0000	0.0000	1.0000	0.0257	NaN	NaN	NaN	1020548.9839	1020549.3354	1.0000	1.0000	0.4873
25cj02	1	7	0	0	2.0000	0.0000	1.0000	NaN	10.9769	11.6673	15.9932	1020550.3503	1020550.6525	1.0000	1.0000	0.2092
25cj02	1	8	0	0	1.0000	0.0000	1.0000	0.3338	NaN	NaN	NaN	1020552.9471	1020553.3005	1.0000	1.0000	0.2812
25cj02	1	8	0	0	2.0000	0.0000	-1.0000	NaN	3.1664	-1.7935	14.4685	1020554.1088	1020554.4110	0.0000	1.0000	0.2760
25cj02	1	9	0	0	1.0000	0.0000	-1.0000	0.6817	NaN	NaN	NaN	1020556.9465	1020557.3004	0.0000	1.0000	0.2985
25cj02	1	9	0	0	2.0000	0.0000	-1.0000	NaN	1.1958	-0.8891	14.4326	1020558.1250	1020558.4272	0.0000	1.0000	0.6756
25cj02	1	10	0	0	1.0000	0.0000	1.0000	0.3598	NaN	NaN	NaN	1020561.1283	1020561.4834	1.0000	1.0000	0.2908
25cj02	1	10	0	0	2.0000	0.0000	-1.0000	NaN	0.7482	-0.0579	16.1182	1020562.3013	1020562.6036	0.0000	1.0000	0.7388
25cj02	1	11	0	0	1.0000	0.0000	-1.0000	0.4965	NaN	NaN	NaN	1020565.1867	1020565.5387	0.0000	1.0000	0.2350
25cj02	1	11	0	0	2.0000	0.0000	1.0000	NaN	5.9420	2.3738	15.1697	1020566.3010	1020566.6031	1.0000	1.0000	0.4346
25cj02	1	12	0	0	1.0000	0.0000	-1.0000	0.8076	NaN	NaN	NaN	1020569.2234	1020569.5791	0.0000	1.0000	0.1946
25cj02	1	12	0	0	2.0000	0.0000	-1.0000	NaN	10.1277	-9.1046	16.4776	1020570.2851	1020570.5873	0.0000	1.0000	0.2744
25cj02	1	13	0	0	1.0000	0.0000	1.0000	0.8752	NaN	NaN	NaN	1020573.3227	1020573.6789	1.0000	1.0000	0.2068
25cj02	1	13	0	0	2.0000	0.0000	-1.0000	NaN	7.9348	-8.7195	14.7085	1020574.4138	1020574.7160	0.0000	1.0000	0.1937
25cj02	1	14	0	0	1.0000	0.0000	-1.0000	0.8758	NaN	NaN	NaN	1020576.7715	1020577.1907	0.0000	1.0000	0.1030
25cj02	1	14	0	0	2.0000	0.0000	-1.0000	NaN	6.9654	-5.4743	14.4808	1020577.8016	1020578.1060	0.0000	1.0000	0.2117
25cj02	1	15	0	0	1.0000	0.0000	1.0000	0.4189	NaN	NaN	NaN	1020580.4002	1020580.8187	1.0000	1.0000	0.0910
25cj02	1	15	0	0	2.0000	0.0000	1.0000	NaN	7.8207	7.3807	15.1248	1020581.4340	1020581.7385	1.0000	1.0000	0.1638
25cj02	1	16	0	0	1.0000	0.0000	-1.0000	0.8835	NaN	NaN	NaN	1020584.1061	1020584.5237	0.0000	1.0000	0.1142
25cj02	1	16	0	0	2.0000	0.0000	1.0000	NaN	10.4727	8.6132	13.3886	1020585.1902	1020585.4946	1.0000	1.0000	0.0883
25cj02	1	17	0	0	1.0000	0.0000	1.0000	0.9371	NaN	NaN	NaN	1020587.7217	1020588.1402	1.0000	1.0000	0.0975
25cj02	1	17	0	0	2.0000	0.0000	-1.0000	NaN	9.8527	-8.6878	14.4348	1020588.7588	1020589.0659	0.0000	1.0000	0.1643
25cj02	1	18	0	0	1.0000	0.0000	-1.0000	0.5660	NaN	NaN	NaN	1020591.6182	1020592.0357	0.0000	1.0000	0.1070
25cj02	1	18	0	0	2.0000	0.0000	-1.0000	NaN	11.4580	-11.1580	15.3784	1020592.6781	1020592.9841	0.0000	1.0000	0.1176
25cj02	1	19	0	0	1.0000	0.0000	-1.0000	0.2017	NaN	NaN	NaN	1020595.1725	1020595.5776	1.0000	0.0000	0.7888
25cj02	1	19	0	0	2.0000	0.0000	-1.0000	NaN	9.5006	-8.7406	15.9347	1020596.8766	1020597.1800	0.0000	1.0000	0.1137
25cj02	1	20	0	0	1.0000	0.0000	1.0000	0.1108	NaN	NaN	NaN	1020599.3130	1020599.6662	1.0000	1.0000	0.4915
25cj02	1	20	0	0	2.0000	0.0000	1.0000	NaN	0.0964	1.4996	15.3976	1020600.6696	1020600.9719	1.0000	1.0000	0.3065
25cj02	1	21	0	0	1.0000	0.0000	1.0000	0.2769	NaN	NaN	NaN	1020603.5299	1020603.8826	1.0000	1.0000	0.5318
25cj02	1	21	0	0	2.0000	0.0000	1.0000	NaN	6.5688	6.6505	14.1702	1020604.9089	1020605.2117	1.0000	1.0000	0.1952
25cj02	1	22	0	0	1.0000	0.0000	1.0000	0.4205	NaN	NaN	NaN	1020607.5418	1020607.8976	1.0000	1.0000	0.6607
25cj02	1	22	0	0	2.0000	0.0000	1.0000	NaN	11.6112	11.2741	14.7213	1020609.0536	1020609.3558	1.0000	1.0000	0.2113
25cj02	1	23	0	0	1.0000	0.0000	1.0000	0.7157	NaN	NaN	NaN	1020612.0607	1020612.4143	1.0000	1.0000	0.4325
25cj02	1	23	0	0	2.0000	0.0000	1.0000	NaN	6.2675	6.7751	12.4261	1020613.3403	1020613.6425	1.0000	1.0000	0.1312
25cj02	1	24	0	0	1.0000	0.0000	1.0000	0.9293	NaN	NaN	NaN	1020615.9504	1020616.3004	1.0000	1.0000	0.6739
25cj02	1	24	0	0	2.0000	0.0000	1.0000	NaN	11.5473	9.9547	14.6829	1020617.4993	1020617.8014	1.0000	1.0000	0.2282
25cj02	1	25	0	0	1.0000	0.0000	1.0000	0.5684	NaN	NaN	NaN	1020620.2317	1020620.5834	1.0000	1.0000	0.5356
25cj02	1	25	0	0	2.0000	0.0000	-1.0000	NaN	10.2861	-12.2528	13.0667	1020621.6138	1020621.9160	0.0000	1.0000	0.1628
25cj02	1	26	0	0	1.0000	0.0000	-1.0000	0.3475	NaN	NaN	NaN	1020624.1802	1020624.6000	0.0000	1.0000	0.4709
25cj02	1	26	0	0	2.0000	0.0000	1.0000	NaN	10.1870	9.0593	15.4026	1020625.5918	1020625.8989	1.0000	1.0000	0.1318
25cj02	1	27	0	0	1.0000	0.0000	-1.0000	0.0155	NaN	NaN	NaN	1020628.5596	1020628.9709	0.0000	1.0000	1.2828
25cj02	1	27	0	0	2.0000	0.0000	-1.0000	NaN	2.9562	-3.0772	14.0169	1020630.7750	1020631.0818	0.0000	1.0000	0.1798
25cj02	1	28	0	0	1.0000	0.0000	-1.0000	0.8894	NaN	NaN	NaN	1020633.3412	1020633.7551	0.0000	1.0000	0.2595
25cj02	1	28	0	0	2.0000	0.0000	-1.0000	NaN	11.9515	-12.5260	15.3547	1020634.5247	1020634.8280	0.0000	1.0000	0.2107
25cj02	1	29	0	0	1.0000	0.0000	1.0000	0.4522	NaN	NaN	NaN	1020637.2488	1020637.5994	1.0000	1.0000	0.4956
25cj02	1	29	0	0	2.0000	0.0000	-1.0000	NaN	3.9589	-3.8499	14.2081	1020638.5722	1020638.8743	0.0000	1.0000	0.1807
25cj02	1	30	0	0	1.0000	0.0000	1.0000	0.9058	NaN	NaN	NaN	1020640.9305	1020641.2808	1.0000	1.0000	0.2376
25cj02	1	30	0	0	2.0000	0.0000	1.0000	NaN	8.4199	8.0637	16.0194	1020642.0127	1020642.3148	1.0000	1.0000	0.4679
25cj02	1	31	0	0	1.0000	0.0000	-1.0000	0.1218	NaN	NaN	NaN	1020645.2768	1020645.6305	0.0000	1.0000	0.5271
25cj02	1	31	0	0	2.0000	0.0000	1.0000	NaN	11.2921	11.8547	14.3092	1020646.6697	1020646.9719	1.0000	1.0000	0.1462
25cj02	1	32	0	0	1.0000	0.0000	1.0000	0.8332	NaN	NaN	NaN	1020649.6444	1020649.9970	1.0000	1.0000	0.2086
25cj02	1	32	0	0	2.0000	0.0000	-1.0000	NaN	10.4109	-10.2809	14.9423	1020650.7181	1020651.0202	0.0000	1.0000	0.1467
25cj02	1	33	0	0	1.0000	0.0000	-1.0000	0.5512	NaN	NaN	NaN	1020653.4179	1020653.7749	0.0000	1.0000	0.2068
25cj02	1	33	0	0	2.0000	0.0000	1.0000	NaN	9.3347	9.7461	14.2823	1020654.5251	1020654.8277	1.0000	1.0000	0.1459
25cj02	1	34	0	0	1.0000	0.0000	-1.0000	0.4372	NaN	NaN	NaN	1020657.4345	1020657.7913	0.0000	1.0000	0.5916
25cj02	1	34	0	0	2.0000	0.0000	-1.0000	NaN	5.6661	-6.7091	14.7469	1020658.8775	1020659.1795	0.0000	1.0000	0.2592
25cj02	1	35	0	0	1.0000	0.0000	1.0000	0.8914	NaN	NaN	NaN	1020661.3900	1020661.7451	1.0000	1.0000	0.2045
25cj02	1	35	0	0	2.0000	0.0000	1.0000	NaN	7.5711	7.8190	14.7450	1020662.4615	1020662.7637	1.0000	1.0000	0.3074
25cj02	1	36	0	0	1.0000	0.0000	-1.0000	0.3245	NaN	NaN	NaN	1020665.5305	1020665.8815	0.0000	1.0000	0.2295
25cj02	1	36	0	0	2.0000	0.0000	1.0000	NaN	9.7346	11.1893	16.0161	1020666.6689	1020666.9710	1.0000	1.0000	0.1803
25cj02	1	37	0	0	1.0000	0.0000	1.0000	0.7898	NaN	NaN	NaN	1020669.3278	1020669.7494	1.0000	1.0000	0.1374
25cj02	1	37	0	0	2.0000	0.0000	-1.0000	NaN	8.4312	-9.8419	14.3501	1020670.3933	1020670.6981	0.0000	1.0000	0.1966
25cj02	1	38	0	0	1.0000	0.0000	-1.0000	0.5889	NaN	NaN	NaN	1020673.0745	1020673.4860	0.0000	1.0000	1.0396
25cj02	1	38	0	0	2.0000	0.0000	-1.0000	NaN	7.6103	-9.3986	15.0131	1020675.0367	1020675.3387	0.0000	1.0000	0.1789
25cj02	1	39	0	0	1.0000	0.0000	1.0000	0.3562	NaN	NaN	NaN	1020677.3192	1020677.6736	1.0000	1.0000	0.1961
25cj02	1	39	0	0	2.0000	0.0000	-1.0000	NaN	10.5875	-11.3070	14.8431	1020678.3797	1020678.6819	0.0000	1.0000	0.2117
25cj02	1	40	0	0	1.0000	0.0000	-1.0000	0.8290	NaN	NaN	NaN	1020680.8206	1020681.1775	0.0000	1.0000	0.3247
25cj02	1	40	0	0	2.0000	0.0000	1.0000	NaN	1.1202	2.0087	15.7724	1020682.0123	1020682.3145	1.0000	1.0000	0.3071
25cj02	1	41	0	0	1.0000	0.0000	-1.0000	0.6466	NaN	NaN	NaN	1020684.8735	1020685.2273	0.0000	1.0000	0.5143
25cj02	1	41	0	0	2.0000	0.0000	-1.0000	NaN	11.0263	-12.2899	14.7657	1020686.2360	1020686.5383	0.0000	1.0000	0.1635
25cj02	1	42	0	0	1.0000	0.0000	1.0000	0.7215	NaN	NaN	NaN	1020689.3197	1020689.6771	1.0000	1.0000	0.2096
25cj02	1	42	0	0	2.0000	0.0000	1.0000	NaN	2.9140	3.1637	14.9281	1020690.3972	1020690.6994	1.0000	1.0000	0.2742
25cj02	1	43	0	0	1.0000	0.0000	1.0000	0.1889	NaN	NaN	NaN	1020692.9265	1020693.2782	1.0000	1.0000	0.2874
25cj02	1	43	0	0	2.0000	0.0000	1.0000	NaN	6.1537	5.2633	14.5621	1020694.0768	1020694.3790	1.0000	1.0000	0.2433
25cj02	1	44	0	0	1.0000	0.0000	1.0000	0.1334	NaN	NaN	NaN	1020696.8728	1020697.2268	1.0000	1.0000	0.3713
25cj02	1	44	0	0	2.0000	0.0000	1.0000	NaN	1.8643	3.5692	14.9910	1020698.0927	1020698.3949	1.0000	1.0000	0.2118
25cj02	1	45	0	0	1.0000	0.0000	-1.0000	0.7645	NaN	NaN	NaN	1020700.6429	1020700.9944	0.0000	1.0000	0.2520
25cj02	1	45	0	0	2.0000	0.0000	-1.0000	NaN	9.8652	-9.0975	15.0923	1020701.7733	1020702.0755	0.0000	1.0000	0.2111
25cj02	1	46	0	0	1.0000	0.0000	-1.0000	0.5760	NaN	NaN	NaN	1020704.5376	1020704.8930	0.0000	1.0000	0.4645
25cj02	1	46	0	0	2.0000	0.0000	-1.0000	NaN	6.1247	-6.5234	14.0296	1020705.8689	1020706.1709	0.0000	1.0000	0.2439
25cj02	1	47	0	0	1.0000	0.0000	1.0000	0.0867	NaN	NaN	NaN	1020708.8657	1020709.2221	1.0000	1.0000	0.4234
25cj02	1	47	0	0	2.0000	0.0000	-1.0000	NaN	9.9777	-9.2160	14.4460	1020710.2205	1020710.5235	0.0000	1.0000	0.1793
25cj02	1	48	0	0	1.0000	0.0000	1.0000	0.8206	NaN	NaN	NaN	1020712.7446	1020713.0957	1.0000	1.0000	0.2143
25cj02	1	48	0	0	2.0000	0.0000	-1.0000	NaN	10.4745	-10.9342	14.3580	1020713.8039	1020714.1069	0.0000	1.0000	0.1484
25cj02	1	49	0	0	1.0000	0.0000	1.0000	0.8594	NaN	NaN	NaN	1020716.5557	1020716.9657	1.0000	1.0000	0.1039
25cj02	1	49	0	0	2.0000	0.0000	1.0000	NaN	11.0549	10.0581	14.9223	1020717.5728	1020717.8774	1.0000	1.0000	0.1841
25cj02	1	50	0	0	1.0000	0.0000	1.0000	0.7547	NaN	NaN	NaN	1020720.0745	1020720.4822	1.0000	1.0000	0.1394
25cj02	1	50	0	0	2.0000	0.0000	1.0000	NaN	4.6016	3.3727	14.0552	1020721.1882	1020721.4939	1.0000	1.0000	0.1516
25cj02	2	1	0	0	1.0000	0.0000	-1.0000	0.8235	NaN	NaN	NaN	1020725.5001	1020725.9171	0.0000	1.0000	0.3056
25cj02	2	1	0	0	2.0000	0.0000	1.0000	NaN	2.0996	1.6255	15.8147	1020726.7779	1020727.0824	1.0000	1.0000	0.1478
25cj02	2	2	0	0	1.0000	0.0000	1.0000	0.6894	NaN	NaN	NaN	1020729.5022	1020729.8931	1.0000	1.0000	0.1205
25cj02	2	2	0	0	2.0000	0.0000	1.0000	NaN	5.4643	7.2821	14.9248	1020730.4926	1020730.7948	1.0000	1.0000	0.2120
25cj02	2	3	0	0	1.0000	0.0000	1.0000	0.1961	NaN	NaN	NaN	1020733.3414	1020733.6929	1.0000	1.0000	0.3368
25cj02	2	3	0	0	2.0000	0.0000	-1.0000	NaN	2.0282	-2.7633	16.5185	1020734.5415	1020734.8437	1.0000	0.0000	0.3699
25cj02	2	4	0	0	1.0000	0.0000	-1.0000	0.1865	NaN	NaN	NaN	1020737.4324	1020737.7874	1.0000	0.0000	0.2749
25cj02	2	4	0	0	2.0000	0.0000	1.0000	NaN	8.1867	9.2005	13.8824	1020738.5716	1020738.8739	1.0000	1.0000	0.1957
25cj02	2	5	0	0	1.0000	0.0000	1.0000	0.5784	NaN	NaN	NaN	1020741.0241	1020741.3758	1.0000	1.0000	0.3017
25cj02	2	5	0	0	2.0000	0.0000	1.0000	NaN	5.6976	7.7185	15.3518	1020742.1901	1020742.4923	1.0000	1.0000	0.2585
25cj02	2	6	0	0	1.0000	0.0000	1.0000	0.1052	NaN	NaN	NaN	1020745.0266	1020745.3773	0.0000	0.0000	0.6042
25cj02	2	6	0	0	2.0000	0.0000	1.0000	NaN	4.4399	2.7854	16.2368	1020746.5084	1020746.8105	1.0000	1.0000	0.5470
25cj02	2	7	0	0	1.0000	0.0000	1.0000	0.2721	NaN	NaN	NaN	1020749.8240	1020750.1754	1.0000	1.0000	0.4155
25cj02	2	7	0	0	2.0000	0.0000	1.0000	NaN	2.7918	3.5474	16.2371	1020751.1005	1020751.4027	1.0000	1.0000	0.3400
25cj02	2	8	0	0	1.0000	0.0000	1.0000	0.4413	NaN	NaN	NaN	1020753.9022	1020754.2573	1.0000	1.0000	0.3015
25cj02	2	8	0	0	2.0000	0.0000	1.0000	NaN	5.7005	6.4918	14.6385	1020755.0844	1020755.3868	1.0000	1.0000	0.2124
25cj02	2	9	0	0	1.0000	0.0000	1.0000	0.7703	NaN	NaN	NaN	1020757.4422	1020757.7931	1.0000	1.0000	0.2529
25cj02	2	9	0	0	2.0000	0.0000	1.0000	NaN	10.9477	12.4158	13.9189	1020758.5569	1020758.8591	1.0000	1.0000	0.1480
25cj02	2	10	0	0	1.0000	0.0000	1.0000	0.6909	NaN	NaN	NaN	1020761.5751	1020761.9931	1.0000	1.0000	0.2136
25cj02	2	10	0	0	2.0000	0.0000	-1.0000	NaN	4.4217	-6.2090	15.0339	1020762.7272	1020763.0317	0.0000	1.0000	0.2951
25cj02	2	11	0	0	1.0000	0.0000	-1.0000	0.6052	NaN	NaN	NaN	1020765.7049	1020766.1147	0.0000	1.0000	0.2668
25cj02	2	11	0	0	2.0000	0.0000	-1.0000	NaN	10.3093	-8.8022	15.7399	1020766.9190	1020767.2254	0.0000	1.0000	0.5008
25cj02	2	12	0	0	1.0000	0.0000	1.0000	0.2523	NaN	NaN	NaN	1020770.0804	1020770.5113	1.0000	1.0000	0.1751
25cj02	2	12	0	0	2.0000	0.0000	-1.0000	NaN	6.9794	-6.1186	13.5815	1020771.2097	1020771.5145	0.0000	1.0000	0.2431
25cj02	2	13	0	0	1.0000	0.0000	-1.0000	0.4274	NaN	NaN	NaN	1020774.3466	1020774.7758	0.0000	1.0000	0.1661
25cj02	2	13	0	0	2.0000	0.0000	-1.0000	NaN	3.5795	-4.5248	13.7575	1020775.4606	1020775.7651	0.0000	1.0000	0.2975
25cj02	2	14	0	0	1.0000	0.0000	-1.0000	0.3116	NaN	NaN	NaN	1020778.3843	1020778.7974	0.0000	1.0000	0.3687
25cj02	2	14	0	0	2.0000	0.0000	1.0000	NaN	1.7203	1.7030	15.4845	1020779.7017	1020780.0081	1.0000	1.0000	0.3094
25cj02	2	15	0	0	1.0000	0.0000	1.0000	0.7133	NaN	NaN	NaN	1020782.5564	1020782.9557	1.0000	1.0000	0.0669
25cj02	2	15	0	0	2.0000	0.0000	1.0000	NaN	9.6200	8.7783	14.8372	1020783.5163	1020783.8188	1.0000	1.0000	0.1644
25cj02	2	16	0	0	1.0000	0.0000	-1.0000	0.7727	NaN	NaN	NaN	1020786.3831	1020786.7389	0.0000	1.0000	0.1705
25cj02	2	16	0	0	2.0000	0.0000	1.0000	NaN	1.7613	2.3664	16.1320	1020787.4382	1020787.7403	1.0000	1.0000	0.2582
25cj02	2	17	0	0	1.0000	0.0000	1.0000	0.5026	NaN	NaN	NaN	1020789.7831	1020790.1389	1.0000	1.0000	0.1162
25cj02	2	17	0	0	2.0000	0.0000	1.0000	NaN	6.7855	7.0909	13.2790	1020790.7646	1020791.0668	1.0000	1.0000	0.1802
25cj02	2	18	0	0	1.0000	0.0000	-1.0000	0.4459	NaN	NaN	NaN	1020793.5062	1020793.8565	0.0000	1.0000	0.1258
25cj02	2	18	0	0	2.0000	0.0000	1.0000	NaN	2.4491	3.4600	16.1856	1020794.4778	1020794.7800	1.0000	1.0000	0.1940
25cj02	2	19	0	0	1.0000	0.0000	1.0000	0.2571	NaN	NaN	NaN	1020796.9930	1020797.3441	1.0000	1.0000	0.1095
25cj02	2	19	0	0	2.0000	0.0000	-1.0000	NaN	4.8418	-4.4779	15.2405	1020797.9480	1020798.2503	0.0000	1.0000	0.2127
25cj02	2	20	0	0	1.0000	0.0000	1.0000	0.6958	NaN	NaN	NaN	1020800.7381	1020801.0895	1.0000	1.0000	0.1570
25cj02	2	20	0	0	2.0000	0.0000	1.0000	NaN	0.6609	0.0461	16.2884	1020801.7409	1020802.0431	1.0000	1.0000	0.4357
25cj02	2	21	0	0	1.0000	0.0000	1.0000	0.6930	NaN	NaN	NaN	1020804.8384	1020805.1892	1.0000	1.0000	0.1213
25cj02	2	21	0	0	2.0000	0.0000	-1.0000	NaN	4.8707	-3.5987	15.0024	1020805.8377	1020806.1398	1.0000	0.0000	0.4504
25cj02	2	22	0	0	1.0000	0.0000	1.0000	0.6508	NaN	NaN	NaN	1020808.6249	1020809.0224	1.0000	1.0000	0.2882
25cj02	2	22	0	0	2.0000	0.0000	-1.0000	NaN	0.1010	-0.7027	15.0755	1020809.8541	1020810.1564	1.0000	0.0000	0.9131
25cj02	2	23	0	0	1.0000	0.0000	1.0000	0.7486	NaN	NaN	NaN	1020813.7178	1020814.0721	1.0000	1.0000	0.1813
25cj02	2	23	0	0	2.0000	0.0000	1.0000	NaN	6.1574	4.3138	13.3501	1020814.7804	1020815.0825	1.0000	1.0000	0.5629
25cj02	2	24	0	0	1.0000	0.0000	-1.0000	0.6999	NaN	NaN	NaN	1020818.2301	1020818.5831	0.0000	1.0000	0.1996
25cj02	2	24	0	0	2.0000	0.0000	1.0000	NaN	0.4127	0.3566	15.8125	1020819.3132	1020819.6154	1.0000	1.0000	0.5740
25cj02	2	25	0	0	1.0000	0.0000	1.0000	0.4960	NaN	NaN	NaN	1020821.9752	1020822.3333	1.0000	1.0000	0.2248
25cj02	2	25	0	0	2.0000	0.0000	-1.0000	NaN	4.1646	-5.2995	14.4767	1020823.0700	1020823.3722	0.0000	1.0000	0.2425
25cj02	2	26	0	0	1.0000	0.0000	-1.0000	0.3777	NaN	NaN	NaN	1020825.8403	1020826.1928	0.0000	1.0000	0.1893
25cj02	2	26	0	0	2.0000	0.0000	-1.0000	NaN	5.4069	-7.0344	15.6716	1020826.9241	1020827.2263	0.0000	1.0000	0.3398
25cj02	2	27	0	0	1.0000	0.0000	1.0000	0.5296	NaN	NaN	NaN	1020829.5920	1020829.9492	1.0000	1.0000	0.1603
25cj02	2	27	0	0	2.0000	0.0000	1.0000	NaN	4.6011	2.7029	16.5154	1020830.6199	1020830.9221	1.0000	1.0000	0.1646
25cj02	2	28	0	0	1.0000	0.0000	1.0000	0.7001	NaN	NaN	NaN	1020833.3804	1020833.7365	1.0000	1.0000	0.1180
25cj02	2	28	0	0	2.0000	0.0000	1.0000	NaN	10.6947	9.0887	14.0500	1020834.3644	1020834.6680	1.0000	1.0000	0.2586
25cj02	2	29	0	0	1.0000	0.0000	1.0000	0.3390	NaN	NaN	NaN	1020837.3927	1020837.7490	1.0000	1.0000	0.1204
25cj02	2	29	0	0	2.0000	0.0000	1.0000	NaN	11.2534	12.1036	14.6817	1020838.3968	1020838.6992	1.0000	1.0000	0.1470
25cj02	2	30	0	0	1.0000	0.0000	1.0000	0.3662	NaN	NaN	NaN	1020841.4633	1020841.8197	1.0000	1.0000	0.1461
25cj02	2	30	0	0	2.0000	0.0000	-1.0000	NaN	4.8888	-5.6320	13.9219	1020842.4935	1020842.7957	0.0000	1.0000	0.2428
25cj02	2	31	0	0	1.0000	0.0000	1.0000	0.3380	NaN	NaN	NaN	1020844.9142	1020845.2693	1.0000	1.0000	0.1852
25cj02	2	31	0	0	2.0000	0.0000	1.0000	NaN	3.7566	3.1097	14.6361	1020845.9799	1020846.2822	1.0000	1.0000	0.2764
25cj02	2	32	0	0	1.0000	0.0000	1.0000	0.3732	NaN	NaN	NaN	1020848.6092	1020848.9651	1.0000	1.0000	0.1540
25cj02	2	32	0	0	2.0000	0.0000	1.0000	NaN	7.0269	5.7628	14.1687	1020849.6445	1020849.9467	1.0000	1.0000	0.2107
25cj02	2	33	0	0	1.0000	0.0000	1.0000	0.4018	NaN	NaN	NaN	1020852.4342	1020852.7868	1.0000	1.0000	0.1391
25cj02	2	33	0	0	2.0000	0.0000	1.0000	NaN	10.4560	10.2705	15.6590	1020853.4525	1020853.7548	1.0000	1.0000	0.2106
25cj02	2	34	0	0	1.0000	0.0000	1.0000	0.3339	NaN	NaN	NaN	1020856.0935	1020856.5087	1.0000	1.0000	0.8814
25cj02	2	34	0	0	2.0000	0.0000	1.0000	NaN	11.5165	9.9599	13.0348	1020857.9178	1020858.2199	1.0000	1.0000	0.1307
25cj02	2	35	0	0	1.0000	0.0000	1.0000	0.1617	NaN	NaN	NaN	1020860.6851	1020861.0364	1.0000	1.0000	0.7530
25cj02	2	35	0	0	2.0000	0.0000	1.0000	NaN	1.6396	1.6585	15.9328	1020862.2851	1020862.5872	1.0000	1.0000	0.2433
25cj02	2	36	0	0	1.0000	0.0000	1.0000	0.4044	NaN	NaN	NaN	1020864.8311	1020865.1848	1.0000	1.0000	1.2292
25cj02	2	36	0	0	2.0000	0.0000	-1.0000	NaN	10.5491	-8.4289	15.4454	1020866.9241	1020867.2263	0.0000	1.0000	0.2271
25cj02	2	37	0	0	1.0000	0.0000	-1.0000	0.6716	NaN	NaN	NaN	1020869.8054	1020870.1575	0.0000	1.0000	0.2893
25cj02	2	37	0	0	2.0000	0.0000	-1.0000	NaN	2.0877	-3.9889	15.5308	1020870.9740	1020871.2763	0.0000	1.0000	0.2895
25cj02	2	38	0	0	1.0000	0.0000	1.0000	0.5338	NaN	NaN	NaN	1020873.9427	1020874.2970	1.0000	1.0000	0.3889
25cj02	2	38	0	0	2.0000	0.0000	1.0000	NaN	2.1854	0.1553	14.8154	1020875.1796	1020875.4833	0.0000	0.0000	0.5151
25cj02	2	39	0	0	1.0000	0.0000	1.0000	0.8826	NaN	NaN	NaN	1020878.2006	1020878.5522	1.0000	1.0000	0.1985
25cj02	2	39	0	0	2.0000	0.0000	-1.0000	NaN	7.7048	-7.0088	13.7776	1020879.2764	1020879.5787	0.0000	1.0000	0.1954
25cj02	2	40	0	0	1.0000	0.0000	-1.0000	0.6430	NaN	NaN	NaN	1020881.7922	1020882.1466	0.0000	1.0000	0.1548
25cj02	2	40	0	0	2.0000	0.0000	1.0000	NaN	4.3672	4.8167	15.4021	1020882.8283	1020883.1312	1.0000	1.0000	0.1638
25cj02	2	41	0	0	1.0000	0.0000	1.0000	0.2553	NaN	NaN	NaN	1020885.6954	1020886.0506	1.0000	1.0000	0.1707
25cj02	2	41	0	0	2.0000	0.0000	-1.0000	NaN	9.8477	-9.9175	15.7410	1020886.7328	1020887.0350	0.0000	1.0000	0.1634
25cj02	2	42	0	0	1.0000	0.0000	1.0000	0.9344	NaN	NaN	NaN	1020889.3742	1020889.7298	1.0000	1.0000	0.1396
25cj02	2	42	0	0	2.0000	0.0000	-1.0000	NaN	5.6403	-6.2442	15.7184	1020890.3960	1020890.6993	0.0000	1.0000	0.1796
25cj02	2	43	0	0	1.0000	0.0000	1.0000	0.3383	NaN	NaN	NaN	1020893.4043	1020893.7561	1.0000	1.0000	0.2093
25cj02	2	43	0	0	2.0000	0.0000	1.0000	NaN	5.7550	4.2384	15.2512	1020894.4602	1020894.7624	1.0000	1.0000	0.1801
25cj02	2	44	0	0	1.0000	0.0000	-1.0000	0.4438	NaN	NaN	NaN	1020897.2522	1020897.6031	0.0000	1.0000	0.1863
25cj02	2	44	0	0	2.0000	0.0000	-1.0000	NaN	11.7067	-10.1029	15.6932	1020898.3166	1020898.6188	0.0000	1.0000	0.2118
25cj02	2	45	0	0	1.0000	0.0000	1.0000	0.6298	NaN	NaN	NaN	1020901.0565	1020901.4722	1.0000	1.0000	0.0772
25cj02	2	45	0	0	2.0000	0.0000	-1.0000	NaN	5.7321	-6.6538	16.3119	1020902.0525	1020902.3562	0.0000	1.0000	0.2504
25cj02	2	46	0	0	1.0000	0.0000	1.0000	0.0323	NaN	NaN	NaN	1020905.0865	1020905.4623	1.0000	1.0000	0.2002
25cj02	2	46	0	0	2.0000	0.0000	-1.0000	NaN	4.2361	-4.7585	14.0612	1020906.1558	1020906.4580	0.0000	1.0000	0.1964
25cj02	2	47	0	0	1.0000	0.0000	1.0000	0.3791	NaN	NaN	NaN	1020909.1454	1020909.4995	1.0000	1.0000	0.2098
25cj02	2	47	0	0	2.0000	0.0000	1.0000	NaN	3.6055	3.9817	14.8678	1020910.2213	1020910.5235	1.0000	1.0000	0.2588
25cj02	2	48	0	0	1.0000	0.0000	-1.0000	0.9101	NaN	NaN	NaN	1020912.8833	1020913.2339	0.0000	1.0000	0.1728
25cj02	2	48	0	0	2.0000	0.0000	1.0000	NaN	5.4111	5.1190	15.2765	1020913.9325	1020914.2347	1.0000	1.0000	0.1786
25cj02	2	49	0	0	1.0000	0.0000	1.0000	0.5312	NaN	NaN	NaN	1020916.7406	1020917.0949	1.0000	1.0000	0.2465
25cj02	2	49	0	0	2.0000	0.0000	1.0000	NaN	0.8921	1.0525	14.6585	1020917.8685	1020918.1707	0.0000	0.0000	0.3884
25cj02	2	50	0	0	1.0000	0.0000	1.0000	0.3834	NaN	NaN	NaN	1020920.6356	1020920.9884	1.0000	1.0000	0.1304
25cj02	2	50	0	0	2.0000	0.0000	1.0000	NaN	10.1540	10.2823	13.2847	1020921.6606	1020921.9643	1.0000	1.0000	0.1290
25cj02	3	1	0	0	1.0000	0.0000	1.0000	0.5403	NaN	NaN	NaN	1020925.5705	1020925.9212	1.0000	1.0000	0.2053
25cj02	3	1	0	0	2.0000	0.0000	-1.0000	NaN	5.4815	-5.3784	15.9424	1020926.6212	1020926.9233	0.0000	1.0000	0.2266
25cj02	3	2	0	0	1.0000	0.0000	1.0000	0.7198	NaN	NaN	NaN	1020929.6012	1020929.9514	1.0000	1.0000	0.1739
25cj02	3	2	0	0	2.0000	0.0000	-1.0000	NaN	6.0200	-4.9052	15.0203	1020930.6377	1020930.9399	0.0000	1.0000	0.3224
25cj02	3	3	0	0	1.0000	0.0000	-1.0000	0.7377	NaN	NaN	NaN	1020933.2144	1020933.5662	0.0000	1.0000	0.2243
25cj02	3	3	0	0	2.0000	0.0000	1.0000	NaN	8.6863	8.6239	14.6338	1020934.3164	1020934.6187	1.0000	1.0000	0.2438
25cj02	3	4	0	0	1.0000	0.0000	1.0000	0.5074	NaN	NaN	NaN	1020936.7722	1020937.1272	1.0000	1.0000	0.1821
25cj02	3	4	0	0	2.0000	0.0000	-1.0000	NaN	5.9302	-4.7499	14.8927	1020937.8055	1020938.1077	0.0000	1.0000	0.3536
25cj02	3	5	0	0	1.0000	0.0000	-1.0000	0.5719	NaN	NaN	NaN	1020940.6131	1020940.9658	0.0000	1.0000	0.2165
25cj02	3	5	0	0	2.0000	0.0000	1.0000	NaN	2.9568	2.9534	15.8332	1020941.6924	1020941.9955	1.0000	1.0000	0.8343
25cj02	3	6	0	0	1.0000	0.0000	-1.0000	0.0950	NaN	NaN	NaN	1020945.0743	1020945.4309	0.0000	1.0000	0.5184
25cj02	3	6	0	0	2.0000	0.0000	1.0000	NaN	2.4099	2.1784	13.0505	1020946.4441	1020946.7465	1.0000	1.0000	0.3555
25cj02	3	7	0	0	1.0000	0.0000	-1.0000	0.2248	NaN	NaN	NaN	1020949.6299	1020950.0373	1.0000	0.0000	0.7120
25cj02	3	7	0	0	2.0000	0.0000	1.0000	NaN	2.1511	2.6335	14.9193	1020951.2677	1020951.5716	1.0000	1.0000	0.2833
25cj02	3	8	0	0	1.0000	0.0000	-1.0000	0.0394	NaN	NaN	NaN	1020954.4126	1020954.8391	1.0000	0.0000	0.9354
25cj02	3	8	0	0	2.0000	0.0000	-1.0000	NaN	5.8125	-6.5846	13.9695	1020956.2958	1020956.6005	0.0000	1.0000	0.2298
25cj02	3	9	0	0	1.0000	0.0000	-1.0000	0.2333	NaN	NaN	NaN	1020959.1878	1020959.6165	0.0000	1.0000	0.1416
25cj02	3	9	0	0	2.0000	0.0000	1.0000	NaN	3.5869	3.8281	16.3671	1020960.2953	1020960.5998	1.0000	1.0000	0.1495
25cj02	3	10	0	0	1.0000	0.0000	-1.0000	0.4887	NaN	NaN	NaN	1020962.7881	1020963.2048	0.0000	1.0000	0.3771
25cj02	3	10	0	0	2.0000	0.0000	1.0000	NaN	4.0006	3.1095	13.9494	1020964.0926	1020964.3956	1.0000	1.0000	0.3068
25cj02	3	11	0	0	1.0000	0.0000	1.0000	0.3785	NaN	NaN	NaN	1020967.1631	1020967.5145	1.0000	1.0000	0.2760
25cj02	3	11	0	0	2.0000	0.0000	-1.0000	NaN	10.6099	-11.2777	14.9712	1020968.3002	1020968.6024	0.0000	1.0000	0.2439
25cj02	3	12	0	0	1.0000	0.0000	1.0000	0.5803	NaN	NaN	NaN	1020970.9723	1020971.3255	1.0000	1.0000	0.1930
25cj02	3	12	0	0	2.0000	0.0000	-1.0000	NaN	4.0318	-2.9046	15.2086	1020972.0130	1020972.3152	1.0000	0.0000	0.3701
25cj02	3	13	0	0	1.0000	0.0000	1.0000	0.4350	NaN	NaN	NaN	1020975.2261	1020975.5795	1.0000	1.0000	0.4184
25cj02	3	13	0	0	2.0000	0.0000	-1.0000	NaN	2.1901	-0.3678	15.3276	1020976.5083	1020976.8116	0.0000	1.0000	0.7537
25cj02	3	14	0	0	1.0000	0.0000	1.0000	0.0948	NaN	NaN	NaN	1020979.7350	1020980.0919	1.0000	1.0000	0.3374
25cj02	3	14	0	0	2.0000	0.0000	1.0000	NaN	5.2205	8.1073	15.0007	1020980.9558	1020981.2579	1.0000	1.0000	0.2598
25cj02	3	15	0	0	1.0000	0.0000	1.0000	0.8120	NaN	NaN	NaN	1020983.5790	1020983.9304	1.0000	1.0000	0.2755
25cj02	3	15	0	0	2.0000	0.0000	-1.0000	NaN	4.0686	-4.7618	14.7096	1020984.7174	1020985.0197	0.0000	1.0000	0.8824
25cj02	3	16	0	0	1.0000	0.0000	-1.0000	0.6090	NaN	NaN	NaN	1020988.0787	1020988.4301	0.0000	1.0000	0.5928
25cj02	3	16	0	0	2.0000	0.0000	-1.0000	NaN	1.0305	-1.6147	14.5299	1020989.5479	1020989.8501	1.0000	0.0000	1.2511
25cj02	3	17	0	0	1.0000	0.0000	1.0000	0.0935	NaN	NaN	NaN	1020993.3620	1020993.7132	1.0000	1.0000	0.4289
25cj02	3	17	0	0	2.0000	0.0000	-1.0000	NaN	4.7521	-6.3154	13.5330	1020994.6366	1020994.9388	0.0000	1.0000	0.2585
25cj02	3	18	0	0	1.0000	0.0000	-1.0000	0.1362	NaN	NaN	NaN	1020997.4581	1020997.8697	0.0000	1.0000	0.5929
25cj02	3	18	0	0	2.0000	0.0000	-1.0000	NaN	8.7211	-9.1101	15.4876	1020998.9828	1020999.2873	0.0000	1.0000	0.2473
25cj02	3	19	0	0	1.0000	0.0000	1.0000	0.6239	NaN	NaN	NaN	1021001.5239	1021001.9148	1.0000	1.0000	0.1799
25cj02	3	19	0	0	2.0000	0.0000	-1.0000	NaN	7.6621	-7.4717	14.6099	1021002.5876	1021002.8898	0.0000	1.0000	0.2290
25cj02	3	20	0	0	1.0000	0.0000	1.0000	0.3424	NaN	NaN	NaN	1021005.0869	1021005.4405	1.0000	1.0000	0.2052
25cj02	3	20	0	0	2.0000	0.0000	-1.0000	NaN	3.1711	-4.7879	14.9373	1021006.1403	1021006.4434	0.0000	1.0000	0.2590
25cj02	3	21	0	0	1.0000	0.0000	-1.0000	0.4577	NaN	NaN	NaN	1021008.8622	1021009.2124	0.0000	1.0000	0.2415
25cj02	3	21	0	0	2.0000	0.0000	-1.0000	NaN	5.6591	-6.9240	16.1919	1021009.9798	1021010.2820	0.0000	1.0000	0.3089
25cj02	3	22	0	0	1.0000	0.0000	-1.0000	0.8064	NaN	NaN	NaN	1021012.9420	1021013.2955	0.0000	1.0000	0.2697
25cj02	3	22	0	0	2.0000	0.0000	1.0000	NaN	2.9183	3.6244	14.6220	1021014.0775	1021014.3796	1.0000	1.0000	0.3536
25cj02	3	23	0	0	1.0000	0.0000	-1.0000	0.9227	NaN	NaN	NaN	1021016.8281	1021017.1786	0.0000	1.0000	0.1786
25cj02	3	23	0	0	2.0000	0.0000	1.0000	NaN	5.1544	3.5605	15.0627	1021017.8684	1021018.1707	1.0000	1.0000	0.2751
25cj02	3	24	0	0	1.0000	0.0000	1.0000	0.6456	NaN	NaN	NaN	1021021.0314	1021021.3830	1.0000	1.0000	0.1988
25cj02	3	24	0	0	2.0000	0.0000	-1.0000	NaN	2.0437	-2.1347	15.6821	1021022.0772	1021022.3794	0.0000	1.0000	0.4818
25cj02	3	25	0	0	1.0000	0.0000	1.0000	0.5579	NaN	NaN	NaN	1021025.2222	1021025.5770	1.0000	1.0000	0.2132
25cj02	3	25	0	0	2.0000	0.0000	1.0000	NaN	0.2943	0.2688	15.0463	1021026.3166	1021026.6188	0.0000	0.0000	0.4836
25cj02	3	26	0	0	1.0000	0.0000	1.0000	0.1694	NaN	NaN	NaN	1021029.4081	1021029.7614	1.0000	1.0000	0.6212
25cj02	3	26	0	0	2.0000	0.0000	1.0000	NaN	11.9010	11.9355	14.7042	1021030.9246	1021031.2267	1.0000	1.0000	0.1801
25cj02	3	27	0	0	1.0000	0.0000	-1.0000	0.0912	NaN	NaN	NaN	1021033.4922	1021033.8445	0.0000	1.0000	0.5534
25cj02	3	27	0	0	2.0000	0.0000	1.0000	NaN	2.8170	2.1479	13.8188	1021034.8932	1021035.1954	1.0000	1.0000	0.2262
25cj02	3	28	0	0	1.0000	0.0000	-1.0000	0.4316	NaN	NaN	NaN	1021037.3482	1021037.6990	0.0000	1.0000	0.3315
25cj02	3	28	0	0	2.0000	0.0000	-1.0000	NaN	4.8931	-6.2652	15.6654	1021038.5402	1021038.8424	0.0000	1.0000	0.5628
25cj02	3	29	0	0	1.0000	0.0000	-1.0000	0.3808	NaN	NaN	NaN	1021041.9757	1021042.3275	0.0000	1.0000	0.7577
25cj02	3	29	0	0	2.0000	0.0000	1.0000	NaN	11.0926	11.7381	13.4431	1021043.5809	1021043.8832	1.0000	1.0000	0.1637
25cj02	3	30	0	0	1.0000	0.0000	1.0000	0.8690	NaN	NaN	NaN	1021046.3061	1021046.7159	1.0000	1.0000	0.0818
25cj02	3	30	0	0	2.0000	0.0000	-1.0000	NaN	5.9822	-6.5331	15.7849	1021047.2975	1021047.6012	0.0000	1.0000	0.1559
25cj02	3	31	0	0	1.0000	0.0000	-1.0000	0.6240	NaN	NaN	NaN	1021050.0860	1021050.4991	0.0000	1.0000	0.1221
25cj02	3	31	0	0	2.0000	0.0000	1.0000	NaN	3.8678	3.4671	15.3162	1021051.1540	1021051.4606	1.0000	1.0000	0.1857
25cj02	3	32	0	0	1.0000	0.0000	-1.0000	0.2204	NaN	NaN	NaN	1021053.7112	1021054.1166	0.0000	1.0000	0.3623
25cj02	3	32	0	0	2.0000	0.0000	-1.0000	NaN	9.8196	-11.2340	15.7430	1021055.0290	1021055.3328	0.0000	1.0000	0.2324
25cj02	3	33	0	0	1.0000	0.0000	1.0000	0.7959	NaN	NaN	NaN	1021058.0190	1021058.3979	1.0000	1.0000	0.1444
25cj02	3	33	0	0	2.0000	0.0000	1.0000	NaN	6.6480	4.9591	14.7499	1021059.0521	1021059.3543	1.0000	1.0000	0.2116
25cj02	3	34	0	0	1.0000	0.0000	1.0000	0.0843	NaN	NaN	NaN	1021061.9349	1021062.2919	1.0000	1.0000	0.8260
25cj02	3	34	0	0	2.0000	0.0000	-1.0000	NaN	1.8089	-0.8262	16.3091	1021063.6134	1021063.9156	0.0000	1.0000	0.4979
25cj02	3	35	0	0	1.0000	0.0000	1.0000	0.5455	NaN	NaN	NaN	1021066.4984	1021066.8544	1.0000	1.0000	0.2151
25cj02	3	35	0	0	2.0000	0.0000	-1.0000	NaN	1.8163	-2.2701	15.0359	1021067.5664	1021067.8686	0.0000	1.0000	0.4662
25cj02	3	36	0	0	1.0000	0.0000	1.0000	0.7597	NaN	NaN	NaN	1021070.3689	1021070.7248	1.0000	1.0000	0.2495
25cj02	3	36	0	0	2.0000	0.0000	1.0000	NaN	1.3073	3.5978	13.3862	1021071.4710	1021071.7736	1.0000	1.0000	0.2565
25cj02	3	37	0	0	1.0000	0.0000	1.0000	0.3939	NaN	NaN	NaN	1021074.0324	1021074.3871	1.0000	1.0000	0.1861
25cj02	3	37	0	0	2.0000	0.0000	-1.0000	NaN	5.9809	-5.0774	12.7336	1021075.0845	1021075.3866	0.0000	1.0000	0.1638
25cj02	3	38	0	0	1.0000	0.0000	-1.0000	0.3244	NaN	NaN	NaN	1021077.6101	1021077.9607	0.0000	1.0000	0.1974
25cj02	3	38	0	0	2.0000	0.0000	1.0000	NaN	5.1804	5.6820	15.5311	1021078.6682	1021078.9706	1.0000	1.0000	0.0835
25cj02	3	39	0	0	1.0000	0.0000	1.0000	0.1662	NaN	NaN	NaN	1021081.1976	1021081.5536	1.0000	1.0000	0.2360
25cj02	3	39	0	0	2.0000	0.0000	1.0000	NaN	9.1243	7.2712	16.5628	1021082.3316	1021082.6338	1.0000	1.0000	0.2761
25cj02	3	40	0	0	1.0000	0.0000	1.0000	0.1736	NaN	NaN	NaN	1021085.0603	1021085.4105	1.0000	1.0000	0.5227
25cj02	3	40	0	0	2.0000	0.0000	-1.0000	NaN	8.8189	-9.7985	14.1467	1021086.4916	1021086.7938	0.0000	1.0000	0.0998
25cj02	3	41	0	0	1.0000	0.0000	1.0000	0.6269	NaN	NaN	NaN	1021089.0792	1021089.4365	1.0000	1.0000	0.1458
25cj02	3	41	0	0	2.0000	0.0000	-1.0000	NaN	10.2040	-9.6516	16.5197	1021090.0914	1021090.3935	0.0000	1.0000	0.1322
25cj02	3	42	0	0	1.0000	0.0000	1.0000	0.5472	NaN	NaN	NaN	1021092.6767	1021093.0807	1.0000	1.0000	0.1333
25cj02	3	42	0	0	2.0000	0.0000	1.0000	NaN	3.5580	4.4482	13.6336	1021093.7301	1021094.0338	1.0000	1.0000	0.2513
25cj02	3	43	0	0	1.0000	0.0000	-1.0000	0.3406	NaN	NaN	NaN	1021096.8012	1021097.2134	0.0000	1.0000	0.7040
25cj02	3	43	0	0	2.0000	0.0000	-1.0000	NaN	6.7732	-6.0638	15.3789	1021098.4354	1021098.7417	0.0000	1.0000	0.2005
25cj02	3	44	0	0	1.0000	0.0000	1.0000	0.1671	NaN	NaN	NaN	1021100.8729	1021101.2984	1.0000	1.0000	1.1307
25cj02	3	44	0	0	2.0000	0.0000	1.0000	NaN	9.4401	8.8804	15.2462	1021102.9398	1021103.2420	1.0000	1.0000	0.1323
25cj02	3	45	0	0	1.0000	0.0000	1.0000	0.0537	NaN	NaN	NaN	1021105.5749	1021105.9261	0.0000	0.0000	0.6797
25cj02	3	45	0	0	2.0000	0.0000	1.0000	NaN	9.7725	8.9327	16.4282	1021107.1160	1021107.4182	1.0000	1.0000	0.0840
25cj02	3	46	0	0	1.0000	0.0000	1.0000	0.4784	NaN	NaN	NaN	1021109.9305	1021110.2852	1.0000	1.0000	0.1927
25cj02	3	46	0	0	2.0000	0.0000	-1.0000	NaN	3.3675	-2.2664	14.2976	1021111.0058	1021111.3080	0.0000	1.0000	0.3066
25cj02	3	47	0	0	1.0000	0.0000	-1.0000	0.4648	NaN	NaN	NaN	1021114.1389	1021114.4905	0.0000	1.0000	0.3552
25cj02	3	47	0	0	2.0000	0.0000	1.0000	NaN	0.2247	0.7248	15.3907	1021115.3751	1021115.6773	1.0000	1.0000	0.1931
25cj02	3	48	0	0	1.0000	0.0000	1.0000	0.8060	NaN	NaN	NaN	1021117.9056	1021118.2570	1.0000	1.0000	0.3816
25cj02	3	48	0	0	2.0000	0.0000	-1.0000	NaN	10.5661	-12.3488	14.2932	1021119.1642	1021119.4665	0.0000	1.0000	0.2106
25cj02	3	49	0	0	1.0000	0.0000	-1.0000	0.4554	NaN	NaN	NaN	1021121.9137	1021122.2679	0.0000	1.0000	0.4178
25cj02	3	49	0	0	2.0000	0.0000	-1.0000	NaN	9.7150	-8.8792	15.0564	1021123.1963	1021123.4985	0.0000	1.0000	0.2906
25cj02	3	50	0	0	1.0000	0.0000	1.0000	0.3256	NaN	NaN	NaN	1021125.5910	1021125.9417	1.0000	1.0000	0.2954
25cj02	3	50	0	0	2.0000	0.0000	1.0000	NaN	6.9665	7.5253	15.1110	1021126.7481	1021127.0504	1.0000	1.0000	0.2115
