25cj04	1	1	1	0	1.0000	0.0000	1.0000	0.0520	NaN	NaN	NaN	1023988.2513	1023988.6075	1.0000	1.0000	0.7150
25cj04	1	1	1	0	2.0000	0.0000	1.0000	NaN	5.8865	4.9752	13.9398	1023989.8331	1023990.1352	1.0000	1.0000	0.0352
25cj04	1	2	1	0	1.0000	0.0000	1.0000	0.3996	NaN	NaN	NaN	1023992.6649	1023993.0172	1.0000	1.0000	0.3057
25cj04	1	2	1	0	2.0000	0.0000	1.0000	NaN	3.2122	2.2254	15.8533	1023993.8502	1023994.1524	1.0000	1.0000	0.0061
25cj04	1	3	1	0	1.0000	0.0000	1.0000	0.3787	NaN	NaN	NaN	1023996.3067	1023996.6611	1.0000	1.0000	0.2945
25cj04	1	3	1	0	2.0000	0.0000	1.0000	NaN	4.1291	2.8187	13.0021	1023997.4656	1023997.7678	1.0000	1.0000	0.0061
25cj04	1	4	1	0	1.0000	0.0000	1.0000	0.2730	NaN	NaN	NaN	1023999.8737	1024000.2276	0.0000	0.0000	0.6148
25cj04	1	4	1	0	2.0000	0.0000	-1.0000	NaN	3.0010	-4.1931	15.1764	1024001.3520	1024001.6541	1.0000	0.0000	0.0062
25cj04	1	5	1	0	1.0000	0.0000	1.0000	0.2531	NaN	NaN	NaN	1024004.1263	1024004.5469	1.0000	1.0000	0.1189
25cj04	1	5	1	0	2.0000	0.0000	1.0000	NaN	2.8689	3.6358	13.9169	1024005.1702	1024005.4767	1.0000	1.0000	0.0383
25cj04	1	6	1	0	1.0000	0.0000	-1.0000	0.3741	NaN	NaN	NaN	1024007.8099	1024008.2319	0.0000	1.0000	0.2744
25cj04	1	6	1	0	2.0000	0.0000	1.0000	NaN	1.0163	0.6791	12.9563	1024009.0305	1024009.3353	1.0000	1.0000	0.0062
25cj04	1	7	1	0	1.0000	0.0000	1.0000	0.2796	NaN	NaN	NaN	1024011.6045	1024012.0183	1.0000	1.0000	0.1692
25cj04	1	7	1	0	2.0000	0.0000	1.0000	NaN	3.6428	3.7519	14.9139	1024012.7228	1024013.0291	1.0000	1.0000	0.1166
25cj04	1	8	1	0	1.0000	0.0000	1.0000	0.3112	NaN	NaN	NaN	1024015.3078	1024015.7181	1.0000	1.0000	0.1644
25cj04	1	8	1	0	2.0000	0.0000	1.0000	NaN	1.1783	2.6741	13.3864	1024016.3869	1024016.6940	1.0000	1.0000	0.2278
25cj04	1	9	1	0	1.0000	0.0000	-1.0000	0.3348	NaN	NaN	NaN	1024019.3427	1024019.7628	0.0000	1.0000	0.3909
25cj04	1	9	1	0	2.0000	0.0000	1.0000	NaN	1.7076	4.1668	16.0921	1024020.6782	1024020.9826	1.0000	1.0000	0.3086
25cj04	1	10	1	0	1.0000	0.0000	-1.0000	0.3084	NaN	NaN	NaN	1024023.3222	1024023.7344	0.0000	1.0000	0.3565
25cj04	1	10	1	0	2.0000	0.0000	1.0000	NaN	6.0198	6.2539	15.6676	1024024.6121	1024024.9166	1.0000	1.0000	0.0212
25cj04	1	11	1	0	1.0000	0.0000	1.0000	0.3308	NaN	NaN	NaN	1024027.1926	1024027.5792	1.0000	1.0000	0.1105
25cj04	1	11	1	0	2.0000	0.0000	1.0000	NaN	0.2793	3.0179	15.3541	1024028.1752	1024028.4773	1.0000	1.0000	0.0061
25cj04	1	12	1	0	1.0000	0.0000	-1.0000	0.2492	NaN	NaN	NaN	1024030.4756	1024030.8273	0.0000	1.0000	0.2385
25cj04	1	12	1	0	2.0000	0.0000	1.0000	NaN	5.8482	5.0692	14.5226	1024031.5762	1024031.8785	1.0000	1.0000	0.2919
25cj04	1	13	1	0	1.0000	0.0000	-1.0000	0.3061	NaN	NaN	NaN	1024034.2741	1024034.6272	1.0000	0.0000	0.7913
25cj04	1	13	1	0	2.0000	0.0000	-1.0000	NaN	0.3998	-0.7496	14.6690	1024035.9126	1024036.2148	1.0000	0.0000	0.0061
25cj04	1	14	1	0	1.0000	0.0000	-1.0000	0.0554	NaN	NaN	NaN	1024038.1147	1024038.4715	0.0000	1.0000	1.4907
25cj04	1	14	1	0	2.0000	0.0000	1.0000	NaN	6.0640	7.0247	14.3897	1024040.4743	1024040.7765	1.0000	1.0000	0.0061
25cj04	1	15	1	0	1.0000	0.0000	1.0000	0.0833	NaN	NaN	NaN	1024042.8728	1024043.2267	1.0000	1.0000	0.3031
25cj04	1	15	1	0	2.0000	0.0000	1.0000	NaN	4.4461	4.0239	14.4111	1024044.0420	1024044.3442	1.0000	1.0000	0.0352
25cj04	1	16	1	0	1.0000	0.0000	-1.0000	0.4281	NaN	NaN	NaN	1024046.4297	1024046.7811	0.0000	1.0000	0.2545
25cj04	1	16	1	0	2.0000	0.0000	1.0000	NaN	4.2113	5.5998	15.4226	1024047.5445	1024047.8468	1.0000	1.0000	0.0520
25cj04	1	17	1	0	1.0000	0.0000	-1.0000	0.2308	NaN	NaN	NaN	1024049.9818	1024050.3997	0.0000	1.0000	0.4585
25cj04	1	17	1	0	2.0000	0.0000	1.0000	NaN	1.7410	1.6840	14.7050	1024051.3788	1024051.6832	1.0000	1.0000	0.0062
25cj04	1	18	1	0	1.0000	0.0000	-1.0000	0.2997	NaN	NaN	NaN	1024053.6784	1024054.1000	0.0000	1.0000	0.5502
25cj04	1	18	1	0	2.0000	0.0000	1.0000	NaN	3.4660	1.9373	14.5814	1024055.2027	1024055.5100	1.0000	1.0000	0.0062
25cj04	1	19	1	0	1.0000	0.0000	1.0000	0.1561	NaN	NaN	NaN	1024057.8625	1024058.2827	1.0000	1.0000	0.1122
25cj04	1	19	1	0	2.0000	0.0000	1.0000	NaN	3.1853	1.5790	14.5125	1024058.8965	1024059.2009	1.0000	1.0000	0.0061
25cj04	1	20	1	0	1.0000	0.0000	1.0000	0.1283	NaN	NaN	NaN	1024061.4354	1024061.8480	1.0000	1.0000	0.1458
25cj04	1	20	1	0	2.0000	0.0000	1.0000	NaN	3.7504	4.0305	15.0973	1024062.5042	1024062.8066	1.0000	1.0000	0.0061
25cj04	1	21	1	0	1.0000	0.0000	-1.0000	0.0065	NaN	NaN	NaN	1024064.7056	1024065.0590	1.0000	0.0000	0.2788
25cj04	1	21	1	0	2.0000	0.0000	-1.0000	NaN	0.0476	-0.8275	14.8725	1024065.8495	1024066.1517	1.0000	0.0000	0.0061
25cj04	1	22	1	0	1.0000	0.0000	-1.0000	0.1986	NaN	NaN	NaN	1024068.0501	1024068.4074	0.0000	1.0000	0.2909
25cj04	1	22	1	0	2.0000	0.0000	1.0000	NaN	3.2852	2.8583	14.4317	1024069.2093	1024069.5116	1.0000	1.0000	0.0188
25cj04	1	23	1	0	1.0000	0.0000	-1.0000	0.1758	NaN	NaN	NaN	1024071.3903	1024071.7419	0.0000	1.0000	0.8446
25cj04	1	23	1	0	2.0000	0.0000	1.0000	NaN	2.1463	2.1251	15.1577	1024073.0965	1024073.3987	1.0000	1.0000	0.0061
25cj04	1	24	1	0	1.0000	0.0000	-1.0000	0.3488	NaN	NaN	NaN	1024075.4897	1024075.8417	0.0000	1.0000	1.3366
25cj04	1	24	1	0	2.0000	0.0000	1.0000	NaN	4.8733	6.3629	15.1804	1024077.7054	1024078.0075	1.0000	1.0000	0.0061
25cj04	1	25	1	0	1.0000	0.0000	-1.0000	0.0715	NaN	NaN	NaN	1024080.1399	1024080.4915	1.0000	0.0000	0.7987
25cj04	1	25	1	0	2.0000	0.0000	-1.0000	NaN	6.0447	-9.1063	14.3306	1024081.7848	1024082.0879	0.0000	1.0000	2.2740
25cj04	1	26	1	0	1.0000	0.0000	-1.0000	0.1269	NaN	NaN	NaN	1024086.3717	1024086.7245	1.0000	0.0000	1.4147
25cj04	1	26	1	0	2.0000	0.0000	-1.0000	NaN	1.6044	-1.3184	15.4829	1024088.6651	1024088.9672	1.0000	0.0000	0.4185
25cj04	1	27	1	0	1.0000	0.0000	1.0000	0.0237	NaN	NaN	NaN	1024091.3395	1024091.6909	1.0000	1.0000	0.3987
25cj04	1	27	1	0	2.0000	0.0000	1.0000	NaN	4.0511	3.1646	14.5709	1024092.5848	1024092.8884	1.0000	1.0000	0.0060
25cj04	1	28	1	0	1.0000	0.0000	-1.0000	0.2325	NaN	NaN	NaN	1024095.0757	1024095.4975	0.0000	1.0000	0.6249
25cj04	1	28	1	0	2.0000	0.0000	1.0000	NaN	2.9031	1.6854	15.7322	1024096.6424	1024096.9470	1.0000	1.0000	0.2798
25cj04	1	29	1	0	1.0000	0.0000	1.0000	0.2491	NaN	NaN	NaN	1024099.1803	1024099.5972	1.0000	1.0000	0.1085
25cj04	1	29	1	0	2.0000	0.0000	1.0000	NaN	0.6933	0.4617	15.0675	1024100.2103	1024100.5147	1.0000	1.0000	0.1990
25cj04	1	30	1	0	1.0000	0.0000	1.0000	0.2124	NaN	NaN	NaN	1024102.8432	1024103.2637	1.0000	1.0000	0.1389
25cj04	1	30	1	0	2.0000	0.0000	1.0000	NaN	2.5373	3.8231	14.8862	1024103.9081	1024104.2125	1.0000	1.0000	0.2144
25cj04	1	31	1	0	1.0000	0.0000	-1.0000	0.2077	NaN	NaN	NaN	1024106.3964	1024106.8135	0.0000	1.0000	0.5567
25cj04	1	31	1	0	2.0000	0.0000	1.0000	NaN	1.1539	0.1603	15.7997	1024107.8913	1024108.1957	1.0000	1.0000	0.0380
25cj04	1	32	1	0	1.0000	0.0000	1.0000	0.3701	NaN	NaN	NaN	1024110.3502	1024110.7633	1.0000	1.0000	0.1276
25cj04	1	32	1	0	2.0000	0.0000	1.0000	NaN	3.1148	1.4638	15.9202	1024111.4007	1024111.7041	1.0000	1.0000	0.0061
25cj04	1	33	1	0	1.0000	0.0000	1.0000	0.1715	NaN	NaN	NaN	1024114.0344	1024114.3884	1.0000	1.0000	0.2136
25cj04	1	33	1	0	2.0000	0.0000	1.0000	NaN	3.2953	1.6993	16.2940	1024115.0961	1024115.3983	1.0000	1.0000	0.0063
25cj04	1	34	1	0	1.0000	0.0000	1.0000	0.2576	NaN	NaN	NaN	1024117.6304	1024117.9840	1.0000	1.0000	0.1701
25cj04	1	34	1	0	2.0000	0.0000	1.0000	NaN	5.6579	6.0995	15.6701	1024118.6489	1024118.9514	1.0000	1.0000	0.0061
25cj04	1	35	1	0	1.0000	0.0000	-1.0000	0.0571	NaN	NaN	NaN	1024121.0758	1024121.4278	1.0000	0.0000	0.3579
25cj04	1	35	1	0	2.0000	0.0000	-1.0000	NaN	0.7910	-2.9023	14.9326	1024122.3128	1024122.6149	1.0000	0.0000	1.7788
25cj04	1	36	1	0	1.0000	0.0000	1.0000	0.3619	NaN	NaN	NaN	1024126.6552	1024127.0058	1.0000	1.0000	0.2679
25cj04	1	36	1	0	2.0000	0.0000	1.0000	NaN	1.3736	0.7211	13.8559	1024127.7858	1024128.0880	1.0000	1.0000	0.0496
25cj04	1	37	1	0	1.0000	0.0000	1.0000	0.1950	NaN	NaN	NaN	1024130.4057	1024130.7575	1.0000	1.0000	0.2774
25cj04	1	37	1	0	2.0000	0.0000	1.0000	NaN	4.9845	6.4762	15.3097	1024131.5290	1024131.8312	1.0000	1.0000	0.0344
25cj04	1	38	1	0	1.0000	0.0000	-1.0000	0.2996	NaN	NaN	NaN	1024134.0528	1024134.4054	0.0000	1.0000	0.1493
25cj04	1	38	1	0	2.0000	0.0000	1.0000	NaN	1.9644	1.0708	15.3107	1024135.0482	1024135.3507	1.0000	1.0000	0.0061
25cj04	1	39	1	0	1.0000	0.0000	1.0000	0.0781	NaN	NaN	NaN	1024137.5986	1024137.9543	1.0000	1.0000	0.1844
25cj04	1	39	1	0	2.0000	0.0000	1.0000	NaN	5.8120	5.5593	15.7662	1024138.6327	1024138.9361	1.0000	1.0000	0.0061
25cj04	1	40	1	0	1.0000	0.0000	-1.0000	0.0975	NaN	NaN	NaN	1024141.3894	1024141.8067	1.0000	0.0000	0.4443
25cj04	1	40	1	0	2.0000	0.0000	-1.0000	NaN	2.7433	-2.2152	14.9502	1024142.7564	1024143.0608	0.0000	1.0000	2.1328
25cj04	1	41	1	0	1.0000	0.0000	-1.0000	0.1085	NaN	NaN	NaN	1024147.3260	1024147.7448	1.0000	0.0000	0.3129
25cj04	1	41	1	0	2.0000	0.0000	-1.0000	NaN	0.3406	-1.3795	16.6213	1024148.5826	1024148.8889	1.0000	0.0000	0.2567
25cj04	1	42	1	0	1.0000	0.0000	1.0000	0.1374	NaN	NaN	NaN	1024151.7375	1024152.1562	1.0000	1.0000	0.2534
25cj04	1	42	1	0	2.0000	0.0000	1.0000	NaN	5.0764	4.3970	14.5800	1024152.9306	1024153.2377	1.0000	1.0000	0.0061
25cj04	1	43	1	0	1.0000	0.0000	1.0000	0.3343	NaN	NaN	NaN	1024155.2828	1024155.6921	1.0000	1.0000	0.2542
25cj04	1	43	1	0	2.0000	0.0000	1.0000	NaN	0.1519	0.8869	15.6576	1024156.4594	1024156.7616	1.0000	1.0000	0.2895
25cj04	1	44	1	0	1.0000	0.0000	-1.0000	0.3687	NaN	NaN	NaN	1024159.5422	1024159.8988	0.0000	1.0000	0.2876
25cj04	1	44	1	0	2.0000	0.0000	1.0000	NaN	4.1392	5.2079	14.9285	1024160.6969	1024160.9996	1.0000	1.0000	0.1151
25cj04	1	45	1	0	1.0000	0.0000	-1.0000	0.1065	NaN	NaN	NaN	1024163.6887	1024164.0387	0.0000	1.0000	1.3470
25cj04	1	45	1	0	2.0000	0.0000	1.0000	NaN	3.6932	3.1109	14.2830	1024165.9130	1024166.2153	1.0000	1.0000	0.0061
25cj04	1	46	1	0	1.0000	0.0000	-1.0000	0.1000	NaN	NaN	NaN	1024168.3193	1024168.6703	0.0000	1.0000	1.1325
25cj04	1	46	1	0	2.0000	0.0000	1.0000	NaN	0.0002	1.3248	16.5696	1024170.3118	1024170.6140	1.0000	1.0000	0.0061
25cj04	1	47	1	0	1.0000	0.0000	-1.0000	0.1988	NaN	NaN	NaN	1024172.4965	1024172.8522	0.0000	1.0000	0.6307
25cj04	1	47	1	0	2.0000	0.0000	1.0000	NaN	4.6753	4.0850	15.3299	1024174.0095	1024174.3116	1.0000	1.0000	0.0062
25cj04	1	48	1	0	1.0000	0.0000	1.0000	0.2239	NaN	NaN	NaN	1024176.6407	1024176.9980	1.0000	1.0000	0.3564
25cj04	1	48	1	0	2.0000	0.0000	1.0000	NaN	3.2325	3.2912	15.2638	1024177.8648	1024178.1674	1.0000	1.0000	2.1152
25cj04	1	49	1	0	1.0000	0.0000	-1.0000	0.2705	NaN	NaN	NaN	1024182.7583	1024183.1143	0.0000	1.0000	0.3193
25cj04	1	49	1	0	2.0000	0.0000	1.0000	NaN	1.0322	2.0814	13.3036	1024183.9602	1024184.2623	1.0000	1.0000	0.3073
25cj04	1	50	1	0	1.0000	0.0000	-1.0000	0.1361	NaN	NaN	NaN	1024186.8621	1024187.2761	0.0000	1.0000	0.3982
25cj04	1	50	1	0	2.0000	0.0000	1.0000	NaN	4.6004	5.1036	14.2637	1024188.1785	1024188.4856	1.0000	1.0000	0.2930
25cj04	2	1	1	0	1.0000	0.0000	1.0000	0.2655	NaN	NaN	NaN	1024192.6139	1024193.0430	1.0000	1.0000	0.4706
25cj04	2	1	1	0	2.0000	0.0000	1.0000	NaN	1.3263	0.2654	14.5757	1024194.0702	1024194.3750	1.0000	1.0000	0.0062
25cj04	2	2	1	0	1.0000	0.0000	-1.0000	0.0168	NaN	NaN	NaN	1024196.3080	1024196.7261	1.0000	0.0000	0.2434
25cj04	2	2	1	0	2.0000	0.0000	-1.0000	NaN	3.5746	-2.5619	14.7577	1024197.5057	1024197.8106	1.0000	0.0000	0.0061
25cj04	2	3	1	0	1.0000	0.0000	-1.0000	0.2117	NaN	NaN	NaN	1024200.1851	1024200.5711	0.0000	1.0000	0.2070
25cj04	2	3	1	0	2.0000	0.0000	1.0000	NaN	3.9607	4.2308	14.9019	1024201.2734	1024201.5755	1.0000	1.0000	0.0061
25cj04	2	4	1	0	1.0000	0.0000	-1.0000	0.0887	NaN	NaN	NaN	1024203.4724	1024203.8231	1.0000	0.0000	0.8745
25cj04	2	4	1	0	2.0000	0.0000	-1.0000	NaN	4.7707	-6.8808	16.3563	1024205.2248	1024205.5270	0.0000	1.0000	2.2586
25cj04	2	5	1	0	1.0000	0.0000	1.0000	0.2078	NaN	NaN	NaN	1024210.0209	1024210.3729	1.0000	1.0000	0.3566
25cj04	2	5	1	0	2.0000	0.0000	1.0000	NaN	5.7232	6.1123	15.8875	1024211.2410	1024211.5433	1.0000	1.0000	0.2591
25cj04	2	6	1	0	1.0000	0.0000	1.0000	0.2207	NaN	NaN	NaN	1024213.9855	1024214.3363	1.0000	1.0000	0.6503
25cj04	2	6	1	0	2.0000	0.0000	1.0000	NaN	1.6996	2.1901	15.4753	1024215.5151	1024215.8173	1.0000	1.0000	0.2418
25cj04	2	7	1	0	1.0000	0.0000	1.0000	0.2424	NaN	NaN	NaN	1024218.4415	1024218.7956	1.0000	1.0000	0.3355
25cj04	2	7	1	0	2.0000	0.0000	1.0000	NaN	0.4047	0.9946	17.2077	1024219.6752	1024219.9774	1.0000	1.0000	0.1767
25cj04	2	8	1	0	1.0000	0.0000	1.0000	0.1355	NaN	NaN	NaN	1024222.5781	1024222.9330	1.0000	1.0000	0.3097
25cj04	2	8	1	0	2.0000	0.0000	1.0000	NaN	4.4286	2.0420	13.5697	1024223.7847	1024224.0869	1.0000	1.0000	0.1474
25cj04	2	9	1	0	1.0000	0.0000	-1.0000	0.0125	NaN	NaN	NaN	1024226.4176	1024226.7692	1.0000	0.0000	0.3769
25cj04	2	9	1	0	2.0000	0.0000	-1.0000	NaN	0.2912	-0.2637	14.8285	1024227.6744	1024227.9766	1.0000	0.0000	0.0061
25cj04	2	10	1	0	1.0000	0.0000	-1.0000	0.2827	NaN	NaN	NaN	1024230.6257	1024230.9825	1.0000	0.0000	0.4837
25cj04	2	10	1	0	2.0000	0.0000	-1.0000	NaN	2.1979	-2.6941	11.0548	1024232.0090	1024232.3111	1.0000	0.0000	0.0060
25cj04	2	11	1	0	1.0000	0.0000	1.0000	0.1287	NaN	NaN	NaN	1024234.4072	1024234.8238	0.0000	0.0000	1.9863
25cj04	2	11	1	0	2.0000	0.0000	-1.0000	NaN	5.5044	-4.7943	15.6140	1024237.3344	1024237.6393	1.0000	0.0000	0.6262
25cj04	2	12	1	0	1.0000	0.0000	1.0000	0.0233	NaN	NaN	NaN	1024240.2805	1024240.7073	1.0000	1.0000	0.3754
25cj04	2	12	1	0	2.0000	0.0000	1.0000	NaN	1.9961	2.3290	15.8870	1024241.6035	1024241.9082	1.0000	1.0000	0.2952
25cj04	2	13	1	0	1.0000	0.0000	1.0000	0.3180	NaN	NaN	NaN	1024244.5341	1024244.9570	1.0000	1.0000	0.1407
25cj04	2	13	1	0	2.0000	0.0000	1.0000	NaN	1.9565	1.7193	13.9956	1024245.6196	1024245.9245	1.0000	1.0000	0.2450
25cj04	2	14	1	0	1.0000	0.0000	1.0000	0.1211	NaN	NaN	NaN	1024248.4500	1024248.8349	1.0000	1.0000	0.2317
25cj04	2	14	1	0	2.0000	0.0000	1.0000	NaN	5.7300	5.4816	14.4380	1024249.5761	1024249.8791	1.0000	1.0000	0.1641
25cj04	2	15	1	0	1.0000	0.0000	1.0000	0.1243	NaN	NaN	NaN	1024252.1934	1024252.5483	1.0000	1.0000	0.2787
25cj04	2	15	1	0	2.0000	0.0000	1.0000	NaN	2.6637	1.0243	16.2278	1024253.3376	1024253.6397	1.0000	1.0000	0.0064
25cj04	2	16	1	0	1.0000	0.0000	-1.0000	0.2306	NaN	NaN	NaN	1024255.5931	1024255.9479	0.0000	1.0000	0.5749
25cj04	2	16	1	0	2.0000	0.0000	1.0000	NaN	0.4115	2.3521	16.4109	1024257.0488	1024257.3509	1.0000	1.0000	0.0061
25cj04	2	17	1	0	1.0000	0.0000	1.0000	0.2172	NaN	NaN	NaN	1024259.4894	1024259.8437	1.0000	1.0000	0.4543
25cj04	2	17	1	0	2.0000	0.0000	1.0000	NaN	4.9059	4.3428	15.9037	1024260.8245	1024261.1268	1.0000	1.0000	0.0061
25cj04	2	18	1	0	1.0000	0.0000	-1.0000	0.3046	NaN	NaN	NaN	1024263.7152	1024264.0655	0.0000	1.0000	0.1854
25cj04	2	18	1	0	2.0000	0.0000	1.0000	NaN	2.5722	1.5416	15.6313	1024264.7602	1024265.0631	1.0000	1.0000	0.2275
25cj04	2	19	1	0	1.0000	0.0000	1.0000	0.0608	NaN	NaN	NaN	1024267.5645	1024267.9154	1.0000	1.0000	0.3346
25cj04	2	19	1	0	2.0000	0.0000	1.0000	NaN	2.7781	2.2642	15.0573	1024268.7459	1024269.0479	1.0000	1.0000	0.3056
25cj04	2	20	1	0	1.0000	0.0000	-1.0000	0.2114	NaN	NaN	NaN	1024271.4372	1024271.7932	0.0000	1.0000	0.2008
25cj04	2	20	1	0	2.0000	0.0000	1.0000	NaN	4.0054	6.1725	15.0119	1024272.4886	1024272.7909	1.0000	1.0000	0.2437
25cj04	2	21	1	0	1.0000	0.0000	-1.0000	0.0356	NaN	NaN	NaN	1024275.0170	1024275.3700	0.0000	1.0000	0.5288
25cj04	2	21	1	0	2.0000	0.0000	1.0000	NaN	3.5842	3.6111	15.9551	1024276.4087	1024276.7124	0.0000	0.0000	0.2426
25cj04	2	22	1	0	1.0000	0.0000	1.0000	0.2256	NaN	NaN	NaN	1024279.0481	1024279.3997	1.0000	1.0000	0.1631
25cj04	2	22	1	0	2.0000	0.0000	1.0000	NaN	0.3407	0.3682	15.2322	1024280.0886	1024280.3908	1.0000	1.0000	0.2437
25cj04	2	23	1	0	1.0000	0.0000	-1.0000	0.0240	NaN	NaN	NaN	1024282.8424	1024283.2334	1.0000	0.0000	0.1538
25cj04	2	23	1	0	2.0000	0.0000	-1.0000	NaN	2.6144	-3.6264	13.5109	1024283.8965	1024284.1985	1.0000	0.0000	0.0061
25cj04	2	24	1	0	1.0000	0.0000	1.0000	0.4022	NaN	NaN	NaN	1024286.2453	1024286.5977	1.0000	1.0000	0.1957
25cj04	2	24	1	0	2.0000	0.0000	1.0000	NaN	4.4276	4.2604	15.4772	1024287.3052	1024287.6073	1.0000	1.0000	0.0510
25cj04	2	25	1	0	1.0000	0.0000	-1.0000	0.3724	NaN	NaN	NaN	1024289.7656	1024290.1160	0.0000	1.0000	0.1822
25cj04	2	25	1	0	2.0000	0.0000	1.0000	NaN	3.9526	3.0560	13.7188	1024290.7931	1024291.0951	1.0000	1.0000	0.0061
25cj04	2	26	1	0	1.0000	0.0000	-1.0000	0.4037	NaN	NaN	NaN	1024293.3743	1024293.7297	0.0000	1.0000	0.3604
25cj04	2	26	1	0	2.0000	0.0000	1.0000	NaN	3.5838	6.1619	14.0266	1024294.6161	1024294.9184	1.0000	1.0000	0.1802
25cj04	2	27	1	0	1.0000	0.0000	-1.0000	0.1322	NaN	NaN	NaN	1024296.9463	1024297.2971	1.0000	0.0000	0.1203
25cj04	2	27	1	0	2.0000	0.0000	-1.0000	NaN	2.7130	-2.6788	14.7480	1024297.9290	1024298.2312	0.0000	1.0000	3.4434
25cj04	2	28	1	0	1.0000	0.0000	-1.0000	0.1568	NaN	NaN	NaN	1024304.0430	1024304.3968	0.0000	1.0000	0.3982
25cj04	2	28	1	0	2.0000	0.0000	1.0000	NaN	1.7395	1.6245	15.4264	1024305.3040	1024305.6062	1.0000	1.0000	0.0061
25cj04	2	29	1	0	1.0000	0.0000	-1.0000	0.3514	NaN	NaN	NaN	1024308.2283	1024308.5799	0.0000	1.0000	0.2634
25cj04	2	29	1	0	2.0000	0.0000	1.0000	NaN	6.1561	6.5049	15.8062	1024309.3528	1024309.6550	1.0000	1.0000	0.2600
25cj04	2	30	1	0	1.0000	0.0000	-1.0000	0.2841	NaN	NaN	NaN	1024312.2559	1024312.6118	0.0000	1.0000	0.1989
25cj04	2	30	1	0	2.0000	0.0000	1.0000	NaN	4.1038	3.3558	15.9758	1024313.3205	1024313.6227	1.0000	1.0000	0.2428
25cj04	2	31	1	0	1.0000	0.0000	-1.0000	0.4146	NaN	NaN	NaN	1024316.3589	1024316.7128	0.0000	1.0000	0.1778
25cj04	2	31	1	0	2.0000	0.0000	1.0000	NaN	1.3525	1.6841	14.6464	1024317.4016	1024317.7037	1.0000	1.0000	1.9068
25cj04	2	32	1	0	1.0000	0.0000	1.0000	0.1495	NaN	NaN	NaN	1024321.6706	1024322.0279	1.0000	1.0000	0.5255
25cj04	2	32	1	0	2.0000	0.0000	1.0000	NaN	2.9488	1.7485	14.8825	1024323.0807	1024323.3829	1.0000	1.0000	0.0061
25cj04	2	33	1	0	1.0000	0.0000	1.0000	0.3558	NaN	NaN	NaN	1024325.3530	1024325.7069	1.0000	1.0000	0.4469
25cj04	2	33	1	0	2.0000	0.0000	1.0000	NaN	3.7919	4.4359	14.4561	1024326.6639	1024326.9660	1.0000	1.0000	0.0354
25cj04	2	34	1	0	1.0000	0.0000	-1.0000	0.0673	NaN	NaN	NaN	1024329.2023	1024329.6178	0.0000	1.0000	0.1205
25cj04	2	34	1	0	2.0000	0.0000	1.0000	NaN	3.0145	2.6001	15.8214	1024330.2724	1024330.5792	1.0000	1.0000	0.1342
25cj04	2	35	1	0	1.0000	0.0000	1.0000	0.0657	NaN	NaN	NaN	1024332.9428	1024333.3511	1.0000	1.0000	0.3070
25cj04	2	35	1	0	2.0000	0.0000	1.0000	NaN	1.3690	0.8538	14.9691	1024334.1955	1024334.4994	1.0000	1.0000	0.0061
25cj04	2	36	1	0	1.0000	0.0000	-1.0000	0.2144	NaN	NaN	NaN	1024336.7275	1024337.1488	0.0000	1.0000	0.1893
25cj04	2	36	1	0	2.0000	0.0000	1.0000	NaN	6.0016	4.8806	14.4226	1024337.8764	1024338.1812	1.0000	1.0000	0.0061
25cj04	2	37	1	0	1.0000	0.0000	1.0000	0.0294	NaN	NaN	NaN	1024339.9922	1024340.4143	0.0000	0.0000	1.1471
25cj04	2	37	1	0	2.0000	0.0000	-1.0000	NaN	5.8496	-4.3783	15.0481	1024342.0814	1024342.3858	1.0000	0.0000	0.0061
25cj04	2	38	1	0	1.0000	0.0000	1.0000	0.3311	NaN	NaN	NaN	1024344.6816	1024345.0895	1.0000	1.0000	0.0719
25cj04	2	38	1	0	2.0000	0.0000	1.0000	NaN	1.5564	1.6289	14.5386	1024345.6904	1024345.9926	1.0000	1.0000	0.0061
25cj04	2	39	1	0	1.0000	0.0000	1.0000	0.1296	NaN	NaN	NaN	1024348.1361	1024348.4933	0.0000	0.0000	1.3402
25cj04	2	39	1	0	2.0000	0.0000	-1.0000	NaN	1.3784	-0.7384	14.8405	1024350.3438	1024350.6460	1.0000	0.0000	1.6850
25cj04	2	40	1	0	1.0000	0.0000	-1.0000	0.3302	NaN	NaN	NaN	1024354.5444	1024354.8961	0.0000	1.0000	0.3138
25cj04	2	40	1	0	2.0000	0.0000	1.0000	NaN	0.1435	0.7734	14.6127	1024355.7204	1024356.0230	1.0000	1.0000	0.2599
25cj04	2	41	1	0	1.0000	0.0000	-1.0000	0.0565	NaN	NaN	NaN	1024358.5667	1024358.9222	1.0000	0.0000	1.4568
25cj04	2	41	1	0	2.0000	0.0000	-1.0000	NaN	2.1000	-1.7598	14.8055	1024360.8889	1024361.1916	1.0000	0.0000	0.3705
25cj04	2	42	1	0	1.0000	0.0000	-1.0000	0.3732	NaN	NaN	NaN	1024364.1344	1024364.4883	0.0000	1.0000	0.2416
25cj04	2	42	1	0	2.0000	0.0000	1.0000	NaN	1.1531	1.9897	15.5982	1024365.2397	1024365.5420	1.0000	1.0000	0.3572
25cj04	2	43	1	0	1.0000	0.0000	-1.0000	0.1341	NaN	NaN	NaN	1024368.2563	1024368.6102	1.0000	0.0000	0.6809
25cj04	2	43	1	0	2.0000	0.0000	-1.0000	NaN	3.1704	-4.6614	15.0431	1024369.8165	1024370.1187	1.0000	0.0000	0.0061
25cj04	2	44	1	0	1.0000	0.0000	-1.0000	0.0682	NaN	NaN	NaN	1024372.6084	1024372.9601	0.0000	1.0000	1.4824
25cj04	2	44	1	0	2.0000	0.0000	1.0000	NaN	2.5568	0.1472	15.0261	1024374.9366	1024375.2397	1.0000	1.0000	0.0061
25cj04	2	45	1	0	1.0000	0.0000	-1.0000	0.0616	NaN	NaN	NaN	1024377.5211	1024377.9332	1.0000	0.0000	1.0373
25cj04	2	45	1	0	2.0000	0.0000	-1.0000	NaN	4.9181	-6.4792	15.0986	1024379.4655	1024379.7676	1.0000	0.0000	0.0062
25cj04	2	46	1	0	1.0000	0.0000	-1.0000	0.1335	NaN	NaN	NaN	1024382.1604	1024382.5113	0.0000	1.0000	0.9229
25cj04	2	46	1	0	2.0000	0.0000	1.0000	NaN	5.6380	7.3988	15.2589	1024383.9762	1024384.2784	1.0000	1.0000	0.0061
25cj04	2	47	1	0	1.0000	0.0000	1.0000	0.0547	NaN	NaN	NaN	1024386.4580	1024386.8093	1.0000	1.0000	0.4487
25cj04	2	47	1	0	2.0000	0.0000	1.0000	NaN	2.8620	4.2742	14.8228	1024387.7833	1024388.0855	1.0000	1.0000	0.2132
25cj04	2	48	1	0	1.0000	0.0000	1.0000	0.2582	NaN	NaN	NaN	1024390.4563	1024390.8091	1.0000	1.0000	0.3522
25cj04	2	48	1	0	2.0000	0.0000	1.0000	NaN	2.6196	1.6283	15.2947	1024391.6900	1024391.9922	1.0000	1.0000	0.4667
25cj04	2	49	1	0	1.0000	0.0000	1.0000	0.2005	NaN	NaN	NaN	1024394.5506	1024394.9076	1.0000	1.0000	0.3977
25cj04	2	49	1	0	2.0000	0.0000	1.0000	NaN	2.9917	4.5593	14.9054	1024395.8326	1024396.1349	1.0000	1.0000	0.0505
25cj04	2	50	1	0	1.0000	0.0000	-1.0000	0.2258	NaN	NaN	NaN	1024398.3195	1024398.6741	0.0000	1.0000	1.8792
25cj04	2	50	1	0	2.0000	0.0000	1.0000	NaN	1.2286	0.4272	13.0444	1024401.0499	1024401.3520	1.0000	1.0000	0.3545
25cj04	3	1	1	0	1.0000	0.0000	-1.0000	0.3829	NaN	NaN	NaN	1024405.7917	1024406.1436	0.0000	1.0000	1.5306
25cj04	3	1	1	0	2.0000	0.0000	1.0000	NaN	1.3086	1.6722	15.0481	1024408.1999	1024408.5022	1.0000	1.0000	0.0061
25cj04	3	2	1	0	1.0000	0.0000	-1.0000	0.2161	NaN	NaN	NaN	1024410.3238	1024410.6748	0.0000	1.0000	1.2870
25cj04	3	2	1	0	2.0000	0.0000	1.0000	NaN	1.8100	0.8557	15.2155	1024412.4898	1024412.7920	1.0000	1.0000	0.0061
25cj04	3	3	1	0	1.0000	0.0000	-1.0000	0.3848	NaN	NaN	NaN	1024415.0468	1024415.4024	0.0000	1.0000	0.5589
25cj04	3	3	1	0	2.0000	0.0000	1.0000	NaN	1.7195	0.3831	15.3162	1024416.4906	1024416.7927	1.0000	1.0000	0.0061
25cj04	3	4	1	0	1.0000	0.0000	1.0000	0.3504	NaN	NaN	NaN	1024419.1966	1024419.5525	1.0000	1.0000	0.2826
25cj04	3	4	1	0	2.0000	0.0000	1.0000	NaN	2.7774	2.5225	16.0575	1024420.3613	1024420.6634	1.0000	1.0000	0.0061
25cj04	3	5	1	0	1.0000	0.0000	-1.0000	0.2550	NaN	NaN	NaN	1024422.9354	1024423.3470	0.0000	1.0000	0.2788
25cj04	3	5	1	0	2.0000	0.0000	1.0000	NaN	6.1150	6.4661	14.7060	1024424.1436	1024424.4477	1.0000	1.0000	0.2664
25cj04	3	6	1	0	1.0000	0.0000	1.0000	0.0808	NaN	NaN	NaN	1024426.9098	1024427.3306	1.0000	1.0000	0.2787
25cj04	3	6	1	0	2.0000	0.0000	1.0000	NaN	1.8271	1.1785	16.8782	1024428.1285	1024428.4331	1.0000	1.0000	0.1531
25cj04	3	7	1	0	1.0000	0.0000	1.0000	0.1062	NaN	NaN	NaN	1024431.0805	1024431.4971	1.0000	1.0000	0.4968
25cj04	3	7	1	0	2.0000	0.0000	1.0000	NaN	3.7786	4.5114	14.9812	1024432.5135	1024432.8179	1.0000	1.0000	0.0725
25cj04	3	8	1	0	1.0000	0.0000	-1.0000	0.0756	NaN	NaN	NaN	1024434.9859	1024435.3969	0.0000	1.0000	0.1808
25cj04	3	8	1	0	2.0000	0.0000	1.0000	NaN	3.1811	3.1944	15.7369	1024436.0820	1024436.3892	1.0000	1.0000	0.0062
25cj04	3	9	1	0	1.0000	0.0000	-1.0000	0.4090	NaN	NaN	NaN	1024438.5762	1024438.9967	0.0000	1.0000	0.1326
25cj04	3	9	1	0	2.0000	0.0000	1.0000	NaN	1.6567	3.2804	15.9787	1024439.6367	1024439.9411	1.0000	1.0000	0.1176
25cj04	3	10	1	0	1.0000	0.0000	1.0000	0.2595	NaN	NaN	NaN	1024442.1781	1024442.5964	1.0000	1.0000	0.1488
25cj04	3	10	1	0	2.0000	0.0000	1.0000	NaN	3.7262	3.5341	13.8018	1024443.2666	1024443.5734	1.0000	1.0000	0.0061
25cj04	3	11	1	0	1.0000	0.0000	-1.0000	0.0150	NaN	NaN	NaN	1024446.1499	1024446.5625	0.0000	1.0000	1.0960
25cj04	3	11	1	0	2.0000	0.0000	1.0000	NaN	6.2027	6.9625	15.7149	1024448.1540	1024448.4562	1.0000	1.0000	0.0061
25cj04	3	12	1	0	1.0000	0.0000	1.0000	0.2270	NaN	NaN	NaN	1024450.7536	1024451.1061	1.0000	1.0000	0.1688
25cj04	3	12	1	0	2.0000	0.0000	1.0000	NaN	2.2378	1.8186	14.3254	1024451.7848	1024452.0870	1.0000	1.0000	0.1153
25cj04	3	13	1	0	1.0000	0.0000	1.0000	0.2080	NaN	NaN	NaN	1024454.1442	1024454.5006	1.0000	1.0000	0.2132
25cj04	3	13	1	0	2.0000	0.0000	1.0000	NaN	3.5619	1.6756	14.8489	1024455.2237	1024455.5259	1.0000	1.0000	0.0061
25cj04	3	14	1	0	1.0000	0.0000	1.0000	0.0016	NaN	NaN	NaN	1024457.6239	1024457.9742	0.0000	0.0000	0.2283
25cj04	3	14	1	0	2.0000	0.0000	-1.0000	NaN	1.0937	-1.1955	16.7310	1024458.6973	1024458.9995	1.0000	0.0000	0.0061
25cj04	3	15	1	0	1.0000	0.0000	-1.0000	0.2913	NaN	NaN	NaN	1024460.9888	1024461.3403	0.0000	1.0000	0.2225
25cj04	3	15	1	0	2.0000	0.0000	1.0000	NaN	3.5167	5.0022	14.4091	1024462.0720	1024462.3742	1.0000	1.0000	0.0061
25cj04	3	16	1	0	1.0000	0.0000	-1.0000	0.0368	NaN	NaN	NaN	1024464.6132	1024464.9667	1.0000	0.0000	0.1626
25cj04	3	16	1	0	2.0000	0.0000	-1.0000	NaN	4.0575	-3.9402	15.8144	1024465.6252	1024465.9274	1.0000	0.0000	0.0062
25cj04	3	17	1	0	1.0000	0.0000	-1.0000	0.2641	NaN	NaN	NaN	1024468.1420	1024468.5618	1.0000	0.0000	0.5357
25cj04	3	17	1	0	2.0000	0.0000	-1.0000	NaN	5.4177	-4.9622	16.5657	1024469.6160	1024469.9225	0.0000	1.0000	2.0079
25cj04	3	18	1	0	1.0000	0.0000	-1.0000	0.1666	NaN	NaN	NaN	1024474.2048	1024474.5903	0.0000	1.0000	0.2834
25cj04	3	18	1	0	2.0000	0.0000	1.0000	NaN	4.5197	3.3293	13.4455	1024475.3847	1024475.6869	1.0000	1.0000	0.0984
25cj04	3	19	1	0	1.0000	0.0000	-1.0000	0.0448	NaN	NaN	NaN	1024477.9621	1024478.3159	0.0000	1.0000	0.5100
25cj04	3	19	1	0	2.0000	0.0000	1.0000	NaN	5.6353	5.3883	14.6259	1024479.3367	1024479.6388	1.0000	1.0000	0.0061
25cj04	3	20	1	0	1.0000	0.0000	1.0000	0.0319	NaN	NaN	NaN	1024482.1630	1024482.5199	1.0000	1.0000	0.1778
25cj04	3	20	1	0	2.0000	0.0000	1.0000	NaN	4.7924	2.3269	15.7856	1024483.2090	1024483.5113	1.0000	1.0000	0.0061
25cj04	3	21	1	0	1.0000	0.0000	1.0000	0.0003	NaN	NaN	NaN	1024485.4777	1024485.8321	0.0000	0.0000	0.4016
25cj04	3	21	1	0	2.0000	0.0000	-1.0000	NaN	5.4786	-4.2060	15.7446	1024486.7447	1024487.0469	0.0000	1.0000	1.9867
25cj04	3	22	1	0	1.0000	0.0000	-1.0000	0.2087	NaN	NaN	NaN	1024491.3872	1024491.7393	0.0000	1.0000	1.0225
25cj04	3	22	1	0	2.0000	0.0000	1.0000	NaN	3.0715	3.2413	15.2184	1024493.2888	1024493.5910	1.0000	1.0000	0.0061
25cj04	3	23	1	0	1.0000	0.0000	-1.0000	0.3507	NaN	NaN	NaN	1024495.5951	1024495.9483	0.0000	1.0000	0.3169
25cj04	3	23	1	0	2.0000	0.0000	1.0000	NaN	3.1794	1.8361	15.8558	1024496.7927	1024497.0949	1.0000	1.0000	0.0983
25cj04	3	24	1	0	1.0000	0.0000	-1.0000	0.0064	NaN	NaN	NaN	1024499.5270	1024499.8814	1.0000	0.0000	0.3363
25cj04	3	24	1	0	2.0000	0.0000	-1.0000	NaN	1.6797	-0.3412	13.2313	1024500.7304	1024501.0337	1.0000	0.0000	0.2556
25cj04	3	25	1	0	1.0000	0.0000	-1.0000	0.4074	NaN	NaN	NaN	1024503.3562	1024503.7077	0.0000	1.0000	0.1915
25cj04	3	25	1	0	2.0000	0.0000	1.0000	NaN	0.4921	0.5074	15.1600	1024504.3930	1024504.6952	1.0000	1.0000	0.2425
25cj04	3	26	1	0	1.0000	0.0000	1.0000	0.4191	NaN	NaN	NaN	1024506.9045	1024507.2550	1.0000	1.0000	0.1623
25cj04	3	26	1	0	2.0000	0.0000	1.0000	NaN	3.7435	0.8695	15.3804	1024507.9286	1024508.2308	1.0000	1.0000	0.0354
25cj04	3	27	1	0	1.0000	0.0000	-1.0000	0.1686	NaN	NaN	NaN	1024510.6182	1024510.9697	0.0000	1.0000	1.5532
25cj04	3	27	1	0	2.0000	0.0000	1.0000	NaN	5.9072	6.4998	13.6927	1024513.0169	1024513.3191	1.0000	1.0000	0.0981
25cj04	3	28	1	0	1.0000	0.0000	-1.0000	0.1687	NaN	NaN	NaN	1024515.7219	1024516.1427	0.0000	1.0000	0.1549
25cj04	3	28	1	0	2.0000	0.0000	1.0000	NaN	0.2047	0.8131	14.3579	1024516.8034	1024517.1076	1.0000	1.0000	0.3748
25cj04	3	29	1	0	1.0000	0.0000	1.0000	0.1737	NaN	NaN	NaN	1024519.9766	1024520.4053	1.0000	1.0000	0.1011
25cj04	3	29	1	0	2.0000	0.0000	1.0000	NaN	6.1318	5.7496	15.2178	1024521.0405	1024521.3449	1.0000	1.0000	0.0403
25cj04	3	30	1	0	1.0000	0.0000	1.0000	0.4197	NaN	NaN	NaN	1024523.8719	1024524.2924	0.0000	0.0000	1.8614
25cj04	3	30	1	0	2.0000	0.0000	-1.0000	NaN	0.0781	-0.5564	14.5380	1024526.6783	1024526.9854	0.0000	1.0000	0.4646
25cj04	3	31	1	0	1.0000	0.0000	-1.0000	0.2806	NaN	NaN	NaN	1024529.5799	1024529.9922	0.0000	1.0000	0.2570
25cj04	3	31	1	0	2.0000	0.0000	1.0000	NaN	2.8151	2.1036	15.5624	1024530.7705	1024531.0751	1.0000	1.0000	0.3901
25cj04	3	32	1	0	1.0000	0.0000	1.0000	0.1126	NaN	NaN	NaN	1024533.7713	1024534.1686	1.0000	1.0000	0.1296
25cj04	3	32	1	0	2.0000	0.0000	1.0000	NaN	1.7068	2.8586	16.6053	1024534.7920	1024535.0943	1.0000	1.0000	0.1320
25cj04	3	33	1	0	1.0000	0.0000	1.0000	0.2670	NaN	NaN	NaN	1024537.2512	1024537.6018	1.0000	1.0000	0.1684
25cj04	3	33	1	0	2.0000	0.0000	1.0000	NaN	4.4422	2.0924	14.7726	1024538.2958	1024538.5993	1.0000	1.0000	0.1465
25cj04	3	34	1	0	1.0000	0.0000	-1.0000	0.1325	NaN	NaN	NaN	1024541.0722	1024541.4228	0.0000	1.0000	0.3469
25cj04	3	34	1	0	2.0000	0.0000	1.0000	NaN	4.6224	5.9548	15.5191	1024542.2804	1024542.5827	1.0000	1.0000	0.2915
25cj04	3	35	1	0	1.0000	0.0000	1.0000	0.1210	NaN	NaN	NaN	1024545.1416	1024545.4958	1.0000	1.0000	0.2098
25cj04	3	35	1	0	2.0000	0.0000	1.0000	NaN	3.8690	1.2608	14.1996	1024546.2332	1024546.5355	1.0000	1.0000	0.3231
25cj04	3	36	1	0	1.0000	0.0000	1.0000	0.0534	NaN	NaN	NaN	1024549.0153	1024549.3678	1.0000	1.0000	0.4339
25cj04	3	36	1	0	2.0000	0.0000	1.0000	NaN	2.1324	2.0770	15.4229	1024550.2957	1024550.5987	1.0000	1.0000	0.2749
25cj04	3	37	1	0	1.0000	0.0000	1.0000	0.2839	NaN	NaN	NaN	1024553.0320	1024553.3843	1.0000	1.0000	0.2089
25cj04	3	37	1	0	2.0000	0.0000	1.0000	NaN	3.5310	3.5957	14.5917	1024554.1218	1024554.4241	1.0000	1.0000	0.0340
25cj04	3	38	1	0	1.0000	0.0000	-1.0000	0.0488	NaN	NaN	NaN	1024556.5500	1024556.9007	1.0000	0.0000	1.3010
25cj04	3	38	1	0	2.0000	0.0000	-1.0000	NaN	1.7240	-1.9604	13.4105	1024558.7115	1024559.0149	0.0000	1.0000	0.3067
25cj04	3	39	1	0	1.0000	0.0000	1.0000	0.2005	NaN	NaN	NaN	1024561.3938	1024561.8072	1.0000	1.0000	0.3310
25cj04	3	39	1	0	2.0000	0.0000	1.0000	NaN	2.6725	3.6952	14.3428	1024562.6580	1024562.9637	1.0000	1.0000	0.2614
25cj04	3	40	1	0	1.0000	0.0000	-1.0000	0.2836	NaN	NaN	NaN	1024565.7372	1024566.1217	0.0000	1.0000	0.3355
25cj04	3	40	1	0	2.0000	0.0000	1.0000	NaN	2.6412	4.5805	16.5904	1024566.9676	1024567.2698	1.0000	1.0000	0.2609
25cj04	3	41	1	0	1.0000	0.0000	-1.0000	0.0841	NaN	NaN	NaN	1024570.0383	1024570.3948	1.0000	0.0000	0.9431
25cj04	3	41	1	0	2.0000	0.0000	-1.0000	NaN	5.8551	-5.7792	15.6942	1024571.8484	1024572.1506	0.0000	1.0000	0.0666
25cj04	3	42	1	0	1.0000	0.0000	1.0000	0.3120	NaN	NaN	NaN	1024574.2031	1024574.5541	1.0000	1.0000	0.3838
25cj04	3	42	1	0	2.0000	0.0000	1.0000	NaN	3.0891	3.7137	15.0249	1024575.4485	1024575.7508	1.0000	1.0000	0.2598
25cj04	3	43	1	0	1.0000	0.0000	-1.0000	0.2552	NaN	NaN	NaN	1024578.0521	1024578.4041	0.0000	1.0000	0.2291
25cj04	3	43	1	0	2.0000	0.0000	1.0000	NaN	0.3337	0.3654	15.2884	1024579.1441	1024579.4472	1.0000	1.0000	0.1939
25cj04	3	44	1	0	1.0000	0.0000	1.0000	0.1089	NaN	NaN	NaN	1024581.9589	1024582.3151	1.0000	1.0000	0.3025
25cj04	3	44	1	0	2.0000	0.0000	1.0000	NaN	5.5976	7.7606	14.4367	1024583.1449	1024583.4471	1.0000	1.0000	0.0061
25cj04	3	45	1	0	1.0000	0.0000	1.0000	0.2923	NaN	NaN	NaN	1024585.4960	1024585.8493	1.0000	1.0000	0.8965
25cj04	3	45	1	0	2.0000	0.0000	1.0000	NaN	5.9390	5.1819	15.6736	1024587.2401	1024587.5424	0.0000	0.0000	0.1484
25cj04	3	46	1	0	1.0000	0.0000	-1.0000	0.2806	NaN	NaN	NaN	1024589.8431	1024590.1977	0.0000	1.0000	0.2114
25cj04	3	46	1	0	2.0000	0.0000	1.0000	NaN	4.0616	2.1294	14.8360	1024590.9205	1024591.2227	1.0000	1.0000	0.1304
25cj04	3	47	1	0	1.0000	0.0000	-1.0000	0.3302	NaN	NaN	NaN	1024593.7462	1024594.0989	0.0000	1.0000	0.1823
25cj04	3	47	1	0	2.0000	0.0000	1.0000	NaN	0.8012	1.0099	16.3059	1024594.8111	1024595.1133	1.0000	1.0000	0.2089
25cj04	3	48	1	0	1.0000	0.0000	1.0000	0.4275	NaN	NaN	NaN	1024597.3892	1024597.7432	1.0000	1.0000	0.1231
25cj04	3	48	1	0	2.0000	0.0000	1.0000	NaN	5.1887	5.7149	15.3883	1024598.3606	1024598.6630	1.0000	1.0000	0.0061
25cj04	3	49	1	0	1.0000	0.0000	-1.0000	0.3317	NaN	NaN	NaN	1024600.8510	1024601.2032	0.0000	1.0000	0.1499
25cj04	3	49	1	0	2.0000	0.0000	1.0000	NaN	5.6846	4.4495	15.6836	1024601.8645	1024602.1667	1.0000	1.0000	0.2264
25cj04	3	50	1	0	1.0000	0.0000	1.0000	0.1824	NaN	NaN	NaN	1024604.6711	1024605.0262	1.0000	1.0000	0.1354
25cj04	3	50	1	0	2.0000	0.0000	1.0000	NaN	1.3663	3.5717	16.4799	1024605.6711	1024605.9733	1.0000	1.0000	0.0062
25cj04	4	1	1	0	1.0000	0.0000	1.0000	0.3649	NaN	NaN	NaN	1024609.8727	1024610.2759	1.0000	1.0000	0.1827
25cj04	4	1	1	0	2.0000	0.0000	1.0000	NaN	1.6775	3.9004	15.7775	1024610.9535	1024611.2556	1.0000	1.0000	0.0191
25cj04	4	2	1	0	1.0000	0.0000	-1.0000	0.1644	NaN	NaN	NaN	1024613.3250	1024613.6798	0.0000	1.0000	0.1698
25cj04	4	2	1	0	2.0000	0.0000	1.0000	NaN	5.1053	5.8091	15.5705	1024614.3455	1024614.6478	1.0000	1.0000	0.0173
25cj04	4	3	1	0	1.0000	0.0000	-1.0000	0.3910	NaN	NaN	NaN	1024616.7855	1024617.1424	0.0000	1.0000	0.2277
25cj04	4	3	1	0	2.0000	0.0000	1.0000	NaN	4.0396	2.9879	15.4609	1024617.8640	1024618.1662	1.0000	1.0000	0.0061
25cj04	4	4	1	0	1.0000	0.0000	-1.0000	0.1485	NaN	NaN	NaN	1024620.6960	1024621.0476	0.0000	1.0000	0.6746
25cj04	4	4	1	0	2.0000	0.0000	1.0000	NaN	3.5156	4.1891	14.6809	1024622.2640	1024622.5662	1.0000	1.0000	0.0061
25cj04	4	5	1	0	1.0000	0.0000	1.0000	0.3443	NaN	NaN	NaN	1024624.9126	1024625.2640	1.0000	1.0000	0.1383
25cj04	4	5	1	0	2.0000	0.0000	1.0000	NaN	2.2814	2.2264	14.7179	1024625.8959	1024626.1981	1.0000	1.0000	0.0061
25cj04	4	6	1	0	1.0000	0.0000	-1.0000	0.2100	NaN	NaN	NaN	1024628.1212	1024628.4751	0.0000	1.0000	0.4305
25cj04	4	6	1	0	2.0000	0.0000	1.0000	NaN	3.6968	0.8623	16.1540	1024629.4173	1024629.7196	1.0000	1.0000	0.2735
25cj04	4	7	1	0	1.0000	0.0000	1.0000	0.3540	NaN	NaN	NaN	1024632.2120	1024632.5636	1.0000	1.0000	0.1175
25cj04	4	7	1	0	2.0000	0.0000	1.0000	NaN	4.3204	4.9745	16.2513	1024633.1775	1024633.4797	1.0000	1.0000	0.0061
25cj04	4	8	1	0	1.0000	0.0000	-1.0000	0.0503	NaN	NaN	NaN	1024635.9903	1024636.3455	0.0000	1.0000	0.6732
25cj04	4	8	1	0	2.0000	0.0000	1.0000	NaN	3.2214	4.0427	13.8736	1024637.5287	1024637.8309	1.0000	1.0000	0.4504
25cj04	4	9	1	0	1.0000	0.0000	1.0000	0.1024	NaN	NaN	NaN	1024640.4669	1024640.8177	1.0000	1.0000	0.2473
25cj04	4	9	1	0	2.0000	0.0000	1.0000	NaN	5.6217	4.6527	15.9744	1024641.5616	1024641.8638	1.0000	1.0000	0.0662
25cj04	4	10	1	0	1.0000	0.0000	-1.0000	0.3493	NaN	NaN	NaN	1024644.3127	1024644.6631	0.0000	1.0000	0.1471
25cj04	4	10	1	0	2.0000	0.0000	1.0000	NaN	1.9454	3.0176	14.3046	1024645.3196	1024645.6218	1.0000	1.0000	0.2123
25cj04	4	11	1	0	1.0000	0.0000	-1.0000	0.2830	NaN	NaN	NaN	1024647.7775	1024648.1295	0.0000	1.0000	0.2479
25cj04	4	11	1	0	2.0000	0.0000	1.0000	NaN	0.8212	0.9183	14.1044	1024648.8880	1024649.1903	1.0000	1.0000	0.1788
25cj04	4	12	1	0	1.0000	0.0000	1.0000	0.0604	NaN	NaN	NaN	1024651.4549	1024651.8113	1.0000	1.0000	0.1342
25cj04	4	12	1	0	2.0000	0.0000	1.0000	NaN	2.7049	2.5643	15.5128	1024652.4563	1024652.7597	1.0000	1.0000	0.0061
25cj04	4	13	1	0	1.0000	0.0000	1.0000	0.1673	NaN	NaN	NaN	1024654.9218	1024655.2999	1.0000	1.0000	0.1821
25cj04	4	13	1	0	2.0000	0.0000	1.0000	NaN	2.2545	2.0672	15.1003	1024655.9775	1024656.2796	1.0000	1.0000	0.0061
25cj04	4	14	1	0	1.0000	0.0000	1.0000	0.2533	NaN	NaN	NaN	1024658.3859	1024658.7401	1.0000	1.0000	0.1329
25cj04	4	14	1	0	2.0000	0.0000	1.0000	NaN	6.1773	7.3262	16.0051	1024659.3851	1024659.6872	1.0000	1.0000	0.0062
25cj04	4	15	1	0	1.0000	0.0000	-1.0000	0.2823	NaN	NaN	NaN	1024661.7605	1024662.1122	0.0000	1.0000	0.7460
25cj04	4	15	1	0	2.0000	0.0000	1.0000	NaN	3.0123	2.6063	14.3895	1024663.3677	1024663.6700	1.0000	1.0000	0.1631
25cj04	4	16	1	0	1.0000	0.0000	-1.0000	0.4140	NaN	NaN	NaN	1024665.8762	1024666.2286	0.0000	1.0000	0.1971
25cj04	4	16	1	0	2.0000	0.0000	1.0000	NaN	3.0072	2.7314	15.1700	1024666.9195	1024667.2217	1.0000	1.0000	0.1473
25cj04	4	17	1	0	1.0000	0.0000	-1.0000	0.0916	NaN	NaN	NaN	1024669.3872	1024669.7438	1.0000	0.0000	0.5863
25cj04	4	17	1	0	2.0000	0.0000	-1.0000	NaN	2.0314	-2.9154	14.1082	1024670.8256	1024671.1278	1.0000	0.0000	1.0898
25cj04	4	18	1	0	1.0000	0.0000	-1.0000	0.3181	NaN	NaN	NaN	1024674.4464	1024674.7966	0.0000	1.0000	0.2684
25cj04	4	18	1	0	2.0000	0.0000	1.0000	NaN	2.1680	2.9545	15.7988	1024675.5602	1024675.8623	1.0000	1.0000	0.3067
25cj04	4	19	1	0	1.0000	0.0000	-1.0000	0.1702	NaN	NaN	NaN	1024678.3710	1024678.7265	0.0000	1.0000	0.4985
25cj04	4	19	1	0	2.0000	0.0000	1.0000	NaN	3.5110	3.0777	14.3060	1024679.7515	1024680.0537	1.0000	1.0000	0.1633
25cj04	4	20	1	0	1.0000	0.0000	-1.0000	0.1838	NaN	NaN	NaN	1024682.4100	1024682.7611	0.0000	1.0000	0.5759
25cj04	4	20	1	0	2.0000	0.0000	1.0000	NaN	5.5956	5.3513	15.9155	1024683.8630	1024684.1652	1.0000	1.0000	0.2609
25cj04	4	21	1	0	1.0000	0.0000	-1.0000	0.1056	NaN	NaN	NaN	1024686.8110	1024687.1624	0.0000	1.0000	1.0706
25cj04	4	21	1	0	2.0000	0.0000	1.0000	NaN	0.1925	0.4403	14.6422	1024688.7515	1024689.0537	1.0000	1.0000	0.0593
25cj04	4	22	1	0	1.0000	0.0000	1.0000	0.4144	NaN	NaN	NaN	1024691.3557	1024691.7094	1.0000	1.0000	0.1876
25cj04	4	22	1	0	2.0000	0.0000	1.0000	NaN	5.8070	5.0203	15.2189	1024692.3926	1024692.6948	1.0000	1.0000	0.0061
25cj04	4	23	1	0	1.0000	0.0000	-1.0000	0.2974	NaN	NaN	NaN	1024695.2399	1024695.5937	0.0000	1.0000	0.4491
25cj04	4	23	1	0	2.0000	0.0000	1.0000	NaN	3.0567	2.5741	15.5972	1024696.5517	1024696.8539	1.0000	1.0000	0.1962
25cj04	4	24	1	0	1.0000	0.0000	1.0000	0.0380	NaN	NaN	NaN	1024699.4838	1024699.8380	1.0000	1.0000	0.9075
25cj04	4	24	1	0	2.0000	0.0000	1.0000	NaN	3.4980	3.9589	14.6301	1024701.3033	1024701.6063	1.0000	1.0000	0.2281
25cj04	4	25	1	0	1.0000	0.0000	-1.0000	0.0621	NaN	NaN	NaN	1024704.2285	1024704.6369	1.0000	0.0000	0.5883
25cj04	4	25	1	0	2.0000	0.0000	-1.0000	NaN	1.1806	-1.8663	13.7163	1024705.6960	1024706.0001	1.0000	0.0000	0.0569
25cj04	4	26	1	0	1.0000	0.0000	1.0000	0.0782	NaN	NaN	NaN	1024708.2311	1024708.6503	0.0000	0.0000	0.4314
25cj04	4	26	1	0	2.0000	0.0000	-1.0000	NaN	0.2190	-1.8420	14.4291	1024709.6332	1024709.9385	1.0000	0.0000	0.5037
25cj04	4	27	1	0	1.0000	0.0000	-1.0000	0.3737	NaN	NaN	NaN	1024712.8960	1024713.3168	0.0000	1.0000	0.7894
25cj04	4	27	1	0	2.0000	0.0000	1.0000	NaN	2.2434	1.4043	13.7786	1024714.6449	1024714.9497	1.0000	1.0000	3.0593
25cj04	4	28	1	0	1.0000	0.0000	-1.0000	0.0637	NaN	NaN	NaN	1024719.8892	1024720.3108	1.0000	0.0000	0.1942
25cj04	4	28	1	0	2.0000	0.0000	-1.0000	NaN	1.1404	-2.8557	14.1204	1024721.0270	1024721.3314	1.0000	0.0000	0.0061
25cj04	4	29	1	0	1.0000	0.0000	1.0000	0.1313	NaN	NaN	NaN	1024723.5119	1024723.9324	1.0000	1.0000	0.6046
25cj04	4	29	1	0	2.0000	0.0000	1.0000	NaN	2.8082	3.0957	14.2651	1024725.0766	1024725.3810	1.0000	1.0000	2.3094
25cj04	4	30	1	0	1.0000	0.0000	1.0000	0.2262	NaN	NaN	NaN	1024729.5872	1024729.9988	1.0000	1.0000	0.2506
25cj04	4	30	1	0	2.0000	0.0000	1.0000	NaN	2.2064	3.2088	14.6838	1024730.7699	1024731.0762	1.0000	1.0000	0.0061
25cj04	4	31	1	0	1.0000	0.0000	1.0000	0.0950	NaN	NaN	NaN	1024733.1290	1024733.5484	1.0000	1.0000	0.2533
25cj04	4	31	1	0	2.0000	0.0000	1.0000	NaN	4.6383	1.8375	15.8909	1024734.3091	1024734.6131	1.0000	1.0000	0.0373
25cj04	4	32	1	0	1.0000	0.0000	1.0000	0.0195	NaN	NaN	NaN	1024736.8396	1024737.2479	1.0000	1.0000	1.6582
25cj04	4	32	1	0	2.0000	0.0000	1.0000	NaN	2.7764	1.8049	14.3197	1024739.4090	1024739.7131	0.0000	0.0000	0.0718
25cj04	4	33	1	0	1.0000	0.0000	-1.0000	0.1644	NaN	NaN	NaN	1024742.4359	1024742.8476	0.0000	1.0000	0.9534
25cj04	4	33	1	0	2.0000	0.0000	1.0000	NaN	0.8903	1.6646	13.7595	1024744.2919	1024744.5960	1.0000	1.0000	0.2785
25cj04	4	34	1	0	1.0000	0.0000	1.0000	0.2808	NaN	NaN	NaN	1024746.8275	1024747.2478	1.0000	1.0000	0.1697
25cj04	4	34	1	0	2.0000	0.0000	1.0000	NaN	5.8363	6.4345	16.0503	1024747.9250	1024748.2291	1.0000	1.0000	0.0530
25cj04	4	35	1	0	1.0000	0.0000	-1.0000	0.0340	NaN	NaN	NaN	1024750.7018	1024751.1138	1.0000	0.0000	1.2645
25cj04	4	35	1	0	2.0000	0.0000	-1.0000	NaN	0.3679	-0.8998	16.5984	1024752.8953	1024753.1994	0.0000	1.0000	0.7941
25cj04	4	36	1	0	1.0000	0.0000	-1.0000	0.1864	NaN	NaN	NaN	1024755.9842	1024756.4085	1.0000	0.0000	0.4004
25cj04	4	36	1	0	2.0000	0.0000	-1.0000	NaN	4.6364	-4.7380	14.0723	1024757.3285	1024757.6330	1.0000	0.0000	0.0090
25cj04	4	37	1	0	1.0000	0.0000	1.0000	0.3353	NaN	NaN	NaN	1024759.8459	1024760.2639	1.0000	1.0000	0.2576
25cj04	4	37	1	0	2.0000	0.0000	1.0000	NaN	4.5328	4.8985	14.0446	1024761.0417	1024761.3461	1.0000	1.0000	0.0565
25cj04	4	38	1	0	1.0000	0.0000	-1.0000	0.2657	NaN	NaN	NaN	1024763.4334	1024763.8419	1.0000	0.0000	0.3436
25cj04	4	38	1	0	2.0000	0.0000	-1.0000	NaN	2.6779	-2.0642	14.1610	1024764.6966	1024764.9988	1.0000	0.0000	0.2906
25cj04	4	39	1	0	1.0000	0.0000	-1.0000	0.3638	NaN	NaN	NaN	1024767.1667	1024767.5681	0.0000	1.0000	0.4419
25cj04	4	39	1	0	2.0000	0.0000	1.0000	NaN	2.2290	3.3885	13.7594	1024768.5211	1024768.8232	1.0000	1.0000	0.0061
25cj04	4	40	1	0	1.0000	0.0000	1.0000	0.2256	NaN	NaN	NaN	1024771.1697	1024771.5233	1.0000	1.0000	0.3736
25cj04	4	40	1	0	2.0000	0.0000	1.0000	NaN	3.0123	0.4664	16.0557	1024772.3929	1024772.6950	1.0000	1.0000	0.0062
25cj04	4	41	1	0	1.0000	0.0000	1.0000	0.0685	NaN	NaN	NaN	1024774.8758	1024775.2277	1.0000	1.0000	1.9337
25cj04	4	41	1	0	2.0000	0.0000	1.0000	NaN	5.4917	5.4684	14.7911	1024777.6399	1024777.9421	1.0000	1.0000	1.4434
25cj04	4	42	1	0	1.0000	0.0000	-1.0000	0.0707	NaN	NaN	NaN	1024781.6799	1024782.0339	0.0000	1.0000	1.4806
25cj04	4	42	1	0	2.0000	0.0000	1.0000	NaN	1.0997	0.2260	14.4109	1024784.0396	1024784.3417	1.0000	1.0000	0.0061
25cj04	4	43	1	0	1.0000	0.0000	-1.0000	0.3983	NaN	NaN	NaN	1024786.2077	1024786.5607	0.0000	1.0000	0.5052
25cj04	4	43	1	0	2.0000	0.0000	1.0000	NaN	4.1611	5.9381	15.1607	1024787.5769	1024787.8790	1.0000	1.0000	0.0351
25cj04	4	44	1	0	1.0000	0.0000	1.0000	0.0118	NaN	NaN	NaN	1024789.8969	1024790.2501	1.0000	1.0000	0.2068
25cj04	4	44	1	0	2.0000	0.0000	1.0000	NaN	5.5490	6.4457	15.7566	1024790.9693	1024791.2715	1.0000	1.0000	0.0061
25cj04	4	45	1	0	1.0000	0.0000	-1.0000	0.1379	NaN	NaN	NaN	1024793.2746	1024793.6273	0.0000	1.0000	1.7102
25cj04	4	45	1	0	2.0000	0.0000	1.0000	NaN	0.2729	0.7829	14.9372	1024795.8478	1024796.1500	1.0000	1.0000	1.7149
25cj04	4	46	1	0	1.0000	0.0000	-1.0000	0.2784	NaN	NaN	NaN	1024800.1898	1024800.5403	0.0000	1.0000	0.5566
25cj04	4	46	1	0	2.0000	0.0000	1.0000	NaN	3.4331	3.3820	15.8024	1024801.6246	1024801.9267	1.0000	1.0000	0.0063
25cj04	4	47	1	0	1.0000	0.0000	-1.0000	0.1834	NaN	NaN	NaN	1024803.8988	1024804.2538	0.0000	1.0000	0.9397
25cj04	4	47	1	0	2.0000	0.0000	1.0000	NaN	3.1530	4.3449	15.4262	1024805.7036	1024806.0058	1.0000	1.0000	1.7642
25cj04	4	48	1	0	1.0000	0.0000	-1.0000	0.0564	NaN	NaN	NaN	1024809.7383	1024810.0897	0.0000	1.0000	0.8956
25cj04	4	48	1	0	2.0000	0.0000	1.0000	NaN	4.9720	6.6140	13.9847	1024811.4954	1024811.7977	1.0000	1.0000	0.1483
25cj04	4	49	1	0	1.0000	0.0000	1.0000	0.1461	NaN	NaN	NaN	1024814.2037	1024814.6146	0.0000	0.0000	0.7862
25cj04	4	49	1	0	2.0000	0.0000	-1.0000	NaN	1.8075	-4.1512	14.9998	1024815.9216	1024816.2257	1.0000	0.0000	0.0061
25cj04	4	50	1	0	1.0000	0.0000	1.0000	0.0470	NaN	NaN	NaN	1024818.1150	1024818.5282	1.0000	1.0000	0.3287
25cj04	4	50	1	0	2.0000	0.0000	1.0000	NaN	5.6368	5.8509	14.9088	1024819.3932	1024819.6981	1.0000	1.0000	1.6393
25cj04	5	1	1	0	1.0000	0.0000	1.0000	0.3293	NaN	NaN	NaN	1024826.1775	1024826.5706	1.0000	1.0000	0.3183
25cj04	5	1	1	0	2.0000	0.0000	1.0000	NaN	1.5775	1.7820	13.7529	1024827.3689	1024827.6711	1.0000	1.0000	0.0061
25cj04	5	2	1	0	1.0000	0.0000	-1.0000	0.2749	NaN	NaN	NaN	1024829.5948	1024829.9483	0.0000	1.0000	0.4617
25cj04	5	2	1	0	2.0000	0.0000	1.0000	NaN	2.6169	1.3437	15.1597	1024830.9032	1024831.2054	1.0000	1.0000	0.0514
25cj04	5	3	1	0	1.0000	0.0000	1.0000	0.0244	NaN	NaN	NaN	1024833.4747	1024833.8315	1.0000	1.0000	0.2101
25cj04	5	3	1	0	2.0000	0.0000	1.0000	NaN	3.9125	3.3936	14.2435	1024834.5355	1024834.8376	1.0000	1.0000	1.6513
25cj04	5	4	1	0	1.0000	0.0000	1.0000	0.1921	NaN	NaN	NaN	1024838.4268	1024838.7810	1.0000	1.0000	1.9005
25cj04	5	4	1	0	2.0000	0.0000	1.0000	NaN	3.4917	2.1394	14.4597	1024841.1926	1024841.4949	1.0000	1.0000	1.4916
25cj04	5	5	1	0	1.0000	0.0000	-1.0000	0.2961	NaN	NaN	NaN	1024845.4797	1024845.8351	0.0000	1.0000	0.2057
25cj04	5	5	1	0	2.0000	0.0000	1.0000	NaN	3.7625	3.4585	13.2292	1024846.5522	1024846.8545	1.0000	1.0000	0.2111
25cj04	5	6	1	0	1.0000	0.0000	-1.0000	0.1975	NaN	NaN	NaN	1024849.4589	1024849.8140	0.0000	1.0000	1.2353
25cj04	5	6	1	0	2.0000	0.0000	1.0000	NaN	0.2410	1.1948	16.2647	1024851.5594	1024851.8617	1.0000	1.0000	0.2596
25cj04	5	7	1	0	1.0000	0.0000	1.0000	0.2372	NaN	NaN	NaN	1024854.3814	1024854.7345	1.0000	1.0000	0.2503
25cj04	5	7	1	0	2.0000	0.0000	1.0000	NaN	0.9730	0.5021	13.3925	1024855.4947	1024855.7968	1.0000	1.0000	0.1812
25cj04	5	8	1	0	1.0000	0.0000	-1.0000	0.2122	NaN	NaN	NaN	1024857.8698	1024858.2923	0.0000	1.0000	0.7245
25cj04	5	8	1	0	2.0000	0.0000	1.0000	NaN	2.2278	3.9447	13.8774	1024859.5388	1024859.8432	1.0000	1.0000	0.3261
25cj04	5	9	1	0	1.0000	0.0000	-1.0000	0.1312	NaN	NaN	NaN	1024862.2351	1024862.6540	0.0000	1.0000	0.6353
25cj04	5	9	1	0	2.0000	0.0000	1.0000	NaN	0.6621	0.9952	15.4348	1024863.8091	1024864.1140	1.0000	1.0000	0.1828
25cj04	5	10	1	0	1.0000	0.0000	-1.0000	0.0914	NaN	NaN	NaN	1024866.2696	1024866.6924	0.0000	1.0000	0.6124
25cj04	5	10	1	0	2.0000	0.0000	1.0000	NaN	3.7726	2.0127	15.6602	1024867.8242	1024868.1286	1.0000	1.0000	0.1698
25cj04	5	11	1	0	1.0000	0.0000	1.0000	0.1145	NaN	NaN	NaN	1024870.4928	1024870.8797	1.0000	1.0000	0.1377
25cj04	5	11	1	0	2.0000	0.0000	1.0000	NaN	4.7660	5.2571	15.0883	1024871.5117	1024871.8148	1.0000	1.0000	0.0061
25cj04	5	12	1	0	1.0000	0.0000	-1.0000	0.2989	NaN	NaN	NaN	1024874.0777	1024874.4336	0.0000	1.0000	0.2958
25cj04	5	12	1	0	2.0000	0.0000	1.0000	NaN	4.2713	3.4495	13.7666	1024875.2243	1024875.5266	1.0000	1.0000	0.3079
25cj04	5	13	1	0	1.0000	0.0000	-1.0000	0.4072	NaN	NaN	NaN	1024877.8688	1024878.2197	0.0000	1.0000	0.4291
25cj04	5	13	1	0	2.0000	0.0000	1.0000	NaN	4.2182	5.2790	14.9400	1024879.1598	1024879.4620	1.0000	1.0000	0.1788
25cj04	5	14	1	0	1.0000	0.0000	-1.0000	0.2062	NaN	NaN	NaN	1024882.1677	1024882.5196	1.0000	0.0000	0.1779
25cj04	5	14	1	0	2.0000	0.0000	-1.0000	NaN	1.3630	-0.0202	14.4973	1024883.1828	1024883.4850	1.0000	0.0000	0.1568
25cj04	5	15	1	0	1.0000	0.0000	1.0000	0.2625	NaN	NaN	NaN	1024886.0239	1024886.3788	1.0000	1.0000	0.2707
25cj04	5	15	1	0	2.0000	0.0000	1.0000	NaN	5.4340	4.8514	13.8191	1024887.1433	1024887.4456	1.0000	1.0000	1.9397
25cj04	5	16	1	0	1.0000	0.0000	1.0000	0.2362	NaN	NaN	NaN	1024891.5059	1024891.8620	1.0000	1.0000	0.2285
25cj04	5	16	1	0	2.0000	0.0000	1.0000	NaN	3.2184	4.2975	15.1194	1024892.5839	1024892.8861	1.0000	1.0000	0.2762
25cj04	5	17	1	0	1.0000	0.0000	-1.0000	0.1566	NaN	NaN	NaN	1024895.1467	1024895.5004	0.0000	1.0000	1.2611
25cj04	5	17	1	0	2.0000	0.0000	1.0000	NaN	2.3873	4.6529	15.9845	1024897.2728	1024897.5750	1.0000	1.0000	0.0061
25cj04	5	18	1	0	1.0000	0.0000	1.0000	0.3920	NaN	NaN	NaN	1024899.8488	1024900.2001	1.0000	1.0000	0.2246
25cj04	5	18	1	0	2.0000	0.0000	1.0000	NaN	5.6486	6.6290	15.4016	1024900.9370	1024901.2391	1.0000	1.0000	0.0337
25cj04	5	19	1	0	1.0000	0.0000	-1.0000	0.0425	NaN	NaN	NaN	1024903.6906	1024904.1043	1.0000	0.0000	0.1125
25cj04	5	19	1	0	2.0000	0.0000	-1.0000	NaN	1.0859	-2.6333	14.3363	1024904.7280	1024905.0309	1.0000	0.0000	0.0061
25cj04	5	20	1	0	1.0000	0.0000	-1.0000	0.1359	NaN	NaN	NaN	1024906.8948	1024907.2486	1.0000	0.0000	0.2813
25cj04	5	20	1	0	2.0000	0.0000	-1.0000	NaN	4.3083	-4.3536	14.5851	1024908.0229	1024908.3251	1.0000	0.0000	0.0061
25cj04	5	21	1	0	1.0000	0.0000	1.0000	0.3579	NaN	NaN	NaN	1024910.3410	1024910.6941	1.0000	1.0000	0.2591
25cj04	5	21	1	0	2.0000	0.0000	1.0000	NaN	4.4260	4.3416	15.1089	1024911.4481	1024911.7503	1.0000	1.0000	0.0061
25cj04	5	22	1	0	1.0000	0.0000	-1.0000	0.2084	NaN	NaN	NaN	1024913.4748	1024913.8317	0.0000	1.0000	0.4811
25cj04	5	22	1	0	2.0000	0.0000	1.0000	NaN	4.3374	5.3329	13.8204	1024914.8232	1024915.1255	1.0000	1.0000	0.1953
25cj04	5	23	1	0	1.0000	0.0000	-1.0000	0.2986	NaN	NaN	NaN	1024917.8467	1024918.1993	0.0000	1.0000	0.3379
25cj04	5	23	1	0	2.0000	0.0000	1.0000	NaN	2.2387	1.6279	14.9728	1024918.9998	1024919.3020	1.0000	1.0000	0.1482
25cj04	5	24	1	0	1.0000	0.0000	1.0000	0.3033	NaN	NaN	NaN	1024921.9259	1024922.2809	1.0000	1.0000	0.2084
25cj04	5	24	1	0	2.0000	0.0000	1.0000	NaN	4.6267	5.7979	14.5558	1024922.9670	1024923.2691	1.0000	1.0000	0.0061
25cj04	5	25	1	0	1.0000	0.0000	1.0000	0.4172	NaN	NaN	NaN	1024925.3016	1024925.6531	1.0000	1.0000	0.1491
25cj04	5	25	1	0	2.0000	0.0000	1.0000	NaN	1.6751	3.2378	14.6776	1024926.2957	1024926.5979	1.0000	1.0000	1.5069
25cj04	5	26	1	0	1.0000	0.0000	-1.0000	0.3799	NaN	NaN	NaN	1024930.4493	1024930.8004	0.0000	1.0000	0.1683
25cj04	5	26	1	0	2.0000	0.0000	1.0000	NaN	4.8363	4.0007	14.6099	1024931.4806	1024931.7827	1.0000	1.0000	0.2912
25cj04	5	27	1	0	1.0000	0.0000	-1.0000	0.0585	NaN	NaN	NaN	1024934.0905	1024934.4471	1.0000	0.0000	0.1706
25cj04	5	27	1	0	2.0000	0.0000	-1.0000	NaN	6.0161	-5.8631	17.0096	1024935.1131	1024935.4152	1.0000	0.0000	2.0506
25cj04	5	28	1	0	1.0000	0.0000	1.0000	0.0958	NaN	NaN	NaN	1024939.2514	1024939.6031	0.0000	0.0000	0.5336
25cj04	5	28	1	0	2.0000	0.0000	-1.0000	NaN	1.5533	-1.3934	15.6283	1024940.6528	1024940.9550	1.0000	0.0000	0.1434
25cj04	5	29	1	0	1.0000	0.0000	1.0000	0.1092	NaN	NaN	NaN	1024943.0659	1024943.4164	1.0000	1.0000	0.7043
25cj04	5	29	1	0	2.0000	0.0000	1.0000	NaN	2.8391	2.0762	14.9220	1024944.6318	1024944.9340	1.0000	1.0000	0.3883
25cj04	5	30	1	0	1.0000	0.0000	1.0000	0.2899	NaN	NaN	NaN	1024947.7818	1024948.1330	1.0000	1.0000	0.1491
25cj04	5	30	1	0	2.0000	0.0000	1.0000	NaN	3.9589	4.4363	15.3758	1024948.7919	1024949.0954	1.0000	1.0000	0.0061
25cj04	5	31	1	0	1.0000	0.0000	1.0000	0.4214	NaN	NaN	NaN	1024951.2667	1024951.6875	1.0000	1.0000	0.1292
25cj04	5	31	1	0	2.0000	0.0000	1.0000	NaN	0.2735	0.1908	15.1951	1024952.3288	1024952.6310	1.0000	1.0000	0.0061
25cj04	5	32	1	0	1.0000	0.0000	1.0000	0.3077	NaN	NaN	NaN	1024954.4027	1024954.7589	1.0000	1.0000	0.2590
25cj04	5	32	1	0	2.0000	0.0000	1.0000	NaN	0.2534	1.8238	15.1440	1024955.5133	1024955.8154	0.0000	0.0000	2.1293
25cj04	5	33	1	0	1.0000	0.0000	1.0000	0.1130	NaN	NaN	NaN	1024960.2684	1024960.6252	1.0000	1.0000	0.3442
25cj04	5	33	1	0	2.0000	0.0000	1.0000	NaN	6.0600	8.3213	15.2403	1024961.4796	1024961.7818	1.0000	1.0000	0.0061
25cj04	5	34	1	0	1.0000	0.0000	-1.0000	0.2337	NaN	NaN	NaN	1024963.5972	1024963.9488	0.0000	1.0000	0.1731
25cj04	5	34	1	0	2.0000	0.0000	1.0000	NaN	5.3471	5.5317	14.9111	1024964.6473	1024964.9494	1.0000	1.0000	0.0061
25cj04	5	35	1	0	1.0000	0.0000	-1.0000	0.1923	NaN	NaN	NaN	1024967.4591	1024967.8135	0.0000	1.0000	0.2912
25cj04	5	35	1	0	2.0000	0.0000	1.0000	NaN	3.0409	1.5957	15.8568	1024968.6164	1024968.9186	1.0000	1.0000	0.3706
25cj04	5	36	1	0	1.0000	0.0000	-1.0000	0.2078	NaN	NaN	NaN	1024971.6905	1024972.0454	0.0000	1.0000	0.5555
25cj04	5	36	1	0	2.0000	0.0000	1.0000	NaN	0.6411	0.3290	13.2361	1024973.1284	1024973.4307	1.0000	1.0000	0.3710
25cj04	5	37	1	0	1.0000	0.0000	-1.0000	0.3540	NaN	NaN	NaN	1024976.0778	1024976.4296	0.0000	1.0000	0.2996
25cj04	5	37	1	0	2.0000	0.0000	1.0000	NaN	5.8120	5.1469	16.0125	1024977.2550	1024977.5572	1.0000	1.0000	0.3234
25cj04	5	38	1	0	1.0000	0.0000	1.0000	0.2461	NaN	NaN	NaN	1024980.0148	1024980.3669	1.0000	1.0000	0.4418
25cj04	5	38	1	0	2.0000	0.0000	1.0000	NaN	1.9811	0.3188	14.5761	1024981.3197	1024981.6218	1.0000	1.0000	0.0061
25cj04	5	39	1	0	1.0000	0.0000	1.0000	0.4009	NaN	NaN	NaN	1024984.2276	1024984.5792	1.0000	1.0000	0.2146
25cj04	5	39	1	0	2.0000	0.0000	1.0000	NaN	0.6224	0.3035	13.7787	1024985.2879	1024985.5902	1.0000	1.0000	0.2745
25cj04	5	40	1	0	1.0000	0.0000	-1.0000	0.1036	NaN	NaN	NaN	1024987.9429	1024988.2958	1.0000	0.0000	0.4174
25cj04	5	40	1	0	2.0000	0.0000	-1.0000	NaN	6.1410	-5.5559	13.6824	1024989.2241	1024989.5267	1.0000	0.0000	0.0061
25cj04	5	41	1	0	1.0000	0.0000	-1.0000	0.2763	NaN	NaN	NaN	1024991.8620	1024992.2122	0.0000	1.0000	0.4844
25cj04	5	41	1	0	2.0000	0.0000	1.0000	NaN	1.1516	0.5111	14.4795	1024993.1920	1024993.4942	1.0000	1.0000	0.3065
25cj04	5	42	1	0	1.0000	0.0000	-1.0000	0.2263	NaN	NaN	NaN	1024995.8438	1024996.1954	0.0000	1.0000	1.2060
25cj04	5	42	1	0	2.0000	0.0000	1.0000	NaN	5.6310	5.2198	15.4452	1024997.8950	1024998.1972	1.0000	1.0000	0.2605
25cj04	5	43	1	0	1.0000	0.0000	-1.0000	0.3412	NaN	NaN	NaN	1025000.5513	1025000.9672	0.0000	1.0000	0.1781
25cj04	5	43	1	0	2.0000	0.0000	1.0000	NaN	5.1276	7.0957	15.5332	1025001.6645	1025001.9686	1.0000	1.0000	0.2640
25cj04	5	44	1	0	1.0000	0.0000	-1.0000	0.2938	NaN	NaN	NaN	1025004.4471	1025004.8683	0.0000	1.0000	0.3253
25cj04	5	44	1	0	2.0000	0.0000	1.0000	NaN	1.2085	0.5841	14.9988	1025005.6980	1025006.0026	1.0000	1.0000	0.2781
25cj04	5	45	1	0	1.0000	0.0000	-1.0000	0.0471	NaN	NaN	NaN	1025008.6672	1025009.0848	0.0000	1.0000	0.3325
25cj04	5	45	1	0	2.0000	0.0000	1.0000	NaN	1.7623	0.4030	15.4789	1025009.9533	1025010.2604	1.0000	1.0000	0.2282
25cj04	5	46	1	0	1.0000	0.0000	1.0000	0.1860	NaN	NaN	NaN	1025012.5258	1025012.9462	1.0000	1.0000	0.2945
25cj04	5	46	1	0	2.0000	0.0000	1.0000	NaN	0.0866	0.8187	14.4717	1025013.7469	1025014.0514	1.0000	1.0000	0.0062
25cj04	5	47	1	0	1.0000	0.0000	-1.0000	0.4088	NaN	NaN	NaN	1025015.9222	1025016.3344	0.0000	1.0000	0.2023
25cj04	5	47	1	0	2.0000	0.0000	1.0000	NaN	2.6577	2.1743	15.3990	1025017.0727	1025017.3785	1.0000	1.0000	0.1021
25cj04	5	48	1	0	1.0000	0.0000	-1.0000	0.0827	NaN	NaN	NaN	1025019.4887	1025019.9009	0.0000	1.0000	0.2681
25cj04	5	48	1	0	2.0000	0.0000	1.0000	NaN	1.4588	3.1626	14.1189	1025020.6891	1025020.9950	1.0000	1.0000	0.1501
25cj04	5	49	1	0	1.0000	0.0000	-1.0000	0.2178	NaN	NaN	NaN	1025023.6586	1025024.0788	0.0000	1.0000	0.4747
25cj04	5	49	1	0	2.0000	0.0000	1.0000	NaN	1.3906	0.1133	15.2677	1025025.0804	1025025.3849	1.0000	1.0000	0.0062
25cj04	5	50	1	0	1.0000	0.0000	1.0000	0.3172	NaN	NaN	NaN	1025027.4010	1025027.8171	1.0000	1.0000	0.0804
25cj04	5	50	1	0	2.0000	0.0000	1.0000	NaN	3.9783	2.7215	13.8449	1025028.4309	1025028.7350	1.0000	1.0000	0.0061
25cj04	6	1	1	0	1.0000	0.0000	-1.0000	0.2631	NaN	NaN	NaN	1025036.2749	1025036.6864	0.0000	1.0000	0.5068
25cj04	6	1	1	0	2.0000	0.0000	1.0000	NaN	3.0501	4.5876	14.4899	1025037.7126	1025038.0168	1.0000	1.0000	0.1049
25cj04	6	2	1	0	1.0000	0.0000	-1.0000	0.0482	NaN	NaN	NaN	1025040.2686	1025040.6826	0.0000	1.0000	0.7660
25cj04	6	2	1	0	2.0000	0.0000	1.0000	NaN	5.1714	6.0649	15.0559	1025041.9701	1025042.2769	1.0000	1.0000	0.1012
25cj04	6	3	1	0	1.0000	0.0000	1.0000	0.1684	NaN	NaN	NaN	1025044.7412	1025045.1533	1.0000	1.0000	0.3449
25cj04	6	3	1	0	2.0000	0.0000	1.0000	NaN	2.2266	5.7227	15.2213	1025046.0167	1025046.3212	1.0000	1.0000	0.1682
25cj04	6	4	1	0	1.0000	0.0000	-1.0000	0.4130	NaN	NaN	NaN	1025048.4452	1025048.8660	0.0000	1.0000	0.1521
25cj04	6	4	1	0	2.0000	0.0000	1.0000	NaN	4.0140	3.4503	15.0894	1025049.5285	1025049.8306	1.0000	1.0000	0.2110
25cj04	6	5	1	0	1.0000	0.0000	-1.0000	0.2300	NaN	NaN	NaN	1025052.4588	1025052.8440	0.0000	1.0000	0.1886
25cj04	6	5	1	0	2.0000	0.0000	1.0000	NaN	0.0128	0.6059	15.4924	1025053.5452	1025053.8475	1.0000	1.0000	0.1617
25cj04	6	6	1	0	1.0000	0.0000	-1.0000	0.2877	NaN	NaN	NaN	1025056.1424	1025056.4942	0.0000	1.0000	0.1870
25cj04	6	6	1	0	2.0000	0.0000	1.0000	NaN	1.2037	1.8113	13.3852	1025057.1756	1025057.4779	1.0000	1.0000	0.2434
25cj04	6	7	1	0	1.0000	0.0000	-1.0000	0.1884	NaN	NaN	NaN	1025059.6130	1025059.9703	0.0000	1.0000	0.1503
25cj04	6	7	1	0	2.0000	0.0000	1.0000	NaN	2.5775	2.2147	15.2861	1025060.6151	1025060.9173	1.0000	1.0000	0.1632
25cj04	6	8	1	0	1.0000	0.0000	-1.0000	0.3981	NaN	NaN	NaN	1025063.2975	1025063.6534	0.0000	1.0000	0.1324
25cj04	6	8	1	0	2.0000	0.0000	1.0000	NaN	5.9415	6.7707	13.9052	1025064.2966	1025064.5989	1.0000	1.0000	0.0507
25cj04	6	9	1	0	1.0000	0.0000	1.0000	0.4082	NaN	NaN	NaN	1025067.1007	1025067.4573	1.0000	1.0000	0.2797
25cj04	6	9	1	0	2.0000	0.0000	1.0000	NaN	3.7573	5.7960	15.5383	1025068.2319	1025068.5341	1.0000	1.0000	1.9871
25cj04	6	10	1	0	1.0000	0.0000	-1.0000	0.2757	NaN	NaN	NaN	1025072.3655	1025072.7195	0.0000	1.0000	0.2171
25cj04	6	10	1	0	2.0000	0.0000	1.0000	NaN	1.9531	4.1610	14.4575	1025073.4152	1025073.7174	1.0000	1.0000	0.3091
25cj04	6	11	1	0	1.0000	0.0000	-1.0000	0.3262	NaN	NaN	NaN	1025076.0266	1025076.3791	0.0000	1.0000	0.1895
25cj04	6	11	1	0	2.0000	0.0000	1.0000	NaN	2.8809	1.7039	15.5464	1025077.0642	1025077.3664	1.0000	1.0000	0.1794
25cj04	6	12	1	0	1.0000	0.0000	-1.0000	0.2390	NaN	NaN	NaN	1025079.5124	1025079.8692	0.0000	1.0000	0.1720
25cj04	6	12	1	0	2.0000	0.0000	1.0000	NaN	0.2735	1.5228	14.3020	1025080.5518	1025080.8553	1.0000	1.0000	0.2747
25cj04	6	13	1	0	1.0000	0.0000	1.0000	0.0688	NaN	NaN	NaN	1025083.4804	1025083.8356	1.0000	1.0000	0.3009
25cj04	6	13	1	0	2.0000	0.0000	1.0000	NaN	1.8704	0.2908	16.1883	1025084.6479	1025084.9500	1.0000	1.0000	0.0061
25cj04	6	14	1	0	1.0000	0.0000	1.0000	0.3584	NaN	NaN	NaN	1025086.8993	1025087.2561	1.0000	1.0000	0.2725
25cj04	6	14	1	0	2.0000	0.0000	1.0000	NaN	1.4139	2.6708	14.3681	1025088.0074	1025088.3096	1.0000	1.0000	0.0061
25cj04	6	15	1	0	1.0000	0.0000	-1.0000	0.3561	NaN	NaN	NaN	1025090.7733	1025091.1239	0.0000	1.0000	0.1166
25cj04	6	15	1	0	2.0000	0.0000	1.0000	NaN	3.1128	1.7873	15.0309	1025091.7343	1025092.0379	1.0000	1.0000	0.0986
25cj04	6	16	1	0	1.0000	0.0000	-1.0000	0.3754	NaN	NaN	NaN	1025094.4976	1025094.8517	0.0000	1.0000	0.1820
25cj04	6	16	1	0	2.0000	0.0000	1.0000	NaN	3.6791	3.3507	15.5569	1025095.5451	1025095.8474	1.0000	1.0000	0.1786
25cj04	6	17	1	0	1.0000	0.0000	1.0000	0.0834	NaN	NaN	NaN	1025098.2264	1025098.6455	1.0000	1.0000	0.0675
25cj04	6	17	1	0	2.0000	0.0000	1.0000	NaN	3.9743	3.4271	16.2010	1025099.2171	1025099.5240	1.0000	1.0000	1.4606
25cj04	6	18	1	0	1.0000	0.0000	1.0000	0.1807	NaN	NaN	NaN	1025103.4321	1025103.8180	1.0000	1.0000	0.2549
25cj04	6	18	1	0	2.0000	0.0000	1.0000	NaN	2.8530	2.3139	13.9298	1025104.5830	1025104.8858	1.0000	1.0000	0.0061
25cj04	6	19	1	0	1.0000	0.0000	1.0000	0.2870	NaN	NaN	NaN	1025107.0245	1025107.3750	1.0000	1.0000	0.2815
25cj04	6	19	1	0	2.0000	0.0000	1.0000	NaN	1.4296	3.1387	15.4231	1025108.1374	1025108.4396	1.0000	1.0000	0.0061
25cj04	6	20	1	0	1.0000	0.0000	1.0000	0.1918	NaN	NaN	NaN	1025110.6370	1025110.9895	1.0000	1.0000	0.2350
25cj04	6	20	1	0	2.0000	0.0000	1.0000	NaN	1.4618	0.4094	13.4889	1025111.7204	1025112.0226	1.0000	1.0000	1.7619
25cj04	6	21	1	0	1.0000	0.0000	-1.0000	0.2690	NaN	NaN	NaN	1025116.0545	1025116.4059	0.0000	1.0000	0.2118
25cj04	6	21	1	0	2.0000	0.0000	1.0000	NaN	5.8457	4.1266	16.0484	1025117.1122	1025117.4145	1.0000	1.0000	0.0676
25cj04	6	22	1	0	1.0000	0.0000	-1.0000	0.3074	NaN	NaN	NaN	1025119.9323	1025120.2879	0.0000	1.0000	0.4256
25cj04	6	22	1	0	2.0000	0.0000	1.0000	NaN	0.7159	2.3588	13.6906	1025121.2235	1025121.5257	1.0000	1.0000	0.0508
25cj04	6	23	1	0	1.0000	0.0000	1.0000	0.3762	NaN	NaN	NaN	1025123.5207	1025123.8723	1.0000	1.0000	0.1372
25cj04	6	23	1	0	2.0000	0.0000	1.0000	NaN	1.2819	1.5263	14.4667	1025124.5041	1025124.8062	1.0000	1.0000	0.0503
25cj04	6	24	1	0	1.0000	0.0000	1.0000	0.0778	NaN	NaN	NaN	1025127.2170	1025127.5709	1.0000	1.0000	0.4381
25cj04	6	24	1	0	2.0000	0.0000	1.0000	NaN	0.1377	1.8663	14.6188	1025128.5387	1025128.8408	1.0000	1.0000	1.9843
25cj04	6	25	1	0	1.0000	0.0000	1.0000	0.3444	NaN	NaN	NaN	1025133.3023	1025133.6551	1.0000	1.0000	0.2744
25cj04	6	25	1	0	2.0000	0.0000	1.0000	NaN	1.1539	1.9983	15.2523	1025134.4396	1025134.7418	1.0000	1.0000	0.0673
25cj04	6	26	1	0	1.0000	0.0000	1.0000	0.0135	NaN	NaN	NaN	1025137.0776	1025137.4330	1.0000	1.0000	0.3040
25cj04	6	26	1	0	2.0000	0.0000	1.0000	NaN	5.0238	8.5871	14.9843	1025138.2468	1025138.5490	1.0000	1.0000	0.0841
25cj04	6	27	1	0	1.0000	0.0000	-1.0000	0.0944	NaN	NaN	NaN	1025140.8948	1025141.2492	0.0000	1.0000	1.0473
25cj04	6	27	1	0	2.0000	0.0000	1.0000	NaN	3.2651	0.7180	14.0868	1025142.7920	1025143.0941	1.0000	1.0000	1.4753
25cj04	6	28	1	0	1.0000	0.0000	-1.0000	0.3930	NaN	NaN	NaN	1025146.9255	1025147.3450	0.0000	1.0000	0.2315
25cj04	6	28	1	0	2.0000	0.0000	1.0000	NaN	3.9916	5.9764	14.8082	1025148.0825	1025148.3888	1.0000	1.0000	0.3246
25cj04	6	29	1	0	1.0000	0.0000	1.0000	0.0709	NaN	NaN	NaN	1025151.0428	1025151.4610	1.0000	1.0000	0.0835
25cj04	6	29	1	0	2.0000	0.0000	1.0000	NaN	3.2010	4.2906	16.0133	1025152.0657	1025152.3717	1.0000	1.0000	0.3267
25cj04	6	30	1	0	1.0000	0.0000	1.0000	0.2886	NaN	NaN	NaN	1025154.8513	1025155.2581	1.0000	1.0000	0.2228
25cj04	6	30	1	0	2.0000	0.0000	1.0000	NaN	3.9117	4.6549	14.9039	1025155.9768	1025156.2790	1.0000	1.0000	0.3855
25cj04	6	31	1	0	1.0000	0.0000	1.0000	0.3872	NaN	NaN	NaN	1025159.1911	1025159.5485	1.0000	1.0000	0.2360
25cj04	6	31	1	0	2.0000	0.0000	1.0000	NaN	3.7700	4.3054	14.6882	1025160.2959	1025160.5981	1.0000	1.0000	0.2904
25cj04	6	32	1	0	1.0000	0.0000	-1.0000	0.1766	NaN	NaN	NaN	1025163.0902	1025163.4416	0.0000	1.0000	0.3914
25cj04	6	32	1	0	2.0000	0.0000	1.0000	NaN	5.3426	7.4578	14.7479	1025164.3439	1025164.6461	1.0000	1.0000	0.3384
25cj04	6	33	1	0	1.0000	0.0000	1.0000	0.0038	NaN	NaN	NaN	1025167.1203	1025167.4718	0.0000	0.0000	0.6817
25cj04	6	33	1	0	2.0000	0.0000	-1.0000	NaN	3.3765	-1.6841	17.3997	1025168.6789	1025168.9811	1.0000	0.0000	0.4044
25cj04	6	34	1	0	1.0000	0.0000	1.0000	0.0405	NaN	NaN	NaN	1025172.0184	1025172.3698	1.0000	1.0000	0.4070
25cj04	6	34	1	0	2.0000	0.0000	1.0000	NaN	3.5733	3.1147	14.8936	1025173.2871	1025173.5893	1.0000	1.0000	0.0061
25cj04	6	35	1	0	1.0000	0.0000	1.0000	0.2628	NaN	NaN	NaN	1025176.0373	1025176.3881	1.0000	1.0000	0.2924
25cj04	6	35	1	0	2.0000	0.0000	1.0000	NaN	3.0699	4.3866	14.7719	1025177.1617	1025177.4638	1.0000	1.0000	0.3687
25cj04	6	36	1	0	1.0000	0.0000	-1.0000	0.2395	NaN	NaN	NaN	1025179.9675	1025180.3195	0.0000	1.0000	0.1539
25cj04	6	36	1	0	2.0000	0.0000	1.0000	NaN	3.4533	2.4768	15.7245	1025180.9845	1025181.2867	1.0000	1.0000	0.3225
25cj04	6	37	1	0	1.0000	0.0000	1.0000	0.1251	NaN	NaN	NaN	1025184.1015	1025184.4526	1.0000	1.0000	0.1804
25cj04	6	37	1	0	2.0000	0.0000	1.0000	NaN	5.2335	2.5639	15.2725	1025185.1431	1025185.4453	1.0000	1.0000	0.3072
25cj04	6	38	1	0	1.0000	0.0000	-1.0000	0.3537	NaN	NaN	NaN	1025187.5544	1025187.9065	0.0000	1.0000	0.2952
25cj04	6	38	1	0	2.0000	0.0000	1.0000	NaN	2.6563	2.4736	14.6585	1025188.7114	1025189.0137	1.0000	1.0000	0.2588
25cj04	6	39	1	0	1.0000	0.0000	1.0000	0.3041	NaN	NaN	NaN	1025191.8901	1025192.3088	1.0000	1.0000	0.0356
25cj04	6	39	1	0	2.0000	0.0000	1.0000	NaN	2.2728	3.6209	14.1478	1025192.8654	1025193.1698	1.0000	1.0000	0.2626
25cj04	6	40	1	0	1.0000	0.0000	1.0000	0.2292	NaN	NaN	NaN	1025196.0381	1025196.4592	1.0000	1.0000	0.0943
25cj04	6	40	1	0	2.0000	0.0000	1.0000	NaN	4.7391	5.7401	15.6663	1025197.0888	1025197.3937	1.0000	1.0000	0.1997
25cj04	6	41	1	0	1.0000	0.0000	1.0000	0.3982	NaN	NaN	NaN	1025199.9631	1025200.3866	1.0000	1.0000	0.1503
25cj04	6	41	1	0	2.0000	0.0000	1.0000	NaN	2.8708	3.9339	14.1256	1025201.0389	1025201.3434	1.0000	1.0000	0.2184
25cj04	6	42	1	0	1.0000	0.0000	-1.0000	0.1957	NaN	NaN	NaN	1025203.7968	1025204.1796	0.0000	1.0000	0.1338
25cj04	6	42	1	0	2.0000	0.0000	1.0000	NaN	1.7965	2.2440	15.3488	1025204.8239	1025205.1261	1.0000	1.0000	0.2423
25cj04	6	43	1	0	1.0000	0.0000	-1.0000	0.3996	NaN	NaN	NaN	1025207.7109	1025208.0668	0.0000	1.0000	0.2303
25cj04	6	43	1	0	2.0000	0.0000	1.0000	NaN	4.5582	3.7919	14.4653	1025208.7909	1025209.0930	1.0000	1.0000	0.1963
25cj04	6	44	1	0	1.0000	0.0000	1.0000	0.1161	NaN	NaN	NaN	1025211.4720	1025211.8292	1.0000	1.0000	0.5164
25cj04	6	44	1	0	2.0000	0.0000	1.0000	NaN	2.0179	1.9457	15.7209	1025212.8405	1025213.1426	1.0000	1.0000	0.0062
25cj04	6	45	1	0	1.0000	0.0000	1.0000	0.3693	NaN	NaN	NaN	1025215.4660	1025215.8176	1.0000	1.0000	0.2233
25cj04	6	45	1	0	2.0000	0.0000	1.0000	NaN	5.9823	5.1039	13.4376	1025216.5509	1025216.8529	1.0000	1.0000	0.2125
25cj04	6	46	1	0	1.0000	0.0000	1.0000	0.1893	NaN	NaN	NaN	1025219.1995	1025219.5508	1.0000	1.0000	1.3860
25cj04	6	46	1	0	2.0000	0.0000	1.0000	NaN	3.3829	2.6881	14.0766	1025221.4651	1025221.7673	0.0000	0.0000	0.1149
25cj04	6	47	1	0	1.0000	0.0000	-1.0000	0.2981	NaN	NaN	NaN	1025224.1747	1025224.5282	0.0000	1.0000	0.2482
25cj04	6	47	1	0	2.0000	0.0000	1.0000	NaN	0.3763	1.3462	14.9170	1025225.2882	1025225.5904	1.0000	1.0000	0.2273
25cj04	6	48	1	0	1.0000	0.0000	1.0000	0.4148	NaN	NaN	NaN	1025227.8842	1025228.2355	1.0000	1.0000	0.1740
25cj04	6	48	1	0	2.0000	0.0000	1.0000	NaN	4.0677	6.2246	15.7041	1025228.9050	1025229.2072	1.0000	1.0000	0.2418
25cj04	6	49	1	0	1.0000	0.0000	-1.0000	0.3629	NaN	NaN	NaN	1025231.7347	1025232.0855	0.0000	1.0000	0.1957
25cj04	6	49	1	0	2.0000	0.0000	1.0000	NaN	4.0559	1.7733	15.8305	1025232.7754	1025233.0776	1.0000	1.0000	0.3082
25cj04	6	50	1	0	1.0000	0.0000	1.0000	0.2851	NaN	NaN	NaN	1025235.5863	1025235.9379	1.0000	1.0000	0.1833
25cj04	6	50	1	0	2.0000	0.0000	1.0000	NaN	1.3462	0.7021	14.7430	1025236.6319	1025236.9341	1.0000	1.0000	0.2753
