37tj03	1	1	1	1	1.0000	1.0000	1.0000	NaN	3.5611	3.2030	15.4142	354205.2244	354205.5257	0.0000	0.0000	0.2540
37tj03	1	1	1	1	2.0000	1.0000	-1.0000	0.3748	NaN	NaN	NaN	354206.2987	354206.6249	0.0000	1.0000	0.1466
37tj03	1	2	1	1	1.0000	1.0000	-1.0000	NaN	3.1729	-1.7557	14.1399	354209.0248	354209.3259	1.0000	0.0000	0.8921
37tj03	1	2	1	1	2.0000	1.0000	-1.0000	0.1560	NaN	NaN	NaN	354210.7929	354211.1202	0.0000	1.0000	0.2589
37tj03	1	3	1	1	1.0000	1.0000	-1.0000	NaN	10.4330	-11.2056	13.5790	354213.7150	354214.0161	0.0000	1.0000	0.3449
37tj03	1	3	1	1	2.0000	1.0000	1.0000	0.1162	NaN	NaN	NaN	354214.9208	354215.2486	1.0000	1.0000	0.0987
37tj03	1	4	1	1	1.0000	1.0000	1.0000	NaN	6.5211	7.6718	14.7015	354217.2824	354217.5835	1.0000	1.0000	0.1961
37tj03	1	4	1	1	2.0000	1.0000	1.0000	0.2353	NaN	NaN	NaN	354218.3367	354218.6649	1.0000	1.0000	0.0007
37tj03	1	5	1	1	1.0000	1.0000	-1.0000	NaN	1.5073	-1.9349	15.4720	354220.9131	354221.2146	0.0000	1.0000	0.3799
37tj03	1	5	1	1	2.0000	1.0000	1.0000	0.3414	NaN	NaN	NaN	354222.1470	354222.4740	1.0000	1.0000	0.0894
37tj03	1	6	1	1	1.0000	1.0000	1.0000	NaN	1.8487	1.3011	15.9693	354224.9485	354225.2496	1.0000	1.0000	0.1850
37tj03	1	6	1	1	2.0000	1.0000	1.0000	0.4196	NaN	NaN	NaN	354225.9682	354226.2955	1.0000	1.0000	0.0008
37tj03	1	7	1	1	1.0000	1.0000	-1.0000	NaN	3.4522	-5.2773	16.6332	354228.2029	354228.5039	0.0000	1.0000	0.3238
37tj03	1	7	1	1	2.0000	1.0000	1.0000	0.0938	NaN	NaN	NaN	354229.4020	354229.7318	1.0000	1.0000	0.0007
37tj03	1	8	1	1	1.0000	1.0000	1.0000	NaN	8.1913	9.3435	15.7051	354232.0440	354232.3450	1.0000	1.0000	0.4418
37tj03	1	8	1	1	2.0000	1.0000	1.0000	0.1157	NaN	NaN	NaN	354233.3288	354233.6584	1.0000	1.0000	0.1508
37tj03	1	9	1	1	1.0000	1.0000	-1.0000	NaN	9.4798	-9.9740	15.2902	354235.7475	354236.0485	0.0000	1.0000	0.2648
37tj03	1	9	1	1	2.0000	1.0000	1.0000	0.3127	NaN	NaN	NaN	354236.8741	354237.2006	1.0000	1.0000	0.0007
37tj03	1	10	1	1	1.0000	1.0000	-1.0000	NaN	7.0370	-8.3804	14.9631	354239.4392	354239.7401	0.0000	1.0000	0.3269
37tj03	1	10	1	1	2.0000	1.0000	1.0000	0.1103	NaN	NaN	NaN	354240.5850	354240.9128	1.0000	1.0000	0.0008
37tj03	1	11	1	1	1.0000	1.0000	-1.0000	NaN	1.8982	-2.5023	15.0366	354243.0526	354243.3536	0.0000	1.0000	0.2797
37tj03	1	11	1	1	2.0000	1.0000	1.0000	0.3634	NaN	NaN	NaN	354244.1790	354244.5088	1.0000	1.0000	0.0060
37tj03	1	12	1	1	1.0000	1.0000	1.0000	NaN	8.2478	8.2806	15.3077	354247.1764	354247.4777	1.0000	1.0000	0.2372
37tj03	1	12	1	1	2.0000	1.0000	1.0000	0.2103	NaN	NaN	NaN	354248.2734	354248.5999	1.0000	1.0000	0.0007
37tj03	1	13	1	1	1.0000	1.0000	1.0000	NaN	2.4990	4.3922	15.0963	354250.6243	354250.9254	1.0000	1.0000	0.2052
37tj03	1	13	1	1	2.0000	1.0000	1.0000	0.0160	NaN	NaN	NaN	354251.6819	354252.0103	1.0000	1.0000	0.2629
37tj03	1	14	1	1	1.0000	1.0000	-1.0000	NaN	4.8058	-4.6292	14.7448	354254.5527	354254.8538	0.0000	1.0000	0.2615
37tj03	1	14	1	1	2.0000	1.0000	1.0000	0.1867	NaN	NaN	NaN	354255.6650	354255.9917	1.0000	1.0000	0.2815
37tj03	1	15	1	1	1.0000	1.0000	1.0000	NaN	6.6468	7.1659	13.7454	354258.3525	354258.6535	1.0000	1.0000	0.2054
37tj03	1	15	1	1	2.0000	1.0000	1.0000	0.1455	NaN	NaN	NaN	354259.4260	354259.7547	1.0000	1.0000	0.0007
37tj03	1	16	1	1	1.0000	1.0000	1.0000	NaN	7.4278	5.1883	13.8530	354262.2180	354262.5190	1.0000	1.0000	0.1222
37tj03	1	16	1	1	2.0000	1.0000	1.0000	0.3819	NaN	NaN	NaN	354263.1945	354263.5229	1.0000	1.0000	0.0169
37tj03	1	17	1	1	1.0000	1.0000	-1.0000	NaN	4.2095	-6.0474	14.5163	354265.5596	354265.8606	0.0000	1.0000	0.3744
37tj03	1	17	1	1	2.0000	1.0000	1.0000	0.1939	NaN	NaN	NaN	354266.7844	354267.1117	1.0000	1.0000	0.0115
37tj03	1	18	1	1	1.0000	1.0000	1.0000	NaN	2.0680	0.5937	13.1729	354269.4757	354269.7766	1.0000	1.0000	0.1527
37tj03	1	18	1	1	2.0000	1.0000	1.0000	0.4035	NaN	NaN	NaN	354270.4808	354270.8093	1.0000	1.0000	0.0007
37tj03	1	19	1	1	1.0000	1.0000	-1.0000	NaN	0.0475	-0.0004	17.5339	354273.1845	354273.4854	1.0000	0.0000	0.5734
37tj03	1	19	1	1	2.0000	1.0000	-1.0000	0.0694	NaN	NaN	NaN	354274.5859	354274.9128	1.0000	0.0000	0.0663
37tj03	1	20	1	1	1.0000	1.0000	-1.0000	NaN	9.6338	-9.6434	16.0453	354277.1573	354277.4583	0.0000	1.0000	0.1997
37tj03	1	20	1	1	2.0000	1.0000	1.0000	0.4842	NaN	NaN	NaN	354278.1773	354278.5059	1.0000	1.0000	0.1609
37tj03	1	21	1	1	1.0000	1.0000	1.0000	NaN	0.9534	3.5528	14.1826	354281.2045	354281.5057	1.0000	1.0000	0.2474
37tj03	1	21	1	1	2.0000	1.0000	1.0000	0.0318	NaN	NaN	NaN	354282.2897	354282.6182	1.0000	1.0000	0.0007
37tj03	1	22	1	1	1.0000	1.0000	1.0000	NaN	4.5941	5.0706	15.7679	354285.0404	354285.3414	1.0000	1.0000	0.1579
37tj03	1	22	1	1	2.0000	1.0000	1.0000	0.3732	NaN	NaN	NaN	354286.0412	354286.3705	1.0000	1.0000	0.2011
37tj03	1	23	1	1	1.0000	1.0000	1.0000	NaN	1.5116	2.5036	14.9220	354288.9137	354289.2147	1.0000	1.0000	0.2843
37tj03	1	23	1	1	2.0000	1.0000	1.0000	0.4557	NaN	NaN	NaN	354290.0729	354290.4002	1.0000	1.0000	0.0006
37tj03	1	24	1	1	1.0000	1.0000	1.0000	NaN	3.9181	3.2743	16.2130	354292.4813	354292.7822	0.0000	0.0000	0.1710
37tj03	1	24	1	1	2.0000	1.0000	-1.0000	0.2686	NaN	NaN	NaN	354293.4826	354293.8090	1.0000	0.0000	0.0006
37tj03	1	25	1	1	1.0000	1.0000	1.0000	NaN	4.3258	4.5687	15.0789	354296.2053	354296.5065	0.0000	0.0000	0.2323
37tj03	1	25	1	1	2.0000	1.0000	-1.0000	0.4614	NaN	NaN	NaN	354297.2817	354297.6106	0.0000	1.0000	0.0808
37tj03	1	26	1	1	1.0000	1.0000	1.0000	NaN	5.0481	4.0673	15.1598	354300.0769	354300.3779	1.0000	1.0000	0.1462
37tj03	1	26	1	1	2.0000	1.0000	1.0000	0.0941	NaN	NaN	NaN	354301.0665	354301.3940	1.0000	1.0000	0.0007
37tj03	1	27	1	1	1.0000	1.0000	1.0000	NaN	3.0837	4.2063	15.3205	354303.2217	354303.5229	1.0000	1.0000	0.2784
37tj03	1	27	1	1	2.0000	1.0000	1.0000	0.5083	NaN	NaN	NaN	354304.4091	354304.7367	1.0000	1.0000	0.1129
37tj03	1	28	1	1	1.0000	1.0000	1.0000	NaN	9.5852	9.6519	14.4887	354307.1431	354307.4441	1.0000	1.0000	0.1492
37tj03	1	28	1	1	2.0000	1.0000	1.0000	0.3436	NaN	NaN	NaN	354308.1292	354308.4584	1.0000	1.0000	0.0007
37tj03	1	29	1	1	1.0000	1.0000	-1.0000	NaN	0.2351	-0.7385	14.7212	354310.5720	354310.8734	1.0000	0.0000	0.1294
37tj03	1	29	1	1	2.0000	1.0000	-1.0000	0.4200	NaN	NaN	NaN	354311.5702	354311.9007	0.0000	1.0000	0.0526
37tj03	1	30	1	1	1.0000	1.0000	-1.0000	NaN	5.6388	-7.6053	14.9456	354313.9588	354314.2598	0.0000	1.0000	0.2471
37tj03	1	30	1	1	2.0000	1.0000	1.0000	0.2365	NaN	NaN	NaN	354315.0169	354315.3446	1.0000	1.0000	0.0993
37tj03	1	31	1	1	1.0000	1.0000	-1.0000	NaN	1.3447	-2.7933	14.2872	354317.4766	354317.7777	0.0000	1.0000	0.7037
37tj03	1	31	1	1	2.0000	1.0000	1.0000	0.3043	NaN	NaN	NaN	354319.0409	354319.3701	1.0000	1.0000	0.1289
37tj03	1	32	1	1	1.0000	1.0000	-1.0000	NaN	0.5324	-0.0691	14.3309	354321.8408	354322.1418	1.0000	0.0000	0.1253
37tj03	1	32	1	1	2.0000	1.0000	-1.0000	0.3704	NaN	NaN	NaN	354322.8328	354323.1619	0.0000	1.0000	0.0814
37tj03	1	33	1	1	1.0000	1.0000	-1.0000	NaN	0.6018	-4.2498	14.6864	354325.3389	354325.6399	0.0000	1.0000	0.2587
37tj03	1	33	1	1	2.0000	1.0000	1.0000	0.3073	NaN	NaN	NaN	354326.4488	354326.7774	1.0000	1.0000	0.0565
37tj03	1	34	1	1	1.0000	1.0000	1.0000	NaN	6.9640	5.9992	13.9131	354329.0783	354329.3793	1.0000	1.0000	0.2075
37tj03	1	34	1	1	2.0000	1.0000	1.0000	0.1485	NaN	NaN	NaN	354330.1452	354330.4792	1.0000	1.0000	0.0513
37tj03	1	35	1	1	1.0000	1.0000	-1.0000	NaN	0.1423	-1.2541	15.3794	354332.6269	354332.9281	0.0000	1.0000	0.3232
37tj03	1	35	1	1	2.0000	1.0000	1.0000	0.1567	NaN	NaN	NaN	354333.8012	354334.1288	1.0000	1.0000	0.2433
37tj03	1	36	1	1	1.0000	1.0000	-1.0000	NaN	2.6047	-1.6442	13.9762	354336.7383	354337.0394	1.0000	0.0000	0.1247
37tj03	1	36	1	1	2.0000	1.0000	-1.0000	0.0353	NaN	NaN	NaN	354337.7289	354338.0561	0.0000	1.0000	0.3069
37tj03	1	37	1	1	1.0000	1.0000	1.0000	NaN	4.4911	5.1827	13.1016	354340.9094	354341.2105	1.0000	1.0000	0.1591
37tj03	1	37	1	1	2.0000	1.0000	1.0000	0.0742	NaN	NaN	NaN	354341.9453	354342.2737	1.0000	1.0000	0.0578
37tj03	1	38	1	1	1.0000	1.0000	1.0000	NaN	4.4458	6.0187	14.9759	354344.6496	354344.9509	1.0000	1.0000	0.1400
37tj03	1	38	1	1	2.0000	1.0000	1.0000	0.3241	NaN	NaN	NaN	354345.6411	354345.9687	1.0000	1.0000	0.0009
37tj03	1	39	1	1	1.0000	1.0000	-1.0000	NaN	4.8761	-3.1372	15.1912	354348.4215	354348.7225	0.0000	1.0000	0.3049
37tj03	1	39	1	1	2.0000	1.0000	1.0000	0.4968	NaN	NaN	NaN	354349.6009	354349.9275	1.0000	1.0000	0.0186
37tj03	1	40	1	1	1.0000	1.0000	-1.0000	NaN	10.1672	-10.5800	14.2477	354352.0487	354352.3498	1.0000	0.0000	0.0696
37tj03	1	40	1	1	2.0000	1.0000	-1.0000	0.5025	NaN	NaN	NaN	354352.9604	354353.2878	0.0000	1.0000	0.1158
37tj03	1	41	1	1	1.0000	1.0000	-1.0000	NaN	1.9254	-1.8903	15.3169	354355.9322	354356.2332	0.0000	1.0000	0.1776
37tj03	1	41	1	1	2.0000	1.0000	1.0000	0.4840	NaN	NaN	NaN	354356.9376	354357.2715	1.0000	1.0000	0.1082
37tj03	1	42	1	1	1.0000	1.0000	1.0000	NaN	0.0294	0.3285	15.4175	354359.8059	354360.1069	0.0000	0.0000	0.3205
37tj03	1	42	1	1	2.0000	1.0000	-1.0000	0.1578	NaN	NaN	NaN	354360.9530	354361.2795	0.0000	1.0000	0.0903
37tj03	1	43	1	1	1.0000	1.0000	1.0000	NaN	0.4494	1.2540	13.2488	354363.4605	354363.7617	1.0000	1.0000	0.2636
37tj03	1	43	1	1	2.0000	1.0000	1.0000	0.4057	NaN	NaN	NaN	354364.5934	354364.9211	1.0000	1.0000	0.0574
37tj03	1	44	1	1	1.0000	1.0000	1.0000	NaN	0.3082	1.1596	14.7577	354367.1311	354367.4324	0.0000	0.0000	0.2435
37tj03	1	44	1	1	2.0000	1.0000	-1.0000	0.3923	NaN	NaN	NaN	354368.2256	354368.5578	0.0000	1.0000	0.0114
37tj03	1	45	1	1	1.0000	1.0000	-1.0000	NaN	9.1157	-9.6821	13.9522	354370.8414	354371.1423	0.0000	1.0000	0.3550
37tj03	1	45	1	1	2.0000	1.0000	1.0000	0.5010	NaN	NaN	NaN	354372.0730	354372.3992	1.0000	1.0000	0.1542
37tj03	1	46	1	1	1.0000	1.0000	-1.0000	NaN	10.1872	-10.2080	15.0899	354374.8976	354375.1986	0.0000	1.0000	0.1808
37tj03	1	46	1	1	2.0000	1.0000	1.0000	0.4059	NaN	NaN	NaN	354375.9120	354376.2420	1.0000	1.0000	0.0010
37tj03	1	47	1	1	1.0000	1.0000	1.0000	NaN	6.4020	5.0583	13.8671	354378.6691	354378.9703	1.0000	1.0000	0.2956
37tj03	1	47	1	1	2.0000	1.0000	1.0000	0.3981	NaN	NaN	NaN	354379.8575	354380.1852	1.0000	1.0000	0.0488
37tj03	1	48	1	1	1.0000	1.0000	-1.0000	NaN	1.8962	-2.9427	14.2974	354382.5510	354382.8520	0.0000	1.0000	0.3745
37tj03	1	48	1	1	2.0000	1.0000	1.0000	0.1941	NaN	NaN	NaN	354383.7608	354384.0889	1.0000	1.0000	0.0404
37tj03	1	49	1	1	1.0000	1.0000	1.0000	NaN	0.7861	3.4886	13.7568	354386.3173	354386.6183	1.0000	1.0000	0.1929
37tj03	1	49	1	1	2.0000	1.0000	1.0000	0.3024	NaN	NaN	NaN	354387.3771	354387.7073	1.0000	1.0000	0.0558
37tj03	1	50	1	1	1.0000	1.0000	-1.0000	NaN	4.8077	-6.1733	16.1823	354390.3058	354390.6070	0.0000	1.0000	0.2999
37tj03	1	50	1	1	2.0000	1.0000	1.0000	0.0514	NaN	NaN	NaN	354391.4410	354391.7698	1.0000	1.0000	0.1915
37tj03	2	1	1	1	1.0000	1.0000	-1.0000	NaN	6.3766	-6.6570	14.6665	354414.8756	354415.1768	0.0000	1.0000	0.3386
37tj03	2	1	1	1	2.0000	1.0000	1.0000	0.4634	NaN	NaN	NaN	354416.0414	354416.3722	1.0000	1.0000	0.0007
37tj03	2	2	1	1	1.0000	1.0000	-1.0000	NaN	6.0175	-4.9319	14.2705	354418.4478	354418.7487	0.0000	1.0000	0.1646
37tj03	2	2	1	1	2.0000	1.0000	1.0000	0.2210	NaN	NaN	NaN	354419.4493	354419.7757	1.0000	1.0000	0.1075
37tj03	2	3	1	1	1.0000	1.0000	1.0000	NaN	1.6039	1.3547	16.1770	354422.4613	354422.7624	1.0000	1.0000	0.1910
37tj03	2	3	1	1	2.0000	1.0000	1.0000	0.0365	NaN	NaN	NaN	354423.5293	354423.8568	1.0000	1.0000	0.0967
37tj03	2	4	1	1	1.0000	1.0000	1.0000	NaN	6.4061	7.7954	14.7625	354426.2488	354426.5498	1.0000	1.0000	0.2036
37tj03	2	4	1	1	2.0000	1.0000	1.0000	0.3866	NaN	NaN	NaN	354427.3305	354427.6584	1.0000	1.0000	0.0168
37tj03	2	5	1	1	1.0000	1.0000	1.0000	NaN	6.0601	6.2774	14.1414	354429.8771	354430.1781	1.0000	1.0000	0.1687
37tj03	2	5	1	1	2.0000	1.0000	1.0000	0.3870	NaN	NaN	NaN	354430.8972	354431.2255	1.0000	1.0000	0.0159
37tj03	2	6	1	1	1.0000	1.0000	-1.0000	NaN	5.2867	-5.0768	15.9046	354433.5458	354433.8468	1.0000	0.0000	0.3648
37tj03	2	6	1	1	2.0000	1.0000	-1.0000	0.0956	NaN	NaN	NaN	354434.7774	354435.1077	0.0000	1.0000	0.0554
37tj03	2	7	1	1	1.0000	1.0000	-1.0000	NaN	4.8218	-4.5794	13.7763	354437.1411	354437.4422	0.0000	1.0000	0.1352
37tj03	2	7	1	1	2.0000	1.0000	1.0000	0.0923	NaN	NaN	NaN	354438.1144	354438.4437	0.0000	0.0000	0.1175
37tj03	2	8	1	1	1.0000	1.0000	-1.0000	NaN	1.0254	-1.1250	14.3259	354440.9757	354441.2767	1.0000	0.0000	0.1907
37tj03	2	8	1	1	2.0000	1.0000	-1.0000	0.2199	NaN	NaN	NaN	354442.0502	354442.3779	1.0000	0.0000	0.0234
37tj03	2	9	1	1	1.0000	1.0000	1.0000	NaN	6.7983	8.9936	14.6472	354445.1194	354445.4205	1.0000	1.0000	0.1969
37tj03	2	9	1	1	2.0000	1.0000	1.0000	0.3622	NaN	NaN	NaN	354446.1692	354446.4967	1.0000	1.0000	0.0824
37tj03	2	10	1	1	1.0000	1.0000	1.0000	NaN	10.0262	8.9036	15.7675	354449.2621	354449.5632	1.0000	1.0000	0.1437
37tj03	2	10	1	1	2.0000	1.0000	1.0000	0.0167	NaN	NaN	NaN	354450.2656	354450.5944	0.0000	0.0000	0.1682
37tj03	2	11	1	1	1.0000	1.0000	-1.0000	NaN	10.5470	-10.6014	14.6702	354452.9164	354453.2175	0.0000	1.0000	0.3461
37tj03	2	11	1	1	2.0000	1.0000	1.0000	0.4122	NaN	NaN	NaN	354454.1209	354454.4476	1.0000	1.0000	0.0836
37tj03	2	12	1	1	1.0000	1.0000	-1.0000	NaN	8.2874	-7.2555	16.0306	354457.0059	354457.3071	0.0000	1.0000	0.1515
37tj03	2	12	1	1	2.0000	1.0000	1.0000	0.2513	NaN	NaN	NaN	354457.9852	354458.3136	1.0000	1.0000	0.0075
37tj03	2	13	1	1	1.0000	1.0000	-1.0000	NaN	5.9648	-4.8962	14.4605	354460.9559	354461.2568	0.0000	1.0000	0.1765
37tj03	2	13	1	1	2.0000	1.0000	1.0000	0.0878	NaN	NaN	NaN	354461.9530	354462.2800	1.0000	1.0000	0.0174
37tj03	2	14	1	1	1.0000	1.0000	1.0000	NaN	7.2595	6.5024	14.9589	354464.5267	354464.8277	1.0000	1.0000	0.1669
37tj03	2	14	1	1	2.0000	1.0000	1.0000	0.2699	NaN	NaN	NaN	354465.5782	354465.9049	1.0000	1.0000	0.0007
37tj03	2	15	1	1	1.0000	1.0000	1.0000	NaN	9.4140	9.0534	15.6406	354468.1002	354468.4014	1.0000	1.0000	0.1613
37tj03	2	15	1	1	2.0000	1.0000	1.0000	0.1768	NaN	NaN	NaN	354469.1530	354469.4813	1.0000	1.0000	0.0187
37tj03	2	16	1	1	1.0000	1.0000	-1.0000	NaN	9.9104	-9.8334	15.7221	354471.7167	354472.0177	0.0000	1.0000	0.1851
37tj03	2	16	1	1	2.0000	1.0000	1.0000	0.2819	NaN	NaN	NaN	354472.7541	354473.0816	1.0000	1.0000	0.0076
37tj03	2	17	1	1	1.0000	1.0000	1.0000	NaN	8.7984	10.2418	13.6017	354475.0756	354475.3769	1.0000	1.0000	0.1379
37tj03	2	17	1	1	2.0000	1.0000	1.0000	0.2558	NaN	NaN	NaN	354476.0661	354476.3942	1.0000	1.0000	0.0170
37tj03	2	18	1	1	1.0000	1.0000	1.0000	NaN	3.2900	2.2893	15.8426	354478.3452	354478.6464	1.0000	1.0000	0.1389
37tj03	2	18	1	1	2.0000	1.0000	1.0000	0.1291	NaN	NaN	NaN	354479.3372	354479.6645	1.0000	1.0000	0.0007
37tj03	2	19	1	1	1.0000	1.0000	1.0000	NaN	7.1629	7.9265	14.5715	354481.6127	354481.9137	1.0000	1.0000	0.0657
37tj03	2	19	1	1	2.0000	1.0000	1.0000	0.0131	NaN	NaN	NaN	354482.5369	354482.8646	1.0000	1.0000	0.0328
37tj03	2	20	1	1	1.0000	1.0000	1.0000	NaN	7.6703	7.7584	14.9449	354485.2835	354485.5846	1.0000	1.0000	0.1366
37tj03	2	20	1	1	2.0000	1.0000	1.0000	0.0729	NaN	NaN	NaN	354486.3059	354486.6338	1.0000	1.0000	0.0008
37tj03	2	21	1	1	1.0000	1.0000	-1.0000	NaN	3.0448	-2.7840	13.3603	354489.2881	354489.5891	0.0000	1.0000	0.2121
37tj03	2	21	1	1	2.0000	1.0000	1.0000	0.2815	NaN	NaN	NaN	354490.3296	354490.6579	1.0000	1.0000	0.1515
37tj03	2	22	1	1	1.0000	1.0000	1.0000	NaN	5.2613	5.6742	16.4727	354492.8901	354493.1911	1.0000	1.0000	0.1324
37tj03	2	22	1	1	2.0000	1.0000	1.0000	0.0455	NaN	NaN	NaN	354493.8894	354494.2184	1.0000	1.0000	0.0149
37tj03	2	23	1	1	1.0000	1.0000	-1.0000	NaN	7.3270	-6.5964	16.2260	354496.8126	354497.1136	0.0000	1.0000	0.2005
37tj03	2	23	1	1	2.0000	1.0000	1.0000	0.3081	NaN	NaN	NaN	354497.8731	354498.2017	1.0000	1.0000	0.0335
37tj03	2	24	1	1	1.0000	1.0000	-1.0000	NaN	0.6535	-0.1008	13.2380	354500.3614	354500.6626	0.0000	1.0000	0.1967
37tj03	2	24	1	1	2.0000	1.0000	1.0000	0.5097	NaN	NaN	NaN	354501.3950	354501.7240	1.0000	1.0000	0.0007
37tj03	2	25	1	1	1.0000	1.0000	1.0000	NaN	10.1506	9.7181	14.7998	354503.7004	354504.0016	1.0000	1.0000	0.0978
37tj03	2	25	1	1	2.0000	1.0000	1.0000	0.3998	NaN	NaN	NaN	354504.6333	354504.9616	1.0000	1.0000	0.0008
37tj03	2	26	1	1	1.0000	1.0000	1.0000	NaN	0.3012	1.4825	15.3286	354507.2270	354507.5284	1.0000	1.0000	0.1368
37tj03	2	26	1	1	2.0000	1.0000	1.0000	0.4013	NaN	NaN	NaN	354508.2099	354508.5368	1.0000	1.0000	0.0105
37tj03	2	27	1	1	1.0000	1.0000	1.0000	NaN	3.3915	2.4051	14.5109	354511.1076	354511.4088	1.0000	1.0000	0.0507
37tj03	2	27	1	1	2.0000	1.0000	1.0000	0.5039	NaN	NaN	NaN	354512.0085	354512.3356	1.0000	1.0000	0.0919
37tj03	2	28	1	1	1.0000	1.0000	1.0000	NaN	0.9745	2.4663	14.4553	354514.8374	354515.1384	1.0000	1.0000	0.0628
37tj03	2	28	1	1	2.0000	1.0000	1.0000	0.4062	NaN	NaN	NaN	354515.7697	354516.0978	1.0000	1.0000	0.0007
37tj03	2	29	1	1	1.0000	1.0000	1.0000	NaN	5.8706	6.1290	14.1287	354518.1110	354518.4121	1.0000	1.0000	0.1509
37tj03	2	29	1	1	2.0000	1.0000	1.0000	0.1600	NaN	NaN	NaN	354519.1136	354519.4413	1.0000	1.0000	0.0008
37tj03	2	30	1	1	1.0000	1.0000	1.0000	NaN	3.9572	4.8940	13.7216	354521.6124	354521.9133	1.0000	1.0000	0.0971
37tj03	2	30	1	1	2.0000	1.0000	1.0000	0.1322	NaN	NaN	NaN	354522.5692	354522.8981	1.0000	1.0000	0.0007
37tj03	2	31	1	1	1.0000	1.0000	-1.0000	NaN	4.7405	-4.8834	15.0266	354525.3865	354525.6881	1.0000	0.0000	0.1136
37tj03	2	31	1	1	2.0000	1.0000	-1.0000	0.3687	NaN	NaN	NaN	354526.3532	354526.6810	0.0000	1.0000	0.2497
37tj03	2	32	1	1	1.0000	1.0000	-1.0000	NaN	1.7012	-3.4107	14.8901	354529.0271	354529.3283	0.0000	1.0000	0.2432
37tj03	2	32	1	1	2.0000	1.0000	1.0000	0.0163	NaN	NaN	NaN	354530.1212	354530.4498	1.0000	1.0000	0.1116
37tj03	2	33	1	1	1.0000	1.0000	-1.0000	NaN	3.2874	-2.5754	14.3936	354532.5090	354532.8100	0.0000	1.0000	0.2714
37tj03	2	33	1	1	2.0000	1.0000	1.0000	0.0739	NaN	NaN	NaN	354533.6256	354533.9541	1.0000	1.0000	0.0893
37tj03	2	34	1	1	1.0000	1.0000	1.0000	NaN	4.1668	1.9618	15.6139	354536.4212	354536.7222	0.0000	0.0000	0.2095
37tj03	2	34	1	1	2.0000	1.0000	-1.0000	0.1986	NaN	NaN	NaN	354537.4492	354537.7766	0.0000	1.0000	0.2021
37tj03	2	35	1	1	1.0000	1.0000	1.0000	NaN	6.3936	6.3913	15.4068	354540.0978	354540.3989	1.0000	1.0000	0.2600
37tj03	2	35	1	1	2.0000	1.0000	1.0000	0.1296	NaN	NaN	NaN	354541.2332	354541.5610	1.0000	1.0000	0.1130
37tj03	2	36	1	1	1.0000	1.0000	-1.0000	NaN	8.6467	-9.1784	15.4712	354543.8674	354544.1684	0.0000	1.0000	0.2828
37tj03	2	36	1	1	2.0000	1.0000	1.0000	0.4583	NaN	NaN	NaN	354545.0011	354545.3277	1.0000	1.0000	0.0440
37tj03	2	37	1	1	1.0000	1.0000	1.0000	NaN	3.7975	4.1716	14.9451	354547.8840	354548.1849	1.0000	1.0000	0.3303
37tj03	2	37	1	1	2.0000	1.0000	1.0000	0.2329	NaN	NaN	NaN	354549.0972	354549.4252	1.0000	1.0000	0.1440
37tj03	2	38	1	1	1.0000	1.0000	1.0000	NaN	0.7360	0.8043	16.4391	354552.1403	354552.4420	1.0000	1.0000	0.1694
37tj03	2	38	1	1	2.0000	1.0000	1.0000	0.1108	NaN	NaN	NaN	354553.1770	354553.5045	1.0000	1.0000	0.1223
37tj03	2	39	1	1	1.0000	1.0000	1.0000	NaN	4.8043	4.0993	14.7205	354555.7622	354556.0633	1.0000	1.0000	0.3232
37tj03	2	39	1	1	2.0000	1.0000	1.0000	0.1784	NaN	NaN	NaN	354556.9695	354557.2961	1.0000	1.0000	0.0351
37tj03	2	40	1	1	1.0000	1.0000	-1.0000	NaN	9.0635	-9.6193	15.4507	354559.6574	354559.9584	0.0000	1.0000	0.2278
37tj03	2	40	1	1	2.0000	1.0000	1.0000	0.0311	NaN	NaN	NaN	354560.7219	354561.0490	1.0000	1.0000	0.0006
37tj03	2	41	1	1	1.0000	1.0000	-1.0000	NaN	3.5119	-1.0958	14.3464	354563.3799	354563.6810	1.0000	0.0000	0.4104
37tj03	2	41	1	1	2.0000	1.0000	-1.0000	0.1969	NaN	NaN	NaN	354564.6728	354565.0005	0.0000	1.0000	0.2670
37tj03	2	42	1	1	1.0000	1.0000	1.0000	NaN	0.5914	1.5107	13.9698	354567.8115	354568.1125	1.0000	1.0000	0.3928
37tj03	2	42	1	1	2.0000	1.0000	1.0000	0.0384	NaN	NaN	NaN	354569.0806	354569.4084	1.0000	1.0000	0.0038
37tj03	2	43	1	1	1.0000	1.0000	-1.0000	NaN	0.8000	-1.2868	15.4911	354572.1039	354572.4049	0.0000	1.0000	0.2450
37tj03	2	43	1	1	2.0000	1.0000	1.0000	0.1174	NaN	NaN	NaN	354573.1525	354573.4785	1.0000	1.0000	0.0349
37tj03	2	44	1	1	1.0000	1.0000	1.0000	NaN	1.9869	0.7133	15.2828	354575.4851	354575.7861	0.0000	0.0000	0.2173
37tj03	2	44	1	1	2.0000	1.0000	-1.0000	0.0981	NaN	NaN	NaN	354576.5532	354576.8805	1.0000	0.0000	0.1233
37tj03	2	45	1	1	1.0000	1.0000	1.0000	NaN	3.3387	1.9640	13.3624	354579.4215	354579.7225	0.0000	0.0000	0.2079
37tj03	2	45	1	1	2.0000	1.0000	-1.0000	0.1576	NaN	NaN	NaN	354580.4573	354580.7858	0.0000	1.0000	0.1514
37tj03	2	46	1	1	1.0000	1.0000	1.0000	NaN	4.2857	5.5567	15.1344	354583.0024	354583.3038	1.0000	1.0000	0.2814
37tj03	2	46	1	1	2.0000	1.0000	1.0000	0.4310	NaN	NaN	NaN	354584.1688	354584.4955	1.0000	1.0000	0.1080
37tj03	2	47	1	1	1.0000	1.0000	-1.0000	NaN	2.1942	-1.4202	12.9892	354586.9867	354587.2879	1.0000	0.0000	0.3054
37tj03	2	47	1	1	2.0000	1.0000	-1.0000	0.5133	NaN	NaN	NaN	354588.1852	354588.5151	0.0000	1.0000	0.0879
37tj03	2	48	1	1	1.0000	1.0000	-1.0000	NaN	1.8634	-1.3824	14.8056	354590.9994	354591.3004	0.0000	1.0000	0.2144
37tj03	2	48	1	1	2.0000	1.0000	1.0000	0.0052	NaN	NaN	NaN	354592.0498	354592.3766	0.0000	0.0000	0.2907
37tj03	2	49	1	1	1.0000	1.0000	1.0000	NaN	5.4344	5.4301	14.9854	354594.8116	354595.1127	0.0000	0.0000	0.2582
37tj03	2	49	1	1	2.0000	1.0000	-1.0000	0.1302	NaN	NaN	NaN	354595.9211	354596.2494	0.0000	1.0000	0.0009
37tj03	2	50	1	1	1.0000	1.0000	1.0000	NaN	5.7953	6.0550	14.6037	354598.7286	354599.0298	1.0000	1.0000	0.1636
37tj03	2	50	1	1	2.0000	1.0000	1.0000	0.1481	NaN	NaN	NaN	354599.7692	354600.0975	1.0000	1.0000	0.0578
37tj03	3	1	1	1	1.0000	1.0000	1.0000	NaN	2.8841	2.6944	14.7224	354608.1935	354608.4945	1.0000	1.0000	0.2450
37tj03	3	1	1	1	2.0000	1.0000	1.0000	0.1072	NaN	NaN	NaN	354609.3055	354609.6325	1.0000	1.0000	0.0832
37tj03	3	2	1	1	1.0000	1.0000	-1.0000	NaN	4.8924	-5.9523	15.4748	354611.6999	354612.0013	0.0000	1.0000	0.2349
37tj03	3	2	1	1	2.0000	1.0000	1.0000	0.0738	NaN	NaN	NaN	354612.7931	354613.1205	1.0000	1.0000	0.0007
37tj03	3	3	1	1	1.0000	1.0000	-1.0000	NaN	6.2932	-5.9274	13.9061	354615.4113	354615.7123	0.0000	1.0000	0.2251
37tj03	3	3	1	1	2.0000	1.0000	1.0000	0.0248	NaN	NaN	NaN	354616.4501	354616.7763	0.0000	0.0000	0.2267
37tj03	3	4	1	1	1.0000	1.0000	-1.0000	NaN	5.9135	-7.0192	14.7942	354619.2384	354619.5394	0.0000	1.0000	0.4484
37tj03	3	4	1	1	2.0000	1.0000	1.0000	0.1789	NaN	NaN	NaN	354620.5847	354620.9134	1.0000	1.0000	0.0652
37tj03	3	5	1	1	1.0000	1.0000	-1.0000	NaN	3.8998	-5.6983	14.1488	354622.9894	354623.2911	0.0000	1.0000	0.1840
37tj03	3	5	1	1	2.0000	1.0000	1.0000	0.4874	NaN	NaN	NaN	354624.0173	354624.3436	1.0000	1.0000	0.0829
37tj03	3	6	1	1	1.0000	1.0000	-1.0000	NaN	4.9185	-4.7631	15.4446	354626.7116	354627.0130	0.0000	1.0000	0.2284
37tj03	3	6	1	1	2.0000	1.0000	1.0000	0.3411	NaN	NaN	NaN	354627.8013	354628.1285	1.0000	1.0000	0.0022
37tj03	3	7	1	1	1.0000	1.0000	1.0000	NaN	2.9473	2.8168	15.1800	354630.4330	354630.7342	1.0000	1.0000	0.1072
37tj03	3	7	1	1	2.0000	1.0000	1.0000	0.1088	NaN	NaN	NaN	354631.3951	354631.7230	1.0000	1.0000	0.0568
37tj03	3	8	1	1	1.0000	1.0000	-1.0000	NaN	8.9147	-9.0209	14.1631	354634.2405	354634.5415	0.0000	1.0000	0.2052
37tj03	3	8	1	1	2.0000	1.0000	1.0000	0.1825	NaN	NaN	NaN	354635.2972	354635.6254	1.0000	1.0000	0.0586
37tj03	3	9	1	1	1.0000	1.0000	-1.0000	NaN	6.3338	-5.9028	15.7197	354638.3112	354638.6122	0.0000	1.0000	0.1989
37tj03	3	9	1	1	2.0000	1.0000	1.0000	0.4188	NaN	NaN	NaN	354639.3627	354639.6908	1.0000	1.0000	0.0486
37tj03	3	10	1	1	1.0000	1.0000	1.0000	NaN	0.1101	0.0801	14.2944	354641.5510	354641.8521	1.0000	1.0000	1.5902
37tj03	3	10	1	1	2.0000	1.0000	1.0000	0.3639	NaN	NaN	NaN	354643.9533	354644.2802	1.0000	1.0000	0.2892
37tj03	3	11	1	1	1.0000	1.0000	1.0000	NaN	10.1018	10.7112	14.8133	354647.0594	354647.3608	1.0000	1.0000	0.0740
37tj03	3	11	1	1	2.0000	1.0000	1.0000	0.3014	NaN	NaN	NaN	354647.9937	354648.3209	1.0000	1.0000	0.1124
37tj03	3	12	1	1	1.0000	1.0000	1.0000	NaN	3.6628	5.0975	15.5271	354650.5383	354650.8394	1.0000	1.0000	0.1399
37tj03	3	12	1	1	2.0000	1.0000	1.0000	0.3474	NaN	NaN	NaN	354651.5370	354651.8642	1.0000	1.0000	0.0828
37tj03	3	13	1	1	1.0000	1.0000	-1.0000	NaN	3.1449	-3.0697	15.4188	354653.9989	354654.2999	1.0000	0.0000	0.1669
37tj03	3	13	1	1	2.0000	1.0000	-1.0000	0.4754	NaN	NaN	NaN	354654.9854	354655.3124	0.0000	1.0000	0.0512
37tj03	3	14	1	1	1.0000	1.0000	1.0000	NaN	9.4764	9.7382	14.8457	354657.2501	354657.5516	1.0000	1.0000	0.2913
37tj03	3	14	1	1	2.0000	1.0000	1.0000	0.2413	NaN	NaN	NaN	354658.4010	354658.7295	1.0000	1.0000	0.3039
37tj03	3	15	1	1	1.0000	1.0000	-1.0000	NaN	6.1029	-6.8924	14.4114	354661.2974	354661.5985	0.0000	1.0000	0.0918
37tj03	3	15	1	1	2.0000	1.0000	1.0000	0.3171	NaN	NaN	NaN	354662.2095	354662.5414	1.0000	1.0000	0.0009
37tj03	3	16	1	1	1.0000	1.0000	-1.0000	NaN	10.1794	-9.8722	14.6526	354664.8744	354665.1755	0.0000	1.0000	0.2924
37tj03	3	16	1	1	2.0000	1.0000	1.0000	0.4294	NaN	NaN	NaN	354666.0258	354666.3542	1.0000	1.0000	0.0553
37tj03	3	17	1	1	1.0000	1.0000	-1.0000	NaN	7.7938	-8.5679	15.0042	354668.5209	354668.8222	0.0000	1.0000	0.1573
37tj03	3	17	1	1	2.0000	1.0000	1.0000	0.0312	NaN	NaN	NaN	354669.5131	354669.8398	1.0000	1.0000	0.1240
37tj03	3	18	1	1	1.0000	1.0000	-1.0000	NaN	6.9147	-6.3773	16.2175	354672.5322	354672.8333	1.0000	0.0000	0.1143
37tj03	3	18	1	1	2.0000	1.0000	-1.0000	0.1877	NaN	NaN	NaN	354673.4975	354673.8244	0.0000	1.0000	0.0007
37tj03	3	19	1	1	1.0000	1.0000	-1.0000	NaN	5.5584	-2.8611	14.5804	354676.0002	354676.3012	0.0000	1.0000	0.1737
37tj03	3	19	1	1	2.0000	1.0000	1.0000	0.4733	NaN	NaN	NaN	354677.0161	354677.3447	1.0000	1.0000	0.0425
37tj03	3	20	1	1	1.0000	1.0000	-1.0000	NaN	0.8406	-0.9302	15.1188	354679.2472	354679.5482	0.0000	1.0000	0.1593
37tj03	3	20	1	1	2.0000	1.0000	1.0000	0.1459	NaN	NaN	NaN	354680.2410	354680.5689	1.0000	1.0000	0.0323
37tj03	3	21	1	1	1.0000	1.0000	-1.0000	NaN	4.2779	-4.8097	15.3824	354682.7890	354683.0899	0.0000	1.0000	0.2096
37tj03	3	21	1	1	2.0000	1.0000	1.0000	0.3235	NaN	NaN	NaN	354683.8887	354684.2160	1.0000	1.0000	0.0334
37tj03	3	22	1	1	1.0000	1.0000	-1.0000	NaN	2.5044	-3.4384	13.9312	354686.3878	354686.6894	1.0000	0.0000	0.0421
37tj03	3	22	1	1	2.0000	1.0000	-1.0000	0.4637	NaN	NaN	NaN	354687.2816	354687.6092	0.0000	1.0000	0.0007
37tj03	3	23	1	1	1.0000	1.0000	1.0000	NaN	5.7807	8.3524	14.6617	354689.9393	354690.2405	1.0000	1.0000	0.3223
37tj03	3	23	1	1	2.0000	1.0000	1.0000	0.1117	NaN	NaN	NaN	354691.1618	354691.4902	1.0000	1.0000	0.1139
37tj03	3	24	1	1	1.0000	1.0000	1.0000	NaN	8.3167	9.4166	13.9446	354693.7612	354694.0624	1.0000	1.0000	0.1237
37tj03	3	24	1	1	2.0000	1.0000	1.0000	0.0411	NaN	NaN	NaN	354694.7692	354695.0957	1.0000	1.0000	0.1217
37tj03	3	25	1	1	1.0000	1.0000	1.0000	NaN	0.4436	1.8704	16.3436	354697.7465	354698.0476	1.0000	1.0000	0.2441
37tj03	3	25	1	1	2.0000	1.0000	1.0000	0.3022	NaN	NaN	NaN	354698.8332	354699.1608	1.0000	1.0000	0.1150
37tj03	3	26	1	1	1.0000	1.0000	-1.0000	NaN	5.4083	-5.0912	15.2654	354701.4951	354701.7963	1.0000	0.0000	0.3491
37tj03	3	26	1	1	2.0000	1.0000	-1.0000	0.1220	NaN	NaN	NaN	354702.7692	354703.0967	1.0000	0.0000	0.2328
37tj03	3	27	1	1	1.0000	1.0000	-1.0000	NaN	8.7942	-8.9134	15.0403	354705.6430	354705.9440	0.0000	1.0000	0.3213
37tj03	3	27	1	1	2.0000	1.0000	1.0000	0.3644	NaN	NaN	NaN	354706.8332	354707.1623	1.0000	1.0000	0.0797
37tj03	3	28	1	1	1.0000	1.0000	-1.0000	NaN	4.4034	-6.2003	15.1348	354709.6026	354709.9037	1.0000	0.0000	0.3560
37tj03	3	28	1	1	2.0000	1.0000	-1.0000	0.0094	NaN	NaN	NaN	354710.8013	354711.1283	0.0000	1.0000	0.1138
37tj03	3	29	1	1	1.0000	1.0000	-1.0000	NaN	2.4411	-1.9931	16.0202	354713.2977	354713.5988	1.0000	0.0000	0.3083
37tj03	3	29	1	1	2.0000	1.0000	-1.0000	0.1965	NaN	NaN	NaN	354714.4494	354714.7774	0.0000	1.0000	0.2582
37tj03	3	30	1	1	1.0000	1.0000	1.0000	NaN	0.7956	2.8377	14.7294	354716.9657	354717.2667	1.0000	1.0000	0.0401
37tj03	3	30	1	1	2.0000	1.0000	1.0000	0.2595	NaN	NaN	NaN	354717.8984	354718.2265	1.0000	1.0000	0.1124
37tj03	3	31	1	1	1.0000	1.0000	1.0000	NaN	1.3179	0.3910	15.1747	354720.7259	354721.0270	1.0000	1.0000	0.4970
37tj03	3	31	1	1	2.0000	1.0000	1.0000	0.1015	NaN	NaN	NaN	354722.1209	354722.4532	1.0000	1.0000	0.0922
37tj03	3	32	1	1	1.0000	1.0000	-1.0000	NaN	5.7432	-3.9338	15.6353	354724.6826	354724.9838	1.0000	0.0000	0.1959
37tj03	3	32	1	1	2.0000	1.0000	-1.0000	0.3737	NaN	NaN	NaN	354725.7447	354726.0725	0.0000	1.0000	0.1313
37tj03	3	33	1	1	1.0000	1.0000	-1.0000	NaN	4.1073	-4.5510	14.8111	354728.4564	354728.7573	0.0000	1.0000	0.1184
37tj03	3	33	1	1	2.0000	1.0000	1.0000	0.4327	NaN	NaN	NaN	354729.4321	354729.7614	1.0000	1.0000	0.0007
37tj03	3	34	1	1	1.0000	1.0000	-1.0000	NaN	1.4177	-0.9338	14.7027	354731.8508	354732.1518	1.0000	0.0000	0.2656
37tj03	3	34	1	1	2.0000	1.0000	-1.0000	0.0055	NaN	NaN	NaN	354733.0014	354733.3292	0.0000	1.0000	0.3212
37tj03	3	35	1	1	1.0000	1.0000	-1.0000	NaN	7.4433	-6.2379	14.4052	354736.1374	354736.4384	1.0000	0.0000	0.1334
37tj03	3	35	1	1	2.0000	1.0000	-1.0000	0.1854	NaN	NaN	NaN	354737.1289	354737.4586	0.0000	1.0000	0.0008
37tj03	3	36	1	1	1.0000	1.0000	1.0000	NaN	8.0467	8.2886	15.2314	354739.7046	354740.0056	1.0000	1.0000	0.3260
37tj03	3	36	1	1	2.0000	1.0000	1.0000	0.1418	NaN	NaN	NaN	354740.9137	354741.2405	1.0000	1.0000	0.0584
37tj03	3	37	1	1	1.0000	1.0000	1.0000	NaN	8.5804	9.4595	16.1066	354743.4820	354743.7831	1.0000	1.0000	0.3086
37tj03	3	37	1	1	2.0000	1.0000	1.0000	0.1090	NaN	NaN	NaN	354744.6815	354745.0105	0.0000	0.0000	0.0489
37tj03	3	38	1	1	1.0000	1.0000	-1.0000	NaN	0.1363	-0.7765	16.1742	354747.6820	354747.9830	1.0000	0.0000	0.2364
37tj03	3	38	1	1	2.0000	1.0000	-1.0000	0.0950	NaN	NaN	NaN	354748.8094	354749.1387	1.0000	0.0000	0.0965
37tj03	3	39	1	1	1.0000	1.0000	1.0000	NaN	3.6636	1.5817	14.5868	354751.8421	354752.1431	1.0000	1.0000	0.2044
37tj03	3	39	1	1	2.0000	1.0000	1.0000	0.3518	NaN	NaN	NaN	354752.9613	354753.2903	1.0000	1.0000	0.2575
37tj03	3	40	1	1	1.0000	1.0000	-1.0000	NaN	1.4518	-1.5741	14.8765	354755.7386	354756.0397	1.0000	0.0000	0.1876
37tj03	3	40	1	1	2.0000	1.0000	-1.0000	0.1834	NaN	NaN	NaN	354756.7845	354757.1134	0.0000	1.0000	0.1614
37tj03	3	41	1	1	1.0000	1.0000	-1.0000	NaN	9.3146	-9.9151	13.9978	354759.9103	354760.2115	0.0000	1.0000	0.3019
37tj03	3	41	1	1	2.0000	1.0000	1.0000	0.1181	NaN	NaN	NaN	354761.0331	354761.3637	1.0000	1.0000	0.0632
37tj03	3	42	1	1	1.0000	1.0000	1.0000	NaN	6.5862	7.8189	13.2476	354763.7628	354764.0642	1.0000	1.0000	0.2907
37tj03	3	42	1	1	2.0000	1.0000	1.0000	0.2121	NaN	NaN	NaN	354764.9370	354765.2650	1.0000	1.0000	0.1146
37tj03	3	43	1	1	1.0000	1.0000	-1.0000	NaN	10.3500	-11.0651	14.8597	354767.7300	354768.0310	0.0000	1.0000	0.2444
37tj03	3	43	1	1	2.0000	1.0000	1.0000	0.2874	NaN	NaN	NaN	354768.8492	354769.1780	1.0000	1.0000	0.0656
37tj03	3	44	1	1	1.0000	1.0000	-1.0000	NaN	8.7271	-8.0253	14.9237	354771.4284	354771.7295	0.0000	1.0000	0.2020
37tj03	3	44	1	1	2.0000	1.0000	1.0000	0.4267	NaN	NaN	NaN	354772.4657	354772.7949	1.0000	1.0000	0.0008
37tj03	3	45	1	1	1.0000	1.0000	-1.0000	NaN	1.8543	-1.3884	15.5554	354774.7090	354775.0100	0.0000	1.0000	0.1930
37tj03	3	45	1	1	2.0000	1.0000	1.0000	0.1478	NaN	NaN	NaN	354775.7456	354776.0726	1.0000	1.0000	0.0276
37tj03	3	46	1	1	1.0000	1.0000	-1.0000	NaN	8.3051	-5.4114	15.4055	354778.3294	354778.6304	0.0000	1.0000	0.1975
37tj03	3	46	1	1	2.0000	1.0000	1.0000	0.1059	NaN	NaN	NaN	354779.3696	354779.6980	1.0000	1.0000	0.0170
37tj03	3	47	1	1	1.0000	1.0000	1.0000	NaN	0.0250	1.1046	14.8483	354781.6765	354781.9776	0.0000	0.0000	0.2895
37tj03	3	47	1	1	2.0000	1.0000	-1.0000	0.4837	NaN	NaN	NaN	354782.8093	354783.1384	0.0000	1.0000	0.0390
37tj03	3	48	1	1	1.0000	1.0000	1.0000	NaN	5.8577	7.0132	13.7516	354785.3232	354785.6246	1.0000	1.0000	0.2259
37tj03	3	48	1	1	2.0000	1.0000	1.0000	0.1593	NaN	NaN	NaN	354786.4174	354786.7441	1.0000	1.0000	0.1400
37tj03	3	49	1	1	1.0000	1.0000	-1.0000	NaN	7.8953	-8.7440	16.1573	354789.1019	354789.4028	0.0000	1.0000	0.2067
37tj03	3	49	1	1	2.0000	1.0000	1.0000	0.1545	NaN	NaN	NaN	354790.1451	354790.4722	1.0000	1.0000	0.0107
37tj03	3	50	1	1	1.0000	1.0000	1.0000	NaN	9.5219	10.9601	14.4440	354792.3113	354792.6124	1.0000	1.0000	0.1345
37tj03	3	50	1	1	2.0000	1.0000	1.0000	0.3499	NaN	NaN	NaN	354793.3126	354793.6408	1.0000	1.0000	0.0501
37tj03	4	1	1	1	1.0000	1.0000	-1.0000	NaN	0.2590	-0.5654	16.4242	354807.5216	354807.8226	0.0000	1.0000	1.3006
37tj03	4	1	1	1	2.0000	1.0000	1.0000	0.3855	NaN	NaN	NaN	354809.6184	354809.9486	1.0000	1.0000	0.1267
37tj03	4	2	1	1	1.0000	1.0000	-1.0000	NaN	10.1512	-9.5432	15.2073	354811.9123	354812.2133	0.0000	1.0000	0.0945
37tj03	4	2	1	1	2.0000	1.0000	1.0000	0.2187	NaN	NaN	NaN	354812.8651	354813.1917	1.0000	1.0000	0.0007
37tj03	4	3	1	1	1.0000	1.0000	-1.0000	NaN	9.8765	-11.7642	15.5263	354815.5302	354815.8312	0.0000	1.0000	0.0998
37tj03	4	3	1	1	2.0000	1.0000	1.0000	0.2682	NaN	NaN	NaN	354816.4890	354816.8163	1.0000	1.0000	0.0006
37tj03	4	4	1	1	1.0000	1.0000	-1.0000	NaN	9.6301	-9.7760	15.9179	354818.8562	354819.1572	0.0000	1.0000	0.0698
37tj03	4	4	1	1	2.0000	1.0000	1.0000	0.2097	NaN	NaN	NaN	354819.7531	354820.0822	1.0000	1.0000	0.0083
37tj03	4	5	1	1	1.0000	1.0000	-1.0000	NaN	5.9020	-4.9090	14.9617	354821.9507	354822.2520	0.0000	1.0000	0.2075
37tj03	4	5	1	1	2.0000	1.0000	1.0000	0.4918	NaN	NaN	NaN	354823.0084	354823.3366	1.0000	1.0000	0.0327
37tj03	4	6	1	1	1.0000	1.0000	1.0000	NaN	3.1361	4.4982	14.1596	354825.9475	354826.2489	0.0000	0.0000	0.1150
37tj03	4	6	1	1	2.0000	1.0000	-1.0000	0.1540	NaN	NaN	NaN	354826.9218	354827.2499	0.0000	1.0000	0.0090
37tj03	4	7	1	1	1.0000	1.0000	-1.0000	NaN	0.7225	-0.3381	14.4066	354829.5454	354829.8468	0.0000	1.0000	0.2209
37tj03	4	7	1	1	2.0000	1.0000	1.0000	0.4750	NaN	NaN	NaN	354830.5933	354830.9205	1.0000	1.0000	0.0826
37tj03	4	8	1	1	1.0000	1.0000	-1.0000	NaN	3.7854	-4.1081	13.0884	354833.5886	354833.8899	0.0000	1.0000	0.2335
37tj03	4	8	1	1	2.0000	1.0000	1.0000	0.3180	NaN	NaN	NaN	354834.6412	354834.9698	1.0000	1.0000	0.1054
37tj03	4	9	1	1	1.0000	1.0000	-1.0000	NaN	7.9754	-8.4877	16.1842	354837.3273	354837.6284	0.0000	1.0000	0.2387
37tj03	4	9	1	1	2.0000	1.0000	1.0000	0.2708	NaN	NaN	NaN	354838.4170	354838.7454	1.0000	1.0000	6.3380
37tj03	4	10	1	1	1.0000	1.0000	1.0000	NaN	0.3887	0.6584	14.8990	354847.1371	354847.4381	0.0000	0.0000	0.8032
37tj03	4	10	1	1	2.0000	1.0000	-1.0000	0.3964	NaN	NaN	NaN	354848.7698	354849.0969	0.0000	1.0000	0.1868
37tj03	4	11	1	1	1.0000	1.0000	1.0000	NaN	8.8658	10.2633	15.2393	354851.2280	354851.5290	1.0000	1.0000	0.3138
37tj03	4	11	1	1	2.0000	1.0000	1.0000	0.2744	NaN	NaN	NaN	354852.4091	354852.7367	1.0000	1.0000	0.0735
37tj03	4	12	1	1	1.0000	1.0000	1.0000	NaN	9.3513	9.1571	14.3447	354854.9559	354855.2571	1.0000	1.0000	0.1683
37tj03	4	12	1	1	2.0000	1.0000	1.0000	0.1606	NaN	NaN	NaN	354855.9931	354856.3213	1.0000	1.0000	0.0483
37tj03	4	13	1	1	1.0000	1.0000	1.0000	NaN	0.3906	0.8177	14.5088	354858.2690	354858.5703	1.0000	1.0000	0.2014
37tj03	4	13	1	1	2.0000	1.0000	1.0000	0.1004	NaN	NaN	NaN	354859.3294	354859.6571	1.0000	1.0000	0.0009
37tj03	4	14	1	1	1.0000	1.0000	-1.0000	NaN	3.3434	-2.6083	15.1888	354861.5785	354861.8796	0.0000	1.0000	0.3324
37tj03	4	14	1	1	2.0000	1.0000	1.0000	0.1684	NaN	NaN	NaN	354862.7930	354863.1222	1.0000	1.0000	7.2250
37tj03	4	15	1	1	1.0000	1.0000	1.0000	NaN	9.2129	7.3969	14.2806	354872.7360	354873.0370	1.0000	1.0000	0.3966
37tj03	4	15	1	1	2.0000	1.0000	1.0000	0.4310	NaN	NaN	NaN	354874.0172	354874.3438	1.0000	1.0000	0.2037
37tj03	4	16	1	1	1.0000	1.0000	-1.0000	NaN	7.6268	-7.0736	14.0593	354876.9635	354877.2647	0.0000	1.0000	0.5944
37tj03	4	16	1	1	2.0000	1.0000	1.0000	0.3989	NaN	NaN	NaN	354878.4330	354878.7605	1.0000	1.0000	0.1127
37tj03	4	17	1	1	1.0000	1.0000	1.0000	NaN	1.5545	1.4480	14.5308	354881.2095	354881.5107	1.0000	1.0000	0.3165
37tj03	4	17	1	1	2.0000	1.0000	1.0000	0.4773	NaN	NaN	NaN	354882.3855	354882.7139	1.0000	1.0000	0.1376
37tj03	4	18	1	1	1.0000	1.0000	-1.0000	NaN	5.8862	-4.7031	16.0868	354884.7716	354885.0728	0.0000	1.0000	0.2251
37tj03	4	18	1	1	2.0000	1.0000	1.0000	0.0917	NaN	NaN	NaN	354885.8570	354886.1841	1.0000	1.0000	0.2587
37tj03	4	19	1	1	1.0000	1.0000	-1.0000	NaN	10.0213	-8.6573	14.1513	354888.6050	354888.9063	0.0000	1.0000	0.2809
37tj03	4	19	1	1	2.0000	1.0000	1.0000	0.1535	NaN	NaN	NaN	354889.7291	354890.0575	1.0000	1.0000	0.1855
37tj03	4	20	1	1	1.0000	1.0000	-1.0000	NaN	6.6383	-7.4660	13.9271	354892.7782	354893.0793	0.0000	1.0000	0.3643
37tj03	4	20	1	1	2.0000	1.0000	1.0000	0.2680	NaN	NaN	NaN	354894.0333	354894.3600	1.0000	1.0000	0.1152
37tj03	4	21	1	1	1.0000	1.0000	1.0000	NaN	4.9901	6.1023	14.9606	354896.5009	354896.8020	0.0000	0.0000	0.1914
37tj03	4	21	1	1	2.0000	1.0000	-1.0000	0.2401	NaN	NaN	NaN	354897.5689	354897.8958	1.0000	0.0000	0.2916
37tj03	4	22	1	1	1.0000	1.0000	1.0000	NaN	3.3808	4.3982	18.0158	354900.7128	354901.0140	0.0000	0.0000	0.3795
37tj03	4	22	1	1	2.0000	1.0000	-1.0000	0.0007	NaN	NaN	NaN	354901.9452	354902.2731	0.0000	1.0000	0.5134
37tj03	4	23	1	1	1.0000	1.0000	-1.0000	NaN	0.1338	-1.9776	14.5000	354904.9775	354905.2787	0.0000	1.0000	0.7007
37tj03	4	23	1	1	2.0000	1.0000	1.0000	0.4367	NaN	NaN	NaN	354906.5452	354906.8723	1.0000	1.0000	0.1693
37tj03	4	24	1	1	1.0000	1.0000	-1.0000	NaN	1.8430	-2.2555	14.1545	354909.3120	354909.6132	0.0000	1.0000	0.4862
37tj03	4	24	1	1	2.0000	1.0000	1.0000	0.1293	NaN	NaN	NaN	354910.6012	354910.9291	1.0000	1.0000	0.2985
37tj03	4	25	1	1	1.0000	1.0000	1.0000	NaN	1.2799	2.6209	15.0865	354913.2133	354913.5144	0.0000	0.0000	0.2719
37tj03	4	25	1	1	2.0000	1.0000	-1.0000	0.1893	NaN	NaN	NaN	354914.3058	354914.6332	0.0000	1.0000	0.2482
37tj03	4	26	1	1	1.0000	1.0000	1.0000	NaN	9.0416	9.1823	14.5099	354917.3116	354917.6128	1.0000	1.0000	0.2620
37tj03	4	26	1	1	2.0000	1.0000	1.0000	0.1083	NaN	NaN	NaN	354918.4257	354918.7553	1.0000	1.0000	0.1840
37tj03	4	27	1	1	1.0000	1.0000	-1.0000	NaN	2.7884	-4.9629	14.3046	354921.1820	354921.4830	0.0000	1.0000	0.2320
37tj03	4	27	1	1	2.0000	1.0000	1.0000	0.4625	NaN	NaN	NaN	354922.2659	354922.5943	1.0000	1.0000	0.2551
37tj03	4	28	1	1	1.0000	1.0000	-1.0000	NaN	0.8664	-1.0505	14.9405	354925.0854	354925.3864	0.0000	1.0000	2.5047
37tj03	4	28	1	1	2.0000	1.0000	1.0000	0.1302	NaN	NaN	NaN	354928.4092	354928.7368	1.0000	1.0000	0.1058
37tj03	4	29	1	1	1.0000	1.0000	1.0000	NaN	9.6703	10.6860	15.2447	354930.8952	354931.1964	1.0000	1.0000	0.2464
37tj03	4	29	1	1	2.0000	1.0000	1.0000	0.3161	NaN	NaN	NaN	354932.0013	354932.3280	1.0000	1.0000	0.0656
37tj03	4	30	1	1	1.0000	1.0000	-1.0000	NaN	9.8796	-7.7974	14.4902	354934.4799	354934.7812	0.0000	1.0000	0.0947
37tj03	4	30	1	1	2.0000	1.0000	1.0000	0.0642	NaN	NaN	NaN	354935.4972	354935.8251	1.0000	1.0000	0.0323
37tj03	4	31	1	1	1.0000	1.0000	-1.0000	NaN	9.0286	-9.2004	14.8865	354938.0609	354938.3619	0.0000	1.0000	0.2099
37tj03	4	31	1	1	2.0000	1.0000	1.0000	0.2329	NaN	NaN	NaN	354939.1070	354939.4345	1.0000	1.0000	1.6150
37tj03	4	32	1	1	1.0000	1.0000	-1.0000	NaN	0.5289	-0.8840	15.7410	354943.2884	354943.5894	0.0000	1.0000	0.3010
37tj03	4	32	1	1	2.0000	1.0000	1.0000	0.5065	NaN	NaN	NaN	354944.4490	354944.7776	1.0000	1.0000	0.0559
37tj03	4	33	1	1	1.0000	1.0000	1.0000	NaN	6.6356	7.9182	15.3599	354946.7463	354947.0472	1.0000	1.0000	0.2844
37tj03	4	33	1	1	2.0000	1.0000	1.0000	0.0856	NaN	NaN	NaN	354947.8413	354948.1717	1.0000	1.0000	0.0007
37tj03	4	34	1	1	1.0000	1.0000	1.0000	NaN	3.1757	3.7764	15.5808	354949.9828	354950.2837	1.0000	1.0000	0.2866
37tj03	4	34	1	1	2.0000	1.0000	1.0000	0.2795	NaN	NaN	NaN	354951.0978	354951.4254	1.0000	1.0000	0.1534
37tj03	4	35	1	1	1.0000	1.0000	-1.0000	NaN	2.5822	-2.0501	13.9674	354953.7735	354954.0748	0.0000	1.0000	1.5289
37tj03	4	35	1	1	2.0000	1.0000	1.0000	0.4640	NaN	NaN	NaN	354956.1705	354956.4987	1.0000	1.0000	0.1293
37tj03	4	36	1	1	1.0000	1.0000	1.0000	NaN	9.0983	11.0667	13.8683	354958.8732	354959.1741	1.0000	1.0000	0.1954
37tj03	4	36	1	1	2.0000	1.0000	1.0000	0.3860	NaN	NaN	NaN	354959.9301	354960.2582	1.0000	1.0000	0.0166
37tj03	4	37	1	1	1.0000	1.0000	-1.0000	NaN	2.3749	-1.2093	15.6213	354962.6177	354962.9188	1.0000	0.0000	0.2518
37tj03	4	37	1	1	2.0000	1.0000	-1.0000	0.3377	NaN	NaN	NaN	354963.6892	354964.0167	1.0000	0.0000	0.0669
37tj03	4	38	1	1	1.0000	1.0000	-1.0000	NaN	2.2679	-2.0642	14.0117	354965.9217	354966.2226	1.0000	0.0000	0.1805
37tj03	4	38	1	1	2.0000	1.0000	-1.0000	0.3559	NaN	NaN	NaN	354966.9532	354967.2797	0.0000	1.0000	0.1858
37tj03	4	39	1	1	1.0000	1.0000	1.0000	NaN	8.9722	7.4107	14.1164	354969.5045	354969.8056	1.0000	1.0000	0.1421
37tj03	4	39	1	1	2.0000	1.0000	1.0000	0.2305	NaN	NaN	NaN	354970.5041	354970.8313	1.0000	1.0000	0.0742
37tj03	4	40	1	1	1.0000	1.0000	-1.0000	NaN	0.7919	-1.1798	14.0390	354973.3447	354973.6458	1.0000	0.0000	0.4221
37tj03	4	40	1	1	2.0000	1.0000	-1.0000	0.3707	NaN	NaN	NaN	354974.6261	354974.9534	0.0000	1.0000	0.1202
37tj03	4	41	1	1	1.0000	1.0000	-1.0000	NaN	3.7617	-3.6088	13.7560	354977.4957	354977.7968	0.0000	1.0000	1.0127
37tj03	4	41	1	1	2.0000	1.0000	1.0000	0.4937	NaN	NaN	NaN	354979.3450	354979.6741	1.0000	1.0000	0.0155
37tj03	4	42	1	1	1.0000	1.0000	-1.0000	NaN	10.4888	-12.4775	16.2040	354981.9344	354982.2355	0.0000	1.0000	0.2711
37tj03	4	42	1	1	2.0000	1.0000	1.0000	0.3535	NaN	NaN	NaN	354983.0577	354983.3852	1.0000	1.0000	0.1284
37tj03	4	43	1	1	1.0000	1.0000	-1.0000	NaN	2.4112	-3.4628	15.1764	354986.0003	354986.3013	0.0000	1.0000	0.1491
37tj03	4	43	1	1	2.0000	1.0000	1.0000	0.4820	NaN	NaN	NaN	354986.9849	354987.3120	1.0000	1.0000	0.0335
37tj03	4	44	1	1	1.0000	1.0000	-1.0000	NaN	4.0402	-1.8389	18.3154	354990.0159	354990.3172	1.0000	0.0000	0.1665
37tj03	4	44	1	1	2.0000	1.0000	-1.0000	0.3728	NaN	NaN	NaN	354991.0493	354991.3760	0.0000	1.0000	0.0595
37tj03	4	45	1	1	1.0000	1.0000	1.0000	NaN	1.1277	1.3705	15.0158	354993.7884	354994.0895	1.0000	1.0000	0.0261
37tj03	4	45	1	1	2.0000	1.0000	1.0000	0.2809	NaN	NaN	NaN	354994.6817	354995.0111	1.0000	1.0000	0.1126
37tj03	4	46	1	1	1.0000	1.0000	-1.0000	NaN	3.1556	-3.1897	14.1658	354997.6843	354997.9854	0.0000	1.0000	0.2801
37tj03	4	46	1	1	2.0000	1.0000	1.0000	0.1894	NaN	NaN	NaN	354998.8172	354999.1446	1.0000	1.0000	0.0410
37tj03	4	47	1	1	1.0000	1.0000	-1.0000	NaN	6.8557	-8.6818	13.6380	355001.0836	355001.3848	0.0000	1.0000	0.3228
37tj03	4	47	1	1	2.0000	1.0000	1.0000	0.3065	NaN	NaN	NaN	355002.2252	355002.5538	1.0000	1.0000	0.0179
37tj03	4	48	1	1	1.0000	1.0000	-1.0000	NaN	0.7259	-0.8546	15.2081	355004.6465	355004.9477	1.0000	0.0000	0.3362
37tj03	4	48	1	1	2.0000	1.0000	-1.0000	0.3136	NaN	NaN	NaN	355005.8814	355006.2089	0.0000	1.0000	0.1685
37tj03	4	49	1	1	1.0000	1.0000	1.0000	NaN	1.2102	0.6862	13.9208	355008.5076	355008.8088	1.0000	1.0000	0.1773
37tj03	4	49	1	1	2.0000	1.0000	1.0000	0.2359	NaN	NaN	NaN	355009.5858	355009.9146	1.0000	1.0000	0.1457
37tj03	4	50	1	1	1.0000	1.0000	1.0000	NaN	0.6290	0.0442	13.9465	355012.0436	355012.3446	0.0000	0.0000	0.0087
37tj03	4	50	1	1	2.0000	1.0000	-1.0000	0.4597	NaN	NaN	NaN	355012.9218	355013.2514	0.0000	1.0000	0.1822
37tj03	5	1	1	1	1.0000	1.0000	-1.0000	NaN	1.2963	-2.8768	15.5421	355017.5683	355017.8693	0.0000	1.0000	0.2385
37tj03	5	1	1	1	2.0000	1.0000	1.0000	0.3514	NaN	NaN	NaN	355018.6422	355018.9713	1.0000	1.0000	0.2069
37tj03	5	2	1	1	1.0000	1.0000	1.0000	NaN	6.1962	6.8805	15.7532	355021.2083	355021.5093	1.0000	1.0000	0.1562
37tj03	5	2	1	1	2.0000	1.0000	1.0000	0.1669	NaN	NaN	NaN	355022.2255	355022.5576	0.0000	0.0000	0.3734
37tj03	5	3	1	1	1.0000	1.0000	1.0000	NaN	5.2400	4.8478	14.9906	355025.4762	355025.7772	1.0000	1.0000	0.1375
37tj03	5	3	1	1	2.0000	1.0000	1.0000	0.0151	NaN	NaN	NaN	355026.4897	355026.8172	1.0000	1.0000	0.0242
37tj03	5	4	1	1	1.0000	1.0000	-1.0000	NaN	5.5094	-5.9727	16.1412	355029.5200	355029.8210	0.0000	1.0000	0.2684
37tj03	5	4	1	1	2.0000	1.0000	1.0000	0.1873	NaN	NaN	NaN	355030.6491	355030.9775	1.0000	1.0000	0.0319
37tj03	5	5	1	1	1.0000	1.0000	1.0000	NaN	8.0563	7.6207	15.5027	355033.6323	355033.9335	1.0000	1.0000	0.3480
37tj03	5	5	1	1	2.0000	1.0000	1.0000	0.4084	NaN	NaN	NaN	355034.8331	355035.1601	1.0000	1.0000	0.2108
37tj03	5	6	1	1	1.0000	1.0000	1.0000	NaN	9.2097	8.8073	14.4858	355037.4843	355037.7853	1.0000	1.0000	0.1463
37tj03	5	6	1	1	2.0000	1.0000	1.0000	0.3517	NaN	NaN	NaN	355038.4810	355038.8088	1.0000	1.0000	0.1071
37tj03	5	7	1	1	1.0000	1.0000	1.0000	NaN	7.7758	9.4884	15.0076	355040.9682	355041.2692	1.0000	1.0000	0.1722
37tj03	5	7	1	1	2.0000	1.0000	1.0000	0.1090	NaN	NaN	NaN	355041.9611	355042.2878	1.0000	1.0000	0.0258
37tj03	5	8	1	1	1.0000	1.0000	-1.0000	NaN	0.4184	-1.3948	16.4668	355044.4680	355044.7692	1.0000	0.0000	0.6505
37tj03	5	8	1	1	2.0000	1.0000	-1.0000	0.4973	NaN	NaN	NaN	355045.9534	355046.2822	0.0000	1.0000	0.0818
37tj03	5	9	1	1	1.0000	1.0000	1.0000	NaN	4.0560	1.9682	16.3746	355048.3012	355048.6023	1.0000	1.0000	0.2492
37tj03	5	9	1	1	2.0000	1.0000	1.0000	0.2784	NaN	NaN	NaN	355049.3954	355049.7231	1.0000	1.0000	0.5032
37tj03	5	10	1	1	1.0000	1.0000	-1.0000	NaN	3.6218	-3.0560	15.5466	355052.5297	355052.8307	1.0000	0.0000	0.2188
37tj03	5	10	1	1	2.0000	1.0000	-1.0000	0.0728	NaN	NaN	NaN	355053.6490	355053.9763	0.0000	1.0000	0.1791
37tj03	5	11	1	1	1.0000	1.0000	-1.0000	NaN	6.9661	-8.0052	14.3350	355056.4757	355056.7767	0.0000	1.0000	0.3929
37tj03	5	11	1	1	2.0000	1.0000	1.0000	0.5082	NaN	NaN	NaN	355057.7137	355058.0416	1.0000	1.0000	0.0007
37tj03	5	12	1	1	1.0000	1.0000	-1.0000	NaN	4.1617	-5.8311	13.9310	355060.4209	355060.7220	0.0000	1.0000	0.1296
37tj03	5	12	1	1	2.0000	1.0000	1.0000	0.2860	NaN	NaN	NaN	355061.4336	355061.7634	1.0000	1.0000	0.0007
37tj03	5	13	1	1	1.0000	1.0000	-1.0000	NaN	3.8786	-2.6412	14.0711	355063.9597	355064.2609	0.0000	1.0000	0.6463
37tj03	5	13	1	1	2.0000	1.0000	1.0000	0.0882	NaN	NaN	NaN	355065.4730	355065.8011	1.0000	1.0000	0.2832
37tj03	5	14	1	1	1.0000	1.0000	1.0000	NaN	10.1383	12.1959	14.5691	355068.4786	355068.7796	1.0000	1.0000	0.2221
37tj03	5	14	1	1	2.0000	1.0000	1.0000	0.1060	NaN	NaN	NaN	355069.5787	355069.9078	1.0000	1.0000	0.1497
37tj03	5	15	1	1	1.0000	1.0000	-1.0000	NaN	1.4256	-1.5618	14.1901	355071.9714	355072.2725	1.0000	0.0000	0.3851
37tj03	5	15	1	1	2.0000	1.0000	-1.0000	0.3655	NaN	NaN	NaN	355073.2095	355073.5382	0.0000	1.0000	0.2880
37tj03	5	16	1	1	1.0000	1.0000	1.0000	NaN	5.5537	6.1461	15.3461	355076.0316	355076.3327	1.0000	1.0000	0.2543
37tj03	5	16	1	1	2.0000	1.0000	1.0000	0.2639	NaN	NaN	NaN	355077.1693	355077.4992	1.0000	1.0000	0.1613
37tj03	5	17	1	1	1.0000	1.0000	1.0000	NaN	1.6370	2.6761	14.6464	355079.9699	355080.2709	1.0000	1.0000	0.1794
37tj03	5	17	1	1	2.0000	1.0000	1.0000	0.3239	NaN	NaN	NaN	355081.0411	355081.3677	1.0000	1.0000	0.2177
37tj03	5	18	1	1	1.0000	1.0000	-1.0000	NaN	5.3362	-5.7210	15.4568	355084.1064	355084.4076	0.0000	1.0000	0.4339
37tj03	5	18	1	1	2.0000	1.0000	1.0000	0.4628	NaN	NaN	NaN	355085.3947	355085.7231	1.0000	1.0000	0.2407
37tj03	5	19	1	1	1.0000	1.0000	-1.0000	NaN	3.1611	-2.2720	14.7981	355088.2639	355088.5651	1.0000	0.0000	0.4703
37tj03	5	19	1	1	2.0000	1.0000	-1.0000	0.1563	NaN	NaN	NaN	355089.6014	355089.9290	0.0000	1.0000	0.2885
37tj03	5	20	1	1	1.0000	1.0000	-1.0000	NaN	9.0658	-8.9090	15.3127	355092.3481	355092.6491	0.0000	1.0000	0.2244
37tj03	5	20	1	1	2.0000	1.0000	1.0000	0.4095	NaN	NaN	NaN	355093.4015	355093.7308	1.0000	1.0000	0.0966
37tj03	5	21	1	1	1.0000	1.0000	1.0000	NaN	5.0024	5.0536	13.4426	355095.7705	355096.0715	1.0000	1.0000	0.1322
37tj03	5	21	1	1	2.0000	1.0000	1.0000	0.2591	NaN	NaN	NaN	355096.7541	355097.0803	1.0000	1.0000	0.1314
37tj03	5	22	1	1	1.0000	1.0000	1.0000	NaN	5.3243	6.5411	15.5380	355099.0393	355099.3406	1.0000	1.0000	0.2059
37tj03	5	22	1	1	2.0000	1.0000	1.0000	0.1605	NaN	NaN	NaN	355100.0982	355100.4248	1.0000	1.0000	0.0990
37tj03	5	23	1	1	1.0000	1.0000	-1.0000	NaN	8.2930	-7.7818	16.5189	355102.9422	355103.2432	1.0000	0.0000	0.1362
37tj03	5	23	1	1	2.0000	1.0000	-1.0000	0.0562	NaN	NaN	NaN	355103.8994	355104.2264	1.0000	0.0000	0.2951
37tj03	5	24	1	1	1.0000	1.0000	-1.0000	NaN	0.5285	-1.0107	14.1016	355106.7581	355107.0592	0.0000	1.0000	0.1749
37tj03	5	24	1	1	2.0000	1.0000	1.0000	0.2046	NaN	NaN	NaN	355107.7931	355108.1198	1.0000	1.0000	0.0985
37tj03	5	25	1	1	1.0000	1.0000	-1.0000	NaN	3.3847	-4.3886	14.8833	355110.1956	355110.4966	0.0000	1.0000	0.1943
37tj03	5	25	1	1	2.0000	1.0000	1.0000	0.0250	NaN	NaN	NaN	355111.2185	355111.5456	1.0000	1.0000	0.1621
37tj03	5	26	1	1	1.0000	1.0000	-1.0000	NaN	4.3286	-6.2922	14.7295	355114.2416	355114.5427	1.0000	0.0000	0.3329
37tj03	5	26	1	1	2.0000	1.0000	-1.0000	0.2803	NaN	NaN	NaN	355115.3943	355115.7224	0.0000	1.0000	0.0256
37tj03	5	27	1	1	1.0000	1.0000	-1.0000	NaN	10.4983	-13.5233	14.4858	355118.0772	355118.3786	0.0000	1.0000	0.1930
37tj03	5	27	1	1	2.0000	1.0000	1.0000	0.3751	NaN	NaN	NaN	355119.0975	355119.4268	1.0000	1.0000	0.0007
37tj03	5	28	1	1	1.0000	1.0000	1.0000	NaN	5.7744	6.4201	13.9015	355121.7491	355122.0502	1.0000	1.0000	0.1833
37tj03	5	28	1	1	2.0000	1.0000	1.0000	0.0120	NaN	NaN	NaN	355122.7697	355123.0974	1.0000	1.0000	0.0008
37tj03	5	29	1	1	1.0000	1.0000	-1.0000	NaN	7.6956	-6.8469	13.1899	355125.1969	355125.4979	0.0000	1.0000	0.2655
37tj03	5	29	1	1	2.0000	1.0000	1.0000	0.1476	NaN	NaN	NaN	355126.3138	355126.6428	1.0000	1.0000	0.1428
37tj03	5	30	1	1	1.0000	1.0000	1.0000	NaN	8.6088	9.2754	16.1793	355128.7733	355129.0743	1.0000	1.0000	0.3599
37tj03	5	30	1	1	2.0000	1.0000	1.0000	0.0522	NaN	NaN	NaN	355129.9293	355130.2562	1.0000	1.0000	0.4749
37tj03	5	31	1	1	1.0000	1.0000	1.0000	NaN	8.5466	7.5210	14.5092	355132.9087	355133.2096	1.0000	1.0000	0.3199
37tj03	5	31	1	1	2.0000	1.0000	1.0000	0.2119	NaN	NaN	NaN	355134.0577	355134.3867	1.0000	1.0000	0.3934
37tj03	5	32	1	1	1.0000	1.0000	1.0000	NaN	0.9331	1.4729	15.5145	355137.2323	355137.5335	0.0000	0.0000	0.4279
37tj03	5	32	1	1	2.0000	1.0000	-1.0000	0.1485	NaN	NaN	NaN	355138.4986	355138.8292	0.0000	1.0000	0.3004
37tj03	5	33	1	1	1.0000	1.0000	1.0000	NaN	5.4160	6.1115	14.2935	355141.5426	355141.8437	0.0000	0.0000	1.2380
37tj03	5	33	1	1	2.0000	1.0000	-1.0000	0.2904	NaN	NaN	NaN	355143.5938	355143.9216	0.0000	1.0000	0.0512
37tj03	5	34	1	1	1.0000	1.0000	-1.0000	NaN	9.3455	-9.3768	15.5259	355146.3506	355146.6521	0.0000	1.0000	0.4152
37tj03	5	34	1	1	2.0000	1.0000	1.0000	0.0797	NaN	NaN	NaN	355147.5778	355147.9045	1.0000	1.0000	0.1531
37tj03	5	35	1	1	1.0000	1.0000	1.0000	NaN	7.0654	8.6249	15.7056	355150.1358	355150.4374	0.0000	0.0000	0.2602
37tj03	5	35	1	1	2.0000	1.0000	-1.0000	0.4108	NaN	NaN	NaN	355151.2169	355151.5455	0.0000	1.0000	0.2896
37tj03	5	36	1	1	1.0000	1.0000	-1.0000	NaN	8.2108	-7.7990	15.2247	355153.8966	355154.1976	1.0000	0.0000	0.3659
37tj03	5	36	1	1	2.0000	1.0000	-1.0000	0.1621	NaN	NaN	NaN	355155.1771	355155.5055	1.0000	0.0000	0.2720
37tj03	5	37	1	1	1.0000	1.0000	1.0000	NaN	5.3411	4.9988	14.1435	355158.2952	355158.5964	1.0000	1.0000	0.1828
37tj03	5	37	1	1	2.0000	1.0000	1.0000	0.1543	NaN	NaN	NaN	355159.3456	355159.6720	0.0000	0.0000	0.0008
37tj03	5	38	1	1	1.0000	1.0000	1.0000	NaN	4.9544	4.3252	15.6428	355162.1209	355162.4219	1.0000	1.0000	0.2380
37tj03	5	38	1	1	2.0000	1.0000	1.0000	0.1682	NaN	NaN	NaN	355163.2011	355163.5292	1.0000	1.0000	0.0803
37tj03	5	39	1	1	1.0000	1.0000	-1.0000	NaN	3.1105	-2.6388	15.2618	355166.0135	355166.3147	0.0000	1.0000	0.1916
37tj03	5	39	1	1	2.0000	1.0000	1.0000	0.4272	NaN	NaN	NaN	355167.0492	355167.3772	1.0000	1.0000	0.0163
37tj03	5	40	1	1	1.0000	1.0000	-1.0000	NaN	0.0850	-2.2208	16.0387	355169.7581	355170.0595	1.0000	0.0000	0.2239
37tj03	5	40	1	1	2.0000	1.0000	-1.0000	0.4099	NaN	NaN	NaN	355170.8332	355171.1622	1.0000	0.0000	5.6423
37tj03	5	41	1	1	1.0000	1.0000	-1.0000	NaN	7.7535	-8.4474	14.5310	355178.8080	355179.1094	0.0000	1.0000	0.2302
37tj03	5	41	1	1	2.0000	1.0000	1.0000	0.4111	NaN	NaN	NaN	355179.9058	355180.2340	1.0000	1.0000	0.0007
37tj03	5	42	1	1	1.0000	1.0000	-1.0000	NaN	6.7892	-5.2944	14.5749	355182.6636	355182.9655	0.0000	1.0000	0.2693
37tj03	5	42	1	1	2.0000	1.0000	1.0000	0.0290	NaN	NaN	NaN	355183.8098	355184.1365	1.0000	1.0000	0.8171
37tj03	5	43	1	1	1.0000	1.0000	1.0000	NaN	0.6440	1.3759	14.5372	355187.0678	355187.3690	0.0000	0.0000	0.5377
37tj03	5	43	1	1	2.0000	1.0000	-1.0000	0.1358	NaN	NaN	NaN	355188.4653	355188.7970	1.0000	0.0000	0.0006
37tj03	5	44	1	1	1.0000	1.0000	1.0000	NaN	1.9772	3.2103	15.7099	355190.6847	355190.9858	0.0000	0.0000	0.9137
37tj03	5	44	1	1	2.0000	1.0000	-1.0000	0.3806	NaN	NaN	NaN	355192.4422	355192.7712	0.0000	1.0000	0.0075
37tj03	5	45	1	1	1.0000	1.0000	1.0000	NaN	8.4019	8.4244	14.3868	355194.7407	355195.0419	1.0000	1.0000	0.2259
37tj03	5	45	1	1	2.0000	1.0000	1.0000	0.1021	NaN	NaN	NaN	355195.8252	355196.1539	1.0000	1.0000	0.2957
37tj03	5	46	1	1	1.0000	1.0000	1.0000	NaN	1.1629	0.4607	14.0535	355198.7469	355199.0479	0.0000	0.0000	0.4095
37tj03	5	46	1	1	2.0000	1.0000	-1.0000	0.1992	NaN	NaN	NaN	355200.0337	355200.3615	1.0000	0.0000	0.1460
37tj03	5	47	1	1	1.0000	1.0000	1.0000	NaN	8.6232	7.8764	14.9604	355202.8013	355203.1023	1.0000	1.0000	0.3009
37tj03	5	47	1	1	2.0000	1.0000	1.0000	0.4769	NaN	NaN	NaN	355203.9533	355204.2809	1.0000	1.0000	0.1607
37tj03	5	48	1	1	1.0000	1.0000	-1.0000	NaN	0.7623	-2.1594	15.3858	355206.6795	355206.9809	1.0000	0.0000	0.2927
37tj03	5	48	1	1	2.0000	1.0000	-1.0000	0.1341	NaN	NaN	NaN	355207.8514	355208.1793	1.0000	0.0000	0.3918
37tj03	5	49	1	1	1.0000	1.0000	-1.0000	NaN	9.7272	-11.0349	14.4882	355210.8052	355211.1062	0.0000	1.0000	0.2337
37tj03	5	49	1	1	2.0000	1.0000	1.0000	0.4123	NaN	NaN	NaN	355211.8818	355212.2083	1.0000	1.0000	0.0007
37tj03	5	50	1	1	1.0000	1.0000	-1.0000	NaN	10.0226	-7.4919	14.5752	355214.5380	355214.8390	0.0000	1.0000	0.2505
37tj03	5	50	1	1	2.0000	1.0000	1.0000	0.3971	NaN	NaN	NaN	355215.6248	355215.9529	1.0000	1.0000	0.0008
37tj03	6	1	1	1	1.0000	1.0000	1.0000	NaN	8.3995	7.3536	14.7613	355230.2367	355230.5378	1.0000	1.0000	0.2095
37tj03	6	1	1	1	2.0000	1.0000	1.0000	0.0698	NaN	NaN	NaN	355231.3143	355231.6422	1.0000	1.0000	0.0153
37tj03	6	2	1	1	1.0000	1.0000	-1.0000	NaN	8.8607	-10.4281	14.5483	355234.0850	355234.3861	0.0000	1.0000	0.1603
37tj03	6	2	1	1	2.0000	1.0000	1.0000	0.4847	NaN	NaN	NaN	355235.1134	355235.4418	1.0000	1.0000	0.0008
37tj03	6	3	1	1	1.0000	1.0000	1.0000	NaN	9.3514	10.6164	14.8872	355237.9539	355238.2551	1.0000	1.0000	0.0525
37tj03	6	3	1	1	2.0000	1.0000	1.0000	0.3915	NaN	NaN	NaN	355238.8651	355239.1942	1.0000	1.0000	0.0006
37tj03	6	4	1	1	1.0000	1.0000	1.0000	NaN	9.9530	10.3512	14.6648	355241.3732	355241.6742	1.0000	1.0000	0.0954
37tj03	6	4	1	1	2.0000	1.0000	1.0000	0.2962	NaN	NaN	NaN	355242.3460	355242.6763	1.0000	1.0000	0.0007
37tj03	6	5	1	1	1.0000	1.0000	-1.0000	NaN	9.1039	-8.6413	14.0891	355244.9810	355245.2827	1.0000	0.0000	0.0308
37tj03	6	5	1	1	2.0000	1.0000	-1.0000	0.3252	NaN	NaN	NaN	355245.8894	355246.2169	0.0000	1.0000	0.0007
37tj03	6	6	1	1	1.0000	1.0000	1.0000	NaN	0.0591	1.4403	13.8881	355248.2663	355248.5673	1.0000	1.0000	0.1483
37tj03	6	6	1	1	2.0000	1.0000	1.0000	0.3389	NaN	NaN	NaN	355249.3134	355249.6411	1.0000	1.0000	0.0725
37tj03	6	7	1	1	1.0000	1.0000	1.0000	NaN	0.9600	1.5828	13.2223	355252.1840	355252.4850	1.0000	1.0000	0.2871
37tj03	6	7	1	1	2.0000	1.0000	1.0000	0.2490	NaN	NaN	NaN	355253.3533	355253.6812	1.0000	1.0000	0.1221
37tj03	6	8	1	1	1.0000	1.0000	-1.0000	NaN	2.7159	-1.3192	13.8823	355256.1890	355256.4900	0.0000	1.0000	0.3935
37tj03	6	8	1	1	2.0000	1.0000	1.0000	0.1649	NaN	NaN	NaN	355257.4573	355257.7871	1.0000	1.0000	0.0157
37tj03	6	9	1	1	1.0000	1.0000	-1.0000	NaN	5.6641	-7.3963	14.3225	355260.4879	355260.7893	0.0000	1.0000	0.2696
37tj03	6	9	1	1	2.0000	1.0000	1.0000	0.0841	NaN	NaN	NaN	355261.6095	355261.9381	1.0000	1.0000	0.0896
37tj03	6	10	1	1	1.0000	1.0000	1.0000	NaN	9.4235	11.5218	15.6520	355264.0272	355264.3284	1.0000	1.0000	0.1692
37tj03	6	10	1	1	2.0000	1.0000	1.0000	0.0276	NaN	NaN	NaN	355265.0893	355265.4191	1.0000	1.0000	0.0007
37tj03	6	11	1	1	1.0000	1.0000	1.0000	NaN	1.4941	1.8140	16.2151	355267.9702	355268.2714	1.0000	1.0000	0.1237
37tj03	6	11	1	1	2.0000	1.0000	1.0000	0.4301	NaN	NaN	NaN	355269.0089	355269.3376	1.0000	1.0000	0.0260
37tj03	6	12	1	1	1.0000	1.0000	-1.0000	NaN	8.1878	-9.3388	14.5970	355271.7887	355272.0898	0.0000	1.0000	0.2727
37tj03	6	12	1	1	2.0000	1.0000	1.0000	0.0500	NaN	NaN	NaN	355272.9292	355273.2575	1.0000	1.0000	0.1202
37tj03	6	13	1	1	1.0000	1.0000	-1.0000	NaN	5.8254	-5.6691	15.0686	355275.2478	355275.5488	0.0000	1.0000	0.2128
37tj03	6	13	1	1	2.0000	1.0000	1.0000	0.3874	NaN	NaN	NaN	355276.3701	355276.6968	1.0000	1.0000	0.0269
37tj03	6	14	1	1	1.0000	1.0000	1.0000	NaN	9.6813	8.8673	15.4787	355278.8655	355279.1666	1.0000	1.0000	0.4190
37tj03	6	14	1	1	2.0000	1.0000	1.0000	0.3086	NaN	NaN	NaN	355280.2173	355280.5466	1.0000	1.0000	0.1511
37tj03	6	15	1	1	1.0000	1.0000	-1.0000	NaN	1.1835	-0.2142	16.4149	355283.1827	355283.4839	0.0000	1.0000	0.3657
37tj03	6	15	1	1	2.0000	1.0000	1.0000	0.3158	NaN	NaN	NaN	355284.4179	355284.7485	1.0000	1.0000	0.0531
37tj03	6	16	1	1	1.0000	1.0000	-1.0000	NaN	0.8433	-0.0752	14.1066	355287.2211	355287.5223	0.0000	1.0000	0.3451
37tj03	6	16	1	1	2.0000	1.0000	1.0000	0.0252	NaN	NaN	NaN	355288.4418	355288.7719	1.0000	1.0000	0.1753
37tj03	6	17	1	1	1.0000	1.0000	1.0000	NaN	4.6946	5.6098	15.2958	355291.0501	355291.3511	1.0000	1.0000	0.5305
37tj03	6	17	1	1	2.0000	1.0000	1.0000	0.5106	NaN	NaN	NaN	355292.4975	355292.8256	1.0000	1.0000	0.1144
37tj03	6	18	1	1	1.0000	1.0000	-1.0000	NaN	7.2013	-8.2248	14.2259	355294.9409	355295.2420	1.0000	0.0000	0.1916
37tj03	6	18	1	1	2.0000	1.0000	-1.0000	0.2851	NaN	NaN	NaN	355295.9932	355296.3208	0.0000	1.0000	0.0009
37tj03	6	19	1	1	1.0000	1.0000	1.0000	NaN	0.7515	0.9874	13.8765	355298.2724	355298.5736	0.0000	0.0000	0.2680
37tj03	6	19	1	1	2.0000	1.0000	-1.0000	0.3634	NaN	NaN	NaN	355299.3691	355299.6953	0.0000	1.0000	0.1250
37tj03	6	20	1	1	1.0000	1.0000	-1.0000	NaN	8.2872	-10.4822	16.8625	355301.9138	355302.2150	0.0000	1.0000	0.2027
37tj03	6	20	1	1	2.0000	1.0000	1.0000	0.1896	NaN	NaN	NaN	355302.9534	355303.2812	1.0000	1.0000	0.1524
37tj03	6	21	1	1	1.0000	1.0000	1.0000	NaN	5.4094	4.8261	13.8013	355306.1376	355306.4387	1.0000	1.0000	0.2030
37tj03	6	21	1	1	2.0000	1.0000	1.0000	0.4816	NaN	NaN	NaN	355307.2341	355307.5621	1.0000	1.0000	0.0817
37tj03	6	22	1	1	1.0000	1.0000	-1.0000	NaN	3.0148	-3.4527	14.1533	355309.8191	355310.1201	1.0000	0.0000	0.6350
37tj03	6	22	1	1	2.0000	1.0000	-1.0000	0.1591	NaN	NaN	NaN	355311.2896	355311.6164	0.0000	1.0000	0.0912
37tj03	6	23	1	1	1.0000	1.0000	-1.0000	NaN	0.0418	-1.7978	15.4141	355313.5442	355313.8453	0.0000	1.0000	1.4787
37tj03	6	23	1	1	2.0000	1.0000	1.0000	0.4937	NaN	NaN	NaN	355315.8891	355316.2156	1.0000	1.0000	0.1301
37tj03	6	24	1	1	1.0000	1.0000	1.0000	NaN	7.9494	8.5915	16.4795	355318.7225	355319.0235	0.0000	0.0000	1.5804
37tj03	6	24	1	1	2.0000	1.0000	-1.0000	0.4819	NaN	NaN	NaN	355321.2014	355321.5286	0.0000	1.0000	0.1074
37tj03	6	25	1	1	1.0000	1.0000	1.0000	NaN	6.3401	7.1164	15.4136	355324.0124	355324.3134	1.0000	1.0000	0.1853
37tj03	6	25	1	1	2.0000	1.0000	1.0000	0.3431	NaN	NaN	NaN	355325.1059	355325.4359	1.0000	1.0000	0.0298
37tj03	6	26	1	1	1.0000	1.0000	1.0000	NaN	9.0808	8.9677	14.6633	355327.6417	355327.9428	1.0000	1.0000	0.2202
37tj03	6	26	1	1	2.0000	1.0000	1.0000	0.1248	NaN	NaN	NaN	355328.7774	355329.1065	1.0000	1.0000	1.1614
37tj03	6	27	1	1	1.0000	1.0000	1.0000	NaN	0.5521	1.1676	16.0566	355332.4790	355332.7802	1.0000	1.0000	0.3034
37tj03	6	27	1	1	2.0000	1.0000	1.0000	0.3715	NaN	NaN	NaN	355333.6575	355333.9854	1.0000	1.0000	0.3042
37tj03	6	28	1	1	1.0000	1.0000	1.0000	NaN	10.1230	12.3951	14.9183	355336.4834	355336.7844	1.0000	1.0000	2.2011
37tj03	6	28	1	1	2.0000	1.0000	1.0000	0.0889	NaN	NaN	NaN	355339.5531	355339.8814	1.0000	1.0000	0.2745
37tj03	6	29	1	1	1.0000	1.0000	1.0000	NaN	2.0421	1.7314	13.5806	355342.2983	355342.5998	1.0000	1.0000	0.2842
37tj03	6	29	1	1	2.0000	1.0000	1.0000	0.2594	NaN	NaN	NaN	355343.4576	355343.7862	1.0000	1.0000	1.4314
37tj03	6	30	1	1	1.0000	1.0000	1.0000	NaN	6.0713	3.6380	14.4832	355347.7210	355348.0222	0.0000	0.0000	0.6130
37tj03	6	30	1	1	2.0000	1.0000	-1.0000	0.3666	NaN	NaN	NaN	355349.2173	355349.5482	0.0000	1.0000	0.0775
37tj03	6	31	1	1	1.0000	1.0000	-1.0000	NaN	1.0606	-0.4067	13.7673	355351.9480	355352.2490	0.0000	1.0000	0.4884
37tj03	6	31	1	1	2.0000	1.0000	1.0000	0.0061	NaN	NaN	NaN	355353.3056	355353.6350	1.0000	1.0000	0.2868
37tj03	6	32	1	1	1.0000	1.0000	1.0000	NaN	4.3927	3.8256	14.9020	355356.3975	355356.6987	1.0000	1.0000	0.2728
37tj03	6	32	1	1	2.0000	1.0000	1.0000	0.2873	NaN	NaN	NaN	355357.5688	355357.8971	1.0000	1.0000	0.0007
37tj03	6	33	1	1	1.0000	1.0000	1.0000	NaN	1.0284	0.8796	14.2544	355360.3934	355360.6947	1.0000	1.0000	0.1150
37tj03	6	33	1	1	2.0000	1.0000	1.0000	0.2671	NaN	NaN	NaN	355361.4175	355361.7467	1.0000	1.0000	0.0006
37tj03	6	34	1	1	1.0000	1.0000	-1.0000	NaN	5.6396	-3.6905	15.0744	355364.0592	355364.3603	1.0000	0.0000	0.0587
37tj03	6	34	1	1	2.0000	1.0000	-1.0000	0.3332	NaN	NaN	NaN	355364.9767	355365.3049	1.0000	0.0000	0.0007
37tj03	6	35	1	1	1.0000	1.0000	-1.0000	NaN	6.6597	-5.5211	14.6525	355367.7689	355368.0701	0.0000	1.0000	0.2608
37tj03	6	35	1	1	2.0000	1.0000	1.0000	0.1806	NaN	NaN	NaN	355368.9213	355369.2477	1.0000	1.0000	0.2112
37tj03	6	36	1	1	1.0000	1.0000	1.0000	NaN	9.9547	10.4436	16.5283	355371.7612	355372.0625	1.0000	1.0000	0.2520
37tj03	6	36	1	1	2.0000	1.0000	1.0000	0.1252	NaN	NaN	NaN	355372.9048	355373.2324	1.0000	1.0000	0.2025
37tj03	6	37	1	1	1.0000	1.0000	1.0000	NaN	8.0258	8.1714	14.9213	355376.0959	355376.3971	1.0000	1.0000	0.2045
37tj03	6	37	1	1	2.0000	1.0000	1.0000	0.0871	NaN	NaN	NaN	355377.1452	355377.4741	0.0000	0.0000	0.1115
37tj03	6	38	1	1	1.0000	1.0000	1.0000	NaN	8.3385	7.2500	14.9806	355379.7500	355380.0511	1.0000	1.0000	0.1346
37tj03	6	38	1	1	2.0000	1.0000	1.0000	0.0537	NaN	NaN	NaN	355380.7446	355381.0729	0.0000	0.0000	0.2265
37tj03	6	39	1	1	1.0000	1.0000	-1.0000	NaN	0.2240	-2.7242	15.5210	355383.8755	355384.1766	1.0000	0.0000	0.1610
37tj03	6	39	1	1	2.0000	1.0000	-1.0000	0.2085	NaN	NaN	NaN	355384.8970	355385.2242	0.0000	1.0000	0.1055
37tj03	6	40	1	1	1.0000	1.0000	1.0000	NaN	9.5510	8.9608	15.7680	355387.5751	355387.8760	1.0000	1.0000	0.2376
37tj03	6	40	1	1	2.0000	1.0000	1.0000	0.4410	NaN	NaN	NaN	355388.6816	355389.0082	1.0000	1.0000	7.9453
37tj03	6	41	1	1	1.0000	1.0000	-1.0000	NaN	3.7376	-2.5487	13.1167	355399.2097	355399.5107	1.0000	0.0000	0.7251
37tj03	6	41	1	1	2.0000	1.0000	-1.0000	0.1576	NaN	NaN	NaN	355400.7775	355401.1053	1.0000	0.0000	0.3695
37tj03	6	42	1	1	1.0000	1.0000	1.0000	NaN	0.3102	1.6810	14.7794	355404.0323	355404.3334	1.0000	1.0000	0.1653
37tj03	6	42	1	1	2.0000	1.0000	1.0000	0.0372	NaN	NaN	NaN	355405.0414	355405.3684	1.0000	1.0000	0.0994
37tj03	6	43	1	1	1.0000	1.0000	1.0000	NaN	4.2529	1.9847	14.4799	355407.9032	355408.2042	1.0000	1.0000	0.2391
37tj03	6	43	1	1	2.0000	1.0000	1.0000	0.1164	NaN	NaN	NaN	355409.0005	355409.3275	1.0000	1.0000	0.1062
37tj03	6	44	1	1	1.0000	1.0000	1.0000	NaN	9.8895	9.6523	14.8553	355411.7540	355412.0552	1.0000	1.0000	0.1797
37tj03	6	44	1	1	2.0000	1.0000	1.0000	0.0712	NaN	NaN	NaN	355412.8015	355413.1290	1.0000	1.0000	0.0008
37tj03	6	45	1	1	1.0000	1.0000	-1.0000	NaN	8.2708	-6.7631	14.7376	355415.4265	355415.7277	1.0000	0.0000	0.2275
37tj03	6	45	1	1	2.0000	1.0000	-1.0000	0.2701	NaN	NaN	NaN	355416.5292	355416.8556	0.0000	1.0000	0.0674
37tj03	6	46	1	1	1.0000	1.0000	-1.0000	NaN	0.0934	-1.3704	14.5072	355419.3232	355419.6244	1.0000	0.0000	0.1532
37tj03	6	46	1	1	2.0000	1.0000	-1.0000	0.3483	NaN	NaN	NaN	355420.3461	355420.6734	0.0000	1.0000	0.0504
37tj03	6	47	1	1	1.0000	1.0000	1.0000	NaN	5.6483	5.2025	15.4042	355422.9429	355423.2441	1.0000	1.0000	0.3034
37tj03	6	47	1	1	2.0000	1.0000	1.0000	0.1277	NaN	NaN	NaN	355424.1296	355424.4579	1.0000	1.0000	0.0008
37tj03	6	48	1	1	1.0000	1.0000	-1.0000	NaN	0.1067	-0.2674	15.3188	355427.0542	355427.3553	1.0000	0.0000	0.2315
37tj03	6	48	1	1	2.0000	1.0000	-1.0000	0.0092	NaN	NaN	NaN	355428.1456	355428.4727	1.0000	0.0000	0.0972
37tj03	6	49	1	1	1.0000	1.0000	-1.0000	NaN	2.3111	-1.4366	16.6768	355430.9650	355431.2661	0.0000	1.0000	0.1848
37tj03	6	49	1	1	2.0000	1.0000	1.0000	0.0598	NaN	NaN	NaN	355432.0422	355432.3702	1.0000	1.0000	0.2654
37tj03	6	50	1	1	1.0000	1.0000	1.0000	NaN	5.4678	5.1174	14.4088	355434.8692	355435.1704	1.0000	1.0000	0.1606
37tj03	6	50	1	1	2.0000	1.0000	1.0000	0.3303	NaN	NaN	NaN	355435.9216	355436.2488	1.0000	1.0000	0.1074
