39lh02	1	1	0	0	1.0000	0.0000	-1.0000	0.7959	NaN	NaN	NaN	279002.2839	279002.6123	0.0000	1.0000	1.5995
39lh02	1	1	0	0	2.0000	0.0000	-1.0000	NaN	11.9829	-13.0690	15.1163	279004.7585	279005.0596	0.0000	1.0000	0.3360
39lh02	1	2	0	0	1.0000	0.0000	1.0000	0.8625	NaN	NaN	NaN	279007.4863	279007.8154	1.0000	1.0000	1.3459
39lh02	1	2	0	0	2.0000	0.0000	-1.0000	NaN	3.9143	-4.3294	15.0771	279009.7503	279010.0516	0.0000	1.0000	0.3601
39lh02	1	3	0	0	1.0000	0.0000	-1.0000	0.4358	NaN	NaN	NaN	279012.4422	279012.7699	1.0000	0.0000	0.7845
39lh02	1	3	0	0	2.0000	0.0000	-1.0000	NaN	0.4294	-1.4940	14.6319	279014.1101	279014.4113	0.0000	1.0000	0.3989
39lh02	1	4	0	0	1.0000	0.0000	-1.0000	0.0544	NaN	NaN	NaN	279017.4472	279017.7779	1.0000	0.0000	0.7145
39lh02	1	4	0	0	2.0000	0.0000	1.0000	NaN	8.1259	10.2101	15.0421	279019.0542	279019.3554	1.0000	1.0000	0.3919
39lh02	1	5	0	0	1.0000	0.0000	-1.0000	0.3108	NaN	NaN	NaN	279022.0831	279022.4113	1.0000	0.0000	0.8462
39lh02	1	5	0	0	2.0000	0.0000	-1.0000	NaN	4.2225	-3.1641	15.2602	279023.8212	279024.1222	0.0000	1.0000	0.7136
39lh02	1	6	0	0	1.0000	0.0000	-1.0000	0.2476	NaN	NaN	NaN	279027.1521	279027.4826	0.0000	1.0000	0.9211
39lh02	1	6	0	0	2.0000	0.0000	1.0000	NaN	10.6138	12.0467	14.4436	279028.9588	279029.2598	1.0000	1.0000	3.3098
39lh02	1	7	0	0	1.0000	0.0000	1.0000	0.3259	NaN	NaN	NaN	279034.4022	279034.7326	1.0000	1.0000	0.5749
39lh02	1	7	0	0	2.0000	0.0000	1.0000	NaN	10.4392	9.6234	13.8157	279035.8315	279036.1329	1.0000	1.0000	0.4385
39lh02	1	8	0	0	1.0000	0.0000	-1.0000	0.6626	NaN	NaN	NaN	279038.8681	279039.1968	1.0000	0.0000	0.6141
39lh02	1	8	0	0	2.0000	0.0000	-1.0000	NaN	3.9726	-5.5323	14.1576	279040.3674	279040.6684	0.0000	1.0000	0.5276
39lh02	1	9	0	0	1.0000	0.0000	-1.0000	0.8997	NaN	NaN	NaN	279043.0916	279043.4188	0.0000	1.0000	1.0573
39lh02	1	9	0	0	2.0000	0.0000	-1.0000	NaN	9.7073	-12.1568	15.9362	279045.0383	279045.3393	0.0000	1.0000	1.0969
39lh02	1	10	0	0	1.0000	0.0000	-1.0000	0.7273	NaN	NaN	NaN	279048.4918	279048.8210	1.0000	0.0000	1.0935
39lh02	1	10	0	0	2.0000	0.0000	1.0000	NaN	7.8540	7.6238	13.1631	279050.4959	279050.7970	1.0000	1.0000	1.0949
39lh02	1	11	0	0	1.0000	0.0000	-1.0000	0.6903	NaN	NaN	NaN	279054.0215	279054.3494	1.0000	0.0000	43.8447
39lh02	1	11	0	0	2.0000	0.0000	1.0000	NaN	10.1494	8.9027	14.3706	279099.8561	279100.1573	1.0000	1.0000	0.5266
39lh02	1	12	0	0	1.0000	0.0000	-1.0000	0.1438	NaN	NaN	NaN	279103.0100	279103.3372	1.0000	0.0000	0.4909
39lh02	1	12	0	0	2.0000	0.0000	-1.0000	NaN	2.1650	-1.0371	14.9104	279104.3982	279104.6993	0.0000	1.0000	0.4623
39lh02	1	13	0	0	1.0000	0.0000	-1.0000	0.2180	NaN	NaN	NaN	279107.1267	279107.4582	1.0000	0.0000	0.6394
39lh02	1	13	0	0	2.0000	0.0000	-1.0000	NaN	8.9368	-7.8471	16.2028	279108.6547	279108.9559	0.0000	1.0000	0.5656
39lh02	1	14	0	0	1.0000	0.0000	1.0000	0.1085	NaN	NaN	NaN	279111.8600	279112.1867	1.0000	1.0000	0.5268
39lh02	1	14	0	0	2.0000	0.0000	1.0000	NaN	0.4388	1.3418	14.0917	279113.2735	279113.5747	1.0000	1.0000	0.3812
39lh02	1	15	0	0	1.0000	0.0000	-1.0000	0.7720	NaN	NaN	NaN	279115.8852	279116.2128	1.0000	0.0000	0.5898
39lh02	1	15	0	0	2.0000	0.0000	-1.0000	NaN	2.9672	-3.8629	14.9550	279117.3916	279117.6926	0.0000	1.0000	0.5755
39lh02	1	16	0	0	1.0000	0.0000	-1.0000	0.8998	NaN	NaN	NaN	279120.7210	279121.0488	1.0000	0.0000	0.5049
39lh02	1	16	0	0	2.0000	0.0000	-1.0000	NaN	2.7903	-3.2138	14.9536	279122.1506	279122.4523	0.0000	1.0000	1.0477
39lh02	1	17	0	0	1.0000	0.0000	-1.0000	0.3639	NaN	NaN	NaN	279125.9769	279126.3055	0.0000	1.0000	0.7760
39lh02	1	17	0	0	2.0000	0.0000	-1.0000	NaN	4.1801	-3.8412	14.3044	279127.7418	279128.0428	0.0000	1.0000	0.7599
39lh02	1	18	0	0	1.0000	0.0000	-1.0000	0.4077	NaN	NaN	NaN	279131.3643	279131.6940	1.0000	0.0000	0.4275
39lh02	1	18	0	0	2.0000	0.0000	-1.0000	NaN	1.7243	-1.8659	15.3102	279132.7537	279133.0548	1.0000	0.0000	0.9892
39lh02	1	19	0	0	1.0000	0.0000	1.0000	0.7004	NaN	NaN	NaN	279136.1419	279136.4692	0.0000	0.0000	0.5748
39lh02	1	19	0	0	2.0000	0.0000	1.0000	NaN	6.3811	6.8595	15.1250	279137.9027	279138.2038	1.0000	1.0000	0.3029
39lh02	1	20	0	0	1.0000	0.0000	-1.0000	0.9124	NaN	NaN	NaN	279140.8134	279141.1406	1.0000	0.0000	0.5338
39lh02	1	20	0	0	2.0000	0.0000	1.0000	NaN	0.7224	0.2438	16.0860	279142.2144	279142.5155	0.0000	0.0000	0.6080
39lh02	1	21	0	0	1.0000	0.0000	1.0000	0.3502	NaN	NaN	NaN	279145.9665	279146.2969	1.0000	1.0000	0.6664
39lh02	1	21	0	0	2.0000	0.0000	1.0000	NaN	3.5086	2.6058	15.5477	279147.5269	279147.8281	1.0000	1.0000	0.2934
39lh02	1	22	0	0	1.0000	0.0000	-1.0000	0.8253	NaN	NaN	NaN	279150.1104	279150.4387	1.0000	0.0000	0.5161
39lh02	1	22	0	0	2.0000	0.0000	1.0000	NaN	11.9382	12.1610	14.8565	279151.5116	279151.8128	1.0000	1.0000	0.2550
39lh02	1	23	0	0	1.0000	0.0000	-1.0000	0.5706	NaN	NaN	NaN	279154.5457	279154.8756	1.0000	0.0000	0.4141
39lh02	1	23	0	0	2.0000	0.0000	-1.0000	NaN	10.4479	-10.1892	14.0192	279155.8781	279156.1794	0.0000	1.0000	0.2721
39lh02	1	24	0	0	1.0000	0.0000	1.0000	0.2932	NaN	NaN	NaN	279158.5290	279158.8580	1.0000	1.0000	0.5442
39lh02	1	24	0	0	2.0000	0.0000	1.0000	NaN	2.5824	2.3675	13.9398	279159.8944	279160.1959	1.0000	1.0000	0.4161
39lh02	1	25	0	0	1.0000	0.0000	1.0000	0.4779	NaN	NaN	NaN	279163.0318	279163.3610	0.0000	0.0000	0.5527
39lh02	1	25	0	0	2.0000	0.0000	-1.0000	NaN	0.5166	-1.0923	14.3432	279164.5498	279164.8510	1.0000	0.0000	1.0641
39lh02	1	26	0	0	1.0000	0.0000	1.0000	0.9204	NaN	NaN	NaN	279167.8693	279168.1970	0.0000	0.0000	0.3989
39lh02	1	26	0	0	2.0000	0.0000	-1.0000	NaN	7.3277	-4.7405	13.8858	279169.2145	279169.5155	1.0000	0.0000	0.7525
39lh02	1	27	0	0	1.0000	0.0000	-1.0000	0.1134	NaN	NaN	NaN	279172.2493	279172.5785	1.0000	0.0000	0.4973
39lh02	1	27	0	0	2.0000	0.0000	1.0000	NaN	5.1789	6.0067	14.9146	279173.6532	279173.9542	1.0000	1.0000	0.6899
39lh02	1	28	0	0	1.0000	0.0000	1.0000	0.6685	NaN	NaN	NaN	279177.0700	279177.3976	0.0000	0.0000	0.4945
39lh02	1	28	0	0	2.0000	0.0000	-1.0000	NaN	5.1320	-4.5379	16.0678	279178.5023	279178.8033	0.0000	1.0000	0.8543
39lh02	1	29	0	0	1.0000	0.0000	-1.0000	0.6653	NaN	NaN	NaN	279181.9454	279182.2734	1.0000	0.0000	0.4322
39lh02	1	29	0	0	2.0000	0.0000	1.0000	NaN	1.2747	0.9573	15.2281	279183.2645	279183.5657	1.0000	1.0000	0.4534
39lh02	1	30	0	0	1.0000	0.0000	-1.0000	0.6328	NaN	NaN	NaN	279186.2917	279186.6200	1.0000	0.0000	0.4479
39lh02	1	30	0	0	2.0000	0.0000	1.0000	NaN	3.9504	3.7370	15.4741	279187.6880	279187.9892	1.0000	1.0000	0.4782
39lh02	1	31	0	0	1.0000	0.0000	1.0000	0.5844	NaN	NaN	NaN	279190.4048	279190.7315	1.0000	1.0000	1.5521
39lh02	1	31	0	0	2.0000	0.0000	-1.0000	NaN	7.0623	-7.0243	14.1614	279192.7978	279193.0989	0.0000	1.0000	0.5365
39lh02	1	32	0	0	1.0000	0.0000	1.0000	0.0604	NaN	NaN	NaN	279196.0417	279196.3711	1.0000	1.0000	0.6250
39lh02	1	32	0	0	2.0000	0.0000	-1.0000	NaN	7.9825	-10.0357	14.4682	279197.5672	279197.8683	0.0000	1.0000	0.3093
39lh02	1	33	0	0	1.0000	0.0000	-1.0000	0.8166	NaN	NaN	NaN	279200.3933	279200.7218	0.0000	1.0000	0.6018
39lh02	1	33	0	0	2.0000	0.0000	-1.0000	NaN	1.6817	-0.1678	14.5445	279201.8867	279202.1878	1.0000	0.0000	0.9178
39lh02	1	34	0	0	1.0000	0.0000	1.0000	0.4095	NaN	NaN	NaN	279205.1637	279205.4910	1.0000	1.0000	0.3346
39lh02	1	34	0	0	2.0000	0.0000	1.0000	NaN	1.3367	0.1308	14.8581	279206.3591	279206.6601	1.0000	1.0000	0.5280
39lh02	1	35	0	0	1.0000	0.0000	-1.0000	0.7635	NaN	NaN	NaN	279209.2853	279209.6152	1.0000	0.0000	0.5727
39lh02	1	35	0	0	2.0000	0.0000	1.0000	NaN	3.2858	3.9294	14.1449	279210.7187	279211.0197	1.0000	1.0000	0.3923
39lh02	1	36	0	0	1.0000	0.0000	-1.0000	0.9369	NaN	NaN	NaN	279213.8668	279214.1963	1.0000	0.0000	0.3918
39lh02	1	36	0	0	2.0000	0.0000	1.0000	NaN	10.6460	10.2459	14.9172	279215.1112	279215.4123	1.0000	1.0000	0.2468
39lh02	1	37	0	0	1.0000	0.0000	-1.0000	0.5084	NaN	NaN	NaN	279217.9079	279218.2365	0.0000	1.0000	0.3656
39lh02	1	37	0	0	2.0000	0.0000	-1.0000	NaN	7.8393	-7.0496	13.6697	279219.1507	279219.4517	0.0000	1.0000	0.3357
39lh02	1	38	0	0	1.0000	0.0000	-1.0000	0.2802	NaN	NaN	NaN	279221.8693	279222.1967	0.0000	1.0000	0.4472
39lh02	1	38	0	0	2.0000	0.0000	1.0000	NaN	1.5443	0.9425	13.8193	279223.1752	279223.4762	1.0000	1.0000	0.2457
39lh02	1	39	0	0	1.0000	0.0000	1.0000	0.1593	NaN	NaN	NaN	279226.2473	279226.5756	1.0000	1.0000	0.3145
39lh02	1	39	0	0	2.0000	0.0000	-1.0000	NaN	2.7130	-1.0038	15.5394	279227.4625	279227.7636	1.0000	0.0000	0.2807
39lh02	1	40	0	0	1.0000	0.0000	1.0000	0.5781	NaN	NaN	NaN	279230.4990	279230.8272	1.0000	1.0000	0.2729
39lh02	1	40	0	0	2.0000	0.0000	1.0000	NaN	10.1793	8.1739	15.2462	279231.6703	279231.9718	1.0000	1.0000	0.2539
39lh02	1	41	0	0	1.0000	0.0000	1.0000	0.2131	NaN	NaN	NaN	279234.6337	279234.9625	1.0000	1.0000	0.5690
39lh02	1	41	0	0	2.0000	0.0000	-1.0000	NaN	9.7813	-8.6603	15.6983	279236.1258	279236.4268	0.0000	1.0000	0.3534
39lh02	1	42	0	0	1.0000	0.0000	-1.0000	0.6703	NaN	NaN	NaN	279239.0013	279239.3299	0.0000	1.0000	0.3918
39lh02	1	42	0	0	2.0000	0.0000	1.0000	NaN	11.0637	7.5248	14.5180	279240.2794	279240.5806	1.0000	1.0000	0.1908
39lh02	1	43	0	0	1.0000	0.0000	-1.0000	0.9062	NaN	NaN	NaN	279243.0446	279243.3731	0.0000	1.0000	0.3899
39lh02	1	43	0	0	2.0000	0.0000	-1.0000	NaN	6.8522	-5.9813	16.7162	279244.3499	279244.6510	0.0000	1.0000	0.4065
39lh02	1	44	0	0	1.0000	0.0000	1.0000	0.4194	NaN	NaN	NaN	279247.5890	279247.9168	1.0000	1.0000	0.3248
39lh02	1	44	0	0	2.0000	0.0000	1.0000	NaN	0.1122	0.1306	14.7450	279248.8251	279249.1262	1.0000	1.0000	0.3555
39lh02	1	45	0	0	1.0000	0.0000	1.0000	0.3855	NaN	NaN	NaN	279252.0391	279252.3672	0.0000	0.0000	0.0006
39lh02	1	45	0	0	2.0000	0.0000	-1.0000	NaN	0.7792	-2.0105	14.4888	279253.0465	279253.3476	1.0000	0.0000	0.6401
39lh02	1	46	0	0	1.0000	0.0000	1.0000	0.4561	NaN	NaN	NaN	279256.0867	279256.4165	1.0000	1.0000	0.3291
39lh02	1	46	0	0	2.0000	0.0000	-1.0000	NaN	1.9351	-2.2938	13.9081	279257.2811	279257.5821	0.0000	1.0000	0.1794
39lh02	1	47	0	0	1.0000	0.0000	1.0000	0.4098	NaN	NaN	NaN	279259.9515	279260.2789	0.0000	0.0000	0.5082
39lh02	1	47	0	0	2.0000	0.0000	-1.0000	NaN	3.0483	-2.2885	15.9273	279261.3840	279261.6852	1.0000	0.0000	0.3563
39lh02	1	48	0	0	1.0000	0.0000	-1.0000	0.3135	NaN	NaN	NaN	279264.2019	279264.5325	1.0000	0.0000	0.3915
39lh02	1	48	0	0	2.0000	0.0000	-1.0000	NaN	8.0274	-6.2917	16.0159	279265.4467	279265.7478	0.0000	1.0000	0.2778
39lh02	1	49	0	0	1.0000	0.0000	-1.0000	0.2202	NaN	NaN	NaN	279268.6638	279268.9923	1.0000	0.0000	0.1878
39lh02	1	49	0	0	2.0000	0.0000	-1.0000	NaN	10.9755	-8.3436	15.5585	279269.6868	279269.9878	0.0000	1.0000	0.3042
39lh02	1	50	0	0	1.0000	0.0000	-1.0000	0.0333	NaN	NaN	NaN	279272.4717	279272.8003	1.0000	0.0000	0.3706
39lh02	1	50	0	0	2.0000	0.0000	-1.0000	NaN	0.9829	-1.6656	14.2851	279273.7191	279274.0202	0.0000	1.0000	1.1915
39lh02	2	1	0	0	1.0000	0.0000	-1.0000	0.7175	NaN	NaN	NaN	279282.2289	279282.5583	1.0000	0.0000	0.5169
39lh02	2	1	0	0	2.0000	0.0000	-1.0000	NaN	11.4691	-13.3235	15.0236	279283.6630	279283.9640	0.0000	1.0000	0.4321
39lh02	2	2	0	0	1.0000	0.0000	-1.0000	0.9053	NaN	NaN	NaN	279287.0603	279287.3877	1.0000	0.0000	0.4001
39lh02	2	2	0	0	2.0000	0.0000	-1.0000	NaN	8.7549	-8.8070	13.7643	279288.3432	279288.6442	0.0000	1.0000	0.3199
39lh02	2	3	0	0	1.0000	0.0000	-1.0000	0.3581	NaN	NaN	NaN	279291.2758	279291.6041	1.0000	0.0000	1.0075
39lh02	2	3	0	0	2.0000	0.0000	1.0000	NaN	5.1192	3.4707	14.4164	279293.1264	279293.4275	1.0000	1.0000	0.4474
39lh02	2	4	0	0	1.0000	0.0000	1.0000	0.1658	NaN	NaN	NaN	279296.3144	279296.6440	0.0000	0.0000	0.5437
39lh02	2	4	0	0	2.0000	0.0000	1.0000	NaN	3.7094	3.1278	14.6410	279297.7492	279298.0502	1.0000	1.0000	1.0738
39lh02	2	5	0	0	1.0000	0.0000	-1.0000	0.0367	NaN	NaN	NaN	279301.4533	279301.7811	1.0000	0.0000	0.3493
39lh02	2	5	0	0	2.0000	0.0000	-1.0000	NaN	11.7206	-11.4081	13.9712	279302.7187	279303.0198	0.0000	1.0000	0.9910
39lh02	2	6	0	0	1.0000	0.0000	-1.0000	0.3993	NaN	NaN	NaN	279305.9479	279306.2764	1.0000	0.0000	1.5110
39lh02	2	6	0	0	2.0000	0.0000	-1.0000	NaN	0.3564	-0.6093	13.2866	279308.3918	279308.6930	0.0000	1.0000	1.3754
39lh02	2	7	0	0	1.0000	0.0000	-1.0000	0.0392	NaN	NaN	NaN	279312.6758	279313.0025	1.0000	0.0000	0.4471
39lh02	2	7	0	0	2.0000	0.0000	1.0000	NaN	10.9019	9.8304	15.0575	279313.9741	279314.2752	1.0000	1.0000	0.3040
39lh02	2	8	0	0	1.0000	0.0000	-1.0000	0.2348	NaN	NaN	NaN	279316.7777	279317.1051	1.0000	0.0000	0.3205
39lh02	2	8	0	0	2.0000	0.0000	-1.0000	NaN	10.1413	-10.4737	15.8054	279318.0230	279318.3240	0.0000	1.0000	0.4376
39lh02	2	9	0	0	1.0000	0.0000	-1.0000	0.5900	NaN	NaN	NaN	279321.0178	279321.3457	0.0000	1.0000	0.6240
39lh02	2	9	0	0	2.0000	0.0000	-1.0000	NaN	5.2973	-2.7957	14.3417	279322.5851	279322.8863	1.0000	0.0000	1.1011
39lh02	2	10	0	0	1.0000	0.0000	-1.0000	0.0615	NaN	NaN	NaN	279326.1586	279326.4887	1.0000	0.0000	0.4490
39lh02	2	10	0	0	2.0000	0.0000	-1.0000	NaN	5.6448	-4.5653	15.5365	279327.5421	279327.8438	0.0000	1.0000	0.4636
39lh02	2	11	0	0	1.0000	0.0000	-1.0000	0.2966	NaN	NaN	NaN	279330.9205	279331.2494	1.0000	0.0000	0.6019
39lh02	2	11	0	0	2.0000	0.0000	-1.0000	NaN	2.5540	-1.0119	14.9963	279332.4154	279332.7164	1.0000	0.0000	0.4613
39lh02	2	12	0	0	1.0000	0.0000	1.0000	0.5869	NaN	NaN	NaN	279335.5794	279335.9142	0.0000	0.0000	0.4496
39lh02	2	12	0	0	2.0000	0.0000	1.0000	NaN	11.9775	13.7866	15.9005	279336.9507	279337.2522	1.0000	1.0000	0.2321
39lh02	2	13	0	0	1.0000	0.0000	-1.0000	0.0716	NaN	NaN	NaN	279339.7053	279340.0341	0.0000	1.0000	1.3056
39lh02	2	13	0	0	2.0000	0.0000	-1.0000	NaN	7.9499	-7.7615	15.8135	279341.9261	279342.2272	0.0000	1.0000	0.6570
39lh02	2	14	0	0	1.0000	0.0000	-1.0000	0.1076	NaN	NaN	NaN	279345.5384	279345.8694	0.0000	1.0000	0.4462
39lh02	2	14	0	0	2.0000	0.0000	-1.0000	NaN	6.5921	-7.0752	14.0436	279346.8704	279347.1719	0.0000	1.0000	0.4640
39lh02	2	15	0	0	1.0000	0.0000	1.0000	0.7522	NaN	NaN	NaN	279349.9560	279350.2852	0.0000	0.0000	0.2845
39lh02	2	15	0	0	2.0000	0.0000	1.0000	NaN	4.0880	3.9620	13.3611	279351.1425	279351.4436	1.0000	1.0000	0.4166
39lh02	2	16	0	0	1.0000	0.0000	-1.0000	0.0509	NaN	NaN	NaN	279354.2815	279354.6102	0.0000	1.0000	0.2729
39lh02	2	16	0	0	2.0000	0.0000	1.0000	NaN	9.4337	10.4261	14.6403	279355.4948	279355.7961	1.0000	1.0000	0.5742
39lh02	2	17	0	0	1.0000	0.0000	1.0000	0.0965	NaN	NaN	NaN	279358.7117	279359.0409	1.0000	1.0000	0.3381
39lh02	2	17	0	0	2.0000	0.0000	1.0000	NaN	0.5885	2.6262	16.1756	279359.9139	279360.2151	1.0000	1.0000	0.3334
39lh02	2	18	0	0	1.0000	0.0000	-1.0000	0.6240	NaN	NaN	NaN	279362.8629	279363.1911	0.0000	1.0000	0.6586
39lh02	2	18	0	0	2.0000	0.0000	1.0000	NaN	11.1098	11.2084	14.5168	279364.3903	279364.6913	1.0000	1.0000	0.2008
39lh02	2	19	0	0	1.0000	0.0000	1.0000	0.7609	NaN	NaN	NaN	279367.3500	279367.6795	0.0000	0.0000	1.3782
39lh02	2	19	0	0	2.0000	0.0000	1.0000	NaN	8.7071	8.3892	15.2093	279369.6378	279369.9388	1.0000	1.0000	0.1830
39lh02	2	20	0	0	1.0000	0.0000	1.0000	0.0371	NaN	NaN	NaN	279372.2302	279372.5591	1.0000	1.0000	1.2367
39lh02	2	20	0	0	2.0000	0.0000	1.0000	NaN	3.3618	4.1839	14.4620	279374.3748	279374.6760	1.0000	1.0000	0.5281
39lh02	2	21	0	0	1.0000	0.0000	1.0000	0.4304	NaN	NaN	NaN	279377.5495	279377.8768	0.0000	0.0000	0.6608
39lh02	2	21	0	0	2.0000	0.0000	1.0000	NaN	11.9456	10.5440	15.3462	279379.1343	279379.4355	1.0000	1.0000	0.2004
39lh02	2	22	0	0	1.0000	0.0000	-1.0000	0.3520	NaN	NaN	NaN	279382.2203	279382.5491	0.0000	1.0000	0.3828
39lh02	2	22	0	0	2.0000	0.0000	-1.0000	NaN	0.4498	-0.5792	15.4864	279383.5279	279383.8291	1.0000	0.0000	0.4046
39lh02	2	23	0	0	1.0000	0.0000	-1.0000	0.5848	NaN	NaN	NaN	279386.5402	279386.8823	0.0000	1.0000	0.3616
39lh02	2	23	0	0	2.0000	0.0000	1.0000	NaN	1.0866	1.1659	14.8523	279387.8084	279388.1098	1.0000	1.0000	0.2141
39lh02	2	24	0	0	1.0000	0.0000	-1.0000	0.9428	NaN	NaN	NaN	279390.8290	279391.1583	0.0000	1.0000	0.3252
39lh02	2	24	0	0	2.0000	0.0000	-1.0000	NaN	6.8765	-5.3951	15.1655	279392.0300	279392.3312	0.0000	1.0000	0.3905
39lh02	2	25	0	0	1.0000	0.0000	1.0000	0.0985	NaN	NaN	NaN	279394.6613	279394.9887	0.0000	0.0000	0.5353
39lh02	2	25	0	0	2.0000	0.0000	1.0000	NaN	1.8300	2.8618	14.7662	279396.0931	279396.3942	1.0000	1.0000	0.3771
39lh02	2	26	0	0	1.0000	0.0000	-1.0000	0.0740	NaN	NaN	NaN	279399.4003	279399.7284	0.0000	1.0000	0.2588
39lh02	2	26	0	0	2.0000	0.0000	-1.0000	NaN	11.1518	-12.4937	13.3512	279400.6388	279400.9401	0.0000	1.0000	0.2714
39lh02	2	27	0	0	1.0000	0.0000	-1.0000	0.7417	NaN	NaN	NaN	279403.8900	279404.2189	0.0000	1.0000	0.4324
39lh02	2	27	0	0	2.0000	0.0000	-1.0000	NaN	1.7670	-0.3330	14.1036	279405.2801	279405.5812	1.0000	0.0000	1.0064
39lh02	2	28	0	0	1.0000	0.0000	-1.0000	0.5831	NaN	NaN	NaN	279408.8664	279409.1953	1.0000	0.0000	0.4151
39lh02	2	28	0	0	2.0000	0.0000	-1.0000	NaN	9.3432	-9.1238	15.7444	279410.1743	279410.4752	0.0000	1.0000	0.3286
39lh02	2	29	0	0	1.0000	0.0000	1.0000	0.0709	NaN	NaN	NaN	279413.3888	279413.7179	1.0000	1.0000	0.3477
39lh02	2	29	0	0	2.0000	0.0000	-1.0000	NaN	5.5997	-5.1692	15.6842	279414.6467	279414.9476	0.0000	1.0000	0.6800
39lh02	2	30	0	0	1.0000	0.0000	-1.0000	0.1121	NaN	NaN	NaN	279417.6658	279417.9954	1.0000	0.0000	0.4485
39lh02	2	30	0	0	2.0000	0.0000	-1.0000	NaN	0.4399	-0.2394	14.5960	279418.9852	279419.2864	1.0000	0.0000	0.6433
39lh02	2	31	0	0	1.0000	0.0000	1.0000	0.4392	NaN	NaN	NaN	279422.5526	279422.8802	1.0000	1.0000	0.3559
39lh02	2	31	0	0	2.0000	0.0000	1.0000	NaN	9.5182	9.6461	15.0935	279423.8153	279424.1166	1.0000	1.0000	0.2786
39lh02	2	32	0	0	1.0000	0.0000	1.0000	0.2009	NaN	NaN	NaN	279426.7689	279427.0984	1.0000	1.0000	0.3133
39lh02	2	32	0	0	2.0000	0.0000	1.0000	NaN	2.4013	2.8081	15.3337	279428.0061	279428.3071	1.0000	1.0000	0.2809
39lh02	2	33	0	0	1.0000	0.0000	-1.0000	0.4313	NaN	NaN	NaN	279430.7094	279431.0368	1.0000	0.0000	0.5825
39lh02	2	33	0	0	2.0000	0.0000	-1.0000	NaN	11.7749	-13.0378	15.5145	279432.1672	279432.4685	0.0000	1.0000	0.4211
39lh02	2	34	0	0	1.0000	0.0000	-1.0000	0.7258	NaN	NaN	NaN	279435.7379	279436.0662	1.0000	0.0000	0.1218
39lh02	2	34	0	0	2.0000	0.0000	-1.0000	NaN	10.8657	-10.3183	15.2923	279436.7346	279437.0356	0.0000	1.0000	0.3836
39lh02	2	35	0	0	1.0000	0.0000	1.0000	0.4564	NaN	NaN	NaN	279439.5371	279439.8653	1.0000	1.0000	0.3311
39lh02	2	35	0	0	2.0000	0.0000	1.0000	NaN	4.3723	6.8817	14.8895	279440.7674	279441.0684	1.0000	1.0000	0.3109
39lh02	2	36	0	0	1.0000	0.0000	-1.0000	0.9343	NaN	NaN	NaN	279443.7945	279444.1233	1.0000	0.0000	0.4400
39lh02	2	36	0	0	2.0000	0.0000	-1.0000	NaN	0.8744	-1.1805	15.2968	279445.1349	279445.4361	0.0000	1.0000	0.6314
39lh02	2	37	0	0	1.0000	0.0000	1.0000	0.8955	NaN	NaN	NaN	279448.4414	279448.7685	1.0000	1.0000	0.4732
39lh02	2	37	0	0	2.0000	0.0000	1.0000	NaN	11.7154	10.5983	17.8600	279449.8149	279450.1159	1.0000	1.0000	0.2778
39lh02	2	38	0	0	1.0000	0.0000	-1.0000	0.6146	NaN	NaN	NaN	279452.6362	279452.9658	1.0000	0.0000	0.4382
39lh02	2	38	0	0	2.0000	0.0000	1.0000	NaN	2.4658	3.6281	15.4884	279453.9585	279454.2595	1.0000	1.0000	0.2147
39lh02	2	39	0	0	1.0000	0.0000	1.0000	0.8077	NaN	NaN	NaN	279456.4652	279456.7936	0.0000	0.0000	0.3450
39lh02	2	39	0	0	2.0000	0.0000	-1.0000	NaN	4.4004	-3.1850	15.4095	279457.7837	279458.0850	1.0000	0.0000	0.3087
39lh02	2	40	0	0	1.0000	0.0000	1.0000	0.6012	NaN	NaN	NaN	279461.0149	279461.3468	1.0000	1.0000	0.3689
39lh02	2	40	0	0	2.0000	0.0000	1.0000	NaN	2.4416	1.8700	15.7140	279462.2376	279462.5386	1.0000	1.0000	0.2335
39lh02	2	41	0	0	1.0000	0.0000	-1.0000	0.7346	NaN	NaN	NaN	279464.9589	279465.2893	1.0000	0.0000	0.3603
39lh02	2	41	0	0	2.0000	0.0000	-1.0000	NaN	1.4128	-1.8682	15.4214	279466.2149	279466.5160	1.0000	0.0000	0.3266
39lh02	2	42	0	0	1.0000	0.0000	1.0000	0.0864	NaN	NaN	NaN	279468.7237	279469.0541	1.0000	1.0000	0.2051
39lh02	2	42	0	0	2.0000	0.0000	1.0000	NaN	2.2535	1.5096	14.9681	279469.8797	279470.1807	1.0000	1.0000	0.3352
39lh02	2	43	0	0	1.0000	0.0000	-1.0000	0.7306	NaN	NaN	NaN	279472.8802	279473.2083	0.0000	1.0000	0.3955
39lh02	2	43	0	0	2.0000	0.0000	-1.0000	NaN	1.8003	-0.3106	15.7570	279474.3109	279474.6121	1.0000	0.0000	0.3361
39lh02	2	44	0	0	1.0000	0.0000	-1.0000	0.3231	NaN	NaN	NaN	279477.5787	279477.9081	1.0000	0.0000	0.4395
39lh02	2	44	0	0	2.0000	0.0000	-1.0000	NaN	3.6568	-3.9052	16.0216	279478.9435	279479.2445	1.0000	0.0000	0.3410
39lh02	2	45	0	0	1.0000	0.0000	-1.0000	0.6832	NaN	NaN	NaN	279482.1724	279482.5017	0.0000	1.0000	0.3799
39lh02	2	45	0	0	2.0000	0.0000	-1.0000	NaN	0.0190	-1.9364	14.4772	279483.5276	279483.8286	0.0000	1.0000	0.4473
39lh02	2	46	0	0	1.0000	0.0000	-1.0000	0.6475	NaN	NaN	NaN	279486.5101	279486.8379	0.0000	1.0000	0.3558
39lh02	2	46	0	0	2.0000	0.0000	1.0000	NaN	7.6533	10.0579	14.4062	279487.8458	279488.1470	1.0000	1.0000	0.5907
39lh02	2	47	0	0	1.0000	0.0000	-1.0000	0.8784	NaN	NaN	NaN	279491.0445	279491.3732	0.0000	1.0000	0.3748
39lh02	2	47	0	0	2.0000	0.0000	-1.0000	NaN	8.1379	-8.3696	15.0136	279492.3916	279492.6929	0.0000	1.0000	0.3179
39lh02	2	48	0	0	1.0000	0.0000	-1.0000	0.3699	NaN	NaN	NaN	279495.1567	279495.4870	0.0000	1.0000	0.4916
39lh02	2	48	0	0	2.0000	0.0000	1.0000	NaN	10.7747	10.9866	15.4290	279496.5595	279496.8606	1.0000	1.0000	0.4638
39lh02	2	49	0	0	1.0000	0.0000	-1.0000	0.9362	NaN	NaN	NaN	279499.5424	279499.8685	0.0000	1.0000	0.4293
39lh02	2	49	0	0	2.0000	0.0000	1.0000	NaN	8.4695	8.8988	14.4821	279500.9027	279501.2037	1.0000	1.0000	0.3047
39lh02	2	50	0	0	1.0000	0.0000	-1.0000	0.2249	NaN	NaN	NaN	279503.8283	279504.1557	1.0000	0.0000	0.5341
39lh02	2	50	0	0	2.0000	0.0000	-1.0000	NaN	2.4766	-1.3340	15.6790	279505.2618	279505.5628	1.0000	0.0000	0.6334
39lh02	3	1	0	0	1.0000	0.0000	1.0000	0.1807	NaN	NaN	NaN	279513.3323	279513.6625	1.0000	1.0000	0.2120
39lh02	3	1	0	0	2.0000	0.0000	-1.0000	NaN	11.1021	-8.9247	15.0478	279514.4153	279514.7165	0.0000	1.0000	0.2948
39lh02	3	2	0	0	1.0000	0.0000	1.0000	0.4132	NaN	NaN	NaN	279517.3673	279517.6968	1.0000	1.0000	0.2592
39lh02	3	2	0	0	2.0000	0.0000	-1.0000	NaN	8.9084	-8.6117	15.3398	279518.5511	279518.8521	0.0000	1.0000	0.3514
39lh02	3	3	0	0	1.0000	0.0000	-1.0000	0.4289	NaN	NaN	NaN	279521.3327	279521.6615	1.0000	0.0000	0.3176
39lh02	3	3	0	0	2.0000	0.0000	-1.0000	NaN	6.8568	-6.4203	13.4617	279522.5502	279522.8513	0.0000	1.0000	0.2561
39lh02	3	4	0	0	1.0000	0.0000	-1.0000	0.9237	NaN	NaN	NaN	279524.9969	279525.3227	1.0000	0.0000	0.4392
39lh02	3	4	0	0	2.0000	0.0000	-1.0000	NaN	4.4111	-5.2242	15.1952	279526.3188	279526.6200	0.0000	1.0000	1.2165
39lh02	3	5	0	0	1.0000	0.0000	1.0000	0.2567	NaN	NaN	NaN	279529.9911	279530.3196	1.0000	1.0000	0.5701
39lh02	3	5	0	0	2.0000	0.0000	-1.0000	NaN	7.5116	-7.4608	14.5367	279531.4462	279531.7473	0.0000	1.0000	0.5277
39lh02	3	6	0	0	1.0000	0.0000	1.0000	0.4380	NaN	NaN	NaN	279534.7381	279535.0665	1.0000	1.0000	0.3853
39lh02	3	6	0	0	2.0000	0.0000	-1.0000	NaN	8.2023	-9.8673	14.0182	279535.9659	279536.2670	0.0000	1.0000	0.2715
39lh02	3	7	0	0	1.0000	0.0000	-1.0000	0.2443	NaN	NaN	NaN	279538.7444	279539.0745	1.0000	0.0000	0.3538
39lh02	3	7	0	0	2.0000	0.0000	1.0000	NaN	8.1145	6.8040	16.2196	279539.9833	279540.2843	1.0000	1.0000	0.4935
39lh02	3	8	0	0	1.0000	0.0000	1.0000	0.4299	NaN	NaN	NaN	279543.0769	279543.4042	0.0000	0.0000	0.4400
39lh02	3	8	0	0	2.0000	0.0000	-1.0000	NaN	6.8756	-6.7994	13.8398	279544.4305	279544.7317	0.0000	1.0000	0.5117
39lh02	3	9	0	0	1.0000	0.0000	1.0000	0.4616	NaN	NaN	NaN	279547.2431	279547.5701	1.0000	1.0000	0.2983
39lh02	3	9	0	0	2.0000	0.0000	-1.0000	NaN	0.0438	-2.0029	14.5629	279548.3918	279548.6932	0.0000	1.0000	0.4765
39lh02	3	10	0	0	1.0000	0.0000	1.0000	0.8204	NaN	NaN	NaN	279551.6539	279551.9826	1.0000	1.0000	0.3071
39lh02	3	10	0	0	2.0000	0.0000	1.0000	NaN	11.8909	11.4731	15.2691	279552.8469	279553.1479	1.0000	1.0000	0.3672
39lh02	3	11	0	0	1.0000	0.0000	1.0000	0.3915	NaN	NaN	NaN	279555.6704	279555.9987	1.0000	1.0000	0.2856
39lh02	3	11	0	0	2.0000	0.0000	-1.0000	NaN	10.7161	-13.2901	15.7698	279556.8385	279557.1395	0.0000	1.0000	0.3263
39lh02	3	12	0	0	1.0000	0.0000	1.0000	0.6066	NaN	NaN	NaN	279559.8647	279560.1909	1.0000	1.0000	0.3177
39lh02	3	12	0	0	2.0000	0.0000	-1.0000	NaN	2.8159	-3.6069	16.2165	279561.0385	279561.3397	0.0000	1.0000	0.4241
39lh02	3	13	0	0	1.0000	0.0000	1.0000	0.3352	NaN	NaN	NaN	279563.9857	279564.3133	1.0000	1.0000	0.3067
39lh02	3	13	0	0	2.0000	0.0000	-1.0000	NaN	10.2485	-11.4050	16.1884	279565.1756	279565.4768	0.0000	1.0000	0.2543
39lh02	3	14	0	0	1.0000	0.0000	1.0000	0.4230	NaN	NaN	NaN	279568.3035	279568.6313	1.0000	1.0000	0.5248
39lh02	3	14	0	0	2.0000	0.0000	-1.0000	NaN	1.9558	-1.1725	15.4288	279569.6942	279569.9952	1.0000	0.0000	0.1985
39lh02	3	15	0	0	1.0000	0.0000	1.0000	0.7070	NaN	NaN	NaN	279572.5694	279572.8976	0.0000	0.0000	0.4746
39lh02	3	15	0	0	2.0000	0.0000	1.0000	NaN	1.8764	2.7308	14.3908	279573.9343	279574.2355	1.0000	1.0000	0.1208
39lh02	3	16	0	0	1.0000	0.0000	1.0000	0.0022	NaN	NaN	NaN	279576.7438	279577.0706	0.0000	0.0000	0.5174
39lh02	3	16	0	0	2.0000	0.0000	1.0000	NaN	0.6022	1.7511	16.1857	279578.1519	279578.4533	1.0000	1.0000	0.1814
39lh02	3	17	0	0	1.0000	0.0000	-1.0000	0.6322	NaN	NaN	NaN	279580.9019	279581.2303	0.0000	1.0000	0.2377
39lh02	3	17	0	0	2.0000	0.0000	1.0000	NaN	10.7465	10.4454	15.0844	279582.0861	279582.3872	1.0000	1.0000	0.3207
39lh02	3	18	0	0	1.0000	0.0000	1.0000	0.9026	NaN	NaN	NaN	279584.9454	279585.2722	1.0000	1.0000	0.3079
39lh02	3	18	0	0	2.0000	0.0000	-1.0000	NaN	0.2396	-1.7541	14.9328	279586.1340	279586.4351	1.0000	0.0000	0.3926
39lh02	3	19	0	0	1.0000	0.0000	-1.0000	0.5103	NaN	NaN	NaN	279589.0106	279589.3406	0.0000	1.0000	0.3581
39lh02	3	19	0	0	2.0000	0.0000	-1.0000	NaN	3.2744	-3.6836	14.7037	279590.2309	279590.5322	1.0000	0.0000	0.4855
39lh02	3	20	0	0	1.0000	0.0000	-1.0000	0.0698	NaN	NaN	NaN	279593.3963	279593.7235	1.0000	0.0000	0.3823
39lh02	3	20	0	0	2.0000	0.0000	1.0000	NaN	7.5058	5.8325	15.0727	279594.6550	279594.9562	1.0000	1.0000	0.2238
39lh02	3	21	0	0	1.0000	0.0000	-1.0000	0.9140	NaN	NaN	NaN	279597.1754	279597.5013	0.0000	1.0000	0.3803
39lh02	3	21	0	0	2.0000	0.0000	1.0000	NaN	5.9388	6.2767	16.1515	279598.4392	279598.7404	1.0000	1.0000	0.2695
39lh02	3	22	0	0	1.0000	0.0000	-1.0000	0.5223	NaN	NaN	NaN	279601.3325	279601.6633	0.0000	1.0000	0.5246
39lh02	3	22	0	0	2.0000	0.0000	-1.0000	NaN	0.1759	-3.5128	14.4893	279602.7426	279603.0437	0.0000	1.0000	0.7030
39lh02	3	23	0	0	1.0000	0.0000	1.0000	0.3261	NaN	NaN	NaN	279606.2018	279606.5310	1.0000	1.0000	0.4812
39lh02	3	23	0	0	2.0000	0.0000	1.0000	NaN	3.4367	5.5704	16.5332	279607.6076	279607.9088	1.0000	1.0000	0.3733
39lh02	3	24	0	0	1.0000	0.0000	-1.0000	0.2990	NaN	NaN	NaN	279610.8473	279611.1762	1.0000	0.0000	0.4594
39lh02	3	24	0	0	2.0000	0.0000	1.0000	NaN	10.6451	7.8864	14.6442	279612.1887	279612.4897	1.0000	1.0000	0.3134
39lh02	3	25	0	0	1.0000	0.0000	-1.0000	0.6768	NaN	NaN	NaN	279614.8678	279615.1972	0.0000	1.0000	0.4063
39lh02	3	25	0	0	2.0000	0.0000	-1.0000	NaN	8.4241	-7.7338	15.4620	279616.1992	279616.5006	1.0000	0.0000	0.3252
39lh02	3	26	0	0	1.0000	0.0000	1.0000	0.6129	NaN	NaN	NaN	279619.0929	279619.4218	1.0000	1.0000	0.2127
39lh02	3	26	0	0	2.0000	0.0000	1.0000	NaN	0.6565	0.1298	17.6837	279620.2135	279620.5145	1.0000	1.0000	0.3605
39lh02	3	27	0	0	1.0000	0.0000	1.0000	0.5946	NaN	NaN	NaN	279623.5623	279623.8909	1.0000	1.0000	0.7216
39lh02	3	27	0	0	2.0000	0.0000	-1.0000	NaN	3.4491	-2.2383	16.2460	279625.1911	279625.4923	1.0000	0.0000	0.3431
39lh02	3	28	0	0	1.0000	0.0000	-1.0000	0.9113	NaN	NaN	NaN	279628.0989	279628.4269	1.0000	0.0000	0.0007
39lh02	3	28	0	0	2.0000	0.0000	-1.0000	NaN	1.1129	-3.3268	15.9397	279628.8693	279629.1703	1.0000	0.0000	1.2498
39lh02	3	29	0	0	1.0000	0.0000	-1.0000	0.2302	NaN	NaN	NaN	279632.6414	279632.9683	1.0000	0.0000	0.2904
39lh02	3	29	0	0	2.0000	0.0000	1.0000	NaN	8.5070	8.6750	15.1567	279633.8388	279634.1400	1.0000	1.0000	0.3275
39lh02	3	30	0	0	1.0000	0.0000	1.0000	0.9062	NaN	NaN	NaN	279636.5688	279636.8999	1.0000	1.0000	0.2803
39lh02	3	30	0	0	2.0000	0.0000	-1.0000	NaN	9.3157	-9.2215	14.0218	279637.7181	279638.0191	0.0000	1.0000	0.5369
39lh02	3	31	0	0	1.0000	0.0000	1.0000	0.1459	NaN	NaN	NaN	279640.7153	279641.0443	1.0000	1.0000	0.3735
39lh02	3	31	0	0	2.0000	0.0000	1.0000	NaN	0.8145	1.0014	14.1441	279641.9594	279642.2606	1.0000	1.0000	0.6552
39lh02	3	32	0	0	1.0000	0.0000	1.0000	0.7765	NaN	NaN	NaN	279645.4222	279645.7502	1.0000	1.0000	0.2616
39lh02	3	32	0	0	2.0000	0.0000	-1.0000	NaN	9.7381	-8.6577	14.0744	279646.5587	279646.8597	1.0000	0.0000	0.5598
39lh02	3	33	0	0	1.0000	0.0000	-1.0000	0.3731	NaN	NaN	NaN	279649.5755	279649.9028	0.0000	1.0000	0.5091
39lh02	3	33	0	0	2.0000	0.0000	-1.0000	NaN	1.2138	-2.1769	15.2004	279650.9989	279651.3001	1.0000	0.0000	0.3120
39lh02	3	34	0	0	1.0000	0.0000	1.0000	0.6284	NaN	NaN	NaN	279654.0668	279654.3951	1.0000	1.0000	0.2972
39lh02	3	34	0	0	2.0000	0.0000	-1.0000	NaN	5.9414	-6.3307	15.9830	279655.2388	279655.5398	0.0000	1.0000	0.4380
39lh02	3	35	0	0	1.0000	0.0000	1.0000	0.2048	NaN	NaN	NaN	279658.2235	279658.5513	1.0000	1.0000	0.3464
39lh02	3	35	0	0	2.0000	0.0000	-1.0000	NaN	1.2219	-1.6143	12.8150	279659.4400	279659.7411	1.0000	0.0000	0.3887
39lh02	3	36	0	0	1.0000	0.0000	1.0000	0.4746	NaN	NaN	NaN	279662.2707	279662.5986	0.0000	0.0000	0.3871
39lh02	3	36	0	0	2.0000	0.0000	-1.0000	NaN	7.8669	-5.1875	14.4171	279663.6082	279663.9100	1.0000	0.0000	0.0838
39lh02	3	37	0	0	1.0000	0.0000	-1.0000	0.6128	NaN	NaN	NaN	279666.8347	279667.1626	0.0000	1.0000	0.4631
39lh02	3	37	0	0	2.0000	0.0000	-1.0000	NaN	7.3218	-6.6175	15.4889	279668.2382	279668.5394	1.0000	0.0000	0.4232
39lh02	3	38	0	0	1.0000	0.0000	1.0000	0.6158	NaN	NaN	NaN	279671.0617	279671.3917	1.0000	1.0000	0.2924
39lh02	3	38	0	0	2.0000	0.0000	-1.0000	NaN	4.5020	-3.7053	15.5287	279672.2787	279672.5802	0.0000	1.0000	0.2880
39lh02	3	39	0	0	1.0000	0.0000	1.0000	0.6444	NaN	NaN	NaN	279674.9712	279675.3008	1.0000	1.0000	0.6530
39lh02	3	39	0	0	2.0000	0.0000	-1.0000	NaN	2.0317	-1.3522	15.6996	279676.5192	279676.8203	1.0000	0.0000	0.6455
39lh02	3	40	0	0	1.0000	0.0000	-1.0000	0.6760	NaN	NaN	NaN	279679.7413	279680.0715	0.0000	1.0000	0.3062
39lh02	3	40	0	0	2.0000	0.0000	-1.0000	NaN	9.9674	-8.3534	15.7633	279680.9824	279681.2834	0.0000	1.0000	0.4623
39lh02	3	41	0	0	1.0000	0.0000	-1.0000	0.4382	NaN	NaN	NaN	279684.0570	279684.3858	1.0000	0.0000	0.5701
39lh02	3	41	0	0	2.0000	0.0000	1.0000	NaN	11.7548	11.7894	15.4852	279685.5274	279685.8285	1.0000	1.0000	0.8942
39lh02	3	42	0	0	1.0000	0.0000	1.0000	0.3014	NaN	NaN	NaN	279689.2094	279689.5377	0.0000	0.0000	0.1840
39lh02	3	42	0	0	2.0000	0.0000	-1.0000	NaN	1.1736	-3.3951	15.0507	279690.3917	279690.6929	0.0000	1.0000	3.9902
39lh02	3	43	0	0	1.0000	0.0000	1.0000	0.4300	NaN	NaN	NaN	279696.6373	279696.9669	1.0000	1.0000	0.1709
39lh02	3	43	0	0	2.0000	0.0000	-1.0000	NaN	2.9699	-2.6232	15.1516	279697.7588	279698.0600	0.0000	1.0000	0.5923
39lh02	3	44	0	0	1.0000	0.0000	1.0000	0.7674	NaN	NaN	NaN	279700.5815	279700.9103	0.0000	0.0000	0.5896
39lh02	3	44	0	0	2.0000	0.0000	-1.0000	NaN	0.2678	-0.5993	15.2990	279702.0635	279702.3647	0.0000	1.0000	0.7411
39lh02	3	45	0	0	1.0000	0.0000	-1.0000	0.8568	NaN	NaN	NaN	279705.2807	279705.6103	1.0000	0.0000	0.4487
39lh02	3	45	0	0	2.0000	0.0000	-1.0000	NaN	6.9711	-7.4146	14.0775	279706.6328	279706.9338	0.0000	1.0000	0.3505
39lh02	3	46	0	0	1.0000	0.0000	-1.0000	0.0527	NaN	NaN	NaN	279709.4547	279709.7831	1.0000	0.0000	0.2202
39lh02	3	46	0	0	2.0000	0.0000	-1.0000	NaN	1.7711	-2.4161	15.7145	279710.5832	279710.8843	1.0000	0.0000	0.4455
39lh02	3	47	0	0	1.0000	0.0000	-1.0000	0.7159	NaN	NaN	NaN	279713.7828	279714.1116	1.0000	0.0000	0.1163
39lh02	3	47	0	0	2.0000	0.0000	1.0000	NaN	5.4757	5.2008	15.3876	279714.8714	279715.1726	1.0000	1.0000	0.3836
39lh02	3	48	0	0	1.0000	0.0000	1.0000	0.8566	NaN	NaN	NaN	279718.0199	279718.3495	1.0000	1.0000	0.3028
39lh02	3	48	0	0	2.0000	0.0000	1.0000	NaN	8.5490	6.5414	15.8644	279719.2080	279719.5090	1.0000	1.0000	0.7425
39lh02	3	49	0	0	1.0000	0.0000	-1.0000	0.7078	NaN	NaN	NaN	279722.3896	279722.7180	0.0000	1.0000	0.3575
39lh02	3	49	0	0	2.0000	0.0000	-1.0000	NaN	4.6611	-5.1269	14.5378	279723.6787	279723.9798	0.0000	1.0000	0.4557
39lh02	3	50	0	0	1.0000	0.0000	-1.0000	0.8306	NaN	NaN	NaN	279726.3658	279726.6943	1.0000	0.0000	0.4619
39lh02	3	50	0	0	2.0000	0.0000	1.0000	NaN	4.4228	2.2493	14.2157	279727.7048	279728.0060	1.0000	1.0000	0.3823
