29yz01	1	1	0	1	1.0000	1.0000	1.0000	NaN	7.9153	6.7201	14.7992	1170862.1470	1170862.4518	1.0000	1.0000	0.5345
29yz01	1	1	0	1	2.0000	1.0000	1.0000	0.1424	NaN	NaN	NaN	1170863.4782	1170863.9020	1.0000	1.0000	1.1319
29yz01	1	2	0	1	1.0000	1.0000	1.0000	NaN	7.8689	6.7548	15.1075	1170867.3142	1170867.6190	1.0000	1.0000	0.5519
29yz01	1	2	0	1	2.0000	1.0000	-1.0000	0.9115	NaN	NaN	NaN	1170868.6610	1170869.0833	0.0000	1.0000	0.5102
29yz01	1	3	0	1	1.0000	1.0000	1.0000	NaN	4.0100	4.6619	14.2066	1170871.9630	1170872.2673	1.0000	1.0000	0.3838
29yz01	1	3	0	1	2.0000	1.0000	-1.0000	0.8464	NaN	NaN	NaN	1170873.1417	1170873.5537	1.0000	0.0000	2.1038
29yz01	1	4	0	1	1.0000	1.0000	-1.0000	NaN	8.0140	-8.0103	15.1964	1170878.1316	1170878.4339	0.0000	1.0000	0.3444
29yz01	1	4	0	1	2.0000	1.0000	1.0000	0.2128	NaN	NaN	NaN	1170879.2985	1170879.6485	1.0000	1.0000	1.1773
29yz01	1	5	0	1	1.0000	1.0000	1.0000	NaN	4.5433	4.1701	14.5562	1170883.0507	1170883.3529	1.0000	1.0000	1.1690
29yz01	1	5	0	1	2.0000	1.0000	-1.0000	0.6121	NaN	NaN	NaN	1170885.0107	1170885.3631	0.0000	1.0000	0.6944
29yz01	1	6	0	1	1.0000	1.0000	1.0000	NaN	1.2676	2.2614	15.3842	1170888.3952	1170888.6975	1.0000	1.0000	0.9606
29yz01	1	6	0	1	2.0000	1.0000	1.0000	0.3089	NaN	NaN	NaN	1170890.1638	1170890.5147	1.0000	1.0000	1.6867
29yz01	1	7	0	1	1.0000	1.0000	1.0000	NaN	6.5666	5.9871	15.7715	1170894.1341	1170894.4363	1.0000	1.0000	0.4376
29yz01	1	7	0	1	2.0000	1.0000	-1.0000	0.9113	NaN	NaN	NaN	1170895.3789	1170895.7311	0.0000	1.0000	0.5989
29yz01	1	8	0	1	1.0000	1.0000	-1.0000	NaN	3.8253	-2.6191	16.0011	1170898.5991	1170898.9029	1.0000	0.0000	0.4352
29yz01	1	8	0	1	2.0000	1.0000	1.0000	0.2818	NaN	NaN	NaN	1170899.8478	1170900.2511	1.0000	1.0000	1.6311
29yz01	1	9	0	1	1.0000	1.0000	-1.0000	NaN	3.6762	-5.4430	14.3189	1170904.3809	1170904.6857	0.0000	1.0000	0.4117
29yz01	1	9	0	1	2.0000	1.0000	1.0000	0.4244	NaN	NaN	NaN	1170905.6221	1170906.0360	0.0000	0.0000	1.8138
29yz01	1	10	0	1	1.0000	1.0000	1.0000	NaN	9.8115	6.3509	15.2752	1170910.1820	1170910.4870	1.0000	1.0000	0.7074
29yz01	1	10	0	1	2.0000	1.0000	1.0000	0.4852	NaN	NaN	NaN	1170911.7181	1170912.1351	1.0000	1.0000	0.7869
29yz01	1	11	0	1	1.0000	1.0000	1.0000	NaN	5.0814	3.2666	14.0646	1170915.0881	1170915.3912	1.0000	1.0000	0.5554
29yz01	1	11	0	1	2.0000	1.0000	-1.0000	0.7399	NaN	NaN	NaN	1170916.4505	1170916.8062	0.0000	1.0000	1.2832
29yz01	1	12	0	1	1.0000	1.0000	1.0000	NaN	1.3344	3.0269	13.4282	1170920.5313	1170920.8335	1.0000	1.0000	0.5839
29yz01	1	12	0	1	2.0000	1.0000	-1.0000	0.3508	NaN	NaN	NaN	1170921.9388	1170922.2934	1.0000	0.0000	1.0765
29yz01	1	13	0	1	1.0000	1.0000	1.0000	NaN	7.2238	7.0321	14.0892	1170925.7414	1170926.0437	1.0000	1.0000	0.3995
29yz01	1	13	0	1	2.0000	1.0000	-1.0000	0.1574	NaN	NaN	NaN	1170926.9306	1170927.2821	1.0000	0.0000	1.8005
29yz01	1	14	0	1	1.0000	1.0000	-1.0000	NaN	1.8439	-2.3605	14.5167	1170931.0910	1170931.3933	1.0000	0.0000	0.5045
29yz01	1	14	0	1	2.0000	1.0000	-1.0000	0.2531	NaN	NaN	NaN	1170932.3863	1170932.7427	0.0000	1.0000	1.0598
29yz01	1	15	0	1	1.0000	1.0000	-1.0000	NaN	3.1465	-3.8785	14.1793	1170936.2944	1170936.5965	1.0000	0.0000	0.5809
29yz01	1	15	0	1	2.0000	1.0000	-1.0000	0.5652	NaN	NaN	NaN	1170937.6508	1170938.0051	1.0000	0.0000	1.4923
29yz01	1	16	0	1	1.0000	1.0000	1.0000	NaN	0.8159	0.4993	14.0300	1170941.6921	1170941.9942	1.0000	1.0000	0.5752
29yz01	1	16	0	1	2.0000	1.0000	1.0000	0.6604	NaN	NaN	NaN	1170943.0741	1170943.4269	1.0000	1.0000	5.0316
29yz01	1	17	0	1	1.0000	1.0000	-1.0000	NaN	8.1567	-8.2839	15.1254	1170950.7335	1170951.0390	0.0000	1.0000	0.5389
29yz01	1	17	0	1	2.0000	1.0000	-1.0000	0.3186	NaN	NaN	NaN	1170952.1011	1170952.4931	1.0000	0.0000	2.0123
29yz01	1	18	0	1	1.0000	1.0000	1.0000	NaN	3.3231	3.8120	15.8354	1170956.9394	1170957.2416	1.0000	1.0000	0.5924
29yz01	1	18	0	1	2.0000	1.0000	-1.0000	0.0302	NaN	NaN	NaN	1170958.3385	1170958.6927	0.0000	1.0000	1.5247
29yz01	1	19	0	1	1.0000	1.0000	1.0000	NaN	7.1323	7.9030	16.5096	1170962.1001	1170962.4023	1.0000	1.0000	0.5685
29yz01	1	19	0	1	2.0000	1.0000	1.0000	0.2477	NaN	NaN	NaN	1170963.4581	1170963.8092	1.0000	1.0000	1.8968
29yz01	1	20	0	1	1.0000	1.0000	-1.0000	NaN	7.0741	-7.1676	14.9304	1170967.8724	1170968.1745	0.0000	1.0000	0.3788
29yz01	1	20	0	1	2.0000	1.0000	-1.0000	0.1146	NaN	NaN	NaN	1170969.0592	1170969.4107	0.0000	1.0000	1.9592
29yz01	1	21	0	1	1.0000	1.0000	-1.0000	NaN	11.2079	-10.4244	15.8978	1170973.8115	1170974.1137	0.0000	1.0000	0.6328
29yz01	1	21	0	1	2.0000	1.0000	-1.0000	0.8067	NaN	NaN	NaN	1170975.2658	1170975.6198	0.0000	1.0000	1.5106
29yz01	1	22	0	1	1.0000	1.0000	1.0000	NaN	9.0152	10.1296	16.3931	1170979.4885	1170979.7905	1.0000	1.0000	0.5228
29yz01	1	22	0	1	2.0000	1.0000	1.0000	0.2126	NaN	NaN	NaN	1170980.8506	1170981.2071	1.0000	1.0000	3.9229
29yz01	1	23	0	1	1.0000	1.0000	1.0000	NaN	11.4923	9.6163	13.8800	1170987.1226	1170987.4249	1.0000	1.0000	0.3449
29yz01	1	23	0	1	2.0000	1.0000	1.0000	0.6058	NaN	NaN	NaN	1170988.2920	1170988.6431	0.0000	0.0000	1.3833
29yz01	1	24	0	1	1.0000	1.0000	-1.0000	NaN	4.5787	-4.4414	15.2250	1170992.0829	1170992.3884	1.0000	0.0000	0.7249
29yz01	1	24	0	1	2.0000	1.0000	1.0000	0.4168	NaN	NaN	NaN	1170993.6369	1170994.0464	1.0000	1.0000	1.6599
29yz01	1	25	0	1	1.0000	1.0000	-1.0000	NaN	3.0968	-2.2609	14.8311	1170997.5196	1170997.8246	0.0000	1.0000	0.8902
29yz01	1	25	0	1	2.0000	1.0000	1.0000	0.1056	NaN	NaN	NaN	1170999.2363	1170999.6479	0.0000	0.0000	6.1214
29yz01	1	26	0	1	1.0000	1.0000	-1.0000	NaN	9.9766	-7.5451	15.1250	1171007.5895	1171007.8951	0.0000	1.0000	0.4830
29yz01	1	26	0	1	2.0000	1.0000	-1.0000	0.3714	NaN	NaN	NaN	1171008.8854	1171009.2970	1.0000	0.0000	3.6098
29yz01	1	27	0	1	1.0000	1.0000	-1.0000	NaN	3.7526	-3.9016	15.7360	1171015.0034	1171015.3078	0.0000	1.0000	0.5575
29yz01	1	27	0	1	2.0000	1.0000	-1.0000	0.4040	NaN	NaN	NaN	1171016.3595	1171016.7799	1.0000	0.0000	2.1582
29yz01	1	28	0	1	1.0000	1.0000	1.0000	NaN	6.8259	7.8889	15.6580	1171021.0566	1171021.3611	1.0000	1.0000	0.9202
29yz01	1	28	0	1	2.0000	1.0000	1.0000	0.1234	NaN	NaN	NaN	1171022.7755	1171023.1607	1.0000	1.0000	2.1935
29yz01	1	29	0	1	1.0000	1.0000	-1.0000	NaN	7.9961	-7.3494	14.4452	1171027.8250	1171028.1271	0.0000	1.0000	0.6676
29yz01	1	29	0	1	2.0000	1.0000	-1.0000	0.6660	NaN	NaN	NaN	1171029.2827	1171029.6380	0.0000	1.0000	1.0113
29yz01	1	30	0	1	1.0000	1.0000	1.0000	NaN	5.8415	7.8398	14.3969	1171033.0916	1171033.3938	1.0000	1.0000	0.4557
29yz01	1	30	0	1	2.0000	1.0000	-1.0000	0.7369	NaN	NaN	NaN	1171034.3701	1171034.7222	1.0000	0.0000	6.0713
29yz01	1	31	0	1	1.0000	1.0000	-1.0000	NaN	3.7346	-3.3631	14.7950	1171042.8880	1171043.1926	0.0000	1.0000	1.3937
29yz01	1	31	0	1	2.0000	1.0000	-1.0000	0.7546	NaN	NaN	NaN	1171045.0944	1171045.5119	1.0000	0.0000	7.5220
29yz01	1	32	0	1	1.0000	1.0000	1.0000	NaN	5.7591	6.0125	14.4419	1171054.8543	1171055.1591	1.0000	1.0000	2.2582
29yz01	1	32	0	1	2.0000	1.0000	-1.0000	0.4750	NaN	NaN	NaN	1171057.9275	1171058.3450	0.0000	1.0000	3.1850
29yz01	1	33	0	1	1.0000	1.0000	-1.0000	NaN	7.7558	-7.1900	14.0754	1171063.3464	1171063.6537	0.0000	1.0000	0.3884
29yz01	1	33	0	1	2.0000	1.0000	1.0000	0.4233	NaN	NaN	NaN	1171064.5656	1171064.9911	1.0000	1.0000	1.2902
29yz01	1	34	0	1	1.0000	1.0000	1.0000	NaN	6.5983	7.1738	13.8206	1171068.2920	1171068.5968	1.0000	1.0000	1.2044
29yz01	1	34	0	1	2.0000	1.0000	1.0000	0.5507	NaN	NaN	NaN	1171070.3269	1171070.7439	1.0000	1.0000	1.5541
29yz01	1	35	0	1	1.0000	1.0000	1.0000	NaN	8.5804	5.2532	15.0468	1171074.5062	1171074.8106	1.0000	1.0000	1.0871
29yz01	1	35	0	1	2.0000	1.0000	1.0000	0.7401	NaN	NaN	NaN	1171076.4560	1171076.8768	1.0000	1.0000	1.9009
29yz01	1	36	0	1	1.0000	1.0000	-1.0000	NaN	11.3374	-12.1998	15.9779	1171081.1558	1171081.4603	0.0000	1.0000	0.5169
29yz01	1	36	0	1	2.0000	1.0000	-1.0000	0.8576	NaN	NaN	NaN	1171082.4720	1171082.8932	0.0000	1.0000	2.2375
29yz01	1	37	0	1	1.0000	1.0000	1.0000	NaN	1.4280	0.6920	14.6891	1171087.1565	1171087.4609	1.0000	1.0000	0.5977
29yz01	1	37	0	1	2.0000	1.0000	1.0000	0.1545	NaN	NaN	NaN	1171088.5812	1171088.9925	1.0000	1.0000	4.2815
29yz01	1	38	0	1	1.0000	1.0000	1.0000	NaN	1.5981	1.0770	13.2403	1171095.5387	1171095.8428	1.0000	1.0000	1.2708
29yz01	1	38	0	1	2.0000	1.0000	-1.0000	0.0793	NaN	NaN	NaN	1171097.6402	1171098.0597	1.0000	0.0000	1.6143
29yz01	1	39	0	1	1.0000	1.0000	-1.0000	NaN	8.3889	-7.0098	16.4610	1171102.2609	1171102.5682	0.0000	1.0000	0.4330
29yz01	1	39	0	1	2.0000	1.0000	-1.0000	0.4807	NaN	NaN	NaN	1171103.4775	1171103.9036	1.0000	0.0000	2.2022
29yz01	1	40	0	1	1.0000	1.0000	-1.0000	NaN	4.0526	-5.0937	13.8267	1171108.4246	1171108.7291	1.0000	0.0000	1.5201
29yz01	1	40	0	1	2.0000	1.0000	1.0000	0.4648	NaN	NaN	NaN	1171110.7578	1171111.1741	0.0000	0.0000	1.6998
29yz01	1	41	0	1	1.0000	1.0000	1.0000	NaN	4.8914	3.4883	15.4500	1171115.4582	1171115.7627	1.0000	1.0000	0.3910
29yz01	1	41	0	1	2.0000	1.0000	-1.0000	0.6217	NaN	NaN	NaN	1171116.6452	1171117.0296	1.0000	0.0000	0.6921
29yz01	1	42	0	1	1.0000	1.0000	1.0000	NaN	11.6471	11.4515	14.8842	1171119.9741	1171120.2764	1.0000	1.0000	0.4208
29yz01	1	42	0	1	2.0000	1.0000	-1.0000	0.1497	NaN	NaN	NaN	1171121.2031	1171121.5559	0.0000	1.0000	1.8946
29yz01	1	43	0	1	1.0000	1.0000	-1.0000	NaN	6.7344	-4.1085	16.0821	1171125.5830	1171125.8852	1.0000	0.0000	2.4280
29yz01	1	43	0	1	2.0000	1.0000	-1.0000	0.0310	NaN	NaN	NaN	1171128.8027	1171129.1527	0.0000	1.0000	2.2650
29yz01	1	44	0	1	1.0000	1.0000	1.0000	NaN	7.7879	7.3867	14.2878	1171133.6195	1171133.9217	1.0000	1.0000	0.4244
29yz01	1	44	0	1	2.0000	1.0000	-1.0000	0.9243	NaN	NaN	NaN	1171134.8518	1171135.2023	0.0000	1.0000	0.7757
29yz01	1	45	0	1	1.0000	1.0000	-1.0000	NaN	9.8815	-10.0621	13.7637	1171137.7695	1171138.0718	0.0000	1.0000	0.4339
29yz01	1	45	0	1	2.0000	1.0000	-1.0000	0.0923	NaN	NaN	NaN	1171138.9779	1171139.3326	1.0000	0.0000	1.6701
29yz01	1	46	0	1	1.0000	1.0000	1.0000	NaN	1.1845	3.0616	14.4127	1171143.4729	1171143.7751	1.0000	1.0000	0.5067
29yz01	1	46	0	1	2.0000	1.0000	1.0000	0.7564	NaN	NaN	NaN	1171144.7539	1171145.1044	1.0000	1.0000	0.6334
29yz01	1	47	0	1	1.0000	1.0000	1.0000	NaN	9.2989	8.5668	13.7941	1171147.6952	1171147.9975	1.0000	1.0000	0.4922
29yz01	1	47	0	1	2.0000	1.0000	1.0000	0.0044	NaN	NaN	NaN	1171149.0264	1171149.3819	0.0000	0.0000	3.8603
29yz01	1	48	0	1	1.0000	1.0000	-1.0000	NaN	10.6381	-9.7803	14.8303	1171155.2609	1171155.5639	0.0000	1.0000	0.3019
29yz01	1	48	0	1	2.0000	1.0000	-1.0000	0.2279	NaN	NaN	NaN	1171156.3864	1171156.7373	1.0000	0.0000	0.9846
29yz01	1	49	0	1	1.0000	1.0000	1.0000	NaN	2.4929	2.0905	14.9433	1171160.0851	1171160.3889	1.0000	1.0000	0.6770
29yz01	1	49	0	1	2.0000	1.0000	-1.0000	0.5577	NaN	NaN	NaN	1171161.6047	1171162.0203	0.0000	1.0000	1.5248
29yz01	1	50	0	1	1.0000	1.0000	1.0000	NaN	11.7966	12.8011	14.3779	1171166.0268	1171166.3334	1.0000	1.0000	0.4767
29yz01	1	50	0	1	2.0000	1.0000	1.0000	0.3969	NaN	NaN	NaN	1171167.3195	1171167.7156	1.0000	1.0000	1.9100
29yz01	2	1	0	1	1.0000	1.0000	-1.0000	NaN	2.0060	-0.8743	13.4331	1171174.0700	1171174.3722	1.0000	0.0000	1.1089
29yz01	2	1	0	1	2.0000	1.0000	-1.0000	0.9349	NaN	NaN	NaN	1171176.0184	1171176.3699	1.0000	0.0000	1.9597
29yz01	2	2	0	1	1.0000	1.0000	1.0000	NaN	6.2536	8.7553	14.1987	1171180.1544	1171180.4566	1.0000	1.0000	0.4165
29yz01	2	2	0	1	2.0000	1.0000	-1.0000	0.5195	NaN	NaN	NaN	1171181.3784	1171181.7316	0.0000	1.0000	5.7815
29yz01	2	3	0	1	1.0000	1.0000	1.0000	NaN	6.0057	5.5637	14.9903	1171189.7978	1171190.1000	1.0000	1.0000	0.6948
29yz01	2	3	0	1	2.0000	1.0000	1.0000	0.6771	NaN	NaN	NaN	1171191.3467	1171191.6978	1.0000	1.0000	5.0153
29yz01	2	4	0	1	1.0000	1.0000	-1.0000	NaN	11.4196	-10.4747	16.1135	1171199.2189	1171199.5212	0.0000	1.0000	0.4089
29yz01	2	4	0	1	2.0000	1.0000	1.0000	0.3225	NaN	NaN	NaN	1171200.4499	1171200.8020	0.0000	0.0000	3.2408
29yz01	2	5	0	1	1.0000	1.0000	1.0000	NaN	4.2087	6.4700	13.9981	1171206.2964	1171206.6006	1.0000	1.0000	0.6422
29yz01	2	5	0	1	2.0000	1.0000	1.0000	0.5062	NaN	NaN	NaN	1171207.7834	1171208.2036	1.0000	1.0000	0.9584
29yz01	2	6	0	1	1.0000	1.0000	-1.0000	NaN	5.0746	-3.7482	14.4145	1171211.1049	1171211.4117	0.0000	1.0000	0.6453
29yz01	2	6	0	1	2.0000	1.0000	-1.0000	0.1698	NaN	NaN	NaN	1171212.5509	1171212.9706	1.0000	0.0000	1.2631
29yz01	2	7	0	1	1.0000	1.0000	-1.0000	NaN	9.6008	-10.1483	14.7028	1171216.4623	1171216.7679	0.0000	1.0000	0.3298
29yz01	2	7	0	1	2.0000	1.0000	-1.0000	0.2469	NaN	NaN	NaN	1171217.6218	1171218.0365	0.0000	1.0000	4.4061
29yz01	2	8	0	1	1.0000	1.0000	1.0000	NaN	5.1887	5.8887	14.8602	1171224.9503	1171225.2549	1.0000	1.0000	0.7240
29yz01	2	8	0	1	2.0000	1.0000	-1.0000	0.4311	NaN	NaN	NaN	1171226.4695	1171226.8861	0.0000	1.0000	4.9956
29yz01	2	9	0	1	1.0000	1.0000	1.0000	NaN	1.5238	1.1274	14.0674	1171234.2645	1171234.5685	1.0000	1.0000	0.7852
29yz01	2	9	0	1	2.0000	1.0000	1.0000	0.8605	NaN	NaN	NaN	1171235.8626	1171236.2651	1.0000	1.0000	1.7439
29yz01	2	10	0	1	1.0000	1.0000	-1.0000	NaN	7.3925	-10.4677	14.8732	1171240.0007	1171240.3028	0.0000	1.0000	0.3474
29yz01	2	10	0	1	2.0000	1.0000	1.0000	0.2385	NaN	NaN	NaN	1171241.1702	1171241.5273	0.0000	0.0000	1.8101
29yz01	2	11	0	1	1.0000	1.0000	1.0000	NaN	7.8823	6.7116	15.6217	1171245.2870	1171245.5891	1.0000	1.0000	0.5800
29yz01	2	11	0	1	2.0000	1.0000	1.0000	0.3960	NaN	NaN	NaN	1171246.7064	1171247.0604	0.0000	0.0000	3.2532
29yz01	2	12	0	1	1.0000	1.0000	-1.0000	NaN	11.7797	-13.5888	17.0696	1171252.3228	1171252.6287	0.0000	1.0000	0.6608
29yz01	2	12	0	1	2.0000	1.0000	1.0000	0.4377	NaN	NaN	NaN	1171253.8001	1171254.2179	1.0000	1.0000	0.9112
29yz01	2	13	0	1	1.0000	1.0000	-1.0000	NaN	9.8106	-8.2626	13.9579	1171257.2540	1171257.5613	0.0000	1.0000	0.4499
29yz01	2	13	0	1	2.0000	1.0000	-1.0000	0.7772	NaN	NaN	NaN	1171258.5341	1171258.9647	0.0000	1.0000	2.2923
29yz01	2	14	0	1	1.0000	1.0000	1.0000	NaN	7.4120	8.3563	15.0871	1171263.5162	1171263.8211	1.0000	1.0000	0.5879
29yz01	2	14	0	1	2.0000	1.0000	1.0000	0.5794	NaN	NaN	NaN	1171264.9337	1171265.3508	0.0000	0.0000	1.5222
29yz01	2	15	0	1	1.0000	1.0000	1.0000	NaN	6.6019	8.2508	15.3597	1171269.4631	1171269.7675	1.0000	1.0000	0.3375
29yz01	2	15	0	1	2.0000	1.0000	-1.0000	0.8321	NaN	NaN	NaN	1171270.6323	1171271.0505	0.0000	1.0000	2.3511
29yz01	2	16	0	1	1.0000	1.0000	1.0000	NaN	1.0059	1.2965	15.4093	1171275.6467	1171275.9512	1.0000	1.0000	0.4746
29yz01	2	16	0	1	2.0000	1.0000	-1.0000	0.4280	NaN	NaN	NaN	1171276.9174	1171277.3335	0.0000	1.0000	1.2521
29yz01	2	17	0	1	1.0000	1.0000	-1.0000	NaN	1.8285	-2.5991	14.5795	1171281.0636	1171281.3680	0.0000	1.0000	0.4820
29yz01	2	17	0	1	2.0000	1.0000	-1.0000	0.8677	NaN	NaN	NaN	1171282.3732	1171282.7833	0.0000	1.0000	2.8753
29yz01	2	18	0	1	1.0000	1.0000	1.0000	NaN	1.1705	1.8825	15.5258	1171287.9608	1171288.2652	0.0000	0.0000	0.6084
29yz01	2	18	0	1	2.0000	1.0000	1.0000	0.6007	NaN	NaN	NaN	1171289.3822	1171289.7990	0.0000	0.0000	0.7548
29yz01	2	19	0	1	1.0000	1.0000	-1.0000	NaN	10.9888	-11.6685	14.1344	1171292.4123	1171292.7165	0.0000	1.0000	0.2852
29yz01	2	19	0	1	2.0000	1.0000	-1.0000	0.4007	NaN	NaN	NaN	1171293.4957	1171293.9160	0.0000	1.0000	2.2054
29yz01	2	20	0	1	1.0000	1.0000	-1.0000	NaN	2.0542	-2.2573	15.6357	1171298.6685	1171298.9755	0.0000	1.0000	0.7135
29yz01	2	20	0	1	2.0000	1.0000	1.0000	0.6227	NaN	NaN	NaN	1171300.1647	1171300.5704	0.0000	0.0000	3.7435
29yz01	2	21	0	1	1.0000	1.0000	1.0000	NaN	6.9025	5.9666	14.1265	1171306.4837	1171306.7910	1.0000	1.0000	0.2110
29yz01	2	21	0	1	2.0000	1.0000	-1.0000	0.9083	NaN	NaN	NaN	1171307.5435	1171307.9658	0.0000	1.0000	1.1152
29yz01	2	22	0	1	1.0000	1.0000	1.0000	NaN	5.5062	4.9170	14.0896	1171311.2310	1171311.5358	1.0000	1.0000	0.5538
29yz01	2	22	0	1	2.0000	1.0000	1.0000	0.2254	NaN	NaN	NaN	1171312.6148	1171313.0323	0.0000	0.0000	1.3937
29yz01	2	23	0	1	1.0000	1.0000	-1.0000	NaN	3.4688	-2.0951	13.3765	1171316.2440	1171316.5485	1.0000	0.0000	0.5330
29yz01	2	23	0	1	2.0000	1.0000	1.0000	0.6423	NaN	NaN	NaN	1171317.5892	1171318.0098	1.0000	1.0000	2.8324
29yz01	2	24	0	1	1.0000	1.0000	-1.0000	NaN	6.2166	-4.2004	16.1413	1171323.3917	1171323.6963	0.0000	1.0000	2.2333
29yz01	2	24	0	1	2.0000	1.0000	1.0000	0.8316	NaN	NaN	NaN	1171326.4363	1171326.8477	1.0000	1.0000	2.0263
29yz01	2	25	0	1	1.0000	1.0000	-1.0000	NaN	11.7920	-11.7174	14.9519	1171331.4913	1171331.7958	0.0000	1.0000	0.6292
29yz01	2	25	0	1	2.0000	1.0000	1.0000	0.7832	NaN	NaN	NaN	1171332.8854	1171333.2688	1.0000	1.0000	2.7401
29yz01	2	26	0	1	1.0000	1.0000	1.0000	NaN	10.6220	10.1591	14.6192	1171338.0767	1171338.3789	1.0000	1.0000	0.4301
29yz01	2	26	0	1	2.0000	1.0000	1.0000	0.0359	NaN	NaN	NaN	1171339.3142	1171339.6682	1.0000	1.0000	5.2535
29yz01	2	27	0	1	1.0000	1.0000	1.0000	NaN	4.4218	4.1119	14.8450	1171347.2384	1171347.5407	1.0000	1.0000	0.7409
29yz01	2	27	0	1	2.0000	1.0000	-1.0000	0.1743	NaN	NaN	NaN	1171348.8215	1171349.2415	1.0000	0.0000	3.1524
29yz01	2	28	0	1	1.0000	1.0000	-1.0000	NaN	1.0262	-1.2289	15.5211	1171354.5838	1171354.8906	1.0000	0.0000	1.1028
29yz01	2	28	0	1	2.0000	1.0000	1.0000	0.4825	NaN	NaN	NaN	1171356.5011	1171356.9265	0.0000	0.0000	4.5232
29yz01	2	29	0	1	1.0000	1.0000	-1.0000	NaN	0.3506	-1.4439	14.9200	1171363.5262	1171363.8309	1.0000	0.0000	1.0908
29yz01	2	29	0	1	2.0000	1.0000	1.0000	0.7610	NaN	NaN	NaN	1171365.4456	1171365.8625	1.0000	1.0000	1.5397
29yz01	2	30	0	1	1.0000	1.0000	1.0000	NaN	11.6238	12.1346	16.1744	1171369.4435	1171369.7481	1.0000	1.0000	0.4700
29yz01	2	30	0	1	2.0000	1.0000	-1.0000	0.6824	NaN	NaN	NaN	1171370.7436	1171371.1621	0.0000	1.0000	1.5197
29yz01	2	31	0	1	1.0000	1.0000	-1.0000	NaN	1.4798	-1.6212	16.3289	1171375.0058	1171375.3102	0.0000	1.0000	0.6193
29yz01	2	31	0	1	2.0000	1.0000	-1.0000	0.2279	NaN	NaN	NaN	1171376.4206	1171376.8071	0.0000	1.0000	1.9858
29yz01	2	32	0	1	1.0000	1.0000	1.0000	NaN	6.5641	6.6764	14.0768	1171380.9938	1171381.2961	1.0000	1.0000	0.4413
29yz01	2	32	0	1	2.0000	1.0000	1.0000	0.4284	NaN	NaN	NaN	1171382.2416	1171382.5930	0.0000	0.0000	3.0159
29yz01	2	33	0	1	1.0000	1.0000	1.0000	NaN	0.5163	0.0238	14.7343	1171387.4198	1171387.7218	1.0000	1.0000	0.3517
29yz01	2	33	0	1	2.0000	1.0000	1.0000	0.0146	NaN	NaN	NaN	1171388.5940	1171388.9493	1.0000	1.0000	0.9636
29yz01	2	34	0	1	1.0000	1.0000	-1.0000	NaN	4.1998	-4.6231	14.0093	1171391.8461	1171392.1484	0.0000	1.0000	0.4688
29yz01	2	34	0	1	2.0000	1.0000	-1.0000	0.8828	NaN	NaN	NaN	1171393.0900	1171393.4425	1.0000	0.0000	0.8709
29yz01	2	35	0	1	1.0000	1.0000	1.0000	NaN	7.2260	7.1470	14.0263	1171396.4154	1171396.7217	1.0000	1.0000	0.3433
29yz01	2	35	0	1	2.0000	1.0000	-1.0000	0.0064	NaN	NaN	NaN	1171397.5759	1171397.9942	1.0000	0.0000	1.1993
29yz01	2	36	0	1	1.0000	1.0000	-1.0000	NaN	3.0901	-4.0034	14.3449	1171401.2734	1171401.5784	0.0000	1.0000	0.4001
29yz01	2	36	0	1	2.0000	1.0000	-1.0000	0.1418	NaN	NaN	NaN	1171402.4861	1171402.9068	1.0000	0.0000	2.8621
29yz01	2	37	0	1	1.0000	1.0000	-1.0000	NaN	4.8217	-5.0424	16.1794	1171407.8950	1171408.2012	0.0000	1.0000	0.3046
29yz01	2	37	0	1	2.0000	1.0000	-1.0000	0.4876	NaN	NaN	NaN	1171409.0124	1171409.4269	0.0000	1.0000	0.8228
29yz01	2	38	0	1	1.0000	1.0000	-1.0000	NaN	1.2811	-1.1972	14.9441	1171412.2213	1171412.5257	1.0000	0.0000	2.2192
29yz01	2	38	0	1	2.0000	1.0000	-1.0000	0.6852	NaN	NaN	NaN	1171415.2387	1171415.6600	1.0000	0.0000	3.4529
29yz01	2	39	0	1	1.0000	1.0000	-1.0000	NaN	10.5558	-9.9276	13.5833	1171421.6611	1171421.9675	0.0000	1.0000	0.3148
29yz01	2	39	0	1	2.0000	1.0000	-1.0000	0.8610	NaN	NaN	NaN	1171422.8077	1171423.2262	0.0000	1.0000	0.5587
29yz01	2	40	0	1	1.0000	1.0000	-1.0000	NaN	8.2706	-8.0824	14.1602	1171425.7533	1171426.0577	0.0000	1.0000	0.3352
29yz01	2	40	0	1	2.0000	1.0000	1.0000	0.6214	NaN	NaN	NaN	1171426.9333	1171427.3544	0.0000	0.0000	1.1036
29yz01	2	41	0	1	1.0000	1.0000	1.0000	NaN	11.4027	11.8924	15.8144	1171430.9449	1171431.2519	1.0000	1.0000	0.4694
29yz01	2	41	0	1	2.0000	1.0000	1.0000	0.3012	NaN	NaN	NaN	1171432.2450	1171432.6586	0.0000	0.0000	3.8142
29yz01	2	42	0	1	1.0000	1.0000	-1.0000	NaN	7.4647	-8.3340	15.0671	1171439.0716	1171439.3758	0.0000	1.0000	0.3454
29yz01	2	42	0	1	2.0000	1.0000	-1.0000	0.8104	NaN	NaN	NaN	1171440.2283	1171440.6414	1.0000	0.0000	1.3359
29yz01	2	43	0	1	1.0000	1.0000	1.0000	NaN	2.7111	2.8782	14.7041	1171444.2535	1171444.5578	0.0000	0.0000	0.2206
29yz01	2	43	0	1	2.0000	1.0000	-1.0000	0.1850	NaN	NaN	NaN	1171445.3163	1171445.7245	0.0000	1.0000	1.7563
29yz01	2	44	0	1	1.0000	1.0000	-1.0000	NaN	0.9103	-1.9379	17.3312	1171449.6217	1171449.9266	0.0000	1.0000	0.3398
29yz01	2	44	0	1	2.0000	1.0000	-1.0000	0.5394	NaN	NaN	NaN	1171450.7578	1171451.1749	1.0000	0.0000	0.9157
29yz01	2	45	0	1	1.0000	1.0000	-1.0000	NaN	4.2379	-5.4903	15.2800	1171454.0888	1171454.3932	0.0000	1.0000	0.3516
29yz01	2	45	0	1	2.0000	1.0000	-1.0000	0.2230	NaN	NaN	NaN	1171455.2558	1171455.6392	0.0000	1.0000	2.7540
29yz01	2	46	0	1	1.0000	1.0000	-1.0000	NaN	9.9699	-8.9966	14.0041	1171460.8143	1171461.1187	0.0000	1.0000	0.4111
29yz01	2	46	0	1	2.0000	1.0000	1.0000	0.3341	NaN	NaN	NaN	1171462.0718	1171462.4909	0.0000	0.0000	2.2710
29yz01	2	47	0	1	1.0000	1.0000	-1.0000	NaN	1.5837	-1.3868	15.2019	1171466.9993	1171467.3015	1.0000	0.0000	0.4677
29yz01	2	47	0	1	2.0000	1.0000	-1.0000	0.0916	NaN	NaN	NaN	1171468.2730	1171468.6286	1.0000	0.0000	2.5962
29yz01	2	48	0	1	1.0000	1.0000	-1.0000	NaN	8.7807	-8.4880	15.6289	1171473.8027	1171474.1049	0.0000	1.0000	0.3535
29yz01	2	48	0	1	2.0000	1.0000	1.0000	0.6167	NaN	NaN	NaN	1171474.9452	1171475.2989	0.0000	0.0000	4.1343
29yz01	2	49	0	1	1.0000	1.0000	1.0000	NaN	11.0063	10.2451	15.4011	1171481.6561	1171481.9583	1.0000	1.0000	0.3561
29yz01	2	49	0	1	2.0000	1.0000	1.0000	0.5222	NaN	NaN	NaN	1171482.8347	1171483.1849	1.0000	1.0000	1.2412
29yz01	2	50	0	1	1.0000	1.0000	1.0000	NaN	11.9536	11.9053	15.4700	1171486.1858	1171486.4881	1.0000	1.0000	0.4493
29yz01	2	50	0	1	2.0000	1.0000	-1.0000	0.5114	NaN	NaN	NaN	1171487.4415	1171487.7983	1.0000	0.0000	1.3150
29yz01	3	1	0	1	1.0000	1.0000	1.0000	NaN	1.0132	2.0083	14.6186	1171496.3478	1171496.6499	1.0000	1.0000	0.4628
29yz01	3	1	0	1	2.0000	1.0000	-1.0000	0.8253	NaN	NaN	NaN	1171497.6021	1171497.9536	1.0000	0.0000	1.9111
29yz01	3	2	0	1	1.0000	1.0000	1.0000	NaN	2.2852	1.3569	16.2197	1171501.8392	1171502.1414	1.0000	1.0000	0.6833
29yz01	3	2	0	1	2.0000	1.0000	1.0000	0.6357	NaN	NaN	NaN	1171503.3455	1171503.7495	0.0000	0.0000	1.7472
29yz01	3	3	0	1	1.0000	1.0000	-1.0000	NaN	7.4887	-5.9033	16.2711	1171508.0005	1171508.3027	0.0000	1.0000	0.5388
29yz01	3	3	0	1	2.0000	1.0000	-1.0000	0.4645	NaN	NaN	NaN	1171509.3299	1171509.6819	1.0000	0.0000	1.1429
29yz01	3	4	0	1	1.0000	1.0000	-1.0000	NaN	6.3257	-6.9936	16.3123	1171512.8589	1171513.1625	0.0000	1.0000	0.3037
29yz01	3	4	0	1	2.0000	1.0000	1.0000	0.4181	NaN	NaN	NaN	1171514.0020	1171514.3529	0.0000	0.0000	3.3529
29yz01	3	5	0	1	1.0000	1.0000	-1.0000	NaN	9.0447	-8.7652	16.9343	1171519.9551	1171520.2574	0.0000	1.0000	0.4088
29yz01	3	5	0	1	2.0000	1.0000	-1.0000	0.7193	NaN	NaN	NaN	1171521.2013	1171521.5527	1.0000	0.0000	1.0488
29yz01	3	6	0	1	1.0000	1.0000	1.0000	NaN	9.7714	8.9238	14.8910	1171525.0917	1171525.3952	1.0000	1.0000	1.1260
29yz01	3	6	0	1	2.0000	1.0000	1.0000	0.2416	NaN	NaN	NaN	1171527.0256	1171527.3798	1.0000	1.0000	1.6369
29yz01	3	7	0	1	1.0000	1.0000	-1.0000	NaN	8.1837	-7.6538	15.2699	1171531.1434	1171531.4457	0.0000	1.0000	1.1237
29yz01	3	7	0	1	2.0000	1.0000	1.0000	0.0566	NaN	NaN	NaN	1171533.0409	1171533.3961	0.0000	0.0000	2.8052
29yz01	3	8	0	1	1.0000	1.0000	1.0000	NaN	6.9207	5.8563	14.9408	1171538.5127	1171538.8149	1.0000	1.0000	0.5705
29yz01	3	8	0	1	2.0000	1.0000	1.0000	0.7652	NaN	NaN	NaN	1171539.9049	1171540.2581	1.0000	1.0000	0.6626
29yz01	3	9	0	1	1.0000	1.0000	1.0000	NaN	2.6610	1.3453	13.4867	1171543.1533	1171543.4555	1.0000	1.0000	0.8737
29yz01	3	9	0	1	2.0000	1.0000	1.0000	0.6757	NaN	NaN	NaN	1171544.8336	1171545.1850	1.0000	1.0000	0.8562
29yz01	3	10	0	1	1.0000	1.0000	-1.0000	NaN	6.2598	-5.2566	14.9665	1171548.4965	1171548.8003	0.0000	1.0000	1.8810
29yz01	3	10	0	1	2.0000	1.0000	1.0000	0.0679	NaN	NaN	NaN	1171551.1725	1171551.5787	1.0000	1.0000	1.5349
29yz01	3	11	0	1	1.0000	1.0000	-1.0000	NaN	4.0455	-5.5807	13.7590	1171555.4636	1171555.7658	0.0000	1.0000	0.3869
29yz01	3	11	0	1	2.0000	1.0000	-1.0000	0.0113	NaN	NaN	NaN	1171556.6896	1171557.0450	1.0000	0.0000	1.5248
29yz01	3	12	0	1	1.0000	1.0000	-1.0000	NaN	2.2675	-3.2612	14.3388	1171560.9809	1171561.2830	0.0000	1.0000	0.3580
29yz01	3	12	0	1	2.0000	1.0000	-1.0000	0.7075	NaN	NaN	NaN	1171562.0978	1171562.4477	0.0000	1.0000	0.8742
29yz01	3	13	0	1	1.0000	1.0000	1.0000	NaN	8.9176	9.3893	16.6350	1171565.6378	1171565.9401	1.0000	1.0000	0.6942
29yz01	3	13	0	1	2.0000	1.0000	1.0000	0.7199	NaN	NaN	NaN	1171567.1219	1171567.4776	1.0000	1.0000	1.0281
29yz01	3	14	0	1	1.0000	1.0000	-1.0000	NaN	2.0151	-3.1954	15.3441	1171570.7401	1171571.0430	1.0000	0.0000	1.0313
29yz01	3	14	0	1	2.0000	1.0000	1.0000	0.4654	NaN	NaN	NaN	1171572.5790	1171572.9305	0.0000	0.0000	0.8542
29yz01	3	15	0	1	1.0000	1.0000	1.0000	NaN	2.2425	3.2939	13.7770	1171575.8416	1171576.1439	1.0000	1.0000	0.3943
29yz01	3	15	0	1	2.0000	1.0000	-1.0000	0.7554	NaN	NaN	NaN	1171577.0413	1171577.3951	1.0000	0.0000	1.2380
29yz01	3	16	0	1	1.0000	1.0000	1.0000	NaN	4.4092	4.6665	15.2398	1171580.9457	1171581.2479	1.0000	1.0000	0.2807
29yz01	3	16	0	1	2.0000	1.0000	-1.0000	0.3757	NaN	NaN	NaN	1171582.0330	1171582.3897	1.0000	0.0000	0.9799
29yz01	3	17	0	1	1.0000	1.0000	-1.0000	NaN	5.6511	-5.8535	14.2648	1171585.6183	1171585.9206	1.0000	0.0000	1.6081
29yz01	3	17	0	1	2.0000	1.0000	1.0000	0.5686	NaN	NaN	NaN	1171588.0489	1171588.4060	1.0000	1.0000	6.8347
29yz01	3	18	0	1	1.0000	1.0000	1.0000	NaN	0.3665	0.8872	14.5265	1171597.5158	1171597.8205	0.0000	0.0000	0.5561
29yz01	3	18	0	1	2.0000	1.0000	1.0000	0.1879	NaN	NaN	NaN	1171598.8845	1171599.2721	0.0000	0.0000	1.5696
29yz01	3	19	0	1	1.0000	1.0000	-1.0000	NaN	6.5745	-5.8015	16.2351	1171603.4031	1171603.7055	0.0000	1.0000	0.3040
29yz01	3	19	0	1	2.0000	1.0000	-1.0000	0.4017	NaN	NaN	NaN	1171604.5299	1171604.8819	0.0000	1.0000	3.3672
29yz01	3	20	0	1	1.0000	1.0000	-1.0000	NaN	2.7659	-3.1236	15.7464	1171610.2835	1171610.5857	1.0000	0.0000	1.0394
29yz01	3	20	0	1	2.0000	1.0000	1.0000	0.4474	NaN	NaN	NaN	1171612.1785	1171612.5286	1.0000	1.0000	2.2000
29yz01	3	21	0	1	1.0000	1.0000	-1.0000	NaN	4.0846	-4.8206	14.6100	1171617.3249	1171617.6271	0.0000	1.0000	0.4135
29yz01	3	21	0	1	2.0000	1.0000	1.0000	0.9118	NaN	NaN	NaN	1171618.5943	1171618.9449	1.0000	1.0000	0.9837
29yz01	3	22	0	1	1.0000	1.0000	-1.0000	NaN	5.1390	-3.2632	15.0174	1171621.7041	1171622.0071	0.0000	1.0000	0.5631
29yz01	3	22	0	1	2.0000	1.0000	1.0000	0.1814	NaN	NaN	NaN	1171623.0739	1171623.4262	0.0000	0.0000	3.1434
29yz01	3	23	0	1	1.0000	1.0000	-1.0000	NaN	2.3774	-3.0912	16.2078	1171629.2094	1171629.5116	0.0000	1.0000	0.7209
29yz01	3	23	0	1	2.0000	1.0000	-1.0000	0.3538	NaN	NaN	NaN	1171630.7370	1171631.0910	0.0000	1.0000	2.1496
29yz01	3	24	0	1	1.0000	1.0000	-1.0000	NaN	11.4901	-10.7758	14.5149	1171635.3999	1171635.7021	0.0000	1.0000	0.4025
29yz01	3	24	0	1	2.0000	1.0000	1.0000	0.5195	NaN	NaN	NaN	1171636.5939	1171636.9439	1.0000	1.0000	0.9382
29yz01	3	25	0	1	1.0000	1.0000	-1.0000	NaN	1.2798	-1.3959	16.0464	1171640.2433	1171640.5471	1.0000	0.0000	0.7415
29yz01	3	25	0	1	2.0000	1.0000	-1.0000	0.4205	NaN	NaN	NaN	1171641.7973	1171642.2132	1.0000	0.0000	1.2515
29yz01	3	26	0	1	1.0000	1.0000	-1.0000	NaN	5.2284	-5.7222	14.7651	1171645.6082	1171645.9124	0.0000	1.0000	0.3220
29yz01	3	26	0	1	2.0000	1.0000	-1.0000	0.2163	NaN	NaN	NaN	1171646.7568	1171647.1688	0.0000	1.0000	4.0244
29yz01	3	27	0	1	1.0000	1.0000	1.0000	NaN	9.6034	10.3730	16.0809	1171653.1449	1171653.4497	1.0000	1.0000	0.7044
29yz01	3	27	0	1	2.0000	1.0000	1.0000	0.4611	NaN	NaN	NaN	1171654.6641	1171655.0813	1.0000	1.0000	0.7364
29yz01	3	28	0	1	1.0000	1.0000	-1.0000	NaN	3.8352	-1.9886	15.0936	1171657.8706	1171658.1754	0.0000	1.0000	0.5212
29yz01	3	28	0	1	2.0000	1.0000	-1.0000	0.0654	NaN	NaN	NaN	1171659.1892	1171659.6095	1.0000	0.0000	2.0324
29yz01	3	29	0	1	1.0000	1.0000	1.0000	NaN	7.9983	6.0159	13.8592	1171664.1425	1171664.4470	1.0000	1.0000	0.8095
29yz01	3	29	0	1	2.0000	1.0000	1.0000	0.6632	NaN	NaN	NaN	1171665.7643	1171666.1807	0.0000	0.0000	4.2607
29yz01	3	30	0	1	1.0000	1.0000	1.0000	NaN	8.8543	10.5685	14.7805	1171672.7263	1171673.0307	1.0000	1.0000	0.2912
29yz01	3	30	0	1	2.0000	1.0000	-1.0000	0.0500	NaN	NaN	NaN	1171673.8463	1171674.2636	1.0000	0.0000	1.1701
29yz01	3	31	0	1	1.0000	1.0000	1.0000	NaN	4.7911	5.7956	14.6895	1171677.7983	1171678.1048	1.0000	1.0000	0.3692
29yz01	3	31	0	1	2.0000	1.0000	1.0000	0.0574	NaN	NaN	NaN	1171679.0128	1171679.4296	1.0000	1.0000	2.2113
29yz01	3	32	0	1	1.0000	1.0000	1.0000	NaN	7.6624	6.7605	15.6680	1171683.5303	1171683.8347	1.0000	1.0000	0.4298
29yz01	3	32	0	1	2.0000	1.0000	1.0000	0.6649	NaN	NaN	NaN	1171684.7895	1171685.1998	1.0000	1.0000	1.2568
29yz01	3	33	0	1	1.0000	1.0000	-1.0000	NaN	1.6328	-3.5302	15.2539	1171688.3975	1171688.7030	1.0000	0.0000	0.6660
29yz01	3	33	0	1	2.0000	1.0000	-1.0000	0.1383	NaN	NaN	NaN	1171689.9274	1171690.3462	1.0000	0.0000	1.1200
29yz01	3	34	0	1	1.0000	1.0000	-1.0000	NaN	7.7372	-8.4062	16.3569	1171693.6161	1171693.9230	0.0000	1.0000	0.4542
29yz01	3	34	0	1	2.0000	1.0000	-1.0000	0.8127	NaN	NaN	NaN	1171694.8836	1171695.2954	0.0000	1.0000	0.5376
29yz01	3	35	0	1	1.0000	1.0000	-1.0000	NaN	2.1822	-0.4107	13.9834	1171698.0092	1171698.3142	1.0000	0.0000	0.7829
29yz01	3	35	0	1	2.0000	1.0000	1.0000	0.8651	NaN	NaN	NaN	1171699.6375	1171700.0591	1.0000	1.0000	1.4383
29yz01	3	36	0	1	1.0000	1.0000	1.0000	NaN	9.3662	8.7772	13.7489	1171703.9947	1171704.2995	1.0000	1.0000	0.3660
29yz01	3	36	0	1	2.0000	1.0000	1.0000	0.3272	NaN	NaN	NaN	1171705.1916	1171705.6126	0.0000	0.0000	1.0045
29yz01	3	37	0	1	1.0000	1.0000	1.0000	NaN	5.8633	7.1139	15.8729	1171708.5400	1171708.8447	1.0000	1.0000	0.4118
29yz01	3	37	0	1	2.0000	1.0000	1.0000	0.6938	NaN	NaN	NaN	1171709.7812	1171710.1952	1.0000	1.0000	1.1258
29yz01	3	38	0	1	1.0000	1.0000	-1.0000	NaN	6.9958	-5.0826	14.7437	1171713.5222	1171713.8266	0.0000	1.0000	2.3431
29yz01	3	38	0	1	2.0000	1.0000	-1.0000	0.3654	NaN	NaN	NaN	1171716.6608	1171717.0782	0.0000	1.0000	3.1544
29yz01	3	39	0	1	1.0000	1.0000	-1.0000	NaN	5.0072	-6.7630	15.2972	1171722.3251	1171722.6296	0.0000	1.0000	0.5326
29yz01	3	39	0	1	2.0000	1.0000	-1.0000	0.2280	NaN	NaN	NaN	1171723.6845	1171724.0945	0.0000	1.0000	1.0514
29yz01	3	40	0	1	1.0000	1.0000	1.0000	NaN	7.0088	6.9450	17.0142	1171727.1285	1171727.4339	1.0000	1.0000	0.7192
29yz01	3	40	0	1	2.0000	1.0000	-1.0000	0.3267	NaN	NaN	NaN	1171728.6935	1171729.1109	1.0000	0.0000	3.2176
29yz01	3	41	0	1	1.0000	1.0000	1.0000	NaN	5.1798	3.6790	14.7273	1171734.7656	1171735.0715	1.0000	1.0000	0.6024
29yz01	3	41	0	1	2.0000	1.0000	1.0000	0.2774	NaN	NaN	NaN	1171736.2286	1171736.6439	0.0000	0.0000	0.8686
29yz01	3	42	0	1	1.0000	1.0000	1.0000	NaN	3.3123	4.0222	13.8935	1171739.7600	1171740.0645	1.0000	1.0000	0.2640
29yz01	3	42	0	1	2.0000	1.0000	-1.0000	0.7170	NaN	NaN	NaN	1171740.8685	1171741.2689	1.0000	0.0000	2.9482
29yz01	3	43	0	1	1.0000	1.0000	-1.0000	NaN	0.0138	-2.6298	15.8356	1171746.6647	1171746.9676	1.0000	0.0000	0.7369
29yz01	3	43	0	1	2.0000	1.0000	-1.0000	0.8702	NaN	NaN	NaN	1171748.1940	1171748.5478	0.0000	1.0000	0.5976
29yz01	3	44	0	1	1.0000	1.0000	-1.0000	NaN	5.1625	-7.4592	15.9133	1171751.4807	1171751.7840	0.0000	1.0000	0.7365
29yz01	3	44	0	1	2.0000	1.0000	1.0000	0.8772	NaN	NaN	NaN	1171753.0411	1171753.3978	1.0000	1.0000	0.4679
29yz01	3	45	0	1	1.0000	1.0000	1.0000	NaN	2.9003	3.8330	14.7273	1171755.9061	1171756.2098	1.0000	1.0000	0.3912
29yz01	3	45	0	1	2.0000	1.0000	1.0000	0.3703	NaN	NaN	NaN	1171757.1082	1171757.5238	1.0000	1.0000	1.4132
29yz01	3	46	0	1	1.0000	1.0000	-1.0000	NaN	9.3500	-7.7426	15.9726	1171761.0516	1171761.3555	0.0000	1.0000	0.4617
29yz01	3	46	0	1	2.0000	1.0000	1.0000	0.5043	NaN	NaN	NaN	1171762.3255	1171762.7426	0.0000	0.0000	2.7059
29yz01	3	47	0	1	1.0000	1.0000	-1.0000	NaN	11.9890	-11.9230	14.1947	1171767.8299	1171768.1365	0.0000	1.0000	0.3042
29yz01	3	47	0	1	2.0000	1.0000	1.0000	0.1216	NaN	NaN	NaN	1171768.9327	1171769.3538	0.0000	0.0000	1.6954
29yz01	3	48	0	1	1.0000	1.0000	-1.0000	NaN	11.7570	-9.4158	14.0310	1171773.3486	1171773.6530	0.0000	1.0000	0.2763
29yz01	3	48	0	1	2.0000	1.0000	1.0000	0.8596	NaN	NaN	NaN	1171774.4393	1171774.8586	1.0000	1.0000	0.8458
29yz01	3	49	0	1	1.0000	1.0000	-1.0000	NaN	7.4051	-4.6146	14.1297	1171777.7438	1171778.0508	0.0000	1.0000	1.2062
29yz01	3	49	0	1	2.0000	1.0000	-1.0000	0.2759	NaN	NaN	NaN	1171779.7641	1171780.1751	0.0000	1.0000	1.6094
29yz01	3	50	0	1	1.0000	1.0000	1.0000	NaN	0.9735	0.7651	16.3206	1171783.8908	1171784.1954	1.0000	1.0000	1.0308
29yz01	3	50	0	1	2.0000	1.0000	-1.0000	0.7412	NaN	NaN	NaN	1171785.7483	1171786.1580	0.0000	1.0000	2.8429
