44as01	1	1	0	0	1.0000	0.0000	1.0000	0.1424	NaN	NaN	NaN	1905062.9668	1905063.3130	1.0000	1.0000	0.2942
44as01	1	1	0	0	2.0000	0.0000	1.0000	NaN	7.9153	9.8940	16.6688	1905064.1568	1905064.4585	1.0000	1.0000	0.2704
44as01	1	2	0	0	1.0000	0.0000	1.0000	0.9115	NaN	NaN	NaN	1905066.8453	1905067.1757	1.0000	1.0000	0.1214
44as01	1	2	0	0	2.0000	0.0000	1.0000	NaN	7.8689	8.0499	15.6411	1905067.8521	1905068.1532	0.0000	0.0000	0.1499
44as01	1	3	0	0	1.0000	0.0000	1.0000	0.8464	NaN	NaN	NaN	1905070.5554	1905070.8819	1.0000	1.0000	0.1028
44as01	1	3	0	0	2.0000	0.0000	-1.0000	NaN	4.0100	-1.6707	16.7069	1905071.5397	1905071.8407	1.0000	0.0000	0.4318
44as01	1	4	0	0	1.0000	0.0000	-1.0000	0.2128	NaN	NaN	NaN	1905074.6373	1905074.9642	0.0000	1.0000	0.1950
44as01	1	4	0	0	2.0000	0.0000	1.0000	NaN	8.0140	6.7751	14.3965	1905075.7399	1905076.0409	1.0000	1.0000	0.2942
44as01	1	5	0	0	1.0000	0.0000	1.0000	0.6121	NaN	NaN	NaN	1905078.7284	1905079.0557	1.0000	1.0000	0.0959
44as01	1	5	0	0	2.0000	0.0000	-1.0000	NaN	4.5433	-2.9919	15.5144	1905079.7188	1905080.0202	0.0000	1.0000	0.3149
44as01	1	6	0	0	1.0000	0.0000	1.0000	0.3089	NaN	NaN	NaN	1905082.8614	1905083.1876	0.0000	0.0000	0.2928
44as01	1	6	0	0	2.0000	0.0000	1.0000	NaN	1.2676	3.2849	15.3074	1905084.0533	1905084.3543	0.0000	0.0000	0.2393
44as01	1	7	0	0	1.0000	0.0000	1.0000	0.9113	NaN	NaN	NaN	1905087.0165	1905087.3431	1.0000	1.0000	0.0822
44as01	1	7	0	0	2.0000	0.0000	-1.0000	NaN	6.5666	-7.2466	14.7426	1905087.9712	1905088.2724	0.0000	1.0000	0.4004
44as01	1	8	0	0	1.0000	0.0000	-1.0000	0.2818	NaN	NaN	NaN	1905090.8775	1905091.2144	0.0000	1.0000	0.1385
44as01	1	8	0	0	2.0000	0.0000	-1.0000	NaN	3.8253	-2.5265	14.9327	1905091.9331	1905092.2342	1.0000	0.0000	0.2528
44as01	1	9	0	0	1.0000	0.0000	-1.0000	0.4244	NaN	NaN	NaN	1905094.6465	1905094.9740	0.0000	1.0000	0.1389
44as01	1	9	0	0	2.0000	0.0000	-1.0000	NaN	3.6762	-2.1940	15.8932	1905095.6847	1905095.9862	0.0000	1.0000	0.2369
44as01	1	10	0	0	1.0000	0.0000	1.0000	0.4852	NaN	NaN	NaN	1905098.7468	1905099.0723	0.0000	0.0000	0.1686
44as01	1	10	0	0	2.0000	0.0000	1.0000	NaN	9.8115	10.9746	15.1291	1905099.7964	1905100.0974	1.0000	1.0000	0.2479
44as01	1	11	0	0	1.0000	0.0000	1.0000	0.7399	NaN	NaN	NaN	1905102.8984	1905103.2250	1.0000	1.0000	0.1750
44as01	1	11	0	0	2.0000	0.0000	-1.0000	NaN	5.0814	-6.7341	15.4370	1905103.9484	1905104.2495	0.0000	1.0000	0.1826
44as01	1	12	0	0	1.0000	0.0000	1.0000	0.3508	NaN	NaN	NaN	1905106.7789	1905107.1056	1.0000	1.0000	0.1839
44as01	1	12	0	0	2.0000	0.0000	-1.0000	NaN	1.3344	-2.5663	15.7453	1905107.8771	1905108.1781	1.0000	0.0000	0.3270
44as01	1	13	0	0	1.0000	0.0000	1.0000	0.1574	NaN	NaN	NaN	1905111.0999	1905111.4312	1.0000	1.0000	0.2002
44as01	1	13	0	0	2.0000	0.0000	1.0000	NaN	7.2238	9.3104	15.0041	1905112.1802	1905112.4813	1.0000	1.0000	0.3259
44as01	1	14	0	0	1.0000	0.0000	-1.0000	0.2531	NaN	NaN	NaN	1905114.9752	1905115.3010	0.0000	1.0000	0.3161
44as01	1	14	0	0	2.0000	0.0000	-1.0000	NaN	1.8439	-0.1014	15.5870	1905116.1962	1905116.4972	1.0000	0.0000	0.1838
44as01	1	15	0	0	1.0000	0.0000	-1.0000	0.5652	NaN	NaN	NaN	1905118.8054	1905119.1336	1.0000	0.0000	0.2196
44as01	1	15	0	0	2.0000	0.0000	-1.0000	NaN	3.1465	-4.7279	15.8051	1905119.9081	1905120.2094	0.0000	1.0000	0.2313
44as01	1	16	0	0	1.0000	0.0000	1.0000	0.6604	NaN	NaN	NaN	1905122.8884	1905123.2160	1.0000	1.0000	0.1524
44as01	1	16	0	0	2.0000	0.0000	1.0000	NaN	0.8159	0.0202	14.5978	1905123.9259	1905124.2269	1.0000	1.0000	0.4045
44as01	1	17	0	0	1.0000	0.0000	-1.0000	0.3186	NaN	NaN	NaN	1905126.9068	1905127.2323	1.0000	0.0000	0.2409
44as01	1	17	0	0	2.0000	0.0000	1.0000	NaN	8.1567	4.9167	14.7630	1905128.0118	1905128.3129	1.0000	1.0000	0.4063
44as01	1	18	0	0	1.0000	0.0000	1.0000	0.0302	NaN	NaN	NaN	1905130.8485	1905131.1752	1.0000	1.0000	0.0884
44as01	1	18	0	0	2.0000	0.0000	1.0000	NaN	3.3231	1.4130	13.4090	1905131.8059	1905132.1069	0.0000	0.0000	0.5738
44as01	1	19	0	0	1.0000	0.0000	1.0000	0.2477	NaN	NaN	NaN	1905134.9499	1905135.2764	1.0000	1.0000	0.1228
44as01	1	19	0	0	2.0000	0.0000	1.0000	NaN	7.1323	7.4401	14.4488	1905135.9482	1905136.2498	1.0000	1.0000	0.4134
44as01	1	20	0	0	1.0000	0.0000	-1.0000	0.1146	NaN	NaN	NaN	1905138.4807	1905138.8063	1.0000	0.0000	0.1468
44as01	1	20	0	0	2.0000	0.0000	1.0000	NaN	7.0741	8.6423	16.2129	1905139.5003	1905139.8013	1.0000	1.0000	0.3119
44as01	1	21	0	0	1.0000	0.0000	-1.0000	0.8067	NaN	NaN	NaN	1905142.1884	1905142.5158	1.0000	0.0000	0.2938
44as01	1	21	0	0	2.0000	0.0000	-1.0000	NaN	11.2079	-11.3083	13.2426	1905143.3413	1905143.6423	0.0000	1.0000	0.2849
44as01	1	22	0	0	1.0000	0.0000	1.0000	0.2126	NaN	NaN	NaN	1905146.2498	1905146.5766	1.0000	1.0000	0.0785
44as01	1	22	0	0	2.0000	0.0000	1.0000	NaN	9.0152	10.9059	16.0904	1905147.2033	1905147.5043	0.0000	0.0000	0.5844
44as01	1	23	0	0	1.0000	0.0000	1.0000	0.6058	NaN	NaN	NaN	1905150.4252	1905150.7514	1.0000	1.0000	0.0744
44as01	1	23	0	0	2.0000	0.0000	1.0000	NaN	11.4923	13.6717	15.1682	1905151.3631	1905151.6642	1.0000	1.0000	0.2655
44as01	1	24	0	0	1.0000	0.0000	-1.0000	0.4168	NaN	NaN	NaN	1905154.3440	1905154.6770	0.0000	1.0000	0.1475
44as01	1	24	0	0	2.0000	0.0000	1.0000	NaN	4.5787	5.9860	16.0997	1905155.3955	1905155.6965	1.0000	1.0000	0.1914
44as01	1	25	0	0	1.0000	0.0000	-1.0000	0.1056	NaN	NaN	NaN	1905158.5436	1905158.8687	0.0000	1.0000	0.1325
44as01	1	25	0	0	2.0000	0.0000	1.0000	NaN	3.0968	5.5273	15.0411	1905159.6028	1905159.9040	1.0000	1.0000	0.1608
44as01	1	26	0	0	1.0000	0.0000	-1.0000	0.3714	NaN	NaN	NaN	1905162.3050	1905162.6329	0.0000	1.0000	0.1342
44as01	1	26	0	0	2.0000	0.0000	1.0000	NaN	9.9766	11.8102	13.7103	1905163.3473	1905163.6483	1.0000	1.0000	0.1108
44as01	1	27	0	0	1.0000	0.0000	-1.0000	0.4040	NaN	NaN	NaN	1905166.1181	1905166.4453	0.0000	1.0000	0.0819
44as01	1	27	0	0	2.0000	0.0000	1.0000	NaN	3.7526	2.6696	14.1391	1905167.1081	1905167.4093	0.0000	0.0000	0.3194
44as01	1	28	0	0	1.0000	0.0000	1.0000	0.1234	NaN	NaN	NaN	1905170.0578	1905170.3848	1.0000	1.0000	0.3120
44as01	1	28	0	0	2.0000	0.0000	1.0000	NaN	6.8259	6.5793	14.2862	1905171.2444	1905171.5459	1.0000	1.0000	0.3990
44as01	1	29	0	0	1.0000	0.0000	-1.0000	0.6660	NaN	NaN	NaN	1905174.1340	1905174.4611	0.0000	1.0000	0.1790
44as01	1	29	0	0	2.0000	0.0000	1.0000	NaN	7.9961	8.8978	14.7420	1905175.2197	1905175.5207	1.0000	1.0000	0.2225
44as01	1	30	0	0	1.0000	0.0000	1.0000	0.7369	NaN	NaN	NaN	1905177.6428	1905177.9701	0.0000	0.0000	0.4069
44as01	1	30	0	0	2.0000	0.0000	1.0000	NaN	5.8415	5.8568	15.1347	1905178.9086	1905179.2096	1.0000	1.0000	0.2636
44as01	1	31	0	0	1.0000	0.0000	-1.0000	0.7546	NaN	NaN	NaN	1905181.4545	1905181.7820	0.0000	1.0000	0.2746
44as01	1	31	0	0	2.0000	0.0000	-1.0000	NaN	3.7346	-5.3194	14.9279	1905182.6194	1905182.9204	0.0000	1.0000	0.2491
44as01	1	32	0	0	1.0000	0.0000	1.0000	0.4750	NaN	NaN	NaN	1905185.4393	1905185.7656	1.0000	1.0000	0.1872
44as01	1	32	0	0	2.0000	0.0000	-1.0000	NaN	5.7591	-8.8751	14.5851	1905186.5092	1905186.8103	0.0000	1.0000	0.2615
44as01	1	33	0	0	1.0000	0.0000	-1.0000	0.4233	NaN	NaN	NaN	1905189.0698	1905189.3962	0.0000	1.0000	0.2670
44as01	1	33	0	0	2.0000	0.0000	1.0000	NaN	7.7558	7.9106	15.1474	1905190.2358	1905190.5368	1.0000	1.0000	0.2784
44as01	1	34	0	0	1.0000	0.0000	1.0000	0.5507	NaN	NaN	NaN	1905193.0301	1905193.3581	0.0000	0.0000	0.5233
44as01	1	34	0	0	2.0000	0.0000	-1.0000	NaN	6.5983	-6.3090	15.5235	1905194.4510	1905194.7520	0.0000	1.0000	0.2232
44as01	1	35	0	0	1.0000	0.0000	1.0000	0.7401	NaN	NaN	NaN	1905197.2052	1905197.5315	1.0000	1.0000	0.2679
44as01	1	35	0	0	2.0000	0.0000	-1.0000	NaN	8.5804	-8.5373	14.0487	1905198.3477	1905198.6486	1.0000	0.0000	0.3852
44as01	1	36	0	0	1.0000	0.0000	-1.0000	0.8576	NaN	NaN	NaN	1905200.9487	1905201.2766	0.0000	1.0000	0.2118
44as01	1	36	0	0	2.0000	0.0000	1.0000	NaN	11.3374	11.8486	14.2460	1905202.0360	1905202.3371	1.0000	1.0000	0.3996
44as01	1	37	0	0	1.0000	0.0000	1.0000	0.1545	NaN	NaN	NaN	1905205.0373	1905205.3643	0.0000	0.0000	0.2129
44as01	1	37	0	0	2.0000	0.0000	-1.0000	NaN	1.4280	-2.4904	15.4896	1905206.1247	1905206.4259	0.0000	1.0000	0.3748
44as01	1	38	0	0	1.0000	0.0000	1.0000	0.0793	NaN	NaN	NaN	1905209.0778	1905209.4030	0.0000	0.0000	0.1741
44as01	1	38	0	0	2.0000	0.0000	1.0000	NaN	1.5981	1.4549	14.7050	1905210.1430	1905210.4441	1.0000	1.0000	0.7711
44as01	1	39	0	0	1.0000	0.0000	-1.0000	0.4807	NaN	NaN	NaN	1905213.0672	1905213.3939	0.0000	1.0000	0.1813
44as01	1	39	0	0	2.0000	0.0000	-1.0000	NaN	8.3889	-6.6990	15.8265	1905214.1079	1905214.4089	0.0000	1.0000	0.3858
44as01	1	40	0	0	1.0000	0.0000	-1.0000	0.4648	NaN	NaN	NaN	1905217.2151	1905217.5405	0.0000	1.0000	0.1638
44as01	1	40	0	0	2.0000	0.0000	-1.0000	NaN	4.0526	-6.4212	13.2231	1905218.2760	1905218.5771	0.0000	1.0000	0.2302
44as01	1	41	0	0	1.0000	0.0000	1.0000	0.6217	NaN	NaN	NaN	1905221.3816	1905221.7087	1.0000	1.0000	0.1889
44as01	1	41	0	0	2.0000	0.0000	1.0000	NaN	4.8914	4.5069	15.1181	1905222.4523	1905222.7533	1.0000	1.0000	0.3278
44as01	1	42	0	0	1.0000	0.0000	1.0000	0.1497	NaN	NaN	NaN	1905225.1967	1905225.5251	0.0000	0.0000	0.2354
44as01	1	42	0	0	2.0000	0.0000	-1.0000	NaN	11.6471	-13.3517	16.0403	1905226.3241	1905226.6250	0.0000	1.0000	0.3341
44as01	1	43	0	0	1.0000	0.0000	-1.0000	0.0310	NaN	NaN	NaN	1905229.1899	1905229.5152	1.0000	0.0000	0.1960
44as01	1	43	0	0	2.0000	0.0000	1.0000	NaN	6.7344	8.5627	15.4773	1905230.2188	1905230.5199	1.0000	1.0000	0.3133
44as01	1	44	0	0	1.0000	0.0000	1.0000	0.9243	NaN	NaN	NaN	1905232.8001	1905233.1273	1.0000	1.0000	0.3061
44as01	1	44	0	0	2.0000	0.0000	1.0000	NaN	7.7879	6.1790	15.4780	1905233.9804	1905234.2814	0.0000	0.0000	0.3976
44as01	1	45	0	0	1.0000	0.0000	-1.0000	0.0923	NaN	NaN	NaN	1905236.7787	1905237.1066	0.0000	1.0000	0.1271
44as01	1	45	0	0	2.0000	0.0000	1.0000	NaN	9.8815	9.6074	14.2653	1905237.7967	1905238.0983	1.0000	1.0000	0.2303
44as01	1	46	0	0	1.0000	0.0000	1.0000	0.7564	NaN	NaN	NaN	1905240.3760	1905240.7009	0.0000	0.0000	0.1862
44as01	1	46	0	0	2.0000	0.0000	1.0000	NaN	1.1845	3.0579	14.6091	1905241.4705	1905241.7716	1.0000	1.0000	0.2300
44as01	1	47	0	0	1.0000	0.0000	1.0000	0.0044	NaN	NaN	NaN	1905244.2390	1905244.5664	0.0000	0.0000	0.2168
44as01	1	47	0	0	2.0000	0.0000	1.0000	NaN	9.2989	7.2800	15.7818	1905245.3484	1905245.6496	1.0000	1.0000	0.7497
44as01	1	48	0	0	1.0000	0.0000	-1.0000	0.2279	NaN	NaN	NaN	1905248.5120	1905248.8386	0.0000	1.0000	0.2246
44as01	1	48	0	0	2.0000	0.0000	1.0000	NaN	10.6381	11.5246	13.6623	1905249.6442	1905249.9452	1.0000	1.0000	0.7281
44as01	1	49	0	0	1.0000	0.0000	1.0000	0.5577	NaN	NaN	NaN	1905253.0286	1905253.3565	1.0000	1.0000	0.2843
44as01	1	49	0	0	2.0000	0.0000	-1.0000	NaN	2.4929	-3.4869	14.4410	1905254.1739	1905254.4749	0.0000	1.0000	0.7179
44as01	1	50	0	0	1.0000	0.0000	1.0000	0.3969	NaN	NaN	NaN	1905257.4892	1905257.8157	0.0000	0.0000	0.2560
44as01	1	50	0	0	2.0000	0.0000	1.0000	NaN	11.7966	11.7428	14.8752	1905258.6215	1905258.9227	1.0000	1.0000	0.3501
44as01	2	1	0	0	1.0000	0.0000	-1.0000	0.9349	NaN	NaN	NaN	1905263.5857	1905263.9120	0.0000	1.0000	0.2411
44as01	2	1	0	0	2.0000	0.0000	1.0000	NaN	2.0060	2.2462	15.7318	1905264.7076	1905265.0087	0.0000	0.0000	0.3518
44as01	2	2	0	0	1.0000	0.0000	1.0000	0.5195	NaN	NaN	NaN	1905267.9278	1905268.2541	0.0000	0.0000	0.2025
44as01	2	2	0	0	2.0000	0.0000	1.0000	NaN	6.2536	4.5279	15.0908	1905268.9644	1905269.2654	1.0000	1.0000	0.2698
44as01	2	3	0	0	1.0000	0.0000	1.0000	0.6771	NaN	NaN	NaN	1905271.6935	1905272.0218	1.0000	1.0000	0.2335
44as01	2	3	0	0	2.0000	0.0000	-1.0000	NaN	6.0057	-6.3530	15.0985	1905272.8051	1905273.1063	0.0000	1.0000	0.7665
44as01	2	4	0	0	1.0000	0.0000	-1.0000	0.3225	NaN	NaN	NaN	1905276.3118	1905276.6402	0.0000	1.0000	0.1833
44as01	2	4	0	0	2.0000	0.0000	1.0000	NaN	11.4196	11.2633	14.9822	1905277.3888	1905277.6899	1.0000	1.0000	0.6789
44as01	2	5	0	0	1.0000	0.0000	1.0000	0.5062	NaN	NaN	NaN	1905280.4999	1905280.8281	1.0000	1.0000	0.2031
44as01	2	5	0	0	2.0000	0.0000	1.0000	NaN	4.2087	2.5451	15.7873	1905281.6115	1905281.9125	0.0000	0.0000	0.9291
44as01	2	6	0	0	1.0000	0.0000	-1.0000	0.1698	NaN	NaN	NaN	1905284.8044	1905285.1315	1.0000	0.0000	0.5327
44as01	2	6	0	0	2.0000	0.0000	1.0000	NaN	5.0746	5.7888	14.7073	1905286.2065	1905286.5075	1.0000	1.0000	1.0931
44as01	2	7	0	0	1.0000	0.0000	-1.0000	0.2469	NaN	NaN	NaN	1905289.5933	1905289.9211	0.0000	1.0000	0.4406
44as01	2	7	0	0	2.0000	0.0000	1.0000	NaN	9.6008	9.0839	15.0677	1905290.9002	1905291.2015	0.0000	0.0000	1.2137
44as01	2	8	0	0	1.0000	0.0000	1.0000	0.4311	NaN	NaN	NaN	1905294.4085	1905294.7353	1.0000	1.0000	0.4719
44as01	2	8	0	0	2.0000	0.0000	1.0000	NaN	5.1887	4.9858	15.2335	1905295.7717	1905296.0728	1.0000	1.0000	1.4166
44as01	2	9	0	0	1.0000	0.0000	1.0000	0.8605	NaN	NaN	NaN	1905299.7631	1905300.0894	1.0000	1.0000	0.2311
44as01	2	9	0	0	2.0000	0.0000	-1.0000	NaN	1.5238	-2.0195	15.0594	1905300.8838	1905301.1851	0.0000	1.0000	1.1179
44as01	2	10	0	0	1.0000	0.0000	-1.0000	0.2385	NaN	NaN	NaN	1905304.4188	1905304.7465	0.0000	1.0000	0.5440
44as01	2	10	0	0	2.0000	0.0000	1.0000	NaN	7.3925	6.4336	16.7075	1905305.8601	1905306.1611	1.0000	1.0000	0.9518
44as01	2	11	0	0	1.0000	0.0000	1.0000	0.3960	NaN	NaN	NaN	1905309.4024	1905309.7285	1.0000	1.0000	0.3371
44as01	2	11	0	0	2.0000	0.0000	1.0000	NaN	7.8823	7.3016	15.6112	1905310.6114	1905310.9125	1.0000	1.0000	1.2725
44as01	2	12	0	0	1.0000	0.0000	-1.0000	0.4377	NaN	NaN	NaN	1905314.3829	1905314.7082	1.0000	0.0000	0.4047
44as01	2	12	0	0	2.0000	0.0000	1.0000	NaN	11.7797	11.9268	16.6114	1905315.6505	1905315.9514	1.0000	1.0000	0.8104
44as01	2	13	0	0	1.0000	0.0000	-1.0000	0.7772	NaN	NaN	NaN	1905319.0510	1905319.3779	0.0000	1.0000	0.3902
44as01	2	13	0	0	2.0000	0.0000	-1.0000	NaN	9.8106	-9.0506	15.8821	1905320.3249	1905320.6259	0.0000	1.0000	0.8799
44as01	2	14	0	0	1.0000	0.0000	1.0000	0.5794	NaN	NaN	NaN	1905323.9944	1905324.3205	1.0000	1.0000	0.3346
44as01	2	14	0	0	2.0000	0.0000	-1.0000	NaN	7.4120	-7.2799	15.4916	1905325.2280	1905325.5294	0.0000	1.0000	1.3275
44as01	2	15	0	0	1.0000	0.0000	1.0000	0.8321	NaN	NaN	NaN	1905329.0294	1905329.3544	1.0000	1.0000	0.3355
44as01	2	15	0	0	2.0000	0.0000	-1.0000	NaN	6.6019	-6.3978	14.8632	1905330.2526	1905330.5538	1.0000	0.0000	1.0626
44as01	2	16	0	0	1.0000	0.0000	1.0000	0.4280	NaN	NaN	NaN	1905334.1768	1905334.5036	1.0000	1.0000	0.5212
44as01	2	16	0	0	2.0000	0.0000	-1.0000	NaN	1.0059	-2.7838	15.9890	1905335.5569	1905335.8584	0.0000	1.0000	1.4782
44as01	2	17	0	0	1.0000	0.0000	-1.0000	0.8677	NaN	NaN	NaN	1905339.4167	1905339.7433	0.0000	1.0000	0.4666
44as01	2	17	0	0	2.0000	0.0000	1.0000	NaN	1.8285	0.3523	14.6900	1905340.7803	1905341.0813	1.0000	1.0000	1.1118
44as01	2	18	0	0	1.0000	0.0000	1.0000	0.6007	NaN	NaN	NaN	1905344.8247	1905345.1521	1.0000	1.0000	0.4238
44as01	2	18	0	0	2.0000	0.0000	-1.0000	NaN	1.1705	-2.1896	14.4640	1905346.1480	1905346.4493	0.0000	1.0000	1.4475
44as01	2	19	0	0	1.0000	0.0000	-1.0000	0.4007	NaN	NaN	NaN	1905349.8934	1905350.2208	0.0000	1.0000	0.4105
44as01	2	19	0	0	2.0000	0.0000	1.0000	NaN	10.9888	11.0851	14.2615	1905351.2047	1905351.5060	1.0000	1.0000	0.7187
44as01	2	20	0	0	1.0000	0.0000	-1.0000	0.6227	NaN	NaN	NaN	1905354.6230	1905354.9481	0.0000	1.0000	0.3312
44as01	2	20	0	0	2.0000	0.0000	1.0000	NaN	2.0542	1.0172	13.7767	1905355.8676	1905356.1687	0.0000	0.0000	1.6330
44as01	2	21	0	0	1.0000	0.0000	1.0000	0.9083	NaN	NaN	NaN	1905360.2809	1905360.6092	1.0000	1.0000	0.3901
44as01	2	21	0	0	2.0000	0.0000	1.0000	NaN	6.9025	5.9853	14.3493	1905361.5475	1905361.8486	1.0000	1.0000	1.0413
44as01	2	22	0	0	1.0000	0.0000	1.0000	0.2254	NaN	NaN	NaN	1905365.2530	1905365.5782	0.0000	0.0000	0.5193
44as01	2	22	0	0	2.0000	0.0000	-1.0000	NaN	5.5062	-4.3220	15.6201	1905366.6204	1905366.9215	1.0000	0.0000	0.8792
44as01	2	23	0	0	1.0000	0.0000	-1.0000	0.6423	NaN	NaN	NaN	1905369.6663	1905369.9926	0.0000	1.0000	0.3612
44as01	2	23	0	0	2.0000	0.0000	1.0000	NaN	3.4688	4.4638	15.4191	1905370.8990	1905371.2000	1.0000	1.0000	1.1129
44as01	2	24	0	0	1.0000	0.0000	-1.0000	0.8316	NaN	NaN	NaN	1905374.6852	1905375.0127	0.0000	1.0000	0.2751
44as01	2	24	0	0	2.0000	0.0000	1.0000	NaN	6.2166	7.9878	13.8454	1905375.8675	1905376.1685	1.0000	1.0000	0.6250
44as01	2	25	0	0	1.0000	0.0000	-1.0000	0.7832	NaN	NaN	NaN	1905378.7486	1905379.0765	0.0000	1.0000	0.2852
44as01	2	25	0	0	2.0000	0.0000	1.0000	NaN	11.7920	11.8253	15.0348	1905379.9321	1905380.2332	1.0000	1.0000	0.4962
44as01	2	26	0	0	1.0000	0.0000	1.0000	0.0359	NaN	NaN	NaN	1905382.7417	1905383.0694	0.0000	0.0000	0.3405
44as01	2	26	0	0	2.0000	0.0000	-1.0000	NaN	10.6220	-10.2424	14.9215	1905383.9570	1905384.2580	0.0000	1.0000	0.7273
44as01	2	27	0	0	1.0000	0.0000	1.0000	0.1743	NaN	NaN	NaN	1905387.2231	1905387.5498	0.0000	0.0000	0.3869
44as01	2	27	0	0	2.0000	0.0000	-1.0000	NaN	4.4218	-3.3581	15.3539	1905388.5159	1905388.8171	1.0000	0.0000	1.0323
44as01	2	28	0	0	1.0000	0.0000	-1.0000	0.4825	NaN	NaN	NaN	1905392.3696	1905392.6971	0.0000	1.0000	0.2476
44as01	2	28	0	0	2.0000	0.0000	1.0000	NaN	1.0262	0.5871	13.9513	1905393.5273	1905393.8283	1.0000	1.0000	1.0991
44as01	2	29	0	0	1.0000	0.0000	-1.0000	0.7610	NaN	NaN	NaN	1905397.1604	1905397.4865	0.0000	1.0000	0.2903
44as01	2	29	0	0	2.0000	0.0000	-1.0000	NaN	0.3506	-0.2244	14.3018	1905398.3510	1905398.6521	1.0000	0.0000	0.9172
44as01	2	30	0	0	1.0000	0.0000	1.0000	0.6824	NaN	NaN	NaN	1905401.8315	1905402.1593	0.0000	0.0000	0.5785
44as01	2	30	0	0	2.0000	0.0000	-1.0000	NaN	11.6238	-12.7034	14.5683	1905403.3084	1905403.6094	0.0000	1.0000	0.6376
44as01	2	31	0	0	1.0000	0.0000	-1.0000	0.2279	NaN	NaN	NaN	1905406.5851	1905406.9115	0.0000	1.0000	0.3377
44as01	2	31	0	0	2.0000	0.0000	-1.0000	NaN	1.4798	-1.4420	13.8861	1905407.8118	1905408.1128	1.0000	0.0000	0.7846
44as01	2	32	0	0	1.0000	0.0000	1.0000	0.4284	NaN	NaN	NaN	1905411.0174	1905411.3484	0.0000	0.0000	0.3081
44as01	2	32	0	0	2.0000	0.0000	1.0000	NaN	6.5641	5.3328	13.3682	1905412.2271	1905412.5284	1.0000	1.0000	0.7128
44as01	2	33	0	0	1.0000	0.0000	1.0000	0.0146	NaN	NaN	NaN	1905415.7539	1905416.0806	0.0000	0.0000	0.3527
44as01	2	33	0	0	2.0000	0.0000	-1.0000	NaN	0.5163	-1.6170	12.5645	1905416.9812	1905417.2822	1.0000	0.0000	1.5267
44as01	2	34	0	0	1.0000	0.0000	-1.0000	0.8828	NaN	NaN	NaN	1905420.8144	1905421.1411	0.0000	1.0000	0.2122
44as01	2	34	0	0	2.0000	0.0000	-1.0000	NaN	4.1998	-5.3539	14.7180	1905421.9315	1905422.2326	0.0000	1.0000	0.9426
44as01	2	35	0	0	1.0000	0.0000	1.0000	0.0064	NaN	NaN	NaN	1905425.5561	1905425.8834	0.0000	0.0000	0.3343
44as01	2	35	0	0	2.0000	0.0000	1.0000	NaN	7.2260	6.5985	14.5705	1905426.7730	1905427.0740	1.0000	1.0000	0.6474
44as01	2	36	0	0	1.0000	0.0000	-1.0000	0.1418	NaN	NaN	NaN	1905429.7988	1905430.1243	0.0000	1.0000	0.3088
44as01	2	36	0	0	2.0000	0.0000	1.0000	NaN	3.0901	4.9713	15.0249	1905430.9877	1905431.2887	0.0000	0.0000	2.1927
44as01	2	37	0	0	1.0000	0.0000	-1.0000	0.4876	NaN	NaN	NaN	1905435.9108	1905436.2385	0.0000	1.0000	0.3871
44as01	2	37	0	0	2.0000	0.0000	-1.0000	NaN	4.8217	-5.2794	15.4761	1905437.1657	1905437.4667	1.0000	0.0000	1.8628
44as01	2	38	0	0	1.0000	0.0000	-1.0000	0.6852	NaN	NaN	NaN	1905441.6886	1905442.0156	0.0000	1.0000	0.3037
44as01	2	38	0	0	2.0000	0.0000	-1.0000	NaN	1.2811	-1.7243	14.9735	1905442.8695	1905443.1706	0.0000	1.0000	1.6127
44as01	2	39	0	0	1.0000	0.0000	-1.0000	0.8610	NaN	NaN	NaN	1905447.3495	1905447.6767	0.0000	1.0000	0.3401
44as01	2	39	0	0	2.0000	0.0000	1.0000	NaN	10.5558	9.6483	14.7571	1905448.5802	1905448.8812	1.0000	1.0000	0.7900
44as01	2	40	0	0	1.0000	0.0000	-1.0000	0.6214	NaN	NaN	NaN	1905452.2350	1905452.5629	0.0000	1.0000	0.1884
44as01	2	40	0	0	2.0000	0.0000	1.0000	NaN	8.2706	9.4459	14.7751	1905453.3249	1905453.6260	1.0000	1.0000	0.5819
44as01	2	41	0	0	1.0000	0.0000	1.0000	0.3012	NaN	NaN	NaN	1905456.3158	1905456.6428	0.0000	0.0000	0.2858
44as01	2	41	0	0	2.0000	0.0000	1.0000	NaN	11.4027	11.0087	16.4064	1905457.4755	1905457.7765	1.0000	1.0000	0.8880
44as01	2	42	0	0	1.0000	0.0000	-1.0000	0.8104	NaN	NaN	NaN	1905460.7774	1905461.1040	0.0000	1.0000	0.2489
44as01	2	42	0	0	2.0000	0.0000	1.0000	NaN	7.4647	6.5919	11.7430	1905461.9175	1905462.2187	1.0000	1.0000	0.6631
44as01	2	43	0	0	1.0000	0.0000	1.0000	0.1850	NaN	NaN	NaN	1905465.1603	1905465.4867	0.0000	0.0000	0.2965
44as01	2	43	0	0	2.0000	0.0000	1.0000	NaN	2.7111	3.1999	14.0496	1905466.3480	1905466.6490	1.0000	1.0000	0.5023
44as01	2	44	0	0	1.0000	0.0000	-1.0000	0.5394	NaN	NaN	NaN	1905469.3992	1905469.7262	0.0000	1.0000	0.3051
44as01	2	44	0	0	2.0000	0.0000	1.0000	NaN	0.9103	1.9163	13.3902	1905470.5723	1905470.8734	1.0000	1.0000	0.8714
44as01	2	45	0	0	1.0000	0.0000	-1.0000	0.2230	NaN	NaN	NaN	1905473.7345	1905474.0605	0.0000	1.0000	0.4521
44as01	2	45	0	0	2.0000	0.0000	-1.0000	NaN	4.2379	-2.3026	14.4781	1905475.0679	1905475.3688	1.0000	0.0000	1.8550
44as01	2	46	0	0	1.0000	0.0000	-1.0000	0.3341	NaN	NaN	NaN	1905479.4968	1905479.8233	0.0000	1.0000	0.2653
44as01	2	46	0	0	2.0000	0.0000	-1.0000	NaN	9.9699	-10.8499	15.6582	1905480.6438	1905480.9450	0.0000	1.0000	0.6724
44as01	2	47	0	0	1.0000	0.0000	-1.0000	0.0916	NaN	NaN	NaN	1905483.9391	1905484.2654	1.0000	0.0000	0.3834
44as01	2	47	0	0	2.0000	0.0000	-1.0000	NaN	1.5837	-1.6021	15.8789	1905485.1963	1905485.4973	0.0000	1.0000	1.2154
44as01	2	48	0	0	1.0000	0.0000	-1.0000	0.6167	NaN	NaN	NaN	1905489.1170	1905489.4434	0.0000	1.0000	0.3639
44as01	2	48	0	0	2.0000	0.0000	1.0000	NaN	8.7807	5.3195	16.0012	1905490.3560	1905490.6570	1.0000	1.0000	0.5436
44as01	2	49	0	0	1.0000	0.0000	1.0000	0.5222	NaN	NaN	NaN	1905493.7567	1905494.0836	1.0000	1.0000	0.3340
44as01	2	49	0	0	2.0000	0.0000	-1.0000	NaN	11.0063	-11.3381	15.3770	1905494.9568	1905495.2579	0.0000	1.0000	0.5253
44as01	2	50	0	0	1.0000	0.0000	1.0000	0.5114	NaN	NaN	NaN	1905497.9247	1905498.2522	1.0000	1.0000	0.2447
44as01	2	50	0	0	2.0000	0.0000	1.0000	NaN	11.9536	11.9579	14.5640	1905499.0680	1905499.3690	1.0000	1.0000	0.4642
44as01	3	1	0	0	1.0000	0.0000	1.0000	0.8253	NaN	NaN	NaN	1905511.6347	1905511.9603	1.0000	1.0000	0.1611
44as01	3	1	0	0	2.0000	0.0000	-1.0000	NaN	1.0132	-1.7688	15.8990	1905512.6840	1905512.9852	0.0000	1.0000	0.6086
44as01	3	2	0	0	1.0000	0.0000	1.0000	0.6357	NaN	NaN	NaN	1905515.7994	1905516.1278	1.0000	1.0000	0.1530
44as01	3	2	0	0	2.0000	0.0000	1.0000	NaN	2.2852	2.7799	15.5075	1905516.8533	1905517.1542	1.0000	1.0000	2.1891
44as01	3	3	0	0	1.0000	0.0000	-1.0000	0.4645	NaN	NaN	NaN	1905521.8439	1905522.1712	0.0000	1.0000	0.1664
44as01	3	3	0	0	2.0000	0.0000	1.0000	NaN	7.4887	7.2008	14.4436	1905522.8906	1905523.1916	1.0000	1.0000	0.9865
44as01	3	4	0	0	1.0000	0.0000	-1.0000	0.4181	NaN	NaN	NaN	1905526.2242	1905526.5498	0.0000	1.0000	0.4202
44as01	3	4	0	0	2.0000	0.0000	1.0000	NaN	6.3257	5.0132	13.6661	1905527.5251	1905527.8264	1.0000	1.0000	0.4049
44as01	3	5	0	0	1.0000	0.0000	-1.0000	0.7193	NaN	NaN	NaN	1905530.1311	1905530.4575	0.0000	1.0000	0.2157
44as01	3	5	0	0	2.0000	0.0000	1.0000	NaN	9.0447	9.8625	15.0617	1905531.2456	1905531.5468	1.0000	1.0000	0.5022
44as01	3	6	0	0	1.0000	0.0000	1.0000	0.2416	NaN	NaN	NaN	1905534.4053	1905534.7328	0.0000	0.0000	0.3327
44as01	3	6	0	0	2.0000	0.0000	1.0000	NaN	9.7714	9.3067	15.3415	1905535.6042	1905535.9052	1.0000	1.0000	0.6701
44as01	3	7	0	0	1.0000	0.0000	-1.0000	0.0566	NaN	NaN	NaN	1905539.0242	1905539.3510	0.0000	1.0000	0.4266
44as01	3	7	0	0	2.0000	0.0000	1.0000	NaN	8.1837	9.0087	15.0917	1905540.3147	1905540.6157	1.0000	1.0000	0.9940
44as01	3	8	0	0	1.0000	0.0000	1.0000	0.7652	NaN	NaN	NaN	1905543.7071	1905544.0351	1.0000	1.0000	0.3024
44as01	3	8	0	0	2.0000	0.0000	1.0000	NaN	6.9207	8.5139	15.8197	1905544.8926	1905545.1936	1.0000	1.0000	0.8083
44as01	3	9	0	0	1.0000	0.0000	1.0000	0.6757	NaN	NaN	NaN	1905547.9819	1905548.3089	1.0000	1.0000	0.4835
44as01	3	9	0	0	2.0000	0.0000	-1.0000	NaN	2.6610	-1.4291	14.3902	1905549.3247	1905549.6259	1.0000	0.0000	1.6775
44as01	3	10	0	0	1.0000	0.0000	-1.0000	0.0679	NaN	NaN	NaN	1905553.4364	1905553.7632	0.0000	1.0000	0.5802
44as01	3	10	0	0	2.0000	0.0000	-1.0000	NaN	6.2598	-7.5329	14.9626	1905554.8609	1905555.1619	0.0000	1.0000	0.9036
44as01	3	11	0	0	1.0000	0.0000	-1.0000	0.0113	NaN	NaN	NaN	1905558.1946	1905558.5233	0.0000	1.0000	0.5178
44as01	3	11	0	0	2.0000	0.0000	1.0000	NaN	4.0455	3.7550	14.4589	1905559.5798	1905559.8812	0.0000	0.0000	1.8461
44as01	3	12	0	0	1.0000	0.0000	-1.0000	0.7075	NaN	NaN	NaN	1905563.9348	1905564.2606	0.0000	1.0000	0.4675
44as01	3	12	0	0	2.0000	0.0000	1.0000	NaN	2.2675	3.1692	14.7067	1905565.2996	1905565.6007	1.0000	1.0000	1.1842
44as01	3	13	0	0	1.0000	0.0000	1.0000	0.7199	NaN	NaN	NaN	1905569.0494	1905569.3761	1.0000	1.0000	0.3454
44as01	3	13	0	0	2.0000	0.0000	-1.0000	NaN	8.9176	-8.5566	14.9779	1905570.2840	1905570.5851	0.0000	1.0000	0.9603
44as01	3	14	0	0	1.0000	0.0000	-1.0000	0.4654	NaN	NaN	NaN	1905573.8007	1905574.1258	0.0000	1.0000	0.3303
44as01	3	14	0	0	2.0000	0.0000	1.0000	NaN	2.0151	1.5024	15.3893	1905575.0122	1905575.3134	0.0000	0.0000	1.8564
44as01	3	15	0	0	1.0000	0.0000	1.0000	0.7554	NaN	NaN	NaN	1905579.4670	1905579.7933	1.0000	1.0000	0.3352
44as01	3	15	0	0	2.0000	0.0000	1.0000	NaN	2.2425	2.1437	15.5386	1905580.6845	1905580.9864	0.0000	0.0000	2.1274
44as01	3	16	0	0	1.0000	0.0000	1.0000	0.3757	NaN	NaN	NaN	1905585.7441	1905586.0691	1.0000	1.0000	0.6201
44as01	3	16	0	0	2.0000	0.0000	-1.0000	NaN	4.4092	-4.9210	16.8045	1905587.2284	1905587.5295	0.0000	1.0000	1.0402
44as01	3	17	0	0	1.0000	0.0000	-1.0000	0.5686	NaN	NaN	NaN	1905590.9908	1905591.3198	1.0000	0.0000	0.5536
44as01	3	17	0	0	2.0000	0.0000	-1.0000	NaN	5.6511	-8.1875	14.6960	1905592.4297	1905592.7308	0.0000	1.0000	1.1341
44as01	3	18	0	0	1.0000	0.0000	1.0000	0.1879	NaN	NaN	NaN	1905595.8623	1905596.1904	1.0000	1.0000	0.5929
44as01	3	18	0	0	2.0000	0.0000	-1.0000	NaN	0.3665	-0.7366	14.7433	1905597.3328	1905597.6340	0.0000	1.0000	1.2714
44as01	3	19	0	0	1.0000	0.0000	-1.0000	0.4017	NaN	NaN	NaN	1905601.3427	1905601.6681	1.0000	0.0000	0.3953
44as01	3	19	0	0	2.0000	0.0000	-1.0000	NaN	6.5745	-6.2071	14.9612	1905602.6119	1905602.9129	0.0000	1.0000	0.9839
44as01	3	20	0	0	1.0000	0.0000	-1.0000	0.4474	NaN	NaN	NaN	1905606.2553	1905606.5815	1.0000	0.0000	0.3322
44as01	3	20	0	0	2.0000	0.0000	-1.0000	NaN	2.7659	-2.8220	14.5567	1905607.4760	1905607.7770	0.0000	1.0000	1.8647
44as01	3	21	0	0	1.0000	0.0000	-1.0000	0.9118	NaN	NaN	NaN	1905612.2591	1905612.5854	0.0000	1.0000	0.3200
44as01	3	21	0	0	2.0000	0.0000	-1.0000	NaN	4.0846	-4.4106	13.1481	1905613.4996	1905613.8007	0.0000	1.0000	0.8327
44as01	3	22	0	0	1.0000	0.0000	-1.0000	0.1814	NaN	NaN	NaN	1905617.0228	1905617.3505	1.0000	0.0000	0.5690
44as01	3	22	0	0	2.0000	0.0000	1.0000	NaN	5.1390	4.0106	13.9722	1905618.4757	1905618.7766	1.0000	1.0000	2.0388
44as01	3	23	0	0	1.0000	0.0000	-1.0000	0.3538	NaN	NaN	NaN	1905622.9897	1905623.3158	1.0000	0.0000	0.7339
44as01	3	23	0	0	2.0000	0.0000	1.0000	NaN	2.3774	2.4764	13.8301	1905624.6358	1905624.9368	0.0000	0.0000	0.7607
44as01	3	24	0	0	1.0000	0.0000	-1.0000	0.5195	NaN	NaN	NaN	1905627.7616	1905628.0883	0.0000	1.0000	0.3134
44as01	3	24	0	0	2.0000	0.0000	1.0000	NaN	11.4901	10.3122	14.4440	1905628.9805	1905629.2816	1.0000	1.0000	0.7910
44as01	3	25	0	0	1.0000	0.0000	-1.0000	0.4205	NaN	NaN	NaN	1905632.5262	1905632.8516	0.0000	1.0000	0.2303
44as01	3	25	0	0	2.0000	0.0000	-1.0000	NaN	1.2798	-0.7974	15.2737	1905633.6683	1905633.9693	0.0000	1.0000	1.0325
44as01	3	26	0	0	1.0000	0.0000	-1.0000	0.2163	NaN	NaN	NaN	1905637.2387	1905637.5664	1.0000	0.0000	0.3130
44as01	3	26	0	0	2.0000	0.0000	1.0000	NaN	5.2284	6.4547	15.0801	1905638.4524	1905638.7534	1.0000	1.0000	0.9520
44as01	3	27	0	0	1.0000	0.0000	1.0000	0.4611	NaN	NaN	NaN	1905641.8823	1905642.2083	1.0000	1.0000	1.0486
44as01	3	27	0	0	2.0000	0.0000	-1.0000	NaN	9.6034	-10.9605	15.0406	1905643.8695	1905644.1706	0.0000	1.0000	0.6127
44as01	3	28	0	0	1.0000	0.0000	-1.0000	0.0654	NaN	NaN	NaN	1905647.2204	1905647.5477	1.0000	0.0000	0.7016
44as01	3	28	0	0	2.0000	0.0000	-1.0000	NaN	3.8352	-1.3757	14.9972	1905648.8523	1905649.1534	0.0000	1.0000	1.2316
44as01	3	29	0	0	1.0000	0.0000	1.0000	0.6632	NaN	NaN	NaN	1905652.9670	1905653.2937	1.0000	1.0000	0.2599
44as01	3	29	0	0	2.0000	0.0000	-1.0000	NaN	7.9983	-7.8549	13.5608	1905654.1241	1905654.4253	0.0000	1.0000	0.7188
44as01	3	30	0	0	1.0000	0.0000	1.0000	0.0500	NaN	NaN	NaN	1905657.4224	1905657.7478	1.0000	1.0000	0.4133
44as01	3	30	0	0	2.0000	0.0000	-1.0000	NaN	8.8543	-10.4960	13.9245	1905658.7402	1905659.0412	0.0000	1.0000	0.5342
44as01	3	31	0	0	1.0000	0.0000	1.0000	0.0574	NaN	NaN	NaN	1905662.0195	1905662.3442	1.0000	1.0000	0.3511
44as01	3	31	0	0	2.0000	0.0000	1.0000	NaN	4.7911	5.6151	15.1359	1905663.2850	1905663.5860	1.0000	1.0000	0.7517
44as01	3	32	0	0	1.0000	0.0000	1.0000	0.6649	NaN	NaN	NaN	1905666.7839	1905667.1103	1.0000	1.0000	0.4667
44as01	3	32	0	0	2.0000	0.0000	-1.0000	NaN	7.6624	-7.2255	14.6211	1905668.1317	1905668.4332	0.0000	1.0000	0.7043
44as01	3	33	0	0	1.0000	0.0000	-1.0000	0.1383	NaN	NaN	NaN	1905671.3234	1905671.6487	1.0000	0.0000	0.2725
44as01	3	33	0	0	2.0000	0.0000	1.0000	NaN	1.6328	2.8776	15.7412	1905672.4847	1905672.7857	1.0000	1.0000	0.9984
44as01	3	34	0	0	1.0000	0.0000	-1.0000	0.8127	NaN	NaN	NaN	1905676.2642	1905676.5901	0.0000	1.0000	0.2748
44as01	3	34	0	0	2.0000	0.0000	-1.0000	NaN	7.7372	-7.6301	14.9141	1905677.4678	1905677.7688	0.0000	1.0000	0.6407
44as01	3	35	0	0	1.0000	0.0000	-1.0000	0.8651	NaN	NaN	NaN	1905680.7874	1905681.1128	0.0000	1.0000	0.3520
44as01	3	35	0	0	2.0000	0.0000	1.0000	NaN	2.1822	1.0828	15.6428	1905682.0755	1905682.3766	0.0000	0.0000	2.1106
44as01	3	36	0	0	1.0000	0.0000	1.0000	0.3272	NaN	NaN	NaN	1905686.8015	1905687.1283	1.0000	1.0000	0.3536
44as01	3	36	0	0	2.0000	0.0000	-1.0000	NaN	9.3662	-9.5274	15.7685	1905688.0279	1905688.3290	0.0000	1.0000	0.5443
44as01	3	37	0	0	1.0000	0.0000	1.0000	0.6938	NaN	NaN	NaN	1905691.0688	1905691.3950	1.0000	1.0000	0.1987
44as01	3	37	0	0	2.0000	0.0000	1.0000	NaN	5.8633	4.4441	15.7036	1905692.1401	1905692.4412	1.0000	1.0000	1.4863
44as01	3	38	0	0	1.0000	0.0000	-1.0000	0.3654	NaN	NaN	NaN	1905696.3028	1905696.6295	0.0000	1.0000	0.2738
44as01	3	38	0	0	2.0000	0.0000	1.0000	NaN	6.9958	6.3936	17.2002	1905697.4456	1905697.7466	1.0000	1.0000	0.7665
44as01	3	39	0	0	1.0000	0.0000	-1.0000	0.2280	NaN	NaN	NaN	1905701.0430	1905701.3691	0.0000	1.0000	0.6463
44as01	3	39	0	0	2.0000	0.0000	-1.0000	NaN	5.0072	-5.7694	14.1642	1905702.5723	1905702.8733	1.0000	0.0000	2.3032
44as01	3	40	0	0	1.0000	0.0000	1.0000	0.3267	NaN	NaN	NaN	1905707.4577	1905707.7829	1.0000	1.0000	0.3220
44as01	3	40	0	0	2.0000	0.0000	-1.0000	NaN	7.0088	-6.6344	14.3263	1905708.6612	1905708.9622	0.0000	1.0000	0.5750
44as01	3	41	0	0	1.0000	0.0000	1.0000	0.2774	NaN	NaN	NaN	1905712.0423	1905712.3675	1.0000	1.0000	0.4158
44as01	3	41	0	0	2.0000	0.0000	-1.0000	NaN	5.1798	-4.1611	17.2471	1905713.3407	1905713.6418	0.0000	1.0000	2.3349
44as01	3	42	0	0	1.0000	0.0000	1.0000	0.7170	NaN	NaN	NaN	1905718.1399	1905718.4674	1.0000	1.0000	0.3320
44as01	3	42	0	0	2.0000	0.0000	-1.0000	NaN	3.3123	-4.0550	14.5438	1905719.3650	1905719.6661	0.0000	1.0000	1.0541
44as01	3	43	0	0	1.0000	0.0000	-1.0000	0.8702	NaN	NaN	NaN	1905722.8756	1905723.2021	0.0000	1.0000	0.2875
44as01	3	43	0	0	2.0000	0.0000	1.0000	NaN	0.0138	0.3013	13.5991	1905724.0958	1905724.3977	1.0000	1.0000	0.9537
44as01	3	44	0	0	1.0000	0.0000	-1.0000	0.8772	NaN	NaN	NaN	1905727.6598	1905727.9874	0.0000	1.0000	0.2701
44as01	3	44	0	0	2.0000	0.0000	1.0000	NaN	5.1625	5.9003	13.0847	1905728.8276	1905729.1286	1.0000	1.0000	0.8068
44as01	3	45	0	0	1.0000	0.0000	1.0000	0.3703	NaN	NaN	NaN	1905732.1329	1905732.4600	1.0000	1.0000	0.3399
44as01	3	45	0	0	2.0000	0.0000	-1.0000	NaN	2.9003	-3.3933	13.9708	1905733.3564	1905733.6575	0.0000	1.0000	0.7578
44as01	3	46	0	0	1.0000	0.0000	-1.0000	0.5043	NaN	NaN	NaN	1905736.7308	1905737.0569	0.0000	1.0000	0.2467
44as01	3	46	0	0	2.0000	0.0000	-1.0000	NaN	9.3500	-8.1829	15.4998	1905737.8691	1905738.1704	0.0000	1.0000	0.7027
44as01	3	47	0	0	1.0000	0.0000	-1.0000	0.1216	NaN	NaN	NaN	1905741.1778	1905741.5048	0.0000	1.0000	0.3610
44as01	3	47	0	0	2.0000	0.0000	-1.0000	NaN	11.9890	-13.3234	15.2103	1905742.4542	1905742.7552	0.0000	1.0000	0.4382
44as01	3	48	0	0	1.0000	0.0000	-1.0000	0.8596	NaN	NaN	NaN	1905745.7894	1905746.1160	0.0000	1.0000	0.2050
44as01	3	48	0	0	2.0000	0.0000	-1.0000	NaN	11.7570	-12.6283	15.6860	1905746.8922	1905747.1933	0.0000	1.0000	0.4381
44as01	3	49	0	0	1.0000	0.0000	-1.0000	0.2759	NaN	NaN	NaN	1905749.6691	1905749.9948	0.0000	1.0000	0.3095
44as01	3	49	0	0	2.0000	0.0000	1.0000	NaN	7.4051	7.4761	16.0581	1905750.8841	1905751.1852	1.0000	1.0000	0.4239
44as01	3	50	0	0	1.0000	0.0000	1.0000	0.7412	NaN	NaN	NaN	1905754.2560	1905754.5821	1.0000	1.0000	0.2127
44as01	3	50	0	0	2.0000	0.0000	-1.0000	NaN	0.9735	-0.1577	15.7896	1905755.3472	1905755.6483	0.0000	1.0000	1.4887
