26pz04	1	1	1	1	1.0000	1.0000	1.0000	NaN	1.4960	1.6942	16.1449	914042.7403	914043.0425	1.0000	1.0000	0.8311
26pz04	1	1	1	1	2.0000	1.0000	1.0000	0.9489	NaN	NaN	NaN	914044.4423	914044.7967	1.0000	1.0000	0.2139
26pz04	1	2	1	1	1.0000	1.0000	-1.0000	NaN	5.8333	-8.1916	15.7375	914046.9610	914047.2632	0.0000	1.0000	0.9153
26pz04	1	2	1	1	2.0000	1.0000	1.0000	0.3512	NaN	NaN	NaN	914048.6994	914049.0494	1.0000	1.0000	0.6007
26pz04	1	3	1	1	1.0000	1.0000	-1.0000	NaN	6.9212	-6.2977	13.3987	914052.3068	914052.6134	0.0000	1.0000	0.3799
26pz04	1	3	1	1	2.0000	1.0000	1.0000	0.9857	NaN	NaN	NaN	914053.5194	914053.9349	1.0000	1.0000	0.0676
26pz04	1	4	1	1	1.0000	1.0000	-1.0000	NaN	10.3525	-10.2880	14.4905	914056.3733	914056.6801	0.0000	1.0000	0.2972
26pz04	1	4	1	1	2.0000	1.0000	1.0000	0.6496	NaN	NaN	NaN	914057.5202	914057.9372	1.0000	1.0000	0.0493
26pz04	1	5	1	1	1.0000	1.0000	1.0000	NaN	0.7467	0.5046	14.5141	914060.1199	914060.4243	0.0000	0.0000	0.3458
26pz04	1	5	1	1	2.0000	1.0000	-1.0000	0.1182	NaN	NaN	NaN	914061.3254	914061.7370	1.0000	0.0000	0.4083
26pz04	1	6	1	1	1.0000	1.0000	1.0000	NaN	0.3976	1.2641	15.3149	914064.2509	914064.5530	1.0000	1.0000	0.7443
26pz04	1	6	1	1	2.0000	1.0000	1.0000	0.3512	NaN	NaN	NaN	914065.8342	914066.1916	1.0000	1.0000	0.1942
26pz04	1	7	1	1	1.0000	1.0000	-1.0000	NaN	9.6424	-11.2839	14.3270	914068.4490	914068.7512	0.0000	1.0000	0.3393
26pz04	1	7	1	1	2.0000	1.0000	1.0000	0.4768	NaN	NaN	NaN	914069.6266	914069.9799	1.0000	1.0000	1.0454
26pz04	1	8	1	1	1.0000	1.0000	1.0000	NaN	10.1828	10.0844	15.3391	914073.4994	914073.8015	1.0000	1.0000	0.3130
26pz04	1	8	1	1	2.0000	1.0000	1.0000	0.4061	NaN	NaN	NaN	914074.6497	914075.0009	1.0000	1.0000	0.1364
26pz04	1	9	1	1	1.0000	1.0000	1.0000	NaN	5.4533	6.5902	15.5543	914077.4115	914077.7138	1.0000	1.0000	0.4007
26pz04	1	9	1	1	2.0000	1.0000	1.0000	0.7786	NaN	NaN	NaN	914078.6824	914079.0340	1.0000	1.0000	0.6318
26pz04	1	10	1	1	1.0000	1.0000	1.0000	NaN	8.6514	8.7866	16.1132	914081.5046	914081.8067	0.0000	0.0000	3.2993
26pz04	1	10	1	1	2.0000	1.0000	-1.0000	0.8897	NaN	NaN	NaN	914085.6107	914085.9624	0.0000	1.0000	0.3754
26pz04	1	11	1	1	1.0000	1.0000	1.0000	NaN	5.4977	6.6517	14.8925	914088.3132	914088.6154	1.0000	1.0000	0.3459
26pz04	1	11	1	1	2.0000	1.0000	1.0000	0.1430	NaN	NaN	NaN	914089.5141	914089.8641	1.0000	1.0000	0.2826
26pz04	1	12	1	1	1.0000	1.0000	-1.0000	NaN	7.0110	-5.0407	14.6766	914092.3846	914092.6868	0.0000	1.0000	0.2918
26pz04	1	12	1	1	2.0000	1.0000	1.0000	0.0295	NaN	NaN	NaN	914093.5145	914093.8666	1.0000	1.0000	0.0720
26pz04	1	13	1	1	1.0000	1.0000	-1.0000	NaN	6.6367	-6.3018	14.9157	914096.1019	914096.4041	0.0000	1.0000	0.5579
26pz04	1	13	1	1	2.0000	1.0000	1.0000	0.8207	NaN	NaN	NaN	914097.5015	914097.9185	1.0000	1.0000	0.2755
26pz04	1	14	1	1	1.0000	1.0000	-1.0000	NaN	1.4567	-0.3363	16.9099	914100.7083	914101.0127	0.0000	1.0000	2.1411
26pz04	1	14	1	1	2.0000	1.0000	1.0000	0.8041	NaN	NaN	NaN	914103.6953	914104.1150	1.0000	1.0000	0.2226
26pz04	1	15	1	1	1.0000	1.0000	1.0000	NaN	4.3415	2.4172	16.2795	914106.6035	914106.9108	1.0000	1.0000	0.2757
26pz04	1	15	1	1	2.0000	1.0000	1.0000	0.0643	NaN	NaN	NaN	914107.7263	914108.1484	1.0000	1.0000	0.1897
26pz04	1	16	1	1	1.0000	1.0000	-1.0000	NaN	9.7985	-9.2127	14.4219	914110.5203	914110.8275	0.0000	1.0000	0.2631
26pz04	1	16	1	1	2.0000	1.0000	1.0000	0.4545	NaN	NaN	NaN	914111.6166	914112.0058	1.0000	1.0000	0.0007
26pz04	1	17	1	1	1.0000	1.0000	1.0000	NaN	3.8687	0.9731	15.5289	914114.1095	914114.4117	0.0000	0.0000	1.1421
26pz04	1	17	1	1	2.0000	1.0000	-1.0000	0.0903	NaN	NaN	NaN	914116.0909	914116.4442	1.0000	0.0000	0.1337
26pz04	1	18	1	1	1.0000	1.0000	1.0000	NaN	6.0889	6.9885	14.4368	914118.9638	914119.2659	1.0000	1.0000	0.2881
26pz04	1	18	1	1	2.0000	1.0000	1.0000	0.2603	NaN	NaN	NaN	914120.1222	914120.4760	1.0000	1.0000	0.3093
26pz04	1	19	1	1	1.0000	1.0000	1.0000	NaN	1.2499	3.4843	14.4663	914122.8997	914123.2019	1.0000	1.0000	0.8005
26pz04	1	19	1	1	2.0000	1.0000	1.0000	0.1003	NaN	NaN	NaN	914124.5699	914124.9259	1.0000	1.0000	0.1806
26pz04	1	20	1	1	1.0000	1.0000	-1.0000	NaN	2.7712	-2.7122	15.0063	914127.4955	914127.7976	1.0000	0.0000	0.5245
26pz04	1	20	1	1	2.0000	1.0000	-1.0000	0.0099	NaN	NaN	NaN	914128.8747	914129.2268	1.0000	0.0000	1.1116
26pz04	1	21	1	1	1.0000	1.0000	1.0000	NaN	8.2143	8.8762	15.8657	914132.5085	914132.8107	1.0000	1.0000	0.4234
26pz04	1	21	1	1	2.0000	1.0000	1.0000	0.8016	NaN	NaN	NaN	914133.7864	914134.1421	1.0000	1.0000	0.4036
26pz04	1	22	1	1	1.0000	1.0000	1.0000	NaN	0.4841	2.2090	14.8330	914136.4608	914136.7630	1.0000	1.0000	0.6943
26pz04	1	22	1	1	2.0000	1.0000	1.0000	0.4954	NaN	NaN	NaN	914138.0114	914138.3617	1.0000	1.0000	0.6484
26pz04	1	23	1	1	1.0000	1.0000	1.0000	NaN	8.0575	9.2806	14.8710	914141.2465	914141.5514	1.0000	1.0000	0.4824
26pz04	1	23	1	1	2.0000	1.0000	1.0000	0.8796	NaN	NaN	NaN	914142.6210	914143.0464	1.0000	1.0000	0.0755
26pz04	1	24	1	1	1.0000	1.0000	1.0000	NaN	5.2483	5.7460	14.3333	914145.5532	914145.8603	1.0000	1.0000	0.3816
26pz04	1	24	1	1	2.0000	1.0000	1.0000	0.4636	NaN	NaN	NaN	914146.7823	914147.1994	1.0000	1.0000	0.3871
26pz04	1	25	1	1	1.0000	1.0000	1.0000	NaN	4.0284	2.2689	15.6724	914149.6841	914149.9910	0.0000	0.0000	0.6182
26pz04	1	25	1	1	2.0000	1.0000	-1.0000	0.3770	NaN	NaN	NaN	914151.1336	914151.5496	0.0000	1.0000	0.5650
26pz04	1	26	1	1	1.0000	1.0000	1.0000	NaN	8.4654	9.3546	15.5533	914153.9322	914154.2372	1.0000	1.0000	0.3731
26pz04	1	26	1	1	2.0000	1.0000	1.0000	0.0816	NaN	NaN	NaN	914155.1660	914155.5823	1.0000	1.0000	2.0841
26pz04	1	27	1	1	1.0000	1.0000	1.0000	NaN	5.8664	5.0121	15.0393	914160.2271	914160.5316	1.0000	1.0000	0.3176
26pz04	1	27	1	1	2.0000	1.0000	1.0000	0.1915	NaN	NaN	NaN	914161.4051	914161.7866	1.0000	1.0000	0.0401
26pz04	1	28	1	1	1.0000	1.0000	-1.0000	NaN	4.2838	-3.7790	15.5180	914164.0493	914164.3516	0.0000	1.0000	0.8669
26pz04	1	28	1	1	2.0000	1.0000	1.0000	0.7543	NaN	NaN	NaN	914165.7384	914166.0917	1.0000	1.0000	0.2308
26pz04	1	29	1	1	1.0000	1.0000	1.0000	NaN	3.4568	4.2751	14.3806	914168.1446	914168.4469	1.0000	1.0000	0.6754
26pz04	1	29	1	1	2.0000	1.0000	1.0000	0.1205	NaN	NaN	NaN	914169.6595	914170.0099	1.0000	1.0000	0.2153
26pz04	1	30	1	1	1.0000	1.0000	-1.0000	NaN	4.4307	-3.1327	15.4554	914172.2901	914172.5923	1.0000	0.0000	0.6895
26pz04	1	30	1	1	2.0000	1.0000	-1.0000	0.0293	NaN	NaN	NaN	914173.8340	914174.1897	0.0000	1.0000	2.4034
26pz04	1	31	1	1	1.0000	1.0000	-1.0000	NaN	9.2757	-9.6232	14.8228	914178.9749	914179.2770	0.0000	1.0000	0.2935
26pz04	1	31	1	1	2.0000	1.0000	1.0000	0.8788	NaN	NaN	NaN	914180.1079	914180.4595	1.0000	1.0000	0.1669
26pz04	1	32	1	1	1.0000	1.0000	1.0000	NaN	2.3909	0.3881	15.8695	914183.0646	914183.3668	1.0000	1.0000	2.0264
26pz04	1	32	1	1	2.0000	1.0000	1.0000	0.1474	NaN	NaN	NaN	914185.9457	914186.3641	1.0000	1.0000	0.2296
26pz04	1	33	1	1	1.0000	1.0000	1.0000	NaN	9.4563	8.7821	14.9636	914188.7663	914189.0734	1.0000	1.0000	0.2881
26pz04	1	33	1	1	2.0000	1.0000	1.0000	0.2682	NaN	NaN	NaN	914189.9016	914190.3138	1.0000	1.0000	0.4393
26pz04	1	34	1	1	1.0000	1.0000	-1.0000	NaN	7.1949	-6.4952	14.9948	914192.8182	914193.1213	0.0000	1.0000	0.3371
26pz04	1	34	1	1	2.0000	1.0000	1.0000	0.6468	NaN	NaN	NaN	914193.9462	914194.3016	1.0000	1.0000	0.3242
26pz04	1	35	1	1	1.0000	1.0000	1.0000	NaN	4.9888	4.1421	14.9119	914196.4649	914196.7670	1.0000	1.0000	0.2902
26pz04	1	35	1	1	2.0000	1.0000	1.0000	0.8813	NaN	NaN	NaN	914197.5783	914197.9348	1.0000	1.0000	0.3387
26pz04	1	36	1	1	1.0000	1.0000	1.0000	NaN	5.1691	3.5749	15.9613	914200.2796	914200.5818	1.0000	1.0000	0.4274
26pz04	1	36	1	1	2.0000	1.0000	1.0000	0.1651	NaN	NaN	NaN	914201.5466	914201.9010	1.0000	1.0000	0.2285
26pz04	1	37	1	1	1.0000	1.0000	1.0000	NaN	7.2910	5.2552	15.0614	914204.5044	914204.8065	1.0000	1.0000	0.6186
26pz04	1	37	1	1	2.0000	1.0000	1.0000	0.7580	NaN	NaN	NaN	914205.9625	914206.3176	1.0000	1.0000	0.2607
26pz04	1	38	1	1	1.0000	1.0000	-1.0000	NaN	0.3687	-0.8669	16.4503	914209.0994	914209.4031	0.0000	1.0000	0.7747
26pz04	1	38	1	1	2.0000	1.0000	1.0000	0.8951	NaN	NaN	NaN	914210.7141	914211.0672	1.0000	1.0000	0.2939
26pz04	1	39	1	1	1.0000	1.0000	-1.0000	NaN	7.8346	-9.2280	14.9111	914213.3258	914213.6280	0.0000	1.0000	0.3096
26pz04	1	39	1	1	2.0000	1.0000	1.0000	0.0658	NaN	NaN	NaN	914214.4909	914214.8407	1.0000	1.0000	0.2004
26pz04	1	40	1	1	1.0000	1.0000	1.0000	NaN	9.5464	10.3300	13.6124	914217.6061	914217.9082	1.0000	1.0000	0.3817
26pz04	1	40	1	1	2.0000	1.0000	1.0000	0.1674	NaN	NaN	NaN	914218.8420	914219.1934	1.0000	1.0000	0.1208
26pz04	1	41	1	1	1.0000	1.0000	-1.0000	NaN	3.1766	-5.5402	15.7785	914221.2774	914221.5795	0.0000	1.0000	0.8222
26pz04	1	41	1	1	2.0000	1.0000	1.0000	0.4624	NaN	NaN	NaN	914222.9541	914223.3055	1.0000	1.0000	0.3282
26pz04	1	42	1	1	1.0000	1.0000	-1.0000	NaN	4.3151	-6.3804	15.9515	914225.6664	914225.9696	0.0000	1.0000	0.2721
26pz04	1	42	1	1	2.0000	1.0000	1.0000	0.7181	NaN	NaN	NaN	914226.7620	914227.1164	1.0000	1.0000	0.0367
26pz04	1	43	1	1	1.0000	1.0000	1.0000	NaN	5.2231	5.7437	14.6573	914229.4432	914229.7454	1.0000	1.0000	0.3366
26pz04	1	43	1	1	2.0000	1.0000	1.0000	0.0335	NaN	NaN	NaN	914230.6666	914231.0204	1.0000	1.0000	0.3087
26pz04	1	44	1	1	1.0000	1.0000	1.0000	NaN	6.8649	8.2830	16.0527	914233.2428	914233.5448	1.0000	1.0000	1.6570
26pz04	1	44	1	1	2.0000	1.0000	1.0000	0.6291	NaN	NaN	NaN	914235.7430	914236.1592	1.0000	1.0000	0.2099
26pz04	1	45	1	1	1.0000	1.0000	1.0000	NaN	1.7146	1.7313	14.4112	914238.6979	914239.0051	0.0000	0.0000	0.6288
26pz04	1	45	1	1	2.0000	1.0000	-1.0000	0.5599	NaN	NaN	NaN	914240.1764	914240.5949	0.0000	1.0000	0.3990
26pz04	1	46	1	1	1.0000	1.0000	1.0000	NaN	0.7516	3.6953	13.9348	914243.2275	914243.5320	1.0000	1.0000	0.8531
26pz04	1	46	1	1	2.0000	1.0000	1.0000	0.1858	NaN	NaN	NaN	914244.9605	914245.3778	1.0000	1.0000	0.2079
26pz04	1	47	1	1	1.0000	1.0000	-1.0000	NaN	9.2108	-6.9430	14.3678	914247.6942	914247.9987	0.0000	1.0000	0.2904
26pz04	1	47	1	1	2.0000	1.0000	1.0000	0.3218	NaN	NaN	NaN	914248.8292	914249.2209	1.0000	1.0000	0.2847
26pz04	1	48	1	1	1.0000	1.0000	1.0000	NaN	9.8207	7.9736	15.2638	914251.7709	914252.0732	1.0000	1.0000	0.3280
26pz04	1	48	1	1	2.0000	1.0000	1.0000	0.7808	NaN	NaN	NaN	914252.9556	914253.3058	1.0000	1.0000	0.2636
26pz04	1	49	1	1	1.0000	1.0000	-1.0000	NaN	3.8861	-4.0829	15.5680	914255.7685	914256.0707	0.0000	1.0000	0.2835
26pz04	1	49	1	1	2.0000	1.0000	1.0000	0.4841	NaN	NaN	NaN	914256.9062	914257.2585	1.0000	1.0000	0.4226
26pz04	1	50	1	1	1.0000	1.0000	1.0000	NaN	9.2262	9.1850	15.0520	914259.6719	914259.9740	1.0000	1.0000	0.3321
26pz04	1	50	1	1	2.0000	1.0000	1.0000	0.6449	NaN	NaN	NaN	914260.8424	914261.1983	1.0000	1.0000	0.1958
26pz04	2	1	1	1	1.0000	1.0000	1.0000	NaN	3.8809	4.1154	15.1221	914267.7356	914268.0377	1.0000	1.0000	0.2367
26pz04	2	1	1	1	2.0000	1.0000	1.0000	0.2370	NaN	NaN	NaN	914268.8259	914269.1812	1.0000	1.0000	0.0679
26pz04	2	2	1	1	1.0000	1.0000	-1.0000	NaN	3.6677	-6.0710	14.8401	914271.7483	914272.0507	0.0000	1.0000	0.2876
26pz04	2	2	1	1	2.0000	1.0000	1.0000	0.7388	NaN	NaN	NaN	914272.8739	914273.2310	1.0000	1.0000	0.0991
26pz04	2	3	1	1	1.0000	1.0000	1.0000	NaN	10.4130	9.5568	16.5869	914275.4437	914275.7459	1.0000	1.0000	0.2551
26pz04	2	3	1	1	2.0000	1.0000	1.0000	0.2732	NaN	NaN	NaN	914276.5547	914276.9046	1.0000	1.0000	0.3136
26pz04	2	4	1	1	1.0000	1.0000	-1.0000	NaN	10.2639	-9.9521	14.8261	914279.5760	914279.8804	0.0000	1.0000	0.3140
26pz04	2	4	1	1	2.0000	1.0000	1.0000	0.3597	NaN	NaN	NaN	914280.7490	914281.1594	1.0000	1.0000	0.1376
26pz04	2	5	1	1	1.0000	1.0000	1.0000	NaN	5.2849	7.2781	15.7397	914283.4539	914283.7561	1.0000	1.0000	0.3889
26pz04	2	5	1	1	2.0000	1.0000	1.0000	0.4530	NaN	NaN	NaN	914284.7137	914285.0677	1.0000	1.0000	0.1653
26pz04	2	6	1	1	1.0000	1.0000	-1.0000	NaN	8.4537	-8.3601	14.2599	914287.6496	914287.9518	0.0000	1.0000	0.4505
26pz04	2	6	1	1	2.0000	1.0000	1.0000	0.2186	NaN	NaN	NaN	914288.9226	914289.2731	1.0000	1.0000	0.2959
26pz04	2	7	1	1	1.0000	1.0000	1.0000	NaN	0.3752	0.7092	14.7796	914291.5590	914291.8611	1.0000	1.0000	0.3807
26pz04	2	7	1	1	2.0000	1.0000	1.0000	0.9505	NaN	NaN	NaN	914292.7942	914293.1507	1.0000	1.0000	0.1950
26pz04	2	8	1	1	1.0000	1.0000	1.0000	NaN	9.4052	7.0421	15.7386	914295.3784	914295.6814	1.0000	1.0000	0.5119
26pz04	2	8	1	1	2.0000	1.0000	1.0000	0.9554	NaN	NaN	NaN	914296.7613	914297.1170	1.0000	1.0000	0.1333
26pz04	2	9	1	1	1.0000	1.0000	1.0000	NaN	1.4198	0.7261	14.5885	914299.8730	914300.1752	0.0000	0.0000	1.0905
26pz04	2	9	1	1	2.0000	1.0000	-1.0000	0.3137	NaN	NaN	NaN	914301.8341	914302.1849	0.0000	1.0000	0.2967
26pz04	2	10	1	1	1.0000	1.0000	-1.0000	NaN	2.9702	-4.9311	15.5404	914304.5547	914304.8568	0.0000	1.0000	0.6016
26pz04	2	10	1	1	2.0000	1.0000	1.0000	0.0036	NaN	NaN	NaN	914305.9942	914306.3499	1.0000	1.0000	0.2116
26pz04	2	11	1	1	1.0000	1.0000	1.0000	NaN	7.6952	7.5698	14.4995	914308.8017	914309.1039	1.0000	1.0000	0.3211
26pz04	2	11	1	1	2.0000	1.0000	1.0000	0.6423	NaN	NaN	NaN	914309.9944	914310.3499	1.0000	1.0000	0.1797
26pz04	2	12	1	1	1.0000	1.0000	1.0000	NaN	5.4012	3.8812	13.9430	914313.0949	914313.3984	1.0000	1.0000	0.3306
26pz04	2	12	1	1	2.0000	1.0000	1.0000	0.5168	NaN	NaN	NaN	914314.2819	914314.6343	1.0000	1.0000	0.3108
26pz04	2	13	1	1	1.0000	1.0000	1.0000	NaN	7.1100	7.7893	15.2950	914316.9848	914317.2870	1.0000	1.0000	0.5390
26pz04	2	13	1	1	2.0000	1.0000	1.0000	0.0432	NaN	NaN	NaN	914318.3612	914318.7162	1.0000	1.0000	0.1180
26pz04	2	14	1	1	1.0000	1.0000	1.0000	NaN	1.0522	2.4737	14.4481	914321.2564	914321.5586	1.0000	1.0000	0.3624
26pz04	2	14	1	1	2.0000	1.0000	1.0000	0.9001	NaN	NaN	NaN	914322.4737	914322.8283	1.0000	1.0000	0.1982
26pz04	2	15	1	1	1.0000	1.0000	-1.0000	NaN	10.2563	-11.6281	14.7615	914325.5633	914325.8675	0.0000	1.0000	0.4067
26pz04	2	15	1	1	2.0000	1.0000	1.0000	0.0767	NaN	NaN	NaN	914326.7647	914327.1723	1.0000	1.0000	0.1261
26pz04	2	16	1	1	1.0000	1.0000	1.0000	NaN	1.7995	1.0223	14.2365	914329.4525	914329.7564	0.0000	0.0000	0.5011
26pz04	2	16	1	1	2.0000	1.0000	-1.0000	0.9014	NaN	NaN	NaN	914330.8282	914331.2530	0.0000	1.0000	0.4287
26pz04	2	17	1	1	1.0000	1.0000	1.0000	NaN	6.9063	5.1193	15.6855	914333.7658	914334.0702	1.0000	1.0000	0.2352
26pz04	2	17	1	1	2.0000	1.0000	1.0000	0.2141	NaN	NaN	NaN	914334.8450	914335.2566	1.0000	1.0000	0.1856
26pz04	2	18	1	1	1.0000	1.0000	1.0000	NaN	3.9766	3.5901	13.9255	914337.2982	914337.6003	1.0000	1.0000	0.7218
26pz04	2	18	1	1	2.0000	1.0000	1.0000	0.8856	NaN	NaN	NaN	914338.8418	914339.1984	1.0000	1.0000	0.3075
26pz04	2	19	1	1	1.0000	1.0000	1.0000	NaN	7.4338	7.6626	16.7052	914341.5138	914341.8160	1.0000	1.0000	0.3937
26pz04	2	19	1	1	2.0000	1.0000	1.0000	0.1653	NaN	NaN	NaN	914342.7301	914343.0828	1.0000	1.0000	1.2240
26pz04	2	20	1	1	1.0000	1.0000	-1.0000	NaN	3.6154	-3.3015	15.6041	914346.4696	914346.7718	0.0000	1.0000	0.3023
26pz04	2	20	1	1	2.0000	1.0000	1.0000	0.4928	NaN	NaN	NaN	914347.5785	914347.9325	1.0000	1.0000	0.2924
26pz04	2	21	1	1	1.0000	1.0000	1.0000	NaN	8.1647	8.8317	16.2942	914350.6649	914350.9671	1.0000	1.0000	0.3139
26pz04	2	21	1	1	2.0000	1.0000	1.0000	0.4005	NaN	NaN	NaN	914351.8186	914352.1698	1.0000	1.0000	0.1991
26pz04	2	22	1	1	1.0000	1.0000	1.0000	NaN	3.1126	4.0236	14.3395	914354.7936	914355.0964	1.0000	1.0000	0.4412
26pz04	2	22	1	1	2.0000	1.0000	1.0000	0.4217	NaN	NaN	NaN	914356.0575	914356.4142	1.0000	1.0000	0.3068
26pz04	2	23	1	1	1.0000	1.0000	-1.0000	NaN	9.2931	-10.3073	14.6772	914358.8799	914359.1822	0.0000	1.0000	0.4350
26pz04	2	23	1	1	2.0000	1.0000	1.0000	0.1410	NaN	NaN	NaN	914360.1543	914360.5100	1.0000	1.0000	0.1957
26pz04	2	24	1	1	1.0000	1.0000	-1.0000	NaN	5.9641	-6.4895	15.2052	914363.0287	914363.3309	0.0000	1.0000	1.1507
26pz04	2	24	1	1	2.0000	1.0000	1.0000	0.3388	NaN	NaN	NaN	914365.0180	914365.3697	1.0000	1.0000	0.3285
26pz04	2	25	1	1	1.0000	1.0000	1.0000	NaN	2.2772	1.8969	14.1976	914367.9134	914368.2156	1.0000	1.0000	1.3387
26pz04	2	25	1	1	2.0000	1.0000	1.0000	0.4268	NaN	NaN	NaN	914370.1224	914370.4761	1.0000	1.0000	0.3569
26pz04	2	26	1	1	1.0000	1.0000	1.0000	NaN	9.4946	8.9511	14.6860	914373.2267	914373.5322	1.0000	1.0000	0.3261
26pz04	2	26	1	1	2.0000	1.0000	1.0000	0.7137	NaN	NaN	NaN	914374.3839	914374.7812	1.0000	1.0000	0.2602
26pz04	2	27	1	1	1.0000	1.0000	1.0000	NaN	5.5778	3.9369	13.9153	914377.6500	914377.9522	1.0000	1.0000	0.4488
26pz04	2	27	1	1	2.0000	1.0000	1.0000	0.2440	NaN	NaN	NaN	914378.9854	914379.3424	1.0000	1.0000	0.4031
26pz04	2	28	1	1	1.0000	1.0000	1.0000	NaN	3.2155	2.6123	15.2497	914382.1525	914382.4548	1.0000	1.0000	0.6670
26pz04	2	28	1	1	2.0000	1.0000	1.0000	0.3529	NaN	NaN	NaN	914383.6582	914384.0128	1.0000	1.0000	0.1653
26pz04	2	29	1	1	1.0000	1.0000	1.0000	NaN	3.7108	3.0634	14.5937	914386.5514	914386.8536	1.0000	1.0000	0.2365
26pz04	2	29	1	1	2.0000	1.0000	1.0000	0.5328	NaN	NaN	NaN	914387.6264	914387.9806	1.0000	1.0000	0.3884
26pz04	2	30	1	1	1.0000	1.0000	-1.0000	NaN	8.9635	-8.4091	16.0270	914390.4836	914390.7857	0.0000	1.0000	0.3522
26pz04	2	30	1	1	2.0000	1.0000	1.0000	0.4875	NaN	NaN	NaN	914391.6735	914392.0292	1.0000	1.0000	0.2131
26pz04	2	31	1	1	1.0000	1.0000	-1.0000	NaN	7.3493	-6.5428	15.3972	914394.8494	914395.1516	0.0000	1.0000	0.4024
26pz04	2	31	1	1	2.0000	1.0000	1.0000	0.2144	NaN	NaN	NaN	914396.0742	914396.4289	1.0000	1.0000	0.0520
26pz04	2	32	1	1	1.0000	1.0000	1.0000	NaN	6.6365	6.6797	14.8265	914398.8469	914399.1490	1.0000	1.0000	0.2925
26pz04	2	32	1	1	2.0000	1.0000	1.0000	0.8815	NaN	NaN	NaN	914399.9782	914400.3299	1.0000	1.0000	0.0721
26pz04	2	33	1	1	1.0000	1.0000	-1.0000	NaN	7.3665	-6.9026	16.2420	914402.9161	914403.2184	0.0000	1.0000	0.3345
26pz04	2	33	1	1	2.0000	1.0000	1.0000	0.2763	NaN	NaN	NaN	914404.1062	914404.4620	1.0000	1.0000	0.2115
26pz04	2	34	1	1	1.0000	1.0000	1.0000	NaN	0.3353	1.3436	14.8826	914406.7310	914407.0333	0.0000	0.0000	0.4729
26pz04	2	34	1	1	2.0000	1.0000	-1.0000	0.8406	NaN	NaN	NaN	914408.0737	914408.4283	0.0000	1.0000	0.3091
26pz04	2	35	1	1	1.0000	1.0000	-1.0000	NaN	8.4279	-6.6869	15.8967	914410.9612	914411.2634	0.0000	1.0000	0.5615
26pz04	2	35	1	1	2.0000	1.0000	1.0000	0.2749	NaN	NaN	NaN	914412.3310	914412.6811	1.0000	1.0000	0.2478
26pz04	2	36	1	1	1.0000	1.0000	1.0000	NaN	9.9163	10.3349	12.9305	914415.1370	914415.4392	1.0000	1.0000	0.2109
26pz04	2	36	1	1	2.0000	1.0000	1.0000	0.9114	NaN	NaN	NaN	914416.1858	914416.5403	1.0000	1.0000	0.2286
26pz04	2	37	1	1	1.0000	1.0000	1.0000	NaN	7.1933	7.5437	14.4240	914418.5941	914418.8963	1.0000	1.0000	0.3700
26pz04	2	37	1	1	2.0000	1.0000	1.0000	0.5540	NaN	NaN	NaN	914419.8041	914420.2176	1.0000	1.0000	0.1041
26pz04	2	38	1	1	1.0000	1.0000	1.0000	NaN	9.4613	8.4345	14.5682	914422.8279	914423.1317	1.0000	1.0000	0.2944
26pz04	2	38	1	1	2.0000	1.0000	1.0000	0.6171	NaN	NaN	NaN	914423.9509	914424.3666	1.0000	1.0000	0.1316
26pz04	2	39	1	1	1.0000	1.0000	-1.0000	NaN	10.1172	-10.7480	15.9542	914426.9306	914427.2354	0.0000	1.0000	0.3654
26pz04	2	39	1	1	2.0000	1.0000	1.0000	0.8600	NaN	NaN	NaN	914428.1573	914428.5691	1.0000	1.0000	0.0005
26pz04	2	40	1	1	1.0000	1.0000	1.0000	NaN	4.4900	5.8084	14.5604	914430.8153	914431.1202	1.0000	1.0000	0.2259
26pz04	2	40	1	1	2.0000	1.0000	1.0000	0.1549	NaN	NaN	NaN	914431.8854	914432.3145	1.0000	1.0000	0.2151
26pz04	2	41	1	1	1.0000	1.0000	1.0000	NaN	10.0872	10.3324	15.9824	914434.6627	914434.9672	1.0000	1.0000	0.3776
26pz04	2	41	1	1	2.0000	1.0000	1.0000	0.4235	NaN	NaN	NaN	914435.8852	914436.2977	1.0000	1.0000	0.0725
26pz04	2	42	1	1	1.0000	1.0000	1.0000	NaN	4.5334	2.3499	14.9179	914438.6100	914438.9122	0.0000	0.0000	1.0255
26pz04	2	42	1	1	2.0000	1.0000	-1.0000	0.8202	NaN	NaN	NaN	914440.4414	914440.7946	0.0000	1.0000	0.1991
26pz04	2	43	1	1	1.0000	1.0000	1.0000	NaN	5.4013	4.7759	14.4848	914443.3920	914443.6942	1.0000	1.0000	0.0679
26pz04	2	43	1	1	2.0000	1.0000	1.0000	0.6028	NaN	NaN	NaN	914444.2818	914444.6391	1.0000	1.0000	0.1790
26pz04	2	44	1	1	1.0000	1.0000	1.0000	NaN	8.8364	9.2211	16.3432	914446.9562	914447.2585	1.0000	1.0000	0.3441
26pz04	2	44	1	1	2.0000	1.0000	1.0000	0.2080	NaN	NaN	NaN	914448.1222	914448.4763	1.0000	1.0000	0.0685
26pz04	2	45	1	1	1.0000	1.0000	1.0000	NaN	9.7171	10.0498	15.3572	914451.1097	914451.4119	1.0000	1.0000	0.2050
26pz04	2	45	1	1	2.0000	1.0000	1.0000	0.8872	NaN	NaN	NaN	914452.1538	914452.5093	1.0000	1.0000	0.0368
26pz04	2	46	1	1	1.0000	1.0000	1.0000	NaN	4.8058	3.7381	15.8573	914454.9702	914455.2734	1.0000	1.0000	0.3275
26pz04	2	46	1	1	2.0000	1.0000	1.0000	0.7321	NaN	NaN	NaN	914456.1535	914456.5093	1.0000	1.0000	0.2440
26pz04	2	47	1	1	1.0000	1.0000	-1.0000	NaN	2.9946	-3.7417	15.9725	914458.7867	914459.0895	0.0000	1.0000	0.4153
26pz04	2	47	1	1	2.0000	1.0000	1.0000	0.2433	NaN	NaN	NaN	914460.0105	914460.3617	1.0000	1.0000	0.1843
26pz04	2	48	1	1	1.0000	1.0000	-1.0000	NaN	8.1784	-8.3252	13.5420	914463.0449	914463.3471	0.0000	1.0000	0.3498
26pz04	2	48	1	1	2.0000	1.0000	1.0000	0.0379	NaN	NaN	NaN	914464.2499	914464.6045	1.0000	1.0000	0.3737
26pz04	2	49	1	1	1.0000	1.0000	-1.0000	NaN	0.2224	-0.5763	14.2937	914467.3699	914467.6769	0.0000	1.0000	0.4039
26pz04	2	49	1	1	2.0000	1.0000	1.0000	0.2009	NaN	NaN	NaN	914468.6362	914469.0499	1.0000	1.0000	0.1839
26pz04	2	50	1	1	1.0000	1.0000	1.0000	NaN	3.8762	4.1050	15.7795	914471.7419	914472.0463	0.0000	0.0000	0.8197
26pz04	2	50	1	1	2.0000	1.0000	-1.0000	0.1181	NaN	NaN	NaN	914473.4214	914473.8095	1.0000	0.0000	0.7840
26pz04	3	1	1	1	1.0000	1.0000	1.0000	NaN	6.9452	6.3472	15.1622	914491.2407	914491.5429	0.0000	0.0000	0.6659
26pz04	3	1	1	1	2.0000	1.0000	-1.0000	0.9521	NaN	NaN	NaN	914492.7458	914493.0968	0.0000	1.0000	0.2651
26pz04	3	2	1	1	1.0000	1.0000	1.0000	NaN	7.2103	5.8420	15.1126	914495.5359	914495.8394	1.0000	1.0000	0.3065
26pz04	3	2	1	1	2.0000	1.0000	1.0000	0.8857	NaN	NaN	NaN	914496.6657	914497.0196	1.0000	1.0000	0.0065
26pz04	3	3	1	1	1.0000	1.0000	-1.0000	NaN	7.1956	-5.4832	15.1932	914499.3597	914499.6619	0.0000	1.0000	0.3723
26pz04	3	3	1	1	2.0000	1.0000	1.0000	0.6401	NaN	NaN	NaN	914500.5696	914500.9235	1.0000	1.0000	0.0546
26pz04	3	4	1	1	1.0000	1.0000	1.0000	NaN	0.2901	1.6657	14.1707	914502.9897	914503.2919	1.0000	1.0000	0.3577
26pz04	3	4	1	1	2.0000	1.0000	1.0000	0.6669	NaN	NaN	NaN	914504.1696	914504.5236	1.0000	1.0000	0.0866
26pz04	3	5	1	1	1.0000	1.0000	-1.0000	NaN	7.2499	-6.5826	16.1516	914506.4762	914506.7783	0.0000	1.0000	0.5357
26pz04	3	5	1	1	2.0000	1.0000	1.0000	0.8023	NaN	NaN	NaN	914507.8657	914508.2190	1.0000	1.0000	0.1338
26pz04	3	6	1	1	1.0000	1.0000	1.0000	NaN	6.2915	4.3471	15.2335	914510.7213	914511.0234	1.0000	1.0000	0.7547
26pz04	3	6	1	1	2.0000	1.0000	1.0000	0.0210	NaN	NaN	NaN	914512.3301	914512.6857	1.0000	1.0000	0.2927
26pz04	3	7	1	1	1.0000	1.0000	-1.0000	NaN	6.2763	-6.6060	14.7646	914514.8913	914515.1939	0.0000	1.0000	0.5201
26pz04	3	7	1	1	2.0000	1.0000	1.0000	0.3684	NaN	NaN	NaN	914516.2205	914516.6294	1.0000	1.0000	0.0607
26pz04	3	8	1	1	1.0000	1.0000	-1.0000	NaN	0.6037	-0.9291	13.3519	914518.8142	914519.1180	0.0000	1.0000	0.5948
26pz04	3	8	1	1	2.0000	1.0000	1.0000	0.1748	NaN	NaN	NaN	914520.2363	914520.6460	1.0000	1.0000	0.2196
26pz04	3	9	1	1	1.0000	1.0000	-1.0000	NaN	9.5048	-9.2427	16.2386	914523.2126	914523.5174	0.0000	1.0000	0.3234
26pz04	3	9	1	1	2.0000	1.0000	1.0000	0.1366	NaN	NaN	NaN	914524.3651	914524.7588	1.0000	1.0000	0.3153
26pz04	3	10	1	1	1.0000	1.0000	-1.0000	NaN	10.3763	-6.0648	15.5509	914527.1310	914527.4334	0.0000	1.0000	0.2802
26pz04	3	10	1	1	2.0000	1.0000	1.0000	0.2911	NaN	NaN	NaN	914528.2497	914528.6053	1.0000	1.0000	0.2115
26pz04	3	11	1	1	1.0000	1.0000	-1.0000	NaN	0.2923	-0.8111	14.0443	914531.1972	914531.4994	0.0000	1.0000	0.5974
26pz04	3	11	1	1	2.0000	1.0000	1.0000	0.2011	NaN	NaN	NaN	914532.6491	914533.0053	1.0000	1.0000	0.0834
26pz04	3	12	1	1	1.0000	1.0000	-1.0000	NaN	5.7698	-3.8704	14.0580	914535.2628	914535.5649	0.0000	1.0000	0.4525
26pz04	3	12	1	1	2.0000	1.0000	1.0000	0.0824	NaN	NaN	NaN	914536.5696	914536.9231	1.0000	1.0000	0.0377
26pz04	3	13	1	1	1.0000	1.0000	-1.0000	NaN	6.6154	-5.4794	14.5350	914538.9341	914539.2373	0.0000	1.0000	0.4760
26pz04	3	13	1	1	2.0000	1.0000	1.0000	0.4734	NaN	NaN	NaN	914540.2332	914540.5883	1.0000	1.0000	0.0006
26pz04	3	14	1	1	1.0000	1.0000	-1.0000	NaN	9.6577	-9.7068	14.5772	914542.7012	914543.0037	0.0000	1.0000	0.3744
26pz04	3	14	1	1	2.0000	1.0000	1.0000	0.2611	NaN	NaN	NaN	914543.9140	914544.2671	1.0000	1.0000	0.1187
26pz04	3	15	1	1	1.0000	1.0000	-1.0000	NaN	1.0302	-1.0706	14.4941	914546.7091	914547.0113	0.0000	1.0000	1.3421
26pz04	3	15	1	1	2.0000	1.0000	1.0000	0.1862	NaN	NaN	NaN	914548.9071	914549.2574	1.0000	1.0000	0.3114
26pz04	3	16	1	1	1.0000	1.0000	-1.0000	NaN	10.1311	-12.2210	14.4717	914551.8168	914552.1199	0.0000	1.0000	0.6814
26pz04	3	16	1	1	2.0000	1.0000	1.0000	0.4349	NaN	NaN	NaN	914553.3369	914553.6889	1.0000	1.0000	0.2966
26pz04	3	17	1	1	1.0000	1.0000	-1.0000	NaN	2.4457	-4.4393	15.3986	914556.4405	914556.7426	1.0000	0.0000	2.7313
26pz04	3	17	1	1	2.0000	1.0000	-1.0000	0.2107	NaN	NaN	NaN	914560.0580	914560.4099	0.0000	1.0000	0.4868
26pz04	3	18	1	1	1.0000	1.0000	-1.0000	NaN	10.2753	-9.2404	15.3604	914562.7052	914563.0075	0.0000	1.0000	0.4028
26pz04	3	18	1	1	2.0000	1.0000	1.0000	0.9248	NaN	NaN	NaN	914563.9640	914564.3771	1.0000	1.0000	0.0005
26pz04	3	19	1	1	1.0000	1.0000	-1.0000	NaN	0.6814	-0.2724	14.8360	914566.7082	914567.0118	0.0000	1.0000	0.6054
26pz04	3	19	1	1	2.0000	1.0000	1.0000	0.7684	NaN	NaN	NaN	914568.1585	914568.5761	1.0000	1.0000	0.0006
26pz04	3	20	1	1	1.0000	1.0000	-1.0000	NaN	3.4482	-3.3595	13.3857	914571.0883	914571.3921	0.0000	1.0000	0.9452
26pz04	3	20	1	1	2.0000	1.0000	1.0000	0.5570	NaN	NaN	NaN	914572.8767	914573.2928	1.0000	1.0000	0.2446
26pz04	3	21	1	1	1.0000	1.0000	1.0000	NaN	5.4748	6.9247	14.7806	914575.7381	914576.0418	1.0000	1.0000	0.5841
26pz04	3	21	1	1	2.0000	1.0000	1.0000	0.5596	NaN	NaN	NaN	914577.1654	914577.5906	1.0000	1.0000	0.0750
26pz04	3	22	1	1	1.0000	1.0000	-1.0000	NaN	0.3059	-1.3209	15.2747	914579.5579	914579.8623	0.0000	1.0000	0.4916
26pz04	3	22	1	1	2.0000	1.0000	1.0000	0.7925	NaN	NaN	NaN	914580.8935	914581.2988	1.0000	1.0000	0.0007
26pz04	3	23	1	1	1.0000	1.0000	1.0000	NaN	8.1361	6.9078	15.5609	914583.3954	914583.6975	1.0000	1.0000	0.4324
26pz04	3	23	1	1	2.0000	1.0000	1.0000	0.4352	NaN	NaN	NaN	914584.6818	914585.0362	1.0000	1.0000	0.0006
26pz04	3	24	1	1	1.0000	1.0000	1.0000	NaN	0.4689	0.7437	14.6660	914587.3234	914587.6256	0.0000	0.0000	0.3914
26pz04	3	24	1	1	2.0000	1.0000	-1.0000	0.6082	NaN	NaN	NaN	914588.5389	914588.8890	1.0000	0.0000	0.0005
26pz04	3	25	1	1	1.0000	1.0000	-1.0000	NaN	2.1908	-0.2277	14.6793	914591.0614	914591.3637	1.0000	0.0000	1.2450
26pz04	3	25	1	1	2.0000	1.0000	-1.0000	0.0324	NaN	NaN	NaN	914593.1620	914593.5190	1.0000	0.0000	0.1941
26pz04	3	26	1	1	1.0000	1.0000	-1.0000	NaN	3.7727	-3.0073	14.4601	914595.5218	914595.8239	0.0000	1.0000	0.6416
26pz04	3	26	1	1	2.0000	1.0000	1.0000	0.1591	NaN	NaN	NaN	914597.0334	914597.3867	1.0000	1.0000	0.7749
26pz04	3	27	1	1	1.0000	1.0000	1.0000	NaN	7.0717	6.1047	15.2393	914600.1353	914600.4374	1.0000	1.0000	0.3006
26pz04	3	27	1	1	2.0000	1.0000	1.0000	0.9527	NaN	NaN	NaN	914601.2738	914601.6243	1.0000	1.0000	0.2804
26pz04	3	28	1	1	1.0000	1.0000	-1.0000	NaN	3.6827	-0.4308	13.7311	914604.2545	914604.5567	1.0000	0.0000	0.7573
26pz04	3	28	1	1	2.0000	1.0000	-1.0000	0.2235	NaN	NaN	NaN	914605.8492	914606.2029	1.0000	0.0000	0.6140
26pz04	3	29	1	1	1.0000	1.0000	-1.0000	NaN	6.1077	-7.6857	15.0634	914609.1204	914609.4248	0.0000	1.0000	0.3847
26pz04	3	29	1	1	2.0000	1.0000	1.0000	0.9764	NaN	NaN	NaN	914610.3325	914610.7427	1.0000	1.0000	0.1387
26pz04	3	30	1	1	1.0000	1.0000	-1.0000	NaN	6.2307	-7.9962	15.9863	914613.0621	914613.3692	0.0000	1.0000	0.4083
26pz04	3	30	1	1	2.0000	1.0000	1.0000	0.5496	NaN	NaN	NaN	914614.3323	914614.7426	1.0000	1.0000	0.6507
26pz04	3	31	1	1	1.0000	1.0000	1.0000	NaN	0.2877	0.3353	16.9720	914617.8763	914618.1814	1.0000	1.0000	0.4113
26pz04	3	31	1	1	2.0000	1.0000	1.0000	0.7949	NaN	NaN	NaN	914619.1485	914619.5590	1.0000	1.0000	0.2030
26pz04	3	32	1	1	1.0000	1.0000	-1.0000	NaN	7.1188	-4.9088	13.6449	914622.4104	914622.7177	0.0000	1.0000	0.4192
26pz04	3	32	1	1	2.0000	1.0000	1.0000	0.5170	NaN	NaN	NaN	914623.7085	914624.1426	1.0000	1.0000	0.4025
26pz04	3	33	1	1	1.0000	1.0000	1.0000	NaN	1.8478	1.3887	15.0749	914626.6220	914626.9268	0.0000	0.0000	0.7863
26pz04	3	33	1	1	2.0000	1.0000	-1.0000	0.7430	NaN	NaN	NaN	914628.2876	914628.6965	0.0000	1.0000	0.8251
26pz04	3	34	1	1	1.0000	1.0000	1.0000	NaN	1.8449	4.2376	15.2372	914631.6949	914631.9982	1.0000	1.0000	0.2904
26pz04	3	34	1	1	2.0000	1.0000	1.0000	0.7369	NaN	NaN	NaN	914632.8415	914633.1960	1.0000	1.0000	0.1818
26pz04	3	35	1	1	1.0000	1.0000	-1.0000	NaN	1.6016	-0.5419	14.5280	914635.7530	914636.0552	0.0000	1.0000	1.5949
26pz04	3	35	1	1	2.0000	1.0000	1.0000	0.6693	NaN	NaN	NaN	914638.2338	914638.5846	1.0000	1.0000	0.2000
26pz04	3	36	1	1	1.0000	1.0000	-1.0000	NaN	6.7831	-7.6300	14.4312	914640.7588	914641.0610	0.0000	1.0000	0.7641
26pz04	3	36	1	1	2.0000	1.0000	1.0000	0.9298	NaN	NaN	NaN	914642.3773	914642.7331	1.0000	1.0000	0.1315
26pz04	3	37	1	1	1.0000	1.0000	1.0000	NaN	1.2439	0.2632	16.4322	914645.1288	914645.4319	1.0000	1.0000	0.3928
26pz04	3	37	1	1	2.0000	1.0000	1.0000	0.1303	NaN	NaN	NaN	914646.3462	914646.6996	1.0000	1.0000	0.2290
26pz04	3	38	1	1	1.0000	1.0000	-1.0000	NaN	2.3967	-2.8262	14.0157	914648.9683	914649.2705	0.0000	1.0000	1.0502
26pz04	3	38	1	1	2.0000	1.0000	1.0000	0.4301	NaN	NaN	NaN	914650.8738	914651.2285	1.0000	1.0000	1.0765
26pz04	3	39	1	1	1.0000	1.0000	-1.0000	NaN	2.3153	-4.2697	16.1479	914654.4684	914654.7734	0.0000	1.0000	0.3965
26pz04	3	39	1	1	2.0000	1.0000	1.0000	0.0473	NaN	NaN	NaN	914655.7094	914656.1244	1.0000	1.0000	0.1482
26pz04	3	40	1	1	1.0000	1.0000	1.0000	NaN	4.9522	5.6676	15.3982	914658.6164	914658.9212	1.0000	1.0000	0.4407
26pz04	3	40	1	1	2.0000	1.0000	1.0000	0.4884	NaN	NaN	NaN	914659.9196	914660.3168	1.0000	1.0000	0.1810
26pz04	3	41	1	1	1.0000	1.0000	1.0000	NaN	7.4690	8.6761	15.2490	914662.3203	914662.6224	1.0000	1.0000	0.2909
26pz04	3	41	1	1	2.0000	1.0000	1.0000	0.4655	NaN	NaN	NaN	914663.4501	914663.8018	1.0000	1.0000	0.0398
26pz04	3	42	1	1	1.0000	1.0000	1.0000	NaN	2.1146	2.4313	15.6103	914665.9665	914666.2688	0.0000	0.0000	0.5491
26pz04	3	42	1	1	2.0000	1.0000	-1.0000	0.0280	NaN	NaN	NaN	914667.3375	914667.6945	1.0000	0.0000	0.2110
26pz04	3	43	1	1	1.0000	1.0000	-1.0000	NaN	8.9273	-8.6969	14.5320	914670.3259	914670.6285	0.0000	1.0000	0.3014
26pz04	3	43	1	1	2.0000	1.0000	1.0000	0.2742	NaN	NaN	NaN	914671.4513	914671.8014	1.0000	1.0000	0.3121
26pz04	3	44	1	1	1.0000	1.0000	-1.0000	NaN	8.3608	-6.7986	14.1477	914674.4524	914674.7546	0.0000	1.0000	0.2864
26pz04	3	44	1	1	2.0000	1.0000	1.0000	0.8544	NaN	NaN	NaN	914675.5619	914675.9161	1.0000	1.0000	0.1805
26pz04	3	45	1	1	1.0000	1.0000	-1.0000	NaN	3.1198	-2.0354	15.2235	914678.0298	914678.3320	0.0000	1.0000	0.5019
26pz04	3	45	1	1	2.0000	1.0000	1.0000	0.9914	NaN	NaN	NaN	914679.2897	914679.6437	1.0000	1.0000	0.2289
26pz04	3	46	1	1	1.0000	1.0000	1.0000	NaN	10.3212	9.5730	15.4503	914681.6971	914681.9992	1.0000	1.0000	0.2269
26pz04	3	46	1	1	2.0000	1.0000	1.0000	0.6889	NaN	NaN	NaN	914682.7935	914683.1478	1.0000	1.0000	0.1008
26pz04	3	47	1	1	1.0000	1.0000	-1.0000	NaN	0.7101	-1.8882	14.6690	914685.5643	914685.8665	0.0000	1.0000	0.4715
26pz04	3	47	1	1	2.0000	1.0000	1.0000	0.2087	NaN	NaN	NaN	914686.9056	914687.2599	1.0000	1.0000	0.2776
26pz04	3	48	1	1	1.0000	1.0000	-1.0000	NaN	3.0986	-1.8121	14.5140	914690.0520	914690.3541	0.0000	1.0000	0.3988
26pz04	3	48	1	1	2.0000	1.0000	1.0000	0.3688	NaN	NaN	NaN	914691.2893	914691.6431	1.0000	1.0000	0.0708
26pz04	3	49	1	1	1.0000	1.0000	-1.0000	NaN	6.7466	-7.9059	15.2644	914694.1862	914694.4884	0.0000	1.0000	0.2973
26pz04	3	49	1	1	2.0000	1.0000	1.0000	0.6320	NaN	NaN	NaN	914695.3051	914695.6597	1.0000	1.0000	0.0007
26pz04	3	50	1	1	1.0000	1.0000	-1.0000	NaN	4.2964	-4.6440	15.4235	914698.2888	914698.5926	0.0000	1.0000	0.4799
26pz04	3	50	1	1	2.0000	1.0000	1.0000	0.2860	NaN	NaN	NaN	914699.6120	914700.0202	1.0000	1.0000	0.0775
26pz04	4	1	1	1	1.0000	1.0000	-1.0000	NaN	1.5729	-2.5399	14.9580	914710.2486	914710.5534	0.0000	1.0000	0.4883
26pz04	4	1	1	1	2.0000	1.0000	1.0000	0.9034	NaN	NaN	NaN	914711.5995	914712.0215	1.0000	1.0000	0.0005
26pz04	4	2	1	1	1.0000	1.0000	-1.0000	NaN	4.2277	-3.8691	15.3424	914714.2689	914714.5737	0.0000	1.0000	0.3068
26pz04	4	2	1	1	2.0000	1.0000	1.0000	0.3816	NaN	NaN	NaN	914715.4204	914715.8374	1.0000	1.0000	0.0523
26pz04	4	3	1	1	1.0000	1.0000	1.0000	NaN	1.5310	2.4593	16.0621	914717.9046	914718.2097	0.0000	0.0000	0.6549
26pz04	4	3	1	1	2.0000	1.0000	-1.0000	0.5832	NaN	NaN	NaN	914719.3729	914719.7873	0.0000	1.0000	0.4377
26pz04	4	4	1	1	1.0000	1.0000	1.0000	NaN	5.2992	3.2225	15.7375	914722.6943	914722.9986	1.0000	1.0000	0.5059
26pz04	4	4	1	1	2.0000	1.0000	1.0000	0.3309	NaN	NaN	NaN	914724.0606	914724.4820	1.0000	1.0000	0.0145
26pz04	4	5	1	1	1.0000	1.0000	-1.0000	NaN	0.1181	-1.7724	15.3621	914726.7373	914727.0421	1.0000	0.0000	0.8951
26pz04	4	5	1	1	2.0000	1.0000	-1.0000	0.7697	NaN	NaN	NaN	914728.4930	914728.9030	0.0000	1.0000	0.1701
26pz04	4	6	1	1	1.0000	1.0000	-1.0000	NaN	2.6272	-3.6614	14.2186	914731.6906	914731.9972	0.0000	1.0000	0.3245
26pz04	4	6	1	1	2.0000	1.0000	1.0000	0.8665	NaN	NaN	NaN	914732.8600	914733.2695	1.0000	1.0000	0.2031
26pz04	4	7	1	1	1.0000	1.0000	-1.0000	NaN	6.8686	-8.4372	15.1311	914735.6693	914735.9733	0.0000	1.0000	0.3006
26pz04	4	7	1	1	2.0000	1.0000	1.0000	0.8520	NaN	NaN	NaN	914736.8153	914737.2364	1.0000	1.0000	0.0281
26pz04	4	8	1	1	1.0000	1.0000	1.0000	NaN	3.1987	1.3284	15.1226	914739.7650	914740.0690	0.0000	0.0000	0.5555
26pz04	4	8	1	1	2.0000	1.0000	-1.0000	0.7974	NaN	NaN	NaN	914741.1677	914741.5861	0.0000	1.0000	0.1596
26pz04	4	9	1	1	1.0000	1.0000	1.0000	NaN	0.5926	2.1938	15.0278	914743.8867	914744.1911	1.0000	1.0000	0.3225
26pz04	4	9	1	1	2.0000	1.0000	1.0000	0.9932	NaN	NaN	NaN	914745.1017	914745.5196	1.0000	1.0000	0.0006
26pz04	4	10	1	1	1.0000	1.0000	1.0000	NaN	3.5586	2.8909	15.0032	914747.7652	914748.0693	1.0000	1.0000	0.8925
26pz04	4	10	1	1	2.0000	1.0000	1.0000	0.8189	NaN	NaN	NaN	914749.5020	914749.8903	1.0000	1.0000	0.0319
26pz04	4	11	1	1	1.0000	1.0000	1.0000	NaN	10.0821	10.3624	17.0855	914752.4189	914752.7226	1.0000	1.0000	0.3019
26pz04	4	11	1	1	2.0000	1.0000	1.0000	0.6962	NaN	NaN	NaN	914753.5343	914753.9330	1.0000	1.0000	0.0005
26pz04	4	12	1	1	1.0000	1.0000	1.0000	NaN	9.7551	10.6071	15.2556	914756.1466	914756.4488	1.0000	1.0000	0.2717
26pz04	4	12	1	1	2.0000	1.0000	1.0000	0.3629	NaN	NaN	NaN	914757.2579	914757.6119	1.0000	1.0000	0.0858
26pz04	4	13	1	1	1.0000	1.0000	1.0000	NaN	10.0770	11.3949	14.9799	914760.0859	914760.3881	1.0000	1.0000	0.3164
26pz04	4	13	1	1	2.0000	1.0000	1.0000	0.7991	NaN	NaN	NaN	914761.2258	914761.5785	1.0000	1.0000	0.0860
26pz04	4	14	1	1	1.0000	1.0000	-1.0000	NaN	9.9401	-9.5945	15.1288	914763.6895	914763.9926	0.0000	1.0000	0.3604
26pz04	4	14	1	1	2.0000	1.0000	1.0000	0.2534	NaN	NaN	NaN	914764.8737	914765.2271	1.0000	1.0000	0.0006
26pz04	4	15	1	1	1.0000	1.0000	1.0000	NaN	10.1983	10.3756	15.8505	914767.7160	914768.0181	1.0000	1.0000	0.3028
26pz04	4	15	1	1	2.0000	1.0000	1.0000	0.1454	NaN	NaN	NaN	914768.8417	914769.1947	1.0000	1.0000	0.0006
26pz04	4	16	1	1	1.0000	1.0000	-1.0000	NaN	3.2814	-2.5201	14.5832	914771.7323	914772.0345	0.0000	1.0000	1.0709
26pz04	4	16	1	1	2.0000	1.0000	1.0000	0.8544	NaN	NaN	NaN	914773.6257	914773.9778	1.0000	1.0000	0.2319
26pz04	4	17	1	1	1.0000	1.0000	1.0000	NaN	9.1996	10.3442	13.9681	914776.2827	914776.5850	1.0000	1.0000	0.5035
26pz04	4	17	1	1	2.0000	1.0000	1.0000	0.2294	NaN	NaN	NaN	914777.6418	914777.9943	1.0000	1.0000	0.2153
26pz04	4	18	1	1	1.0000	1.0000	1.0000	NaN	4.4812	5.1489	13.3262	914780.2988	914780.6010	1.0000	1.0000	0.3127
26pz04	4	18	1	1	2.0000	1.0000	1.0000	0.6933	NaN	NaN	NaN	914781.4493	914781.8055	1.0000	1.0000	0.2275
26pz04	4	19	1	1	1.0000	1.0000	-1.0000	NaN	1.4483	-4.2400	14.5944	914783.9812	914784.2834	0.0000	1.0000	0.4371
26pz04	4	19	1	1	2.0000	1.0000	1.0000	0.8447	NaN	NaN	NaN	914785.2577	914785.6106	1.0000	1.0000	0.0391
26pz04	4	20	1	1	1.0000	1.0000	-1.0000	NaN	8.6251	-7.7614	14.9372	914787.7736	914788.0758	0.0000	1.0000	0.3887
26pz04	4	20	1	1	2.0000	1.0000	1.0000	0.8713	NaN	NaN	NaN	914789.0018	914789.3548	1.0000	1.0000	0.0068
26pz04	4	21	1	1	1.0000	1.0000	-1.0000	NaN	8.3012	-7.6573	13.9906	914791.9089	914792.2112	0.0000	1.0000	0.3659
26pz04	4	21	1	1	2.0000	1.0000	1.0000	0.7726	NaN	NaN	NaN	914793.1138	914793.4650	1.0000	1.0000	0.0245
26pz04	4	22	1	1	1.0000	1.0000	1.0000	NaN	5.5849	7.4130	14.9722	914795.6131	914795.9153	1.0000	1.0000	0.2945
26pz04	4	22	1	1	2.0000	1.0000	1.0000	0.5390	NaN	NaN	NaN	914796.7619	914797.1118	1.0000	1.0000	0.0005
26pz04	4	23	1	1	1.0000	1.0000	-1.0000	NaN	2.7842	-1.3062	14.1737	914798.9296	914799.2318	0.0000	1.0000	1.6338
26pz04	4	23	1	1	2.0000	1.0000	1.0000	0.8034	NaN	NaN	NaN	914801.3877	914801.7984	1.0000	1.0000	0.1713
26pz04	4	24	1	1	1.0000	1.0000	1.0000	NaN	7.4940	8.5779	14.0363	914803.7834	914804.0871	1.0000	1.0000	0.4419
26pz04	4	24	1	1	2.0000	1.0000	1.0000	0.2170	NaN	NaN	NaN	914805.0679	914805.4819	1.0000	1.0000	0.1198
26pz04	4	25	1	1	1.0000	1.0000	-1.0000	NaN	3.8557	-5.8383	15.3543	914807.7963	914808.1001	0.0000	1.0000	0.3016
26pz04	4	25	1	1	2.0000	1.0000	1.0000	0.9402	NaN	NaN	NaN	914808.9417	914809.3667	1.0000	1.0000	0.0007
26pz04	4	26	1	1	1.0000	1.0000	-1.0000	NaN	6.2365	-7.2745	14.8350	914811.3640	914811.6689	0.0000	1.0000	0.3796
26pz04	4	26	1	1	2.0000	1.0000	1.0000	0.4832	NaN	NaN	NaN	914812.5727	914812.9999	1.0000	1.0000	0.0005
26pz04	4	27	1	1	1.0000	1.0000	1.0000	NaN	2.0530	1.9290	15.0977	914815.0708	914815.3766	1.0000	1.0000	0.4318
26pz04	4	27	1	1	2.0000	1.0000	1.0000	0.3509	NaN	NaN	NaN	914816.3984	914816.7923	1.0000	1.0000	0.2014
26pz04	4	28	1	1	1.0000	1.0000	1.0000	NaN	2.9003	0.7764	15.2958	914819.1646	914819.4668	0.0000	0.0000	0.9496
26pz04	4	28	1	1	2.0000	1.0000	-1.0000	0.5146	NaN	NaN	NaN	914820.9699	914821.3242	0.0000	1.0000	0.1654
26pz04	4	29	1	1	1.0000	1.0000	1.0000	NaN	4.9390	3.1381	14.6206	914823.9297	914824.2320	1.0000	1.0000	0.2337
26pz04	4	29	1	1	2.0000	1.0000	1.0000	0.3017	NaN	NaN	NaN	914825.0172	914825.3740	1.0000	1.0000	0.0677
26pz04	4	30	1	1	1.0000	1.0000	-1.0000	NaN	10.2733	-11.1917	15.0104	914827.6136	914827.9157	0.0000	1.0000	0.2931
26pz04	4	30	1	1	2.0000	1.0000	1.0000	0.9551	NaN	NaN	NaN	914828.7452	914829.0964	1.0000	1.0000	0.1684
26pz04	4	31	1	1	1.0000	1.0000	-1.0000	NaN	5.7330	-6.5655	14.5710	914831.1811	914831.4832	0.0000	1.0000	0.3732
26pz04	4	31	1	1	2.0000	1.0000	1.0000	0.6063	NaN	NaN	NaN	914832.3459	914832.7029	1.0000	1.0000	0.0016
26pz04	4	32	1	1	1.0000	1.0000	-1.0000	NaN	2.9359	-2.0484	15.9969	914835.0944	914835.3966	0.0000	1.0000	0.4599
26pz04	4	32	1	1	2.0000	1.0000	1.0000	0.3185	NaN	NaN	NaN	914836.4264	914836.7765	1.0000	1.0000	0.3759
26pz04	4	33	1	1	1.0000	1.0000	1.0000	NaN	0.7656	0.1040	15.5002	914839.6083	914839.9104	0.0000	0.0000	0.5873
26pz04	4	33	1	1	2.0000	1.0000	-1.0000	0.7082	NaN	NaN	NaN	914841.0333	914841.3898	0.0000	1.0000	0.3711
26pz04	4	34	1	1	1.0000	1.0000	1.0000	NaN	0.7883	0.4852	14.5605	914843.9022	914844.2085	1.0000	1.0000	0.5126
26pz04	4	34	1	1	2.0000	1.0000	1.0000	0.9286	NaN	NaN	NaN	914845.2949	914845.7142	1.0000	1.0000	0.0314
26pz04	4	35	1	1	1.0000	1.0000	1.0000	NaN	1.7338	0.4043	15.3004	914848.0113	914848.3158	0.0000	0.0000	0.4378
26pz04	4	35	1	1	2.0000	1.0000	-1.0000	0.8744	NaN	NaN	NaN	914849.2947	914849.7141	0.0000	1.0000	0.2863
26pz04	4	36	1	1	1.0000	1.0000	1.0000	NaN	2.5767	3.2095	15.6607	914852.1087	914852.4132	1.0000	1.0000	0.5152
26pz04	4	36	1	1	2.0000	1.0000	1.0000	0.8556	NaN	NaN	NaN	914853.4842	914853.8972	1.0000	1.0000	0.0005
26pz04	4	37	1	1	1.0000	1.0000	-1.0000	NaN	10.3888	-9.0679	15.3004	914856.2224	914856.5245	0.0000	1.0000	0.3398
26pz04	4	37	1	1	2.0000	1.0000	1.0000	0.1297	NaN	NaN	NaN	914857.4012	914857.7557	1.0000	1.0000	0.1498
26pz04	4	38	1	1	1.0000	1.0000	1.0000	NaN	0.4906	0.6900	14.8438	914860.2544	914860.5566	1.0000	1.0000	0.4050
26pz04	4	38	1	1	2.0000	1.0000	1.0000	0.2422	NaN	NaN	NaN	914861.5293	914861.8848	1.0000	1.0000	0.1810
26pz04	4	39	1	1	1.0000	1.0000	1.0000	NaN	1.4361	3.0213	15.1668	914864.1183	914864.4208	1.0000	1.0000	0.3156
26pz04	4	39	1	1	2.0000	1.0000	1.0000	0.3322	NaN	NaN	NaN	914865.2745	914865.6251	1.0000	1.0000	0.0234
26pz04	4	40	1	1	1.0000	1.0000	1.0000	NaN	1.9040	2.3212	16.4527	914867.9579	914868.2601	1.0000	1.0000	0.5089
26pz04	4	40	1	1	2.0000	1.0000	1.0000	0.2266	NaN	NaN	NaN	914869.3070	914869.6583	1.0000	1.0000	0.0061
26pz04	4	41	1	1	1.0000	1.0000	1.0000	NaN	1.3897	0.4126	16.0110	914871.7289	914872.0312	0.0000	0.0000	0.6744
26pz04	4	41	1	1	2.0000	1.0000	-1.0000	0.3364	NaN	NaN	NaN	914873.2093	914873.5603	1.0000	0.0000	0.1684
26pz04	4	42	1	1	1.0000	1.0000	-1.0000	NaN	7.9637	-7.6256	14.2468	914875.9788	914876.2811	0.0000	1.0000	0.5040
26pz04	4	42	1	1	2.0000	1.0000	1.0000	0.0474	NaN	NaN	NaN	914877.3224	914877.6726	1.0000	1.0000	0.5838
26pz04	4	43	1	1	1.0000	1.0000	1.0000	NaN	3.1778	1.7676	14.8401	914880.2803	914880.5825	1.0000	1.0000	0.3305
26pz04	4	43	1	1	2.0000	1.0000	1.0000	0.7955	NaN	NaN	NaN	914881.4179	914881.7709	1.0000	1.0000	0.1494
26pz04	4	44	1	1	1.0000	1.0000	-1.0000	NaN	2.2248	-3.8160	14.3865	914884.2220	914884.5242	0.0000	1.0000	0.4208
26pz04	4	44	1	1	2.0000	1.0000	1.0000	0.3578	NaN	NaN	NaN	914885.4816	914885.8377	1.0000	1.0000	0.3074
26pz04	4	45	1	1	1.0000	1.0000	-1.0000	NaN	4.0211	-4.0390	16.0555	914888.1086	914888.4107	0.0000	1.0000	1.0150
26pz04	4	45	1	1	2.0000	1.0000	1.0000	0.7518	NaN	NaN	NaN	914889.9606	914890.3166	1.0000	1.0000	0.0837
26pz04	4	46	1	1	1.0000	1.0000	1.0000	NaN	2.9792	3.4245	14.7283	914892.4979	914892.8003	1.0000	1.0000	0.3051
26pz04	4	46	1	1	2.0000	1.0000	1.0000	0.2777	NaN	NaN	NaN	914893.6439	914894.0595	1.0000	1.0000	0.1648
26pz04	4	47	1	1	1.0000	1.0000	1.0000	NaN	4.6990	4.6483	14.9294	914896.5644	914896.8710	1.0000	1.0000	0.4904
26pz04	4	47	1	1	2.0000	1.0000	1.0000	0.2567	NaN	NaN	NaN	914897.8518	914898.2603	1.0000	1.0000	0.1721
26pz04	4	48	1	1	1.0000	1.0000	1.0000	NaN	8.9848	9.5727	15.8795	914900.4739	914900.7777	1.0000	1.0000	0.3919
26pz04	4	48	1	1	2.0000	1.0000	1.0000	0.3248	NaN	NaN	NaN	914901.6777	914902.1119	1.0000	1.0000	0.1455
26pz04	4	49	1	1	1.0000	1.0000	-1.0000	NaN	6.4120	-6.5617	15.2083	914904.4584	914904.7632	0.0000	1.0000	0.3098
26pz04	4	49	1	1	2.0000	1.0000	1.0000	0.7435	NaN	NaN	NaN	914905.5966	914906.0239	1.0000	1.0000	0.0256
26pz04	4	50	1	1	1.0000	1.0000	-1.0000	NaN	2.1179	-1.5712	15.1512	914908.3247	914908.6292	0.0000	1.0000	0.8272
26pz04	4	50	1	1	2.0000	1.0000	1.0000	0.2749	NaN	NaN	NaN	914909.9643	914910.3777	1.0000	1.0000	0.1363
26pz04	5	1	1	1	1.0000	1.0000	-1.0000	NaN	5.9385	-5.0868	14.2780	914923.1454	914923.4522	0.0000	1.0000	0.2761
26pz04	5	1	1	1	2.0000	1.0000	1.0000	0.9565	NaN	NaN	NaN	914924.2695	914924.6886	1.0000	1.0000	0.1277
26pz04	5	2	1	1	1.0000	1.0000	-1.0000	NaN	1.5564	-2.9282	14.5404	914926.8572	914927.1618	0.0000	1.0000	0.2625
26pz04	5	2	1	1	2.0000	1.0000	1.0000	0.3622	NaN	NaN	NaN	914927.9487	914928.3367	1.0000	1.0000	0.0162
26pz04	5	3	1	1	1.0000	1.0000	-1.0000	NaN	7.4837	-7.2583	15.9607	914930.7917	914931.0940	0.0000	1.0000	0.3464
26pz04	5	3	1	1	2.0000	1.0000	1.0000	0.3037	NaN	NaN	NaN	914931.9774	914932.3310	1.0000	1.0000	0.0065
26pz04	5	4	1	1	1.0000	1.0000	1.0000	NaN	10.4504	13.2209	14.0290	914934.4604	914934.7626	1.0000	1.0000	0.2950
26pz04	5	4	1	1	2.0000	1.0000	1.0000	0.0207	NaN	NaN	NaN	914935.5935	914935.9472	1.0000	1.0000	0.0380
26pz04	5	5	1	1	1.0000	1.0000	-1.0000	NaN	7.4546	-7.2364	15.4477	914938.1764	914938.4786	0.0000	1.0000	0.6423
26pz04	5	5	1	1	2.0000	1.0000	1.0000	0.8506	NaN	NaN	NaN	914939.6601	914940.0759	1.0000	1.0000	0.5168
26pz04	5	6	1	1	1.0000	1.0000	1.0000	NaN	0.8947	0.3891	14.4972	914942.9373	914943.2396	0.0000	0.0000	0.3779
26pz04	5	6	1	1	2.0000	1.0000	-1.0000	0.9560	NaN	NaN	NaN	914944.1377	914944.4876	0.0000	1.0000	0.2498
26pz04	5	7	1	1	1.0000	1.0000	1.0000	NaN	8.7009	9.5216	13.6725	914946.6944	914946.9966	1.0000	1.0000	0.2365
26pz04	5	7	1	1	2.0000	1.0000	1.0000	0.8120	NaN	NaN	NaN	914947.7707	914948.1208	1.0000	1.0000	0.1994
26pz04	5	8	1	1	1.0000	1.0000	1.0000	NaN	7.6570	8.2753	15.1462	914950.6846	914950.9868	1.0000	1.0000	0.2628
26pz04	5	8	1	1	2.0000	1.0000	1.0000	0.4605	NaN	NaN	NaN	914951.7871	914952.1374	1.0000	1.0000	0.0869
26pz04	5	9	1	1	1.0000	1.0000	-1.0000	NaN	8.8776	-10.0674	16.3364	914954.3068	914954.6090	0.0000	1.0000	0.3513
26pz04	5	9	1	1	2.0000	1.0000	1.0000	0.9021	NaN	NaN	NaN	914955.4331	914955.7853	1.0000	1.0000	0.0070
26pz04	5	10	1	1	1.0000	1.0000	1.0000	NaN	0.8300	4.1765	13.1277	914957.7403	914958.0424	1.0000	1.0000	0.3592
26pz04	5	10	1	1	2.0000	1.0000	1.0000	0.9915	NaN	NaN	NaN	914958.9703	914959.3202	1.0000	1.0000	0.0005
26pz04	5	11	1	1	1.0000	1.0000	1.0000	NaN	6.2078	7.0825	15.1536	914961.5860	914961.8881	1.0000	1.0000	0.1921
26pz04	5	11	1	1	2.0000	1.0000	1.0000	0.7074	NaN	NaN	NaN	914962.6186	914962.9703	1.0000	1.0000	0.0005
26pz04	5	12	1	1	1.0000	1.0000	1.0000	NaN	3.7933	3.5237	13.2313	914964.9947	914965.2976	1.0000	1.0000	0.1599
26pz04	5	12	1	1	2.0000	1.0000	1.0000	0.3471	NaN	NaN	NaN	914966.0096	914966.3627	1.0000	1.0000	0.1350
26pz04	5	13	1	1	1.0000	1.0000	-1.0000	NaN	9.0176	-7.9419	16.6018	914969.1373	914969.4396	0.0000	1.0000	0.2900
26pz04	5	13	1	1	2.0000	1.0000	1.0000	0.2494	NaN	NaN	NaN	914970.2807	914970.6346	1.0000	1.0000	0.0856
26pz04	5	14	1	1	1.0000	1.0000	-1.0000	NaN	7.1878	-5.4485	14.2886	914973.2203	914973.5225	0.0000	1.0000	0.2548
26pz04	5	14	1	1	2.0000	1.0000	1.0000	0.3905	NaN	NaN	NaN	914974.3295	914974.6830	1.0000	1.0000	0.0006
26pz04	5	15	1	1	1.0000	1.0000	1.0000	NaN	1.6623	1.3208	15.8729	914976.8387	914977.1410	0.0000	0.0000	0.3953
26pz04	5	15	1	1	2.0000	1.0000	-1.0000	0.1705	NaN	NaN	NaN	914978.0738	914978.4287	1.0000	0.0000	0.5647
26pz04	5	16	1	1	1.0000	1.0000	1.0000	NaN	8.1593	8.0724	17.6971	914981.4575	914981.7596	1.0000	1.0000	0.1931
26pz04	5	16	1	1	2.0000	1.0000	1.0000	0.2349	NaN	NaN	NaN	914982.4731	914982.8285	1.0000	1.0000	0.0851
26pz04	5	17	1	1	1.0000	1.0000	1.0000	NaN	6.9767	8.2828	14.9763	914985.3540	914985.6583	1.0000	1.0000	0.3112
26pz04	5	17	1	1	2.0000	1.0000	1.0000	0.1409	NaN	NaN	NaN	914986.5240	914986.9400	1.0000	1.0000	0.0691
26pz04	5	18	1	1	1.0000	1.0000	1.0000	NaN	6.7599	6.1645	16.6641	914989.5531	914989.8579	1.0000	1.0000	0.3663
26pz04	5	18	1	1	2.0000	1.0000	1.0000	0.6459	NaN	NaN	NaN	914990.7335	914991.1575	1.0000	1.0000	0.0439
26pz04	5	19	1	1	1.0000	1.0000	-1.0000	NaN	1.9802	-0.8303	14.3132	914993.2362	914993.5407	0.0000	1.0000	0.3488
26pz04	5	19	1	1	2.0000	1.0000	1.0000	0.8746	NaN	NaN	NaN	914994.4127	914994.8234	1.0000	1.0000	0.0728
26pz04	5	20	1	1	1.0000	1.0000	1.0000	NaN	0.0141	0.1789	15.0707	914996.8392	914997.1436	1.0000	1.0000	0.3459
26pz04	5	20	1	1	2.0000	1.0000	1.0000	0.1856	NaN	NaN	NaN	914997.9966	914998.4061	1.0000	1.0000	0.0005
26pz04	5	21	1	1	1.0000	1.0000	1.0000	NaN	9.1215	8.2365	15.2465	915000.8660	915001.1702	1.0000	1.0000	0.2873
26pz04	5	21	1	1	2.0000	1.0000	1.0000	0.6966	NaN	NaN	NaN	915001.9796	915002.3893	1.0000	1.0000	0.0122
26pz04	5	22	1	1	1.0000	1.0000	-1.0000	NaN	4.0388	-4.2923	13.7700	915004.5511	915004.8553	0.0000	1.0000	0.5543
26pz04	5	22	1	1	2.0000	1.0000	1.0000	0.4874	NaN	NaN	NaN	915005.9338	915006.3430	1.0000	1.0000	0.0733
26pz04	5	23	1	1	1.0000	1.0000	1.0000	NaN	1.8729	3.2956	14.9311	915008.6734	915008.9778	0.0000	0.0000	0.5752
26pz04	5	23	1	1	2.0000	1.0000	-1.0000	0.3026	NaN	NaN	NaN	915010.0593	915010.4722	0.0000	1.0000	0.4571
26pz04	5	24	1	1	1.0000	1.0000	-1.0000	NaN	7.8630	-6.5360	15.3385	915013.3027	915013.6069	0.0000	1.0000	0.2814
26pz04	5	24	1	1	2.0000	1.0000	1.0000	0.4062	NaN	NaN	NaN	915014.4431	915014.8323	1.0000	1.0000	0.0330
26pz04	5	25	1	1	1.0000	1.0000	1.0000	NaN	7.7486	7.4235	16.7543	915016.9937	915017.2965	1.0000	1.0000	0.2717
26pz04	5	25	1	1	2.0000	1.0000	1.0000	0.0021	NaN	NaN	NaN	915018.0894	915018.4433	1.0000	1.0000	0.1498
26pz04	5	26	1	1	1.0000	1.0000	1.0000	NaN	7.4900	5.9463	16.6086	915020.9924	915021.2959	1.0000	1.0000	0.2892
26pz04	5	26	1	1	2.0000	1.0000	1.0000	0.1514	NaN	NaN	NaN	915022.1211	915022.4767	1.0000	1.0000	0.1475
26pz04	5	27	1	1	1.0000	1.0000	1.0000	NaN	3.5556	4.6649	15.3532	915024.6642	915024.9664	0.0000	0.0000	0.5077
26pz04	5	27	1	1	2.0000	1.0000	-1.0000	0.4156	NaN	NaN	NaN	915026.0095	915026.3639	0.0000	1.0000	0.2763
26pz04	5	28	1	1	1.0000	1.0000	-1.0000	NaN	8.0404	-7.2943	14.6324	915028.5244	915028.8268	0.0000	1.0000	0.2613
26pz04	5	28	1	1	2.0000	1.0000	1.0000	0.2854	NaN	NaN	NaN	915029.5772	915029.9316	1.0000	1.0000	0.0532
26pz04	5	29	1	1	1.0000	1.0000	1.0000	NaN	4.1092	4.3963	14.4431	915032.4679	915032.7721	1.0000	1.0000	2.2047
26pz04	5	29	1	1	2.0000	1.0000	1.0000	0.2526	NaN	NaN	NaN	915035.5181	915035.9381	1.0000	1.0000	0.3506
26pz04	5	30	1	1	1.0000	1.0000	1.0000	NaN	2.3193	1.2022	14.7109	915038.3024	915038.6069	1.0000	1.0000	0.5784
26pz04	5	30	1	1	2.0000	1.0000	1.0000	0.8605	NaN	NaN	NaN	915039.7082	915040.1212	1.0000	1.0000	0.3123
26pz04	5	31	1	1	1.0000	1.0000	1.0000	NaN	1.3748	2.0022	14.8289	915042.4008	915042.7052	1.0000	1.0000	0.2714
26pz04	5	31	1	1	2.0000	1.0000	1.0000	0.9279	NaN	NaN	NaN	915043.5036	915043.9209	1.0000	1.0000	0.0645
26pz04	5	32	1	1	1.0000	1.0000	1.0000	NaN	9.9527	9.9943	14.2309	915046.4083	915046.7116	1.0000	1.0000	0.3131
26pz04	5	32	1	1	2.0000	1.0000	1.0000	0.5060	NaN	NaN	NaN	915047.5299	915047.8807	1.0000	1.0000	0.0246
26pz04	5	33	1	1	1.0000	1.0000	-1.0000	NaN	2.2111	-2.3654	15.0738	915050.0711	915050.3733	1.0000	0.0000	0.5883
26pz04	5	33	1	1	2.0000	1.0000	-1.0000	0.3423	NaN	NaN	NaN	915051.4823	915051.8353	0.0000	1.0000	0.7249
26pz04	5	34	1	1	1.0000	1.0000	-1.0000	NaN	9.9418	-11.5307	15.6629	915054.5099	915054.8121	0.0000	1.0000	0.2926
26pz04	5	34	1	1	2.0000	1.0000	1.0000	0.9438	NaN	NaN	NaN	915055.5934	915055.9470	1.0000	1.0000	0.1983
26pz04	5	35	1	1	1.0000	1.0000	1.0000	NaN	3.5609	6.1750	13.8500	915058.2175	915058.5197	0.0000	0.0000	0.6327
26pz04	5	35	1	1	2.0000	1.0000	-1.0000	0.0857	NaN	NaN	NaN	915059.6895	915060.0457	1.0000	0.0000	0.1476
26pz04	5	36	1	1	1.0000	1.0000	-1.0000	NaN	10.0404	-11.7645	14.3929	915062.1840	915062.4862	0.0000	1.0000	0.2985
26pz04	5	36	1	1	2.0000	1.0000	1.0000	0.3052	NaN	NaN	NaN	915063.3206	915063.6744	1.0000	1.0000	0.2943
26pz04	5	37	1	1	1.0000	1.0000	1.0000	NaN	8.7489	7.7051	14.4188	915066.4278	915066.7299	1.0000	1.0000	0.3909
26pz04	5	37	1	1	2.0000	1.0000	1.0000	0.7401	NaN	NaN	NaN	915067.6571	915068.0121	1.0000	1.0000	0.5800
26pz04	5	38	1	1	1.0000	1.0000	1.0000	NaN	4.4550	4.9951	13.7697	915070.9835	915071.2857	0.0000	0.0000	0.7149
26pz04	5	38	1	1	2.0000	1.0000	-1.0000	0.7864	NaN	NaN	NaN	915072.5215	915072.8782	0.0000	1.0000	0.2901
26pz04	5	39	1	1	1.0000	1.0000	-1.0000	NaN	7.3340	-9.1461	15.3271	915075.4671	915075.7693	0.0000	1.0000	0.3108
26pz04	5	39	1	1	2.0000	1.0000	1.0000	0.3181	NaN	NaN	NaN	915076.6173	915076.9739	1.0000	1.0000	0.1792
26pz04	5	40	1	1	1.0000	1.0000	-1.0000	NaN	9.7452	-9.9014	15.5026	915079.2756	915079.5778	0.0000	1.0000	0.3423
26pz04	5	40	1	1	2.0000	1.0000	1.0000	0.5504	NaN	NaN	NaN	915080.4450	915080.8644	1.0000	1.0000	0.2077
26pz04	5	41	1	1	1.0000	1.0000	-1.0000	NaN	5.9102	-4.7445	14.4294	915083.6484	915083.9532	0.0000	1.0000	0.3999
26pz04	5	41	1	1	2.0000	1.0000	1.0000	0.9161	NaN	NaN	NaN	915084.8768	915085.3027	1.0000	1.0000	0.1227
26pz04	5	42	1	1	1.0000	1.0000	1.0000	NaN	6.6833	4.4026	15.9816	915087.7111	915088.0159	1.0000	1.0000	0.3373
26pz04	5	42	1	1	2.0000	1.0000	1.0000	0.9313	NaN	NaN	NaN	915088.8931	915089.3192	1.0000	1.0000	0.1537
26pz04	5	43	1	1	1.0000	1.0000	1.0000	NaN	6.0660	6.1429	13.0935	915092.0935	915092.3984	1.0000	1.0000	0.3537
26pz04	5	43	1	1	2.0000	1.0000	1.0000	0.1761	NaN	NaN	NaN	915093.2613	915093.6800	1.0000	1.0000	0.2093
26pz04	5	44	1	1	1.0000	1.0000	1.0000	NaN	5.3415	5.8111	15.8055	915096.2457	915096.5501	1.0000	1.0000	0.2980
26pz04	5	44	1	1	2.0000	1.0000	1.0000	0.4605	NaN	NaN	NaN	915097.3724	915097.7850	1.0000	1.0000	0.2641
26pz04	5	45	1	1	1.0000	1.0000	1.0000	NaN	5.7827	5.0446	14.0810	915100.2753	915100.5797	1.0000	1.0000	0.3816
26pz04	5	45	1	1	2.0000	1.0000	1.0000	0.9209	NaN	NaN	NaN	915101.5007	915101.8893	1.0000	1.0000	0.2556
26pz04	5	46	1	1	1.0000	1.0000	-1.0000	NaN	8.3018	-5.9197	15.4208	915104.2018	915104.5040	0.0000	1.0000	0.3452
26pz04	5	46	1	1	2.0000	1.0000	1.0000	0.6924	NaN	NaN	NaN	915105.4174	915105.7723	1.0000	1.0000	0.0372
26pz04	5	47	1	1	1.0000	1.0000	1.0000	NaN	2.7684	1.2382	15.6023	915108.4163	915108.7186	1.0000	1.0000	0.6593
26pz04	5	47	1	1	2.0000	1.0000	1.0000	0.9587	NaN	NaN	NaN	915109.9130	915110.2656	1.0000	1.0000	0.2949
26pz04	5	48	1	1	1.0000	1.0000	1.0000	NaN	5.2898	4.5150	15.4324	915112.9274	915113.2296	1.0000	1.0000	0.3225
26pz04	5	48	1	1	2.0000	1.0000	1.0000	0.4385	NaN	NaN	NaN	915114.0889	915114.4426	1.0000	1.0000	0.0221
26pz04	5	49	1	1	1.0000	1.0000	1.0000	NaN	7.5278	7.1409	13.5386	915116.7709	915117.0742	1.0000	1.0000	0.3030
26pz04	5	49	1	1	2.0000	1.0000	1.0000	0.2216	NaN	NaN	NaN	915117.8973	915118.2483	1.0000	1.0000	0.0243
26pz04	5	50	1	1	1.0000	1.0000	-1.0000	NaN	5.0979	-5.2230	14.6551	915120.8960	915121.1982	0.0000	1.0000	0.3233
26pz04	5	50	1	1	2.0000	1.0000	1.0000	0.8269	NaN	NaN	NaN	915122.0573	915122.4103	1.0000	1.0000	0.0071
26pz04	6	1	1	1	1.0000	1.0000	-1.0000	NaN	10.3429	-9.4373	13.5629	915127.6137	915127.9181	0.0000	1.0000	0.4833
26pz04	6	1	1	1	2.0000	1.0000	1.0000	0.0734	NaN	NaN	NaN	915128.9082	915129.3287	1.0000	1.0000	0.0006
26pz04	6	2	1	1	1.0000	1.0000	-1.0000	NaN	4.5281	-4.2514	14.2353	915131.4819	915131.7864	0.0000	1.0000	0.2787
26pz04	6	2	1	1	2.0000	1.0000	1.0000	0.3840	NaN	NaN	NaN	915132.6043	915133.0294	1.0000	1.0000	0.0006
26pz04	6	3	1	1	1.0000	1.0000	1.0000	NaN	10.3579	9.0849	13.5475	915135.0685	915135.3758	1.0000	1.0000	0.4003
26pz04	6	3	1	1	2.0000	1.0000	1.0000	0.7456	NaN	NaN	NaN	915136.2998	915136.7168	1.0000	1.0000	0.0367
26pz04	6	4	1	1	1.0000	1.0000	1.0000	NaN	4.8917	4.8848	12.8941	915139.0192	915139.3265	1.0000	1.0000	0.2738
26pz04	6	4	1	1	2.0000	1.0000	1.0000	0.9792	NaN	NaN	NaN	915140.1255	915140.5445	1.0000	1.0000	0.0006
26pz04	6	5	1	1	1.0000	1.0000	1.0000	NaN	8.3836	9.8290	15.0953	915142.4799	915142.7843	1.0000	1.0000	0.3998
26pz04	6	5	1	1	2.0000	1.0000	1.0000	0.0479	NaN	NaN	NaN	915143.7086	915144.0942	1.0000	1.0000	0.0006
26pz04	6	6	1	1	1.0000	1.0000	1.0000	NaN	0.5372	2.1525	14.6182	915146.2576	915146.5599	1.0000	1.0000	0.3362
26pz04	6	6	1	1	2.0000	1.0000	1.0000	0.3068	NaN	NaN	NaN	915147.4334	915147.7868	1.0000	1.0000	0.0007
26pz04	6	7	1	1	1.0000	1.0000	1.0000	NaN	2.5708	0.6203	15.5949	915149.8932	915150.1955	1.0000	1.0000	0.4135
26pz04	6	7	1	1	2.0000	1.0000	1.0000	0.0518	NaN	NaN	NaN	915151.1129	915151.4702	1.0000	1.0000	0.0007
26pz04	6	8	1	1	1.0000	1.0000	1.0000	NaN	2.1515	2.5495	13.9353	915153.7740	915154.0762	1.0000	1.0000	0.4049
26pz04	6	8	1	1	2.0000	1.0000	1.0000	0.3608	NaN	NaN	NaN	915155.0015	915155.3575	1.0000	1.0000	0.1158
26pz04	6	9	1	1	1.0000	1.0000	-1.0000	NaN	4.0659	-3.8752	15.3598	915157.5962	915157.8985	0.0000	1.0000	0.3736
26pz04	6	9	1	1	2.0000	1.0000	1.0000	0.4678	NaN	NaN	NaN	915158.8260	915159.1769	1.0000	1.0000	0.0071
26pz04	6	10	1	1	1.0000	1.0000	1.0000	NaN	5.1146	6.1662	15.6571	915161.5828	915161.8850	1.0000	1.0000	0.2921
26pz04	6	10	1	1	2.0000	1.0000	1.0000	0.5397	NaN	NaN	NaN	915162.6813	915163.0361	1.0000	1.0000	0.0999
26pz04	6	11	1	1	1.0000	1.0000	-1.0000	NaN	10.0475	-9.1430	14.3257	915165.3776	915165.6798	0.0000	1.0000	0.3374
26pz04	6	11	1	1	2.0000	1.0000	1.0000	0.5603	NaN	NaN	NaN	915166.5373	915166.8913	1.0000	1.0000	0.1007
26pz04	6	12	1	1	1.0000	1.0000	-1.0000	NaN	8.4833	-9.0269	16.2079	915168.9426	915169.2447	0.0000	1.0000	0.2757
26pz04	6	12	1	1	2.0000	1.0000	1.0000	0.0704	NaN	NaN	NaN	915170.0306	915170.4479	1.0000	1.0000	0.1121
26pz04	6	13	1	1	1.0000	1.0000	-1.0000	NaN	5.4605	-5.0747	15.6818	915172.6443	915172.9488	0.0000	1.0000	0.2685
26pz04	6	13	1	1	2.0000	1.0000	1.0000	0.4400	NaN	NaN	NaN	915173.7421	915174.1598	1.0000	1.0000	0.0007
26pz04	6	14	1	1	1.0000	1.0000	-1.0000	NaN	6.0831	-5.6112	14.7551	915176.2167	915176.5238	0.0000	1.0000	0.2289
26pz04	6	14	1	1	2.0000	1.0000	1.0000	0.1593	NaN	NaN	NaN	915177.2626	915177.6814	1.0000	1.0000	0.0006
26pz04	6	15	1	1	1.0000	1.0000	-1.0000	NaN	0.7917	-0.6371	13.8524	915179.9300	915180.2323	1.0000	0.0000	0.6802
26pz04	6	15	1	1	2.0000	1.0000	-1.0000	0.1665	NaN	NaN	NaN	915181.4810	915181.8351	0.0000	1.0000	1.2209
26pz04	6	16	1	1	1.0000	1.0000	-1.0000	NaN	7.8290	-6.3069	15.1147	915185.0892	915185.3914	0.0000	1.0000	0.3046
26pz04	6	16	1	1	2.0000	1.0000	1.0000	0.8792	NaN	NaN	NaN	915186.2329	915186.5890	1.0000	1.0000	0.0039
26pz04	6	17	1	1	1.0000	1.0000	1.0000	NaN	5.7421	7.5149	14.4712	915188.7248	915189.0270	1.0000	1.0000	0.1575
26pz04	6	17	1	1	2.0000	1.0000	1.0000	0.6948	NaN	NaN	NaN	915189.7058	915190.0569	1.0000	1.0000	0.2964
26pz04	6	18	1	1	1.0000	1.0000	-1.0000	NaN	10.3008	-11.1701	16.0255	915192.7097	915193.0118	0.0000	1.0000	0.2210
26pz04	6	18	1	1	2.0000	1.0000	1.0000	0.1800	NaN	NaN	NaN	915193.7689	915194.1234	1.0000	1.0000	0.0046
26pz04	6	19	1	1	1.0000	1.0000	-1.0000	NaN	2.5147	-3.2290	15.5573	915196.1176	915196.4208	0.0000	1.0000	0.2998
26pz04	6	19	1	1	2.0000	1.0000	1.0000	0.7381	NaN	NaN	NaN	915197.3060	915197.6565	1.0000	1.0000	0.0088
26pz04	6	20	1	1	1.0000	1.0000	-1.0000	NaN	4.4286	-3.2766	14.3981	915199.7042	915200.0065	0.0000	1.0000	0.5226
26pz04	6	20	1	1	2.0000	1.0000	1.0000	0.8167	NaN	NaN	NaN	915201.0814	915201.4384	1.0000	1.0000	0.3696
26pz04	6	21	1	1	1.0000	1.0000	-1.0000	NaN	0.8344	-0.6626	15.0531	915203.7069	915204.0090	1.0000	0.0000	0.8236
26pz04	6	21	1	1	2.0000	1.0000	-1.0000	0.8976	NaN	NaN	NaN	915205.3849	915205.7394	0.0000	1.0000	0.2126
26pz04	6	22	1	1	1.0000	1.0000	-1.0000	NaN	9.1080	-10.2056	14.5052	915207.7434	915208.0456	0.0000	1.0000	0.2584
26pz04	6	22	1	1	2.0000	1.0000	1.0000	0.9784	NaN	NaN	NaN	915208.8578	915209.2105	1.0000	1.0000	3.5895
26pz04	6	23	1	1	1.0000	1.0000	1.0000	NaN	8.2211	7.4769	16.0197	915214.8712	915215.1756	1.0000	1.0000	0.4083
26pz04	6	23	1	1	2.0000	1.0000	1.0000	0.6262	NaN	NaN	NaN	915216.1107	915216.5290	1.0000	1.0000	0.0006
26pz04	6	24	1	1	1.0000	1.0000	1.0000	NaN	2.8957	3.4093	13.8503	915219.0828	915219.3895	1.0000	1.0000	3.0911
26pz04	6	24	1	1	2.0000	1.0000	1.0000	0.3527	NaN	NaN	NaN	915223.0359	915223.4567	1.0000	1.0000	0.3353
26pz04	6	25	1	1	1.0000	1.0000	1.0000	NaN	3.7219	4.6311	14.3218	915226.3184	915226.6228	1.0000	1.0000	0.7544
26pz04	6	25	1	1	2.0000	1.0000	1.0000	0.6659	NaN	NaN	NaN	915227.9316	915228.3445	1.0000	1.0000	0.2474
26pz04	6	26	1	1	1.0000	1.0000	1.0000	NaN	9.4415	12.1699	13.6909	915230.7585	915231.0626	1.0000	1.0000	0.3625
26pz04	6	26	1	1	2.0000	1.0000	1.0000	0.8825	NaN	NaN	NaN	915231.9155	915232.2994	1.0000	1.0000	0.1657
26pz04	6	27	1	1	1.0000	1.0000	-1.0000	NaN	2.0257	-2.1026	15.6141	915234.3054	915234.6075	0.0000	1.0000	0.7377
26pz04	6	27	1	1	2.0000	1.0000	1.0000	0.1100	NaN	NaN	NaN	915235.8801	915236.2366	1.0000	1.0000	0.2593
26pz04	6	28	1	1	1.0000	1.0000	1.0000	NaN	1.3420	0.9438	15.2799	915238.6896	915238.9919	1.0000	1.0000	0.7206
26pz04	6	28	1	1	2.0000	1.0000	1.0000	0.0730	NaN	NaN	NaN	915240.2487	915240.6031	1.0000	1.0000	0.3249
26pz04	6	29	1	1	1.0000	1.0000	-1.0000	NaN	9.3443	-10.4863	14.4389	915242.8426	915243.1448	0.0000	1.0000	0.3272
26pz04	6	29	1	1	2.0000	1.0000	1.0000	0.9151	NaN	NaN	NaN	915244.0090	915244.3655	1.0000	1.0000	0.0676
26pz04	6	30	1	1	1.0000	1.0000	1.0000	NaN	0.7863	1.9612	14.5360	915246.6637	915246.9666	1.0000	1.0000	0.3780
26pz04	6	30	1	1	2.0000	1.0000	1.0000	0.4233	NaN	NaN	NaN	915247.9128	915248.2695	1.0000	1.0000	0.1955
26pz04	6	31	1	1	1.0000	1.0000	1.0000	NaN	6.9454	8.8445	14.7261	915250.8877	915251.1900	1.0000	1.0000	0.2832
26pz04	6	31	1	1	2.0000	1.0000	1.0000	0.6262	NaN	NaN	NaN	915252.0092	915252.3651	1.0000	1.0000	0.1308
26pz04	6	32	1	1	1.0000	1.0000	1.0000	NaN	10.0019	10.0974	16.8234	915254.7964	915255.0989	1.0000	1.0000	0.3741
26pz04	6	32	1	1	2.0000	1.0000	1.0000	0.2514	NaN	NaN	NaN	915256.0088	915256.3650	1.0000	1.0000	0.2441
26pz04	6	33	1	1	1.0000	1.0000	1.0000	NaN	4.9005	4.5010	13.5253	915258.6725	915258.9748	1.0000	1.0000	0.2891
26pz04	6	33	1	1	2.0000	1.0000	1.0000	0.5451	NaN	NaN	NaN	915259.7854	915260.1366	1.0000	1.0000	0.3281
26pz04	6	34	1	1	1.0000	1.0000	1.0000	NaN	9.9740	10.3660	15.5353	915262.8744	915263.1781	1.0000	1.0000	0.4387
26pz04	6	34	1	1	2.0000	1.0000	1.0000	0.5874	NaN	NaN	NaN	915264.1419	915264.5575	1.0000	1.0000	0.1308
26pz04	6	35	1	1	1.0000	1.0000	1.0000	NaN	10.1093	9.0841	14.7971	915267.3189	915267.6227	1.0000	1.0000	1.0012
26pz04	6	35	1	1	2.0000	1.0000	1.0000	0.5281	NaN	NaN	NaN	915269.1808	915269.6101	1.0000	1.0000	0.2311
26pz04	6	36	1	1	1.0000	1.0000	1.0000	NaN	2.1921	2.3835	13.4334	915271.9431	915272.2487	1.0000	1.0000	0.6966
26pz04	6	36	1	1	2.0000	1.0000	1.0000	0.0336	NaN	NaN	NaN	915273.4859	915273.8974	1.0000	1.0000	0.2799
26pz04	6	37	1	1	1.0000	1.0000	-1.0000	NaN	7.3035	-7.7690	13.9438	915276.7246	915277.0268	0.0000	1.0000	0.4300
26pz04	6	37	1	1	2.0000	1.0000	1.0000	0.6877	NaN	NaN	NaN	915277.9923	915278.3471	1.0000	1.0000	0.2460
26pz04	6	38	1	1	1.0000	1.0000	1.0000	NaN	1.2406	0.9226	15.5400	915280.6906	915280.9928	1.0000	1.0000	0.6071
26pz04	6	38	1	1	2.0000	1.0000	1.0000	0.9224	NaN	NaN	NaN	915282.1373	915282.4871	1.0000	1.0000	0.2660
26pz04	6	39	1	1	1.0000	1.0000	-1.0000	NaN	1.1216	-1.6228	15.1828	915285.0367	915285.3390	0.0000	1.0000	0.3262
26pz04	6	39	1	1	2.0000	1.0000	1.0000	0.9489	NaN	NaN	NaN	915286.2172	915286.5686	1.0000	1.0000	0.2312
26pz04	6	40	1	1	1.0000	1.0000	-1.0000	NaN	1.5076	-0.8915	15.3409	915289.0102	915289.3124	1.0000	0.0000	0.4316
26pz04	6	40	1	1	2.0000	1.0000	-1.0000	0.4216	NaN	NaN	NaN	915290.2967	915290.6505	0.0000	1.0000	0.7262
26pz04	6	41	1	1	1.0000	1.0000	1.0000	NaN	3.8945	2.9621	16.1126	915293.2590	915293.5611	1.0000	1.0000	0.5356
26pz04	6	41	1	1	2.0000	1.0000	1.0000	0.5592	NaN	NaN	NaN	915294.6182	915294.9701	1.0000	1.0000	0.2457
26pz04	6	42	1	1	1.0000	1.0000	-1.0000	NaN	0.8992	-2.3751	15.2929	915297.3079	915297.6101	0.0000	1.0000	0.3270
26pz04	6	42	1	1	2.0000	1.0000	1.0000	0.1600	NaN	NaN	NaN	915298.4565	915298.8128	1.0000	1.0000	0.1151
26pz04	6	43	1	1	1.0000	1.0000	1.0000	NaN	3.4927	4.1939	15.3400	915301.1848	915301.4870	1.0000	1.0000	0.7212
26pz04	6	43	1	1	2.0000	1.0000	1.0000	0.9535	NaN	NaN	NaN	915302.7449	915303.0999	1.0000	1.0000	0.2279
26pz04	6	44	1	1	1.0000	1.0000	-1.0000	NaN	2.8804	-3.5514	13.9281	915305.6530	915305.9552	0.0000	1.0000	0.3974
26pz04	6	44	1	1	2.0000	1.0000	1.0000	0.0581	NaN	NaN	NaN	915306.9212	915307.2723	1.0000	1.0000	0.1521
26pz04	6	45	1	1	1.0000	1.0000	1.0000	NaN	2.4530	4.5062	14.8177	915309.4728	915309.7751	0.0000	0.0000	1.3288
26pz04	6	45	1	1	2.0000	1.0000	-1.0000	0.0274	NaN	NaN	NaN	915311.6444	915312.0741	1.0000	0.0000	0.5985
26pz04	6	46	1	1	1.0000	1.0000	1.0000	NaN	2.3536	3.5604	15.5905	915315.3701	915315.6750	1.0000	1.0000	0.3569
26pz04	6	46	1	1	2.0000	1.0000	1.0000	0.9607	NaN	NaN	NaN	915316.5569	915316.9738	1.0000	1.0000	0.1460
26pz04	6	47	1	1	1.0000	1.0000	1.0000	NaN	8.2785	6.8988	14.3766	915319.5373	915319.8418	1.0000	1.0000	0.2552
26pz04	6	47	1	1	2.0000	1.0000	1.0000	0.1676	NaN	NaN	NaN	915320.6223	915321.0404	1.0000	1.0000	0.4165
26pz04	6	48	1	1	1.0000	1.0000	1.0000	NaN	5.6253	5.6332	15.2232	915323.7985	915324.1031	1.0000	1.0000	0.3128
26pz04	6	48	1	1	2.0000	1.0000	1.0000	0.3700	NaN	NaN	NaN	915324.9400	915325.3569	1.0000	1.0000	0.1479
26pz04	6	49	1	1	1.0000	1.0000	-1.0000	NaN	6.7080	-5.9709	14.4939	915328.0342	915328.3387	0.0000	1.0000	0.3019
26pz04	6	49	1	1	2.0000	1.0000	1.0000	0.5661	NaN	NaN	NaN	915329.2123	915329.6232	1.0000	1.0000	0.1698
26pz04	6	50	1	1	1.0000	1.0000	1.0000	NaN	8.4335	7.6096	13.3338	915332.1011	915332.4033	1.0000	1.0000	0.3977
26pz04	6	50	1	1	2.0000	1.0000	1.0000	0.3365	NaN	NaN	NaN	915333.3211	915333.6778	1.0000	1.0000	0.3074
