21zf03	1	1	1	1	1.0000	1.0000	1.0000	NaN	5.9238	6.5671	16.1016	402412.4006	402412.7172	1.0000	1.0000	0.7308
21zf03	1	1	1	1	2.0000	1.0000	1.0000	0.3773	NaN	NaN	NaN	402413.9702	402414.3836	1.0000	1.0000	0.9207
21zf03	1	2	1	1	1.0000	1.0000	-1.0000	NaN	6.7311	-6.0115	15.8950	402417.5226	402417.8247	0.0000	1.0000	0.4230
21zf03	1	2	1	1	2.0000	1.0000	1.0000	0.3083	NaN	NaN	NaN	402418.7878	402419.1993	1.0000	1.0000	0.5692
21zf03	1	3	1	1	1.0000	1.0000	1.0000	NaN	4.3268	4.8627	13.5975	402421.7275	402422.0324	1.0000	1.0000	0.4404
21zf03	1	3	1	1	2.0000	1.0000	1.0000	0.6982	NaN	NaN	NaN	402422.9963	402423.4128	1.0000	1.0000	0.0028
21zf03	1	4	1	1	1.0000	1.0000	-1.0000	NaN	4.4994	-2.8168	14.0216	402425.4600	402425.7648	0.0000	1.0000	0.8988
21zf03	1	4	1	1	2.0000	1.0000	1.0000	0.7309	NaN	NaN	NaN	402427.1903	402427.6121	1.0000	1.0000	0.1087
21zf03	1	5	1	1	1.0000	1.0000	1.0000	NaN	3.8616	3.4122	13.8512	402430.3565	402430.6611	1.0000	1.0000	0.4362
21zf03	1	5	1	1	2.0000	1.0000	1.0000	0.9710	NaN	NaN	NaN	402431.6200	402432.0402	1.0000	1.0000	0.3194
21zf03	1	6	1	1	1.0000	1.0000	1.0000	NaN	6.4746	7.8704	14.4514	402434.7724	402435.0769	1.0000	1.0000	0.3068
21zf03	1	6	1	1	2.0000	1.0000	1.0000	0.9886	NaN	NaN	NaN	402435.9584	402436.3784	1.0000	1.0000	0.2543
21zf03	1	7	1	1	1.0000	1.0000	-1.0000	NaN	1.4699	-1.6464	14.0732	402438.9554	402439.2600	0.0000	1.0000	0.6036
21zf03	1	7	1	1	2.0000	1.0000	1.0000	0.1260	NaN	NaN	NaN	402440.3908	402440.8115	1.0000	1.0000	0.3801
21zf03	1	8	1	1	1.0000	1.0000	-1.0000	NaN	1.8241	-1.1048	14.7087	402443.1354	402443.4376	0.0000	1.0000	1.0981
21zf03	1	8	1	1	2.0000	1.0000	1.0000	0.2142	NaN	NaN	NaN	402445.0401	402445.3925	1.0000	1.0000	0.2471
21zf03	1	9	1	1	1.0000	1.0000	-1.0000	NaN	6.4741	-7.4272	14.1209	402447.7984	402448.1019	0.0000	1.0000	0.9464
21zf03	1	9	1	1	2.0000	1.0000	1.0000	0.4077	NaN	NaN	NaN	402449.5680	402449.9210	1.0000	1.0000	0.0238
21zf03	1	10	1	1	1.0000	1.0000	1.0000	NaN	2.3099	2.5659	15.3343	402451.8760	402452.1781	1.0000	1.0000	0.8543
21zf03	1	10	1	1	2.0000	1.0000	1.0000	0.2187	NaN	NaN	NaN	402453.5678	402453.9207	1.0000	1.0000	0.4234
21zf03	1	11	1	1	1.0000	1.0000	-1.0000	NaN	5.0743	-2.8302	15.1843	402456.4181	402456.7204	0.0000	1.0000	0.6326
21zf03	1	11	1	1	2.0000	1.0000	1.0000	0.3378	NaN	NaN	NaN	402457.8889	402458.2392	1.0000	1.0000	0.0256
21zf03	1	12	1	1	1.0000	1.0000	1.0000	NaN	4.2020	3.0579	15.5265	402460.3628	402460.6651	0.0000	0.0000	0.5116
21zf03	1	12	1	1	2.0000	1.0000	-1.0000	0.5997	NaN	NaN	NaN	402461.6969	402462.0524	1.0000	0.0000	0.2925
21zf03	1	13	1	1	1.0000	1.0000	-1.0000	NaN	4.3542	-5.6981	15.4907	402464.6689	402464.9733	0.0000	1.0000	0.3143
21zf03	1	13	1	1	2.0000	1.0000	1.0000	0.0027	NaN	NaN	NaN	402465.8116	402466.2268	1.0000	1.0000	0.0005
21zf03	1	14	1	1	1.0000	1.0000	-1.0000	NaN	3.2210	-2.4954	15.8371	402468.2753	402468.5797	0.0000	1.0000	0.3884
21zf03	1	14	1	1	2.0000	1.0000	1.0000	0.7029	NaN	NaN	NaN	402469.5096	402469.9266	1.0000	1.0000	0.2735
21zf03	1	15	1	1	1.0000	1.0000	-1.0000	NaN	6.1309	-7.3494	14.1400	402472.8331	402473.1376	0.0000	1.0000	0.3113
21zf03	1	15	1	1	2.0000	1.0000	1.0000	0.0553	NaN	NaN	NaN	402474.0225	402474.4311	1.0000	1.0000	0.0725
21zf03	1	16	1	1	1.0000	1.0000	-1.0000	NaN	3.7524	-4.7105	15.1761	402477.1278	402477.4300	0.0000	1.0000	0.3376
21zf03	1	16	1	1	2.0000	1.0000	1.0000	0.1240	NaN	NaN	NaN	402478.3537	402478.7047	1.0000	1.0000	0.2325
21zf03	1	17	1	1	1.0000	1.0000	-1.0000	NaN	3.7117	-6.1273	15.8587	402481.3257	402481.6279	1.0000	0.0000	0.6677
21zf03	1	17	1	1	2.0000	1.0000	-1.0000	0.4771	NaN	NaN	NaN	402482.8329	402483.1859	1.0000	0.0000	0.0006
21zf03	1	18	1	1	1.0000	1.0000	1.0000	NaN	2.9218	1.7800	15.7472	402485.5209	402485.8231	1.0000	1.0000	0.4095
21zf03	1	18	1	1	2.0000	1.0000	1.0000	0.8552	NaN	NaN	NaN	402486.7856	402487.1374	1.0000	1.0000	0.0006
21zf03	1	19	1	1	1.0000	1.0000	1.0000	NaN	1.2400	0.4689	16.2213	402489.5841	402489.8864	1.0000	1.0000	0.8588
21zf03	1	19	1	1	2.0000	1.0000	1.0000	0.5370	NaN	NaN	NaN	402491.2968	402491.6510	1.0000	1.0000	0.2941
21zf03	1	20	1	1	1.0000	1.0000	-1.0000	NaN	2.3675	-5.1864	14.3534	402494.2351	402494.5373	0.0000	1.0000	0.3673
21zf03	1	20	1	1	2.0000	1.0000	1.0000	0.7745	NaN	NaN	NaN	402495.4729	402495.8300	1.0000	1.0000	0.3381
21zf03	1	21	1	1	1.0000	1.0000	1.0000	NaN	3.9530	4.5041	16.2802	402498.7336	402499.0359	1.0000	1.0000	0.5557
21zf03	1	21	1	1	2.0000	1.0000	1.0000	0.8509	NaN	NaN	NaN	402500.1284	402500.4839	1.0000	1.0000	0.9643
21zf03	1	22	1	1	1.0000	1.0000	1.0000	NaN	5.0528	3.0181	15.5065	402503.6469	402503.9492	1.0000	1.0000	0.2830
21zf03	1	22	1	1	2.0000	1.0000	1.0000	0.0976	NaN	NaN	NaN	402504.8009	402505.1514	1.0000	1.0000	0.3132
21zf03	1	23	1	1	1.0000	1.0000	-1.0000	NaN	1.7164	-2.8377	14.9459	402507.6467	402507.9490	1.0000	0.0000	0.2666
21zf03	1	23	1	1	2.0000	1.0000	-1.0000	0.1420	NaN	NaN	NaN	402508.7697	402509.1222	1.0000	0.0000	0.2624
21zf03	1	24	1	1	1.0000	1.0000	1.0000	NaN	1.0600	1.4303	15.2783	402511.6123	402511.9187	0.0000	0.0000	0.2339
21zf03	1	24	1	1	2.0000	1.0000	-1.0000	0.9672	NaN	NaN	NaN	402512.7404	402513.1579	1.0000	0.0000	0.0005
21zf03	1	25	1	1	1.0000	1.0000	1.0000	NaN	4.1389	3.3078	14.0325	402515.2423	402515.5485	1.0000	1.0000	0.2351
21zf03	1	25	1	1	2.0000	1.0000	1.0000	0.4408	NaN	NaN	NaN	402516.3573	402516.7882	1.0000	1.0000	0.1166
21zf03	1	26	1	1	1.0000	1.0000	-1.0000	NaN	2.2361	-0.5716	14.7790	402519.0877	402519.3922	0.0000	1.0000	0.5833
21zf03	1	26	1	1	2.0000	1.0000	1.0000	0.4918	NaN	NaN	NaN	402520.5152	402520.9359	1.0000	1.0000	0.0166
21zf03	1	27	1	1	1.0000	1.0000	1.0000	NaN	2.6520	2.5351	14.7195	402523.3020	402523.6067	1.0000	1.0000	0.6260
21zf03	1	27	1	1	2.0000	1.0000	1.0000	0.4626	NaN	NaN	NaN	402524.7398	402525.1532	1.0000	1.0000	0.0005
21zf03	1	28	1	1	1.0000	1.0000	1.0000	NaN	3.5370	3.3529	15.3599	402527.6454	402527.9479	1.0000	1.0000	0.1876
21zf03	1	28	1	1	2.0000	1.0000	1.0000	0.1470	NaN	NaN	NaN	402528.6721	402529.0283	1.0000	1.0000	0.1482
21zf03	1	29	1	1	1.0000	1.0000	-1.0000	NaN	1.9244	-2.5654	14.6043	402531.4993	402531.8016	0.0000	1.0000	0.7671
21zf03	1	29	1	1	2.0000	1.0000	1.0000	0.7447	NaN	NaN	NaN	402533.1044	402533.4613	1.0000	1.0000	0.0006
21zf03	1	30	1	1	1.0000	1.0000	1.0000	NaN	2.6023	2.8132	14.7435	402535.7653	402536.0675	0.0000	0.0000	0.9485
21zf03	1	30	1	1	2.0000	1.0000	-1.0000	0.4587	NaN	NaN	NaN	402537.5041	402537.8612	1.0000	0.0000	0.0007
21zf03	1	31	1	1	1.0000	1.0000	-1.0000	NaN	4.8842	-4.0435	15.5381	402539.8829	402540.1851	0.0000	1.0000	0.9594
21zf03	1	31	1	1	2.0000	1.0000	1.0000	0.5316	NaN	NaN	NaN	402541.6640	402542.0162	1.0000	1.0000	0.2000
21zf03	1	32	1	1	1.0000	1.0000	-1.0000	NaN	4.0003	-4.9424	16.7082	402544.1810	402544.4831	0.0000	1.0000	0.5964
21zf03	1	32	1	1	2.0000	1.0000	1.0000	0.6209	NaN	NaN	NaN	402545.6502	402546.0012	1.0000	1.0000	2.6143
21zf03	1	33	1	1	1.0000	1.0000	-1.0000	NaN	2.2832	-3.5805	14.9314	402550.8145	402551.1167	0.0000	1.0000	0.4108
21zf03	1	33	1	1	2.0000	1.0000	1.0000	0.4851	NaN	NaN	NaN	402552.0963	402552.4491	1.0000	1.0000	0.0006
21zf03	1	34	1	1	1.0000	1.0000	1.0000	NaN	3.0236	3.4266	14.6978	402554.5199	402554.8221	1.0000	1.0000	0.7536
21zf03	1	34	1	1	2.0000	1.0000	1.0000	0.4443	NaN	NaN	NaN	402556.1446	402556.4989	1.0000	1.0000	0.3414
21zf03	1	35	1	1	1.0000	1.0000	-1.0000	NaN	4.5401	-3.4210	13.3565	402558.6641	402558.9663	0.0000	1.0000	0.3852
21zf03	1	35	1	1	2.0000	1.0000	1.0000	0.3449	NaN	NaN	NaN	402559.9240	402560.3387	1.0000	1.0000	0.3088
21zf03	1	36	1	1	1.0000	1.0000	-1.0000	NaN	4.4381	-4.9076	16.4253	402562.5066	402562.8129	0.0000	1.0000	0.4921
21zf03	1	36	1	1	2.0000	1.0000	1.0000	0.5321	NaN	NaN	NaN	402563.9081	402564.3353	1.0000	1.0000	0.0006
21zf03	1	37	1	1	1.0000	1.0000	1.0000	NaN	6.5608	6.6139	15.7153	402566.8827	402567.1876	0.0000	0.0000	0.7245
21zf03	1	37	1	1	2.0000	1.0000	-1.0000	0.1639	NaN	NaN	NaN	402568.4547	402568.8484	1.0000	0.0000	0.0005
21zf03	1	38	1	1	1.0000	1.0000	1.0000	NaN	0.3492	1.8734	15.0404	402570.8397	402571.1418	0.0000	0.0000	0.5143
21zf03	1	38	1	1	2.0000	1.0000	-1.0000	0.0073	NaN	NaN	NaN	402572.2240	402572.5803	1.0000	0.0000	0.4839
21zf03	1	39	1	1	1.0000	1.0000	1.0000	NaN	3.7918	2.8695	15.4980	402575.5167	402575.8189	1.0000	1.0000	0.3166
21zf03	1	39	1	1	2.0000	1.0000	1.0000	0.9267	NaN	NaN	NaN	402576.7038	402577.0592	1.0000	1.0000	0.4362
21zf03	1	40	1	1	1.0000	1.0000	-1.0000	NaN	4.5198	-4.6188	15.4429	402579.7297	402580.0319	0.0000	1.0000	0.8235
21zf03	1	40	1	1	2.0000	1.0000	1.0000	0.1598	NaN	NaN	NaN	402581.4087	402581.7630	1.0000	1.0000	0.1164
21zf03	1	41	1	1	1.0000	1.0000	-1.0000	NaN	3.4118	-4.1412	14.2314	402584.3126	402584.6147	0.0000	1.0000	0.4167
21zf03	1	41	1	1	2.0000	1.0000	1.0000	0.1118	NaN	NaN	NaN	402585.6493	402586.0021	1.0000	1.0000	0.3583
21zf03	1	42	1	1	1.0000	1.0000	1.0000	NaN	3.9782	2.8433	14.0068	402588.6587	402588.9616	1.0000	1.0000	0.5659
21zf03	1	42	1	1	2.0000	1.0000	1.0000	0.3502	NaN	NaN	NaN	402590.0813	402590.4324	1.0000	1.0000	0.3911
21zf03	1	43	1	1	1.0000	1.0000	-1.0000	NaN	0.8875	-1.3030	14.5141	402592.8462	402593.1485	1.0000	0.0000	0.3638
21zf03	1	43	1	1	2.0000	1.0000	-1.0000	0.5981	NaN	NaN	NaN	402594.0655	402594.4187	1.0000	0.0000	3.8457
21zf03	1	44	1	1	1.0000	1.0000	1.0000	NaN	2.3871	3.2435	14.8176	402600.7323	402601.0345	0.0000	0.0000	0.6377
21zf03	1	44	1	1	2.0000	1.0000	-1.0000	0.6712	NaN	NaN	NaN	402602.2247	402602.5786	1.0000	0.0000	0.2133
21zf03	1	45	1	1	1.0000	1.0000	1.0000	NaN	1.3623	0.9848	15.4102	402604.9007	402605.2048	1.0000	1.0000	1.7147
21zf03	1	45	1	1	2.0000	1.0000	1.0000	0.6116	NaN	NaN	NaN	402607.4752	402607.8743	1.0000	1.0000	0.1011
21zf03	1	46	1	1	1.0000	1.0000	-1.0000	NaN	6.7833	-7.4551	14.8594	402610.0583	402610.3604	0.0000	1.0000	0.5590
21zf03	1	46	1	1	2.0000	1.0000	1.0000	0.1193	NaN	NaN	NaN	402611.4565	402611.8116	1.0000	1.0000	1.9725
21zf03	1	47	1	1	1.0000	1.0000	1.0000	NaN	5.0277	7.0491	14.3551	402616.2732	402616.5767	0.0000	0.0000	1.0000
21zf03	1	47	1	1	2.0000	1.0000	-1.0000	0.2071	NaN	NaN	NaN	402618.0809	402618.4309	1.0000	0.0000	3.7212
21zf03	1	48	1	1	1.0000	1.0000	1.0000	NaN	0.2178	0.2101	14.0955	402624.4486	402624.7508	0.0000	0.0000	0.6166
21zf03	1	48	1	1	2.0000	1.0000	-1.0000	0.0808	NaN	NaN	NaN	402625.8888	402626.2442	1.0000	0.0000	0.2917
21zf03	1	49	1	1	1.0000	1.0000	-1.0000	NaN	0.3980	-1.7124	14.7984	402628.9386	402629.2417	0.0000	1.0000	0.3977
21zf03	1	49	1	1	2.0000	1.0000	1.0000	0.9908	NaN	NaN	NaN	402630.1922	402630.5452	1.0000	1.0000	0.2622
21zf03	1	50	1	1	1.0000	1.0000	-1.0000	NaN	7.0526	-7.4402	14.6728	402633.3385	402633.6418	0.0000	1.0000	0.3496
21zf03	1	50	1	1	2.0000	1.0000	1.0000	0.8079	NaN	NaN	NaN	402634.5448	402634.8968	1.0000	1.0000	0.1832
21zf03	2	1	1	1	1.0000	1.0000	1.0000	NaN	2.1895	2.6309	15.6272	402639.3310	402639.6332	0.0000	0.0000	0.3115
21zf03	2	1	1	1	2.0000	1.0000	-1.0000	0.4618	NaN	NaN	NaN	402640.4964	402640.8465	1.0000	0.0000	0.0421
21zf03	2	2	1	1	1.0000	1.0000	1.0000	NaN	5.7698	6.9856	14.9161	402643.0291	402643.3314	1.0000	1.0000	0.3080
21zf03	2	2	1	1	2.0000	1.0000	1.0000	0.6339	NaN	NaN	NaN	402644.1769	402644.5278	1.0000	1.0000	0.7602
21zf03	2	3	1	1	1.0000	1.0000	1.0000	NaN	2.3939	3.1780	15.0605	402647.3465	402647.6488	1.0000	1.0000	0.3752
21zf03	2	3	1	1	2.0000	1.0000	1.0000	0.1786	NaN	NaN	NaN	402648.5933	402648.9443	1.0000	1.0000	1.0008
21zf03	2	4	1	1	1.0000	1.0000	1.0000	NaN	3.2092	4.4734	14.2928	402652.1860	402652.4925	1.0000	1.0000	0.3793
21zf03	2	4	1	1	2.0000	1.0000	1.0000	0.5409	NaN	NaN	NaN	402653.4140	402653.8330	1.0000	1.0000	0.0955
21zf03	2	5	1	1	1.0000	1.0000	1.0000	NaN	5.7644	7.1438	14.2976	402656.4109	402656.7157	1.0000	1.0000	0.9237
21zf03	2	5	1	1	2.0000	1.0000	1.0000	0.3678	NaN	NaN	NaN	402658.1825	402658.6141	1.0000	1.0000	0.8984
21zf03	2	6	1	1	1.0000	1.0000	1.0000	NaN	2.8226	2.5576	13.7804	402661.8471	402662.1520	1.0000	1.0000	0.3526
21zf03	2	6	1	1	2.0000	1.0000	1.0000	0.7869	NaN	NaN	NaN	402663.0462	402663.4550	1.0000	1.0000	2.2964
21zf03	2	7	1	1	1.0000	1.0000	-1.0000	NaN	1.4417	-0.9901	15.8158	402667.8989	402668.2012	0.0000	1.0000	0.6705
21zf03	2	7	1	1	2.0000	1.0000	1.0000	0.3976	NaN	NaN	NaN	402669.4405	402669.7932	1.0000	1.0000	0.3262
21zf03	2	8	1	1	1.0000	1.0000	-1.0000	NaN	1.4057	-0.5282	16.0622	402672.0843	402672.3865	0.0000	1.0000	0.8539
21zf03	2	8	1	1	2.0000	1.0000	1.0000	0.4661	NaN	NaN	NaN	402673.8243	402674.1763	1.0000	1.0000	0.0005
21zf03	2	9	1	1	1.0000	1.0000	1.0000	NaN	0.5738	1.0979	14.1200	402676.2328	402676.5350	0.0000	0.0000	0.5459
21zf03	2	9	1	1	2.0000	1.0000	-1.0000	0.9375	NaN	NaN	NaN	402677.6162	402677.9706	1.0000	0.0000	0.0689
21zf03	2	10	1	1	1.0000	1.0000	-1.0000	NaN	0.7028	-1.4017	13.6891	402680.3536	402680.6568	0.0000	1.0000	0.5665
21zf03	2	10	1	1	2.0000	1.0000	1.0000	0.6686	NaN	NaN	NaN	402681.7777	402682.1277	1.0000	1.0000	0.2796
21zf03	2	11	1	1	1.0000	1.0000	-1.0000	NaN	6.3046	-4.0344	14.5580	402684.5646	402684.8668	1.0000	0.0000	0.4685
21zf03	2	11	1	1	2.0000	1.0000	-1.0000	0.2882	NaN	NaN	NaN	402685.8886	402686.2424	1.0000	0.0000	0.6770
21zf03	2	12	1	1	1.0000	1.0000	1.0000	NaN	6.9404	7.8027	15.2209	402689.5901	402689.8922	1.0000	1.0000	0.5637
21zf03	2	12	1	1	2.0000	1.0000	1.0000	0.4749	NaN	NaN	NaN	402690.9939	402691.3439	1.0000	1.0000	0.3759
21zf03	2	13	1	1	1.0000	1.0000	-1.0000	NaN	6.4873	-4.7591	15.2718	402693.7367	402694.0395	0.0000	1.0000	0.3696
21zf03	2	13	1	1	2.0000	1.0000	1.0000	0.6430	NaN	NaN	NaN	402694.9936	402695.3438	1.0000	1.0000	0.4248
21zf03	2	14	1	1	1.0000	1.0000	-1.0000	NaN	1.3321	-1.5910	15.0992	402698.0119	402698.3167	1.0000	0.0000	0.6039
21zf03	2	14	1	1	2.0000	1.0000	-1.0000	0.6329	NaN	NaN	NaN	402699.4464	402699.8656	1.0000	0.0000	0.2554
21zf03	2	15	1	1	1.0000	1.0000	1.0000	NaN	3.4453	2.1144	15.4453	402702.3503	402702.6575	0.0000	0.0000	0.3418
21zf03	2	15	1	1	2.0000	1.0000	-1.0000	0.3636	NaN	NaN	NaN	402703.5399	402703.9618	1.0000	0.0000	3.2135
21zf03	2	16	1	1	1.0000	1.0000	1.0000	NaN	5.6912	3.3760	15.4367	402709.1326	402709.4396	1.0000	1.0000	0.5364
21zf03	2	16	1	1	2.0000	1.0000	1.0000	0.1280	NaN	NaN	NaN	402710.5475	402710.9646	1.0000	1.0000	0.0988
21zf03	2	17	1	1	1.0000	1.0000	-1.0000	NaN	2.1358	-2.1152	13.6839	402713.4181	402713.7250	0.0000	1.0000	0.4114
21zf03	2	17	1	1	2.0000	1.0000	1.0000	0.2920	NaN	NaN	NaN	402714.6936	402715.1143	1.0000	1.0000	0.1742
21zf03	2	18	1	1	1.0000	1.0000	1.0000	NaN	5.3866	5.7286	13.5774	402717.9272	402718.2317	1.0000	1.0000	0.3516
21zf03	2	18	1	1	2.0000	1.0000	1.0000	0.1837	NaN	NaN	NaN	402719.1714	402719.5921	1.0000	1.0000	0.3517
21zf03	2	19	1	1	1.0000	1.0000	1.0000	NaN	1.8273	1.3656	17.3749	402721.9937	402722.2981	0.0000	0.0000	0.3815
21zf03	2	19	1	1	2.0000	1.0000	-1.0000	0.5666	NaN	NaN	NaN	402723.2516	402723.6405	1.0000	0.0000	0.2708
21zf03	2	20	1	1	1.0000	1.0000	-1.0000	NaN	5.0135	-4.5945	16.2025	402726.0600	402726.3622	0.0000	1.0000	0.2701
21zf03	2	20	1	1	2.0000	1.0000	1.0000	0.6651	NaN	NaN	NaN	402727.1843	402727.5390	1.0000	1.0000	0.1815
21zf03	2	21	1	1	1.0000	1.0000	1.0000	NaN	1.1062	0.7956	14.5779	402729.6244	402729.9266	0.0000	0.0000	0.3367
21zf03	2	21	1	1	2.0000	1.0000	-1.0000	0.9858	NaN	NaN	NaN	402730.8321	402731.1888	1.0000	0.0000	0.3878
21zf03	2	22	1	1	1.0000	1.0000	-1.0000	NaN	5.0169	-4.1544	16.2694	402734.1428	402734.4450	0.0000	1.0000	0.3628
21zf03	2	22	1	1	2.0000	1.0000	1.0000	0.5642	NaN	NaN	NaN	402735.3766	402735.7278	1.0000	1.0000	0.0005
21zf03	2	23	1	1	1.0000	1.0000	1.0000	NaN	6.9896	5.2574	15.4727	402737.8373	402738.1394	1.0000	1.0000	0.2839
21zf03	2	23	1	1	2.0000	1.0000	1.0000	0.9450	NaN	NaN	NaN	402738.9918	402739.3444	1.0000	1.0000	0.3914
21zf03	2	24	1	1	1.0000	1.0000	1.0000	NaN	0.1297	0.7269	15.4681	402742.0923	402742.3946	1.0000	1.0000	0.5572
21zf03	2	24	1	1	2.0000	1.0000	1.0000	0.3877	NaN	NaN	NaN	402743.5044	402743.8561	1.0000	1.0000	0.0552
21zf03	2	25	1	1	1.0000	1.0000	-1.0000	NaN	3.5773	-2.6866	15.6252	402746.4326	402746.7397	0.0000	1.0000	0.7729
21zf03	2	25	1	1	2.0000	1.0000	1.0000	0.0519	NaN	NaN	NaN	402748.0516	402748.4627	1.0000	1.0000	0.0006
21zf03	2	26	1	1	1.0000	1.0000	-1.0000	NaN	1.5271	-0.4452	14.8656	402750.3061	402750.6105	0.0000	1.0000	0.4848
21zf03	2	26	1	1	2.0000	1.0000	1.0000	0.6281	NaN	NaN	NaN	402751.6680	402752.0926	1.0000	1.0000	0.2195
21zf03	2	27	1	1	1.0000	1.0000	1.0000	NaN	0.9895	0.3877	15.0761	402754.3603	402754.6651	0.0000	0.0000	0.3661
21zf03	2	27	1	1	2.0000	1.0000	-1.0000	0.2387	NaN	NaN	NaN	402755.6030	402756.0289	1.0000	0.0000	0.3793
21zf03	2	28	1	1	1.0000	1.0000	-1.0000	NaN	1.5887	-3.3413	14.9141	402758.8764	402759.1807	0.0000	1.0000	0.9545
21zf03	2	28	1	1	2.0000	1.0000	1.0000	0.9487	NaN	NaN	NaN	402760.7098	402761.1286	1.0000	1.0000	0.0006
21zf03	2	29	1	1	1.0000	1.0000	-1.0000	NaN	6.4487	-3.9027	13.8232	402763.0073	402763.3118	0.0000	1.0000	0.2638
21zf03	2	29	1	1	2.0000	1.0000	1.0000	0.1267	NaN	NaN	NaN	402764.1634	402764.5551	1.0000	1.0000	0.0922
21zf03	2	30	1	1	1.0000	1.0000	-1.0000	NaN	0.4898	-0.7439	14.9099	402767.2280	402767.5303	0.0000	1.0000	0.5901
21zf03	2	30	1	1	2.0000	1.0000	1.0000	0.7483	NaN	NaN	NaN	402768.6893	402769.0400	1.0000	1.0000	0.0239
21zf03	2	31	1	1	1.0000	1.0000	1.0000	NaN	6.5279	8.9272	14.0120	402771.4035	402771.7057	1.0000	1.0000	0.5575
21zf03	2	31	1	1	2.0000	1.0000	1.0000	0.9409	NaN	NaN	NaN	402772.8484	402773.2032	1.0000	1.0000	0.4046
21zf03	2	32	1	1	1.0000	1.0000	-1.0000	NaN	4.2144	-3.6786	14.5875	402775.7375	402776.0396	0.0000	1.0000	0.6716
21zf03	2	32	1	1	2.0000	1.0000	1.0000	0.5845	NaN	NaN	NaN	402777.2637	402777.6196	1.0000	1.0000	0.1802
21zf03	2	33	1	1	1.0000	1.0000	1.0000	NaN	1.6288	0.7872	15.7943	402780.1795	402780.4816	0.0000	0.0000	0.4542
21zf03	2	33	1	1	2.0000	1.0000	-1.0000	0.2886	NaN	NaN	NaN	402781.4560	402781.8060	1.0000	0.0000	0.0005
21zf03	2	34	1	1	1.0000	1.0000	-1.0000	NaN	4.4096	-4.6191	14.9031	402784.1447	402784.4468	0.0000	1.0000	0.2976
21zf03	2	34	1	1	2.0000	1.0000	1.0000	0.8498	NaN	NaN	NaN	402785.3286	402785.6817	1.0000	1.0000	0.2945
21zf03	2	35	1	1	1.0000	1.0000	-1.0000	NaN	1.2762	-0.1818	15.5397	402788.0242	402788.3265	1.0000	0.0000	0.3694
21zf03	2	35	1	1	2.0000	1.0000	-1.0000	0.1236	NaN	NaN	NaN	402789.2961	402789.6527	1.0000	0.0000	0.3390
21zf03	2	36	1	1	1.0000	1.0000	1.0000	NaN	0.7622	2.8244	16.7701	402792.1536	402792.4581	1.0000	1.0000	0.3012
21zf03	2	36	1	1	2.0000	1.0000	1.0000	0.8586	NaN	NaN	NaN	402793.3955	402793.8103	1.0000	1.0000	0.2789
21zf03	2	37	1	1	1.0000	1.0000	-1.0000	NaN	2.4104	-2.8267	15.6835	402796.3521	402796.6543	0.0000	1.0000	0.3456
21zf03	2	37	1	1	2.0000	1.0000	1.0000	0.0496	NaN	NaN	NaN	402797.6320	402797.9855	1.0000	1.0000	0.1177
21zf03	2	38	1	1	1.0000	1.0000	-1.0000	NaN	4.2654	-4.1471	13.8919	402800.5090	402800.8113	0.0000	1.0000	0.5399
21zf03	2	38	1	1	2.0000	1.0000	1.0000	0.5889	NaN	NaN	NaN	402801.9216	402802.2717	1.0000	1.0000	0.1691
21zf03	2	39	1	1	1.0000	1.0000	1.0000	NaN	2.2805	3.7288	15.1268	402804.7792	402805.0820	1.0000	1.0000	0.3026
21zf03	2	39	1	1	2.0000	1.0000	1.0000	0.9650	NaN	NaN	NaN	402805.9538	402806.3047	1.0000	1.0000	0.3275
21zf03	2	40	1	1	1.0000	1.0000	-1.0000	NaN	0.5629	-0.7321	16.0144	402808.6377	402808.9399	1.0000	0.0000	0.4130
21zf03	2	40	1	1	2.0000	1.0000	-1.0000	0.3768	NaN	NaN	NaN	402809.9376	402810.2878	1.0000	0.0000	0.3763
21zf03	2	41	1	1	1.0000	1.0000	1.0000	NaN	3.7028	3.8800	14.0584	402812.7147	402813.0169	0.0000	0.0000	0.9274
21zf03	2	41	1	1	2.0000	1.0000	-1.0000	0.5970	NaN	NaN	NaN	402814.4963	402814.8513	1.0000	0.0000	0.0050
21zf03	2	42	1	1	1.0000	1.0000	-1.0000	NaN	5.5005	-5.9554	14.6212	402817.1218	402817.4240	0.0000	1.0000	0.3603
21zf03	2	42	1	1	2.0000	1.0000	1.0000	0.5214	NaN	NaN	NaN	402818.3540	402818.7043	1.0000	1.0000	0.0005
21zf03	2	43	1	1	1.0000	1.0000	1.0000	NaN	2.0318	1.6534	15.3933	402820.6394	402820.9417	0.0000	0.0000	0.4424
21zf03	2	43	1	1	2.0000	1.0000	-1.0000	0.1346	NaN	NaN	NaN	402821.9538	402822.3039	1.0000	0.0000	0.0005
21zf03	2	44	1	1	1.0000	1.0000	-1.0000	NaN	1.7866	-1.6909	13.6255	402824.4461	402824.7495	1.0000	0.0000	0.3137
21zf03	2	44	1	1	2.0000	1.0000	-1.0000	0.2295	NaN	NaN	NaN	402825.6161	402825.9686	1.0000	0.0000	0.3106
21zf03	2	45	1	1	1.0000	1.0000	-1.0000	NaN	4.4294	-4.0469	14.8806	402828.6701	402828.9724	0.0000	1.0000	0.3641
21zf03	2	45	1	1	2.0000	1.0000	1.0000	0.7036	NaN	NaN	NaN	402829.8398	402830.1964	1.0000	1.0000	0.7074
21zf03	2	46	1	1	1.0000	1.0000	1.0000	NaN	2.2718	2.9438	14.6183	402833.5111	402833.8139	0.0000	0.0000	1.2827
21zf03	2	46	1	1	2.0000	1.0000	-1.0000	0.2637	NaN	NaN	NaN	402835.6645	402836.0181	1.0000	0.0000	0.2458
21zf03	2	47	1	1	1.0000	1.0000	-1.0000	NaN	5.6910	-5.5772	14.8523	402838.6541	402838.9581	0.0000	1.0000	0.4100
21zf03	2	47	1	1	2.0000	1.0000	1.0000	0.4268	NaN	NaN	NaN	402839.9402	402840.3577	1.0000	1.0000	3.2181
21zf03	2	48	1	1	1.0000	1.0000	1.0000	NaN	5.3910	8.1237	16.7859	402845.4710	402845.7758	1.0000	1.0000	0.3273
21zf03	2	48	1	1	2.0000	1.0000	1.0000	0.4951	NaN	NaN	NaN	402846.6279	402847.0544	1.0000	1.0000	0.0006
21zf03	2	49	1	1	1.0000	1.0000	-1.0000	NaN	0.6061	-1.1523	15.3309	402849.1607	402849.4680	0.0000	1.0000	0.9072
21zf03	2	49	1	1	2.0000	1.0000	1.0000	0.0621	NaN	NaN	NaN	402850.8692	402851.2622	0.0000	0.0000	0.0264
21zf03	2	50	1	1	1.0000	1.0000	1.0000	NaN	6.5276	7.1272	14.2921	402853.2158	402853.5180	1.0000	1.0000	0.4419
21zf03	2	50	1	1	2.0000	1.0000	1.0000	0.7348	NaN	NaN	NaN	402854.5435	402854.8992	1.0000	1.0000	0.0006
21zf03	3	1	1	1	1.0000	1.0000	1.0000	NaN	4.3814	3.7789	15.3449	402858.3756	402858.6778	1.0000	1.0000	0.3702
21zf03	3	1	1	1	2.0000	1.0000	1.0000	0.9295	NaN	NaN	NaN	402859.6327	402859.9836	1.0000	1.0000	0.0005
21zf03	3	2	1	1	1.0000	1.0000	-1.0000	NaN	3.4249	-3.8200	15.8426	402861.7841	402862.0864	0.0000	1.0000	0.5768
21zf03	3	2	1	1	2.0000	1.0000	1.0000	0.9233	NaN	NaN	NaN	402863.2016	402863.5519	1.0000	1.0000	0.0005
21zf03	3	3	1	1	1.0000	1.0000	1.0000	NaN	3.1566	2.8966	15.2954	402865.9107	402866.2141	1.0000	1.0000	0.4982
21zf03	3	3	1	1	2.0000	1.0000	1.0000	0.6447	NaN	NaN	NaN	402867.2646	402867.6165	1.0000	1.0000	0.3272
21zf03	3	4	1	1	1.0000	1.0000	-1.0000	NaN	6.6437	-7.9374	16.7473	402870.1733	402870.4755	0.0000	1.0000	0.5884
21zf03	3	4	1	1	2.0000	1.0000	1.0000	0.1081	NaN	NaN	NaN	402871.6179	402871.9679	1.0000	1.0000	1.2712
21zf03	3	5	1	1	1.0000	1.0000	-1.0000	NaN	4.2335	-3.6135	15.2849	402875.2042	402875.5063	0.0000	1.0000	0.9968
21zf03	3	5	1	1	2.0000	1.0000	1.0000	0.1099	NaN	NaN	NaN	402877.0721	402877.4272	1.0000	1.0000	0.1176
21zf03	3	6	1	1	1.0000	1.0000	-1.0000	NaN	2.1418	-1.1777	14.8660	402880.0924	402880.3955	1.0000	0.0000	0.7969
21zf03	3	6	1	1	2.0000	1.0000	-1.0000	0.6008	NaN	NaN	NaN	402881.6805	402882.0324	1.0000	0.0000	0.3907
21zf03	3	7	1	1	1.0000	1.0000	1.0000	NaN	0.4151	1.3410	16.3734	402884.6925	402884.9994	0.0000	0.0000	0.4317
21zf03	3	7	1	1	2.0000	1.0000	-1.0000	0.4347	NaN	NaN	NaN	402886.0696	402886.4890	1.0000	0.0000	4.2547
21zf03	3	8	1	1	1.0000	1.0000	1.0000	NaN	4.5515	4.1176	15.9871	402893.1972	402893.4993	1.0000	1.0000	0.4124
21zf03	3	8	1	1	2.0000	1.0000	1.0000	0.4145	NaN	NaN	NaN	402894.4796	402894.8318	1.0000	1.0000	1.5278
21zf03	3	9	1	1	1.0000	1.0000	-1.0000	NaN	5.4610	-6.0667	12.7808	402898.7162	402899.0185	0.0000	1.0000	0.8289
21zf03	3	9	1	1	2.0000	1.0000	1.0000	0.1470	NaN	NaN	NaN	402900.4003	402900.7529	1.0000	1.0000	0.3432
21zf03	3	10	1	1	1.0000	1.0000	1.0000	NaN	4.9777	4.8159	16.1968	402903.3760	402903.6789	1.0000	1.0000	0.6168
21zf03	3	10	1	1	2.0000	1.0000	1.0000	0.6968	NaN	NaN	NaN	402904.7998	402905.1498	1.0000	1.0000	0.4897
21zf03	3	11	1	1	1.0000	1.0000	1.0000	NaN	1.3832	1.5130	13.8004	402908.0373	402908.3398	1.0000	1.0000	0.4205
21zf03	3	11	1	1	2.0000	1.0000	1.0000	0.2360	NaN	NaN	NaN	402909.3758	402909.7298	1.0000	1.0000	2.9019
21zf03	3	12	1	1	1.0000	1.0000	1.0000	NaN	2.3044	5.2552	16.1794	402914.6128	402914.9150	1.0000	1.0000	3.6207
21zf03	3	12	1	1	2.0000	1.0000	1.0000	0.7364	NaN	NaN	NaN	402919.0724	402919.4293	1.0000	1.0000	0.4663
21zf03	3	13	1	1	1.0000	1.0000	-1.0000	NaN	2.0579	-2.6250	14.6348	402921.9184	402922.2207	0.0000	1.0000	0.4432
21zf03	3	13	1	1	2.0000	1.0000	1.0000	0.7584	NaN	NaN	NaN	402923.2160	402923.5684	1.0000	1.0000	0.3754
21zf03	3	14	1	1	1.0000	1.0000	1.0000	NaN	0.5740	2.8783	14.6675	402926.2926	402926.5949	1.0000	1.0000	1.6362
21zf03	3	14	1	1	2.0000	1.0000	1.0000	0.3792	NaN	NaN	NaN	402928.7679	402929.1248	1.0000	1.0000	0.0033
21zf03	3	15	1	1	1.0000	1.0000	1.0000	NaN	1.8684	1.1162	15.5049	402931.4768	402931.7809	1.0000	1.0000	0.3879
21zf03	3	15	1	1	2.0000	1.0000	1.0000	0.9564	NaN	NaN	NaN	402932.6582	402933.0693	1.0000	1.0000	0.2831
21zf03	3	16	1	1	1.0000	1.0000	-1.0000	NaN	5.0447	-6.2591	15.5367	402935.6578	402935.9606	0.0000	1.0000	0.6225
21zf03	3	16	1	1	2.0000	1.0000	1.0000	0.0007	NaN	NaN	NaN	402937.1201	402937.4741	1.0000	1.0000	0.1184
21zf03	3	17	1	1	1.0000	1.0000	1.0000	NaN	5.6883	6.1270	13.5019	402939.6467	402939.9489	1.0000	1.0000	0.2509
21zf03	3	17	1	1	2.0000	1.0000	1.0000	0.3712	NaN	NaN	NaN	402940.8004	402941.1574	1.0000	1.0000	0.2576
21zf03	3	18	1	1	1.0000	1.0000	1.0000	NaN	6.9864	6.0825	14.8935	402943.6060	402943.9092	1.0000	1.0000	0.2418
21zf03	3	18	1	1	2.0000	1.0000	1.0000	0.8428	NaN	NaN	NaN	402944.7520	402945.1070	1.0000	1.0000	0.0007
21zf03	3	19	1	1	1.0000	1.0000	-1.0000	NaN	5.1130	-6.5979	15.1646	402947.2280	402947.5301	0.0000	1.0000	0.5576
21zf03	3	19	1	1	2.0000	1.0000	1.0000	0.8132	NaN	NaN	NaN	402948.6712	402949.0279	1.0000	1.0000	0.0992
21zf03	3	20	1	1	1.0000	1.0000	-1.0000	NaN	5.5909	-5.8002	14.9444	402951.8152	402952.1174	1.0000	0.0000	0.4340
21zf03	3	20	1	1	2.0000	1.0000	-1.0000	0.8635	NaN	NaN	NaN	402953.1679	402953.5235	1.0000	0.0000	0.1162
21zf03	3	21	1	1	1.0000	1.0000	-1.0000	NaN	6.4105	-6.9193	15.4573	402956.1371	402956.4393	0.0000	1.0000	0.4477
21zf03	3	21	1	1	2.0000	1.0000	1.0000	0.7016	NaN	NaN	NaN	402957.4240	402957.7775	1.0000	1.0000	0.0068
21zf03	3	22	1	1	1.0000	1.0000	-1.0000	NaN	6.8828	-4.8720	14.5371	402959.7808	402960.0829	0.0000	1.0000	0.3721
21zf03	3	22	1	1	2.0000	1.0000	1.0000	0.7806	NaN	NaN	NaN	402960.9761	402961.3285	1.0000	1.0000	0.0386
21zf03	3	23	1	1	1.0000	1.0000	-1.0000	NaN	0.3349	-0.6939	16.4042	402963.7425	402964.0446	0.0000	1.0000	0.4278
21zf03	3	23	1	1	2.0000	1.0000	1.0000	0.5154	NaN	NaN	NaN	402965.0562	402965.4115	1.0000	1.0000	0.1485
21zf03	3	24	1	1	1.0000	1.0000	-1.0000	NaN	1.9662	-0.6543	15.7944	402967.7150	402968.0172	0.0000	1.0000	0.3738
21zf03	3	24	1	1	2.0000	1.0000	1.0000	0.8447	NaN	NaN	NaN	402968.9453	402969.2964	1.0000	1.0000	0.2786
21zf03	3	25	1	1	1.0000	1.0000	-1.0000	NaN	2.0431	-1.2579	14.0931	402972.2308	402972.5330	1.0000	0.0000	0.5467
21zf03	3	25	1	1	2.0000	1.0000	-1.0000	0.0806	NaN	NaN	NaN	402973.6002	402973.9558	1.0000	0.0000	0.0008
21zf03	3	26	1	1	1.0000	1.0000	1.0000	NaN	3.0846	3.1549	16.3793	402976.2333	402976.5374	1.0000	1.0000	0.2376
21zf03	3	26	1	1	2.0000	1.0000	1.0000	0.9242	NaN	NaN	NaN	402977.3493	402977.7676	1.0000	1.0000	2.5919
21zf03	3	27	1	1	1.0000	1.0000	1.0000	NaN	3.2340	3.3850	14.3248	402982.8281	402983.1329	0.0000	0.0000	0.5386
21zf03	3	27	1	1	2.0000	1.0000	-1.0000	0.7018	NaN	NaN	NaN	402984.1820	402984.6011	1.0000	0.0000	0.0005
21zf03	3	28	1	1	1.0000	1.0000	1.0000	NaN	2.0153	1.2912	14.8870	402987.0468	402987.3516	1.0000	1.0000	0.2880
21zf03	3	28	1	1	2.0000	1.0000	1.0000	0.4285	NaN	NaN	NaN	402988.1825	402988.5884	1.0000	1.0000	0.0007
21zf03	3	29	1	1	1.0000	1.0000	1.0000	NaN	3.3273	1.5166	14.3298	402991.0745	402991.3767	0.0000	0.0000	0.6783
21zf03	3	29	1	1	2.0000	1.0000	-1.0000	0.6998	NaN	NaN	NaN	402992.5617	402992.9120	0.0000	1.0000	3.7030
21zf03	3	30	1	1	1.0000	1.0000	1.0000	NaN	3.5357	3.4930	14.6926	402998.8634	402999.1656	1.0000	1.0000	0.8741
21zf03	3	30	1	1	2.0000	1.0000	1.0000	0.6838	NaN	NaN	NaN	403000.5935	403000.9449	1.0000	1.0000	0.6301
21zf03	3	31	1	1	1.0000	1.0000	1.0000	NaN	5.8366	5.7898	14.0033	403003.7572	403004.0595	1.0000	1.0000	0.3963
21zf03	3	31	1	1	2.0000	1.0000	1.0000	0.5005	NaN	NaN	NaN	403005.0089	403005.3596	1.0000	1.0000	0.0720
21zf03	3	32	1	1	1.0000	1.0000	1.0000	NaN	3.4520	1.9741	14.1857	403007.7960	403008.0982	1.0000	1.0000	0.3732
21zf03	3	32	1	1	2.0000	1.0000	1.0000	0.2377	NaN	NaN	NaN	403009.0402	403009.3927	1.0000	1.0000	0.2949
21zf03	3	33	1	1	1.0000	1.0000	1.0000	NaN	4.9806	4.5552	15.6230	403012.0281	403012.3302	1.0000	1.0000	0.2533
21zf03	3	33	1	1	2.0000	1.0000	1.0000	0.2241	NaN	NaN	NaN	403013.2003	403013.5536	1.0000	1.0000	0.2785
21zf03	3	34	1	1	1.0000	1.0000	-1.0000	NaN	4.8746	-5.3900	16.4726	403015.9277	403016.2300	1.0000	0.0000	0.5301
21zf03	3	34	1	1	2.0000	1.0000	-1.0000	0.2582	NaN	NaN	NaN	403017.3933	403017.7441	1.0000	0.0000	0.2788
21zf03	3	35	1	1	1.0000	1.0000	1.0000	NaN	3.0847	0.0239	15.0004	403019.9442	403020.2463	1.0000	1.0000	0.3206
21zf03	3	35	1	1	2.0000	1.0000	1.0000	0.6687	NaN	NaN	NaN	403021.1525	403021.5075	1.0000	1.0000	0.0687
21zf03	3	36	1	1	1.0000	1.0000	-1.0000	NaN	4.0234	-3.2961	14.6317	403023.8393	403024.1434	0.0000	1.0000	0.5046
21zf03	3	36	1	1	2.0000	1.0000	1.0000	0.4011	NaN	NaN	NaN	403025.2184	403025.6032	1.0000	1.0000	0.0007
21zf03	3	37	1	1	1.0000	1.0000	-1.0000	NaN	3.9237	-5.0823	16.6636	403028.1735	403028.4758	0.0000	1.0000	0.4432
21zf03	3	37	1	1	2.0000	1.0000	1.0000	0.5110	NaN	NaN	NaN	403029.4881	403029.8416	0.0000	0.0000	0.2613
21zf03	3	38	1	1	1.0000	1.0000	1.0000	NaN	6.3979	6.7049	15.4687	403032.2197	403032.5225	1.0000	1.0000	0.7645
21zf03	3	38	1	1	2.0000	1.0000	1.0000	0.3970	NaN	NaN	NaN	403033.8410	403034.1914	1.0000	1.0000	2.7447
21zf03	3	39	1	1	1.0000	1.0000	-1.0000	NaN	1.8832	-2.3091	15.4777	403039.3070	403039.6092	0.0000	1.0000	0.3511
21zf03	3	39	1	1	2.0000	1.0000	1.0000	0.6555	NaN	NaN	NaN	403040.4797	403040.8358	1.0000	1.0000	0.3729
21zf03	3	40	1	1	1.0000	1.0000	-1.0000	NaN	1.2124	-2.2772	13.4788	403043.7005	403044.0032	1.0000	0.0000	0.9166
21zf03	3	40	1	1	2.0000	1.0000	-1.0000	0.0961	NaN	NaN	NaN	403045.4874	403045.8408	1.0000	0.0000	0.3108
21zf03	3	41	1	1	1.0000	1.0000	1.0000	NaN	3.6843	5.5459	13.5144	403048.6639	403048.9662	1.0000	1.0000	0.4012
21zf03	3	41	1	1	2.0000	1.0000	1.0000	0.6154	NaN	NaN	NaN	403049.9517	403050.3061	1.0000	1.0000	0.2296
21zf03	3	42	1	1	1.0000	1.0000	1.0000	NaN	0.1022	0.7181	14.6811	403052.9436	403053.2459	1.0000	1.0000	0.5210
21zf03	3	42	1	1	2.0000	1.0000	1.0000	0.8852	NaN	NaN	NaN	403054.3040	403054.6571	1.0000	1.0000	0.1186
21zf03	3	43	1	1	1.0000	1.0000	1.0000	NaN	0.5338	1.0400	13.7657	403057.1994	403057.5018	1.0000	1.0000	0.8588
21zf03	3	43	1	1	2.0000	1.0000	1.0000	0.6446	NaN	NaN	NaN	403058.9437	403059.2949	1.0000	1.0000	3.4013
21zf03	3	44	1	1	1.0000	1.0000	-1.0000	NaN	6.3530	-5.9561	16.0230	403064.9670	403065.2707	0.0000	1.0000	0.6408
21zf03	3	44	1	1	2.0000	1.0000	1.0000	0.4641	NaN	NaN	NaN	403066.4322	403066.7885	1.0000	1.0000	0.9156
21zf03	3	45	1	1	1.0000	1.0000	-1.0000	NaN	4.6859	-1.9568	16.3430	403069.9455	403070.2502	0.0000	1.0000	0.3807
21zf03	3	45	1	1	2.0000	1.0000	1.0000	0.4399	NaN	NaN	NaN	403071.2181	403071.6291	1.0000	1.0000	0.2991
21zf03	3	46	1	1	1.0000	1.0000	-1.0000	NaN	2.9551	-4.1406	15.0335	403073.9422	403074.2471	0.0000	1.0000	0.3053
21zf03	3	46	1	1	2.0000	1.0000	1.0000	0.1368	NaN	NaN	NaN	403075.0941	403075.5132	1.0000	1.0000	0.2395
21zf03	3	47	1	1	1.0000	1.0000	-1.0000	NaN	6.1654	-4.9981	16.9734	403077.7580	403078.0602	0.0000	1.0000	0.2667
21zf03	3	47	1	1	2.0000	1.0000	1.0000	0.6573	NaN	NaN	NaN	403078.8635	403079.2170	1.0000	1.0000	0.1516
21zf03	3	48	1	1	1.0000	1.0000	-1.0000	NaN	0.9302	-1.8952	13.8080	403081.4419	403081.7441	0.0000	1.0000	0.4868
21zf03	3	48	1	1	2.0000	1.0000	1.0000	0.0274	NaN	NaN	NaN	403082.7678	403083.1211	1.0000	1.0000	0.0006
21zf03	3	49	1	1	1.0000	1.0000	-1.0000	NaN	0.4162	-0.5481	13.6188	403084.8776	403085.1797	0.0000	1.0000	0.6677
21zf03	3	49	1	1	2.0000	1.0000	1.0000	0.8397	NaN	NaN	NaN	403086.3672	403086.7207	0.0000	0.0000	3.2711
21zf03	3	50	1	1	1.0000	1.0000	1.0000	NaN	2.4503	3.3117	14.3901	403092.1324	403092.4360	0.0000	0.0000	0.3555
21zf03	3	50	1	1	2.0000	1.0000	-1.0000	0.2670	NaN	NaN	NaN	403093.3435	403093.6998	1.0000	0.0000	0.1317
21zf03	4	1	1	1	1.0000	1.0000	1.0000	NaN	5.6932	6.2730	14.7618	403112.0599	403112.3623	1.0000	1.0000	0.4938
21zf03	4	1	1	1	2.0000	1.0000	1.0000	0.6210	NaN	NaN	NaN	403113.4076	403113.7588	1.0000	1.0000	0.2321
21zf03	4	2	1	1	1.0000	1.0000	-1.0000	NaN	6.4348	-4.3171	14.2613	403116.4530	403116.7571	0.0000	1.0000	0.6265
21zf03	4	2	1	1	2.0000	1.0000	1.0000	0.7981	NaN	NaN	NaN	403117.9256	403118.3441	1.0000	1.0000	2.5908
21zf03	4	3	1	1	1.0000	1.0000	1.0000	NaN	4.9785	7.1848	15.2180	403123.2707	403123.5755	1.0000	1.0000	0.2393
21zf03	4	3	1	1	2.0000	1.0000	1.0000	0.4385	NaN	NaN	NaN	403124.3895	403124.7815	1.0000	1.0000	2.8094
21zf03	4	4	1	1	1.0000	1.0000	1.0000	NaN	5.3016	4.3517	15.1407	403130.0216	403130.3238	1.0000	1.0000	0.3396
21zf03	4	4	1	1	2.0000	1.0000	1.0000	0.2923	NaN	NaN	NaN	403131.2638	403131.6185	1.0000	1.0000	0.1163
21zf03	4	5	1	1	1.0000	1.0000	1.0000	NaN	0.0478	1.1526	14.7263	403134.4069	403134.7091	0.0000	0.0000	0.6737
21zf03	4	5	1	1	2.0000	1.0000	-1.0000	0.6300	NaN	NaN	NaN	403135.9211	403136.2713	1.0000	0.0000	0.0088
21zf03	4	6	1	1	1.0000	1.0000	-1.0000	NaN	3.5373	-1.1500	13.9291	403138.2124	403138.5150	0.0000	1.0000	0.9318
21zf03	4	6	1	1	2.0000	1.0000	1.0000	0.3498	NaN	NaN	NaN	403140.0001	403140.3527	1.0000	1.0000	0.0005
21zf03	4	7	1	1	1.0000	1.0000	1.0000	NaN	6.6691	7.3494	15.5788	403142.7264	403143.0285	1.0000	1.0000	0.3556
21zf03	4	7	1	1	2.0000	1.0000	1.0000	0.5033	NaN	NaN	NaN	403143.9835	403144.3359	1.0000	1.0000	0.4402
21zf03	4	8	1	1	1.0000	1.0000	1.0000	NaN	6.1635	3.6249	15.8443	403146.6469	403146.9500	0.0000	0.0000	0.5775
21zf03	4	8	1	1	2.0000	1.0000	-1.0000	0.3542	NaN	NaN	NaN	403148.0800	403148.4345	1.0000	0.0000	0.1015
21zf03	4	9	1	1	1.0000	1.0000	-1.0000	NaN	4.7433	-4.1866	15.6211	403150.7241	403151.0263	0.0000	1.0000	0.2933
21zf03	4	9	1	1	2.0000	1.0000	1.0000	0.8780	NaN	NaN	NaN	403151.8875	403152.2406	1.0000	1.0000	0.8862
21zf03	4	10	1	1	1.0000	1.0000	-1.0000	NaN	5.3071	-4.3095	17.4242	403155.4008	403155.7030	0.0000	1.0000	0.4318
21zf03	4	10	1	1	2.0000	1.0000	1.0000	0.3349	NaN	NaN	NaN	403156.6871	403157.0397	1.0000	1.0000	0.4729
21zf03	4	11	1	1	1.0000	1.0000	1.0000	NaN	1.0967	1.6369	14.7315	403159.5753	403159.8776	1.0000	1.0000	0.5464
21zf03	4	11	1	1	2.0000	1.0000	1.0000	0.9553	NaN	NaN	NaN	403161.0233	403161.3797	1.0000	1.0000	0.2598
21zf03	4	12	1	1	1.0000	1.0000	1.0000	NaN	6.7525	7.3782	15.1156	403164.1472	403164.4520	1.0000	1.0000	0.2747
21zf03	4	12	1	1	2.0000	1.0000	1.0000	0.2127	NaN	NaN	NaN	403165.3304	403165.7404	1.0000	1.0000	0.2516
21zf03	4	13	1	1	1.0000	1.0000	1.0000	NaN	3.7610	4.1358	15.3503	403168.4125	403168.7184	1.0000	1.0000	0.4585
21zf03	4	13	1	1	2.0000	1.0000	1.0000	0.7146	NaN	NaN	NaN	403169.7949	403170.2210	1.0000	1.0000	0.3462
21zf03	4	14	1	1	1.0000	1.0000	-1.0000	NaN	4.1348	-3.6356	14.9403	403172.9220	403173.2269	1.0000	0.0000	0.0062
21zf03	4	14	1	1	2.0000	1.0000	-1.0000	0.9400	NaN	NaN	NaN	403173.7004	403174.1194	1.0000	0.0000	0.0167
21zf03	4	15	1	1	1.0000	1.0000	1.0000	NaN	0.2762	0.6651	14.1912	403176.7598	403177.0668	1.0000	1.0000	0.5091
21zf03	4	15	1	1	2.0000	1.0000	1.0000	0.1537	NaN	NaN	NaN	403178.1310	403178.5409	1.0000	1.0000	0.0911
21zf03	4	16	1	1	1.0000	1.0000	-1.0000	NaN	4.2917	-3.3835	14.9514	403180.4715	403180.7736	0.0000	1.0000	0.4652
21zf03	4	16	1	1	2.0000	1.0000	1.0000	0.3852	NaN	NaN	NaN	403181.7752	403182.1284	1.0000	1.0000	0.1196
21zf03	4	17	1	1	1.0000	1.0000	1.0000	NaN	2.2838	4.5979	16.0758	403184.3446	403184.6480	1.0000	1.0000	0.2879
21zf03	4	17	1	1	2.0000	1.0000	1.0000	0.5426	NaN	NaN	NaN	403185.4555	403185.8118	1.0000	1.0000	0.1485
21zf03	4	18	1	1	1.0000	1.0000	1.0000	NaN	1.3352	0.9603	13.9592	403188.3668	403188.6689	1.0000	1.0000	0.3138
21zf03	4	18	1	1	2.0000	1.0000	1.0000	0.7466	NaN	NaN	NaN	403189.5360	403189.8886	1.0000	1.0000	0.2311
21zf03	4	19	1	1	1.0000	1.0000	1.0000	NaN	6.3378	4.7934	13.8958	403192.4521	403192.7542	1.0000	1.0000	0.2303
21zf03	4	19	1	1	2.0000	1.0000	1.0000	0.5197	NaN	NaN	NaN	403193.5355	403193.8886	1.0000	1.0000	0.2634
21zf03	4	20	1	1	1.0000	1.0000	-1.0000	NaN	5.7261	-4.1710	17.0565	403196.4588	403196.7610	0.0000	1.0000	0.5737
21zf03	4	20	1	1	2.0000	1.0000	1.0000	0.1310	NaN	NaN	NaN	403197.8716	403198.2278	1.0000	1.0000	0.9469
21zf03	4	21	1	1	1.0000	1.0000	1.0000	NaN	0.0409	0.1138	14.0305	403201.3217	403201.6239	0.0000	0.0000	0.7201
21zf03	4	21	1	1	2.0000	1.0000	-1.0000	0.8085	NaN	NaN	NaN	403202.9276	403203.2817	1.0000	0.0000	0.0690
21zf03	4	22	1	1	1.0000	1.0000	1.0000	NaN	0.3805	1.0715	14.0653	403205.7971	403206.0992	0.0000	0.0000	0.7884
21zf03	4	22	1	1	2.0000	1.0000	-1.0000	0.5513	NaN	NaN	NaN	403207.4080	403207.7648	1.0000	0.0000	0.0500
21zf03	4	23	1	1	1.0000	1.0000	-1.0000	NaN	3.1086	-2.5393	15.2964	403209.6564	403209.9585	0.0000	1.0000	0.2247
21zf03	4	23	1	1	2.0000	1.0000	1.0000	0.4201	NaN	NaN	NaN	403210.7352	403211.1559	1.0000	1.0000	0.0006
21zf03	4	24	1	1	1.0000	1.0000	-1.0000	NaN	7.0529	-7.1617	15.3446	403213.1796	403213.4841	0.0000	1.0000	0.3146
21zf03	4	24	1	1	2.0000	1.0000	1.0000	0.1566	NaN	NaN	NaN	403214.3717	403214.7871	1.0000	1.0000	0.0036
21zf03	4	25	1	1	1.0000	1.0000	-1.0000	NaN	1.5850	-2.3397	14.2313	403217.1698	403217.4720	0.0000	1.0000	0.3443
21zf03	4	25	1	1	2.0000	1.0000	1.0000	0.3820	NaN	NaN	NaN	403218.3839	403218.7372	1.0000	1.0000	0.1346
21zf03	4	26	1	1	1.0000	1.0000	-1.0000	NaN	5.0459	-4.6133	17.3501	403221.2517	403221.5538	0.0000	1.0000	0.2772
21zf03	4	26	1	1	2.0000	1.0000	1.0000	0.6391	NaN	NaN	NaN	403222.4003	403222.7533	1.0000	1.0000	0.3273
21zf03	4	27	1	1	1.0000	1.0000	1.0000	NaN	4.7195	2.4582	14.5115	403225.4513	403225.7535	0.0000	0.0000	0.3492
21zf03	4	27	1	1	2.0000	1.0000	-1.0000	0.4600	NaN	NaN	NaN	403226.6398	403226.9928	1.0000	0.0000	0.1191
21zf03	4	28	1	1	1.0000	1.0000	-1.0000	NaN	2.5873	-2.0138	14.6141	403229.6127	403229.9149	0.0000	1.0000	0.3798
21zf03	4	28	1	1	2.0000	1.0000	1.0000	0.8211	NaN	NaN	NaN	403230.8794	403231.2315	1.0000	1.0000	0.0393
21zf03	4	29	1	1	1.0000	1.0000	-1.0000	NaN	1.0338	-1.4840	15.7778	403233.9149	403234.2171	1.0000	0.0000	0.6234
21zf03	4	29	1	1	2.0000	1.0000	-1.0000	0.8571	NaN	NaN	NaN	403235.4237	403235.7799	1.0000	0.0000	0.0007
21zf03	4	30	1	1	1.0000	1.0000	1.0000	NaN	0.4077	1.8041	14.2624	403238.0670	403238.3692	0.0000	0.0000	0.3744
21zf03	4	30	1	1	2.0000	1.0000	-1.0000	0.7257	NaN	NaN	NaN	403239.2958	403239.6477	1.0000	0.0000	0.0231
21zf03	4	31	1	1	1.0000	1.0000	1.0000	NaN	3.4251	3.4650	15.0049	403241.9897	403242.2920	1.0000	1.0000	0.9794
21zf03	4	31	1	1	2.0000	1.0000	1.0000	0.2021	NaN	NaN	NaN	403243.7913	403244.1462	1.0000	1.0000	3.5415
21zf03	4	32	1	1	1.0000	1.0000	1.0000	NaN	2.2288	2.7974	13.9125	403249.9456	403250.2479	1.0000	1.0000	0.7188
21zf03	4	32	1	1	2.0000	1.0000	1.0000	0.1806	NaN	NaN	NaN	403251.4880	403251.8415	1.0000	1.0000	0.3423
21zf03	4	33	1	1	1.0000	1.0000	-1.0000	NaN	4.5457	-2.9340	16.6928	403254.4901	403254.7932	1.0000	0.0000	3.0386
21zf03	4	33	1	1	2.0000	1.0000	-1.0000	0.3300	NaN	NaN	NaN	403258.3865	403258.8025	1.0000	0.0000	0.9489
21zf03	4	34	1	1	1.0000	1.0000	-1.0000	NaN	3.9981	-3.7703	14.8999	403261.9688	403262.2730	0.0000	1.0000	0.3107
21zf03	4	34	1	1	2.0000	1.0000	1.0000	0.8968	NaN	NaN	NaN	403263.1868	403263.6037	1.0000	1.0000	0.0005
21zf03	4	35	1	1	1.0000	1.0000	1.0000	NaN	3.1223	2.9042	14.3373	403265.5960	403265.9010	1.0000	1.0000	0.6337
21zf03	4	35	1	1	2.0000	1.0000	1.0000	0.6153	NaN	NaN	NaN	403267.0910	403267.5030	0.0000	0.0000	0.1691
21zf03	4	36	1	1	1.0000	1.0000	-1.0000	NaN	4.1072	-2.0852	14.7997	403270.0676	403270.3720	0.0000	1.0000	0.4998
21zf03	4	36	1	1	2.0000	1.0000	1.0000	0.4865	NaN	NaN	NaN	403271.4750	403271.8861	1.0000	1.0000	0.0096
21zf03	4	37	1	1	1.0000	1.0000	1.0000	NaN	0.0740	2.9136	14.9196	403274.4111	403274.7132	0.0000	0.0000	0.7174
21zf03	4	37	1	1	2.0000	1.0000	-1.0000	0.5902	NaN	NaN	NaN	403275.9836	403276.3404	1.0000	0.0000	2.9463
21zf03	4	38	1	1	1.0000	1.0000	-1.0000	NaN	5.4855	-6.1227	14.6075	403281.4030	403281.7053	0.0000	1.0000	0.2386
21zf03	4	38	1	1	2.0000	1.0000	1.0000	0.1598	NaN	NaN	NaN	403282.5133	403282.8643	1.0000	1.0000	0.0556
21zf03	4	39	1	1	1.0000	1.0000	-1.0000	NaN	6.1123	-5.0306	15.8090	403285.2666	403285.5688	0.0000	1.0000	0.5340
21zf03	4	39	1	1	2.0000	1.0000	1.0000	0.8191	NaN	NaN	NaN	403286.6877	403287.0441	1.0000	1.0000	0.0505
21zf03	4	40	1	1	1.0000	1.0000	-1.0000	NaN	1.1800	-3.7896	14.9942	403289.2886	403289.5917	0.0000	1.0000	0.3990
21zf03	4	40	1	1	2.0000	1.0000	1.0000	0.6764	NaN	NaN	NaN	403290.5761	403290.9284	1.0000	1.0000	0.0081
21zf03	4	41	1	1	1.0000	1.0000	1.0000	NaN	5.9225	7.7751	14.3816	403293.1764	403293.4787	0.0000	0.0000	0.5923
21zf03	4	41	1	1	2.0000	1.0000	-1.0000	0.5729	NaN	NaN	NaN	403294.6710	403295.0270	1.0000	0.0000	2.1013
21zf03	4	42	1	1	1.0000	1.0000	1.0000	NaN	5.2318	5.6754	14.7250	403298.9836	403299.2858	1.0000	1.0000	0.5140
21zf03	4	42	1	1	2.0000	1.0000	1.0000	0.9032	NaN	NaN	NaN	403300.3516	403300.7058	1.0000	1.0000	0.5980
21zf03	4	43	1	1	1.0000	1.0000	-1.0000	NaN	0.7453	-0.3808	15.6429	403303.4022	403303.7081	1.0000	0.0000	1.0350
21zf03	4	43	1	1	2.0000	1.0000	-1.0000	0.9355	NaN	NaN	NaN	403305.3004	403305.7177	1.0000	0.0000	0.2255
21zf03	4	44	1	1	1.0000	1.0000	1.0000	NaN	4.7465	5.3356	15.7259	403308.1110	403308.4157	1.0000	1.0000	1.6399
21zf03	4	44	1	1	2.0000	1.0000	1.0000	0.6665	NaN	NaN	NaN	403310.6137	403311.0342	1.0000	1.0000	0.1097
21zf03	4	45	1	1	1.0000	1.0000	1.0000	NaN	7.1087	8.0330	15.7107	403313.4614	403313.7660	1.0000	1.0000	2.8807
21zf03	4	45	1	1	2.0000	1.0000	1.0000	0.9261	NaN	NaN	NaN	403317.2023	403317.5937	0.0000	0.0000	0.0466
21zf03	4	46	1	1	1.0000	1.0000	1.0000	NaN	3.9996	6.7720	15.2365	403319.8935	403320.1958	1.0000	1.0000	0.1949
21zf03	4	46	1	1	2.0000	1.0000	1.0000	0.9211	NaN	NaN	NaN	403320.9287	403321.2785	1.0000	1.0000	0.1201
21zf03	4	47	1	1	1.0000	1.0000	-1.0000	NaN	0.7442	-0.2931	15.3275	403323.4733	403323.7755	1.0000	0.0000	0.3918
21zf03	4	47	1	1	2.0000	1.0000	-1.0000	0.0579	NaN	NaN	NaN	403324.7199	403325.0756	1.0000	0.0000	0.0025
21zf03	4	48	1	1	1.0000	1.0000	1.0000	NaN	6.7130	6.1500	15.6008	403327.1991	403327.5013	1.0000	1.0000	0.3950
21zf03	4	48	1	1	2.0000	1.0000	1.0000	0.4528	NaN	NaN	NaN	403328.4314	403328.7879	1.0000	1.0000	0.4987
21zf03	4	49	1	1	1.0000	1.0000	-1.0000	NaN	3.6238	-4.0330	13.5919	403331.1439	403331.4461	0.0000	1.0000	0.7525
21zf03	4	49	1	1	2.0000	1.0000	1.0000	0.7162	NaN	NaN	NaN	403332.8479	403333.2043	1.0000	1.0000	0.0840
21zf03	4	50	1	1	1.0000	1.0000	-1.0000	NaN	0.9349	-1.8650	16.4531	403335.9748	403336.2770	0.0000	1.0000	0.5935
21zf03	4	50	1	1	2.0000	1.0000	1.0000	0.7622	NaN	NaN	NaN	403337.4715	403337.8261	1.0000	1.0000	0.1816
21zf03	5	1	1	1	1.0000	1.0000	-1.0000	NaN	1.4899	-2.5293	14.1820	403341.6837	403341.9860	1.0000	0.0000	0.5972
21zf03	5	1	1	1	2.0000	1.0000	-1.0000	0.8040	NaN	NaN	NaN	403343.1518	403343.5077	1.0000	0.0000	0.0006
21zf03	5	2	1	1	1.0000	1.0000	1.0000	NaN	3.6215	4.6633	13.7143	403345.9544	403346.2566	1.0000	1.0000	0.2460
21zf03	5	2	1	1	2.0000	1.0000	1.0000	0.3009	NaN	NaN	NaN	403347.0398	403347.3922	1.0000	1.0000	0.0005
21zf03	5	3	1	1	1.0000	1.0000	1.0000	NaN	5.9567	6.3829	13.3968	403349.3618	403349.6640	1.0000	1.0000	0.5666
21zf03	5	3	1	1	2.0000	1.0000	1.0000	0.8958	NaN	NaN	NaN	403350.8018	403351.2121	1.0000	1.0000	0.2511
21zf03	5	4	1	1	1.0000	1.0000	1.0000	NaN	3.2177	3.2721	16.6990	403354.0864	403354.3895	1.0000	1.0000	0.2901
21zf03	5	4	1	1	2.0000	1.0000	1.0000	0.3351	NaN	NaN	NaN	403355.1998	403355.5531	1.0000	1.0000	0.1826
21zf03	5	5	1	1	1.0000	1.0000	-1.0000	NaN	0.2337	-0.2503	14.4661	403358.0828	403358.3850	1.0000	0.0000	3.0308
21zf03	5	5	1	1	2.0000	1.0000	-1.0000	0.1371	NaN	NaN	NaN	403361.9835	403362.3403	1.0000	0.0000	2.8663
21zf03	5	6	1	1	1.0000	1.0000	-1.0000	NaN	2.7348	-2.5992	14.4481	403367.4442	403367.7464	1.0000	0.0000	0.4201
21zf03	5	6	1	1	2.0000	1.0000	-1.0000	0.3735	NaN	NaN	NaN	403368.7200	403369.0744	1.0000	0.0000	0.2933
21zf03	5	7	1	1	1.0000	1.0000	-1.0000	NaN	0.5107	-0.7401	15.5363	403371.7443	403372.0464	1.0000	0.0000	0.2001
21zf03	5	7	1	1	2.0000	1.0000	-1.0000	0.7978	NaN	NaN	NaN	403372.7995	403373.1564	1.0000	0.0000	0.0006
21zf03	5	8	1	1	1.0000	1.0000	-1.0000	NaN	1.1387	-3.1351	15.4006	403375.5562	403375.8583	0.0000	1.0000	0.3082
21zf03	5	8	1	1	2.0000	1.0000	1.0000	0.6417	NaN	NaN	NaN	403376.7197	403377.0728	1.0000	1.0000	0.0006
21zf03	5	9	1	1	1.0000	1.0000	1.0000	NaN	1.7822	2.4836	13.9320	403379.1518	403379.4549	1.0000	1.0000	3.0316
21zf03	5	9	1	1	2.0000	1.0000	1.0000	0.9023	NaN	NaN	NaN	403383.0560	403383.4071	1.0000	1.0000	3.5274
21zf03	5	10	1	1	1.0000	1.0000	1.0000	NaN	3.9817	3.4688	14.1270	403389.0000	403389.3030	1.0000	1.0000	0.2402
21zf03	5	10	1	1	2.0000	1.0000	1.0000	0.2180	NaN	NaN	NaN	403390.1117	403390.4681	1.0000	1.0000	0.2121
21zf03	5	11	1	1	1.0000	1.0000	-1.0000	NaN	6.7908	-6.7702	16.3062	403392.7595	403393.0617	0.0000	1.0000	0.3539
21zf03	5	11	1	1	2.0000	1.0000	1.0000	0.8868	NaN	NaN	NaN	403393.9354	403394.2898	1.0000	1.0000	0.0528
21zf03	5	12	1	1	1.0000	1.0000	-1.0000	NaN	5.3911	-6.4054	14.1523	403396.4323	403396.7347	0.0000	1.0000	0.7598
21zf03	5	12	1	1	2.0000	1.0000	1.0000	0.6168	NaN	NaN	NaN	403398.0341	403398.4456	0.0000	0.0000	0.0005
21zf03	5	13	1	1	1.0000	1.0000	1.0000	NaN	1.5286	2.7507	15.8249	403400.7754	403401.0795	1.0000	1.0000	0.2242
21zf03	5	13	1	1	2.0000	1.0000	1.0000	0.1212	NaN	NaN	NaN	403401.8774	403402.2962	1.0000	1.0000	0.0634
21zf03	5	14	1	1	1.0000	1.0000	1.0000	NaN	2.8628	2.7834	14.9731	403404.3644	403404.6667	0.0000	0.0000	1.3250
21zf03	5	14	1	1	2.0000	1.0000	-1.0000	0.0350	NaN	NaN	NaN	403406.5597	403406.9110	1.0000	0.0000	0.0715
21zf03	5	15	1	1	1.0000	1.0000	-1.0000	NaN	2.6978	-1.8055	15.0875	403409.1302	403409.4325	1.0000	0.0000	0.7830
21zf03	5	15	1	1	2.0000	1.0000	-1.0000	0.0186	NaN	NaN	NaN	403410.7999	403411.1545	1.0000	0.0000	0.0209
21zf03	5	16	1	1	1.0000	1.0000	-1.0000	NaN	2.5304	-2.8286	16.4443	403413.6519	403413.9540	0.0000	1.0000	0.3725
21zf03	5	16	1	1	2.0000	1.0000	1.0000	0.6653	NaN	NaN	NaN	403414.9116	403415.2668	1.0000	1.0000	0.4197
21zf03	5	17	1	1	1.0000	1.0000	1.0000	NaN	3.8952	2.6162	15.5421	403417.8097	403418.1119	1.0000	1.0000	0.2306
21zf03	5	17	1	1	2.0000	1.0000	1.0000	0.1697	NaN	NaN	NaN	403418.8799	403419.2332	1.0000	1.0000	0.0009
21zf03	5	18	1	1	1.0000	1.0000	1.0000	NaN	3.6687	2.0394	14.4882	403421.7555	403422.0577	1.0000	1.0000	0.3504
21zf03	5	18	1	1	2.0000	1.0000	1.0000	0.1107	NaN	NaN	NaN	403422.9432	403423.2998	1.0000	1.0000	0.1000
21zf03	5	19	1	1	1.0000	1.0000	1.0000	NaN	0.4754	1.1949	15.0639	403425.6986	403426.0022	1.0000	1.0000	0.5976
21zf03	5	19	1	1	2.0000	1.0000	1.0000	0.0009	NaN	NaN	NaN	403427.1670	403427.5204	1.0000	1.0000	0.0007
21zf03	5	20	1	1	1.0000	1.0000	-1.0000	NaN	6.9417	-7.2989	14.8918	403429.8534	403430.1556	0.0000	1.0000	0.6513
21zf03	5	20	1	1	2.0000	1.0000	1.0000	0.6780	NaN	NaN	NaN	403431.4077	403431.7595	1.0000	1.0000	0.0082
21zf03	5	21	1	1	1.0000	1.0000	-1.0000	NaN	2.6247	-3.4983	15.2499	403434.1228	403434.4250	0.0000	1.0000	0.5425
21zf03	5	21	1	1	2.0000	1.0000	1.0000	0.5901	NaN	NaN	NaN	403435.5357	403435.8881	1.0000	1.0000	0.2303
21zf03	5	22	1	1	1.0000	1.0000	1.0000	NaN	5.3914	5.1668	15.7521	403438.4085	403438.7108	1.0000	1.0000	0.4170
21zf03	5	22	1	1	2.0000	1.0000	1.0000	0.3527	NaN	NaN	NaN	403439.6794	403440.0364	1.0000	1.0000	0.2741
21zf03	5	23	1	1	1.0000	1.0000	-1.0000	NaN	4.9876	-5.6115	15.9824	403442.1195	403442.4217	1.0000	0.0000	0.4979
21zf03	5	23	1	1	2.0000	1.0000	-1.0000	0.8085	NaN	NaN	NaN	403443.4595	403443.8756	0.0000	1.0000	0.9954
21zf03	5	24	1	1	1.0000	1.0000	-1.0000	NaN	4.5219	-4.8204	12.8878	403447.0240	403447.3262	0.0000	1.0000	0.4581
21zf03	5	24	1	1	2.0000	1.0000	1.0000	0.2777	NaN	NaN	NaN	403448.3678	403448.7205	1.0000	1.0000	0.1186
21zf03	5	25	1	1	1.0000	1.0000	-1.0000	NaN	3.5777	-5.6445	14.8606	403451.2050	403451.5072	1.0000	0.0000	0.2117
21zf03	5	25	1	1	2.0000	1.0000	-1.0000	0.9704	NaN	NaN	NaN	403452.3210	403452.6719	1.0000	0.0000	1.8151
21zf03	5	26	1	1	1.0000	1.0000	1.0000	NaN	0.7896	2.5916	14.2653	403456.9484	403457.2510	1.0000	1.0000	0.3555
21zf03	5	26	1	1	2.0000	1.0000	1.0000	0.6157	NaN	NaN	NaN	403458.1755	403458.5313	1.0000	1.0000	0.3083
21zf03	5	27	1	1	1.0000	1.0000	1.0000	NaN	3.7410	4.4142	15.2835	403460.9865	403461.2886	1.0000	1.0000	3.0058
21zf03	5	27	1	1	2.0000	1.0000	1.0000	0.9428	NaN	NaN	NaN	403464.8147	403465.1684	1.0000	1.0000	1.5907
21zf03	5	28	1	1	1.0000	1.0000	1.0000	NaN	1.7992	0.3297	15.7716	403468.5679	403468.8700	0.0000	0.0000	0.7045
21zf03	5	28	1	1	2.0000	1.0000	-1.0000	0.9715	NaN	NaN	NaN	403470.1428	403470.4971	0.0000	1.0000	3.5260
21zf03	5	29	1	1	1.0000	1.0000	1.0000	NaN	4.9748	5.4349	13.5120	403475.9799	403476.2832	1.0000	1.0000	0.2847
21zf03	5	29	1	1	2.0000	1.0000	1.0000	0.9858	NaN	NaN	NaN	403477.1372	403477.4875	1.0000	1.0000	0.5206
21zf03	5	30	1	1	1.0000	1.0000	1.0000	NaN	3.2413	1.9832	14.9035	403480.1380	403480.4402	1.0000	1.0000	0.3676
21zf03	5	30	1	1	2.0000	1.0000	1.0000	0.6425	NaN	NaN	NaN	403481.3916	403481.7464	1.0000	1.0000	0.4045
21zf03	5	31	1	1	1.0000	1.0000	1.0000	NaN	3.8072	4.1376	15.7981	403484.3395	403484.6418	1.0000	1.0000	0.3726
21zf03	5	31	1	1	2.0000	1.0000	1.0000	0.4969	NaN	NaN	NaN	403485.6314	403485.9853	1.0000	1.0000	2.9656
21zf03	5	32	1	1	1.0000	1.0000	1.0000	NaN	0.8064	3.0385	14.2642	403491.2095	403491.5162	1.0000	1.0000	0.2662
21zf03	5	32	1	1	2.0000	1.0000	1.0000	0.6519	NaN	NaN	NaN	403492.3745	403492.8052	1.0000	1.0000	0.2097
21zf03	5	33	1	1	1.0000	1.0000	-1.0000	NaN	5.6787	-5.0885	16.3123	403495.1792	403495.4858	1.0000	0.0000	1.6247
21zf03	5	33	1	1	2.0000	1.0000	-1.0000	0.9652	NaN	NaN	NaN	403497.7143	403498.1362	1.0000	0.0000	2.3189
21zf03	5	34	1	1	1.0000	1.0000	-1.0000	NaN	2.1452	-3.5534	14.5840	403502.4408	403502.7452	1.0000	0.0000	0.3972
21zf03	5	34	1	1	2.0000	1.0000	-1.0000	0.9645	NaN	NaN	NaN	403503.6986	403504.1196	1.0000	0.0000	0.3188
21zf03	5	35	1	1	1.0000	1.0000	1.0000	NaN	3.7213	3.2645	14.7809	403506.8869	403507.1914	1.0000	1.0000	0.4962
21zf03	5	35	1	1	2.0000	1.0000	1.0000	0.8112	NaN	NaN	NaN	403508.2427	403508.6575	1.0000	1.0000	0.1181
21zf03	5	36	1	1	1.0000	1.0000	1.0000	NaN	2.6595	3.4811	16.1607	403511.0056	403511.3079	1.0000	1.0000	0.3465
21zf03	5	36	1	1	2.0000	1.0000	1.0000	0.7937	NaN	NaN	NaN	403512.2876	403512.6386	1.0000	1.0000	0.1211
21zf03	5	37	1	1	1.0000	1.0000	-1.0000	NaN	4.5792	-4.4922	14.7228	403514.8479	403515.1502	1.0000	0.0000	0.8412
21zf03	5	37	1	1	2.0000	1.0000	-1.0000	0.0587	NaN	NaN	NaN	403516.5753	403516.9325	0.0000	1.0000	1.0899
21zf03	5	38	1	1	1.0000	1.0000	-1.0000	NaN	0.1929	-0.2299	15.1224	403519.9970	403520.2991	1.0000	0.0000	1.4193
21zf03	5	38	1	1	2.0000	1.0000	-1.0000	0.5475	NaN	NaN	NaN	403522.3356	403522.6881	0.0000	1.0000	0.2622
21zf03	5	39	1	1	1.0000	1.0000	1.0000	NaN	0.9271	1.9015	14.0688	403525.1081	403525.4104	1.0000	1.0000	0.4371
21zf03	5	39	1	1	2.0000	1.0000	1.0000	0.8502	NaN	NaN	NaN	403526.4160	403526.7665	1.0000	1.0000	2.8245
21zf03	5	40	1	1	1.0000	1.0000	1.0000	NaN	3.4221	2.2464	14.5439	403531.6982	403532.0005	1.0000	1.0000	0.8712
21zf03	5	40	1	1	2.0000	1.0000	1.0000	0.7528	NaN	NaN	NaN	403533.4236	403533.7773	1.0000	1.0000	2.6131
21zf03	5	41	1	1	1.0000	1.0000	-1.0000	NaN	1.2009	-1.4567	14.9533	403538.5684	403538.8729	1.0000	0.0000	0.3507
21zf03	5	41	1	1	2.0000	1.0000	-1.0000	0.4758	NaN	NaN	NaN	403539.7791	403540.2024	1.0000	0.0000	1.6125
21zf03	5	42	1	1	1.0000	1.0000	-1.0000	NaN	2.7310	-4.3070	14.7003	403544.3645	403544.6693	0.0000	1.0000	0.7457
21zf03	5	42	1	1	2.0000	1.0000	1.0000	0.4962	NaN	NaN	NaN	403545.8583	403546.2722	1.0000	1.0000	0.1026
21zf03	5	43	1	1	1.0000	1.0000	-1.0000	NaN	0.4400	-0.2900	15.6425	403548.9063	403549.2117	1.0000	0.0000	0.2680
21zf03	5	43	1	1	2.0000	1.0000	-1.0000	0.8777	NaN	NaN	NaN	403550.0851	403550.5054	1.0000	0.0000	0.1900
21zf03	5	44	1	1	1.0000	1.0000	1.0000	NaN	6.2352	5.4716	14.5809	403552.8231	403553.1293	1.0000	1.0000	0.2706
21zf03	5	44	1	1	2.0000	1.0000	1.0000	0.0193	NaN	NaN	NaN	403554.0204	403554.4385	1.0000	1.0000	0.0006
21zf03	5	45	1	1	1.0000	1.0000	-1.0000	NaN	6.0885	-7.2510	13.7971	403556.3826	403556.6871	0.0000	1.0000	0.3284
21zf03	5	45	1	1	2.0000	1.0000	1.0000	0.5946	NaN	NaN	NaN	403557.6210	403558.0383	1.0000	1.0000	0.0492
21zf03	5	46	1	1	1.0000	1.0000	-1.0000	NaN	5.6411	-6.3198	15.1981	403560.4269	403560.7324	1.0000	0.0000	1.7391
21zf03	5	46	1	1	2.0000	1.0000	-1.0000	0.2735	NaN	NaN	NaN	403563.0426	403563.4495	0.0000	1.0000	0.0943
21zf03	5	47	1	1	1.0000	1.0000	-1.0000	NaN	3.2296	-4.5060	14.2620	403565.5760	403565.8788	1.0000	0.0000	0.5755
21zf03	5	47	1	1	2.0000	1.0000	-1.0000	0.7626	NaN	NaN	NaN	403567.0389	403567.3921	0.0000	1.0000	0.0008
21zf03	5	48	1	1	1.0000	1.0000	1.0000	NaN	2.2737	1.9466	15.8518	403569.4631	403569.7654	1.0000	1.0000	0.7062
21zf03	5	48	1	1	2.0000	1.0000	1.0000	0.2419	NaN	NaN	NaN	403571.0392	403571.3963	1.0000	1.0000	0.3071
21zf03	5	49	1	1	1.0000	1.0000	1.0000	NaN	2.9209	1.3131	16.0460	403573.9005	403574.2027	1.0000	1.0000	2.0926
21zf03	5	49	1	1	2.0000	1.0000	1.0000	0.5779	NaN	NaN	NaN	403576.8945	403577.2473	1.0000	1.0000	0.0721
21zf03	5	50	1	1	1.0000	1.0000	1.0000	NaN	0.4912	1.2007	14.0451	403579.5336	403579.8358	1.0000	1.0000	0.4592
21zf03	5	50	1	1	2.0000	1.0000	1.0000	0.4133	NaN	NaN	NaN	403580.8320	403581.1822	0.0000	0.0000	3.2725
21zf03	6	1	1	1	1.0000	1.0000	-1.0000	NaN	4.6796	-2.8747	14.6423	403588.2040	403588.5099	1.0000	0.0000	0.5688
21zf03	6	1	1	1	2.0000	1.0000	-1.0000	0.6079	NaN	NaN	NaN	403589.6196	403590.0081	1.0000	0.0000	0.1434
21zf03	6	2	1	1	1.0000	1.0000	1.0000	NaN	6.4897	5.7751	16.2466	403592.5876	403592.8899	0.0000	0.0000	0.6055
21zf03	6	2	1	1	2.0000	1.0000	-1.0000	0.8084	NaN	NaN	NaN	403594.0315	403594.3817	1.0000	0.0000	0.3126
21zf03	6	3	1	1	1.0000	1.0000	-1.0000	NaN	0.4871	-0.0226	15.1448	403597.2501	403597.5523	1.0000	0.0000	0.4225
21zf03	6	3	1	1	2.0000	1.0000	-1.0000	0.9658	NaN	NaN	NaN	403598.5269	403598.8796	1.0000	0.0000	0.5033
21zf03	6	4	1	1	1.0000	1.0000	1.0000	NaN	0.1570	0.7578	14.0615	403601.4146	403601.7168	1.0000	1.0000	0.5300
21zf03	6	4	1	1	2.0000	1.0000	1.0000	0.0399	NaN	NaN	NaN	403602.8316	403603.1840	1.0000	1.0000	1.2872
21zf03	6	5	1	1	1.0000	1.0000	1.0000	NaN	3.4338	2.6552	14.6035	403606.9276	403607.2299	1.0000	1.0000	0.4095
21zf03	6	5	1	1	2.0000	1.0000	1.0000	0.4910	NaN	NaN	NaN	403608.2395	403608.5945	1.0000	1.0000	0.2290
21zf03	6	6	1	1	1.0000	1.0000	-1.0000	NaN	4.3932	-4.2997	15.9192	403611.4796	403611.7817	0.0000	1.0000	1.0096
21zf03	6	6	1	1	2.0000	1.0000	1.0000	0.0656	NaN	NaN	NaN	403613.3912	403613.7442	1.0000	1.0000	0.3118
21zf03	6	7	1	1	1.0000	1.0000	-1.0000	NaN	7.0361	-5.1889	13.8091	403616.5106	403616.8128	1.0000	0.0000	0.6505
21zf03	6	7	1	1	2.0000	1.0000	-1.0000	0.0481	NaN	NaN	NaN	403618.0313	403618.3835	1.0000	0.0000	0.2468
21zf03	6	8	1	1	1.0000	1.0000	1.0000	NaN	0.1129	0.7692	16.0584	403620.7128	403621.0149	1.0000	1.0000	0.2554
21zf03	6	8	1	1	2.0000	1.0000	1.0000	0.5046	NaN	NaN	NaN	403621.8390	403622.1940	1.0000	1.0000	0.0053
21zf03	6	9	1	1	1.0000	1.0000	1.0000	NaN	2.4661	2.1895	15.2522	403624.0535	403624.3557	1.0000	1.0000	4.1466
21zf03	6	9	1	1	2.0000	1.0000	1.0000	0.2543	NaN	NaN	NaN	403629.0715	403629.4268	0.0000	0.0000	0.0835
21zf03	6	10	1	1	1.0000	1.0000	1.0000	NaN	7.0300	5.3372	14.5588	403631.6475	403631.9498	1.0000	1.0000	2.0091
21zf03	6	10	1	1	2.0000	1.0000	1.0000	0.0664	NaN	NaN	NaN	403634.5485	403634.9677	1.0000	1.0000	2.2877
21zf03	6	11	1	1	1.0000	1.0000	-1.0000	NaN	1.7868	-3.9507	15.0405	403639.4355	403639.7416	1.0000	0.0000	0.9366
21zf03	6	11	1	1	2.0000	1.0000	-1.0000	0.6781	NaN	NaN	NaN	403641.2667	403641.6841	1.0000	0.0000	0.3233
21zf03	6	12	1	1	1.0000	1.0000	-1.0000	NaN	3.0112	-3.8178	13.7308	403644.7185	403645.0248	0.0000	1.0000	0.5833
21zf03	6	12	1	1	2.0000	1.0000	1.0000	0.0957	NaN	NaN	NaN	403646.1495	403646.5671	1.0000	1.0000	0.0955
21zf03	6	13	1	1	1.0000	1.0000	1.0000	NaN	1.2701	0.6588	13.8836	403649.2507	403649.5556	1.0000	1.0000	0.4359
21zf03	6	13	1	1	2.0000	1.0000	1.0000	0.4994	NaN	NaN	NaN	403650.5495	403650.9664	1.0000	1.0000	0.1279
21zf03	6	14	1	1	1.0000	1.0000	1.0000	NaN	3.4348	5.5447	15.8644	403653.0931	403653.3974	1.0000	1.0000	0.2249
21zf03	6	14	1	1	2.0000	1.0000	1.0000	0.1442	NaN	NaN	NaN	403654.2443	403654.6537	1.0000	1.0000	0.0006
21zf03	6	15	1	1	1.0000	1.0000	-1.0000	NaN	1.7260	-0.7857	16.1340	403656.7800	403657.0842	0.0000	1.0000	0.9545
21zf03	6	15	1	1	2.0000	1.0000	1.0000	0.2341	NaN	NaN	NaN	403658.6287	403659.0367	1.0000	1.0000	0.2656
21zf03	6	16	1	1	1.0000	1.0000	1.0000	NaN	2.9846	1.0637	14.7944	403661.3330	403661.6371	1.0000	1.0000	0.3374
21zf03	6	16	1	1	2.0000	1.0000	1.0000	0.4840	NaN	NaN	NaN	403662.5809	403662.9995	1.0000	1.0000	0.2233
21zf03	6	17	1	1	1.0000	1.0000	1.0000	NaN	2.5940	3.8069	15.5625	403665.4502	403665.7550	0.0000	0.0000	1.6118
21zf03	6	17	1	1	2.0000	1.0000	-1.0000	0.6873	NaN	NaN	NaN	403667.9222	403668.3322	0.0000	1.0000	0.0005
21zf03	6	18	1	1	1.0000	1.0000	-1.0000	NaN	5.9465	-6.3166	14.9185	403670.3287	403670.6327	1.0000	0.0000	0.0775
21zf03	6	18	1	1	2.0000	1.0000	-1.0000	0.9041	NaN	NaN	NaN	403671.3316	403671.7492	1.0000	0.0000	1.5849
21zf03	6	19	1	1	1.0000	1.0000	-1.0000	NaN	6.4968	-4.7469	15.3999	403675.9600	403676.2648	0.0000	1.0000	0.5415
21zf03	6	19	1	1	2.0000	1.0000	1.0000	0.7149	NaN	NaN	NaN	403677.3486	403677.7790	0.0000	0.0000	3.9239
21zf03	6	20	1	1	1.0000	1.0000	1.0000	NaN	5.0899	5.6542	15.2341	403684.1443	403684.4492	1.0000	1.0000	0.2462
21zf03	6	20	1	1	2.0000	1.0000	1.0000	0.6572	NaN	NaN	NaN	403685.2827	403685.6985	1.0000	1.0000	0.1968
21zf03	6	21	1	1	1.0000	1.0000	1.0000	NaN	3.9578	3.6937	15.8137	403687.9941	403688.2987	1.0000	1.0000	0.2848
21zf03	6	21	1	1	2.0000	1.0000	1.0000	0.9957	NaN	NaN	NaN	403689.1546	403689.5650	1.0000	1.0000	0.2492
21zf03	6	22	1	1	1.0000	1.0000	1.0000	NaN	5.4922	5.6261	14.5437	403692.0796	403692.3841	1.0000	1.0000	0.4701
21zf03	6	22	1	1	2.0000	1.0000	1.0000	0.5310	NaN	NaN	NaN	403693.4448	403693.8647	1.0000	1.0000	0.0774
21zf03	6	23	1	1	1.0000	1.0000	1.0000	NaN	6.3533	5.4393	14.2884	403696.5152	403696.8204	1.0000	1.0000	0.0356
21zf03	6	23	1	1	2.0000	1.0000	1.0000	0.0587	NaN	NaN	NaN	403697.4770	403697.8979	1.0000	1.0000	2.1090
21zf03	6	24	1	1	1.0000	1.0000	1.0000	NaN	5.8844	5.4200	16.1520	403702.2313	403702.5362	1.0000	1.0000	0.4953
21zf03	6	24	1	1	2.0000	1.0000	1.0000	0.6701	NaN	NaN	NaN	403703.6025	403703.9909	1.0000	1.0000	0.3039
21zf03	6	25	1	1	1.0000	1.0000	1.0000	NaN	6.9035	5.2505	14.9520	403706.4588	403706.7633	1.0000	1.0000	0.2829
21zf03	6	25	1	1	2.0000	1.0000	1.0000	0.5265	NaN	NaN	NaN	403707.6187	403708.0307	1.0000	1.0000	0.2318
21zf03	6	26	1	1	1.0000	1.0000	1.0000	NaN	1.8980	2.1808	15.4113	403710.2371	403710.5393	1.0000	1.0000	2.7316
21zf03	6	26	1	1	2.0000	1.0000	1.0000	0.2478	NaN	NaN	NaN	403713.8546	403714.2070	1.0000	1.0000	0.6963
21zf03	6	27	1	1	1.0000	1.0000	1.0000	NaN	4.6816	2.5466	14.7845	403717.5100	403717.8122	0.0000	0.0000	0.8979
21zf03	6	27	1	1	2.0000	1.0000	-1.0000	0.3839	NaN	NaN	NaN	403719.2794	403719.6348	1.0000	0.0000	2.2285
21zf03	6	28	1	1	1.0000	1.0000	1.0000	NaN	5.4105	4.7429	15.0617	403723.7207	403724.0230	1.0000	1.0000	0.4003
21zf03	6	28	1	1	2.0000	1.0000	1.0000	0.9744	NaN	NaN	NaN	403725.0081	403725.3584	1.0000	1.0000	3.4325
21zf03	6	29	1	1	1.0000	1.0000	-1.0000	NaN	1.2065	-1.2068	15.3648	403731.0859	403731.3881	0.0000	1.0000	0.3794
21zf03	6	29	1	1	2.0000	1.0000	1.0000	0.8596	NaN	NaN	NaN	403732.3190	403732.6728	1.0000	1.0000	0.3577
21zf03	6	30	1	1	1.0000	1.0000	-1.0000	NaN	6.3511	-5.9491	16.0411	403735.4087	403735.7108	1.0000	0.0000	1.2885
21zf03	6	30	1	1	2.0000	1.0000	-1.0000	0.3762	NaN	NaN	NaN	403737.6155	403737.9712	1.0000	0.0000	0.4189
21zf03	6	31	1	1	1.0000	1.0000	-1.0000	NaN	4.8054	-3.9536	14.7634	403741.0027	403741.3049	0.0000	1.0000	2.0138
21zf03	6	31	1	1	2.0000	1.0000	1.0000	0.1496	NaN	NaN	NaN	403743.8716	403744.2221	0.0000	0.0000	0.0099
21zf03	6	32	1	1	1.0000	1.0000	-1.0000	NaN	6.9475	-6.8650	13.4365	403746.7354	403747.0377	0.0000	1.0000	0.4248
21zf03	6	32	1	1	2.0000	1.0000	1.0000	0.8547	NaN	NaN	NaN	403748.0309	403748.3874	1.0000	1.0000	0.1166
21zf03	6	33	1	1	1.0000	1.0000	-1.0000	NaN	1.1093	-0.6237	14.6533	403750.7776	403751.0798	0.0000	1.0000	3.1343
21zf03	6	33	1	1	2.0000	1.0000	1.0000	0.7083	NaN	NaN	NaN	403754.7863	403755.1944	1.0000	1.0000	3.7717
21zf03	6	34	1	1	1.0000	1.0000	1.0000	NaN	4.2011	5.0133	15.6356	403761.1748	403761.4797	1.0000	1.0000	0.5904
21zf03	6	34	1	1	2.0000	1.0000	1.0000	0.5406	NaN	NaN	NaN	403762.6276	403763.0580	1.0000	1.0000	0.2450
21zf03	6	35	1	1	1.0000	1.0000	-1.0000	NaN	3.7905	-4.7350	13.3276	403765.5124	403765.8193	0.0000	1.0000	0.3312
21zf03	6	35	1	1	2.0000	1.0000	1.0000	0.8051	NaN	NaN	NaN	403766.7086	403767.1283	1.0000	1.0000	0.0309
21zf03	6	36	1	1	1.0000	1.0000	-1.0000	NaN	2.5822	-2.1300	14.4363	403769.4244	403769.7292	1.0000	0.0000	0.9494
21zf03	6	36	1	1	2.0000	1.0000	-1.0000	0.7468	NaN	NaN	NaN	403771.2340	403771.6613	0.0000	1.0000	0.3460
21zf03	6	37	1	1	1.0000	1.0000	-1.0000	NaN	3.4487	-4.1027	15.3120	403774.2460	403774.5482	1.0000	0.0000	2.5627
21zf03	6	37	1	1	2.0000	1.0000	-1.0000	0.8917	NaN	NaN	NaN	403777.6470	403778.0025	0.0000	1.0000	0.3083
21zf03	6	38	1	1	1.0000	1.0000	-1.0000	NaN	1.9632	-3.1868	13.5823	403780.4742	403780.7765	0.0000	1.0000	0.5256
21zf03	6	38	1	1	2.0000	1.0000	1.0000	0.4956	NaN	NaN	NaN	403781.8887	403782.2416	1.0000	1.0000	0.0050
21zf03	6	39	1	1	1.0000	1.0000	-1.0000	NaN	2.4130	-1.6796	15.7720	403784.5451	403784.8474	1.0000	0.0000	0.8869
21zf03	6	39	1	1	2.0000	1.0000	-1.0000	0.0053	NaN	NaN	NaN	403786.2395	403786.5913	0.0000	1.0000	0.1828
21zf03	6	40	1	1	1.0000	1.0000	-1.0000	NaN	0.2370	-1.4088	14.0618	403789.1519	403789.4540	1.0000	0.0000	2.7607
21zf03	6	40	1	1	2.0000	1.0000	-1.0000	0.3634	NaN	NaN	NaN	403792.7671	403793.1197	0.0000	1.0000	0.2635
21zf03	6	41	1	1	1.0000	1.0000	1.0000	NaN	4.7273	4.3465	14.4357	403795.4371	403795.7393	1.0000	1.0000	0.5559
21zf03	6	41	1	1	2.0000	1.0000	1.0000	0.6345	NaN	NaN	NaN	403796.8469	403797.2016	0.0000	0.0000	0.5011
21zf03	6	42	1	1	1.0000	1.0000	-1.0000	NaN	2.5094	-1.3608	14.1863	403800.2881	403800.5929	0.0000	1.0000	0.3417
21zf03	6	42	1	1	2.0000	1.0000	1.0000	0.5622	NaN	NaN	NaN	403801.5416	403801.9473	1.0000	1.0000	0.1878
21zf03	6	43	1	1	1.0000	1.0000	1.0000	NaN	5.7630	3.0939	16.1426	403804.3678	403804.6700	0.0000	0.0000	0.3772
21zf03	6	43	1	1	2.0000	1.0000	-1.0000	0.5244	NaN	NaN	NaN	403805.6470	403806.0010	1.0000	0.0000	0.4857
21zf03	6	44	1	1	1.0000	1.0000	-1.0000	NaN	6.8369	-7.9423	15.4062	403808.5421	403808.8443	1.0000	0.0000	2.4261
21zf03	6	44	1	1	2.0000	1.0000	-1.0000	0.6138	NaN	NaN	NaN	403811.7912	403812.1468	0.0000	1.0000	0.0360
21zf03	6	45	1	1	1.0000	1.0000	1.0000	NaN	4.9564	4.7894	15.2146	403814.2695	403814.5716	1.0000	1.0000	0.5705
21zf03	6	45	1	1	2.0000	1.0000	1.0000	0.5005	NaN	NaN	NaN	403815.5989	403815.9518	1.0000	1.0000	0.3902
21zf03	6	46	1	1	1.0000	1.0000	1.0000	NaN	4.2258	3.9334	15.1302	403818.7671	403819.0693	1.0000	1.0000	0.3447
21zf03	6	46	1	1	2.0000	1.0000	1.0000	0.4871	NaN	NaN	NaN	403819.9530	403820.3035	1.0000	1.0000	0.6145
21zf03	6	47	1	1	1.0000	1.0000	1.0000	NaN	3.9257	1.8465	16.8341	403823.0177	403823.3199	1.0000	1.0000	0.1275
21zf03	6	47	1	1	2.0000	1.0000	1.0000	0.5979	NaN	NaN	NaN	403823.9836	403824.3347	1.0000	1.0000	0.2952
21zf03	6	48	1	1	1.0000	1.0000	1.0000	NaN	6.3488	6.3978	15.8386	403826.7377	403827.0400	1.0000	1.0000	0.2621
21zf03	6	48	1	1	2.0000	1.0000	1.0000	0.1688	NaN	NaN	NaN	403827.8075	403828.1624	1.0000	1.0000	0.2596
21zf03	6	49	1	1	1.0000	1.0000	-1.0000	NaN	2.5571	-1.2776	15.9355	403830.3795	403830.6821	1.0000	0.0000	0.5399
21zf03	6	49	1	1	2.0000	1.0000	-1.0000	0.3405	NaN	NaN	NaN	403831.7272	403832.0832	1.0000	0.0000	0.0006
21zf03	6	50	1	1	1.0000	1.0000	-1.0000	NaN	2.4236	-3.4736	16.1744	403834.0490	403834.3512	0.0000	1.0000	0.3441
21zf03	6	50	1	1	2.0000	1.0000	1.0000	0.5338	NaN	NaN	NaN	403835.2634	403835.6175	1.0000	1.0000	0.1816
