18cl04	1	1	1	1	1.0000	1.0000	1.0000	NaN	0.1704	0.3391	15.8183	342970.5366	342970.8388	1.0000	1.0000	0.7337
18cl04	1	1	1	1	2.0000	1.0000	1.0000	0.7592	NaN	NaN	NaN	342972.0763	342972.4314	1.0000	1.0000	0.1500
18cl04	1	2	1	1	1.0000	1.0000	1.0000	NaN	10.5052	10.5318	14.4697	342974.9041	342975.2063	1.0000	1.0000	0.1737
18cl04	1	2	1	1	2.0000	1.0000	1.0000	0.6950	NaN	NaN	NaN	342975.9177	342976.2675	1.0000	1.0000	0.5048
18cl04	1	3	1	1	1.0000	1.0000	-1.0000	NaN	8.1611	-6.1730	14.6291	342978.8890	342979.1911	0.0000	1.0000	0.1889
18cl04	1	3	1	1	2.0000	1.0000	1.0000	0.2586	NaN	NaN	NaN	342979.9507	342980.3014	1.0000	1.0000	0.0072
18cl04	1	4	1	1	1.0000	1.0000	1.0000	NaN	9.0830	10.2420	15.3000	342982.8727	342983.1773	1.0000	1.0000	0.1707
18cl04	1	4	1	1	2.0000	1.0000	1.0000	0.9082	NaN	NaN	NaN	342983.8559	342984.2717	1.0000	1.0000	0.2448
18cl04	1	5	1	1	1.0000	1.0000	-1.0000	NaN	7.7495	-8.2284	15.2429	342986.4741	342986.7811	0.0000	1.0000	0.0885
18cl04	1	5	1	1	2.0000	1.0000	1.0000	0.5887	NaN	NaN	NaN	342987.4247	342987.8387	1.0000	1.0000	0.0005
18cl04	1	6	1	1	1.0000	1.0000	-1.0000	NaN	3.7535	-3.4302	15.6190	342990.3660	342990.6706	0.0000	1.0000	0.2782
18cl04	1	6	1	1	2.0000	1.0000	1.0000	0.1423	NaN	NaN	NaN	342991.5044	342991.9218	1.0000	1.0000	0.2744
18cl04	1	7	1	1	1.0000	1.0000	1.0000	NaN	8.7553	10.4182	14.9816	342994.5871	342994.8915	1.0000	1.0000	0.2645
18cl04	1	7	1	1	2.0000	1.0000	1.0000	0.2101	NaN	NaN	NaN	342995.7123	342996.1334	1.0000	1.0000	0.2713
18cl04	1	8	1	1	1.0000	1.0000	-1.0000	NaN	7.2973	-5.1187	14.7088	342998.8168	342999.1212	0.0000	1.0000	0.2759
18cl04	1	8	1	1	2.0000	1.0000	1.0000	0.4054	NaN	NaN	NaN	342999.9540	343000.3714	1.0000	1.0000	0.3686
18cl04	1	9	1	1	1.0000	1.0000	1.0000	NaN	10.4051	10.1232	15.6345	343003.0387	343003.3408	1.0000	1.0000	0.2796
18cl04	1	9	1	1	2.0000	1.0000	1.0000	0.5987	NaN	NaN	NaN	343004.1572	343004.5133	1.0000	1.0000	0.3398
18cl04	1	10	1	1	1.0000	1.0000	1.0000	NaN	4.9319	4.0007	15.4781	343007.0119	343007.3140	0.0000	0.0000	0.1631
18cl04	1	10	1	1	2.0000	1.0000	-1.0000	0.5294	NaN	NaN	NaN	343008.0451	343008.3975	1.0000	0.0000	0.4547
18cl04	1	11	1	1	1.0000	1.0000	-1.0000	NaN	4.6853	-3.0797	14.3634	343011.2822	343011.5844	1.0000	0.0000	0.6596
18cl04	1	11	1	1	2.0000	1.0000	-1.0000	0.8492	NaN	NaN	NaN	343012.7658	343013.1154	0.0000	1.0000	0.7129
18cl04	1	12	1	1	1.0000	1.0000	1.0000	NaN	5.1007	6.7321	16.0341	343016.0618	343016.3640	1.0000	1.0000	0.2799
18cl04	1	12	1	1	2.0000	1.0000	1.0000	0.1144	NaN	NaN	NaN	343017.1655	343017.5157	1.0000	1.0000	0.1046
18cl04	1	13	1	1	1.0000	1.0000	1.0000	NaN	5.8689	7.0123	15.1482	343019.7352	343020.0375	1.0000	1.0000	0.2870
18cl04	1	13	1	1	2.0000	1.0000	1.0000	0.8259	NaN	NaN	NaN	343020.8610	343021.2136	1.0000	1.0000	0.3915
18cl04	1	14	1	1	1.0000	1.0000	-1.0000	NaN	7.9753	-8.3391	14.1050	343023.9783	343024.2805	1.0000	0.0000	0.3474
18cl04	1	14	1	1	2.0000	1.0000	-1.0000	0.2363	NaN	NaN	NaN	343025.1490	343025.5016	0.0000	1.0000	0.5198
18cl04	1	15	1	1	1.0000	1.0000	-1.0000	NaN	4.9317	-6.6795	14.1258	343027.8613	343028.1657	0.0000	1.0000	0.3195
18cl04	1	15	1	1	2.0000	1.0000	1.0000	0.2281	NaN	NaN	NaN	343029.0242	343029.4366	1.0000	1.0000	0.6153
18cl04	1	16	1	1	1.0000	1.0000	1.0000	NaN	2.5996	3.3251	14.7417	343032.4511	343032.7532	0.0000	0.0000	0.3231
18cl04	1	16	1	1	2.0000	1.0000	-1.0000	0.0102	NaN	NaN	NaN	343033.6145	343033.9646	1.0000	0.0000	1.8638
18cl04	1	17	1	1	1.0000	1.0000	-1.0000	NaN	10.1206	-10.2800	14.8443	343038.1664	343038.4687	0.0000	1.0000	0.2393
18cl04	1	17	1	1	2.0000	1.0000	1.0000	0.3782	NaN	NaN	NaN	343039.2619	343039.6127	1.0000	1.0000	0.9203
18cl04	1	18	1	1	1.0000	1.0000	1.0000	NaN	2.7936	2.4771	16.0147	343042.6065	343042.9100	0.0000	0.0000	0.3271
18cl04	1	18	1	1	2.0000	1.0000	-1.0000	0.3062	NaN	NaN	NaN	343043.7883	343044.1445	1.0000	0.0000	0.9640
18cl04	1	19	1	1	1.0000	1.0000	-1.0000	NaN	7.1458	-7.1080	14.7374	343046.9329	343047.2350	0.0000	1.0000	0.2420
18cl04	1	19	1	1	2.0000	1.0000	1.0000	0.4602	NaN	NaN	NaN	343048.0305	343048.3807	1.0000	1.0000	0.8552
18cl04	1	20	1	1	1.0000	1.0000	-1.0000	NaN	5.6698	-4.4639	15.4353	343051.4105	343051.7128	0.0000	1.0000	0.3082
18cl04	1	20	1	1	2.0000	1.0000	1.0000	0.5716	NaN	NaN	NaN	343052.5728	343052.9273	1.0000	1.0000	1.1886
18cl04	1	21	1	1	1.0000	1.0000	-1.0000	NaN	8.9878	-8.9129	15.0022	343056.1807	343056.4830	0.0000	1.0000	0.2889
18cl04	1	21	1	1	2.0000	1.0000	1.0000	0.1853	NaN	NaN	NaN	343057.3252	343057.6784	1.0000	1.0000	1.2375
18cl04	1	22	1	1	1.0000	1.0000	-1.0000	NaN	6.4557	-4.5171	14.2729	343061.1479	343061.4502	0.0000	1.0000	0.3308
18cl04	1	22	1	1	2.0000	1.0000	1.0000	0.3813	NaN	NaN	NaN	343062.3332	343062.6896	1.0000	1.0000	0.6583
18cl04	1	23	1	1	1.0000	1.0000	-1.0000	NaN	4.2780	-6.7183	14.9091	343065.8477	343066.1498	0.0000	1.0000	0.3181
18cl04	1	23	1	1	2.0000	1.0000	1.0000	0.3225	NaN	NaN	NaN	343067.0362	343067.3934	1.0000	1.0000	0.2599
18cl04	1	24	1	1	1.0000	1.0000	1.0000	NaN	4.4755	4.2323	16.3659	343069.5243	343069.8264	1.0000	1.0000	0.2094
18cl04	1	24	1	1	2.0000	1.0000	1.0000	0.9075	NaN	NaN	NaN	343070.5891	343070.9431	1.0000	1.0000	0.1983
18cl04	1	25	1	1	1.0000	1.0000	1.0000	NaN	2.5572	1.5118	14.9282	343073.7112	343074.0151	0.0000	0.0000	0.1824
18cl04	1	25	1	1	2.0000	1.0000	-1.0000	0.0487	NaN	NaN	NaN	343074.7516	343075.1442	1.0000	0.0000	1.1488
18cl04	1	26	1	1	1.0000	1.0000	1.0000	NaN	8.2699	8.6059	15.2257	343078.7382	343079.0416	1.0000	1.0000	0.2103
18cl04	1	26	1	1	2.0000	1.0000	1.0000	0.8952	NaN	NaN	NaN	343079.7885	343080.1426	1.0000	1.0000	0.6941
18cl04	1	27	1	1	1.0000	1.0000	-1.0000	NaN	8.1196	-6.9106	14.8465	343082.9922	343083.2943	0.0000	1.0000	0.2147
18cl04	1	27	1	1	2.0000	1.0000	1.0000	0.5128	NaN	NaN	NaN	343084.0455	343084.3954	1.0000	1.0000	0.5685
18cl04	1	28	1	1	1.0000	1.0000	1.0000	NaN	4.2048	3.8804	15.0252	343086.9132	343087.2154	1.0000	1.0000	0.1645
18cl04	1	28	1	1	2.0000	1.0000	1.0000	0.9245	NaN	NaN	NaN	343087.9324	343088.2882	1.0000	1.0000	0.4845
18cl04	1	29	1	1	1.0000	1.0000	1.0000	NaN	6.4915	8.4034	15.5114	343090.9540	343091.2576	1.0000	1.0000	0.2356
18cl04	1	29	1	1	2.0000	1.0000	1.0000	0.3232	NaN	NaN	NaN	343091.9967	343092.3476	1.0000	1.0000	0.2323
18cl04	1	30	1	1	1.0000	1.0000	-1.0000	NaN	3.4673	-2.5490	15.0995	343094.8190	343095.1212	1.0000	0.0000	0.3078
18cl04	1	30	1	1	2.0000	1.0000	-1.0000	0.2498	NaN	NaN	NaN	343095.9642	343096.3212	1.0000	0.0000	0.2426
18cl04	1	31	1	1	1.0000	1.0000	1.0000	NaN	0.2867	1.2209	15.1999	343099.2191	343099.5218	1.0000	1.0000	0.9620
18cl04	1	31	1	1	2.0000	1.0000	1.0000	0.5096	NaN	NaN	NaN	343101.0049	343101.3581	1.0000	1.0000	0.9348
18cl04	1	32	1	1	1.0000	1.0000	1.0000	NaN	1.3021	1.2618	15.5412	343104.7746	343105.0769	0.0000	0.0000	0.4323
18cl04	1	32	1	1	2.0000	1.0000	-1.0000	0.9446	NaN	NaN	NaN	343106.0611	343106.4110	0.0000	1.0000	0.5705
18cl04	1	33	1	1	1.0000	1.0000	-1.0000	NaN	5.6849	-5.3165	15.0521	343109.2356	343109.5386	0.0000	1.0000	0.1939
18cl04	1	33	1	1	2.0000	1.0000	1.0000	0.7096	NaN	NaN	NaN	343110.2847	343110.6412	1.0000	1.0000	0.5801
18cl04	1	34	1	1	1.0000	1.0000	-1.0000	NaN	2.3581	-1.6133	15.9327	343113.2273	343113.5295	0.0000	1.0000	0.1873
18cl04	1	34	1	1	2.0000	1.0000	1.0000	0.5332	NaN	NaN	NaN	343114.2849	343114.6410	1.0000	1.0000	0.1802
18cl04	1	35	1	1	1.0000	1.0000	-1.0000	NaN	3.1318	-1.9684	14.6348	343117.2269	343117.5292	0.0000	1.0000	0.1553
18cl04	1	35	1	1	2.0000	1.0000	1.0000	0.1203	NaN	NaN	NaN	343118.2209	343118.5754	1.0000	1.0000	0.1650
18cl04	1	36	1	1	1.0000	1.0000	-1.0000	NaN	0.8845	-0.9348	16.7902	343120.8219	343121.1241	0.0000	1.0000	0.2081
18cl04	1	36	1	1	2.0000	1.0000	1.0000	0.3990	NaN	NaN	NaN	343121.8714	343122.2810	1.0000	1.0000	0.3468
18cl04	1	37	1	1	1.0000	1.0000	-1.0000	NaN	1.5680	-1.2297	16.7840	343124.6068	343124.9091	1.0000	0.0000	0.3435
18cl04	1	37	1	1	2.0000	1.0000	-1.0000	0.8051	NaN	NaN	NaN	343125.7891	343126.1417	0.0000	1.0000	0.1674
18cl04	1	38	1	1	1.0000	1.0000	-1.0000	NaN	9.8749	-7.3933	15.9593	343128.5980	343128.9001	0.0000	1.0000	0.1757
18cl04	1	38	1	1	2.0000	1.0000	1.0000	0.1076	NaN	NaN	NaN	343129.5964	343129.9529	1.0000	1.0000	0.0007
18cl04	1	39	1	1	1.0000	1.0000	1.0000	NaN	7.2668	7.3135	15.3230	343132.5967	343132.8989	1.0000	1.0000	0.3209
18cl04	1	39	1	1	2.0000	1.0000	1.0000	0.1419	NaN	NaN	NaN	343133.7420	343134.0931	1.0000	1.0000	0.1347
18cl04	1	40	1	1	1.0000	1.0000	-1.0000	NaN	10.0449	-10.5519	14.5860	343136.4757	343136.7780	0.0000	1.0000	0.2509
18cl04	1	40	1	1	2.0000	1.0000	1.0000	0.8309	NaN	NaN	NaN	343137.5807	343137.9356	1.0000	1.0000	0.3414
18cl04	1	41	1	1	1.0000	1.0000	1.0000	NaN	5.2156	6.3037	15.6474	343140.4152	343140.7174	1.0000	1.0000	0.1344
18cl04	1	41	1	1	2.0000	1.0000	1.0000	0.1498	NaN	NaN	NaN	343141.3721	343141.7242	1.0000	1.0000	0.1996
18cl04	1	42	1	1	1.0000	1.0000	-1.0000	NaN	2.5879	-3.9357	13.6115	343144.4560	343144.7581	0.0000	1.0000	0.3507
18cl04	1	42	1	1	2.0000	1.0000	1.0000	0.2075	NaN	NaN	NaN	343145.6609	343146.0121	1.0000	1.0000	0.4722
18cl04	1	43	1	1	1.0000	1.0000	-1.0000	NaN	0.0351	-0.5151	14.6175	343148.9263	343149.2284	0.0000	1.0000	0.2805
18cl04	1	43	1	1	2.0000	1.0000	1.0000	0.9171	NaN	NaN	NaN	343150.0446	343150.4018	1.0000	1.0000	0.8340
18cl04	1	44	1	1	1.0000	1.0000	1.0000	NaN	2.0793	0.9461	15.2305	343153.7037	343154.0059	0.0000	0.0000	0.2234
18cl04	1	44	1	1	2.0000	1.0000	-1.0000	0.7095	NaN	NaN	NaN	343154.7971	343155.1513	0.0000	1.0000	0.6456
18cl04	1	45	1	1	1.0000	1.0000	-1.0000	NaN	8.8717	-6.2935	15.3546	343158.1708	343158.4730	0.0000	1.0000	0.2188
18cl04	1	45	1	1	2.0000	1.0000	1.0000	0.5910	NaN	NaN	NaN	343159.2450	343159.6013	1.0000	1.0000	0.8984
18cl04	1	46	1	1	1.0000	1.0000	1.0000	NaN	7.2912	7.5928	15.7222	343162.5988	343162.9010	1.0000	1.0000	0.2716
18cl04	1	46	1	1	2.0000	1.0000	1.0000	0.8738	NaN	NaN	NaN	343163.6929	343164.0445	1.0000	1.0000	0.3113
18cl04	1	47	1	1	1.0000	1.0000	-1.0000	NaN	0.7037	-0.1146	15.1149	343166.7354	343167.0403	0.0000	1.0000	0.1807
18cl04	1	47	1	1	2.0000	1.0000	1.0000	0.9112	NaN	NaN	NaN	343167.7786	343168.1960	1.0000	1.0000	1.0557
18cl04	1	48	1	1	1.0000	1.0000	1.0000	NaN	7.1930	5.8566	15.7100	343171.5097	343171.8119	1.0000	1.0000	0.2728
18cl04	1	48	1	1	2.0000	1.0000	1.0000	0.7009	NaN	NaN	NaN	343172.6045	343172.9560	1.0000	1.0000	1.9448
18cl04	1	49	1	1	1.0000	1.0000	-1.0000	NaN	6.5389	-5.9186	14.8573	343177.3069	343177.6092	0.0000	1.0000	0.1866
18cl04	1	49	1	1	2.0000	1.0000	1.0000	0.8659	NaN	NaN	NaN	343178.3486	343178.7045	1.0000	1.0000	0.7080
18cl04	1	50	1	1	1.0000	1.0000	-1.0000	NaN	2.9459	-4.0052	15.0473	343181.3104	343181.6127	0.0000	1.0000	0.1031
18cl04	1	50	1	1	2.0000	1.0000	1.0000	0.1174	NaN	NaN	NaN	343182.2850	343182.6388	1.0000	1.0000	0.1663
18cl04	2	1	1	1	1.0000	1.0000	-1.0000	NaN	7.5901	-10.3146	13.3779	343206.5484	343206.8518	0.0000	1.0000	0.2411
18cl04	2	1	1	1	2.0000	1.0000	1.0000	0.9154	NaN	NaN	NaN	343207.6441	343207.9988	1.0000	1.0000	0.0221
18cl04	2	2	1	1	1.0000	1.0000	-1.0000	NaN	6.2368	-7.8319	13.9358	343210.0694	343210.3716	0.0000	1.0000	0.1613
18cl04	2	2	1	1	2.0000	1.0000	1.0000	0.0029	NaN	NaN	NaN	343211.0850	343211.4373	1.0000	1.0000	0.0005
18cl04	2	3	1	1	1.0000	1.0000	-1.0000	NaN	5.2861	-5.5925	16.4145	343213.6765	343213.9786	0.0000	1.0000	0.1857
18cl04	2	3	1	1	2.0000	1.0000	1.0000	0.4589	NaN	NaN	NaN	343214.7222	343215.1309	1.0000	1.0000	0.0006
18cl04	2	4	1	1	1.0000	1.0000	1.0000	NaN	8.1739	6.5421	15.2420	343217.4067	343217.7108	1.0000	1.0000	0.1809
18cl04	2	4	1	1	2.0000	1.0000	1.0000	0.8163	NaN	NaN	NaN	343218.4324	343218.8437	1.0000	1.0000	0.1360
18cl04	2	5	1	1	1.0000	1.0000	1.0000	NaN	1.4498	2.4062	14.7871	343221.1060	343221.4105	0.0000	0.0000	0.3692
18cl04	2	5	1	1	2.0000	1.0000	-1.0000	0.5479	NaN	NaN	NaN	343222.3229	343222.7434	0.0000	1.0000	0.0614
18cl04	2	6	1	1	1.0000	1.0000	-1.0000	NaN	2.0199	-1.1418	15.0771	343225.0946	343225.4008	1.0000	0.0000	0.5709
18cl04	2	6	1	1	2.0000	1.0000	-1.0000	0.3702	NaN	NaN	NaN	343226.4952	343226.9100	0.0000	1.0000	0.2937
18cl04	2	7	1	1	1.0000	1.0000	-1.0000	NaN	3.4041	-5.2947	14.8420	343229.4055	343229.7101	0.0000	1.0000	0.1976
18cl04	2	7	1	1	2.0000	1.0000	1.0000	0.5428	NaN	NaN	NaN	343230.4477	343230.8309	1.0000	1.0000	0.0007
18cl04	2	8	1	1	1.0000	1.0000	-1.0000	NaN	5.6688	-5.1578	16.1563	343233.0259	343233.3281	0.0000	1.0000	0.2436
18cl04	2	8	1	1	2.0000	1.0000	1.0000	0.1564	NaN	NaN	NaN	343234.1245	343234.4809	1.0000	1.0000	0.0510
18cl04	2	9	1	1	1.0000	1.0000	-1.0000	NaN	9.9958	-9.4661	14.9931	343236.5381	343236.8404	0.0000	1.0000	0.1886
18cl04	2	9	1	1	2.0000	1.0000	1.0000	0.8418	NaN	NaN	NaN	343237.5802	343237.9348	1.0000	1.0000	0.1009
18cl04	2	10	1	1	1.0000	1.0000	-1.0000	NaN	6.8107	-7.0696	14.6819	343240.3913	343240.6936	0.0000	1.0000	0.1421
18cl04	2	10	1	1	2.0000	1.0000	1.0000	0.8901	NaN	NaN	NaN	343241.4043	343241.7542	1.0000	1.0000	0.4108
18cl04	2	11	1	1	1.0000	1.0000	-1.0000	NaN	0.5447	-1.5824	14.5030	343244.8046	343245.1068	0.0000	1.0000	0.2265
18cl04	2	11	1	1	2.0000	1.0000	1.0000	0.6213	NaN	NaN	NaN	343245.9168	343246.2689	1.0000	1.0000	1.1433
18cl04	2	12	1	1	1.0000	1.0000	1.0000	NaN	1.6955	1.1608	13.2833	343249.3270	343249.6294	0.0000	0.0000	0.1835
18cl04	2	12	1	1	2.0000	1.0000	-1.0000	0.4484	NaN	NaN	NaN	343250.3647	343250.7187	0.0000	1.0000	1.2065
18cl04	2	13	1	1	1.0000	1.0000	-1.0000	NaN	10.2899	-9.2814	14.1743	343254.2800	343254.5828	0.0000	1.0000	0.1746
18cl04	2	13	1	1	2.0000	1.0000	1.0000	0.5022	NaN	NaN	NaN	343255.3089	343255.6629	1.0000	1.0000	0.2132
18cl04	2	14	1	1	1.0000	1.0000	1.0000	NaN	8.3940	8.3288	15.6803	343258.3464	343258.6493	1.0000	1.0000	0.2190
18cl04	2	14	1	1	2.0000	1.0000	1.0000	0.6012	NaN	NaN	NaN	343259.4040	343259.7557	1.0000	1.0000	0.7129
18cl04	2	15	1	1	1.0000	1.0000	-1.0000	NaN	9.9125	-10.6095	16.3074	343262.8287	343263.1355	0.0000	1.0000	0.0853
18cl04	2	15	1	1	2.0000	1.0000	1.0000	0.1500	NaN	NaN	NaN	343263.7750	343264.1680	1.0000	1.0000	0.0757
18cl04	2	16	1	1	1.0000	1.0000	-1.0000	NaN	7.3595	-5.9854	16.1648	343266.6089	343266.9111	0.0000	1.0000	0.0697
18cl04	2	16	1	1	2.0000	1.0000	1.0000	0.1900	NaN	NaN	NaN	343267.5174	343267.8678	1.0000	1.0000	0.0005
18cl04	2	17	1	1	1.0000	1.0000	-1.0000	NaN	0.3470	-1.8246	13.8833	343270.1880	343270.4903	0.0000	1.0000	0.2506
18cl04	2	17	1	1	2.0000	1.0000	1.0000	0.1625	NaN	NaN	NaN	343271.2609	343271.6164	1.0000	1.0000	0.1153
18cl04	2	18	1	1	1.0000	1.0000	-1.0000	NaN	3.3886	-2.4415	15.8774	343273.7974	343274.0997	0.0000	1.0000	0.0479
18cl04	2	18	1	1	2.0000	1.0000	1.0000	0.9198	NaN	NaN	NaN	343274.6860	343275.0358	1.0000	1.0000	0.0730
18cl04	2	19	1	1	1.0000	1.0000	1.0000	NaN	8.7016	9.3207	14.8043	343277.5063	343277.8084	0.0000	0.0000	0.1644
18cl04	2	19	1	1	2.0000	1.0000	-1.0000	0.7061	NaN	NaN	NaN	343278.4442	343278.7994	0.0000	1.0000	0.0534
18cl04	2	20	1	1	1.0000	1.0000	-1.0000	NaN	8.7987	-11.0304	15.6426	343280.7662	343281.0684	0.0000	1.0000	0.2952
18cl04	2	20	1	1	2.0000	1.0000	1.0000	0.1445	NaN	NaN	NaN	343281.8855	343282.2357	1.0000	1.0000	0.1216
18cl04	2	21	1	1	1.0000	1.0000	-1.0000	NaN	9.0231	-11.7977	16.7413	343284.6795	343284.9816	0.0000	1.0000	0.1587
18cl04	2	21	1	1	2.0000	1.0000	1.0000	0.7944	NaN	NaN	NaN	343285.6607	343286.0157	1.0000	1.0000	0.1331
18cl04	2	22	1	1	1.0000	1.0000	-1.0000	NaN	4.0631	-4.4300	14.7537	343288.2627	343288.5648	0.0000	1.0000	0.2073
18cl04	2	22	1	1	2.0000	1.0000	1.0000	0.0516	NaN	NaN	NaN	343289.3086	343289.6655	1.0000	1.0000	0.2433
18cl04	2	23	1	1	1.0000	1.0000	1.0000	NaN	8.3364	8.0615	14.9665	343292.0986	343292.4008	1.0000	1.0000	0.1308
18cl04	2	23	1	1	2.0000	1.0000	1.0000	0.2825	NaN	NaN	NaN	343293.0528	343293.4038	1.0000	1.0000	0.1839
18cl04	2	24	1	1	1.0000	1.0000	-1.0000	NaN	5.8706	-5.6017	15.3395	343295.7777	343296.0806	0.0000	1.0000	0.1802
18cl04	2	24	1	1	2.0000	1.0000	1.0000	0.7968	NaN	NaN	NaN	343296.7962	343297.1497	1.0000	1.0000	0.3099
18cl04	2	25	1	1	1.0000	1.0000	1.0000	NaN	3.2895	0.9270	14.5206	343299.7159	343300.0182	0.0000	0.0000	0.1623
18cl04	2	25	1	1	2.0000	1.0000	-1.0000	0.6645	NaN	NaN	NaN	343300.7339	343301.0847	0.0000	1.0000	0.3282
18cl04	2	26	1	1	1.0000	1.0000	-1.0000	NaN	5.3421	-4.8887	14.4284	343303.8594	343304.1626	1.0000	0.0000	0.1142
18cl04	2	26	1	1	2.0000	1.0000	-1.0000	0.2587	NaN	NaN	NaN	343304.7969	343305.1492	0.0000	1.0000	0.4224
18cl04	2	27	1	1	1.0000	1.0000	1.0000	NaN	6.5012	7.4324	16.7540	343307.8665	343308.1706	1.0000	1.0000	0.1850
18cl04	2	27	1	1	2.0000	1.0000	1.0000	0.7757	NaN	NaN	NaN	343308.8792	343309.2885	1.0000	1.0000	0.2523
18cl04	2	28	1	1	1.0000	1.0000	-1.0000	NaN	0.8547	-0.8546	14.5398	343311.7571	343312.0593	0.0000	1.0000	0.1526
18cl04	2	28	1	1	2.0000	1.0000	1.0000	0.1000	NaN	NaN	NaN	343312.7339	343313.0838	1.0000	1.0000	0.2810
18cl04	2	29	1	1	1.0000	1.0000	1.0000	NaN	3.2063	3.7530	15.7538	343315.3880	343315.6903	1.0000	1.0000	0.2670
18cl04	2	29	1	1	2.0000	1.0000	1.0000	0.2058	NaN	NaN	NaN	343316.4767	343316.8308	1.0000	1.0000	0.1178
18cl04	2	30	1	1	1.0000	1.0000	-1.0000	NaN	2.6884	-4.2582	13.8786	343319.3868	343319.6891	0.0000	1.0000	0.3481
18cl04	2	30	1	1	2.0000	1.0000	1.0000	0.1241	NaN	NaN	NaN	343320.5729	343320.9263	1.0000	1.0000	0.3421
18cl04	2	31	1	1	1.0000	1.0000	1.0000	NaN	8.1292	9.6337	15.4358	343323.5492	343323.8514	1.0000	1.0000	0.1841
18cl04	2	31	1	1	2.0000	1.0000	1.0000	0.5707	NaN	NaN	NaN	343324.5569	343324.9136	1.0000	1.0000	0.1941
18cl04	2	32	1	1	1.0000	1.0000	1.0000	NaN	9.6426	11.2997	14.6116	343327.3972	343327.6994	1.0000	1.0000	0.1122
18cl04	2	32	1	1	2.0000	1.0000	1.0000	0.7724	NaN	NaN	NaN	343328.3332	343328.6832	1.0000	1.0000	0.1372
18cl04	2	33	1	1	1.0000	1.0000	-1.0000	NaN	0.9672	-2.9314	14.3214	343330.9757	343331.2789	1.0000	0.0000	0.1978
18cl04	2	33	1	1	2.0000	1.0000	-1.0000	0.5419	NaN	NaN	NaN	343331.9824	343332.3330	1.0000	0.0000	0.2955
18cl04	2	34	1	1	1.0000	1.0000	1.0000	NaN	5.0280	4.0143	16.3279	343334.6536	343334.9558	1.0000	1.0000	0.1998
18cl04	2	34	1	1	2.0000	1.0000	1.0000	0.1452	NaN	NaN	NaN	343335.6929	343336.0461	0.0000	0.0000	0.5981
18cl04	2	35	1	1	1.0000	1.0000	-1.0000	NaN	3.9519	-3.0165	14.4944	343338.9253	343339.2284	1.0000	0.0000	0.2164
18cl04	2	35	1	1	2.0000	1.0000	-1.0000	0.2527	NaN	NaN	NaN	343340.0137	343340.3642	1.0000	0.0000	0.4240
18cl04	2	36	1	1	1.0000	1.0000	1.0000	NaN	8.0286	8.0659	14.7191	343342.9501	343343.2523	1.0000	1.0000	0.3033
18cl04	2	36	1	1	2.0000	1.0000	1.0000	0.6404	NaN	NaN	NaN	343344.1087	343344.4627	1.0000	1.0000	0.2929
18cl04	2	37	1	1	1.0000	1.0000	1.0000	NaN	9.6118	9.6574	12.1339	343346.5801	343346.8823	1.0000	1.0000	0.2252
18cl04	2	37	1	1	2.0000	1.0000	1.0000	0.2898	NaN	NaN	NaN	343347.6136	343347.9657	1.0000	1.0000	0.1499
18cl04	2	38	1	1	1.0000	1.0000	-1.0000	NaN	2.8704	-2.3743	16.3262	343350.3059	343350.6081	1.0000	0.0000	0.1646
18cl04	2	38	1	1	2.0000	1.0000	-1.0000	0.3620	NaN	NaN	NaN	343351.2925	343351.6456	0.0000	1.0000	0.4704
18cl04	2	39	1	1	1.0000	1.0000	1.0000	NaN	6.3846	6.8864	16.6197	343354.4493	343354.7532	1.0000	1.0000	0.3237
18cl04	2	39	1	1	2.0000	1.0000	1.0000	0.8466	NaN	NaN	NaN	343355.6178	343356.0356	1.0000	1.0000	0.2090
18cl04	2	40	1	1	1.0000	1.0000	-1.0000	NaN	4.8529	-4.5158	12.5854	343358.6175	343358.9216	0.0000	1.0000	0.5069
18cl04	2	40	1	1	2.0000	1.0000	1.0000	0.8305	NaN	NaN	NaN	343359.9521	343360.3467	1.0000	1.0000	0.5380
18cl04	2	41	1	1	1.0000	1.0000	1.0000	NaN	9.0686	8.8240	14.2923	343363.4321	343363.7343	1.0000	1.0000	0.2052
18cl04	2	41	1	1	2.0000	1.0000	1.0000	0.5073	NaN	NaN	NaN	343364.4608	343364.8129	1.0000	1.0000	0.3595
18cl04	2	42	1	1	1.0000	1.0000	-1.0000	NaN	2.4820	-4.2966	16.1576	343367.3457	343367.6480	0.0000	1.0000	0.7560
18cl04	2	42	1	1	2.0000	1.0000	1.0000	0.6547	NaN	NaN	NaN	343368.9567	343369.3112	1.0000	1.0000	0.3093
18cl04	2	43	1	1	1.0000	1.0000	1.0000	NaN	1.1786	3.2187	16.4218	343371.8346	343372.1369	1.0000	1.0000	0.2667
18cl04	2	43	1	1	2.0000	1.0000	1.0000	0.7177	NaN	NaN	NaN	343372.9251	343373.2792	1.0000	1.0000	0.1488
18cl04	2	44	1	1	1.0000	1.0000	1.0000	NaN	4.4042	3.4359	15.7135	343375.7017	343376.0038	1.0000	1.0000	0.2077
18cl04	2	44	1	1	2.0000	1.0000	1.0000	0.8251	NaN	NaN	NaN	343376.7328	343377.0836	1.0000	1.0000	0.0005
18cl04	2	45	1	1	1.0000	1.0000	1.0000	NaN	2.3394	1.4728	15.1361	343379.2906	343379.5932	1.0000	1.0000	0.2024
18cl04	2	45	1	1	2.0000	1.0000	1.0000	0.6858	NaN	NaN	NaN	343380.3166	343380.6735	1.0000	1.0000	2.7547
18cl04	2	46	1	1	1.0000	1.0000	1.0000	NaN	1.0742	0.7461	15.0507	343385.4180	343385.7202	1.0000	1.0000	0.1873
18cl04	2	46	1	1	2.0000	1.0000	1.0000	0.5656	NaN	NaN	NaN	343386.4457	343386.7971	1.0000	1.0000	0.0005
18cl04	2	47	1	1	1.0000	1.0000	1.0000	NaN	1.2538	3.2434	15.1808	343388.6980	343389.0002	1.0000	1.0000	0.2840
18cl04	2	47	1	1	2.0000	1.0000	1.0000	0.7966	NaN	NaN	NaN	343389.8048	343390.1605	1.0000	1.0000	0.1323
18cl04	2	48	1	1	1.0000	1.0000	1.0000	NaN	8.5954	8.8661	15.9107	343392.4414	343392.7437	1.0000	1.0000	0.3011
18cl04	2	48	1	1	2.0000	1.0000	1.0000	0.3345	NaN	NaN	NaN	343393.5970	343393.9500	1.0000	1.0000	0.0005
18cl04	2	49	1	1	1.0000	1.0000	-1.0000	NaN	5.0295	-5.0823	15.1994	343395.9245	343396.2266	1.0000	0.0000	0.2894
18cl04	2	49	1	1	2.0000	1.0000	-1.0000	0.1106	NaN	NaN	NaN	343397.0529	343397.4101	0.0000	1.0000	0.0828
18cl04	2	50	1	1	1.0000	1.0000	1.0000	NaN	1.5132	0.5138	13.5090	343399.4886	343399.7921	0.0000	0.0000	0.5320
18cl04	2	50	1	1	2.0000	1.0000	-1.0000	0.3114	NaN	NaN	NaN	343400.8971	343401.3165	1.0000	0.0000	0.1750
18cl04	3	1	1	1	1.0000	1.0000	1.0000	NaN	2.7649	2.5219	15.4772	343419.7304	343420.0352	1.0000	1.0000	0.5291
18cl04	3	1	1	1	2.0000	1.0000	1.0000	0.0450	NaN	NaN	NaN	343421.1042	343421.5160	1.0000	1.0000	0.0566
18cl04	3	2	1	1	1.0000	1.0000	-1.0000	NaN	6.7803	-7.5879	13.5588	343423.8523	343424.1596	0.0000	1.0000	0.4358
18cl04	3	2	1	1	2.0000	1.0000	1.0000	0.6071	NaN	NaN	NaN	343425.1362	343425.5499	1.0000	1.0000	0.1496
18cl04	3	3	1	1	1.0000	1.0000	1.0000	NaN	1.7105	4.2354	14.0071	343427.9401	343428.2445	0.0000	0.0000	0.1762
18cl04	3	3	1	1	2.0000	1.0000	-1.0000	0.4520	NaN	NaN	NaN	343428.9780	343429.3997	0.0000	1.0000	0.0127
18cl04	3	4	1	1	1.0000	1.0000	-1.0000	NaN	8.2658	-8.0858	14.7904	343431.7511	343432.0576	1.0000	0.0000	0.0904
18cl04	3	4	1	1	2.0000	1.0000	-1.0000	0.2476	NaN	NaN	NaN	343432.6714	343433.0824	0.0000	1.0000	0.2336
18cl04	3	5	1	1	1.0000	1.0000	1.0000	NaN	9.0613	8.9768	15.4424	343435.7154	343436.0196	1.0000	1.0000	0.4638
18cl04	3	5	1	1	2.0000	1.0000	1.0000	0.0106	NaN	NaN	NaN	343437.0225	343437.4321	1.0000	1.0000	0.7488
18cl04	3	6	1	1	1.0000	1.0000	1.0000	NaN	2.1354	2.4347	15.7931	343440.7068	343441.0109	0.0000	0.0000	0.5938
18cl04	3	6	1	1	2.0000	1.0000	-1.0000	0.7812	NaN	NaN	NaN	343442.1618	343442.5823	0.0000	1.0000	0.3336
18cl04	3	7	1	1	1.0000	1.0000	-1.0000	NaN	4.5557	-5.2323	15.9808	343444.9931	343445.2972	1.0000	0.0000	0.5467
18cl04	3	7	1	1	2.0000	1.0000	-1.0000	0.4583	NaN	NaN	NaN	343446.3668	343446.7817	1.0000	0.0000	0.1670
18cl04	3	8	1	1	1.0000	1.0000	1.0000	NaN	7.4231	7.7392	14.6364	343448.8771	343449.1813	1.0000	1.0000	0.2155
18cl04	3	8	1	1	2.0000	1.0000	1.0000	0.0145	NaN	NaN	NaN	343449.9191	343450.3314	1.0000	1.0000	0.2321
18cl04	3	9	1	1	1.0000	1.0000	-1.0000	NaN	8.4552	-9.5994	14.8620	343452.3811	343452.6852	0.0000	1.0000	0.2472
18cl04	3	9	1	1	2.0000	1.0000	1.0000	0.7609	NaN	NaN	NaN	343453.4877	343453.8770	1.0000	1.0000	0.1584
18cl04	3	10	1	1	1.0000	1.0000	1.0000	NaN	9.1489	9.7360	14.5577	343456.2936	343456.5985	1.0000	1.0000	0.1090
18cl04	3	10	1	1	2.0000	1.0000	1.0000	0.7801	NaN	NaN	NaN	343457.2161	343457.6317	1.0000	1.0000	0.0038
18cl04	3	11	1	1	1.0000	1.0000	-1.0000	NaN	10.3042	-10.7146	15.8209	343460.1785	343460.4828	1.0000	0.0000	0.3218
18cl04	3	11	1	1	2.0000	1.0000	-1.0000	0.4559	NaN	NaN	NaN	343461.3141	343461.7080	1.0000	0.0000	0.0567
18cl04	3	12	1	1	1.0000	1.0000	1.0000	NaN	0.4053	1.6762	14.7461	343463.5927	343463.8950	1.0000	1.0000	0.2057
18cl04	3	12	1	1	2.0000	1.0000	1.0000	0.4705	NaN	NaN	NaN	343464.6207	343464.9745	1.0000	1.0000	0.1649
18cl04	3	13	1	1	1.0000	1.0000	1.0000	NaN	0.0705	2.4564	14.7478	343466.9471	343467.2493	1.0000	1.0000	0.2752
18cl04	3	13	1	1	2.0000	1.0000	1.0000	0.1148	NaN	NaN	NaN	343468.0286	343468.3855	1.0000	1.0000	0.1631
18cl04	3	14	1	1	1.0000	1.0000	-1.0000	NaN	9.7298	-9.2027	18.1433	343471.0304	343471.3327	1.0000	0.0000	0.6227
18cl04	3	14	1	1	2.0000	1.0000	-1.0000	0.6939	NaN	NaN	NaN	343472.4607	343472.8126	0.0000	1.0000	0.2308
18cl04	3	15	1	1	1.0000	1.0000	-1.0000	NaN	6.7958	-6.7594	14.7496	343474.9899	343475.2920	1.0000	0.0000	0.2646
18cl04	3	15	1	1	2.0000	1.0000	-1.0000	0.7011	NaN	NaN	NaN	343476.0609	343476.4123	0.0000	1.0000	0.3276
18cl04	3	16	1	1	1.0000	1.0000	1.0000	NaN	9.8114	10.1474	15.1311	343478.8891	343479.1913	1.0000	1.0000	0.1881
18cl04	3	16	1	1	2.0000	1.0000	1.0000	0.6527	NaN	NaN	NaN	343479.8998	343480.2558	1.0000	1.0000	0.4047
18cl04	3	17	1	1	1.0000	1.0000	-1.0000	NaN	5.5164	-6.0063	15.3767	343482.7754	343483.0776	1.0000	0.0000	0.2058
18cl04	3	17	1	1	2.0000	1.0000	-1.0000	0.3655	NaN	NaN	NaN	343483.7877	343484.1402	0.0000	1.0000	0.4236
18cl04	3	18	1	1	1.0000	1.0000	-1.0000	NaN	5.3248	-4.9395	14.3191	343486.7546	343487.0568	0.0000	1.0000	0.2597
18cl04	3	18	1	1	2.0000	1.0000	1.0000	0.1550	NaN	NaN	NaN	343487.8528	343488.2067	1.0000	1.0000	0.2620
18cl04	3	19	1	1	1.0000	1.0000	-1.0000	NaN	2.3386	-3.1378	15.6265	343490.5917	343490.8939	0.0000	1.0000	0.1345
18cl04	3	19	1	1	2.0000	1.0000	1.0000	0.7248	NaN	NaN	NaN	343491.5325	343491.8886	1.0000	1.0000	0.3079
18cl04	3	20	1	1	1.0000	1.0000	-1.0000	NaN	1.1009	-0.9180	14.9869	343494.5031	343494.8052	0.0000	1.0000	0.3342
18cl04	3	20	1	1	2.0000	1.0000	1.0000	0.4500	NaN	NaN	NaN	343495.6764	343496.0281	1.0000	1.0000	0.1044
18cl04	3	21	1	1	1.0000	1.0000	1.0000	NaN	3.9025	1.0474	14.4483	343498.2465	343498.5487	1.0000	1.0000	0.2558
18cl04	3	21	1	1	2.0000	1.0000	1.0000	0.4940	NaN	NaN	NaN	343499.3247	343499.6775	1.0000	1.0000	0.1832
18cl04	3	22	1	1	1.0000	1.0000	-1.0000	NaN	4.6024	-5.1988	14.9390	343502.1929	343502.4967	0.0000	1.0000	0.2906
18cl04	3	22	1	1	2.0000	1.0000	1.0000	0.6988	NaN	NaN	NaN	343503.3280	343503.7440	1.0000	1.0000	0.0007
18cl04	3	23	1	1	1.0000	1.0000	1.0000	NaN	8.4689	9.6855	15.3366	343505.7583	343506.0622	1.0000	1.0000	0.2304
18cl04	3	23	1	1	2.0000	1.0000	1.0000	0.0142	NaN	NaN	NaN	343506.7828	343507.1947	1.0000	1.0000	0.1697
18cl04	3	24	1	1	1.0000	1.0000	-1.0000	NaN	9.7249	-8.4384	15.4205	343509.7620	343510.0658	0.0000	1.0000	0.1786
18cl04	3	24	1	1	2.0000	1.0000	1.0000	0.6853	NaN	NaN	NaN	343510.8000	343511.2122	1.0000	1.0000	0.2312
18cl04	3	25	1	1	1.0000	1.0000	1.0000	NaN	7.2888	5.8637	15.1741	343513.2919	343513.5964	1.0000	1.0000	0.2470
18cl04	3	25	1	1	2.0000	1.0000	1.0000	0.4624	NaN	NaN	NaN	343514.3357	343514.7454	1.0000	1.0000	0.4270
18cl04	3	26	1	1	1.0000	1.0000	-1.0000	NaN	4.4868	-3.0090	15.0487	343517.6965	343518.0027	1.0000	0.0000	0.2735
18cl04	3	26	1	1	2.0000	1.0000	-1.0000	0.5026	NaN	NaN	NaN	343518.7993	343519.2119	0.0000	1.0000	0.2001
18cl04	3	27	1	1	1.0000	1.0000	1.0000	NaN	4.9833	4.2219	14.6796	343522.0057	343522.3101	1.0000	1.0000	0.1743
18cl04	3	27	1	1	2.0000	1.0000	1.0000	0.6880	NaN	NaN	NaN	343522.9936	343523.4115	1.0000	1.0000	0.1284
18cl04	3	28	1	1	1.0000	1.0000	1.0000	NaN	3.6352	4.8343	14.3402	343525.7409	343526.0449	1.0000	1.0000	0.1996
18cl04	3	28	1	1	2.0000	1.0000	1.0000	0.8149	NaN	NaN	NaN	343526.7354	343527.1442	1.0000	1.0000	0.2358
18cl04	3	29	1	1	1.0000	1.0000	1.0000	NaN	3.0404	4.5278	15.0461	343529.6907	343529.9948	1.0000	1.0000	0.2493
18cl04	3	29	1	1	2.0000	1.0000	1.0000	0.8075	NaN	NaN	NaN	343530.7673	343531.1774	1.0000	1.0000	0.3621
18cl04	3	30	1	1	1.0000	1.0000	1.0000	NaN	5.1236	6.8923	13.9451	343533.3561	343533.6603	1.0000	1.0000	0.1523
18cl04	3	30	1	1	2.0000	1.0000	1.0000	0.1117	NaN	NaN	NaN	343534.3354	343534.7438	1.0000	1.0000	0.2365
18cl04	3	31	1	1	1.0000	1.0000	1.0000	NaN	6.1112	6.7667	15.1012	343537.5799	343537.8868	1.0000	1.0000	0.2934
18cl04	3	31	1	1	2.0000	1.0000	1.0000	0.2405	NaN	NaN	NaN	343538.6902	343539.1157	1.0000	1.0000	0.0729
18cl04	3	32	1	1	1.0000	1.0000	1.0000	NaN	2.2524	1.2752	13.1461	343541.6228	343541.9270	1.0000	1.0000	0.1575
18cl04	3	32	1	1	2.0000	1.0000	1.0000	0.8358	NaN	NaN	NaN	343542.6096	343543.0039	1.0000	1.0000	0.2486
18cl04	3	33	1	1	1.0000	1.0000	-1.0000	NaN	0.7841	-1.0299	15.6134	343545.5191	343545.8213	1.0000	0.0000	0.1980
18cl04	3	33	1	1	2.0000	1.0000	-1.0000	0.8318	NaN	NaN	NaN	343546.5727	343546.9253	0.0000	1.0000	0.2781
18cl04	3	34	1	1	1.0000	1.0000	1.0000	NaN	7.4067	6.4043	15.5129	343549.4590	343549.7632	1.0000	1.0000	0.2099
18cl04	3	34	1	1	2.0000	1.0000	1.0000	0.3687	NaN	NaN	NaN	343550.4952	343550.9097	1.0000	1.0000	0.3416
18cl04	3	35	1	1	1.0000	1.0000	-1.0000	NaN	6.9479	-7.8413	13.3207	343553.6518	343553.9541	1.0000	0.0000	0.1309
18cl04	3	35	1	1	2.0000	1.0000	-1.0000	0.3867	NaN	NaN	NaN	343554.5405	343554.8911	0.0000	1.0000	0.3128
18cl04	3	36	1	1	1.0000	1.0000	1.0000	NaN	7.1013	5.5710	13.6823	343557.4849	343557.7872	1.0000	1.0000	0.1842
18cl04	3	36	1	1	2.0000	1.0000	1.0000	0.8943	NaN	NaN	NaN	343558.4756	343558.8308	1.0000	1.0000	0.1011
18cl04	3	37	1	1	1.0000	1.0000	1.0000	NaN	1.5706	2.2809	14.1391	343561.0226	343561.3248	1.0000	1.0000	0.1834
18cl04	3	37	1	1	2.0000	1.0000	1.0000	0.5199	NaN	NaN	NaN	343562.0444	343562.4017	1.0000	1.0000	0.1313
18cl04	3	38	1	1	1.0000	1.0000	1.0000	NaN	0.2369	0.9425	14.7190	343564.6891	343564.9912	1.0000	1.0000	0.1321
18cl04	3	38	1	1	2.0000	1.0000	1.0000	0.2100	NaN	NaN	NaN	343565.6604	343566.0139	1.0000	1.0000	0.2300
18cl04	3	39	1	1	1.0000	1.0000	1.0000	NaN	7.4337	6.3033	14.2627	343568.6416	343568.9438	1.0000	1.0000	0.1327
18cl04	3	39	1	1	2.0000	1.0000	1.0000	0.6046	NaN	NaN	NaN	343569.6121	343569.9680	1.0000	1.0000	0.1647
18cl04	3	40	1	1	1.0000	1.0000	1.0000	NaN	7.5085	6.9341	14.4905	343572.4284	343572.7310	1.0000	1.0000	0.1843
18cl04	3	40	1	1	2.0000	1.0000	1.0000	0.5768	NaN	NaN	NaN	343573.4374	343573.7872	1.0000	1.0000	0.1535
18cl04	3	41	1	1	1.0000	1.0000	-1.0000	NaN	3.1041	-4.1773	17.0791	343576.1041	343576.4064	1.0000	0.0000	0.3329
18cl04	3	41	1	1	2.0000	1.0000	-1.0000	0.6196	NaN	NaN	NaN	343577.2757	343577.6301	0.0000	1.0000	0.2940
18cl04	3	42	1	1	1.0000	1.0000	-1.0000	NaN	3.8329	-4.5240	15.0259	343579.9050	343580.2073	0.0000	1.0000	0.3888
18cl04	3	42	1	1	2.0000	1.0000	1.0000	0.3216	NaN	NaN	NaN	343581.1327	343581.4853	1.0000	1.0000	0.3271
18cl04	3	43	1	1	1.0000	1.0000	-1.0000	NaN	3.9425	-1.1574	14.9583	343584.0424	343584.3446	1.0000	0.0000	0.2199
18cl04	3	43	1	1	2.0000	1.0000	-1.0000	0.2552	NaN	NaN	NaN	343585.0841	343585.4350	1.0000	0.0000	0.0573
18cl04	3	44	1	1	1.0000	1.0000	-1.0000	NaN	5.6732	-9.0518	15.3935	343587.5914	343587.8936	0.0000	1.0000	0.5257
18cl04	3	44	1	1	2.0000	1.0000	1.0000	0.7109	NaN	NaN	NaN	343588.9557	343589.3129	1.0000	1.0000	0.4673
18cl04	3	45	1	1	1.0000	1.0000	1.0000	NaN	6.1629	6.2931	15.2472	343592.2378	343592.5399	1.0000	1.0000	0.3593
18cl04	3	45	1	1	2.0000	1.0000	1.0000	0.2251	NaN	NaN	NaN	343593.4200	343593.7728	1.0000	1.0000	0.0240
18cl04	3	46	1	1	1.0000	1.0000	-1.0000	NaN	1.2981	-1.5383	16.5201	343595.8712	343596.1734	0.0000	1.0000	0.3098
18cl04	3	46	1	1	2.0000	1.0000	1.0000	0.4235	NaN	NaN	NaN	343597.0236	343597.4413	1.0000	1.0000	0.1472
18cl04	3	47	1	1	1.0000	1.0000	1.0000	NaN	0.7589	1.4686	14.8219	343599.9934	343600.3006	1.0000	1.0000	0.2318
18cl04	3	47	1	1	2.0000	1.0000	1.0000	0.1224	NaN	NaN	NaN	343601.0406	343601.4582	1.0000	1.0000	0.2891
18cl04	3	48	1	1	1.0000	1.0000	-1.0000	NaN	8.5601	-10.0109	15.6043	343603.7516	343604.0565	0.0000	1.0000	0.2359
18cl04	3	48	1	1	2.0000	1.0000	1.0000	0.0224	NaN	NaN	NaN	343604.8481	343605.2711	1.0000	1.0000	0.0122
18cl04	3	49	1	1	1.0000	1.0000	-1.0000	NaN	6.2539	-6.0436	13.9742	343607.3677	343607.6726	0.0000	1.0000	0.2192
18cl04	3	49	1	1	2.0000	1.0000	1.0000	0.3959	NaN	NaN	NaN	343608.4476	343608.8691	1.0000	1.0000	0.0006
18cl04	3	50	1	1	1.0000	1.0000	1.0000	NaN	8.0892	8.4171	14.8664	343611.0241	343611.3292	1.0000	1.0000	0.1621
18cl04	3	50	1	1	2.0000	1.0000	1.0000	0.3259	NaN	NaN	NaN	343612.0164	343612.4271	1.0000	1.0000	0.0006
18cl04	4	1	1	1	1.0000	1.0000	1.0000	NaN	3.4723	3.7040	14.2995	343671.0009	343671.3059	1.0000	1.0000	0.3305
18cl04	4	1	1	1	2.0000	1.0000	1.0000	0.9271	NaN	NaN	NaN	343672.1596	343672.5628	1.0000	1.0000	0.0173
18cl04	4	2	1	1	1.0000	1.0000	-1.0000	NaN	1.8255	-0.7056	14.5347	343674.8692	343675.1742	1.0000	0.0000	0.3015
18cl04	4	2	1	1	2.0000	1.0000	-1.0000	0.0321	NaN	NaN	NaN	343676.0014	343676.4205	1.0000	0.0000	0.0006
18cl04	4	3	1	1	1.0000	1.0000	1.0000	NaN	3.1292	3.7921	15.0423	343678.4044	343678.7096	1.0000	1.0000	0.3176
18cl04	4	3	1	1	2.0000	1.0000	1.0000	0.1149	NaN	NaN	NaN	343679.5697	343679.9870	1.0000	1.0000	0.1940
18cl04	4	4	1	1	1.0000	1.0000	-1.0000	NaN	7.8765	-9.2751	16.2750	343682.1289	343682.4311	0.0000	1.0000	0.1320
18cl04	4	4	1	1	2.0000	1.0000	1.0000	0.8904	NaN	NaN	NaN	343683.1162	343683.4676	1.0000	1.0000	0.0396
18cl04	4	5	1	1	1.0000	1.0000	-1.0000	NaN	0.2934	-0.8974	15.0592	343685.5825	343685.8847	0.0000	1.0000	0.1682
18cl04	4	5	1	1	2.0000	1.0000	1.0000	0.7754	NaN	NaN	NaN	343686.5884	343686.9456	1.0000	1.0000	0.0006
18cl04	4	6	1	1	1.0000	1.0000	-1.0000	NaN	1.2965	-1.9351	15.1118	343689.1145	343689.4168	0.0000	1.0000	0.2516
18cl04	4	6	1	1	2.0000	1.0000	1.0000	0.5208	NaN	NaN	NaN	343690.1884	343690.5453	1.0000	1.0000	0.1152
18cl04	4	7	1	1	1.0000	1.0000	-1.0000	NaN	3.5385	-2.8026	15.6660	343692.9936	343693.2958	0.0000	1.0000	0.1170
18cl04	4	7	1	1	2.0000	1.0000	1.0000	0.9062	NaN	NaN	NaN	343693.9480	343694.2980	1.0000	1.0000	0.1223
18cl04	4	8	1	1	1.0000	1.0000	1.0000	NaN	3.3993	3.2053	15.7882	343696.6676	343696.9698	0.0000	0.0000	0.0743
18cl04	4	8	1	1	2.0000	1.0000	-1.0000	0.6082	NaN	NaN	NaN	343697.5812	343697.9312	0.0000	1.0000	0.3922
18cl04	4	9	1	1	1.0000	1.0000	1.0000	NaN	10.1535	9.4531	15.4298	343700.7229	343701.0263	1.0000	1.0000	0.1608
18cl04	4	9	1	1	2.0000	1.0000	1.0000	0.5796	NaN	NaN	NaN	343701.7244	343702.0778	1.0000	1.0000	0.0006
18cl04	4	10	1	1	1.0000	1.0000	-1.0000	NaN	0.4380	-0.7126	13.4147	343704.3057	343704.6089	1.0000	0.0000	0.2755
18cl04	4	10	1	1	2.0000	1.0000	-1.0000	0.0985	NaN	NaN	NaN	343705.4043	343705.7610	1.0000	0.0000	0.2267
18cl04	4	11	1	1	1.0000	1.0000	-1.0000	NaN	10.3069	-10.3705	15.1406	343708.5682	343708.8704	0.0000	1.0000	0.0944
18cl04	4	11	1	1	2.0000	1.0000	1.0000	0.6837	NaN	NaN	NaN	343709.5001	343709.8568	1.0000	1.0000	0.2429
18cl04	4	12	1	1	1.0000	1.0000	-1.0000	NaN	8.8508	-7.2347	14.8396	343712.2634	343712.5656	0.0000	1.0000	0.1746
18cl04	4	12	1	1	2.0000	1.0000	1.0000	0.8471	NaN	NaN	NaN	343713.2764	343713.6286	1.0000	1.0000	0.1025
18cl04	4	13	1	1	1.0000	1.0000	1.0000	NaN	5.0841	6.3000	16.1303	343715.5554	343715.8588	1.0000	1.0000	0.1764
18cl04	4	13	1	1	2.0000	1.0000	1.0000	0.7807	NaN	NaN	NaN	343716.5564	343716.9106	1.0000	1.0000	0.1971
18cl04	4	14	1	1	1.0000	1.0000	-1.0000	NaN	2.5979	-3.4632	16.1591	343719.3152	343719.6173	0.0000	1.0000	0.1778
18cl04	4	14	1	1	2.0000	1.0000	1.0000	0.5459	NaN	NaN	NaN	343720.3326	343720.6896	1.0000	1.0000	0.1147
18cl04	4	15	1	1	1.0000	1.0000	1.0000	NaN	3.5769	0.1938	15.3613	343722.8767	343723.1790	0.0000	0.0000	0.1842
18cl04	4	15	1	1	2.0000	1.0000	-1.0000	0.4231	NaN	NaN	NaN	343723.8865	343724.3003	0.0000	1.0000	0.1674
18cl04	4	16	1	1	1.0000	1.0000	1.0000	NaN	6.4392	6.9988	13.7341	343726.5645	343726.8683	1.0000	1.0000	0.1600
18cl04	4	16	1	1	2.0000	1.0000	1.0000	0.8376	NaN	NaN	NaN	343727.5669	343727.9894	1.0000	1.0000	0.1109
18cl04	4	17	1	1	1.0000	1.0000	1.0000	NaN	1.4684	0.2392	15.8336	343730.3718	343730.6786	0.0000	0.0000	0.1884
18cl04	4	17	1	1	2.0000	1.0000	-1.0000	0.8452	NaN	NaN	NaN	343731.4238	343731.8478	0.0000	1.0000	0.1885
18cl04	4	18	1	1	1.0000	1.0000	1.0000	NaN	10.7799	10.5488	16.5870	343734.2777	343734.5826	1.0000	1.0000	0.1897
18cl04	4	18	1	1	2.0000	1.0000	1.0000	0.6122	NaN	NaN	NaN	343735.3142	343735.7347	1.0000	1.0000	0.0605
18cl04	4	19	1	1	1.0000	1.0000	-1.0000	NaN	1.8258	-1.0159	16.5450	343738.1021	343738.4091	0.0000	1.0000	0.2838
18cl04	4	19	1	1	2.0000	1.0000	1.0000	0.3065	NaN	NaN	NaN	343739.1837	343739.6006	1.0000	1.0000	0.2436
18cl04	4	20	1	1	1.0000	1.0000	-1.0000	NaN	4.2691	-4.6121	12.4045	343742.1257	343742.4279	0.0000	1.0000	0.2639
18cl04	4	20	1	1	2.0000	1.0000	1.0000	0.0250	NaN	NaN	NaN	343743.2123	343743.5650	0.0000	0.0000	0.2141
18cl04	4	21	1	1	1.0000	1.0000	1.0000	NaN	7.8782	6.6385	16.6808	343745.9537	343746.2570	1.0000	1.0000	0.1472
18cl04	4	21	1	1	2.0000	1.0000	1.0000	0.5003	NaN	NaN	NaN	343746.9564	343747.3102	1.0000	1.0000	0.0005
18cl04	4	22	1	1	1.0000	1.0000	1.0000	NaN	6.5943	5.1071	14.9442	343749.2103	343749.5124	1.0000	1.0000	0.2027
18cl04	4	22	1	1	2.0000	1.0000	1.0000	0.6593	NaN	NaN	NaN	343750.2844	343750.6380	1.0000	1.0000	0.0211
18cl04	4	23	1	1	1.0000	1.0000	1.0000	NaN	1.9515	1.2797	15.8148	343753.1607	343753.4629	1.0000	1.0000	0.3330
18cl04	4	23	1	1	2.0000	1.0000	1.0000	0.4879	NaN	NaN	NaN	343754.3485	343754.7046	1.0000	1.0000	0.0837
18cl04	4	24	1	1	1.0000	1.0000	-1.0000	NaN	7.2483	-8.0430	13.8494	343756.9928	343757.2950	0.0000	1.0000	0.2132
18cl04	4	24	1	1	2.0000	1.0000	1.0000	0.4850	NaN	NaN	NaN	343758.0448	343758.3977	1.0000	1.0000	0.0068
18cl04	4	25	1	1	1.0000	1.0000	-1.0000	NaN	1.3664	-1.1411	14.6802	343760.3360	343760.6390	0.0000	1.0000	0.1658
18cl04	4	25	1	1	2.0000	1.0000	1.0000	0.0520	NaN	NaN	NaN	343761.3402	343761.6928	1.0000	1.0000	0.0394
18cl04	4	26	1	1	1.0000	1.0000	1.0000	NaN	0.6043	2.9629	14.7941	343764.2624	343764.5646	0.0000	0.0000	0.1923
18cl04	4	26	1	1	2.0000	1.0000	-1.0000	0.7601	NaN	NaN	NaN	343765.2937	343765.6443	0.0000	1.0000	0.2789
18cl04	4	27	1	1	1.0000	1.0000	-1.0000	NaN	6.1128	-7.1010	14.0728	343768.3653	343768.6698	0.0000	1.0000	0.1344
18cl04	4	27	1	1	2.0000	1.0000	1.0000	0.6744	NaN	NaN	NaN	343769.3461	343769.7657	1.0000	1.0000	0.0006
18cl04	4	28	1	1	1.0000	1.0000	1.0000	NaN	5.8679	4.5545	14.8486	343771.9462	343772.2506	0.0000	0.0000	0.3610
18cl04	4	28	1	1	2.0000	1.0000	-1.0000	0.6433	NaN	NaN	NaN	343773.1516	343773.5656	0.0000	1.0000	0.1498
18cl04	4	29	1	1	1.0000	1.0000	1.0000	NaN	9.2078	8.7386	14.0606	343775.8321	343776.1365	1.0000	1.0000	0.2346
18cl04	4	29	1	1	2.0000	1.0000	1.0000	0.1741	NaN	NaN	NaN	343776.9304	343777.3492	1.0000	1.0000	0.1752
18cl04	4	30	1	1	1.0000	1.0000	-1.0000	NaN	7.0837	-4.8292	15.5991	343779.5967	343779.9015	0.0000	1.0000	0.1667
18cl04	4	30	1	1	2.0000	1.0000	1.0000	0.8782	NaN	NaN	NaN	343780.6075	343781.0269	1.0000	1.0000	0.1441
18cl04	4	31	1	1	1.0000	1.0000	1.0000	NaN	8.9155	8.2074	14.7057	343783.4615	343783.7660	1.0000	1.0000	0.2539
18cl04	4	31	1	1	2.0000	1.0000	1.0000	0.7338	NaN	NaN	NaN	343784.5779	343784.9984	1.0000	1.0000	0.1739
18cl04	4	32	1	1	1.0000	1.0000	1.0000	NaN	2.9015	5.2180	14.6212	343787.2721	343787.5766	0.0000	0.0000	0.3636
18cl04	4	32	1	1	2.0000	1.0000	-1.0000	0.6751	NaN	NaN	NaN	343788.3834	343788.7981	0.0000	1.0000	0.1027
18cl04	4	33	1	1	1.0000	1.0000	1.0000	NaN	9.2938	8.5454	14.8177	343791.3099	343791.6143	1.0000	1.0000	0.1167
18cl04	4	33	1	1	2.0000	1.0000	1.0000	0.0452	NaN	NaN	NaN	343792.2391	343792.6597	1.0000	1.0000	0.1283
18cl04	4	34	1	1	1.0000	1.0000	1.0000	NaN	6.8681	4.9596	14.5824	343795.0302	343795.3347	1.0000	1.0000	0.1729
18cl04	4	34	1	1	2.0000	1.0000	1.0000	0.5775	NaN	NaN	NaN	343796.0470	343796.4645	1.0000	1.0000	0.0826
18cl04	4	35	1	1	1.0000	1.0000	1.0000	NaN	4.5456	4.5195	13.6003	343799.1817	343799.4872	1.0000	1.0000	0.1650
18cl04	4	35	1	1	2.0000	1.0000	1.0000	0.2532	NaN	NaN	NaN	343800.1616	343800.5454	1.0000	1.0000	0.1467
18cl04	4	36	1	1	1.0000	1.0000	1.0000	NaN	8.2297	7.4676	15.8778	343803.1162	343803.4184	1.0000	1.0000	0.1688
18cl04	4	36	1	1	2.0000	1.0000	1.0000	0.3569	NaN	NaN	NaN	343804.0924	343804.4425	1.0000	1.0000	0.2965
18cl04	4	37	1	1	1.0000	1.0000	-1.0000	NaN	2.7291	-2.3340	14.8064	343807.0471	343807.3494	1.0000	0.0000	0.2389
18cl04	4	37	1	1	2.0000	1.0000	-1.0000	0.7452	NaN	NaN	NaN	343808.1088	343808.4589	0.0000	1.0000	0.2657
18cl04	4	38	1	1	1.0000	1.0000	-1.0000	NaN	2.5244	-2.1012	14.3826	343811.1550	343811.4571	1.0000	0.0000	0.2912
18cl04	4	38	1	1	2.0000	1.0000	-1.0000	0.4205	NaN	NaN	NaN	343812.2680	343812.6222	0.0000	1.0000	0.2448
18cl04	4	39	1	1	1.0000	1.0000	-1.0000	NaN	1.8329	-2.7847	15.2127	343814.9981	343815.3043	1.0000	0.0000	0.3321
18cl04	4	39	1	1	2.0000	1.0000	-1.0000	0.9032	NaN	NaN	NaN	343816.1615	343816.5801	0.0000	1.0000	0.0957
18cl04	4	40	1	1	1.0000	1.0000	-1.0000	NaN	2.5539	-3.4201	14.7437	343818.8497	343819.1526	0.0000	1.0000	0.2116
18cl04	4	40	1	1	2.0000	1.0000	1.0000	0.6987	NaN	NaN	NaN	343819.9480	343820.3053	1.0000	1.0000	0.3697
18cl04	4	41	1	1	1.0000	1.0000	1.0000	NaN	5.1595	4.7655	15.2717	343822.9147	343823.2170	1.0000	1.0000	0.2430
18cl04	4	41	1	1	2.0000	1.0000	1.0000	0.6977	NaN	NaN	NaN	343823.9638	343824.3175	1.0000	1.0000	0.3902
18cl04	4	42	1	1	1.0000	1.0000	-1.0000	NaN	2.7444	-1.6826	15.3266	343827.1487	343827.4511	1.0000	0.0000	0.2159
18cl04	4	42	1	1	2.0000	1.0000	-1.0000	0.6108	NaN	NaN	NaN	343828.1874	343828.5394	0.0000	1.0000	0.2168
18cl04	4	43	1	1	1.0000	1.0000	1.0000	NaN	3.8066	4.7173	14.9046	343830.8447	343831.1470	1.0000	1.0000	0.1852
18cl04	4	43	1	1	2.0000	1.0000	1.0000	0.2360	NaN	NaN	NaN	343831.8523	343832.2059	0.0000	0.0000	0.3102
18cl04	4	44	1	1	1.0000	1.0000	-1.0000	NaN	3.7217	-3.5531	14.0872	343835.0367	343835.3388	0.0000	1.0000	0.1522
18cl04	4	44	1	1	2.0000	1.0000	1.0000	0.0661	NaN	NaN	NaN	343836.0604	343836.4171	1.0000	1.0000	0.0007
18cl04	4	45	1	1	1.0000	1.0000	-1.0000	NaN	1.1390	-1.1679	14.9632	343838.6162	343838.9198	0.0000	1.0000	0.1085
18cl04	4	45	1	1	2.0000	1.0000	1.0000	0.1918	NaN	NaN	NaN	343839.5798	343839.9333	1.0000	1.0000	0.1509
18cl04	4	46	1	1	1.0000	1.0000	-1.0000	NaN	6.5342	-6.6286	14.1436	343842.2328	343842.5363	0.0000	1.0000	0.1400
18cl04	4	46	1	1	2.0000	1.0000	1.0000	0.1000	NaN	NaN	NaN	343843.2120	343843.5665	1.0000	1.0000	0.1984
18cl04	4	47	1	1	1.0000	1.0000	1.0000	NaN	5.8112	5.1440	15.5416	343845.7111	343846.0133	0.0000	0.0000	0.1017
18cl04	4	47	1	1	2.0000	1.0000	-1.0000	0.4957	NaN	NaN	NaN	343846.6681	343847.0218	0.0000	1.0000	0.1664
18cl04	4	48	1	1	1.0000	1.0000	1.0000	NaN	6.6828	7.0464	16.2212	343849.2083	343849.5104	1.0000	1.0000	0.1258
18cl04	4	48	1	1	2.0000	1.0000	1.0000	0.5699	NaN	NaN	NaN	343850.1568	343850.5101	1.0000	1.0000	0.1182
18cl04	4	49	1	1	1.0000	1.0000	1.0000	NaN	7.5036	7.9078	15.6914	343852.9855	343853.2877	1.0000	1.0000	0.2364
18cl04	4	49	1	1	2.0000	1.0000	1.0000	0.1508	NaN	NaN	NaN	343854.0442	343854.3995	1.0000	1.0000	0.0847
18cl04	4	50	1	1	1.0000	1.0000	-1.0000	NaN	10.1456	-9.2040	14.2344	343856.8477	343857.1505	0.0000	1.0000	0.2605
18cl04	4	50	1	1	2.0000	1.0000	1.0000	0.5938	NaN	NaN	NaN	343857.9323	343858.2866	1.0000	1.0000	0.1324
18cl04	5	1	1	1	1.0000	1.0000	1.0000	NaN	3.2228	5.6752	15.3278	343861.5488	343861.8550	1.0000	1.0000	0.2600
18cl04	5	1	1	1	2.0000	1.0000	1.0000	0.1851	NaN	NaN	NaN	343862.6417	343863.0491	1.0000	1.0000	0.1059
18cl04	5	2	1	1	1.0000	1.0000	-1.0000	NaN	2.5831	-5.2834	15.1430	343865.7033	343866.0055	0.0000	1.0000	0.1751
18cl04	5	2	1	1	2.0000	1.0000	1.0000	0.5513	NaN	NaN	NaN	343866.7321	343867.0862	1.0000	1.0000	0.1175
18cl04	5	3	1	1	1.0000	1.0000	-1.0000	NaN	0.4247	-0.3315	15.2361	343869.2784	343869.5806	1.0000	0.0000	0.2159
18cl04	5	3	1	1	2.0000	1.0000	-1.0000	0.3227	NaN	NaN	NaN	343870.2364	343870.5873	0.0000	1.0000	0.0568
18cl04	5	4	1	1	1.0000	1.0000	-1.0000	NaN	1.8178	-2.7911	14.0340	343872.6241	343872.9263	0.0000	1.0000	0.3090
18cl04	5	4	1	1	2.0000	1.0000	1.0000	0.2181	NaN	NaN	NaN	343873.7723	343874.1223	1.0000	1.0000	0.0006
18cl04	5	5	1	1	1.0000	1.0000	1.0000	NaN	10.4971	10.2284	15.9445	343876.1421	343876.4443	1.0000	1.0000	0.1987
18cl04	5	5	1	1	2.0000	1.0000	1.0000	0.1246	NaN	NaN	NaN	343877.1632	343877.5190	1.0000	1.0000	0.0006
18cl04	5	6	1	1	1.0000	1.0000	1.0000	NaN	7.7923	8.2919	17.2384	343879.7013	343880.0035	1.0000	1.0000	0.1447
18cl04	5	6	1	1	2.0000	1.0000	1.0000	0.7938	NaN	NaN	NaN	343880.6527	343881.0034	1.0000	1.0000	0.0727
18cl04	5	7	1	1	1.0000	1.0000	1.0000	NaN	4.9467	6.7468	15.4798	343883.6678	343883.9701	1.0000	1.0000	0.1608
18cl04	5	7	1	1	2.0000	1.0000	1.0000	0.1456	NaN	NaN	NaN	343884.6216	343884.9718	1.0000	1.0000	0.1036
18cl04	5	8	1	1	1.0000	1.0000	1.0000	NaN	6.1168	6.1456	14.3886	343887.4507	343887.7529	1.0000	1.0000	0.1552
18cl04	5	8	1	1	2.0000	1.0000	1.0000	0.0646	NaN	NaN	NaN	343888.3961	343888.7518	1.0000	1.0000	0.1483
18cl04	5	9	1	1	1.0000	1.0000	-1.0000	NaN	1.7150	-3.6831	15.1379	343891.3674	343891.6696	1.0000	0.0000	0.1426
18cl04	5	9	1	1	2.0000	1.0000	-1.0000	0.6484	NaN	NaN	NaN	343892.3162	343892.6695	0.0000	1.0000	0.2147
18cl04	5	10	1	1	1.0000	1.0000	-1.0000	NaN	10.7432	-10.9499	13.6536	343895.4489	343895.7511	0.0000	1.0000	0.2049
18cl04	5	10	1	1	2.0000	1.0000	1.0000	0.8239	NaN	NaN	NaN	343896.5078	343896.8640	1.0000	1.0000	0.1958
18cl04	5	11	1	1	1.0000	1.0000	-1.0000	NaN	7.5833	-8.0231	13.4690	343899.0324	343899.3345	0.0000	1.0000	0.2054
18cl04	5	11	1	1	2.0000	1.0000	1.0000	0.9054	NaN	NaN	NaN	343900.0601	343900.4136	1.0000	1.0000	0.0065
18cl04	5	12	1	1	1.0000	1.0000	1.0000	NaN	6.3630	5.4229	13.9945	343902.5269	343902.8291	1.0000	1.0000	0.1178
18cl04	5	12	1	1	2.0000	1.0000	1.0000	0.5138	NaN	NaN	NaN	343903.4692	343903.8208	1.0000	1.0000	0.3101
18cl04	5	13	1	1	1.0000	1.0000	1.0000	NaN	5.6960	5.0666	14.6389	343906.1232	343906.4274	1.0000	1.0000	0.1686
18cl04	5	13	1	1	2.0000	1.0000	1.0000	0.9109	NaN	NaN	NaN	343907.0892	343907.5087	1.0000	1.0000	0.1274
18cl04	5	14	1	1	1.0000	1.0000	-1.0000	NaN	4.2607	-6.1199	14.3519	343910.0381	343910.3429	0.0000	1.0000	0.1412
18cl04	5	14	1	1	2.0000	1.0000	1.0000	0.6517	NaN	NaN	NaN	343911.0250	343911.4420	1.0000	1.0000	2.6257
18cl04	5	15	1	1	1.0000	1.0000	-1.0000	NaN	2.7173	-3.0836	15.3099	343916.0761	343916.3820	0.0000	1.0000	0.1663
18cl04	5	15	1	1	2.0000	1.0000	1.0000	0.4711	NaN	NaN	NaN	343917.1058	343917.5249	1.0000	1.0000	0.0006
18cl04	5	16	1	1	1.0000	1.0000	-1.0000	NaN	1.0117	-0.7058	15.8562	343919.8487	343920.1531	0.0000	1.0000	0.1538
18cl04	5	16	1	1	2.0000	1.0000	1.0000	0.4560	NaN	NaN	NaN	343920.8793	343921.2869	1.0000	1.0000	0.0005
18cl04	5	17	1	1	1.0000	1.0000	1.0000	NaN	7.4408	8.3034	14.0599	343923.6016	343923.9037	1.0000	1.0000	0.1802
18cl04	5	17	1	1	2.0000	1.0000	1.0000	0.3163	NaN	NaN	NaN	343924.6043	343924.9553	1.0000	1.0000	0.0716
18cl04	5	18	1	1	1.0000	1.0000	1.0000	NaN	2.4432	2.4996	14.9319	343927.4859	343927.7881	1.0000	1.0000	0.1828
18cl04	5	18	1	1	2.0000	1.0000	1.0000	0.3377	NaN	NaN	NaN	343928.4921	343928.8455	1.0000	1.0000	0.1494
18cl04	5	19	1	1	1.0000	1.0000	1.0000	NaN	2.1475	2.5274	14.1579	343931.4189	343931.7212	1.0000	1.0000	0.3457
18cl04	5	19	1	1	2.0000	1.0000	1.0000	0.7373	NaN	NaN	NaN	343932.5878	343932.9390	1.0000	1.0000	0.1691
18cl04	5	20	1	1	1.0000	1.0000	1.0000	NaN	2.1276	1.6680	13.2036	343935.5061	343935.8083	1.0000	1.0000	0.1798
18cl04	5	20	1	1	2.0000	1.0000	1.0000	0.9306	NaN	NaN	NaN	343936.4919	343936.8451	1.0000	1.0000	0.1978
18cl04	5	21	1	1	1.0000	1.0000	-1.0000	NaN	2.8322	-1.1962	15.0840	343939.2915	343939.5937	1.0000	0.0000	0.5219
18cl04	5	21	1	1	2.0000	1.0000	-1.0000	0.6659	NaN	NaN	NaN	343940.6201	343940.9715	0.0000	1.0000	0.2154
18cl04	5	22	1	1	1.0000	1.0000	-1.0000	NaN	3.6590	-3.5377	15.3211	343943.3832	343943.6854	1.0000	0.0000	0.1415
18cl04	5	22	1	1	2.0000	1.0000	-1.0000	0.9282	NaN	NaN	NaN	343944.3330	343944.6835	0.0000	1.0000	0.1687
18cl04	5	23	1	1	1.0000	1.0000	-1.0000	NaN	1.3798	-1.6670	13.9132	343946.7660	343947.0681	1.0000	0.0000	0.1828
18cl04	5	23	1	1	2.0000	1.0000	-1.0000	0.7759	NaN	NaN	NaN	343947.7562	343948.1112	0.0000	1.0000	0.1643
18cl04	5	24	1	1	1.0000	1.0000	-1.0000	NaN	5.8419	-5.5132	14.2618	343950.1319	343950.4341	0.0000	1.0000	0.5299
18cl04	5	24	1	1	2.0000	1.0000	1.0000	0.7242	NaN	NaN	NaN	343951.5015	343951.8516	1.0000	1.0000	0.2636
18cl04	5	25	1	1	1.0000	1.0000	-1.0000	NaN	0.6860	-1.3108	15.3265	343954.4315	343954.7360	1.0000	0.0000	0.1641
18cl04	5	25	1	1	2.0000	1.0000	-1.0000	0.6040	NaN	NaN	NaN	343955.4229	343955.8397	0.0000	1.0000	0.0842
18cl04	5	26	1	1	1.0000	1.0000	1.0000	NaN	8.9971	8.0658	16.1788	343958.5468	343958.8490	0.0000	0.0000	0.1312
18cl04	5	26	1	1	2.0000	1.0000	-1.0000	0.5521	NaN	NaN	NaN	343959.5013	343959.8538	0.0000	1.0000	0.0382
18cl04	5	27	1	1	1.0000	1.0000	-1.0000	NaN	0.2971	-1.5990	15.7975	343962.0720	343962.3743	0.0000	1.0000	0.2365
18cl04	5	27	1	1	2.0000	1.0000	1.0000	0.6581	NaN	NaN	NaN	343963.1491	343963.5012	1.0000	1.0000	0.1183
18cl04	5	28	1	1	1.0000	1.0000	1.0000	NaN	2.7263	2.1154	13.7679	343965.5688	343965.8710	0.0000	0.0000	0.1158
18cl04	5	28	1	1	2.0000	1.0000	-1.0000	0.5552	NaN	NaN	NaN	343966.5723	343966.9269	0.0000	1.0000	0.1965
18cl04	5	29	1	1	1.0000	1.0000	1.0000	NaN	4.5680	5.2320	14.2368	343969.1134	343969.4156	1.0000	1.0000	0.1879
18cl04	5	29	1	1	2.0000	1.0000	1.0000	0.0793	NaN	NaN	NaN	343970.1232	343970.4767	1.0000	1.0000	0.1826
18cl04	5	30	1	1	1.0000	1.0000	-1.0000	NaN	6.8072	-5.0854	14.5258	343972.8571	343973.1594	0.0000	1.0000	0.1237
18cl04	5	30	1	1	2.0000	1.0000	1.0000	0.8778	NaN	NaN	NaN	343973.8198	343974.1767	1.0000	1.0000	0.4021
18cl04	5	31	1	1	1.0000	1.0000	1.0000	NaN	3.4937	4.9749	14.6531	343976.6128	343976.9151	1.0000	1.0000	0.2398
18cl04	5	31	1	1	2.0000	1.0000	1.0000	0.0980	NaN	NaN	NaN	343977.6916	343978.0474	1.0000	1.0000	0.0046
18cl04	5	32	1	1	1.0000	1.0000	1.0000	NaN	3.8255	3.0043	14.6299	343980.6750	343980.9783	1.0000	1.0000	0.1298
18cl04	5	32	1	1	2.0000	1.0000	1.0000	0.5405	NaN	NaN	NaN	343981.6279	343981.9817	1.0000	1.0000	0.1182
18cl04	5	33	1	1	1.0000	1.0000	-1.0000	NaN	7.5639	-5.8414	15.0453	343984.2539	343984.5562	1.0000	0.0000	0.1837
18cl04	5	33	1	1	2.0000	1.0000	-1.0000	0.7068	NaN	NaN	NaN	343985.2601	343985.6133	0.0000	1.0000	0.3415
18cl04	5	34	1	1	1.0000	1.0000	1.0000	NaN	1.1045	0.2847	16.3520	343988.0197	343988.3220	1.0000	1.0000	0.1772
18cl04	5	34	1	1	2.0000	1.0000	1.0000	0.6147	NaN	NaN	NaN	343989.0202	343989.3760	1.0000	1.0000	0.1001
18cl04	5	35	1	1	1.0000	1.0000	1.0000	NaN	8.6611	8.8400	14.5795	343992.0408	343992.3435	1.0000	1.0000	0.2520
18cl04	5	35	1	1	2.0000	1.0000	1.0000	0.3844	NaN	NaN	NaN	343993.1495	343993.5028	1.0000	1.0000	2.3252
18cl04	5	36	1	1	1.0000	1.0000	1.0000	NaN	3.4483	2.4514	14.4570	343998.1339	343998.4361	1.0000	1.0000	0.1587
18cl04	5	36	1	1	2.0000	1.0000	1.0000	0.6566	NaN	NaN	NaN	343999.1492	343999.5708	1.0000	1.0000	0.0974
18cl04	5	37	1	1	1.0000	1.0000	1.0000	NaN	6.7235	5.5772	14.5791	344002.0171	344002.3216	1.0000	1.0000	0.1463
18cl04	5	37	1	1	2.0000	1.0000	1.0000	0.7006	NaN	NaN	NaN	344002.9912	344003.4039	1.0000	1.0000	0.4243
18cl04	5	38	1	1	1.0000	1.0000	1.0000	NaN	3.8696	3.8099	14.8067	344005.8882	344006.1940	1.0000	1.0000	0.3368
18cl04	5	38	1	1	2.0000	1.0000	1.0000	0.6212	NaN	NaN	NaN	344007.0545	344007.4699	1.0000	1.0000	0.2934
18cl04	5	39	1	1	1.0000	1.0000	-1.0000	NaN	2.6391	-3.2308	14.7392	344009.8312	344010.1353	0.0000	1.0000	0.2675
18cl04	5	39	1	1	2.0000	1.0000	1.0000	0.0486	NaN	NaN	NaN	344010.9427	344011.3530	1.0000	1.0000	0.2829
18cl04	5	40	1	1	1.0000	1.0000	1.0000	NaN	2.8672	2.1164	15.5007	344013.7019	344014.0061	0.0000	0.0000	0.2847
18cl04	5	40	1	1	2.0000	1.0000	-1.0000	0.2285	NaN	NaN	NaN	344014.8496	344015.2749	1.0000	0.0000	0.0006
18cl04	5	41	1	1	1.0000	1.0000	1.0000	NaN	0.5631	1.6907	13.7297	344017.4538	344017.7583	1.0000	1.0000	0.3725
18cl04	5	41	1	1	2.0000	1.0000	1.0000	0.3541	NaN	NaN	NaN	344018.6542	344019.0693	1.0000	1.0000	0.2615
18cl04	5	42	1	1	1.0000	1.0000	-1.0000	NaN	9.0066	-8.9485	14.0000	344021.2991	344021.6032	0.0000	1.0000	0.2087
18cl04	5	42	1	1	2.0000	1.0000	1.0000	0.7803	NaN	NaN	NaN	344022.3520	344022.7695	1.0000	1.0000	0.0506
18cl04	5	43	1	1	1.0000	1.0000	1.0000	NaN	2.7292	3.7843	14.2320	344025.3482	344025.6523	0.0000	0.0000	0.4145
18cl04	5	43	1	1	2.0000	1.0000	-1.0000	0.2630	NaN	NaN	NaN	344026.6226	344027.0355	0.0000	1.0000	0.1525
18cl04	5	44	1	1	1.0000	1.0000	-1.0000	NaN	5.1735	-6.8014	15.5176	344029.5296	344029.8339	1.0000	0.0000	0.5849
18cl04	5	44	1	1	2.0000	1.0000	-1.0000	0.6797	NaN	NaN	NaN	344030.9269	344031.3354	0.0000	1.0000	0.1569
18cl04	5	45	1	1	1.0000	1.0000	-1.0000	NaN	1.5242	-1.5876	13.9346	344033.9903	344034.2963	1.0000	0.0000	0.3001
18cl04	5	45	1	1	2.0000	1.0000	-1.0000	0.7811	NaN	NaN	NaN	344035.1027	344035.5184	0.0000	1.0000	0.1484
18cl04	5	46	1	1	1.0000	1.0000	-1.0000	NaN	4.2626	-4.3679	15.0862	344037.6568	344037.9628	0.0000	1.0000	0.1840
18cl04	5	46	1	1	2.0000	1.0000	1.0000	0.4635	NaN	NaN	NaN	344038.6859	344039.1016	1.0000	1.0000	0.0005
18cl04	5	47	1	1	1.0000	1.0000	1.0000	NaN	6.1407	7.7422	15.4727	344041.2584	344041.5627	0.0000	0.0000	0.1691
18cl04	5	47	1	1	2.0000	1.0000	-1.0000	0.8637	NaN	NaN	NaN	344042.3034	344042.6899	0.0000	1.0000	0.1782
18cl04	5	48	1	1	1.0000	1.0000	-1.0000	NaN	4.7839	-4.5984	14.3705	344045.2576	344045.5630	0.0000	1.0000	0.2007
18cl04	5	48	1	1	2.0000	1.0000	1.0000	0.6643	NaN	NaN	NaN	344046.3191	344046.7517	1.0000	1.0000	0.0006
18cl04	5	49	1	1	1.0000	1.0000	-1.0000	NaN	8.8084	-9.2466	14.9317	344049.1422	344049.4467	0.0000	1.0000	0.1881
18cl04	5	49	1	1	2.0000	1.0000	1.0000	0.7776	NaN	NaN	NaN	344050.2071	344050.6183	1.0000	1.0000	0.0006
18cl04	5	50	1	1	1.0000	1.0000	-1.0000	NaN	7.6128	-5.8158	14.3657	344052.6831	344052.9876	0.0000	1.0000	0.1032
18cl04	5	50	1	1	2.0000	1.0000	1.0000	0.6932	NaN	NaN	NaN	344053.6492	344054.0680	1.0000	1.0000	1.9993
18cl04	6	1	1	1	1.0000	1.0000	-1.0000	NaN	3.4058	-3.3815	13.4097	344092.3303	344092.6352	0.0000	1.0000	0.2966
18cl04	6	1	1	1	2.0000	1.0000	1.0000	0.0547	NaN	NaN	NaN	344093.4710	344093.8832	1.0000	1.0000	0.1687
18cl04	6	2	1	1	1.0000	1.0000	-1.0000	NaN	4.1515	-4.7827	15.0947	344096.2454	344096.5503	0.0000	1.0000	0.1084
18cl04	6	2	1	1	2.0000	1.0000	1.0000	0.3363	NaN	NaN	NaN	344097.1990	344097.6142	1.0000	1.0000	0.0005
18cl04	6	3	1	1	1.0000	1.0000	-1.0000	NaN	9.4852	-9.5386	14.8339	344099.5949	344099.8972	0.0000	1.0000	0.1706
18cl04	6	3	1	1	2.0000	1.0000	1.0000	0.0002	NaN	NaN	NaN	344100.6038	344101.0157	1.0000	1.0000	1.9637
18cl04	6	4	1	1	1.0000	1.0000	-1.0000	NaN	5.8378	-7.6626	15.3725	344105.3429	344105.6473	0.0000	1.0000	0.1008
18cl04	6	4	1	1	2.0000	1.0000	1.0000	0.0280	NaN	NaN	NaN	344106.2871	344106.6865	1.0000	1.0000	0.3082
18cl04	6	5	1	1	1.0000	1.0000	1.0000	NaN	0.4556	1.2653	13.9391	344109.4782	344109.7803	0.0000	0.0000	0.0799
18cl04	6	5	1	1	2.0000	1.0000	-1.0000	0.0489	NaN	NaN	NaN	344110.3960	344110.7531	1.0000	0.0000	0.2109
18cl04	6	6	1	1	1.0000	1.0000	-1.0000	NaN	4.1397	-5.0281	16.4459	344113.3675	344113.6698	0.0000	1.0000	0.1100
18cl04	6	6	1	1	2.0000	1.0000	1.0000	0.4491	NaN	NaN	NaN	344114.3319	344114.6861	1.0000	1.0000	0.0697
18cl04	6	7	1	1	1.0000	1.0000	1.0000	NaN	7.0203	8.7869	15.4516	344117.2731	344117.5752	1.0000	1.0000	0.2520
18cl04	6	7	1	1	2.0000	1.0000	1.0000	0.0887	NaN	NaN	NaN	344118.3478	344118.7026	1.0000	1.0000	0.3887
18cl04	6	8	1	1	1.0000	1.0000	-1.0000	NaN	3.7167	-4.8819	15.3626	344121.2984	344121.6006	0.0000	1.0000	0.1632
18cl04	6	8	1	1	2.0000	1.0000	1.0000	0.3242	NaN	NaN	NaN	344122.2995	344122.6565	1.0000	1.0000	0.0671
18cl04	6	9	1	1	1.0000	1.0000	1.0000	NaN	5.0028	2.7421	15.2988	344125.1064	344125.4086	1.0000	1.0000	0.2912
18cl04	6	9	1	1	2.0000	1.0000	1.0000	0.2568	NaN	NaN	NaN	344126.1875	344126.5410	1.0000	1.0000	0.2148
18cl04	6	10	1	1	1.0000	1.0000	1.0000	NaN	7.6750	8.5042	15.3340	344128.9627	344129.2649	1.0000	1.0000	0.2428
18cl04	6	10	1	1	2.0000	1.0000	1.0000	0.0825	NaN	NaN	NaN	344130.0440	344130.3957	1.0000	1.0000	0.0005
18cl04	6	11	1	1	1.0000	1.0000	-1.0000	NaN	8.1068	-4.4003	15.4177	344132.8281	344133.1303	0.0000	1.0000	0.1692
18cl04	6	11	1	1	2.0000	1.0000	1.0000	0.4032	NaN	NaN	NaN	344133.8359	344134.1894	1.0000	1.0000	0.0006
18cl04	6	12	1	1	1.0000	1.0000	1.0000	NaN	1.4104	1.1426	15.3495	344136.4798	344136.7821	1.0000	1.0000	0.1497
18cl04	6	12	1	1	2.0000	1.0000	1.0000	0.1329	NaN	NaN	NaN	344137.4355	344137.7892	1.0000	1.0000	0.0544
18cl04	6	13	1	1	1.0000	1.0000	1.0000	NaN	0.3508	0.9340	16.7553	344140.2333	344140.5362	1.0000	1.0000	0.0915
18cl04	6	13	1	1	2.0000	1.0000	1.0000	0.3288	NaN	NaN	NaN	344141.1635	344141.5180	1.0000	1.0000	0.0007
18cl04	6	14	1	1	1.0000	1.0000	1.0000	NaN	9.9508	10.0287	13.5894	344143.6583	344143.9606	1.0000	1.0000	0.2033
18cl04	6	14	1	1	2.0000	1.0000	1.0000	0.1899	NaN	NaN	NaN	344144.6998	344145.0550	1.0000	1.0000	0.0044
18cl04	6	15	1	1	1.0000	1.0000	-1.0000	NaN	3.6189	-3.4483	14.6601	344147.3249	344147.6271	1.0000	0.0000	0.1367
18cl04	6	15	1	1	2.0000	1.0000	-1.0000	0.1382	NaN	NaN	NaN	344148.2867	344148.6961	1.0000	0.0000	2.1878
18cl04	6	16	1	1	1.0000	1.0000	-1.0000	NaN	8.5191	-7.8774	15.3265	344153.1777	344153.4826	1.0000	0.0000	0.1852
18cl04	6	16	1	1	2.0000	1.0000	-1.0000	0.6163	NaN	NaN	NaN	344154.1460	344154.5759	0.0000	1.0000	0.1307
18cl04	6	17	1	1	1.0000	1.0000	-1.0000	NaN	8.3123	-8.7183	14.8727	344157.3738	344157.6787	0.0000	1.0000	0.1490
18cl04	6	17	1	1	2.0000	1.0000	1.0000	0.9257	NaN	NaN	NaN	344158.3830	344158.8073	1.0000	1.0000	0.2846
18cl04	6	18	1	1	1.0000	1.0000	-1.0000	NaN	10.7921	-9.8414	14.3945	344161.1740	344161.4784	0.0000	1.0000	0.1402
18cl04	6	18	1	1	2.0000	1.0000	1.0000	0.1378	NaN	NaN	NaN	344162.1452	344162.5626	1.0000	1.0000	0.0812
18cl04	6	19	1	1	1.0000	1.0000	1.0000	NaN	8.4648	7.2367	15.4817	344164.7608	344165.0654	1.0000	1.0000	0.2012
18cl04	6	19	1	1	2.0000	1.0000	1.0000	0.4279	NaN	NaN	NaN	344165.7930	344166.2122	1.0000	1.0000	0.0944
18cl04	6	20	1	1	1.0000	1.0000	1.0000	NaN	9.2681	10.4647	14.8797	344168.7737	344169.0778	1.0000	1.0000	0.1895
18cl04	6	20	1	1	2.0000	1.0000	1.0000	0.8651	NaN	NaN	NaN	344169.7927	344170.2121	1.0000	1.0000	0.0006
18cl04	6	21	1	1	1.0000	1.0000	-1.0000	NaN	3.8864	-4.7254	13.8996	344172.3285	344172.6327	0.0000	1.0000	0.2510
18cl04	6	21	1	1	2.0000	1.0000	1.0000	0.5588	NaN	NaN	NaN	344173.4252	344173.8453	1.0000	1.0000	0.0006
18cl04	6	22	1	1	1.0000	1.0000	-1.0000	NaN	6.1681	-3.4957	14.4157	344176.4004	344176.7058	0.0000	1.0000	0.2103
18cl04	6	22	1	1	2.0000	1.0000	1.0000	0.7142	NaN	NaN	NaN	344177.4543	344177.8650	1.0000	1.0000	0.0256
18cl04	6	23	1	1	1.0000	1.0000	1.0000	NaN	8.2998	6.9090	15.3591	344179.8742	344180.1783	0.0000	0.0000	0.1129
18cl04	6	23	1	1	2.0000	1.0000	-1.0000	0.9266	NaN	NaN	NaN	344180.8461	344181.2611	0.0000	1.0000	0.2621
18cl04	6	24	1	1	1.0000	1.0000	-1.0000	NaN	6.7059	-9.1738	15.4685	344183.5280	344183.8302	1.0000	0.0000	0.3164
18cl04	6	24	1	1	2.0000	1.0000	-1.0000	0.2196	NaN	NaN	NaN	344184.6834	344185.0368	0.0000	1.0000	0.0378
18cl04	6	25	1	1	1.0000	1.0000	-1.0000	NaN	0.1082	-1.8012	13.3385	344187.4279	344187.7301	1.0000	0.0000	0.5767
18cl04	6	25	1	1	2.0000	1.0000	-1.0000	0.9133	NaN	NaN	NaN	344188.8118	344189.1656	0.0000	1.0000	0.1336
18cl04	6	26	1	1	1.0000	1.0000	1.0000	NaN	7.0553	11.3182	14.5334	344191.4642	344191.7673	1.0000	1.0000	0.2370
18cl04	6	26	1	1	2.0000	1.0000	1.0000	0.6715	NaN	NaN	NaN	344192.5234	344192.8757	1.0000	1.0000	0.2479
18cl04	6	27	1	1	1.0000	1.0000	1.0000	NaN	2.2195	1.2222	14.8642	344195.5012	344195.8052	1.0000	1.0000	0.2299
18cl04	6	27	1	1	2.0000	1.0000	1.0000	0.5505	NaN	NaN	NaN	344196.5765	344196.9942	1.0000	1.0000	0.0809
18cl04	6	28	1	1	1.0000	1.0000	1.0000	NaN	3.1491	4.2318	15.9663	344199.4068	344199.7115	0.0000	0.0000	0.3397
18cl04	6	28	1	1	2.0000	1.0000	-1.0000	0.8911	NaN	NaN	NaN	344200.6086	344201.0152	0.0000	1.0000	0.1566
18cl04	6	29	1	1	1.0000	1.0000	-1.0000	NaN	5.7984	-5.8771	15.5023	344203.7023	344204.0045	0.0000	1.0000	0.3821
18cl04	6	29	1	1	2.0000	1.0000	1.0000	0.3230	NaN	NaN	NaN	344204.9390	344205.2919	1.0000	1.0000	0.0005
18cl04	6	30	1	1	1.0000	1.0000	-1.0000	NaN	7.4132	-7.8183	14.7953	344207.0748	344207.3770	0.0000	1.0000	0.1631
18cl04	6	30	1	1	2.0000	1.0000	1.0000	0.2042	NaN	NaN	NaN	344208.0916	344208.4482	1.0000	1.0000	0.0677
18cl04	6	31	1	1	1.0000	1.0000	-1.0000	NaN	1.7330	-3.2675	14.0562	344210.3392	344210.6415	0.0000	1.0000	0.2425
18cl04	6	31	1	1	2.0000	1.0000	1.0000	0.2134	NaN	NaN	NaN	344211.4049	344211.7552	1.0000	1.0000	0.1843
18cl04	6	32	1	1	1.0000	1.0000	-1.0000	NaN	0.9033	-2.0518	13.7138	344213.9469	344214.2504	0.0000	1.0000	0.1053
18cl04	6	32	1	1	2.0000	1.0000	1.0000	0.4054	NaN	NaN	NaN	344214.9236	344215.2745	1.0000	1.0000	0.0573
18cl04	6	33	1	1	1.0000	1.0000	-1.0000	NaN	9.1138	-6.4399	14.4519	344217.7544	344218.0566	0.0000	1.0000	0.1072
18cl04	6	33	1	1	2.0000	1.0000	1.0000	0.7328	NaN	NaN	NaN	344218.7315	344219.0850	1.0000	1.0000	0.0388
18cl04	6	34	1	1	1.0000	1.0000	1.0000	NaN	3.0003	1.2740	14.9324	344221.2716	344221.5738	0.0000	0.0000	0.0938
18cl04	6	34	1	1	2.0000	1.0000	-1.0000	0.2482	NaN	NaN	NaN	344222.2209	344222.5712	0.0000	1.0000	0.2482
18cl04	6	35	1	1	1.0000	1.0000	1.0000	NaN	1.0072	0.6367	15.1233	344224.7708	344225.0730	0.0000	0.0000	0.4176
18cl04	6	35	1	1	2.0000	1.0000	-1.0000	0.2352	NaN	NaN	NaN	344226.0590	344226.4137	0.0000	1.0000	0.2294
18cl04	6	36	1	1	1.0000	1.0000	-1.0000	NaN	10.1559	-9.9453	16.2525	344228.6176	344228.9198	0.0000	1.0000	0.1868
18cl04	6	36	1	1	2.0000	1.0000	1.0000	0.2531	NaN	NaN	NaN	344229.6436	344229.9969	1.0000	1.0000	0.0007
18cl04	6	37	1	1	1.0000	1.0000	1.0000	NaN	3.3302	2.4383	15.6525	344232.0220	344232.3243	0.0000	0.0000	0.2392
18cl04	6	37	1	1	2.0000	1.0000	-1.0000	0.2198	NaN	NaN	NaN	344233.1157	344233.4689	0.0000	1.0000	0.3262
18cl04	6	38	1	1	1.0000	1.0000	1.0000	NaN	7.2769	6.1745	13.5814	344235.9935	344236.2957	1.0000	1.0000	0.3949
18cl04	6	38	1	1	2.0000	1.0000	1.0000	0.9061	NaN	NaN	NaN	344237.2112	344237.5674	1.0000	1.0000	0.0523
18cl04	6	39	1	1	1.0000	1.0000	-1.0000	NaN	5.0606	-4.3028	16.9497	344240.0280	344240.3351	0.0000	1.0000	0.2435
18cl04	6	39	1	1	2.0000	1.0000	1.0000	0.9255	NaN	NaN	NaN	344241.1053	344241.5252	1.0000	1.0000	0.1578
18cl04	6	40	1	1	1.0000	1.0000	-1.0000	NaN	0.4381	-0.5474	15.2893	344243.9532	344244.2581	0.0000	1.0000	0.1296
18cl04	6	40	1	1	2.0000	1.0000	1.0000	0.8169	NaN	NaN	NaN	344244.9107	344245.3255	1.0000	1.0000	0.0005
18cl04	6	41	1	1	1.0000	1.0000	1.0000	NaN	3.0146	1.7490	15.0254	344247.5099	344247.8172	0.0000	0.0000	0.2493
18cl04	6	41	1	1	2.0000	1.0000	-1.0000	0.2858	NaN	NaN	NaN	344248.6077	344249.0253	0.0000	1.0000	0.1932
18cl04	6	42	1	1	1.0000	1.0000	1.0000	NaN	7.4221	9.4557	15.4318	344251.8547	344252.1595	1.0000	1.0000	0.2590
18cl04	6	42	1	1	2.0000	1.0000	1.0000	0.4561	NaN	NaN	NaN	344252.9270	344253.3418	1.0000	1.0000	0.0218
18cl04	6	43	1	1	1.0000	1.0000	-1.0000	NaN	0.7765	-1.2419	13.7091	344255.6302	344255.9356	0.0000	1.0000	0.1961
18cl04	6	43	1	1	2.0000	1.0000	1.0000	0.1526	NaN	NaN	NaN	344256.6895	344257.1077	1.0000	1.0000	0.0006
18cl04	6	44	1	1	1.0000	1.0000	1.0000	NaN	2.8415	2.0145	15.4597	344259.3719	344259.6764	0.0000	0.0000	0.1502
18cl04	6	44	1	1	2.0000	1.0000	-1.0000	0.8824	NaN	NaN	NaN	344260.3682	344260.7717	0.0000	1.0000	0.0319
18cl04	6	45	1	1	1.0000	1.0000	-1.0000	NaN	7.6848	-6.2817	16.3572	344263.3084	344263.6106	0.0000	1.0000	0.2479
18cl04	6	45	1	1	2.0000	1.0000	1.0000	0.5991	NaN	NaN	NaN	344264.3956	344264.7493	1.0000	1.0000	0.0692
18cl04	6	46	1	1	1.0000	1.0000	1.0000	NaN	8.2176	9.9330	15.0046	344266.8437	344267.1464	1.0000	1.0000	0.1203
18cl04	6	46	1	1	2.0000	1.0000	1.0000	0.8930	NaN	NaN	NaN	344267.7876	344268.1384	1.0000	1.0000	0.1372
18cl04	6	47	1	1	1.0000	1.0000	-1.0000	NaN	10.5040	-10.1133	14.3184	344270.5990	344270.9012	0.0000	1.0000	0.3023
18cl04	6	47	1	1	2.0000	1.0000	1.0000	0.4685	NaN	NaN	NaN	344271.7396	344272.0950	1.0000	1.0000	0.2927
18cl04	6	48	1	1	1.0000	1.0000	1.0000	NaN	5.8413	6.2700	15.2479	344274.6951	344274.9977	1.0000	1.0000	0.2688
18cl04	6	48	1	1	2.0000	1.0000	1.0000	0.4766	NaN	NaN	NaN	344275.7879	344276.1448	1.0000	1.0000	0.1304
18cl04	6	49	1	1	1.0000	1.0000	1.0000	NaN	4.6535	3.7801	15.8599	344278.7485	344279.0508	1.0000	1.0000	0.4405
18cl04	6	49	1	1	2.0000	1.0000	1.0000	0.8373	NaN	NaN	NaN	344279.9952	344280.3486	1.0000	1.0000	0.2791
18cl04	6	50	1	1	1.0000	1.0000	-1.0000	NaN	3.6060	-3.7828	14.9264	344282.8168	344283.1190	1.0000	0.0000	0.1485
18cl04	6	50	1	1	2.0000	1.0000	-1.0000	0.1047	NaN	NaN	NaN	344283.7876	344284.1444	0.0000	1.0000	0.3222
