38gm02	1	1	0	1	1.0000	1.0000	-1.0000	NaN	5.5909	-6.0233	14.2826	112455.8189	112456.1199	0.0000	1.0000	0.2355
38gm02	1	1	0	1	2.0000	1.0000	1.0000	0.0917	NaN	NaN	NaN	112456.9540	112457.2806	1.0000	1.0000	0.7220
38gm02	1	2	0	1	1.0000	1.0000	1.0000	NaN	6.4965	5.2078	15.7381	112460.6367	112460.9377	1.0000	1.0000	0.6312
38gm02	1	2	0	1	2.0000	1.0000	1.0000	0.6608	NaN	NaN	NaN	112462.1843	112462.5148	1.0000	1.0000	0.4779
38gm02	1	3	0	1	1.0000	1.0000	-1.0000	NaN	7.9487	-5.6812	14.8280	112465.4121	112465.7133	0.0000	1.0000	0.4735
38gm02	1	3	0	1	2.0000	1.0000	-1.0000	0.2050	NaN	NaN	NaN	112466.7931	112467.1196	1.0000	0.0000	1.2090
38gm02	1	4	0	1	1.0000	1.0000	-1.0000	NaN	2.9798	-2.0553	16.4049	112470.7793	112471.0803	0.0000	1.0000	0.7706
38gm02	1	4	0	1	2.0000	1.0000	-1.0000	0.0423	NaN	NaN	NaN	112472.4320	112472.7587	1.0000	0.0000	1.4338
38gm02	1	5	0	1	1.0000	1.0000	-1.0000	NaN	10.8657	-12.1381	15.3518	112476.4912	112476.7922	0.0000	1.0000	0.3468
38gm02	1	5	0	1	2.0000	1.0000	-1.0000	0.7258	NaN	NaN	NaN	112477.7371	112478.0656	0.0000	1.0000	0.4579
38gm02	1	6	0	1	1.0000	1.0000	1.0000	NaN	3.3493	4.0971	15.0010	112480.9320	112481.2330	1.0000	1.0000	0.4477
38gm02	1	6	0	1	2.0000	1.0000	1.0000	0.2821	NaN	NaN	NaN	112482.2887	112482.6157	1.0000	1.0000	0.4729
38gm02	1	7	0	1	1.0000	1.0000	-1.0000	NaN	9.3647	-9.5278	14.5340	112485.4906	112485.7916	0.0000	1.0000	0.4754
38gm02	1	7	0	1	2.0000	1.0000	1.0000	0.4493	NaN	NaN	NaN	112486.8895	112487.2192	1.0000	1.0000	0.4799
38gm02	1	8	0	1	1.0000	1.0000	-1.0000	NaN	10.6318	-9.7580	14.4142	112490.0123	112490.3133	0.0000	1.0000	0.4794
38gm02	1	8	0	1	2.0000	1.0000	-1.0000	0.8086	NaN	NaN	NaN	112491.4167	112491.7433	0.0000	1.0000	0.6515
38gm02	1	9	0	1	1.0000	1.0000	1.0000	NaN	2.0256	4.2555	14.7269	112494.4933	112494.7943	1.0000	1.0000	0.4727
38gm02	1	9	0	1	2.0000	1.0000	-1.0000	0.3184	NaN	NaN	NaN	112495.9063	112496.2325	1.0000	0.0000	0.6560
38gm02	1	10	0	1	1.0000	1.0000	1.0000	NaN	1.4682	0.7453	14.6565	112499.4630	112499.7640	1.0000	1.0000	0.5502
38gm02	1	10	0	1	2.0000	1.0000	-1.0000	0.6839	NaN	NaN	NaN	112500.9767	112501.3034	0.0000	1.0000	0.6758
38gm02	1	11	0	1	1.0000	1.0000	1.0000	NaN	7.0098	6.7027	14.6513	112504.5954	112504.8964	1.0000	1.0000	0.5145
38gm02	1	11	0	1	2.0000	1.0000	1.0000	0.3917	NaN	NaN	NaN	112506.0491	112506.3778	1.0000	1.0000	0.5749
38gm02	1	12	0	1	1.0000	1.0000	1.0000	NaN	4.0415	3.2258	15.1753	112509.4287	112509.7297	1.0000	1.0000	0.5029
38gm02	1	12	0	1	2.0000	1.0000	1.0000	0.7763	NaN	NaN	NaN	112510.8570	112511.1835	1.0000	1.0000	0.5147
38gm02	1	13	0	1	1.0000	1.0000	1.0000	NaN	5.1102	6.6392	15.2112	112513.7800	112514.0810	1.0000	1.0000	0.6505
38gm02	1	13	0	1	2.0000	1.0000	1.0000	0.9129	NaN	NaN	NaN	112515.3603	112515.6903	1.0000	1.0000	0.4398
38gm02	1	14	0	1	1.0000	1.0000	-1.0000	NaN	3.1329	-3.2926	16.3781	112518.3729	112518.6742	0.0000	1.0000	1.0726
38gm02	1	14	0	1	2.0000	1.0000	-1.0000	0.2353	NaN	NaN	NaN	112520.3685	112520.6974	1.0000	0.0000	1.6655
38gm02	1	15	0	1	1.0000	1.0000	-1.0000	NaN	0.0242	-0.3293	15.2045	112524.7799	112525.0808	1.0000	0.0000	0.8016
38gm02	1	15	0	1	2.0000	1.0000	-1.0000	0.5036	NaN	NaN	NaN	112526.5054	112526.8341	0.0000	1.0000	0.5848
38gm02	1	16	0	1	1.0000	1.0000	1.0000	NaN	9.1345	10.0066	14.6808	112529.6240	112529.9250	1.0000	1.0000	0.3476
38gm02	1	16	0	1	2.0000	1.0000	1.0000	0.0731	NaN	NaN	NaN	112530.8807	112531.2074	1.0000	1.0000	0.6333
38gm02	1	17	0	1	1.0000	1.0000	1.0000	NaN	4.3723	3.6193	14.6094	112534.0760	112534.3770	1.0000	1.0000	1.2237
38gm02	1	17	0	1	2.0000	1.0000	1.0000	0.4564	NaN	NaN	NaN	112536.1999	112536.5273	0.0000	0.0000	0.6597
38gm02	1	18	0	1	1.0000	1.0000	-1.0000	NaN	0.5020	-0.4811	16.5113	112539.7881	112540.0892	0.0000	1.0000	0.6634
38gm02	1	18	0	1	2.0000	1.0000	1.0000	0.7810	NaN	NaN	NaN	112541.3604	112541.6882	1.0000	1.0000	1.0964
38gm02	1	19	0	1	1.0000	1.0000	1.0000	NaN	6.8525	6.4334	13.6463	112545.1622	112545.4634	1.0000	1.0000	0.3693
38gm02	1	19	0	1	2.0000	1.0000	1.0000	0.9219	NaN	NaN	NaN	112546.4333	112546.7615	1.0000	1.0000	0.8157
38gm02	1	20	0	1	1.0000	1.0000	-1.0000	NaN	10.9019	-10.9311	15.3199	112549.8374	112550.1386	0.0000	1.0000	0.3118
38gm02	1	20	0	1	2.0000	1.0000	-1.0000	0.0392	NaN	NaN	NaN	112551.0647	112551.3911	0.0000	1.0000	0.5694
38gm02	1	21	0	1	1.0000	1.0000	-1.0000	NaN	9.4897	-8.9672	14.9812	112554.5517	112554.8527	0.0000	1.0000	0.3813
38gm02	1	21	0	1	2.0000	1.0000	-1.0000	0.8574	NaN	NaN	NaN	112555.8559	112556.1841	0.0000	1.0000	0.7065
38gm02	1	22	0	1	1.0000	1.0000	-1.0000	NaN	11.7548	-12.3291	15.7352	112559.5544	112559.8554	0.0000	1.0000	0.3953
38gm02	1	22	0	1	2.0000	1.0000	-1.0000	0.4382	NaN	NaN	NaN	112560.9048	112561.2311	1.0000	0.0000	0.6193
38gm02	1	23	0	1	1.0000	1.0000	-1.0000	NaN	3.9745	-3.1586	13.9138	112564.0777	112564.3788	0.0000	1.0000	0.4157
38gm02	1	23	0	1	2.0000	1.0000	-1.0000	0.0333	NaN	NaN	NaN	112565.4334	112565.7617	1.0000	0.0000	0.6882
38gm02	1	24	0	1	1.0000	1.0000	-1.0000	NaN	7.0842	-6.2336	14.2803	112568.8013	112569.1025	0.0000	1.0000	0.4435
38gm02	1	24	0	1	2.0000	1.0000	1.0000	0.4570	NaN	NaN	NaN	112570.1688	112570.4959	1.0000	1.0000	1.4589
38gm02	1	25	0	1	1.0000	1.0000	1.0000	NaN	3.6277	4.3825	14.7413	112574.0208	112574.3218	1.0000	1.0000	2.0963
38gm02	1	25	0	1	2.0000	1.0000	-1.0000	0.3521	NaN	NaN	NaN	112577.0245	112577.3506	1.0000	0.0000	3.0999
38gm02	1	26	0	1	1.0000	1.0000	-1.0000	NaN	5.5784	-4.9247	16.4453	112582.7793	112583.0804	0.0000	1.0000	0.4583
38gm02	1	26	0	1	2.0000	1.0000	-1.0000	0.5023	NaN	NaN	NaN	112584.1371	112584.4652	0.0000	1.0000	0.5130
38gm02	1	27	0	1	1.0000	1.0000	1.0000	NaN	7.4990	5.5601	15.9539	112586.8860	112587.1870	1.0000	1.0000	0.3192
38gm02	1	27	0	1	2.0000	1.0000	-1.0000	0.8762	NaN	NaN	NaN	112588.1283	112588.4542	0.0000	1.0000	0.6765
38gm02	1	28	0	1	1.0000	1.0000	-1.0000	NaN	8.0414	-7.1078	14.9323	112591.5800	112591.8810	0.0000	1.0000	0.3358
38gm02	1	28	0	1	2.0000	1.0000	1.0000	0.6097	NaN	NaN	NaN	112592.8327	112593.1596	1.0000	1.0000	0.4352
38gm02	1	29	0	1	1.0000	1.0000	-1.0000	NaN	0.4181	-0.1392	14.6044	112596.2821	112596.5832	1.0000	0.0000	0.5631
38gm02	1	29	0	1	2.0000	1.0000	1.0000	0.8500	NaN	NaN	NaN	112597.7358	112598.0652	1.0000	1.0000	0.4737
38gm02	1	30	0	1	1.0000	1.0000	1.0000	NaN	4.0880	6.0391	14.7128	112600.8668	112601.1678	1.0000	1.0000	0.5049
38gm02	1	30	0	1	2.0000	1.0000	1.0000	0.7522	NaN	NaN	NaN	112602.3047	112602.6323	1.0000	1.0000	1.8323
38gm02	1	31	0	1	1.0000	1.0000	-1.0000	NaN	1.3987	-2.2200	14.5551	112606.4836	112606.7850	0.0000	1.0000	0.4167
38gm02	1	31	0	1	2.0000	1.0000	1.0000	0.5020	NaN	NaN	NaN	112607.8245	112608.1521	1.0000	1.0000	0.6098
38gm02	1	32	0	1	1.0000	1.0000	-1.0000	NaN	8.3230	-7.5490	15.6128	112611.3233	112611.6243	0.0000	1.0000	0.3302
38gm02	1	32	0	1	2.0000	1.0000	-1.0000	0.9264	NaN	NaN	NaN	112612.5924	112612.9201	0.0000	1.0000	0.4828
38gm02	1	33	0	1	1.0000	1.0000	1.0000	NaN	0.1385	1.7328	14.6259	112615.7875	112616.0885	0.0000	0.0000	0.7443
38gm02	1	33	0	1	2.0000	1.0000	-1.0000	0.5640	NaN	NaN	NaN	112617.4639	112617.7903	0.0000	1.0000	0.5389
38gm02	1	34	0	1	1.0000	1.0000	-1.0000	NaN	0.3385	-0.9675	15.0617	112620.3964	112620.6974	0.0000	1.0000	0.7770
38gm02	1	34	0	1	2.0000	1.0000	-1.0000	0.4372	NaN	NaN	NaN	112622.0724	112622.3996	1.0000	0.0000	2.1452
38gm02	1	35	0	1	1.0000	1.0000	-1.0000	NaN	3.7089	-2.6478	16.1045	112626.8607	112627.1620	0.0000	1.0000	0.8148
38gm02	1	35	0	1	2.0000	1.0000	-1.0000	0.7567	NaN	NaN	NaN	112628.6014	112628.9281	0.0000	1.0000	0.5779
38gm02	1	36	0	1	1.0000	1.0000	-1.0000	NaN	4.9793	-5.2170	15.4559	112631.8706	112632.1718	0.0000	1.0000	0.3590
38gm02	1	36	0	1	2.0000	1.0000	1.0000	0.5652	NaN	NaN	NaN	112633.1613	112633.4903	1.0000	1.0000	0.4079
38gm02	1	37	0	1	1.0000	1.0000	-1.0000	NaN	5.6484	-5.5809	13.2694	112635.9385	112636.2395	0.0000	1.0000	0.4347
38gm02	1	37	0	1	2.0000	1.0000	1.0000	0.3847	NaN	NaN	NaN	112637.3052	112637.6326	1.0000	1.0000	1.0242
38gm02	1	38	0	1	1.0000	1.0000	-1.0000	NaN	4.0445	-2.6588	15.9540	112641.3319	112641.6328	1.0000	0.0000	0.5367
38gm02	1	38	0	1	2.0000	1.0000	-1.0000	0.4999	NaN	NaN	NaN	112642.7849	112643.1110	0.0000	1.0000	1.2437
38gm02	1	39	0	1	1.0000	1.0000	-1.0000	NaN	9.6869	-7.9012	15.1391	112646.8721	112647.1731	0.0000	1.0000	0.4848
38gm02	1	39	0	1	2.0000	1.0000	1.0000	0.6378	NaN	NaN	NaN	112648.2891	112648.6165	1.0000	1.0000	0.5523
38gm02	1	40	0	1	1.0000	1.0000	-1.0000	NaN	9.3841	-7.0714	14.5333	112651.6624	112651.9635	0.0000	1.0000	0.4714
38gm02	1	40	0	1	2.0000	1.0000	1.0000	0.0721	NaN	NaN	NaN	112653.0327	112653.3618	1.0000	1.0000	0.6734
38gm02	1	41	0	1	1.0000	1.0000	1.0000	NaN	0.7502	1.1930	15.6099	112656.5334	112656.8345	1.0000	1.0000	3.5756
38gm02	1	41	0	1	2.0000	1.0000	-1.0000	0.1868	NaN	NaN	NaN	112661.0417	112661.3681	0.0000	1.0000	0.5927
38gm02	1	42	0	1	1.0000	1.0000	1.0000	NaN	9.5830	9.3747	15.6082	112664.5450	112664.8460	1.0000	1.0000	0.4689
38gm02	1	42	0	1	2.0000	1.0000	-1.0000	0.8755	NaN	NaN	NaN	112665.9372	112666.2654	0.0000	1.0000	0.5687
38gm02	1	43	0	1	1.0000	1.0000	-1.0000	NaN	6.6264	-6.3318	14.9136	112669.1927	112669.4937	0.0000	1.0000	0.4291
38gm02	1	43	0	1	2.0000	1.0000	1.0000	0.8790	NaN	NaN	NaN	112670.5123	112670.8410	1.0000	1.0000	0.4259
38gm02	1	44	0	1	1.0000	1.0000	-1.0000	NaN	4.6611	-4.4067	15.0874	112673.8243	112674.1253	0.0000	1.0000	0.2675
38gm02	1	44	0	1	2.0000	1.0000	1.0000	0.7078	NaN	NaN	NaN	112675.0179	112675.3446	1.0000	1.0000	0.4241
38gm02	1	45	0	1	1.0000	1.0000	-1.0000	NaN	10.7629	-10.4811	13.5695	112678.2299	112678.5309	0.0000	1.0000	0.2723
38gm02	1	45	0	1	2.0000	1.0000	-1.0000	0.4869	NaN	NaN	NaN	112679.4243	112679.7516	0.0000	1.0000	0.6811
38gm02	1	46	0	1	1.0000	1.0000	1.0000	NaN	5.1642	5.9592	15.4390	112683.1417	112683.4427	1.0000	1.0000	0.2486
38gm02	1	46	0	1	2.0000	1.0000	1.0000	0.3522	NaN	NaN	NaN	112684.3379	112684.6643	1.0000	1.0000	0.7524
38gm02	1	47	0	1	1.0000	1.0000	-1.0000	NaN	4.6984	-5.0228	15.6021	112687.8703	112688.1715	0.0000	1.0000	0.2552
38gm02	1	47	0	1	2.0000	1.0000	1.0000	0.5946	NaN	NaN	NaN	112689.0408	112689.3684	1.0000	1.0000	0.3615
38gm02	1	48	0	1	1.0000	1.0000	-1.0000	NaN	7.0175	-6.9147	15.1049	112692.2212	112692.5221	0.0000	1.0000	0.4883
38gm02	1	48	0	1	2.0000	1.0000	-1.0000	0.0330	NaN	NaN	NaN	112693.6001	112693.9274	1.0000	0.0000	0.3875
38gm02	1	49	0	1	1.0000	1.0000	-1.0000	NaN	0.3437	-1.7120	15.1248	112696.7579	112697.0589	0.0000	1.0000	0.4218
38gm02	1	49	0	1	2.0000	1.0000	-1.0000	0.1715	NaN	NaN	NaN	112698.1129	112698.4400	1.0000	0.0000	0.9048
38gm02	1	50	0	1	1.0000	1.0000	-1.0000	NaN	4.8844	-2.7959	14.4552	112701.6286	112701.9296	0.0000	1.0000	0.4796
38gm02	1	50	0	1	2.0000	1.0000	1.0000	0.5537	NaN	NaN	NaN	112703.0401	112703.3675	0.0000	0.0000	1.3153
38gm02	2	1	0	1	1.0000	1.0000	1.0000	NaN	5.6330	7.0204	14.9901	112708.7054	112709.0064	1.0000	1.0000	0.2847
38gm02	2	1	0	1	2.0000	1.0000	1.0000	0.0930	NaN	NaN	NaN	112709.8817	112710.2107	0.0000	0.0000	0.7673
38gm02	2	2	0	1	1.0000	1.0000	-1.0000	NaN	11.3299	-10.6519	15.1213	112713.4688	112713.7699	0.0000	1.0000	0.3524
38gm02	2	2	0	1	2.0000	1.0000	1.0000	0.6902	NaN	NaN	NaN	112714.7366	112715.0637	1.0000	1.0000	0.3791
38gm02	2	3	0	1	1.0000	1.0000	-1.0000	NaN	6.2927	-5.0053	15.9666	112717.5343	112717.8354	0.0000	1.0000	0.3435
38gm02	2	3	0	1	2.0000	1.0000	-1.0000	0.6644	NaN	NaN	NaN	112718.7685	112719.0977	0.0000	1.0000	0.5910
38gm02	2	4	0	1	1.0000	1.0000	1.0000	NaN	2.9443	3.1621	15.8399	112721.9824	112722.2834	1.0000	1.0000	0.3333
38gm02	2	4	0	1	2.0000	1.0000	1.0000	0.7355	NaN	NaN	NaN	112723.2574	112723.5833	1.0000	1.0000	0.3951
38gm02	2	5	0	1	1.0000	1.0000	1.0000	NaN	3.5469	3.8681	14.0897	112726.2441	112726.5450	1.0000	1.0000	0.7057
38gm02	2	5	0	1	2.0000	1.0000	-1.0000	0.9302	NaN	NaN	NaN	112727.8729	112728.2011	0.0000	1.0000	0.3940
38gm02	2	6	0	1	1.0000	1.0000	-1.0000	NaN	6.4959	-7.9433	13.9023	112730.7519	112731.0529	0.0000	1.0000	1.3239
38gm02	2	6	0	1	2.0000	1.0000	-1.0000	0.1090	NaN	NaN	NaN	112732.9770	112733.3033	1.0000	0.0000	0.5148
38gm02	2	7	0	1	1.0000	1.0000	1.0000	NaN	2.7411	3.3162	14.8507	112736.2023	112736.5034	1.0000	1.0000	0.4117
38gm02	2	7	0	1	2.0000	1.0000	1.0000	0.6962	NaN	NaN	NaN	112737.5293	112737.8568	1.0000	1.0000	0.4811
38gm02	2	8	0	1	1.0000	1.0000	-1.0000	NaN	5.8354	-5.2358	14.6226	112740.8195	112741.1206	0.0000	1.0000	0.3380
38gm02	2	8	0	1	2.0000	1.0000	-1.0000	0.0914	NaN	NaN	NaN	112742.0805	112742.4072	0.0000	1.0000	1.1643
38gm02	2	9	0	1	1.0000	1.0000	1.0000	NaN	6.5545	6.3510	14.3428	112745.8369	112746.1385	1.0000	1.0000	0.2967
38gm02	2	9	0	1	2.0000	1.0000	1.0000	0.6481	NaN	NaN	NaN	112747.0803	112747.4062	1.0000	1.0000	0.4830
38gm02	2	10	0	1	1.0000	1.0000	1.0000	NaN	6.7401	7.9290	15.3655	112750.3467	112750.6477	1.0000	1.0000	0.3473
38gm02	2	10	0	1	2.0000	1.0000	-1.0000	0.3363	NaN	NaN	NaN	112751.6403	112751.9683	0.0000	1.0000	1.6996
38gm02	2	11	0	1	1.0000	1.0000	1.0000	NaN	4.9720	5.4643	15.1841	112755.8577	112756.1587	1.0000	1.0000	0.5001
38gm02	2	11	0	1	2.0000	1.0000	-1.0000	0.5439	NaN	NaN	NaN	112757.2564	112757.5828	0.0000	1.0000	0.9161
38gm02	2	12	0	1	1.0000	1.0000	1.0000	NaN	0.6565	2.4109	13.7768	112760.7125	112761.0135	1.0000	1.0000	0.2914
38gm02	2	12	0	1	2.0000	1.0000	1.0000	0.6129	NaN	NaN	NaN	112761.9288	112762.2555	1.0000	1.0000	0.5212
38gm02	2	13	0	1	1.0000	1.0000	1.0000	NaN	2.9949	4.4201	14.5698	112765.0959	112765.3975	1.0000	1.0000	0.3315
38gm02	2	13	0	1	2.0000	1.0000	-1.0000	0.7591	NaN	NaN	NaN	112766.3203	112766.6481	1.0000	0.0000	0.9713
38gm02	2	14	0	1	1.0000	1.0000	-1.0000	NaN	5.3094	-3.8786	13.4421	112769.7919	112770.0931	0.0000	1.0000	0.3900
38gm02	2	14	0	1	2.0000	1.0000	-1.0000	0.0842	NaN	NaN	NaN	112771.0725	112771.4001	1.0000	0.0000	1.5778
38gm02	2	15	0	1	1.0000	1.0000	-1.0000	NaN	4.1505	-1.6947	14.1509	112775.3066	112775.6075	0.0000	1.0000	0.3631
38gm02	2	15	0	1	2.0000	1.0000	-1.0000	0.3777	NaN	NaN	NaN	112776.5524	112776.8789	0.0000	1.0000	0.5479
38gm02	2	16	0	1	1.0000	1.0000	-1.0000	NaN	10.6239	-10.2160	16.6627	112779.5181	112779.8191	0.0000	1.0000	0.3277
38gm02	2	16	0	1	2.0000	1.0000	1.0000	0.2110	NaN	NaN	NaN	112780.7538	112781.0827	1.0000	1.0000	0.5981
38gm02	2	17	0	1	1.0000	1.0000	-1.0000	NaN	5.5823	-5.0816	14.1597	112784.3081	112784.6091	0.0000	1.0000	0.3615
38gm02	2	17	0	1	2.0000	1.0000	1.0000	0.2442	NaN	NaN	NaN	112785.5926	112785.9195	1.0000	1.0000	1.2013
38gm02	2	18	0	1	1.0000	1.0000	-1.0000	NaN	4.5187	-4.4253	13.8132	112789.6813	112789.9824	0.0000	1.0000	0.3304
38gm02	2	18	0	1	2.0000	1.0000	-1.0000	0.0667	NaN	NaN	NaN	112790.9208	112791.2486	1.0000	0.0000	1.3706
38gm02	2	19	0	1	1.0000	1.0000	-1.0000	NaN	0.9829	-2.0283	15.0176	112794.8612	112795.1623	0.0000	1.0000	0.3905
38gm02	2	19	0	1	2.0000	1.0000	1.0000	0.0333	NaN	NaN	NaN	112796.1771	112796.5042	0.0000	0.0000	1.3310
38gm02	2	20	0	1	1.0000	1.0000	1.0000	NaN	5.6103	6.9436	16.2133	112800.2375	112800.5384	1.0000	1.0000	0.3124
38gm02	2	20	0	1	2.0000	1.0000	1.0000	0.6854	NaN	NaN	NaN	112801.4652	112801.7915	1.0000	1.0000	0.4029
38gm02	2	21	0	1	1.0000	1.0000	-1.0000	NaN	2.0085	-1.9409	13.7472	112804.7623	112805.0633	0.0000	1.0000	0.4992
38gm02	2	21	0	1	2.0000	1.0000	-1.0000	0.5915	NaN	NaN	NaN	112806.1610	112806.4892	1.0000	0.0000	2.7596
38gm02	2	22	0	1	1.0000	1.0000	1.0000	NaN	1.0709	1.0749	14.3880	112811.6843	112811.9854	1.0000	1.0000	0.4175
38gm02	2	22	0	1	2.0000	1.0000	-1.0000	0.0898	NaN	NaN	NaN	112813.0327	112813.3598	0.0000	1.0000	0.7633
38gm02	2	23	0	1	1.0000	1.0000	1.0000	NaN	4.5020	3.5880	13.9696	112816.4306	112816.7316	1.0000	1.0000	0.3434
38gm02	2	23	0	1	2.0000	1.0000	1.0000	0.6158	NaN	NaN	NaN	112817.7047	112818.0325	1.0000	1.0000	0.3361
38gm02	2	24	0	1	1.0000	1.0000	1.0000	NaN	7.8978	5.7529	14.2556	112820.7679	112821.0689	1.0000	1.0000	0.5492
38gm02	2	24	0	1	2.0000	1.0000	-1.0000	0.2753	NaN	NaN	NaN	112822.2642	112822.5953	1.0000	0.0000	0.7512
38gm02	2	25	0	1	1.0000	1.0000	-1.0000	NaN	10.6460	-11.4562	14.3931	112825.8699	112826.1709	0.0000	1.0000	0.3898
38gm02	2	25	0	1	2.0000	1.0000	1.0000	0.9369	NaN	NaN	NaN	112827.1771	112827.5033	1.0000	1.0000	0.3396
38gm02	2	26	0	1	1.0000	1.0000	1.0000	NaN	6.6873	6.5427	14.5770	112830.2824	112830.5834	1.0000	1.0000	0.3471
38gm02	2	26	0	1	2.0000	1.0000	1.0000	0.8225	NaN	NaN	NaN	112831.5846	112831.9124	1.0000	1.0000	0.4020
38gm02	2	27	0	1	1.0000	1.0000	1.0000	NaN	2.5293	3.2415	14.7907	112835.0773	112835.3785	1.0000	1.0000	0.3362
38gm02	2	27	0	1	2.0000	1.0000	1.0000	0.6777	NaN	NaN	NaN	112836.3606	112836.6888	1.0000	1.0000	0.4415
38gm02	2	28	0	1	1.0000	1.0000	1.0000	NaN	5.0077	5.2237	15.5866	112839.5597	112839.8607	1.0000	1.0000	0.3239
38gm02	2	28	0	1	2.0000	1.0000	1.0000	0.4127	NaN	NaN	NaN	112840.8258	112841.1536	1.0000	1.0000	0.5351
38gm02	2	29	0	1	1.0000	1.0000	1.0000	NaN	11.9775	13.2940	14.8704	112843.9625	112844.2637	1.0000	1.0000	0.3458
38gm02	2	29	0	1	2.0000	1.0000	1.0000	0.5869	NaN	NaN	NaN	112845.2646	112845.5914	1.0000	1.0000	0.4108
38gm02	2	30	0	1	1.0000	1.0000	-1.0000	NaN	7.8035	-7.8259	16.4016	112848.1766	112848.4776	0.0000	1.0000	0.4214
38gm02	2	30	0	1	2.0000	1.0000	1.0000	0.3696	NaN	NaN	NaN	112849.4879	112849.8148	1.0000	1.0000	0.7299
38gm02	2	31	0	1	1.0000	1.0000	1.0000	NaN	2.5824	3.8001	15.9372	112852.8767	112853.1777	1.0000	1.0000	0.7603
38gm02	2	31	0	1	2.0000	1.0000	1.0000	0.2932	NaN	NaN	NaN	112854.5690	112854.8961	1.0000	1.0000	0.7213
38gm02	2	32	0	1	1.0000	1.0000	1.0000	NaN	1.9350	3.5315	14.9291	112857.5579	112857.8589	1.0000	1.0000	0.7836
38gm02	2	32	0	1	2.0000	1.0000	-1.0000	0.5314	NaN	NaN	NaN	112859.2963	112859.6233	1.0000	0.0000	0.6581
38gm02	2	33	0	1	1.0000	1.0000	-1.0000	NaN	1.4128	-1.4040	15.1670	112862.2006	112862.5020	1.0000	0.0000	0.4908
38gm02	2	33	0	1	2.0000	1.0000	1.0000	0.7346	NaN	NaN	NaN	112863.6245	112863.9519	1.0000	1.0000	0.6335
38gm02	2	34	0	1	1.0000	1.0000	-1.0000	NaN	7.6533	-7.1102	14.9944	112867.3515	112867.6525	0.0000	1.0000	0.3801
38gm02	2	34	0	1	2.0000	1.0000	-1.0000	0.6475	NaN	NaN	NaN	112868.6324	112868.9600	0.0000	1.0000	0.8670
38gm02	2	35	0	1	1.0000	1.0000	-1.0000	NaN	8.2411	-7.8551	16.7797	112872.1607	112872.4617	0.0000	1.0000	0.3568
38gm02	2	35	0	1	2.0000	1.0000	-1.0000	0.3184	NaN	NaN	NaN	112873.4563	112873.7832	0.0000	1.0000	0.8593
38gm02	2	36	0	1	1.0000	1.0000	-1.0000	NaN	7.6340	-9.3695	14.7222	112877.1250	112877.4260	0.0000	1.0000	0.3850
38gm02	2	36	0	1	2.0000	1.0000	-1.0000	0.4900	NaN	NaN	NaN	112878.4252	112878.7527	0.0000	1.0000	0.6481
38gm02	2	37	0	1	1.0000	1.0000	-1.0000	NaN	5.3619	-4.2057	15.3521	112881.5438	112881.8449	0.0000	1.0000	0.4139
38gm02	2	37	0	1	2.0000	1.0000	1.0000	0.8454	NaN	NaN	NaN	112882.8967	112883.2239	1.0000	1.0000	0.4809
38gm02	2	38	0	1	1.0000	1.0000	-1.0000	NaN	1.0354	-0.5197	15.5897	112885.7311	112886.0322	1.0000	0.0000	0.5445
38gm02	2	38	0	1	2.0000	1.0000	-1.0000	0.4885	NaN	NaN	NaN	112887.2406	112887.5677	0.0000	1.0000	0.9474
38gm02	2	39	0	1	1.0000	1.0000	-1.0000	NaN	4.5359	-4.8113	16.8543	112890.7877	112891.0887	0.0000	1.0000	0.4561
38gm02	2	39	0	1	2.0000	1.0000	1.0000	0.6356	NaN	NaN	NaN	112892.1608	112892.4887	0.0000	0.0000	1.6584
38gm02	2	40	0	1	1.0000	1.0000	-1.0000	NaN	3.1843	-3.5256	16.1664	112896.4719	112896.7729	0.0000	1.0000	0.4203
38gm02	2	40	0	1	2.0000	1.0000	-1.0000	0.2615	NaN	NaN	NaN	112897.8084	112898.1363	0.0000	1.0000	0.6669
38gm02	2	41	0	1	1.0000	1.0000	-1.0000	NaN	8.4650	-6.0726	15.0354	112900.8277	112901.1286	0.0000	1.0000	0.4642
38gm02	2	41	0	1	2.0000	1.0000	-1.0000	0.1489	NaN	NaN	NaN	112902.2084	112902.5358	0.0000	1.0000	0.6349
38gm02	2	42	0	1	1.0000	1.0000	-1.0000	NaN	8.4695	-8.2800	13.7292	112905.5018	112905.8028	0.0000	1.0000	0.3260
38gm02	2	42	0	1	2.0000	1.0000	-1.0000	0.9362	NaN	NaN	NaN	112906.7443	112907.0712	0.0000	1.0000	0.6354
38gm02	2	43	0	1	1.0000	1.0000	1.0000	NaN	5.3554	6.4493	15.1786	112909.7708	112910.0725	1.0000	1.0000	0.6502
38gm02	2	43	0	1	2.0000	1.0000	1.0000	0.6536	NaN	NaN	NaN	112911.3610	112911.6891	1.0000	1.0000	0.5836
38gm02	2	44	0	1	1.0000	1.0000	1.0000	NaN	7.0623	8.9082	13.8788	112914.5226	112914.8236	1.0000	1.0000	0.3455
38gm02	2	44	0	1	2.0000	1.0000	-1.0000	0.5844	NaN	NaN	NaN	112915.7851	112916.1119	0.0000	1.0000	0.5938
38gm02	2	45	0	1	1.0000	1.0000	-1.0000	NaN	1.0906	-0.8834	15.2665	112919.1636	112919.4645	1.0000	0.0000	0.4018
38gm02	2	45	0	1	2.0000	1.0000	1.0000	0.6484	NaN	NaN	NaN	112920.4887	112920.8184	0.0000	0.0000	0.5993
38gm02	2	46	0	1	1.0000	1.0000	-1.0000	NaN	7.5990	-6.4266	15.0450	112924.0407	112924.3421	0.0000	1.0000	0.5489
38gm02	2	46	0	1	2.0000	1.0000	1.0000	0.6045	NaN	NaN	NaN	112925.4885	112925.8167	0.0000	0.0000	0.8965
38gm02	2	47	0	1	1.0000	1.0000	-1.0000	NaN	8.4087	-7.1958	15.2627	112929.1211	112929.4221	0.0000	1.0000	0.4211
38gm02	2	47	0	1	2.0000	1.0000	1.0000	0.9124	NaN	NaN	NaN	112930.4726	112930.7982	1.0000	1.0000	0.8746
38gm02	2	48	0	1	1.0000	1.0000	-1.0000	NaN	9.5866	-10.0666	14.3033	112933.8914	112934.1928	0.0000	1.0000	0.3453
38gm02	2	48	0	1	2.0000	1.0000	1.0000	0.1762	NaN	NaN	NaN	112935.1214	112935.4493	0.0000	0.0000	1.1295
38gm02	2	49	0	1	1.0000	1.0000	1.0000	NaN	4.2731	2.7432	14.8152	112938.8880	112939.1890	1.0000	1.0000	0.3732
38gm02	2	49	0	1	2.0000	1.0000	-1.0000	0.5913	NaN	NaN	NaN	112940.1544	112940.4836	0.0000	1.0000	0.5043
38gm02	2	50	0	1	1.0000	1.0000	1.0000	NaN	4.2351	2.9349	16.0111	112943.4122	112943.7133	1.0000	1.0000	0.2415
38gm02	2	50	0	1	2.0000	1.0000	1.0000	0.2754	NaN	NaN	NaN	112944.5611	112944.8889	1.0000	1.0000	0.5298
38gm02	3	1	0	1	1.0000	1.0000	-1.0000	NaN	2.7623	-4.3306	17.5240	112952.9225	112953.2236	1.0000	0.0000	0.4115
38gm02	3	1	0	1	2.0000	1.0000	-1.0000	0.3206	NaN	NaN	NaN	112954.2429	112954.5695	0.0000	1.0000	0.5051
38gm02	3	2	0	1	1.0000	1.0000	-1.0000	NaN	8.9368	-7.6307	14.3244	112957.6159	112957.9168	0.0000	1.0000	0.2844
38gm02	3	2	0	1	2.0000	1.0000	1.0000	0.2180	NaN	NaN	NaN	112958.8004	112959.1278	1.0000	1.0000	1.9531
38gm02	3	3	0	1	1.0000	1.0000	1.0000	NaN	6.3602	7.5056	14.9101	112963.0649	112963.3659	1.0000	1.0000	0.3328
38gm02	3	3	0	1	2.0000	1.0000	1.0000	0.6420	NaN	NaN	NaN	112964.3375	112964.6647	1.0000	1.0000	0.4982
38gm02	3	4	0	1	1.0000	1.0000	1.0000	NaN	3.7555	4.6500	15.3170	112967.4049	112967.7059	1.0000	1.0000	0.3050
38gm02	3	4	0	1	2.0000	1.0000	1.0000	0.5859	NaN	NaN	NaN	112968.6496	112968.9761	1.0000	1.0000	0.4987
38gm02	3	5	0	1	1.0000	1.0000	-1.0000	NaN	9.6789	-11.3980	15.4187	112971.5322	112971.8333	0.0000	1.0000	0.2733
38gm02	3	5	0	1	2.0000	1.0000	1.0000	0.1089	NaN	NaN	NaN	112972.7289	112973.0572	1.0000	1.0000	0.4474
38gm02	3	6	0	1	1.0000	1.0000	-1.0000	NaN	2.5540	-3.5085	15.9762	112976.0829	112976.3840	0.0000	1.0000	0.1452
38gm02	3	6	0	1	2.0000	1.0000	1.0000	0.2966	NaN	NaN	NaN	112977.1611	112977.4880	1.0000	1.0000	0.3390
38gm02	3	7	0	1	1.0000	1.0000	1.0000	NaN	10.0692	7.8551	14.3242	112980.1281	112980.4291	1.0000	1.0000	0.2918
38gm02	3	7	0	1	2.0000	1.0000	-1.0000	0.3561	NaN	NaN	NaN	112981.3284	112981.6565	0.0000	1.0000	1.3862
38gm02	3	8	0	1	1.0000	1.0000	1.0000	NaN	6.1311	6.4986	14.4005	112985.0285	112985.3295	1.0000	1.0000	0.2419
38gm02	3	8	0	1	2.0000	1.0000	-1.0000	0.4377	NaN	NaN	NaN	112986.1845	112986.5130	0.0000	1.0000	0.5599
38gm02	3	9	0	1	1.0000	1.0000	-1.0000	NaN	2.7986	-4.5913	15.0010	112989.3162	112989.6172	0.0000	1.0000	0.2971
38gm02	3	9	0	1	2.0000	1.0000	-1.0000	0.6457	NaN	NaN	NaN	112990.4897	112990.8176	0.0000	1.0000	0.4174
38gm02	3	10	0	1	1.0000	1.0000	-1.0000	NaN	8.7861	-7.6984	13.6023	112993.5262	112993.8276	0.0000	1.0000	0.3755
38gm02	3	10	0	1	2.0000	1.0000	-1.0000	0.7971	NaN	NaN	NaN	112994.7851	112995.1137	0.0000	1.0000	0.7751
38gm02	3	11	0	1	1.0000	1.0000	-1.0000	NaN	4.0152	-4.8081	15.7977	112998.0021	112998.3031	0.0000	1.0000	0.4178
38gm02	3	11	0	1	2.0000	1.0000	-1.0000	0.9355	NaN	NaN	NaN	112999.3208	112999.6474	0.0000	1.0000	0.3874
38gm02	3	12	0	1	1.0000	1.0000	1.0000	NaN	3.0483	2.3736	16.5000	113001.9190	113002.2201	1.0000	1.0000	1.2782
38gm02	3	12	0	1	2.0000	1.0000	-1.0000	0.4098	NaN	NaN	NaN	113004.1125	113004.4394	0.0000	1.0000	0.4414
38gm02	3	13	0	1	1.0000	1.0000	-1.0000	NaN	6.6246	-5.4589	14.4513	113006.8844	113007.1854	0.0000	1.0000	0.2480
38gm02	3	13	0	1	2.0000	1.0000	1.0000	0.7183	NaN	NaN	NaN	113008.0652	113008.3916	1.0000	1.0000	0.3230
38gm02	3	14	0	1	1.0000	1.0000	1.0000	NaN	1.4408	2.3752	14.3258	113011.1723	113011.4732	1.0000	1.0000	0.3916
38gm02	3	14	0	1	2.0000	1.0000	-1.0000	0.0964	NaN	NaN	NaN	113012.4889	113012.8155	0.0000	1.0000	1.4174
38gm02	3	15	0	1	1.0000	1.0000	1.0000	NaN	11.7567	11.8292	14.7700	113016.3540	113016.6554	1.0000	1.0000	0.2173
38gm02	3	15	0	1	2.0000	1.0000	-1.0000	0.4641	NaN	NaN	NaN	113017.4893	113017.8158	0.0000	1.0000	0.4111
38gm02	3	16	0	1	1.0000	1.0000	-1.0000	NaN	1.0866	-0.1916	15.6038	113020.3840	113020.6850	1.0000	0.0000	0.9340
38gm02	3	16	0	1	2.0000	1.0000	1.0000	0.5848	NaN	NaN	NaN	113022.2247	113022.5514	1.0000	1.0000	0.4426
38gm02	3	17	0	1	1.0000	1.0000	1.0000	NaN	9.8214	12.1498	13.2085	113025.4189	113025.7200	1.0000	1.0000	0.3871
38gm02	3	17	0	1	2.0000	1.0000	1.0000	0.2710	NaN	NaN	NaN	113026.7276	113027.0566	1.0000	1.0000	0.4658
38gm02	3	18	0	1	1.0000	1.0000	1.0000	NaN	7.2031	6.2689	14.9003	113029.9576	113030.2586	1.0000	1.0000	0.5916
38gm02	3	18	0	1	2.0000	1.0000	1.0000	0.1049	NaN	NaN	NaN	113031.4889	113031.8163	1.0000	1.0000	0.8746
38gm02	3	19	0	1	1.0000	1.0000	-1.0000	NaN	7.9499	-10.9185	14.7512	113034.9011	113035.2026	0.0000	1.0000	0.2562
38gm02	3	19	0	1	2.0000	1.0000	-1.0000	0.0716	NaN	NaN	NaN	113036.0976	113036.4248	1.0000	0.0000	1.2980
38gm02	3	20	0	1	1.0000	1.0000	1.0000	NaN	9.0708	9.1248	15.2214	113039.8064	113040.1074	1.0000	1.0000	0.3110
38gm02	3	20	0	1	2.0000	1.0000	-1.0000	0.0268	NaN	NaN	NaN	113041.0888	113041.4157	0.0000	1.0000	1.5795
38gm02	3	21	0	1	1.0000	1.0000	-1.0000	NaN	7.5410	-7.8434	16.3447	113045.4458	113045.7468	0.0000	1.0000	0.3420
38gm02	3	21	0	1	2.0000	1.0000	1.0000	0.8604	NaN	NaN	NaN	113046.7207	113047.0473	1.0000	1.0000	0.4752
38gm02	3	22	0	1	1.0000	1.0000	-1.0000	NaN	1.9457	-2.5233	14.2239	113050.0033	113050.3043	0.0000	1.0000	0.4669
38gm02	3	22	0	1	2.0000	1.0000	-1.0000	0.6726	NaN	NaN	NaN	113051.3843	113051.7115	0.0000	1.0000	0.4494
38gm02	3	23	0	1	1.0000	1.0000	1.0000	NaN	4.9929	3.4882	14.3159	113054.8704	113055.1714	1.0000	1.0000	0.6151
38gm02	3	23	0	1	2.0000	1.0000	-1.0000	0.6557	NaN	NaN	NaN	113056.4728	113056.7996	0.0000	1.0000	0.5220
38gm02	3	24	0	1	1.0000	1.0000	-1.0000	NaN	11.3395	-11.9091	16.9225	113059.6299	113059.9313	0.0000	1.0000	0.4136
38gm02	3	24	0	1	2.0000	1.0000	-1.0000	0.9417	NaN	NaN	NaN	113060.9606	113061.2877	0.0000	1.0000	0.6752
38gm02	3	25	0	1	1.0000	1.0000	1.0000	NaN	2.0668	0.7379	15.3592	113064.1147	113064.4157	0.0000	0.0000	0.5450
38gm02	3	25	0	1	2.0000	1.0000	-1.0000	0.5646	NaN	NaN	NaN	113065.6012	113065.9272	0.0000	1.0000	0.5635
38gm02	3	26	0	1	1.0000	1.0000	-1.0000	NaN	0.1875	-0.5421	15.1566	113068.9111	113069.2124	0.0000	1.0000	0.3828
38gm02	3	26	0	1	2.0000	1.0000	-1.0000	0.7453	NaN	NaN	NaN	113070.2326	113070.5594	0.0000	1.0000	0.5719
38gm02	3	27	0	1	1.0000	1.0000	-1.0000	NaN	8.7549	-10.8840	14.5738	113073.4525	113073.7536	0.0000	1.0000	0.4874
38gm02	3	27	0	1	2.0000	1.0000	-1.0000	0.9053	NaN	NaN	NaN	113074.8726	113075.2004	0.0000	1.0000	0.5459
38gm02	3	28	0	1	1.0000	1.0000	-1.0000	NaN	0.3564	-2.4211	16.7085	113077.7363	113078.0373	0.0000	1.0000	0.4928
38gm02	3	28	0	1	2.0000	1.0000	-1.0000	0.3993	NaN	NaN	NaN	113079.1366	113079.4631	0.0000	1.0000	0.6519
38gm02	3	29	0	1	1.0000	1.0000	1.0000	NaN	10.2485	8.3998	15.2225	113082.5401	113082.8412	1.0000	1.0000	0.5459
38gm02	3	29	0	1	2.0000	1.0000	1.0000	0.3352	NaN	NaN	NaN	113084.1206	113084.4495	1.0000	1.0000	0.5440
38gm02	3	30	0	1	1.0000	1.0000	1.0000	NaN	7.8476	7.3876	14.2556	113087.3263	113087.6276	1.0000	1.0000	0.8453
38gm02	3	30	0	1	2.0000	1.0000	1.0000	0.6324	NaN	NaN	NaN	113089.1686	113089.4975	1.0000	1.0000	0.9295
38gm02	3	31	0	1	1.0000	1.0000	1.0000	NaN	8.3537	8.3548	14.8736	113092.6677	113092.9687	1.0000	1.0000	0.5122
38gm02	3	31	0	1	2.0000	1.0000	-1.0000	0.2177	NaN	NaN	NaN	113094.1365	113094.4642	0.0000	1.0000	0.6264
38gm02	3	32	0	1	1.0000	1.0000	1.0000	NaN	3.5077	4.1014	14.3691	113097.7631	113098.0640	1.0000	1.0000	0.4269
38gm02	3	32	0	1	2.0000	1.0000	-1.0000	0.5200	NaN	NaN	NaN	113099.1528	113099.4800	0.0000	1.0000	0.4572
38gm02	3	33	0	1	1.0000	1.0000	1.0000	NaN	9.7427	8.4249	14.1416	113102.0562	113102.3574	1.0000	1.0000	0.3419
38gm02	3	33	0	1	2.0000	1.0000	1.0000	0.4140	NaN	NaN	NaN	113103.3456	113103.6729	1.0000	1.0000	0.5288
38gm02	3	34	0	1	1.0000	1.0000	1.0000	NaN	2.7130	3.6684	15.1682	113106.2370	113106.5379	1.0000	1.0000	0.1349
38gm02	3	34	0	1	2.0000	1.0000	1.0000	0.1593	NaN	NaN	NaN	113107.3047	113107.6326	1.0000	1.0000	0.4980
38gm02	3	35	0	1	1.0000	1.0000	-1.0000	NaN	0.7399	-0.9291	14.0796	113110.1726	113110.4736	0.0000	1.0000	0.5219
38gm02	3	35	0	1	2.0000	1.0000	1.0000	0.5171	NaN	NaN	NaN	113111.5688	113111.8953	1.0000	1.0000	0.4598
38gm02	3	36	0	1	1.0000	1.0000	-1.0000	NaN	1.0827	-1.7963	17.1559	113114.8308	113115.1318	0.0000	1.0000	0.4304
38gm02	3	36	0	1	2.0000	1.0000	-1.0000	0.6080	NaN	NaN	NaN	113116.2004	113116.5290	0.0000	1.0000	0.6179
38gm02	3	37	0	1	1.0000	1.0000	1.0000	NaN	3.6650	4.6235	15.3494	113119.4384	113119.7395	1.0000	1.0000	0.9255
38gm02	3	37	0	1	2.0000	1.0000	1.0000	0.6912	NaN	NaN	NaN	113121.3290	113121.6566	1.0000	1.0000	0.3784
38gm02	3	38	0	1	1.0000	1.0000	1.0000	NaN	0.5135	0.9880	15.3588	113124.5082	113124.8093	0.0000	0.0000	0.4415
38gm02	3	38	0	1	2.0000	1.0000	-1.0000	0.5390	NaN	NaN	NaN	113125.8569	113126.1851	0.0000	1.0000	0.5933
38gm02	3	39	0	1	1.0000	1.0000	-1.0000	NaN	3.1116	-1.9760	15.9568	113129.0501	113129.3511	0.0000	1.0000	0.9378
38gm02	3	39	0	1	2.0000	1.0000	-1.0000	0.8246	NaN	NaN	NaN	113130.8888	113131.2152	0.0000	1.0000	0.4992
38gm02	3	40	0	1	1.0000	1.0000	-1.0000	NaN	11.0615	-11.8051	14.7454	113133.8679	113134.1690	0.0000	1.0000	0.3943
38gm02	3	40	0	1	2.0000	1.0000	1.0000	0.1304	NaN	NaN	NaN	113135.2247	113135.5522	1.0000	1.0000	0.3149
38gm02	3	41	0	1	1.0000	1.0000	-1.0000	NaN	11.1098	-10.1420	15.5949	113138.1724	113138.4735	0.0000	1.0000	0.3528
38gm02	3	41	0	1	2.0000	1.0000	1.0000	0.6240	NaN	NaN	NaN	113139.4400	113139.7676	1.0000	1.0000	0.3313
38gm02	3	42	0	1	1.0000	1.0000	-1.0000	NaN	11.7396	-12.1468	15.1445	113142.5547	113142.8557	0.0000	1.0000	0.3547
38gm02	3	42	0	1	2.0000	1.0000	1.0000	0.6509	NaN	NaN	NaN	113143.8248	113144.1523	1.0000	1.0000	0.2886
38gm02	3	43	0	1	1.0000	1.0000	-1.0000	NaN	4.7796	-4.9072	14.3347	113146.8573	113147.1583	0.0000	1.0000	0.1313
38gm02	3	43	0	1	2.0000	1.0000	-1.0000	0.6805	NaN	NaN	NaN	113147.8973	113148.2261	0.0000	1.0000	0.5126
38gm02	3	44	0	1	1.0000	1.0000	-1.0000	NaN	2.7863	-3.1619	15.3855	113151.4061	113151.7077	0.0000	1.0000	0.3507
38gm02	3	44	0	1	2.0000	1.0000	-1.0000	0.0718	NaN	NaN	NaN	113152.6328	113152.9598	0.0000	1.0000	0.4268
38gm02	3	45	0	1	1.0000	1.0000	1.0000	NaN	1.7917	2.3336	16.1844	113155.9029	113156.2040	1.0000	1.0000	0.6689
38gm02	3	45	0	1	2.0000	1.0000	1.0000	0.8958	NaN	NaN	NaN	113157.5286	113157.8565	1.0000	1.0000	0.3448
38gm02	3	46	0	1	1.0000	1.0000	1.0000	NaN	1.8428	0.2795	14.7291	113160.3522	113160.6532	0.0000	0.0000	0.3716
38gm02	3	46	0	1	2.0000	1.0000	-1.0000	0.3419	NaN	NaN	NaN	113161.6244	113161.9509	1.0000	0.0000	0.5939
38gm02	3	47	0	1	1.0000	1.0000	-1.0000	NaN	0.4498	-0.0140	14.7811	113164.9757	113165.2770	1.0000	0.0000	0.4523
38gm02	3	47	0	1	2.0000	1.0000	-1.0000	0.3520	NaN	NaN	NaN	113166.3766	113166.7032	0.0000	1.0000	0.4836
38gm02	3	48	0	1	1.0000	1.0000	-1.0000	NaN	9.9674	-8.7200	14.1607	113169.6125	113169.9135	0.0000	1.0000	0.2635
38gm02	3	48	0	1	2.0000	1.0000	1.0000	0.6760	NaN	NaN	NaN	113170.8009	113171.1285	1.0000	1.0000	0.4025
38gm02	3	49	0	1	1.0000	1.0000	-1.0000	NaN	3.3950	-2.5833	14.6217	113174.2121	113174.5132	0.0000	1.0000	0.5118
38gm02	3	49	0	1	2.0000	1.0000	1.0000	0.0621	NaN	NaN	NaN	113175.6642	113175.9915	1.0000	1.0000	0.6829
38gm02	3	50	0	1	1.0000	1.0000	-1.0000	NaN	3.8947	-5.1672	15.1928	113178.9224	113179.2235	0.0000	1.0000	0.2334
38gm02	3	50	0	1	2.0000	1.0000	-1.0000	0.6608	NaN	NaN	NaN	113180.0886	113180.4153	1.0000	0.0000	0.3548
