53zm03	1	1	1	1	1.0000	1.0000	-1.0000	NaN	5.0133	-4.9577	16.3377	4495.6789	4495.9802	0.0000	1.0000	0.1444
53zm03	1	1	1	1	2.0000	1.0000	1.0000	0.6747	NaN	NaN	NaN	4496.7249	4497.0534	1.0000	1.0000	0.1753
53zm03	1	2	1	1	1.0000	1.0000	-1.0000	NaN	1.0100	-1.1796	14.6543	4499.5821	4499.8834	0.0000	1.0000	0.2413
53zm03	1	2	1	1	2.0000	1.0000	1.0000	0.6966	NaN	NaN	NaN	4500.7004	4501.0284	1.0000	1.0000	0.1930
53zm03	1	3	1	1	1.0000	1.0000	-1.0000	NaN	2.5441	-1.8044	16.1804	4503.7413	4504.0423	0.0000	1.0000	0.2034
53zm03	1	3	1	1	2.0000	1.0000	1.0000	0.1314	NaN	NaN	NaN	4504.8123	4505.1393	1.0000	1.0000	0.7540
53zm03	1	4	1	1	1.0000	1.0000	-1.0000	NaN	4.4568	-6.2803	15.5208	4508.1693	4508.4704	1.0000	0.0000	0.8708
53zm03	1	4	1	1	2.0000	1.0000	-1.0000	0.1438	NaN	NaN	NaN	4509.9403	4510.2678	0.0000	1.0000	0.6176
53zm03	1	5	1	1	1.0000	1.0000	-1.0000	NaN	1.3574	-0.7579	15.4671	4513.5044	4513.8056	1.0000	0.0000	0.9438
53zm03	1	5	1	1	2.0000	1.0000	-1.0000	0.4796	NaN	NaN	NaN	4515.3806	4515.7073	0.0000	1.0000	0.2734
53zm03	1	6	1	1	1.0000	1.0000	1.0000	NaN	1.1645	2.0291	15.6043	4518.3576	4518.6586	1.0000	1.0000	0.8587
53zm03	1	6	1	1	2.0000	1.0000	1.0000	0.1952	NaN	NaN	NaN	4520.1085	4520.4369	1.0000	1.0000	0.6243
53zm03	1	7	1	1	1.0000	1.0000	-1.0000	NaN	5.6022	-4.6405	14.8565	4523.2876	4523.5886	0.0000	1.0000	0.2246
53zm03	1	7	1	1	2.0000	1.0000	1.0000	0.7026	NaN	NaN	NaN	4524.4042	4524.7305	1.0000	1.0000	0.3060
53zm03	1	8	1	1	1.0000	1.0000	-1.0000	NaN	4.4539	-5.1717	14.9601	4527.1138	4527.4148	0.0000	1.0000	0.3826
53zm03	1	8	1	1	2.0000	1.0000	1.0000	0.9364	NaN	NaN	NaN	4528.3962	4528.7232	1.0000	1.0000	0.3380
53zm03	1	9	1	1	1.0000	1.0000	1.0000	NaN	3.1499	1.7530	14.5705	4531.3215	4531.6225	1.0000	1.0000	0.4622
53zm03	1	9	1	1	2.0000	1.0000	1.0000	0.7557	NaN	NaN	NaN	4532.6604	4532.9878	1.0000	1.0000	0.3609
53zm03	1	10	1	1	1.0000	1.0000	-1.0000	NaN	4.8450	-2.7407	13.8684	4535.3165	4535.6175	1.0000	0.0000	0.9072
53zm03	1	10	1	1	2.0000	1.0000	-1.0000	0.8912	NaN	NaN	NaN	4537.1401	4537.4673	0.0000	1.0000	0.4261
53zm03	1	11	1	1	1.0000	1.0000	1.0000	NaN	0.2846	0.1963	15.0132	4540.3696	4540.6706	1.0000	1.0000	0.4787
53zm03	1	11	1	1	2.0000	1.0000	1.0000	0.8326	NaN	NaN	NaN	4541.7717	4542.0989	1.0000	1.0000	0.6664
53zm03	1	12	1	1	1.0000	1.0000	-1.0000	NaN	0.0354	-0.7599	15.1932	4545.3479	4545.6490	1.0000	0.0000	0.5638
53zm03	1	12	1	1	2.0000	1.0000	-1.0000	0.9447	NaN	NaN	NaN	4546.8045	4547.1315	0.0000	1.0000	0.3136
53zm03	1	13	1	1	1.0000	1.0000	-1.0000	NaN	4.0469	-5.6365	14.4923	4549.9792	4550.2803	0.0000	1.0000	0.4930
53zm03	1	13	1	1	2.0000	1.0000	1.0000	0.7005	NaN	NaN	NaN	4551.3406	4551.6678	1.0000	1.0000	0.3215
53zm03	1	14	1	1	1.0000	1.0000	1.0000	NaN	0.9086	2.0814	15.1734	4554.4317	4554.7327	1.0000	1.0000	0.2887
53zm03	1	14	1	1	2.0000	1.0000	1.0000	0.3090	NaN	NaN	NaN	4555.5726	4555.9000	1.0000	1.0000	0.8654
53zm03	1	15	1	1	1.0000	1.0000	-1.0000	NaN	4.9581	-3.2794	15.9247	4559.1349	4559.4359	1.0000	0.0000	0.8491
53zm03	1	15	1	1	2.0000	1.0000	-1.0000	0.6634	NaN	NaN	NaN	4560.8443	4561.1728	0.0000	1.0000	0.5599
53zm03	1	16	1	1	1.0000	1.0000	-1.0000	NaN	3.6467	-3.9524	15.2615	4564.0242	4564.3254	1.0000	0.0000	0.4958
53zm03	1	16	1	1	2.0000	1.0000	-1.0000	0.1634	NaN	NaN	NaN	4565.4040	4565.7319	0.0000	1.0000	1.1448
53zm03	1	17	1	1	1.0000	1.0000	1.0000	NaN	1.9651	3.9777	13.6340	4569.2544	4569.5558	1.0000	1.0000	0.2815
53zm03	1	17	1	1	2.0000	1.0000	1.0000	0.1810	NaN	NaN	NaN	4570.4204	4570.7476	0.0000	0.0000	1.7380
53zm03	1	18	1	1	1.0000	1.0000	1.0000	NaN	4.6169	4.1812	15.7058	4574.6354	4574.9364	1.0000	1.0000	0.1882
53zm03	1	18	1	1	2.0000	1.0000	1.0000	0.9440	NaN	NaN	NaN	4575.7007	4576.0296	1.0000	1.0000	0.6871
53zm03	1	19	1	1	1.0000	1.0000	-1.0000	NaN	2.0651	-1.5990	15.3393	4579.1037	4579.4047	1.0000	0.0000	1.0726
53zm03	1	19	1	1	2.0000	1.0000	-1.0000	0.6724	NaN	NaN	NaN	4581.0281	4581.3545	0.0000	1.0000	0.3146
53zm03	1	20	1	1	1.0000	1.0000	-1.0000	NaN	3.0442	-2.5920	14.5932	4583.7779	4584.0789	1.0000	0.0000	0.7663
53zm03	1	20	1	1	2.0000	1.0000	-1.0000	0.3124	NaN	NaN	NaN	4585.3162	4585.6435	0.0000	1.0000	0.5379
53zm03	1	21	1	1	1.0000	1.0000	-1.0000	NaN	4.8557	-5.7314	14.7301	4588.3909	4588.6919	0.0000	1.0000	0.4967
53zm03	1	21	1	1	2.0000	1.0000	1.0000	0.1819	NaN	NaN	NaN	4589.7805	4590.1068	1.0000	1.0000	1.3139
53zm03	1	22	1	1	1.0000	1.0000	-1.0000	NaN	4.1217	-5.3556	15.2879	4593.6831	4593.9844	0.0000	1.0000	0.6048
53zm03	1	22	1	1	2.0000	1.0000	1.0000	0.3609	NaN	NaN	NaN	4595.1721	4595.5036	1.0000	1.0000	0.8457
53zm03	1	23	1	1	1.0000	1.0000	1.0000	NaN	5.0604	4.4464	14.9652	4598.5036	4598.8045	1.0000	1.0000	0.3361
53zm03	1	23	1	1	2.0000	1.0000	1.0000	0.2623	NaN	NaN	NaN	4599.7476	4600.0751	1.0000	1.0000	0.6822
53zm03	1	24	1	1	1.0000	1.0000	-1.0000	NaN	2.4351	-2.9784	15.3608	4602.8685	4603.1695	1.0000	0.0000	0.7719
53zm03	1	24	1	1	2.0000	1.0000	-1.0000	0.5264	NaN	NaN	NaN	4604.5238	4604.8537	0.0000	1.0000	0.4556
53zm03	1	25	1	1	1.0000	1.0000	1.0000	NaN	4.6224	3.9565	15.8810	4607.5790	4607.8799	1.0000	1.0000	0.3812
53zm03	1	25	1	1	2.0000	1.0000	1.0000	0.6510	NaN	NaN	NaN	4608.8519	4609.1797	1.0000	1.0000	0.6010
53zm03	1	26	1	1	1.0000	1.0000	1.0000	NaN	3.2393	6.3124	15.0928	4611.8502	4612.1513	1.0000	1.0000	0.3579
53zm03	1	26	1	1	2.0000	1.0000	1.0000	0.1790	NaN	NaN	NaN	4613.0762	4613.4044	1.0000	1.0000	0.5208
53zm03	1	27	1	1	1.0000	1.0000	1.0000	NaN	4.1412	2.9429	14.7126	4616.2669	4616.5679	1.0000	1.0000	0.9093
53zm03	1	27	1	1	2.0000	1.0000	1.0000	0.9879	NaN	NaN	NaN	4618.0518	4618.3790	1.0000	1.0000	0.5456
53zm03	1	28	1	1	1.0000	1.0000	-1.0000	NaN	1.1609	-1.5167	13.3902	4621.2378	4621.5387	1.0000	0.0000	0.9066
53zm03	1	28	1	1	2.0000	1.0000	-1.0000	0.4901	NaN	NaN	NaN	4623.0278	4623.3560	0.0000	1.0000	0.7368
53zm03	1	29	1	1	1.0000	1.0000	1.0000	NaN	4.0923	5.6417	14.1744	4626.3787	4626.6802	1.0000	1.0000	0.4287
53zm03	1	29	1	1	2.0000	1.0000	1.0000	0.8206	NaN	NaN	NaN	4627.6517	4627.9884	1.0000	1.0000	0.5766
53zm03	1	30	1	1	1.0000	1.0000	1.0000	NaN	5.5278	4.4034	14.7954	4630.9604	4631.2614	1.0000	1.0000	0.3118
53zm03	1	30	1	1	2.0000	1.0000	1.0000	0.9554	NaN	NaN	NaN	4632.1001	4632.4289	1.0000	1.0000	0.2643
53zm03	1	31	1	1	1.0000	1.0000	-1.0000	NaN	2.7701	-3.5738	15.3482	4635.3309	4635.6329	1.0000	0.0000	0.3492
53zm03	1	31	1	1	2.0000	1.0000	-1.0000	0.5016	NaN	NaN	NaN	4636.5556	4636.8833	0.0000	1.0000	0.5061
53zm03	1	32	1	1	1.0000	1.0000	-1.0000	NaN	4.9665	-3.6877	14.7948	4639.6518	4639.9528	0.0000	1.0000	0.7488
53zm03	1	32	1	1	2.0000	1.0000	1.0000	0.8824	NaN	NaN	NaN	4641.3086	4641.6363	1.0000	1.0000	0.3442
53zm03	1	33	1	1	1.0000	1.0000	1.0000	NaN	1.9950	2.7394	14.3742	4644.3184	4644.6194	1.0000	1.0000	0.2652
53zm03	1	33	1	1	2.0000	1.0000	1.0000	0.5138	NaN	NaN	NaN	4645.4678	4645.7953	1.0000	1.0000	0.6412
53zm03	1	34	1	1	1.0000	1.0000	-1.0000	NaN	2.6633	-2.6657	13.3205	4648.6563	4648.9573	0.0000	1.0000	0.5040
53zm03	1	34	1	1	2.0000	1.0000	1.0000	0.7919	NaN	NaN	NaN	4650.0842	4650.4123	1.0000	1.0000	0.4730
53zm03	1	35	1	1	1.0000	1.0000	-1.0000	NaN	1.6382	-1.3000	15.3995	4653.0123	4653.3135	0.0000	1.0000	0.7558
53zm03	1	35	1	1	2.0000	1.0000	1.0000	0.4615	NaN	NaN	NaN	4654.6848	4655.0125	1.0000	1.0000	0.7530
53zm03	1	36	1	1	1.0000	1.0000	1.0000	NaN	0.7543	2.9965	14.3598	4657.7276	4658.0287	1.0000	1.0000	0.4879
53zm03	1	36	1	1	2.0000	1.0000	1.0000	0.6561	NaN	NaN	NaN	4659.0840	4659.4125	1.0000	1.0000	0.4570
53zm03	1	37	1	1	1.0000	1.0000	-1.0000	NaN	3.7966	-3.0501	15.1557	4661.7531	4662.0541	0.0000	1.0000	0.4633
53zm03	1	37	1	1	2.0000	1.0000	1.0000	0.0166	NaN	NaN	NaN	4663.1081	4663.4347	1.0000	1.0000	0.5141
53zm03	1	38	1	1	1.0000	1.0000	-1.0000	NaN	1.3186	-1.2170	13.7858	4666.2594	4666.5604	1.0000	0.0000	0.3723
53zm03	1	38	1	1	2.0000	1.0000	-1.0000	0.0561	NaN	NaN	NaN	4667.5161	4667.8435	1.0000	0.0000	1.6412
53zm03	1	39	1	1	1.0000	1.0000	-1.0000	NaN	0.5357	-0.3191	15.6665	4671.6251	4671.9262	1.0000	0.0000	0.7906
53zm03	1	39	1	1	2.0000	1.0000	-1.0000	0.4735	NaN	NaN	NaN	4673.3078	4673.6381	0.0000	1.0000	0.2150
53zm03	1	40	1	1	1.0000	1.0000	-1.0000	NaN	0.3629	-0.1293	14.9908	4675.8718	4676.1729	1.0000	0.0000	0.3123
53zm03	1	40	1	1	2.0000	1.0000	-1.0000	0.7691	NaN	NaN	NaN	4677.0443	4677.3718	0.0000	1.0000	0.2176
53zm03	1	41	1	1	1.0000	1.0000	-1.0000	NaN	4.8735	-2.2811	13.5286	4679.8822	4680.1832	0.0000	1.0000	1.0140
53zm03	1	41	1	1	2.0000	1.0000	1.0000	0.1801	NaN	NaN	NaN	4681.7958	4682.1231	1.0000	1.0000	0.3619
53zm03	1	42	1	1	1.0000	1.0000	1.0000	NaN	0.6512	1.9551	14.5755	4684.8062	4685.1073	0.0000	0.0000	1.5459
53zm03	1	42	1	1	2.0000	1.0000	-1.0000	0.7565	NaN	NaN	NaN	4687.2359	4687.5656	0.0000	1.0000	0.2475
53zm03	1	43	1	1	1.0000	1.0000	1.0000	NaN	1.4929	0.1971	15.9323	4690.0321	4690.3331	1.0000	1.0000	0.1842
53zm03	1	43	1	1	2.0000	1.0000	1.0000	0.7985	NaN	NaN	NaN	4691.1078	4691.4357	1.0000	1.0000	0.2255
53zm03	1	44	1	1	1.0000	1.0000	-1.0000	NaN	5.6570	-6.7027	14.5482	4693.8635	4694.1645	0.0000	1.0000	0.3129
53zm03	1	44	1	1	2.0000	1.0000	1.0000	0.5692	NaN	NaN	NaN	4695.0684	4695.3974	1.0000	1.0000	0.4632
53zm03	1	45	1	1	1.0000	1.0000	-1.0000	NaN	1.2316	-0.3315	14.0722	4698.0214	4698.3224	1.0000	0.0000	0.2342
53zm03	1	45	1	1	2.0000	1.0000	-1.0000	0.9640	NaN	NaN	NaN	4699.1004	4699.4300	0.0000	1.0000	0.2874
53zm03	1	46	1	1	1.0000	1.0000	1.0000	NaN	4.1183	2.4166	13.2996	4702.1851	4702.4861	1.0000	1.0000	0.2710
53zm03	1	46	1	1	2.0000	1.0000	1.0000	0.7777	NaN	NaN	NaN	4703.2842	4703.6124	1.0000	1.0000	0.4169
53zm03	1	47	1	1	1.0000	1.0000	-1.0000	NaN	0.7866	-0.4997	15.0304	4706.3732	4706.6743	1.0000	0.0000	0.9944
53zm03	1	47	1	1	2.0000	1.0000	-1.0000	0.8360	NaN	NaN	NaN	4708.2366	4708.5635	0.0000	1.0000	0.3055
53zm03	1	48	1	1	1.0000	1.0000	-1.0000	NaN	1.5586	-0.9059	14.2066	4710.7304	4711.0314	0.0000	1.0000	1.1580
53zm03	1	48	1	1	2.0000	1.0000	1.0000	0.5866	NaN	NaN	NaN	4712.7796	4713.1060	1.0000	1.0000	0.4025
53zm03	1	49	1	1	1.0000	1.0000	-1.0000	NaN	2.9843	-4.6464	15.8168	4715.8134	4716.1144	0.0000	1.0000	0.3391
53zm03	1	49	1	1	2.0000	1.0000	1.0000	0.5131	NaN	NaN	NaN	4717.0282	4717.3561	1.0000	1.0000	0.4091
53zm03	1	50	1	1	1.0000	1.0000	-1.0000	NaN	3.3510	-3.9225	16.4880	4720.0017	4720.3028	0.0000	1.0000	0.2785
53zm03	1	50	1	1	2.0000	1.0000	1.0000	0.0398	NaN	NaN	NaN	4721.1392	4721.4664	1.0000	1.0000	0.4348
53zm03	2	1	1	1	1.0000	1.0000	1.0000	NaN	3.7892	2.5086	16.8141	4727.8232	4728.1246	0.0000	0.0000	0.6005
53zm03	2	1	1	1	2.0000	1.0000	-1.0000	0.1961	NaN	NaN	NaN	4729.2996	4729.6265	1.0000	0.0000	1.6501
53zm03	2	2	1	1	1.0000	1.0000	-1.0000	NaN	1.4151	-1.2105	14.8849	4733.1565	4733.4575	1.0000	0.0000	0.9229
53zm03	2	2	1	1	2.0000	1.0000	-1.0000	0.3398	NaN	NaN	NaN	4734.9806	4735.3071	0.0000	1.0000	0.1784
53zm03	2	3	1	1	1.0000	1.0000	1.0000	NaN	4.2253	2.5668	14.4013	4737.7634	4738.0644	1.0000	1.0000	0.1890
53zm03	2	3	1	1	2.0000	1.0000	1.0000	0.9244	NaN	NaN	NaN	4738.8036	4739.1310	1.0000	1.0000	1.2022
53zm03	2	4	1	1	1.0000	1.0000	1.0000	NaN	0.2767	0.8574	13.9516	4742.8929	4743.1939	1.0000	1.0000	0.3874
53zm03	2	4	1	1	2.0000	1.0000	1.0000	0.8705	NaN	NaN	NaN	4744.1328	4744.4596	1.0000	1.0000	0.3852
53zm03	2	5	1	1	1.0000	1.0000	-1.0000	NaN	4.2011	-4.1179	15.5772	4746.9065	4747.2077	1.0000	0.0000	0.7975
53zm03	2	5	1	1	2.0000	1.0000	-1.0000	0.4608	NaN	NaN	NaN	4748.6123	4748.9392	0.0000	1.0000	0.2500
53zm03	2	6	1	1	1.0000	1.0000	1.0000	NaN	4.9000	5.9868	14.1902	4751.2605	4751.5615	1.0000	1.0000	0.2991
53zm03	2	6	1	1	2.0000	1.0000	1.0000	0.6774	NaN	NaN	NaN	4752.4277	4752.7554	1.0000	1.0000	1.2658
53zm03	2	7	1	1	1.0000	1.0000	-1.0000	NaN	1.4607	-0.6488	13.2476	4756.0955	4756.3966	0.0000	1.0000	0.2735
53zm03	2	7	1	1	2.0000	1.0000	1.0000	0.5476	NaN	NaN	NaN	4757.2451	4757.5727	1.0000	1.0000	0.5045
53zm03	2	8	1	1	1.0000	1.0000	1.0000	NaN	3.6483	1.4555	13.3001	4760.5389	4760.8400	1.0000	1.0000	0.8613
53zm03	2	8	1	1	2.0000	1.0000	1.0000	0.7893	NaN	NaN	NaN	4762.2843	4762.6120	1.0000	1.0000	0.6007
53zm03	2	9	1	1	1.0000	1.0000	-1.0000	NaN	2.8052	-4.2485	16.4189	4765.3655	4765.6664	0.0000	1.0000	0.4989
53zm03	2	9	1	1	2.0000	1.0000	1.0000	0.2856	NaN	NaN	NaN	4766.7235	4767.0513	1.0000	1.0000	0.5380
53zm03	2	10	1	1	1.0000	1.0000	1.0000	NaN	3.6327	1.6562	14.5347	4769.9422	4770.2432	1.0000	1.0000	1.1221
53zm03	2	10	1	1	2.0000	1.0000	1.0000	0.9673	NaN	NaN	NaN	4771.9556	4772.2836	1.0000	1.0000	0.2576
53zm03	2	11	1	1	1.0000	1.0000	1.0000	NaN	0.4501	0.9451	15.2165	4774.9807	4775.2820	1.0000	1.0000	0.6513
53zm03	2	11	1	1	2.0000	1.0000	1.0000	0.0096	NaN	NaN	NaN	4776.5160	4776.8443	1.0000	1.0000	1.1931
53zm03	2	12	1	1	1.0000	1.0000	-1.0000	NaN	4.6249	-6.8930	14.7212	4780.3058	4780.6069	0.0000	1.0000	0.4943
53zm03	2	12	1	1	2.0000	1.0000	1.0000	0.5184	NaN	NaN	NaN	4781.6838	4782.0115	1.0000	1.0000	0.4259
53zm03	2	13	1	1	1.0000	1.0000	-1.0000	NaN	2.9315	-3.2690	16.0928	4784.7387	4785.0397	0.0000	1.0000	0.5175
53zm03	2	13	1	1	2.0000	1.0000	1.0000	0.4635	NaN	NaN	NaN	4786.1401	4786.4667	1.0000	1.0000	0.7388
53zm03	2	14	1	1	1.0000	1.0000	-1.0000	NaN	2.5333	-3.2954	14.4075	4789.6907	4789.9918	0.0000	1.0000	0.2048
53zm03	2	14	1	1	2.0000	1.0000	1.0000	0.0736	NaN	NaN	NaN	4790.7880	4791.1152	1.0000	1.0000	0.5299
53zm03	2	15	1	1	1.0000	1.0000	-1.0000	NaN	3.2286	-2.2003	15.3356	4794.0728	4794.3738	0.0000	1.0000	0.4308
53zm03	2	15	1	1	2.0000	1.0000	1.0000	0.6289	NaN	NaN	NaN	4795.3876	4795.7135	1.0000	1.0000	0.3716
53zm03	2	16	1	1	1.0000	1.0000	1.0000	NaN	1.4919	3.8290	15.0539	4798.4711	4798.7721	1.0000	1.0000	0.2883
53zm03	2	16	1	1	2.0000	1.0000	1.0000	0.0464	NaN	NaN	NaN	4799.6277	4799.9567	1.0000	1.0000	0.7839
53zm03	2	17	1	1	1.0000	1.0000	1.0000	NaN	5.1036	4.1343	14.5304	4802.9603	4803.2613	1.0000	1.0000	0.2233
53zm03	2	17	1	1	2.0000	1.0000	1.0000	0.5164	NaN	NaN	NaN	4804.0295	4804.3576	1.0000	1.0000	0.6636
53zm03	2	18	1	1	1.0000	1.0000	-1.0000	NaN	1.4481	-3.0749	15.2492	4807.2982	4807.5995	0.0000	1.0000	0.4137
53zm03	2	18	1	1	2.0000	1.0000	1.0000	0.7481	NaN	NaN	NaN	4808.5965	4808.9232	1.0000	1.0000	0.3379
53zm03	2	19	1	1	1.0000	1.0000	-1.0000	NaN	1.3407	-3.4108	14.6634	4811.3884	4811.6894	0.0000	1.0000	0.4517
53zm03	2	19	1	1	2.0000	1.0000	1.0000	0.1229	NaN	NaN	NaN	4812.7248	4813.0518	1.0000	1.0000	0.2495
53zm03	2	20	1	1	1.0000	1.0000	-1.0000	NaN	3.8124	-1.8173	15.9596	4815.8305	4816.1315	0.0000	1.0000	0.2570
53zm03	2	20	1	1	2.0000	1.0000	1.0000	0.9984	NaN	NaN	NaN	4816.9639	4817.2907	1.0000	1.0000	0.2181
53zm03	2	21	1	1	1.0000	1.0000	-1.0000	NaN	1.0077	-2.1474	14.8124	4819.6289	4819.9299	1.0000	0.0000	0.2192
53zm03	2	21	1	1	2.0000	1.0000	-1.0000	0.9730	NaN	NaN	NaN	4820.7167	4821.0462	0.0000	1.0000	0.2473
53zm03	2	22	1	1	1.0000	1.0000	1.0000	NaN	3.3120	1.2242	15.0164	4823.5697	4823.8707	1.0000	1.0000	0.4386
53zm03	2	22	1	1	2.0000	1.0000	1.0000	0.5437	NaN	NaN	NaN	4824.8850	4825.2120	1.0000	1.0000	0.2092
53zm03	2	23	1	1	1.0000	1.0000	-1.0000	NaN	2.7479	-3.9403	12.8210	4827.9649	4828.2662	0.0000	1.0000	0.2104
53zm03	2	23	1	1	2.0000	1.0000	1.0000	0.0100	NaN	NaN	NaN	4829.0523	4829.3804	1.0000	1.0000	0.4249
53zm03	2	24	1	1	1.0000	1.0000	-1.0000	NaN	1.3648	-1.6959	16.3154	4832.2418	4832.5427	0.0000	1.0000	0.2539
53zm03	2	24	1	1	2.0000	1.0000	1.0000	0.4099	NaN	NaN	NaN	4833.3879	4833.7145	1.0000	1.0000	0.4747
53zm03	2	25	1	1	1.0000	1.0000	-1.0000	NaN	2.2750	-2.5670	15.2113	4836.6332	4836.9342	0.0000	1.0000	0.1348
53zm03	2	25	1	1	2.0000	1.0000	1.0000	0.5119	NaN	NaN	NaN	4837.6442	4837.9719	1.0000	1.0000	0.4736
53zm03	2	26	1	1	1.0000	1.0000	1.0000	NaN	4.0215	3.4923	15.8298	4840.5147	4840.8158	1.0000	1.0000	0.2295
53zm03	2	26	1	1	2.0000	1.0000	1.0000	0.5571	NaN	NaN	NaN	4841.5959	4841.9223	1.0000	1.0000	0.6030
53zm03	2	27	1	1	1.0000	1.0000	1.0000	NaN	1.8375	2.1340	14.8529	4844.6019	4844.9033	1.0000	1.0000	0.2541
53zm03	2	27	1	1	2.0000	1.0000	1.0000	0.5402	NaN	NaN	NaN	4845.7160	4846.0440	1.0000	1.0000	0.5933
53zm03	2	28	1	1	1.0000	1.0000	-1.0000	NaN	2.6393	-1.4113	15.0168	4848.7982	4849.0992	0.0000	1.0000	1.1293
53zm03	2	28	1	1	2.0000	1.0000	1.0000	0.1461	NaN	NaN	NaN	4850.7800	4851.1072	1.0000	1.0000	0.5133
53zm03	2	29	1	1	1.0000	1.0000	1.0000	NaN	3.4423	3.4222	14.2351	4853.7739	4854.0749	1.0000	1.0000	0.2184
53zm03	2	29	1	1	2.0000	1.0000	1.0000	0.5575	NaN	NaN	NaN	4854.8675	4855.1954	1.0000	1.0000	0.4332
53zm03	2	30	1	1	1.0000	1.0000	-1.0000	NaN	1.3387	-1.0727	15.5012	4858.2823	4858.5835	0.0000	1.0000	0.6629
53zm03	2	30	1	1	2.0000	1.0000	1.0000	0.6509	NaN	NaN	NaN	4859.8361	4860.1638	1.0000	1.0000	0.2247
53zm03	2	31	1	1	1.0000	1.0000	1.0000	NaN	0.0034	0.0913	16.2103	4862.8780	4863.1790	1.0000	1.0000	0.2182
53zm03	2	31	1	1	2.0000	1.0000	1.0000	0.6527	NaN	NaN	NaN	4863.9642	4864.2947	1.0000	1.0000	0.5347
53zm03	2	32	1	1	1.0000	1.0000	1.0000	NaN	1.7654	1.8876	15.5686	4866.8084	4867.1094	1.0000	1.0000	0.2237
53zm03	2	32	1	1	2.0000	1.0000	1.0000	0.3224	NaN	NaN	NaN	4867.8925	4868.2202	1.0000	1.0000	0.7604
53zm03	2	33	1	1	1.0000	1.0000	1.0000	NaN	0.3634	0.9142	14.2056	4871.6418	4871.9429	1.0000	1.0000	0.3665
53zm03	2	33	1	1	2.0000	1.0000	1.0000	0.1669	NaN	NaN	NaN	4872.8769	4873.2045	1.0000	1.0000	0.6001
53zm03	2	34	1	1	1.0000	1.0000	1.0000	NaN	0.5664	1.9661	13.8609	4876.4981	4876.7991	1.0000	1.0000	0.1980
53zm03	2	34	1	1	2.0000	1.0000	1.0000	0.7303	NaN	NaN	NaN	4877.5481	4877.8766	1.0000	1.0000	0.4488
53zm03	2	35	1	1	1.0000	1.0000	1.0000	NaN	2.6055	3.0081	15.0845	4880.8195	4881.1205	1.0000	1.0000	0.2122
53zm03	2	35	1	1	2.0000	1.0000	1.0000	0.1234	NaN	NaN	NaN	4881.8921	4882.2201	1.0000	1.0000	0.7205
53zm03	2	36	1	1	1.0000	1.0000	-1.0000	NaN	0.2233	-0.8973	15.0792	4885.1508	4885.4518	1.0000	0.0000	0.1855
53zm03	2	36	1	1	2.0000	1.0000	-1.0000	0.5388	NaN	NaN	NaN	4886.1960	4886.5232	0.0000	1.0000	0.5382
53zm03	2	37	1	1	1.0000	1.0000	1.0000	NaN	0.5979	3.9880	14.2709	4889.7152	4890.0165	1.0000	1.0000	0.4446
53zm03	2	37	1	1	2.0000	1.0000	1.0000	0.0511	NaN	NaN	NaN	4891.0280	4891.3559	1.0000	1.0000	1.0812
53zm03	2	38	1	1	1.0000	1.0000	-1.0000	NaN	3.5477	-5.4293	15.2595	4894.8810	4895.1822	0.0000	1.0000	0.2869
53zm03	2	38	1	1	2.0000	1.0000	1.0000	0.1050	NaN	NaN	NaN	4896.0359	4896.3623	1.0000	1.0000	0.6029
53zm03	2	39	1	1	1.0000	1.0000	-1.0000	NaN	1.3721	-1.5049	16.0490	4899.0665	4899.3676	0.0000	1.0000	1.1171
53zm03	2	39	1	1	2.0000	1.0000	1.0000	0.3006	NaN	NaN	NaN	4901.0918	4901.4189	1.0000	1.0000	0.3943
53zm03	2	40	1	1	1.0000	1.0000	1.0000	NaN	5.1151	4.4734	13.8736	4904.2325	4904.5335	1.0000	1.0000	0.1597
53zm03	2	40	1	1	2.0000	1.0000	1.0000	0.5369	NaN	NaN	NaN	4905.2679	4905.5972	1.0000	1.0000	1.0474
53zm03	2	41	1	1	1.0000	1.0000	-1.0000	NaN	0.6648	-0.6058	15.7089	4908.8475	4909.1486	0.0000	1.0000	0.4644
53zm03	2	41	1	1	2.0000	1.0000	1.0000	0.4110	NaN	NaN	NaN	4910.1800	4910.5074	1.0000	1.0000	0.3296
53zm03	2	42	1	1	1.0000	1.0000	1.0000	NaN	3.5248	3.2953	14.2460	4913.0471	4913.3481	1.0000	1.0000	0.1937
53zm03	2	42	1	1	2.0000	1.0000	1.0000	0.3827	NaN	NaN	NaN	4914.1165	4914.4434	1.0000	1.0000	0.3292
53zm03	2	43	1	1	1.0000	1.0000	-1.0000	NaN	3.8418	-5.3005	15.5467	4917.3504	4917.6514	0.0000	1.0000	0.3942
53zm03	2	43	1	1	2.0000	1.0000	1.0000	0.8525	NaN	NaN	NaN	4918.6352	4918.9620	1.0000	1.0000	0.3466
53zm03	2	44	1	1	1.0000	1.0000	-1.0000	NaN	2.2854	-3.6780	14.4084	4921.3782	4921.6793	0.0000	1.0000	0.4613
53zm03	2	44	1	1	2.0000	1.0000	1.0000	0.9776	NaN	NaN	NaN	4922.7398	4923.0670	1.0000	1.0000	0.1540
53zm03	2	45	1	1	1.0000	1.0000	-1.0000	NaN	1.3781	-2.4208	16.5032	4925.1500	4925.4510	0.0000	1.0000	0.4656
53zm03	2	45	1	1	2.0000	1.0000	1.0000	0.8860	NaN	NaN	NaN	4926.5239	4926.8519	1.0000	1.0000	0.1687
53zm03	2	46	1	1	1.0000	1.0000	1.0000	NaN	1.6561	2.0825	12.4382	4929.4596	4929.7606	0.0000	0.0000	0.5405
53zm03	2	46	1	1	2.0000	1.0000	-1.0000	0.0608	NaN	NaN	NaN	4930.8997	4931.2264	1.0000	0.0000	0.8746
53zm03	2	47	1	1	1.0000	1.0000	-1.0000	NaN	5.0966	-5.4479	15.1698	4933.9882	4934.2893	0.0000	1.0000	0.2913
53zm03	2	47	1	1	2.0000	1.0000	1.0000	0.3250	NaN	NaN	NaN	4935.1799	4935.5072	1.0000	1.0000	0.2173
53zm03	2	48	1	1	1.0000	1.0000	1.0000	NaN	0.1730	1.7730	14.1322	4938.2943	4938.5953	1.0000	1.0000	0.2019
53zm03	2	48	1	1	2.0000	1.0000	1.0000	0.4852	NaN	NaN	NaN	4939.3480	4939.6753	1.0000	1.0000	0.3534
53zm03	2	49	1	1	1.0000	1.0000	1.0000	NaN	1.5176	3.2952	15.2766	4942.5569	4942.8578	1.0000	1.0000	0.0994
53zm03	2	49	1	1	2.0000	1.0000	1.0000	0.3623	NaN	NaN	NaN	4943.5078	4943.8343	1.0000	1.0000	0.3710
53zm03	2	50	1	1	1.0000	1.0000	1.0000	NaN	0.4591	0.2690	15.7491	4946.5849	4946.8860	1.0000	1.0000	0.2146
53zm03	2	50	1	1	2.0000	1.0000	1.0000	0.9936	NaN	NaN	NaN	4947.6199	4947.9462	1.0000	1.0000	0.4582
53zm03	3	1	1	1	1.0000	1.0000	-1.0000	NaN	1.0850	-1.6507	14.8706	4956.1792	4956.4802	0.0000	1.0000	0.2605
53zm03	3	1	1	1	2.0000	1.0000	1.0000	0.6354	NaN	NaN	NaN	4957.3486	4957.6759	1.0000	1.0000	0.1215
53zm03	3	2	1	1	1.0000	1.0000	1.0000	NaN	1.1460	2.3006	14.8356	4960.4499	4960.7509	1.0000	1.0000	0.2704
53zm03	3	2	1	1	2.0000	1.0000	1.0000	0.6394	NaN	NaN	NaN	4961.5560	4961.8821	1.0000	1.0000	0.2030
53zm03	3	3	1	1	1.0000	1.0000	1.0000	NaN	1.5957	0.0829	14.6478	4964.1634	4964.4644	0.0000	0.0000	0.3258
53zm03	3	3	1	1	2.0000	1.0000	-1.0000	0.1057	NaN	NaN	NaN	4965.3552	4965.6820	0.0000	1.0000	0.4515
53zm03	3	4	1	1	1.0000	1.0000	-1.0000	NaN	3.7157	-3.7056	14.4523	4968.5177	4968.8187	0.0000	1.0000	0.3148
53zm03	3	4	1	1	2.0000	1.0000	1.0000	0.2844	NaN	NaN	NaN	4969.7245	4970.0523	1.0000	1.0000	1.0803
53zm03	3	5	1	1	1.0000	1.0000	-1.0000	NaN	1.7840	-2.1555	15.0118	4973.0692	4973.3703	0.0000	1.0000	0.2668
53zm03	3	5	1	1	2.0000	1.0000	1.0000	0.2022	NaN	NaN	NaN	4974.2279	4974.5555	1.0000	1.0000	0.7940
53zm03	3	6	1	1	1.0000	1.0000	1.0000	NaN	4.6145	4.6135	15.1164	4977.6859	4977.9869	1.0000	1.0000	0.2502
53zm03	3	6	1	1	2.0000	1.0000	1.0000	0.3159	NaN	NaN	NaN	4978.7737	4979.1021	1.0000	1.0000	0.4546
53zm03	3	7	1	1	1.0000	1.0000	-1.0000	NaN	5.6953	-5.5667	15.3030	4981.6278	4981.9289	0.0000	1.0000	0.2516
53zm03	3	7	1	1	2.0000	1.0000	1.0000	0.5567	NaN	NaN	NaN	4982.7796	4983.1068	1.0000	1.0000	0.4025
53zm03	3	8	1	1	1.0000	1.0000	-1.0000	NaN	4.6601	-5.9289	16.1881	4985.5969	4985.8980	0.0000	1.0000	0.3074
53zm03	3	8	1	1	2.0000	1.0000	1.0000	0.3201	NaN	NaN	NaN	4986.8204	4987.1471	1.0000	1.0000	0.3223
53zm03	3	9	1	1	1.0000	1.0000	-1.0000	NaN	3.9229	-4.5049	14.0817	4989.9891	4990.2901	1.0000	0.0000	0.8192
53zm03	3	9	1	1	2.0000	1.0000	-1.0000	0.9843	NaN	NaN	NaN	4991.6756	4992.0027	0.0000	1.0000	0.1144
53zm03	3	10	1	1	1.0000	1.0000	-1.0000	NaN	2.1669	-2.1962	15.4931	4994.4026	4994.7036	0.0000	1.0000	0.4050
53zm03	3	10	1	1	2.0000	1.0000	1.0000	0.6037	NaN	NaN	NaN	4995.6998	4996.0281	1.0000	1.0000	0.1210
53zm03	3	11	1	1	1.0000	1.0000	1.0000	NaN	5.1577	6.4555	14.9152	4998.3857	4998.6869	1.0000	1.0000	0.0937
53zm03	3	11	1	1	2.0000	1.0000	1.0000	0.1642	NaN	NaN	NaN	4999.3316	4999.6588	1.0000	1.0000	0.7226
53zm03	3	12	1	1	1.0000	1.0000	-1.0000	NaN	4.2661	-5.8809	13.6100	5002.9082	5003.2091	0.0000	1.0000	0.1881
53zm03	3	12	1	1	2.0000	1.0000	1.0000	0.6003	NaN	NaN	NaN	5003.9800	5004.3071	1.0000	1.0000	0.2976
53zm03	3	13	1	1	1.0000	1.0000	1.0000	NaN	3.6065	4.8359	13.7356	5007.0266	5007.3276	1.0000	1.0000	0.4377
53zm03	3	13	1	1	2.0000	1.0000	1.0000	0.8872	NaN	NaN	NaN	5008.3479	5008.6753	1.0000	1.0000	0.1861
53zm03	3	14	1	1	1.0000	1.0000	-1.0000	NaN	0.4988	-1.2655	14.5432	5011.0823	5011.3834	1.0000	0.0000	0.3497
53zm03	3	14	1	1	2.0000	1.0000	-1.0000	0.0130	NaN	NaN	NaN	5012.2604	5012.5870	0.0000	1.0000	0.8496
53zm03	3	15	1	1	1.0000	1.0000	-1.0000	NaN	1.6575	-0.2408	14.7901	5015.7155	5016.0164	1.0000	0.0000	0.4288
53zm03	3	15	1	1	2.0000	1.0000	-1.0000	0.8803	NaN	NaN	NaN	5016.9799	5017.3074	0.0000	1.0000	0.1859
53zm03	3	16	1	1	1.0000	1.0000	1.0000	NaN	0.7840	0.6043	13.8627	5019.9549	5020.2561	0.0000	0.0000	0.6132
53zm03	3	16	1	1	2.0000	1.0000	-1.0000	0.3897	NaN	NaN	NaN	5021.4513	5021.7785	0.0000	1.0000	0.1947
53zm03	3	17	1	1	1.0000	1.0000	1.0000	NaN	5.2722	3.3617	16.6462	5024.0924	5024.3934	1.0000	1.0000	0.1478
53zm03	3	17	1	1	2.0000	1.0000	1.0000	0.4139	NaN	NaN	NaN	5025.0846	5025.4120	0.0000	0.0000	1.0973
53zm03	3	18	1	1	1.0000	1.0000	1.0000	NaN	2.5739	3.9736	14.5528	5028.9054	5029.2064	1.0000	1.0000	0.1508
53zm03	3	18	1	1	2.0000	1.0000	1.0000	0.1381	NaN	NaN	NaN	5029.8918	5030.2192	0.0000	0.0000	0.6261
53zm03	3	19	1	1	1.0000	1.0000	1.0000	NaN	2.1465	1.8887	13.9993	5033.1648	5033.4659	1.0000	1.0000	0.1153
53zm03	3	19	1	1	2.0000	1.0000	1.0000	0.5512	NaN	NaN	NaN	5034.1316	5034.4582	1.0000	1.0000	0.7945
53zm03	3	20	1	1	1.0000	1.0000	-1.0000	NaN	3.1116	-3.3515	16.0072	5037.8975	5038.1985	0.0000	1.0000	0.3906
53zm03	3	20	1	1	2.0000	1.0000	1.0000	0.1898	NaN	NaN	NaN	5039.1403	5039.4695	1.0000	1.0000	0.3681
53zm03	3	21	1	1	1.0000	1.0000	1.0000	NaN	2.5409	0.7136	15.4761	5042.0317	5042.3328	1.0000	1.0000	0.2244
53zm03	3	21	1	1	2.0000	1.0000	1.0000	0.5568	NaN	NaN	NaN	5043.1004	5043.4273	1.0000	1.0000	0.2653
53zm03	3	22	1	1	1.0000	1.0000	-1.0000	NaN	2.1815	-2.5597	13.4860	5046.1045	5046.4055	0.0000	1.0000	0.8793
53zm03	3	22	1	1	2.0000	1.0000	1.0000	0.8082	NaN	NaN	NaN	5047.8519	5048.1801	1.0000	1.0000	0.2087
53zm03	3	23	1	1	1.0000	1.0000	1.0000	NaN	1.4478	0.1069	14.4833	5050.7751	5051.0762	1.0000	1.0000	0.3532
53zm03	3	23	1	1	2.0000	1.0000	1.0000	0.3258	NaN	NaN	NaN	5051.9643	5052.2918	1.0000	1.0000	0.6732
53zm03	3	24	1	1	1.0000	1.0000	-1.0000	NaN	3.1540	-3.3021	12.2586	5055.3260	5055.6272	1.0000	0.0000	0.4900
53zm03	3	24	1	1	2.0000	1.0000	-1.0000	0.4082	NaN	NaN	NaN	5056.6596	5056.9869	0.0000	1.0000	0.3137
53zm03	3	25	1	1	1.0000	1.0000	-1.0000	NaN	3.3902	-3.1814	15.2503	5059.5868	5059.8878	1.0000	0.0000	0.3334
53zm03	3	25	1	1	2.0000	1.0000	-1.0000	0.1650	NaN	NaN	NaN	5060.8202	5061.1469	0.0000	1.0000	0.6425
53zm03	3	26	1	1	1.0000	1.0000	1.0000	NaN	4.2474	5.2643	14.5853	5064.1755	5064.4766	1.0000	1.0000	0.1687
53zm03	3	26	1	1	2.0000	1.0000	1.0000	0.2396	NaN	NaN	NaN	5065.2281	5065.5548	0.0000	0.0000	0.6984
53zm03	3	27	1	1	1.0000	1.0000	1.0000	NaN	0.6014	2.2299	13.2672	5068.7804	5069.0814	1.0000	1.0000	0.1476
53zm03	3	27	1	1	2.0000	1.0000	1.0000	0.3894	NaN	NaN	NaN	5069.8042	5070.1305	1.0000	1.0000	0.4341
53zm03	3	28	1	1	1.0000	1.0000	-1.0000	NaN	5.0253	-6.3971	15.9883	5072.7522	5073.0533	0.0000	1.0000	0.2720
53zm03	3	28	1	1	2.0000	1.0000	1.0000	0.5670	NaN	NaN	NaN	5073.8999	5074.2267	1.0000	1.0000	0.2745
53zm03	3	29	1	1	1.0000	1.0000	-1.0000	NaN	0.1292	-0.1125	14.6346	5077.0384	5077.3394	1.0000	0.0000	0.3371
53zm03	3	29	1	1	2.0000	1.0000	-1.0000	0.3252	NaN	NaN	NaN	5078.2593	5078.5864	0.0000	1.0000	0.2511
53zm03	3	30	1	1	1.0000	1.0000	1.0000	NaN	4.0351	5.0977	15.3814	5081.1545	5081.4557	1.0000	1.0000	0.2608
53zm03	3	30	1	1	2.0000	1.0000	1.0000	0.2476	NaN	NaN	NaN	5082.2520	5082.5799	1.0000	1.0000	0.8492
53zm03	3	31	1	1	1.0000	1.0000	-1.0000	NaN	3.5950	-5.1309	15.2675	5085.9736	5086.2746	0.0000	1.0000	0.3220
53zm03	3	31	1	1	2.0000	1.0000	1.0000	0.4883	NaN	NaN	NaN	5087.1717	5087.4985	1.0000	1.0000	0.3220
53zm03	3	32	1	1	1.0000	1.0000	1.0000	NaN	0.0081	0.1219	14.3367	5090.4137	5090.7152	1.0000	1.0000	0.2581
53zm03	3	32	1	1	2.0000	1.0000	1.0000	0.9555	NaN	NaN	NaN	5091.5332	5091.8609	1.0000	1.0000	0.1598
53zm03	3	33	1	1	1.0000	1.0000	1.0000	NaN	0.1511	0.0972	15.1418	5094.4173	5094.7183	1.0000	1.0000	0.2070
53zm03	3	33	1	1	2.0000	1.0000	1.0000	0.1919	NaN	NaN	NaN	5095.4753	5095.8021	1.0000	1.0000	0.8912
53zm03	3	34	1	1	1.0000	1.0000	-1.0000	NaN	3.0243	-4.1023	15.3636	5099.2032	5099.5041	1.0000	0.0000	0.3731
53zm03	3	34	1	1	2.0000	1.0000	-1.0000	0.3758	NaN	NaN	NaN	5100.4436	5100.7691	1.0000	0.0000	0.9802
53zm03	3	35	1	1	1.0000	1.0000	-1.0000	NaN	1.1088	-1.6002	15.5748	5103.9020	5104.2031	0.0000	1.0000	1.1621
53zm03	3	35	1	1	2.0000	1.0000	1.0000	0.2784	NaN	NaN	NaN	5105.9323	5106.2621	0.0000	0.0000	1.4312
53zm03	3	36	1	1	1.0000	1.0000	-1.0000	NaN	0.2953	-1.8430	13.5531	5109.9295	5110.2306	1.0000	0.0000	0.3508
53zm03	3	36	1	1	2.0000	1.0000	-1.0000	0.3038	NaN	NaN	NaN	5111.1487	5111.4759	0.0000	1.0000	0.2976
53zm03	3	37	1	1	1.0000	1.0000	-1.0000	NaN	3.0154	-3.2842	15.0826	5113.8685	5114.1696	1.0000	0.0000	0.1791
53zm03	3	37	1	1	2.0000	1.0000	-1.0000	0.7962	NaN	NaN	NaN	5114.9161	5115.2440	0.0000	1.0000	0.1610
53zm03	3	38	1	1	1.0000	1.0000	-1.0000	NaN	4.1027	-6.5638	15.3207	5117.4744	5117.7753	0.0000	1.0000	0.2055
53zm03	3	38	1	1	2.0000	1.0000	1.0000	0.4906	NaN	NaN	NaN	5118.5327	5118.8618	1.0000	1.0000	0.1436
53zm03	3	39	1	1	1.0000	1.0000	-1.0000	NaN	2.6314	-3.0356	15.0617	5121.4922	5121.7934	0.0000	1.0000	0.3477
53zm03	3	39	1	1	2.0000	1.0000	1.0000	0.7463	NaN	NaN	NaN	5122.7236	5123.0503	1.0000	1.0000	0.1785
53zm03	3	40	1	1	1.0000	1.0000	-1.0000	NaN	3.2984	-3.3030	15.1413	5125.4481	5125.7491	1.0000	0.0000	0.3442
53zm03	3	40	1	1	2.0000	1.0000	-1.0000	0.4773	NaN	NaN	NaN	5126.6515	5126.9797	0.0000	1.0000	0.2975
53zm03	3	41	1	1	1.0000	1.0000	-1.0000	NaN	1.1343	-0.9980	14.2272	5129.2797	5129.5808	1.0000	0.0000	0.1285
53zm03	3	41	1	1	2.0000	1.0000	-1.0000	0.6313	NaN	NaN	NaN	5130.2361	5130.5636	0.0000	1.0000	0.1537
53zm03	3	42	1	1	1.0000	1.0000	1.0000	NaN	4.5415	4.6534	14.6752	5132.8425	5133.1435	1.0000	1.0000	0.2219
53zm03	3	42	1	1	2.0000	1.0000	1.0000	0.9054	NaN	NaN	NaN	5133.8922	5134.2206	1.0000	1.0000	0.4720
53zm03	3	43	1	1	1.0000	1.0000	-1.0000	NaN	4.7568	-5.7025	14.1963	5136.7778	5137.0790	0.0000	1.0000	0.2216
53zm03	3	43	1	1	2.0000	1.0000	1.0000	0.4668	NaN	NaN	NaN	5137.8837	5138.2114	1.0000	1.0000	0.1784
53zm03	3	44	1	1	1.0000	1.0000	1.0000	NaN	2.1658	2.6736	14.2973	5140.6754	5140.9765	1.0000	1.0000	0.5327
53zm03	3	44	1	1	2.0000	1.0000	1.0000	0.0376	NaN	NaN	NaN	5142.1162	5142.4426	1.0000	1.0000	0.6506
53zm03	3	45	1	1	1.0000	1.0000	1.0000	NaN	5.3218	5.4421	13.9693	5145.4944	5145.7954	1.0000	1.0000	0.2338
53zm03	3	45	1	1	2.0000	1.0000	1.0000	0.1539	NaN	NaN	NaN	5146.5718	5146.9038	1.0000	1.0000	0.5654
53zm03	3	46	1	1	1.0000	1.0000	1.0000	NaN	4.7286	4.2569	14.6760	5150.0115	5150.3124	1.0000	1.0000	0.1881
53zm03	3	46	1	1	2.0000	1.0000	1.0000	0.4835	NaN	NaN	NaN	5151.0129	5151.3405	1.0000	1.0000	0.2968
53zm03	3	47	1	1	1.0000	1.0000	-1.0000	NaN	0.1456	-0.9427	13.5809	5153.7151	5154.0163	0.0000	1.0000	0.8285
53zm03	3	47	1	1	2.0000	1.0000	1.0000	0.9457	NaN	NaN	NaN	5155.4518	5155.7791	1.0000	1.0000	0.4823
53zm03	3	48	1	1	1.0000	1.0000	-1.0000	NaN	2.7964	-3.3389	15.0160	5158.4138	5158.7147	0.0000	1.0000	0.4739
53zm03	3	48	1	1	2.0000	1.0000	1.0000	0.1149	NaN	NaN	NaN	5159.7800	5160.1083	1.0000	1.0000	0.4010
53zm03	3	49	1	1	1.0000	1.0000	1.0000	NaN	4.6965	2.8874	15.6106	5162.5805	5162.8816	1.0000	1.0000	0.2837
53zm03	3	49	1	1	2.0000	1.0000	1.0000	0.8981	NaN	NaN	NaN	5163.7169	5164.0444	1.0000	1.0000	0.2321
53zm03	3	50	1	1	1.0000	1.0000	1.0000	NaN	4.5183	4.5004	13.9207	5166.5465	5166.8476	1.0000	1.0000	0.3089
53zm03	3	50	1	1	2.0000	1.0000	1.0000	0.4182	NaN	NaN	NaN	5167.7249	5168.0521	1.0000	1.0000	0.5532
53zm03	4	1	1	1	1.0000	1.0000	-1.0000	NaN	0.0618	-0.0341	15.8567	5175.9880	5176.2890	1.0000	0.0000	0.2363
53zm03	4	1	1	1	2.0000	1.0000	-1.0000	0.3063	NaN	NaN	NaN	5177.0920	5177.4199	0.0000	1.0000	0.2806
53zm03	4	2	1	1	1.0000	1.0000	1.0000	NaN	4.6356	5.1687	15.3901	5179.9470	5180.2480	1.0000	1.0000	0.1973
53zm03	4	2	1	1	2.0000	1.0000	1.0000	0.2304	NaN	NaN	NaN	5180.9961	5181.3234	1.0000	1.0000	0.8578
53zm03	4	3	1	1	1.0000	1.0000	-1.0000	NaN	4.0448	-5.5151	15.9264	5184.2336	5184.5346	0.0000	1.0000	0.2625
53zm03	4	3	1	1	2.0000	1.0000	1.0000	0.3983	NaN	NaN	NaN	5185.3637	5185.6917	1.0000	1.0000	0.2817
53zm03	4	4	1	1	1.0000	1.0000	1.0000	NaN	3.9261	4.0351	13.8376	5187.9089	5188.2100	1.0000	1.0000	0.1784
53zm03	4	4	1	1	2.0000	1.0000	1.0000	0.8794	NaN	NaN	NaN	5188.9319	5189.2586	1.0000	1.0000	0.2346
53zm03	4	5	1	1	1.0000	1.0000	-1.0000	NaN	0.0004	-1.4018	15.4450	5192.0863	5192.3873	1.0000	0.0000	0.2092
53zm03	4	5	1	1	2.0000	1.0000	-1.0000	0.7394	NaN	NaN	NaN	5193.1400	5193.4677	0.0000	1.0000	0.2896
53zm03	4	6	1	1	1.0000	1.0000	1.0000	NaN	1.6625	3.4400	14.5622	5195.9331	5196.2341	1.0000	1.0000	0.1062
53zm03	4	6	1	1	2.0000	1.0000	1.0000	0.7688	NaN	NaN	NaN	5196.9006	5197.2273	1.0000	1.0000	0.4977
53zm03	4	7	1	1	1.0000	1.0000	-1.0000	NaN	0.3330	-0.2129	15.2653	5200.1113	5200.4123	1.0000	0.0000	0.7762
53zm03	4	7	1	1	2.0000	1.0000	-1.0000	0.3168	NaN	NaN	NaN	5201.7641	5202.0919	0.0000	1.0000	0.6093
53zm03	4	8	1	1	1.0000	1.0000	-1.0000	NaN	3.9828	-6.7572	15.0034	5204.9451	5205.2461	0.0000	1.0000	0.2224
53zm03	4	8	1	1	2.0000	1.0000	1.0000	0.5564	NaN	NaN	NaN	5206.0521	5206.3802	1.0000	1.0000	0.3843
53zm03	4	9	1	1	1.0000	1.0000	-1.0000	NaN	0.1140	-1.1711	13.9336	5208.8431	5209.1441	1.0000	0.0000	0.4692
53zm03	4	9	1	1	2.0000	1.0000	-1.0000	0.6751	NaN	NaN	NaN	5210.2041	5210.5312	0.0000	1.0000	0.1463
53zm03	4	10	1	1	1.0000	1.0000	-1.0000	NaN	4.1122	-5.1048	13.6636	5212.5617	5212.8627	1.0000	0.0000	0.2545
53zm03	4	10	1	1	2.0000	1.0000	-1.0000	0.7766	NaN	NaN	NaN	5213.6520	5213.9818	0.0000	1.0000	0.1918
53zm03	4	11	1	1	1.0000	1.0000	-1.0000	NaN	2.2532	-2.6826	14.8586	5216.6671	5216.9683	0.0000	1.0000	0.2769
53zm03	4	11	1	1	2.0000	1.0000	1.0000	0.1776	NaN	NaN	NaN	5217.8280	5218.1560	1.0000	1.0000	1.6572
53zm03	4	12	1	1	1.0000	1.0000	-1.0000	NaN	0.9626	-0.4569	14.7153	5222.3150	5222.6160	1.0000	0.0000	0.2373
53zm03	4	12	1	1	2.0000	1.0000	-1.0000	0.8813	NaN	NaN	NaN	5223.4120	5223.7392	0.0000	1.0000	0.1620
53zm03	4	13	1	1	1.0000	1.0000	-1.0000	NaN	2.9791	-4.1308	14.9092	5226.4529	5226.7542	0.0000	1.0000	0.4589
53zm03	4	13	1	1	2.0000	1.0000	1.0000	0.8405	NaN	NaN	NaN	5227.8039	5228.1312	1.0000	1.0000	0.1374
53zm03	4	14	1	1	1.0000	1.0000	1.0000	NaN	3.7605	3.8474	15.8363	5230.5633	5230.8642	1.0000	1.0000	0.2283
53zm03	4	14	1	1	2.0000	1.0000	1.0000	0.3418	NaN	NaN	NaN	5231.6361	5231.9632	1.0000	1.0000	0.7139
53zm03	4	15	1	1	1.0000	1.0000	1.0000	NaN	4.6421	3.1570	14.6346	5234.7461	5235.0471	1.0000	1.0000	0.2941
53zm03	4	15	1	1	2.0000	1.0000	1.0000	0.6072	NaN	NaN	NaN	5235.8763	5236.2043	1.0000	1.0000	0.1763
53zm03	4	16	1	1	1.0000	1.0000	-1.0000	NaN	0.6293	-1.2111	13.6971	5238.4329	5238.7339	1.0000	0.0000	1.5513
53zm03	4	16	1	1	2.0000	1.0000	-1.0000	0.5799	NaN	NaN	NaN	5240.8837	5241.2114	0.0000	1.0000	0.0492
53zm03	4	17	1	1	1.0000	1.0000	-1.0000	NaN	2.2041	-1.8779	15.0889	5243.4543	5243.7553	1.0000	0.0000	0.4904
53zm03	4	17	1	1	2.0000	1.0000	-1.0000	0.8493	NaN	NaN	NaN	5244.7879	5245.1155	0.0000	1.0000	0.2977
53zm03	4	18	1	1	1.0000	1.0000	1.0000	NaN	0.7861	0.3848	13.6917	5247.6481	5247.9491	1.0000	1.0000	0.3598
53zm03	4	18	1	1	2.0000	1.0000	1.0000	0.9608	NaN	NaN	NaN	5248.8278	5249.1560	1.0000	1.0000	0.4091
53zm03	4	19	1	1	1.0000	1.0000	1.0000	NaN	1.4251	0.9788	15.5297	5251.7088	5252.0101	1.0000	1.0000	0.3151
53zm03	4	19	1	1	2.0000	1.0000	1.0000	0.0808	NaN	NaN	NaN	5252.8680	5253.1948	1.0000	1.0000	0.5705
53zm03	4	20	1	1	1.0000	1.0000	-1.0000	NaN	0.5543	-0.9558	15.1459	5256.0756	5256.3766	1.0000	0.0000	0.3167
53zm03	4	20	1	1	2.0000	1.0000	-1.0000	0.6406	NaN	NaN	NaN	5257.2122	5257.5391	0.0000	1.0000	0.2975
53zm03	4	21	1	1	1.0000	1.0000	-1.0000	NaN	5.6773	-5.6284	14.8572	5260.0238	5260.3248	0.0000	1.0000	0.2004
53zm03	4	21	1	1	2.0000	1.0000	1.0000	0.8600	NaN	NaN	NaN	5261.1086	5261.4378	1.0000	1.0000	0.1587
53zm03	4	22	1	1	1.0000	1.0000	-1.0000	NaN	0.2606	-0.1144	13.5642	5264.2546	5264.5555	1.0000	0.0000	0.1938
53zm03	4	22	1	1	2.0000	1.0000	-1.0000	0.2836	NaN	NaN	NaN	5265.2915	5265.6186	0.0000	1.0000	0.4099
53zm03	4	23	1	1	1.0000	1.0000	-1.0000	NaN	2.1205	-2.0856	14.8545	5268.4751	5268.7761	1.0000	0.0000	0.2770
53zm03	4	23	1	1	2.0000	1.0000	-1.0000	0.7018	NaN	NaN	NaN	5269.5800	5269.9074	0.0000	1.0000	0.2972
53zm03	4	24	1	1	1.0000	1.0000	1.0000	NaN	4.4203	2.4569	15.4199	5272.2924	5272.5934	1.0000	1.0000	0.1962
53zm03	4	24	1	1	2.0000	1.0000	1.0000	0.9397	NaN	NaN	NaN	5273.3401	5273.6678	1.0000	1.0000	0.3859
53zm03	4	25	1	1	1.0000	1.0000	-1.0000	NaN	2.0426	-2.9417	14.2205	5276.6892	5276.9903	0.0000	1.0000	0.5189
53zm03	4	25	1	1	2.0000	1.0000	1.0000	0.3750	NaN	NaN	NaN	5278.0846	5278.4126	1.0000	1.0000	0.4079
53zm03	4	26	1	1	1.0000	1.0000	-1.0000	NaN	2.9713	-2.7005	15.9491	5281.2144	5281.5153	1.0000	0.0000	0.4893
53zm03	4	26	1	1	2.0000	1.0000	-1.0000	0.7552	NaN	NaN	NaN	5282.5720	5282.8983	0.0000	1.0000	0.1548
53zm03	4	27	1	1	1.0000	1.0000	1.0000	NaN	1.0656	2.7536	14.6623	5285.6246	5285.9256	1.0000	1.0000	0.2629
53zm03	4	27	1	1	2.0000	1.0000	1.0000	0.0378	NaN	NaN	NaN	5286.7324	5287.0609	1.0000	1.0000	0.7204
53zm03	4	28	1	1	1.0000	1.0000	-1.0000	NaN	3.5031	-6.0804	16.2742	5289.9335	5290.2345	0.0000	1.0000	0.2187
53zm03	4	28	1	1	2.0000	1.0000	1.0000	0.1977	NaN	NaN	NaN	5291.0123	5291.3400	1.0000	1.0000	0.2325
53zm03	4	29	1	1	1.0000	1.0000	-1.0000	NaN	5.0660	-4.5602	15.6162	5293.7263	5294.0273	0.0000	1.0000	0.2500
53zm03	4	29	1	1	2.0000	1.0000	1.0000	0.8703	NaN	NaN	NaN	5294.8366	5295.1636	1.0000	1.0000	0.2489
53zm03	4	30	1	1	1.0000	1.0000	-1.0000	NaN	2.7399	-0.8096	14.2952	5297.5324	5297.8334	1.0000	0.0000	0.2837
53zm03	4	30	1	1	2.0000	1.0000	-1.0000	0.7877	NaN	NaN	NaN	5298.6919	5299.0202	0.0000	1.0000	0.2491
53zm03	4	31	1	1	1.0000	1.0000	-1.0000	NaN	4.2011	-4.2061	14.5594	5301.2485	5301.5496	1.0000	0.0000	0.2238
53zm03	4	31	1	1	2.0000	1.0000	-1.0000	0.2101	NaN	NaN	NaN	5302.3314	5302.6583	1.0000	0.0000	0.7141
53zm03	4	32	1	1	1.0000	1.0000	-1.0000	NaN	1.6681	-2.3356	13.9612	5306.0851	5306.3866	1.0000	0.0000	0.4587
53zm03	4	32	1	1	2.0000	1.0000	-1.0000	0.5240	NaN	NaN	NaN	5307.3880	5307.7168	0.0000	1.0000	0.0963
53zm03	4	33	1	1	1.0000	1.0000	1.0000	NaN	4.1043	2.3979	15.1246	5310.3918	5310.6928	1.0000	1.0000	0.1518
53zm03	4	33	1	1	2.0000	1.0000	1.0000	0.2322	NaN	NaN	NaN	5311.3886	5311.7174	0.0000	0.0000	2.0559
53zm03	4	34	1	1	1.0000	1.0000	-1.0000	NaN	4.7485	-4.3284	14.9738	5315.8714	5316.1724	0.0000	1.0000	0.6001
53zm03	4	34	1	1	2.0000	1.0000	1.0000	0.5507	NaN	NaN	NaN	5317.3562	5317.6832	1.0000	1.0000	0.1379
53zm03	4	35	1	1	1.0000	1.0000	1.0000	NaN	2.8093	1.7355	15.8199	5320.3092	5320.6102	1.0000	1.0000	0.1711
53zm03	4	35	1	1	2.0000	1.0000	1.0000	0.8820	NaN	NaN	NaN	5321.3245	5321.6520	1.0000	1.0000	0.4406
53zm03	4	36	1	1	1.0000	1.0000	-1.0000	NaN	1.4507	-2.9285	15.1085	5324.3541	5324.6551	0.0000	1.0000	0.2943
53zm03	4	36	1	1	2.0000	1.0000	1.0000	0.9115	NaN	NaN	NaN	5325.5159	5325.8422	1.0000	1.0000	0.2031
53zm03	4	37	1	1	1.0000	1.0000	1.0000	NaN	3.4892	3.3605	13.8514	5328.5735	5328.8745	1.0000	1.0000	0.3146
53zm03	4	37	1	1	2.0000	1.0000	1.0000	0.7558	NaN	NaN	NaN	5329.7568	5330.0831	1.0000	1.0000	0.5383
53zm03	4	38	1	1	1.0000	1.0000	-1.0000	NaN	2.9585	-5.2901	15.1771	5332.8557	5333.1569	0.0000	1.0000	0.7283
53zm03	4	38	1	1	2.0000	1.0000	1.0000	0.7361	NaN	NaN	NaN	5334.4680	5334.7951	1.0000	1.0000	0.1702
53zm03	4	39	1	1	1.0000	1.0000	1.0000	NaN	5.3673	3.7804	16.0459	5337.0412	5337.3422	1.0000	1.0000	0.1513
53zm03	4	39	1	1	2.0000	1.0000	1.0000	0.6048	NaN	NaN	NaN	5338.0677	5338.3947	1.0000	1.0000	0.3859
53zm03	4	40	1	1	1.0000	1.0000	-1.0000	NaN	5.0383	-5.0050	16.1911	5341.0914	5341.3924	1.0000	0.0000	0.3482
53zm03	4	40	1	1	2.0000	1.0000	-1.0000	0.4331	NaN	NaN	NaN	5342.2441	5342.5712	0.0000	1.0000	0.1057
53zm03	4	41	1	1	1.0000	1.0000	-1.0000	NaN	0.2733	-2.5081	12.6047	5344.7624	5345.0635	0.0000	1.0000	0.5011
53zm03	4	41	1	1	2.0000	1.0000	1.0000	0.6884	NaN	NaN	NaN	5346.1322	5346.4596	1.0000	1.0000	0.1217
53zm03	4	42	1	1	1.0000	1.0000	1.0000	NaN	3.9795	4.0000	13.0001	5348.5833	5348.8843	1.0000	1.0000	0.2249
53zm03	4	42	1	1	2.0000	1.0000	1.0000	0.2177	NaN	NaN	NaN	5349.6197	5349.9469	1.0000	1.0000	0.6496
53zm03	4	43	1	1	1.0000	1.0000	1.0000	NaN	4.1128	6.3212	15.5861	5352.7070	5353.0080	1.0000	1.0000	0.2924
53zm03	4	43	1	1	2.0000	1.0000	1.0000	0.6134	NaN	NaN	NaN	5353.8282	5354.1555	1.0000	1.0000	0.4419
53zm03	4	44	1	1	1.0000	1.0000	-1.0000	NaN	3.4636	-2.7335	15.6823	5357.1003	5357.4015	0.0000	1.0000	0.4510
53zm03	4	44	1	1	2.0000	1.0000	1.0000	0.9146	NaN	NaN	NaN	5358.4277	5358.7544	1.0000	1.0000	0.4921
53zm03	4	45	1	1	1.0000	1.0000	-1.0000	NaN	5.4089	-6.2239	15.7714	5361.6894	5361.9904	0.0000	1.0000	0.5587
53zm03	4	45	1	1	2.0000	1.0000	1.0000	0.9866	NaN	NaN	NaN	5363.1396	5363.4669	1.0000	1.0000	0.3780
53zm03	4	46	1	1	1.0000	1.0000	-1.0000	NaN	2.3979	-2.5764	13.3271	5365.7881	5366.0892	0.0000	1.0000	0.4120
53zm03	4	46	1	1	2.0000	1.0000	1.0000	0.4065	NaN	NaN	NaN	5367.0679	5367.3951	1.0000	1.0000	0.3374
53zm03	4	47	1	1	1.0000	1.0000	1.0000	NaN	1.9938	0.5368	15.1486	5369.7265	5370.0277	1.0000	1.0000	0.2174
53zm03	4	47	1	1	2.0000	1.0000	1.0000	0.5987	NaN	NaN	NaN	5370.7875	5371.1159	1.0000	1.0000	0.4094
53zm03	4	48	1	1	1.0000	1.0000	-1.0000	NaN	3.9374	-3.8932	16.2622	5373.9361	5374.2371	0.0000	1.0000	0.2556
53zm03	4	48	1	1	2.0000	1.0000	1.0000	0.4531	NaN	NaN	NaN	5375.1081	5375.4374	1.0000	1.0000	0.1597
53zm03	4	49	1	1	1.0000	1.0000	1.0000	NaN	2.6269	3.1005	14.6187	5377.7323	5378.0338	1.0000	1.0000	0.3548
53zm03	4	49	1	1	2.0000	1.0000	1.0000	0.2882	NaN	NaN	NaN	5378.9800	5379.3076	1.0000	1.0000	0.6177
53zm03	4	50	1	1	1.0000	1.0000	1.0000	NaN	1.2479	1.1829	15.8670	5382.2075	5382.5084	1.0000	1.0000	0.2246
53zm03	4	50	1	1	2.0000	1.0000	1.0000	0.1757	NaN	NaN	NaN	5383.2846	5383.6109	1.0000	1.0000	0.6416
53zm03	5	1	1	1	1.0000	1.0000	-1.0000	NaN	0.5513	-0.3872	14.9441	5387.6243	5387.9253	1.0000	0.0000	0.0792
53zm03	5	1	1	1	2.0000	1.0000	-1.0000	0.3725	NaN	NaN	NaN	5388.5806	5388.9084	0.0000	1.0000	0.4727
53zm03	5	2	1	1	1.0000	1.0000	1.0000	NaN	3.8747	4.8981	13.7369	5391.3922	5391.6932	1.0000	1.0000	0.1278
53zm03	5	2	1	1	2.0000	1.0000	1.0000	0.9295	NaN	NaN	NaN	5392.3719	5392.6994	1.0000	1.0000	0.7457
53zm03	5	3	1	1	1.0000	1.0000	-1.0000	NaN	1.3413	-1.0891	15.0810	5395.8900	5396.1911	1.0000	0.0000	0.2222
53zm03	5	3	1	1	2.0000	1.0000	-1.0000	0.0869	NaN	NaN	NaN	5396.9561	5397.2838	1.0000	0.0000	0.8888
53zm03	5	4	1	1	1.0000	1.0000	1.0000	NaN	1.6416	0.2602	15.8880	5400.9024	5401.2035	1.0000	1.0000	0.4331
53zm03	5	4	1	1	2.0000	1.0000	1.0000	0.7333	NaN	NaN	NaN	5402.2040	5402.5305	1.0000	1.0000	0.2026
53zm03	5	5	1	1	1.0000	1.0000	-1.0000	NaN	4.3060	-4.5379	16.8583	5405.0372	5405.3384	0.0000	1.0000	0.2749
53zm03	5	5	1	1	2.0000	1.0000	1.0000	0.2477	NaN	NaN	NaN	5406.2041	5406.5321	1.0000	1.0000	0.6091
53zm03	5	6	1	1	1.0000	1.0000	-1.0000	NaN	5.2433	-7.0126	14.7215	5409.7088	5410.0098	0.0000	1.0000	0.1628
53zm03	5	6	1	1	2.0000	1.0000	1.0000	0.9857	NaN	NaN	NaN	5410.7711	5411.0976	1.0000	1.0000	0.2429
53zm03	5	7	1	1	1.0000	1.0000	1.0000	NaN	1.7781	3.5192	13.0594	5413.7351	5414.0361	1.0000	1.0000	0.1852
53zm03	5	7	1	1	2.0000	1.0000	1.0000	0.6446	NaN	NaN	NaN	5414.7558	5415.0836	1.0000	1.0000	0.4008
53zm03	5	8	1	1	1.0000	1.0000	-1.0000	NaN	0.3560	-0.6469	14.3417	5417.5628	5417.8638	1.0000	0.0000	0.2208
53zm03	5	8	1	1	2.0000	1.0000	-1.0000	0.0191	NaN	NaN	NaN	5418.6358	5418.9634	0.0000	1.0000	0.7532
53zm03	5	9	1	1	1.0000	1.0000	-1.0000	NaN	2.2510	-2.0868	14.8314	5422.0930	5422.3942	0.0000	1.0000	0.4586
53zm03	5	9	1	1	2.0000	1.0000	1.0000	0.4946	NaN	NaN	NaN	5423.4365	5423.7628	1.0000	1.0000	0.1138
53zm03	5	10	1	1	1.0000	1.0000	1.0000	NaN	4.7261	6.1164	15.6168	5426.3219	5426.6229	1.0000	1.0000	0.1423
53zm03	5	10	1	1	2.0000	1.0000	1.0000	0.4286	NaN	NaN	NaN	5427.3075	5427.6350	1.0000	1.0000	0.9384
53zm03	5	11	1	1	1.0000	1.0000	1.0000	NaN	4.9282	3.8138	15.1769	5430.8681	5431.1691	1.0000	1.0000	0.1959
53zm03	5	11	1	1	2.0000	1.0000	1.0000	0.2667	NaN	NaN	NaN	5431.8995	5432.2288	1.0000	1.0000	0.4565
53zm03	5	12	1	1	1.0000	1.0000	1.0000	NaN	3.5076	4.1393	13.8587	5434.9106	5435.2120	1.0000	1.0000	0.4245
53zm03	5	12	1	1	2.0000	1.0000	1.0000	0.1988	NaN	NaN	NaN	5436.1793	5436.5065	1.0000	1.0000	0.3549
53zm03	5	13	1	1	1.0000	1.0000	1.0000	NaN	2.6305	0.4733	16.8979	5439.0968	5439.3979	1.0000	1.0000	0.2872
53zm03	5	13	1	1	2.0000	1.0000	1.0000	0.2791	NaN	NaN	NaN	5440.2280	5440.5553	1.0000	1.0000	0.7699
53zm03	5	14	1	1	1.0000	1.0000	1.0000	NaN	5.0727	4.3706	14.8918	5443.7428	5444.0438	1.0000	1.0000	0.1447
53zm03	5	14	1	1	2.0000	1.0000	1.0000	0.5273	NaN	NaN	NaN	5444.7399	5445.0665	1.0000	1.0000	0.4748
53zm03	5	15	1	1	1.0000	1.0000	-1.0000	NaN	5.1120	-3.2516	15.2005	5448.0617	5448.3626	1.0000	0.0000	0.3946
53zm03	5	15	1	1	2.0000	1.0000	-1.0000	0.1392	NaN	NaN	NaN	5449.3017	5449.6291	1.0000	0.0000	0.5761
53zm03	5	16	1	1	1.0000	1.0000	1.0000	NaN	2.0088	2.4118	16.7749	5452.3091	5452.6102	1.0000	1.0000	0.2503
53zm03	5	16	1	1	2.0000	1.0000	1.0000	0.0383	NaN	NaN	NaN	5453.4039	5453.7349	1.0000	1.0000	0.7100
53zm03	5	17	1	1	1.0000	1.0000	1.0000	NaN	5.5107	7.6423	14.9605	5456.3975	5456.6985	1.0000	1.0000	0.1466
53zm03	5	17	1	1	2.0000	1.0000	1.0000	0.8087	NaN	NaN	NaN	5457.3955	5457.7225	1.0000	1.0000	0.2346
53zm03	5	18	1	1	1.0000	1.0000	1.0000	NaN	4.2212	6.6810	15.5217	5460.3601	5460.6611	1.0000	1.0000	0.2554
53zm03	5	18	1	1	2.0000	1.0000	1.0000	0.4696	NaN	NaN	NaN	5461.4277	5461.7553	1.0000	1.0000	0.2653
53zm03	5	19	1	1	1.0000	1.0000	-1.0000	NaN	2.2558	-0.6607	14.0871	5464.1167	5464.4176	1.0000	0.0000	0.1308
53zm03	5	19	1	1	2.0000	1.0000	-1.0000	0.4081	NaN	NaN	NaN	5465.1004	5465.4281	0.0000	1.0000	0.4968
53zm03	5	20	1	1	1.0000	1.0000	-1.0000	NaN	2.1989	-0.1586	14.7225	5468.0436	5468.3447	1.0000	0.0000	0.2125
53zm03	5	20	1	1	2.0000	1.0000	-1.0000	0.4223	NaN	NaN	NaN	5469.1242	5469.4529	0.0000	1.0000	0.1924
53zm03	5	21	1	1	1.0000	1.0000	1.0000	NaN	5.1724	5.0766	14.2285	5472.1213	5472.4223	1.0000	1.0000	0.0947
53zm03	5	21	1	1	2.0000	1.0000	1.0000	0.8841	NaN	NaN	NaN	5473.0599	5473.3866	1.0000	1.0000	0.3385
53zm03	5	22	1	1	1.0000	1.0000	-1.0000	NaN	0.7910	-0.9923	15.7846	5476.1465	5476.4476	1.0000	0.0000	0.1257
53zm03	5	22	1	1	2.0000	1.0000	-1.0000	0.6949	NaN	NaN	NaN	5477.1324	5477.4607	0.0000	1.0000	0.1364
53zm03	5	23	1	1	1.0000	1.0000	-1.0000	NaN	5.1235	-4.0755	13.9245	5479.9150	5480.2162	1.0000	0.0000	0.3009
53zm03	5	23	1	1	2.0000	1.0000	-1.0000	0.2032	NaN	NaN	NaN	5481.0848	5481.4134	0.0000	1.0000	0.4086
53zm03	5	24	1	1	1.0000	1.0000	1.0000	NaN	1.8185	1.8783	14.8846	5484.3724	5484.6735	1.0000	1.0000	0.0350
53zm03	5	24	1	1	2.0000	1.0000	1.0000	0.3568	NaN	NaN	NaN	5485.2357	5485.5632	1.0000	1.0000	0.5933
53zm03	5	25	1	1	1.0000	1.0000	1.0000	NaN	1.7300	1.3045	14.1017	5488.6760	5488.9780	1.0000	1.0000	0.1708
53zm03	5	25	1	1	2.0000	1.0000	1.0000	0.4195	NaN	NaN	NaN	5489.6594	5489.9875	1.0000	1.0000	0.5857
53zm03	5	26	1	1	1.0000	1.0000	1.0000	NaN	4.9973	5.5688	15.8423	5492.9754	5493.2764	1.0000	1.0000	0.0321
53zm03	5	26	1	1	2.0000	1.0000	1.0000	0.5986	NaN	NaN	NaN	5493.8609	5494.1889	1.0000	1.0000	0.2001
53zm03	5	27	1	1	1.0000	1.0000	1.0000	NaN	2.8429	3.1456	14.1088	5496.2656	5496.5665	1.0000	1.0000	0.1666
53zm03	5	27	1	1	2.0000	1.0000	1.0000	0.1466	NaN	NaN	NaN	5497.2364	5497.5643	1.0000	1.0000	0.5043
53zm03	5	28	1	1	1.0000	1.0000	1.0000	NaN	2.2312	1.0143	13.9729	5500.6549	5500.9561	1.0000	1.0000	0.1451
53zm03	5	28	1	1	2.0000	1.0000	1.0000	0.7111	NaN	NaN	NaN	5501.6597	5501.9866	1.0000	1.0000	0.3139
53zm03	5	29	1	1	1.0000	1.0000	1.0000	NaN	3.6338	2.9323	16.4213	5504.6355	5504.9365	1.0000	1.0000	0.1807
53zm03	5	29	1	1	2.0000	1.0000	1.0000	0.0217	NaN	NaN	NaN	5505.6520	5505.9789	1.0000	1.0000	0.8335
53zm03	5	30	1	1	1.0000	1.0000	1.0000	NaN	2.4617	0.8619	15.0718	5509.4332	5509.7344	1.0000	1.0000	0.1260
53zm03	5	30	1	1	2.0000	1.0000	1.0000	0.8164	NaN	NaN	NaN	5510.4202	5510.7480	1.0000	1.0000	0.3693
53zm03	5	31	1	1	1.0000	1.0000	1.0000	NaN	0.2759	2.0149	15.4449	5513.4455	5513.7465	1.0000	1.0000	0.1699
53zm03	5	31	1	1	2.0000	1.0000	1.0000	0.6635	NaN	NaN	NaN	5514.4522	5514.7810	1.0000	1.0000	0.1435
53zm03	5	32	1	1	1.0000	1.0000	1.0000	NaN	5.5174	4.8385	14.3797	5517.2637	5517.5648	1.0000	1.0000	0.1364
53zm03	5	32	1	1	2.0000	1.0000	1.0000	0.6510	NaN	NaN	NaN	5518.2518	5518.5794	1.0000	1.0000	0.2650
53zm03	5	33	1	1	1.0000	1.0000	-1.0000	NaN	1.9948	-0.6014	13.3997	5521.3503	5521.6513	1.0000	0.0000	0.0739
53zm03	5	33	1	1	2.0000	1.0000	-1.0000	0.0077	NaN	NaN	NaN	5522.2281	5522.5551	1.0000	0.0000	1.4340
53zm03	5	34	1	1	1.0000	1.0000	1.0000	NaN	5.6700	6.0504	15.0401	5526.3563	5526.6573	1.0000	1.0000	0.1397
53zm03	5	34	1	1	2.0000	1.0000	1.0000	0.3881	NaN	NaN	NaN	5527.3484	5527.6874	1.0000	1.0000	0.6138
53zm03	5	35	1	1	1.0000	1.0000	1.0000	NaN	0.7148	0.4297	15.8921	5530.1711	5530.4722	1.0000	1.0000	0.1730
53zm03	5	35	1	1	2.0000	1.0000	1.0000	0.4862	NaN	NaN	NaN	5531.2039	5531.5322	1.0000	1.0000	0.2644
53zm03	5	36	1	1	1.0000	1.0000	1.0000	NaN	0.6074	2.4500	16.2225	5534.1595	5534.4606	0.0000	0.0000	0.2965
53zm03	5	36	1	1	2.0000	1.0000	-1.0000	0.0748	NaN	NaN	NaN	5535.3319	5535.6773	0.0000	1.0000	0.6792
53zm03	5	37	1	1	1.0000	1.0000	1.0000	NaN	0.4123	1.7786	14.4049	5538.5470	5538.8481	1.0000	1.0000	0.0763
53zm03	5	37	1	1	2.0000	1.0000	1.0000	0.2046	NaN	NaN	NaN	5539.4837	5539.8112	0.0000	0.0000	2.1699
53zm03	5	38	1	1	1.0000	1.0000	-1.0000	NaN	2.2085	-1.0476	13.9286	5544.2237	5544.5248	1.0000	0.0000	0.0725
53zm03	5	38	1	1	2.0000	1.0000	-1.0000	0.7601	NaN	NaN	NaN	5545.1479	5545.4741	0.0000	1.0000	0.2584
53zm03	5	39	1	1	1.0000	1.0000	-1.0000	NaN	3.5430	-3.5301	15.2317	5547.8672	5548.1685	0.0000	1.0000	0.5326
53zm03	5	39	1	1	2.0000	1.0000	1.0000	0.9181	NaN	NaN	NaN	5549.2922	5549.6189	1.0000	1.0000	0.0978
53zm03	5	40	1	1	1.0000	1.0000	-1.0000	NaN	3.7613	-3.0744	15.2389	5552.1364	5552.4374	0.0000	1.0000	0.6397
53zm03	5	40	1	1	2.0000	1.0000	1.0000	0.0584	NaN	NaN	NaN	5553.6845	5554.0119	0.0000	0.0000	1.1532
53zm03	5	41	1	1	1.0000	1.0000	-1.0000	NaN	4.9038	-4.1293	14.0726	5557.4331	5557.7343	0.0000	1.0000	0.5272
53zm03	5	41	1	1	2.0000	1.0000	1.0000	0.7880	NaN	NaN	NaN	5558.8374	5559.1650	1.0000	1.0000	0.1440
53zm03	5	42	1	1	1.0000	1.0000	1.0000	NaN	1.2087	2.6386	13.8814	5561.8694	5562.1704	1.0000	1.0000	0.1859
53zm03	5	42	1	1	2.0000	1.0000	1.0000	0.3199	NaN	NaN	NaN	5562.8920	5563.2191	1.0000	1.0000	0.9382
53zm03	5	43	1	1	1.0000	1.0000	-1.0000	NaN	3.3527	-1.9539	14.8445	5566.3432	5566.6444	0.0000	1.0000	0.8168
53zm03	5	43	1	1	2.0000	1.0000	1.0000	0.3278	NaN	NaN	NaN	5568.0590	5568.3861	1.0000	1.0000	0.3068
53zm03	5	44	1	1	1.0000	1.0000	1.0000	NaN	3.4858	4.5163	14.1810	5571.1613	5571.4623	1.0000	1.0000	0.1582
53zm03	5	44	1	1	2.0000	1.0000	1.0000	0.0198	NaN	NaN	NaN	5572.1563	5572.4833	1.0000	1.0000	1.8418
53zm03	5	45	1	1	1.0000	1.0000	1.0000	NaN	5.0634	4.6044	15.1316	5576.1686	5576.4695	1.0000	1.0000	0.1117
53zm03	5	45	1	1	2.0000	1.0000	1.0000	0.4580	NaN	NaN	NaN	5577.0762	5577.4042	1.0000	1.0000	0.3362
53zm03	5	46	1	1	1.0000	1.0000	1.0000	NaN	2.4702	3.7097	14.7222	5580.0591	5580.3600	1.0000	1.0000	0.1330
53zm03	5	46	1	1	2.0000	1.0000	1.0000	0.9228	NaN	NaN	NaN	5581.0366	5581.3643	1.0000	1.0000	0.6090
53zm03	5	47	1	1	1.0000	1.0000	-1.0000	NaN	0.4369	-0.4247	15.7741	5584.2171	5584.5181	1.0000	0.0000	0.2243
53zm03	5	47	1	1	2.0000	1.0000	-1.0000	0.5824	NaN	NaN	NaN	5585.3005	5585.6281	0.0000	1.0000	0.5290
53zm03	5	48	1	1	1.0000	1.0000	-1.0000	NaN	2.9508	-5.5316	13.3587	5588.7465	5589.0476	0.0000	1.0000	0.1983
53zm03	5	48	1	1	2.0000	1.0000	1.0000	0.8045	NaN	NaN	NaN	5589.8436	5590.1695	1.0000	1.0000	0.1396
53zm03	5	49	1	1	1.0000	1.0000	1.0000	NaN	5.5250	7.2851	13.7714	5592.4444	5592.7453	1.0000	1.0000	0.1321
53zm03	5	49	1	1	2.0000	1.0000	1.0000	0.0046	NaN	NaN	NaN	5593.4361	5593.7641	0.0000	0.0000	1.0330
53zm03	5	50	1	1	1.0000	1.0000	-1.0000	NaN	4.6346	-4.4494	15.3645	5597.0238	5597.3248	1.0000	0.0000	0.4250
53zm03	5	50	1	1	2.0000	1.0000	-1.0000	0.0313	NaN	NaN	NaN	5598.3079	5598.6357	1.0000	0.0000	0.9608
53zm03	6	1	1	1	1.0000	1.0000	-1.0000	NaN	2.2181	-0.9926	14.3108	5603.2026	5603.5036	1.0000	0.0000	0.9409
53zm03	6	1	1	1	2.0000	1.0000	-1.0000	0.3906	NaN	NaN	NaN	5605.0130	5605.3402	0.0000	1.0000	0.1610
53zm03	6	2	1	1	1.0000	1.0000	-1.0000	NaN	3.1809	-4.3091	13.8708	5607.8125	5608.1135	0.0000	1.0000	0.3397
53zm03	6	2	1	1	2.0000	1.0000	1.0000	0.7168	NaN	NaN	NaN	5609.0043	5609.3320	1.0000	1.0000	0.1372
53zm03	6	3	1	1	1.0000	1.0000	1.0000	NaN	2.6639	3.0597	16.3735	5611.8226	5612.1235	1.0000	1.0000	0.2096
53zm03	6	3	1	1	2.0000	1.0000	1.0000	0.1363	NaN	NaN	NaN	5612.8916	5613.2178	1.0000	1.0000	0.5233
53zm03	6	4	1	1	1.0000	1.0000	-1.0000	NaN	5.1196	-4.8939	13.9991	5616.2616	5616.5626	0.0000	1.0000	0.2587
53zm03	6	4	1	1	2.0000	1.0000	1.0000	0.4560	NaN	NaN	NaN	5617.3880	5617.7162	1.0000	1.0000	0.5363
53zm03	6	5	1	1	1.0000	1.0000	1.0000	NaN	0.1456	1.0146	14.7297	5620.6380	5620.9390	1.0000	1.0000	0.2981
53zm03	6	5	1	1	2.0000	1.0000	1.0000	0.8083	NaN	NaN	NaN	5621.8521	5622.1802	1.0000	1.0000	0.6170
53zm03	6	6	1	1	1.0000	1.0000	1.0000	NaN	3.7585	4.6396	15.7279	5625.2391	5625.5401	1.0000	1.0000	0.0412
53zm03	6	6	1	1	2.0000	1.0000	1.0000	0.8768	NaN	NaN	NaN	5626.1488	5626.4761	1.0000	1.0000	0.1930
53zm03	6	7	1	1	1.0000	1.0000	1.0000	NaN	0.0749	0.9766	14.0133	5629.1377	5629.4387	0.0000	0.0000	0.1816
53zm03	6	7	1	1	2.0000	1.0000	-1.0000	0.5837	NaN	NaN	NaN	5630.1963	5630.5232	0.0000	1.0000	0.5053
53zm03	6	8	1	1	1.0000	1.0000	-1.0000	NaN	4.7063	-5.7340	15.4898	5633.5800	5633.8810	0.0000	1.0000	0.4761
53zm03	6	8	1	1	2.0000	1.0000	1.0000	0.9747	NaN	NaN	NaN	5634.9400	5635.2674	1.0000	1.0000	0.1538
53zm03	6	9	1	1	1.0000	1.0000	-1.0000	NaN	0.6078	-1.7164	14.3481	5637.6890	5637.9900	1.0000	0.0000	0.4952
53zm03	6	9	1	1	2.0000	1.0000	-1.0000	0.7917	NaN	NaN	NaN	5639.0757	5639.4053	0.0000	1.0000	0.1759
53zm03	6	10	1	1	1.0000	1.0000	1.0000	NaN	3.7114	4.7739	15.2095	5641.9077	5642.2089	1.0000	1.0000	0.1477
53zm03	6	10	1	1	2.0000	1.0000	1.0000	0.3921	NaN	NaN	NaN	5642.9414	5643.2698	1.0000	1.0000	0.3353
53zm03	6	11	1	1	1.0000	1.0000	-1.0000	NaN	5.3575	-7.4394	14.8760	5646.0141	5646.3151	0.0000	1.0000	0.1461
53zm03	6	11	1	1	2.0000	1.0000	1.0000	0.7240	NaN	NaN	NaN	5647.0365	5647.3625	1.0000	1.0000	0.2992
53zm03	6	12	1	1	1.0000	1.0000	-1.0000	NaN	2.0810	-3.1468	12.6854	5649.7638	5650.0648	0.0000	1.0000	0.4523
53zm03	6	12	1	1	2.0000	1.0000	1.0000	0.7743	NaN	NaN	NaN	5651.0914	5651.4193	1.0000	1.0000	0.1932
53zm03	6	13	1	1	1.0000	1.0000	1.0000	NaN	1.9613	3.1831	13.9791	5653.8318	5654.1328	1.0000	1.0000	0.0561
53zm03	6	13	1	1	2.0000	1.0000	1.0000	0.4902	NaN	NaN	NaN	5654.7645	5655.0933	1.0000	1.0000	0.2559
53zm03	6	14	1	1	1.0000	1.0000	1.0000	NaN	2.2111	3.5210	13.6642	5657.7274	5658.0284	1.0000	1.0000	0.2407
53zm03	6	14	1	1	2.0000	1.0000	1.0000	0.4429	NaN	NaN	NaN	5658.8196	5659.1455	1.0000	1.0000	0.2830
53zm03	6	15	1	1	1.0000	1.0000	1.0000	NaN	0.2902	1.0541	14.5859	5661.9723	5662.2734	1.0000	1.0000	0.1871
53zm03	6	15	1	1	2.0000	1.0000	1.0000	0.6504	NaN	NaN	NaN	5663.0204	5663.3486	1.0000	1.0000	0.4966
53zm03	6	16	1	1	1.0000	1.0000	1.0000	NaN	4.2301	4.9164	14.8443	5665.8156	5666.1169	1.0000	1.0000	0.1757
53zm03	6	16	1	1	2.0000	1.0000	1.0000	0.8415	NaN	NaN	NaN	5666.8598	5667.1880	1.0000	1.0000	0.6571
53zm03	6	17	1	1	1.0000	1.0000	1.0000	NaN	1.1272	3.6864	14.8528	5670.3961	5670.6971	1.0000	1.0000	0.1641
53zm03	6	17	1	1	2.0000	1.0000	1.0000	0.4902	NaN	NaN	NaN	5671.4039	5671.7318	1.0000	1.0000	0.4487
53zm03	6	18	1	1	1.0000	1.0000	-1.0000	NaN	5.0018	-4.6149	14.0122	5674.4427	5674.7439	0.0000	1.0000	0.2287
53zm03	6	18	1	1	2.0000	1.0000	1.0000	0.0246	NaN	NaN	NaN	5675.5639	5675.8920	1.0000	1.0000	0.6414
53zm03	6	19	1	1	1.0000	1.0000	-1.0000	NaN	0.7531	-2.2938	15.0102	5678.6846	5678.9856	1.0000	0.0000	0.4277
53zm03	6	19	1	1	2.0000	1.0000	-1.0000	0.4145	NaN	NaN	NaN	5679.9798	5680.3082	0.0000	1.0000	0.5689
53zm03	6	20	1	1	1.0000	1.0000	1.0000	NaN	4.3355	3.1551	13.4677	5683.1702	5683.4714	1.0000	1.0000	0.1982
53zm03	6	20	1	1	2.0000	1.0000	1.0000	0.2826	NaN	NaN	NaN	5684.1877	5684.5154	1.0000	1.0000	0.6578
53zm03	6	21	1	1	1.0000	1.0000	1.0000	NaN	1.1283	3.1386	13.6265	5687.7325	5688.0335	1.0000	1.0000	0.1877
53zm03	6	21	1	1	2.0000	1.0000	1.0000	0.3704	NaN	NaN	NaN	5688.8042	5689.1334	1.0000	1.0000	0.8079
53zm03	6	22	1	1	1.0000	1.0000	-1.0000	NaN	1.5886	-2.6210	14.2041	5692.2252	5692.5262	0.0000	1.0000	0.1270
53zm03	6	22	1	1	2.0000	1.0000	1.0000	0.6665	NaN	NaN	NaN	5693.2520	5693.5794	1.0000	1.0000	0.4179
53zm03	6	23	1	1	1.0000	1.0000	-1.0000	NaN	2.5757	-3.4860	15.3059	5695.9989	5696.3000	0.0000	1.0000	0.1933
53zm03	6	23	1	1	2.0000	1.0000	1.0000	0.4330	NaN	NaN	NaN	5697.0210	5697.3486	1.0000	1.0000	0.4485
53zm03	6	24	1	1	1.0000	1.0000	1.0000	NaN	1.7989	1.5132	13.5202	5699.8152	5700.1166	1.0000	1.0000	0.3606
53zm03	6	24	1	1	2.0000	1.0000	1.0000	0.3844	NaN	NaN	NaN	5701.0361	5701.3625	1.0000	1.0000	0.4746
53zm03	6	25	1	1	1.0000	1.0000	-1.0000	NaN	0.0722	-1.5046	13.9560	5703.9398	5704.2408	1.0000	0.0000	0.2364
53zm03	6	25	1	1	2.0000	1.0000	-1.0000	0.4116	NaN	NaN	NaN	5705.0120	5705.3413	0.0000	1.0000	0.5521
53zm03	6	26	1	1	1.0000	1.0000	-1.0000	NaN	0.6979	-0.4964	14.4199	5708.2108	5708.5118	1.0000	0.0000	0.1736
53zm03	6	26	1	1	2.0000	1.0000	-1.0000	0.6896	NaN	NaN	NaN	5709.2518	5709.5803	0.0000	1.0000	0.3610
53zm03	6	27	1	1	1.0000	1.0000	1.0000	NaN	0.8849	1.7943	13.3718	5712.1838	5712.4849	1.0000	1.0000	0.1204
53zm03	6	27	1	1	2.0000	1.0000	1.0000	0.0709	NaN	NaN	NaN	5713.1561	5713.4845	1.0000	1.0000	1.1680
53zm03	6	28	1	1	1.0000	1.0000	1.0000	NaN	2.0977	2.5938	15.4107	5717.0130	5717.3140	1.0000	1.0000	0.2991
53zm03	6	28	1	1	2.0000	1.0000	1.0000	0.3987	NaN	NaN	NaN	5718.1958	5718.5228	1.0000	1.0000	0.8184
53zm03	6	29	1	1	1.0000	1.0000	1.0000	NaN	4.8295	4.7423	12.6103	5721.7007	5722.0017	1.0000	1.0000	0.1481
53zm03	6	29	1	1	2.0000	1.0000	1.0000	0.9728	NaN	NaN	NaN	5722.7001	5723.0284	1.0000	1.0000	0.2969
53zm03	6	30	1	1	1.0000	1.0000	1.0000	NaN	3.9718	5.3711	15.5603	5725.7183	5726.0194	1.0000	1.0000	0.0902
53zm03	6	30	1	1	2.0000	1.0000	1.0000	0.2718	NaN	NaN	NaN	5726.6436	5726.9734	1.0000	1.0000	0.8638
53zm03	6	31	1	1	1.0000	1.0000	1.0000	NaN	2.8150	2.5131	14.9581	5730.2050	5730.5060	1.0000	1.0000	0.0347
53zm03	6	31	1	1	2.0000	1.0000	1.0000	0.0867	NaN	NaN	NaN	5731.1166	5731.4438	1.0000	1.0000	0.5934
53zm03	6	32	1	1	1.0000	1.0000	-1.0000	NaN	1.9608	-0.5564	16.1042	5734.3302	5734.6312	1.0000	0.0000	0.0693
53zm03	6	32	1	1	2.0000	1.0000	-1.0000	0.7425	NaN	NaN	NaN	5735.3086	5735.6394	0.0000	1.0000	0.4531
53zm03	6	33	1	1	1.0000	1.0000	-1.0000	NaN	2.6248	-2.9536	15.9165	5738.2014	5738.5024	0.0000	1.0000	0.2791
53zm03	6	33	1	1	2.0000	1.0000	1.0000	0.5854	NaN	NaN	NaN	5739.3558	5739.6838	1.0000	1.0000	0.3127
53zm03	6	34	1	1	1.0000	1.0000	-1.0000	NaN	1.0218	-1.4906	14.3364	5742.2530	5742.5540	1.0000	0.0000	0.2831
53zm03	6	34	1	1	2.0000	1.0000	-1.0000	0.3720	NaN	NaN	NaN	5743.4199	5743.7477	0.0000	1.0000	0.4887
53zm03	6	35	1	1	1.0000	1.0000	1.0000	NaN	2.2413	2.0669	15.8403	5746.9223	5747.2233	0.0000	0.0000	0.6859
53zm03	6	35	1	1	2.0000	1.0000	-1.0000	0.5365	NaN	NaN	NaN	5748.4762	5748.8056	0.0000	1.0000	0.4309
53zm03	6	36	1	1	1.0000	1.0000	1.0000	NaN	1.4996	2.3017	15.2211	5751.6559	5751.9569	1.0000	1.0000	0.1843
53zm03	6	36	1	1	2.0000	1.0000	1.0000	0.6734	NaN	NaN	NaN	5752.7311	5753.0582	1.0000	1.0000	0.5550
53zm03	6	37	1	1	1.0000	1.0000	1.0000	NaN	1.3129	1.2512	13.4964	5755.7573	5756.0586	1.0000	1.0000	0.3945
53zm03	6	37	1	1	2.0000	1.0000	1.0000	0.9816	NaN	NaN	NaN	5757.0118	5757.3393	1.0000	1.0000	0.3780
53zm03	6	38	1	1	1.0000	1.0000	-1.0000	NaN	0.9453	-2.4600	16.3773	5760.3867	5760.6881	0.0000	1.0000	0.1484
53zm03	6	38	1	1	2.0000	1.0000	1.0000	0.5641	NaN	NaN	NaN	5761.4192	5761.7497	1.0000	1.0000	0.3913
53zm03	6	39	1	1	1.0000	1.0000	1.0000	NaN	5.3051	5.3574	16.6274	5764.1191	5764.4201	1.0000	1.0000	0.3530
53zm03	6	39	1	1	2.0000	1.0000	1.0000	0.5839	NaN	NaN	NaN	5765.3476	5765.6755	1.0000	1.0000	0.3855
53zm03	6	40	1	1	1.0000	1.0000	-1.0000	NaN	3.7001	-0.9768	15.3260	5768.5123	5768.8133	1.0000	0.0000	0.4712
53zm03	6	40	1	1	2.0000	1.0000	-1.0000	0.8971	NaN	NaN	NaN	5769.8441	5770.1707	0.0000	1.0000	0.1303
53zm03	6	41	1	1	1.0000	1.0000	-1.0000	NaN	3.9341	-4.7668	14.8586	5772.6691	5772.9701	1.0000	0.0000	0.4023
53zm03	6	41	1	1	2.0000	1.0000	-1.0000	0.3699	NaN	NaN	NaN	5773.9478	5774.2751	0.0000	1.0000	0.2580
53zm03	6	42	1	1	1.0000	1.0000	-1.0000	NaN	5.1703	-4.7124	14.4565	5776.5025	5776.8035	0.0000	1.0000	0.2256
53zm03	6	42	1	1	2.0000	1.0000	1.0000	0.4564	NaN	NaN	NaN	5777.6360	5777.9631	1.0000	1.0000	0.5702
53zm03	6	43	1	1	1.0000	1.0000	-1.0000	NaN	0.4528	-1.1004	15.7138	5780.6513	5780.9523	0.0000	1.0000	0.5089
53zm03	6	43	1	1	2.0000	1.0000	1.0000	0.6597	NaN	NaN	NaN	5782.0597	5782.3868	1.0000	1.0000	0.2178
53zm03	6	44	1	1	1.0000	1.0000	-1.0000	NaN	1.4670	-1.6767	14.0308	5784.9341	5785.2351	0.0000	1.0000	0.6821
53zm03	6	44	1	1	2.0000	1.0000	1.0000	0.8258	NaN	NaN	NaN	5786.5076	5786.8351	1.0000	1.0000	0.4174
53zm03	6	45	1	1	1.0000	1.0000	1.0000	NaN	3.7442	5.2942	13.9372	5789.6059	5789.9070	1.0000	1.0000	0.0654
53zm03	6	45	1	1	2.0000	1.0000	1.0000	0.0835	NaN	NaN	NaN	5790.5234	5790.8513	1.0000	1.0000	1.2257
53zm03	6	46	1	1	1.0000	1.0000	1.0000	NaN	2.6659	3.8638	14.3244	5794.1547	5794.4558	1.0000	1.0000	0.1336
53zm03	6	46	1	1	2.0000	1.0000	1.0000	0.9426	NaN	NaN	NaN	5795.1560	5795.4858	1.0000	1.0000	0.2714
53zm03	6	47	1	1	1.0000	1.0000	-1.0000	NaN	1.9527	-4.2511	13.7640	5798.1600	5798.4610	0.0000	1.0000	0.6804
53zm03	6	47	1	1	2.0000	1.0000	1.0000	0.7196	NaN	NaN	NaN	5799.7479	5800.0754	1.0000	1.0000	0.1851
53zm03	6	48	1	1	1.0000	1.0000	1.0000	NaN	3.5527	4.3096	15.7961	5802.5224	5802.8234	1.0000	1.0000	0.1258
53zm03	6	48	1	1	2.0000	1.0000	1.0000	0.2435	NaN	NaN	NaN	5803.5159	5803.8434	1.0000	1.0000	0.7297
53zm03	6	49	1	1	1.0000	1.0000	-1.0000	NaN	4.2143	-4.3839	15.6023	5807.0680	5807.3690	0.0000	1.0000	0.2522
53zm03	6	49	1	1	2.0000	1.0000	1.0000	0.9566	NaN	NaN	NaN	5808.2279	5808.5547	1.0000	1.0000	0.4256
53zm03	6	50	1	1	1.0000	1.0000	1.0000	NaN	4.7099	4.6764	15.9403	5811.3752	5811.6765	1.0000	1.0000	0.1360
53zm03	6	50	1	1	2.0000	1.0000	1.0000	0.4884	NaN	NaN	NaN	5812.4200	5812.7475	1.0000	1.0000	0.6576
