26pz01	1	1	0	0	1.0000	0.0000	1.0000	0.1424	NaN	NaN	NaN	910191.3753	910191.7984	0.0000	0.0000	1.0239
26pz01	1	1	0	0	2.0000	0.0000	1.0000	NaN	7.9153	9.8940	16.6688	910193.4265	910193.7314	1.0000	1.0000	0.7226
26pz01	1	2	0	0	1.0000	0.0000	1.0000	0.9115	NaN	NaN	NaN	910196.6763	910197.0977	1.0000	1.0000	1.1486
26pz01	1	2	0	0	2.0000	0.0000	1.0000	NaN	7.8689	8.0499	15.6411	910198.8609	910199.1654	1.0000	1.0000	1.9130
26pz01	1	3	0	0	1.0000	0.0000	1.0000	0.8464	NaN	NaN	NaN	910203.2721	910203.6922	1.0000	1.0000	0.7950
26pz01	1	3	0	0	2.0000	0.0000	-1.0000	NaN	4.0100	-1.6707	16.7069	910205.0867	910205.3915	0.0000	1.0000	0.5830
26pz01	1	4	0	0	1.0000	0.0000	-1.0000	0.2128	NaN	NaN	NaN	910208.3434	910208.7637	0.0000	1.0000	1.3554
26pz01	1	4	0	0	2.0000	0.0000	1.0000	NaN	8.0140	6.7751	14.3965	910210.7185	910211.0245	1.0000	1.0000	1.8613
26pz01	1	5	0	0	1.0000	0.0000	1.0000	0.6121	NaN	NaN	NaN	910215.3011	910215.7306	1.0000	1.0000	0.8044
26pz01	1	5	0	0	2.0000	0.0000	-1.0000	NaN	4.5433	-2.9919	15.5144	910217.1031	910217.4079	0.0000	1.0000	0.5818
26pz01	1	6	0	0	1.0000	0.0000	1.0000	0.3089	NaN	NaN	NaN	910220.5382	910220.9637	1.0000	1.0000	1.5705
26pz01	1	6	0	0	2.0000	0.0000	1.0000	NaN	1.2676	3.2849	15.3074	910223.1191	910223.4242	1.0000	1.0000	2.0065
26pz01	1	7	0	0	1.0000	0.0000	1.0000	0.9113	NaN	NaN	NaN	910227.7925	910228.2133	1.0000	1.0000	0.6734
26pz01	1	7	0	0	2.0000	0.0000	-1.0000	NaN	6.5666	-7.2466	14.7426	910229.4621	910229.7642	0.0000	1.0000	0.6255
26pz01	1	8	0	0	1.0000	0.0000	-1.0000	0.2818	NaN	NaN	NaN	910232.6087	910233.0297	0.0000	1.0000	0.6411
26pz01	1	8	0	0	2.0000	0.0000	-1.0000	NaN	3.8253	-2.5265	14.9327	910234.2745	910234.5793	0.0000	1.0000	0.9952
26pz01	1	9	0	0	1.0000	0.0000	-1.0000	0.4244	NaN	NaN	NaN	910237.7265	910238.1456	0.0000	1.0000	0.9490
26pz01	1	9	0	0	2.0000	0.0000	-1.0000	NaN	3.6762	-2.1940	15.8932	910239.6924	910239.9969	0.0000	1.0000	0.6653
26pz01	1	10	0	0	1.0000	0.0000	1.0000	0.4852	NaN	NaN	NaN	910243.1914	910243.6119	1.0000	1.0000	0.3943
26pz01	1	10	0	0	2.0000	0.0000	1.0000	NaN	9.8115	10.9746	15.1291	910244.6070	910244.9115	1.0000	1.0000	0.5501
26pz01	1	11	0	0	1.0000	0.0000	1.0000	0.7399	NaN	NaN	NaN	910247.9578	910248.3551	1.0000	1.0000	0.4831
26pz01	1	11	0	0	2.0000	0.0000	-1.0000	NaN	5.0814	-6.7341	15.4370	910249.4291	910249.7313	0.0000	1.0000	0.4184
26pz01	1	12	0	0	1.0000	0.0000	1.0000	0.3508	NaN	NaN	NaN	910252.4747	910252.8261	0.0000	0.0000	0.7489
26pz01	1	12	0	0	2.0000	0.0000	-1.0000	NaN	1.3344	-2.5663	15.7453	910254.1481	910254.4513	0.0000	1.0000	0.5634
26pz01	1	13	0	0	1.0000	0.0000	1.0000	0.1574	NaN	NaN	NaN	910257.6345	910257.9878	1.0000	1.0000	0.4670
26pz01	1	13	0	0	2.0000	0.0000	1.0000	NaN	7.2238	9.3104	15.0041	910259.0291	910259.3313	0.0000	0.0000	1.6343
26pz01	1	14	0	0	1.0000	0.0000	-1.0000	0.2531	NaN	NaN	NaN	910263.2000	910263.5542	1.0000	0.0000	0.4041
26pz01	1	14	0	0	2.0000	0.0000	-1.0000	NaN	1.8439	-0.1014	15.5870	910264.5336	910264.8357	0.0000	1.0000	1.2506
26pz01	1	15	0	0	1.0000	0.0000	-1.0000	0.5652	NaN	NaN	NaN	910268.2369	910268.5873	0.0000	1.0000	1.2908
26pz01	1	15	0	0	2.0000	0.0000	-1.0000	NaN	3.1465	-4.7279	15.8051	910270.4201	910270.7222	0.0000	1.0000	1.0764
26pz01	1	16	0	0	1.0000	0.0000	1.0000	0.6604	NaN	NaN	NaN	910274.1973	910274.5524	1.0000	1.0000	0.4452
26pz01	1	16	0	0	2.0000	0.0000	1.0000	NaN	0.8159	0.0202	14.5978	910275.5918	910275.8939	1.0000	1.0000	0.7837
26pz01	1	17	0	0	1.0000	0.0000	-1.0000	0.3186	NaN	NaN	NaN	910278.9889	910279.3969	1.0000	0.0000	2.5935
26pz01	1	17	0	0	2.0000	0.0000	1.0000	NaN	8.1567	4.9167	14.7630	910282.5901	910282.8949	1.0000	1.0000	1.3029
26pz01	1	18	0	0	1.0000	0.0000	1.0000	0.0302	NaN	NaN	NaN	910286.3309	910286.7565	0.0000	0.0000	2.0811
26pz01	1	18	0	0	2.0000	0.0000	1.0000	NaN	3.3231	1.4130	13.4090	910289.4398	910289.7448	0.0000	0.0000	0.6769
26pz01	1	19	0	0	1.0000	0.0000	1.0000	0.2477	NaN	NaN	NaN	910292.6749	910293.0933	0.0000	0.0000	2.6723
26pz01	1	19	0	0	2.0000	0.0000	1.0000	NaN	7.1323	7.4401	14.4488	910296.3380	910296.6428	1.0000	1.0000	1.1080
26pz01	1	20	0	0	1.0000	0.0000	-1.0000	0.1146	NaN	NaN	NaN	910299.5889	910300.0096	1.0000	0.0000	1.7400
26pz01	1	20	0	0	2.0000	0.0000	1.0000	NaN	7.0741	8.6423	16.2129	910302.3532	910302.6576	1.0000	1.0000	1.5256
26pz01	1	21	0	0	1.0000	0.0000	-1.0000	0.8067	NaN	NaN	NaN	910306.2632	910306.6520	1.0000	0.0000	1.3702
26pz01	1	21	0	0	2.0000	0.0000	-1.0000	NaN	11.2079	-11.3083	13.2426	910308.5961	910308.8995	0.0000	1.0000	0.7064
26pz01	1	22	0	0	1.0000	0.0000	1.0000	0.2126	NaN	NaN	NaN	910311.9146	910312.2685	1.0000	1.0000	1.8659
26pz01	1	22	0	0	2.0000	0.0000	1.0000	NaN	9.0152	10.9059	16.0904	910314.7081	910315.0103	1.0000	1.0000	1.7804
26pz01	1	23	0	0	1.0000	0.0000	1.0000	0.6058	NaN	NaN	NaN	910319.0748	910319.4293	1.0000	1.0000	2.1769
26pz01	1	23	0	0	2.0000	0.0000	1.0000	NaN	11.4923	13.6717	15.1682	910322.2027	910322.5072	1.0000	1.0000	1.9481
26pz01	1	24	0	0	1.0000	0.0000	-1.0000	0.4168	NaN	NaN	NaN	910326.8650	910327.2859	1.0000	0.0000	1.4717
26pz01	1	24	0	0	2.0000	0.0000	1.0000	NaN	4.5787	5.9860	16.0997	910329.3270	910329.6340	0.0000	0.0000	0.7884
26pz01	1	25	0	0	1.0000	0.0000	-1.0000	0.1056	NaN	NaN	NaN	910333.0889	910333.5079	1.0000	0.0000	1.7142
26pz01	1	25	0	0	2.0000	0.0000	1.0000	NaN	3.0968	5.5273	15.0411	910335.7898	910336.0947	1.0000	1.0000	1.9125
26pz01	1	26	0	0	1.0000	0.0000	-1.0000	0.3714	NaN	NaN	NaN	910340.2868	910340.7076	0.0000	1.0000	1.3789
26pz01	1	26	0	0	2.0000	0.0000	1.0000	NaN	9.9766	11.8102	13.7103	910342.6371	910342.9419	1.0000	1.0000	3.4004
26pz01	1	27	0	0	1.0000	0.0000	-1.0000	0.4040	NaN	NaN	NaN	910348.6983	910349.0852	0.0000	1.0000	0.8723
26pz01	1	27	0	0	2.0000	0.0000	1.0000	NaN	3.7526	2.6696	14.1391	910350.5164	910350.8186	0.0000	0.0000	0.9949
26pz01	1	28	0	0	1.0000	0.0000	1.0000	0.1234	NaN	NaN	NaN	910354.0619	910354.4163	1.0000	1.0000	1.2706
26pz01	1	28	0	0	2.0000	0.0000	1.0000	NaN	6.8259	6.5793	14.2862	910356.2293	910356.5315	0.0000	0.0000	1.2345
26pz01	1	29	0	0	1.0000	0.0000	-1.0000	0.6660	NaN	NaN	NaN	910359.9663	910360.3176	0.0000	1.0000	3.6566
26pz01	1	29	0	0	2.0000	0.0000	1.0000	NaN	7.9961	8.8978	14.7420	910364.5151	910364.8174	1.0000	1.0000	2.2769
26pz01	1	30	0	0	1.0000	0.0000	1.0000	0.7369	NaN	NaN	NaN	910368.9868	910369.4061	1.0000	1.0000	0.7594
26pz01	1	30	0	0	2.0000	0.0000	1.0000	NaN	5.8415	5.8568	15.1347	910370.7190	910371.0238	1.0000	1.0000	1.4943
26pz01	1	31	0	0	1.0000	0.0000	-1.0000	0.7546	NaN	NaN	NaN	910374.4662	910374.8766	1.0000	0.0000	2.8089
26pz01	1	31	0	0	2.0000	0.0000	-1.0000	NaN	3.7346	-5.3194	14.9279	910378.2930	910378.5960	0.0000	1.0000	1.6176
26pz01	1	32	0	0	1.0000	0.0000	1.0000	0.4750	NaN	NaN	NaN	910382.4614	910382.8149	1.0000	1.0000	0.6950
26pz01	1	32	0	0	2.0000	0.0000	-1.0000	NaN	5.7591	-8.8751	14.5851	910384.0861	910384.3883	0.0000	1.0000	1.7459
26pz01	1	33	0	0	1.0000	0.0000	-1.0000	0.4233	NaN	NaN	NaN	910388.1173	910388.4691	1.0000	0.0000	1.2484
26pz01	1	33	0	0	2.0000	0.0000	1.0000	NaN	7.7558	7.9106	15.1474	910390.2777	910390.5798	1.0000	1.0000	1.3137
26pz01	1	34	0	0	1.0000	0.0000	1.0000	0.5507	NaN	NaN	NaN	910394.1446	910394.4976	1.0000	1.0000	1.3651
26pz01	1	34	0	0	2.0000	0.0000	-1.0000	NaN	6.5983	-6.3090	15.5235	910396.4041	910396.7063	0.0000	1.0000	1.8113
26pz01	1	35	0	0	1.0000	0.0000	1.0000	0.7401	NaN	NaN	NaN	910400.6443	910400.9973	1.0000	1.0000	0.7057
26pz01	1	35	0	0	2.0000	0.0000	-1.0000	NaN	8.5804	-8.5373	14.0487	910402.2617	910402.5638	0.0000	1.0000	1.2832
26pz01	1	36	0	0	1.0000	0.0000	-1.0000	0.8576	NaN	NaN	NaN	910405.7547	910406.1082	1.0000	0.0000	0.7298
26pz01	1	36	0	0	2.0000	0.0000	1.0000	NaN	11.3374	11.8486	14.2460	910407.4290	910407.7311	1.0000	1.0000	1.1072
26pz01	1	37	0	0	1.0000	0.0000	1.0000	0.1545	NaN	NaN	NaN	910411.2505	910411.6016	0.0000	0.0000	3.6525
26pz01	1	37	0	0	2.0000	0.0000	-1.0000	NaN	1.4280	-2.4904	15.4896	910415.8064	910416.1133	0.0000	1.0000	3.4122
26pz01	1	38	0	0	1.0000	0.0000	1.0000	0.0793	NaN	NaN	NaN	910421.7494	910422.1701	1.0000	1.0000	1.5003
26pz01	1	38	0	0	2.0000	0.0000	1.0000	NaN	1.5981	1.4549	14.7050	910424.2118	910424.5167	1.0000	1.0000	0.7848
26pz01	1	39	0	0	1.0000	0.0000	-1.0000	0.4807	NaN	NaN	NaN	910427.1389	910427.5532	0.0000	1.0000	1.8290
26pz01	1	39	0	0	2.0000	0.0000	-1.0000	NaN	8.3889	-6.6990	15.8265	910429.9173	910430.2221	1.0000	0.0000	0.9520
26pz01	1	40	0	0	1.0000	0.0000	-1.0000	0.4648	NaN	NaN	NaN	910433.5990	910434.0190	0.0000	1.0000	0.7400
26pz01	1	40	0	0	2.0000	0.0000	-1.0000	NaN	4.0526	-6.4212	13.2231	910435.3439	910435.6485	1.0000	0.0000	1.8297
26pz01	1	41	0	0	1.0000	0.0000	1.0000	0.6217	NaN	NaN	NaN	910440.1031	910440.5187	1.0000	1.0000	1.1681
26pz01	1	41	0	0	2.0000	0.0000	1.0000	NaN	4.8914	4.5069	15.1181	910442.2585	910442.5629	1.0000	1.0000	3.1871
26pz01	1	42	0	0	1.0000	0.0000	1.0000	0.1497	NaN	NaN	NaN	910447.8700	910448.2849	0.0000	0.0000	1.1937
26pz01	1	42	0	0	2.0000	0.0000	-1.0000	NaN	11.6471	-13.3517	16.0403	910450.0302	910450.3343	0.0000	1.0000	2.1673
26pz01	1	43	0	0	1.0000	0.0000	-1.0000	0.0310	NaN	NaN	NaN	910454.6929	910455.1046	1.0000	0.0000	3.3183
26pz01	1	43	0	0	2.0000	0.0000	1.0000	NaN	6.7344	8.5627	15.4773	910458.9885	910459.2949	1.0000	1.0000	2.9031
26pz01	1	44	0	0	1.0000	0.0000	1.0000	0.9243	NaN	NaN	NaN	910464.1952	910464.5941	1.0000	1.0000	1.6034
26pz01	1	44	0	0	2.0000	0.0000	1.0000	NaN	7.7879	6.1790	15.4780	910466.7737	910467.0758	0.0000	0.0000	3.9064
26pz01	1	45	0	0	1.0000	0.0000	-1.0000	0.0923	NaN	NaN	NaN	910473.0127	910473.4342	0.0000	1.0000	2.2528
26pz01	1	45	0	0	2.0000	0.0000	1.0000	NaN	9.8815	9.6074	14.2653	910476.2402	910476.5449	1.0000	1.0000	1.3499
26pz01	1	46	0	0	1.0000	0.0000	1.0000	0.7564	NaN	NaN	NaN	910479.9475	910480.3666	1.0000	1.0000	0.7268
26pz01	1	46	0	0	2.0000	0.0000	1.0000	NaN	1.1845	3.0579	14.6091	910481.6811	910481.9856	1.0000	1.0000	3.5078
26pz01	1	47	0	0	1.0000	0.0000	1.0000	0.0044	NaN	NaN	NaN	910487.6803	910488.0877	1.0000	1.0000	0.8137
26pz01	1	47	0	0	2.0000	0.0000	1.0000	NaN	9.2989	7.2800	15.7818	910489.4919	910489.7941	1.0000	1.0000	1.6356
26pz01	1	48	0	0	1.0000	0.0000	-1.0000	0.2279	NaN	NaN	NaN	910493.4975	910493.8540	0.0000	1.0000	0.8080
26pz01	1	48	0	0	2.0000	0.0000	1.0000	NaN	10.6381	11.5246	13.6623	910495.2046	910495.5068	1.0000	1.0000	2.0512
26pz01	1	49	0	0	1.0000	0.0000	1.0000	0.5577	NaN	NaN	NaN	910499.9160	910500.2703	1.0000	1.0000	0.7280
26pz01	1	49	0	0	2.0000	0.0000	-1.0000	NaN	2.4929	-3.4869	14.4410	910501.5737	910501.8758	0.0000	1.0000	1.0256
26pz01	1	50	0	0	1.0000	0.0000	1.0000	0.3969	NaN	NaN	NaN	910505.1683	910505.5240	0.0000	0.0000	1.1533
26pz01	1	50	0	0	2.0000	0.0000	1.0000	NaN	11.7966	11.7428	14.8752	910507.2218	910507.5240	1.0000	1.0000	0.8031
26pz01	2	1	0	0	1.0000	0.0000	-1.0000	0.9349	NaN	NaN	NaN	910521.1740	910521.5945	0.0000	1.0000	0.4268
26pz01	2	1	0	0	2.0000	0.0000	1.0000	NaN	2.0060	2.2462	15.7318	910522.6096	910522.9145	1.0000	1.0000	0.9315
26pz01	2	2	0	0	1.0000	0.0000	1.0000	0.5195	NaN	NaN	NaN	910526.3160	910526.7441	1.0000	1.0000	0.4141
26pz01	2	2	0	0	2.0000	0.0000	1.0000	NaN	6.2536	4.5279	15.0908	910527.7439	910528.0487	1.0000	1.0000	0.9179
26pz01	2	3	0	0	1.0000	0.0000	1.0000	0.6771	NaN	NaN	NaN	910531.1186	910531.5420	0.0000	0.0000	0.6233
26pz01	2	3	0	0	2.0000	0.0000	-1.0000	NaN	6.0057	-6.3530	15.0985	910532.7189	910533.0248	0.0000	1.0000	1.2046
26pz01	2	4	0	0	1.0000	0.0000	-1.0000	0.3225	NaN	NaN	NaN	910536.6913	910537.1089	1.0000	0.0000	0.4490
26pz01	2	4	0	0	2.0000	0.0000	1.0000	NaN	11.4196	11.2633	14.9822	910538.1269	910538.4314	1.0000	1.0000	0.8219
26pz01	2	5	0	0	1.0000	0.0000	1.0000	0.5062	NaN	NaN	NaN	910541.4263	910541.8469	1.0000	1.0000	2.2230
26pz01	2	5	0	0	2.0000	0.0000	1.0000	NaN	4.2087	2.5451	15.7873	910544.6077	910544.9121	1.0000	1.0000	1.2052
26pz01	2	6	0	0	1.0000	0.0000	-1.0000	0.1698	NaN	NaN	NaN	910548.0004	910548.4127	1.0000	0.0000	1.4016
26pz01	2	6	0	0	2.0000	0.0000	1.0000	NaN	5.0746	5.7888	14.7073	910550.3663	910550.6732	0.0000	0.0000	1.1261
26pz01	2	7	0	0	1.0000	0.0000	-1.0000	0.2469	NaN	NaN	NaN	910553.7765	910554.1962	1.0000	0.0000	0.6265
26pz01	2	7	0	0	2.0000	0.0000	1.0000	NaN	9.6008	9.0839	15.0677	910555.3904	910555.6946	1.0000	1.0000	3.0468
26pz01	2	8	0	0	1.0000	0.0000	1.0000	0.4311	NaN	NaN	NaN	910560.7454	910561.1622	1.0000	1.0000	0.4752
26pz01	2	8	0	0	2.0000	0.0000	1.0000	NaN	5.1887	4.9858	15.2335	910562.1898	910562.4940	1.0000	1.0000	2.5519
26pz01	2	9	0	0	1.0000	0.0000	1.0000	0.8605	NaN	NaN	NaN	910567.3573	910567.7794	1.0000	1.0000	0.3859
26pz01	2	9	0	0	2.0000	0.0000	-1.0000	NaN	1.5238	-2.0195	15.0594	910568.7355	910569.0403	0.0000	1.0000	0.5650
26pz01	2	10	0	0	1.0000	0.0000	-1.0000	0.2385	NaN	NaN	NaN	910571.7751	910572.1966	1.0000	0.0000	0.4813
26pz01	2	10	0	0	2.0000	0.0000	1.0000	NaN	7.3925	6.4336	16.7075	910573.2153	910573.5223	1.0000	1.0000	1.5077
26pz01	2	11	0	0	1.0000	0.0000	1.0000	0.3960	NaN	NaN	NaN	910577.3700	910577.7902	1.0000	1.0000	1.0797
26pz01	2	11	0	0	2.0000	0.0000	1.0000	NaN	7.8823	7.3016	15.6112	910579.4395	910579.7441	1.0000	1.0000	1.3497
26pz01	2	12	0	0	1.0000	0.0000	-1.0000	0.4377	NaN	NaN	NaN	910583.3236	910583.7092	0.0000	1.0000	0.9522
26pz01	2	12	0	0	2.0000	0.0000	1.0000	NaN	11.7797	11.9268	16.6114	910585.2200	910585.5222	1.0000	1.0000	1.2367
26pz01	2	13	0	0	1.0000	0.0000	-1.0000	0.7772	NaN	NaN	NaN	910589.0378	910589.4486	1.0000	0.0000	0.3968
26pz01	2	13	0	0	2.0000	0.0000	-1.0000	NaN	9.8106	-9.0506	15.8821	910590.3819	910590.6883	0.0000	1.0000	1.9089
26pz01	2	14	0	0	1.0000	0.0000	1.0000	0.5794	NaN	NaN	NaN	910595.1287	910595.5207	1.0000	1.0000	0.4059
26pz01	2	14	0	0	2.0000	0.0000	-1.0000	NaN	7.4120	-7.2799	15.4916	910596.4694	910596.7716	0.0000	1.0000	1.1057
26pz01	2	15	0	0	1.0000	0.0000	1.0000	0.8321	NaN	NaN	NaN	910600.0192	910600.3705	1.0000	1.0000	0.7235
26pz01	2	15	0	0	2.0000	0.0000	-1.0000	NaN	6.6019	-6.3978	14.8632	910601.6525	910601.9547	0.0000	1.0000	1.5876
26pz01	2	16	0	0	1.0000	0.0000	1.0000	0.4280	NaN	NaN	NaN	910606.0514	910606.4035	1.0000	1.0000	1.0744
26pz01	2	16	0	0	2.0000	0.0000	-1.0000	NaN	1.0059	-2.7838	15.9890	910608.0037	910608.3060	1.0000	0.0000	0.9805
26pz01	2	17	0	0	1.0000	0.0000	-1.0000	0.8677	NaN	NaN	NaN	910611.3455	910611.7021	0.0000	1.0000	0.6082
26pz01	2	17	0	0	2.0000	0.0000	1.0000	NaN	1.8285	0.3523	14.6900	910612.8851	910613.1873	1.0000	1.0000	2.2909
26pz01	2	18	0	0	1.0000	0.0000	1.0000	0.6007	NaN	NaN	NaN	910618.1273	910618.4809	1.0000	1.0000	0.3416
26pz01	2	18	0	0	2.0000	0.0000	-1.0000	NaN	1.1705	-2.1896	14.4640	910619.3805	910619.6838	0.0000	1.0000	0.6260
26pz01	2	19	0	0	1.0000	0.0000	-1.0000	0.4007	NaN	NaN	NaN	910622.2517	910622.6027	1.0000	0.0000	1.2115
26pz01	2	19	0	0	2.0000	0.0000	1.0000	NaN	10.9888	11.0851	14.2615	910624.3882	910624.6904	0.0000	0.0000	1.8273
26pz01	2	20	0	0	1.0000	0.0000	-1.0000	0.6227	NaN	NaN	NaN	910628.9175	910629.2690	0.0000	1.0000	1.2007
26pz01	2	20	0	0	2.0000	0.0000	1.0000	NaN	2.0542	1.0172	13.7767	910631.0117	910631.3144	0.0000	0.0000	1.1068
26pz01	2	21	0	0	1.0000	0.0000	1.0000	0.9083	NaN	NaN	NaN	910634.8796	910635.3053	1.0000	1.0000	0.2693
26pz01	2	21	0	0	2.0000	0.0000	1.0000	NaN	6.9025	5.9853	14.3493	910636.1105	910636.4178	0.0000	0.0000	1.6689
26pz01	2	22	0	0	1.0000	0.0000	1.0000	0.2254	NaN	NaN	NaN	910640.4543	910640.8919	1.0000	1.0000	0.3785
26pz01	2	22	0	0	2.0000	0.0000	-1.0000	NaN	5.5062	-4.3220	15.6201	910641.8385	910642.1430	0.0000	1.0000	2.0716
26pz01	2	23	0	0	1.0000	0.0000	-1.0000	0.6423	NaN	NaN	NaN	910646.0210	910646.4416	1.0000	0.0000	0.8128
26pz01	2	23	0	0	2.0000	0.0000	1.0000	NaN	3.4688	4.4638	15.4191	910647.7883	910648.0928	1.0000	1.0000	0.8098
26pz01	2	24	0	0	1.0000	0.0000	-1.0000	0.8316	NaN	NaN	NaN	910651.2882	910651.7081	0.0000	1.0000	1.8811
26pz01	2	24	0	0	2.0000	0.0000	1.0000	NaN	6.2166	7.9878	13.8454	910654.1580	910654.4626	1.0000	1.0000	2.0238
26pz01	2	25	0	0	1.0000	0.0000	-1.0000	0.7832	NaN	NaN	NaN	910658.4632	910658.8743	0.0000	1.0000	0.5553
26pz01	2	25	0	0	2.0000	0.0000	1.0000	NaN	11.7920	11.8253	15.0348	910660.0007	910660.3051	1.0000	1.0000	2.2921
26pz01	2	26	0	0	1.0000	0.0000	1.0000	0.0359	NaN	NaN	NaN	910664.5701	910664.9673	1.0000	1.0000	0.8299
26pz01	2	26	0	0	2.0000	0.0000	-1.0000	NaN	10.6220	-10.2424	14.9215	910666.3407	910666.6429	0.0000	1.0000	1.3943
26pz01	2	27	0	0	1.0000	0.0000	1.0000	0.1743	NaN	NaN	NaN	910670.1799	910670.5336	1.0000	1.0000	0.5287
26pz01	2	27	0	0	2.0000	0.0000	-1.0000	NaN	4.4218	-3.3581	15.3539	910671.6208	910671.9230	0.0000	1.0000	1.3948
26pz01	2	28	0	0	1.0000	0.0000	-1.0000	0.4825	NaN	NaN	NaN	910675.7507	910676.1017	0.0000	1.0000	0.7205
26pz01	2	28	0	0	2.0000	0.0000	1.0000	NaN	1.0262	0.5871	13.9513	910677.3509	910677.6530	1.0000	1.0000	1.5687
26pz01	2	29	0	0	1.0000	0.0000	-1.0000	0.7610	NaN	NaN	NaN	910681.4741	910681.8904	0.0000	1.0000	0.6914
26pz01	2	29	0	0	2.0000	0.0000	-1.0000	NaN	0.3506	-0.2244	14.3018	910683.1596	910683.4633	0.0000	1.0000	1.1503
26pz01	2	30	0	0	1.0000	0.0000	1.0000	0.6824	NaN	NaN	NaN	910686.8053	910687.1609	1.0000	1.0000	0.2699
26pz01	2	30	0	0	2.0000	0.0000	-1.0000	NaN	11.6238	-12.7034	14.5683	910687.9718	910688.2741	0.0000	1.0000	0.7874
26pz01	2	31	0	0	1.0000	0.0000	-1.0000	0.2279	NaN	NaN	NaN	910691.2947	910691.6481	0.0000	1.0000	0.3419
26pz01	2	31	0	0	2.0000	0.0000	-1.0000	NaN	1.4798	-1.4420	13.8861	910692.5156	910692.8179	1.0000	0.0000	1.5233
26pz01	2	32	0	0	1.0000	0.0000	1.0000	0.4284	NaN	NaN	NaN	910696.4013	910696.7534	0.0000	0.0000	0.5322
26pz01	2	32	0	0	2.0000	0.0000	1.0000	NaN	6.5641	5.3328	13.3682	910697.8296	910698.1318	1.0000	1.0000	1.1214
26pz01	2	33	0	0	1.0000	0.0000	1.0000	0.0146	NaN	NaN	NaN	910701.7072	910702.0641	0.0000	0.0000	0.4691
26pz01	2	33	0	0	2.0000	0.0000	-1.0000	NaN	0.5163	-1.6170	12.5645	910703.0595	910703.3629	0.0000	1.0000	3.3477
26pz01	2	34	0	0	1.0000	0.0000	-1.0000	0.8828	NaN	NaN	NaN	910708.6539	910709.0098	0.0000	1.0000	0.4519
26pz01	2	34	0	0	2.0000	0.0000	-1.0000	NaN	4.1998	-5.3539	14.7180	910709.9885	910710.2906	0.0000	1.0000	0.5796
26pz01	2	35	0	0	1.0000	0.0000	1.0000	0.0064	NaN	NaN	NaN	910713.1968	910713.5482	1.0000	1.0000	1.8015
26pz01	2	35	0	0	2.0000	0.0000	1.0000	NaN	7.2260	6.5985	14.5705	910715.9072	910716.2096	1.0000	1.0000	0.6280
26pz01	2	36	0	0	1.0000	0.0000	-1.0000	0.1418	NaN	NaN	NaN	910718.8370	910719.1925	0.0000	1.0000	0.7497
26pz01	2	36	0	0	2.0000	0.0000	1.0000	NaN	3.0901	4.9713	15.0249	910720.4858	910720.7880	1.0000	1.0000	1.2332
26pz01	2	37	0	0	1.0000	0.0000	-1.0000	0.4876	NaN	NaN	NaN	910724.4043	910724.8191	0.0000	1.0000	0.1789
26pz01	2	37	0	0	2.0000	0.0000	-1.0000	NaN	4.8217	-5.2794	15.4761	910725.5724	910725.8745	0.0000	1.0000	0.7078
26pz01	2	38	0	0	1.0000	0.0000	-1.0000	0.6852	NaN	NaN	NaN	910728.8327	910729.1853	0.0000	1.0000	0.4370
26pz01	2	38	0	0	2.0000	0.0000	-1.0000	NaN	1.2811	-1.7243	14.9735	910730.1803	910730.4825	0.0000	1.0000	1.2361
26pz01	2	39	0	0	1.0000	0.0000	-1.0000	0.8610	NaN	NaN	NaN	910734.2753	910734.6292	0.0000	1.0000	0.7839
26pz01	2	39	0	0	2.0000	0.0000	1.0000	NaN	10.5558	9.6483	14.7571	910735.9244	910736.2279	1.0000	1.0000	1.0572
26pz01	2	40	0	0	1.0000	0.0000	-1.0000	0.6214	NaN	NaN	NaN	910739.7621	910740.1135	0.0000	1.0000	0.3721
26pz01	2	40	0	0	2.0000	0.0000	1.0000	NaN	8.2706	9.4459	14.7751	910741.0286	910741.3307	1.0000	1.0000	0.6438
26pz01	2	41	0	0	1.0000	0.0000	1.0000	0.3012	NaN	NaN	NaN	910744.0569	910744.4121	0.0000	0.0000	0.5697
26pz01	2	41	0	0	2.0000	0.0000	1.0000	NaN	11.4027	11.0087	16.4064	910745.5244	910745.8275	1.0000	1.0000	0.7861
26pz01	2	42	0	0	1.0000	0.0000	-1.0000	0.8104	NaN	NaN	NaN	910748.6729	910749.0284	0.0000	1.0000	0.2585
26pz01	2	42	0	0	2.0000	0.0000	1.0000	NaN	7.4647	6.5919	11.7430	910749.8449	910750.1472	0.0000	0.0000	0.6587
26pz01	2	43	0	0	1.0000	0.0000	1.0000	0.1850	NaN	NaN	NaN	910753.0519	910753.4076	1.0000	1.0000	0.5671
26pz01	2	43	0	0	2.0000	0.0000	1.0000	NaN	2.7111	3.1999	14.0496	910754.5008	910754.8031	0.0000	0.0000	1.5706
26pz01	2	44	0	0	1.0000	0.0000	-1.0000	0.5394	NaN	NaN	NaN	910758.5736	910758.9278	0.0000	1.0000	0.3573
26pz01	2	44	0	0	2.0000	0.0000	1.0000	NaN	0.9103	1.9163	13.3902	910759.8279	910760.1302	1.0000	1.0000	0.6909
26pz01	2	45	0	0	1.0000	0.0000	-1.0000	0.2230	NaN	NaN	NaN	910762.7888	910763.1444	0.0000	1.0000	0.4767
26pz01	2	45	0	0	2.0000	0.0000	-1.0000	NaN	4.2379	-2.3026	14.4781	910764.1634	910764.4657	0.0000	1.0000	0.8367
26pz01	2	46	0	0	1.0000	0.0000	-1.0000	0.3341	NaN	NaN	NaN	910767.4863	910767.8402	0.0000	1.0000	0.4536
26pz01	2	46	0	0	2.0000	0.0000	-1.0000	NaN	9.9699	-10.8499	15.6582	910768.8522	910769.1545	0.0000	1.0000	1.1866
26pz01	2	47	0	0	1.0000	0.0000	-1.0000	0.0916	NaN	NaN	NaN	910772.6388	910773.0285	0.0000	1.0000	0.3365
26pz01	2	47	0	0	2.0000	0.0000	-1.0000	NaN	1.5837	-1.6021	15.8789	910773.9086	910774.2108	0.0000	1.0000	1.1223
26pz01	2	48	0	0	1.0000	0.0000	-1.0000	0.6167	NaN	NaN	NaN	910777.6602	910778.0115	0.0000	1.0000	0.2823
26pz01	2	48	0	0	2.0000	0.0000	1.0000	NaN	8.7807	5.3195	16.0012	910778.8042	910779.1068	1.0000	1.0000	0.7558
26pz01	2	49	0	0	1.0000	0.0000	1.0000	0.5222	NaN	NaN	NaN	910782.3874	910782.7435	1.0000	1.0000	0.3502
26pz01	2	49	0	0	2.0000	0.0000	-1.0000	NaN	11.0063	-11.3381	15.3770	910783.6202	910783.9224	0.0000	1.0000	0.4832
26pz01	2	50	0	0	1.0000	0.0000	1.0000	0.5114	NaN	NaN	NaN	910786.5328	910786.8892	1.0000	1.0000	0.6368
26pz01	2	50	0	0	2.0000	0.0000	1.0000	NaN	11.9536	11.9579	14.5640	910788.1167	910788.4189	1.0000	1.0000	0.8508
26pz01	3	1	0	0	1.0000	0.0000	1.0000	0.8253	NaN	NaN	NaN	910799.8581	910800.2105	1.0000	1.0000	0.3385
26pz01	3	1	0	0	2.0000	0.0000	-1.0000	NaN	1.0132	-1.7688	15.8990	910801.1089	910801.4110	1.0000	0.0000	0.7861
26pz01	3	2	0	0	1.0000	0.0000	1.0000	0.6357	NaN	NaN	NaN	910804.4451	910804.7953	1.0000	1.0000	0.3628
26pz01	3	2	0	0	2.0000	0.0000	1.0000	NaN	2.2852	2.7799	15.5075	910805.6847	910805.9870	0.0000	0.0000	0.5146
26pz01	3	3	0	0	1.0000	0.0000	-1.0000	0.4645	NaN	NaN	NaN	910809.0181	910809.3753	1.0000	0.0000	0.6297
26pz01	3	3	0	0	2.0000	0.0000	1.0000	NaN	7.4887	7.2008	14.4436	910810.5650	910810.8673	0.0000	0.0000	1.4583
26pz01	3	4	0	0	1.0000	0.0000	-1.0000	0.4181	NaN	NaN	NaN	910814.3435	910814.6945	0.0000	1.0000	0.3683
26pz01	3	4	0	0	2.0000	0.0000	1.0000	NaN	6.3257	5.0132	13.6661	910815.5883	910815.8906	1.0000	1.0000	0.5959
26pz01	3	5	0	0	1.0000	0.0000	-1.0000	0.7193	NaN	NaN	NaN	910818.3621	910818.7650	1.0000	0.0000	0.3930
26pz01	3	5	0	0	2.0000	0.0000	1.0000	NaN	9.0447	9.8625	15.0617	910819.7578	910820.0615	1.0000	1.0000	0.7120
26pz01	3	6	0	0	1.0000	0.0000	1.0000	0.2416	NaN	NaN	NaN	910823.1449	910823.5665	1.0000	1.0000	0.7751
26pz01	3	6	0	0	2.0000	0.0000	1.0000	NaN	9.7714	9.3067	15.3415	910824.8628	910825.1676	1.0000	1.0000	1.2549
26pz01	3	7	0	0	1.0000	0.0000	-1.0000	0.0566	NaN	NaN	NaN	910828.8268	910829.2490	0.0000	1.0000	0.4527
26pz01	3	7	0	0	2.0000	0.0000	1.0000	NaN	8.1837	9.0087	15.0917	910830.2544	910830.5599	1.0000	1.0000	0.7269
26pz01	3	8	0	0	1.0000	0.0000	1.0000	0.7652	NaN	NaN	NaN	910833.3968	910833.7921	1.0000	1.0000	0.3095
26pz01	3	8	0	0	2.0000	0.0000	1.0000	NaN	6.9207	8.5139	15.8197	910834.6295	910834.9317	1.0000	1.0000	0.9146
26pz01	3	9	0	0	1.0000	0.0000	1.0000	0.6757	NaN	NaN	NaN	910837.8286	910838.1794	1.0000	1.0000	0.4346
26pz01	3	9	0	0	2.0000	0.0000	-1.0000	NaN	2.6610	-1.4291	14.3902	910839.1405	910839.4427	1.0000	0.0000	1.1223
26pz01	3	10	0	0	1.0000	0.0000	-1.0000	0.0679	NaN	NaN	NaN	910842.6431	910842.9933	0.0000	1.0000	0.6283
26pz01	3	10	0	0	2.0000	0.0000	-1.0000	NaN	6.2598	-7.5329	14.9626	910844.1644	910844.4667	0.0000	1.0000	0.6921
26pz01	3	11	0	0	1.0000	0.0000	-1.0000	0.0113	NaN	NaN	NaN	910847.2499	910847.6068	0.0000	1.0000	0.8639
26pz01	3	11	0	0	2.0000	0.0000	1.0000	NaN	4.0455	3.7550	14.4589	910849.0292	910849.3314	1.0000	1.0000	0.9616
26pz01	3	12	0	0	1.0000	0.0000	-1.0000	0.7075	NaN	NaN	NaN	910852.4456	910852.8025	0.0000	1.0000	0.3709
26pz01	3	12	0	0	2.0000	0.0000	1.0000	NaN	2.2675	3.1692	14.7067	910853.6995	910854.0017	1.0000	1.0000	0.6757
26pz01	3	13	0	0	1.0000	0.0000	1.0000	0.7199	NaN	NaN	NaN	910856.9519	910857.3064	1.0000	1.0000	0.3479
26pz01	3	13	0	0	2.0000	0.0000	-1.0000	NaN	8.9176	-8.5566	14.9779	910858.1804	910858.4827	0.0000	1.0000	0.5783
26pz01	3	14	0	0	1.0000	0.0000	-1.0000	0.4654	NaN	NaN	NaN	910861.2560	910861.6073	0.0000	1.0000	0.2216
26pz01	3	14	0	0	2.0000	0.0000	1.0000	NaN	2.0151	1.5024	15.3893	910862.3561	910862.6583	0.0000	0.0000	1.3314
26pz01	3	15	0	0	1.0000	0.0000	1.0000	0.7554	NaN	NaN	NaN	910866.2222	910866.6420	1.0000	1.0000	0.1630
26pz01	3	15	0	0	2.0000	0.0000	1.0000	NaN	2.2425	2.1437	15.5386	910867.3423	910867.6467	0.0000	0.0000	0.7917
26pz01	3	16	0	0	1.0000	0.0000	1.0000	0.3757	NaN	NaN	NaN	910870.9989	910871.4136	1.0000	1.0000	0.6406
26pz01	3	16	0	0	2.0000	0.0000	-1.0000	NaN	4.4092	-4.9210	16.8045	910872.5645	910872.8667	0.0000	1.0000	0.4028
26pz01	3	17	0	0	1.0000	0.0000	-1.0000	0.5686	NaN	NaN	NaN	910875.6302	910875.9846	1.0000	0.0000	0.4048
26pz01	3	17	0	0	2.0000	0.0000	-1.0000	NaN	5.6511	-8.1875	14.6960	910876.8835	910877.1869	0.0000	1.0000	0.3868
26pz01	3	18	0	0	1.0000	0.0000	1.0000	0.1879	NaN	NaN	NaN	910879.5010	910879.8553	1.0000	1.0000	0.4217
26pz01	3	18	0	0	2.0000	0.0000	-1.0000	NaN	0.3665	-0.7366	14.7433	910880.7884	910881.0906	0.0000	1.0000	1.2670
26pz01	3	19	0	0	1.0000	0.0000	-1.0000	0.4017	NaN	NaN	NaN	910884.7488	910885.1050	1.0000	0.0000	1.3005
26pz01	3	19	0	0	2.0000	0.0000	-1.0000	NaN	6.5745	-6.2071	14.9612	910886.9318	910887.2342	0.0000	1.0000	0.5484
26pz01	3	20	0	0	1.0000	0.0000	-1.0000	0.4474	NaN	NaN	NaN	910890.0887	910890.4393	1.0000	0.0000	0.8465
26pz01	3	20	0	0	2.0000	0.0000	-1.0000	NaN	2.7659	-2.8220	14.5567	910891.8278	910892.1301	0.0000	1.0000	1.2192
26pz01	3	21	0	0	1.0000	0.0000	-1.0000	0.9118	NaN	NaN	NaN	910895.8987	910896.2543	0.0000	1.0000	0.3922
26pz01	3	21	0	0	2.0000	0.0000	-1.0000	NaN	4.0846	-4.4106	13.1481	910897.1880	910897.4901	0.0000	1.0000	2.0508
26pz01	3	22	0	0	1.0000	0.0000	-1.0000	0.1814	NaN	NaN	NaN	910901.8674	910902.2204	1.0000	0.0000	0.6016
26pz01	3	22	0	0	2.0000	0.0000	1.0000	NaN	5.1390	4.0106	13.9722	910903.3956	910903.6979	0.0000	0.0000	1.6196
26pz01	3	23	0	0	1.0000	0.0000	-1.0000	0.3538	NaN	NaN	NaN	910907.4527	910907.8050	1.0000	0.0000	0.9206
26pz01	3	23	0	0	2.0000	0.0000	1.0000	NaN	2.3774	2.4764	13.8301	910909.2860	910909.5882	1.0000	1.0000	0.4647
26pz01	3	24	0	0	1.0000	0.0000	-1.0000	0.5195	NaN	NaN	NaN	910912.0986	910912.5077	1.0000	0.0000	0.4263
26pz01	3	24	0	0	2.0000	0.0000	1.0000	NaN	11.4901	10.3122	14.4440	910913.4609	910913.7632	1.0000	1.0000	0.8337
26pz01	3	25	0	0	1.0000	0.0000	-1.0000	0.4205	NaN	NaN	NaN	910917.0268	910917.3827	0.0000	1.0000	0.5422
26pz01	3	25	0	0	2.0000	0.0000	-1.0000	NaN	1.2798	-0.7974	15.2737	910918.4691	910918.7714	0.0000	1.0000	1.6982
26pz01	3	26	0	0	1.0000	0.0000	-1.0000	0.2163	NaN	NaN	NaN	910922.6293	910922.9864	1.0000	0.0000	0.5071
26pz01	3	26	0	0	2.0000	0.0000	1.0000	NaN	5.2284	6.4547	15.0801	910924.0529	910924.3552	1.0000	1.0000	1.0417
26pz01	3	27	0	0	1.0000	0.0000	1.0000	0.4611	NaN	NaN	NaN	910927.4727	910927.8255	1.0000	1.0000	0.2767
26pz01	3	27	0	0	2.0000	0.0000	-1.0000	NaN	9.6034	-10.9605	15.0406	910928.6766	910928.9788	0.0000	1.0000	0.4981
26pz01	3	28	0	0	1.0000	0.0000	-1.0000	0.0654	NaN	NaN	NaN	910931.7944	910932.1485	1.0000	0.0000	0.8009
26pz01	3	28	0	0	2.0000	0.0000	-1.0000	NaN	3.8352	-1.3757	14.9972	910933.4932	910933.7954	0.0000	1.0000	0.8820
26pz01	3	29	0	0	1.0000	0.0000	1.0000	0.6632	NaN	NaN	NaN	910937.1029	910937.4536	1.0000	1.0000	0.4083
26pz01	3	29	0	0	2.0000	0.0000	-1.0000	NaN	7.9983	-7.8549	13.5608	910938.4037	910938.7059	0.0000	1.0000	1.1870
26pz01	3	30	0	0	1.0000	0.0000	1.0000	0.0500	NaN	NaN	NaN	910942.0286	910942.3854	1.0000	1.0000	0.4520
26pz01	3	30	0	0	2.0000	0.0000	-1.0000	NaN	8.8543	-10.4960	13.9245	910943.4111	910943.7132	0.0000	1.0000	1.1396
26pz01	3	31	0	0	1.0000	0.0000	1.0000	0.0574	NaN	NaN	NaN	910947.2024	910947.5531	1.0000	1.0000	0.3558
26pz01	3	31	0	0	2.0000	0.0000	1.0000	NaN	4.7911	5.6151	15.1359	910948.4520	910948.7543	1.0000	1.0000	0.8352
26pz01	3	32	0	0	1.0000	0.0000	1.0000	0.6649	NaN	NaN	NaN	910952.0069	910952.3642	1.0000	1.0000	0.3447
26pz01	3	32	0	0	2.0000	0.0000	-1.0000	NaN	7.6624	-7.2255	14.6211	910953.2360	910953.5383	0.0000	1.0000	0.3391
26pz01	3	33	0	0	1.0000	0.0000	-1.0000	0.1383	NaN	NaN	NaN	910955.9378	910956.3305	1.0000	0.0000	0.3795
26pz01	3	33	0	0	2.0000	0.0000	1.0000	NaN	1.6328	2.8776	15.7412	910957.2363	910957.5384	0.0000	0.0000	1.6522
26pz01	3	34	0	0	1.0000	0.0000	-1.0000	0.8127	NaN	NaN	NaN	910961.6437	910962.0011	1.0000	0.0000	0.3244
26pz01	3	34	0	0	2.0000	0.0000	-1.0000	NaN	7.7372	-7.6301	14.9141	910962.8519	910963.1541	1.0000	0.0000	2.7867
26pz01	3	35	0	0	1.0000	0.0000	-1.0000	0.8651	NaN	NaN	NaN	910968.2797	910968.6340	0.0000	1.0000	1.2595
26pz01	3	35	0	0	2.0000	0.0000	1.0000	NaN	2.1822	1.0828	15.6428	910970.4034	910970.7056	1.0000	1.0000	0.7244
26pz01	3	36	0	0	1.0000	0.0000	1.0000	0.3272	NaN	NaN	NaN	910973.6471	910974.0003	1.0000	1.0000	0.3251
26pz01	3	36	0	0	2.0000	0.0000	-1.0000	NaN	9.3662	-9.5274	15.7685	910974.8523	910975.1544	0.0000	1.0000	1.0910
26pz01	3	37	0	0	1.0000	0.0000	1.0000	0.6938	NaN	NaN	NaN	910978.3708	910978.7227	1.0000	1.0000	0.4021
26pz01	3	37	0	0	2.0000	0.0000	1.0000	NaN	5.8633	4.4441	15.7036	910979.6351	910979.9372	1.0000	1.0000	1.0276
26pz01	3	38	0	0	1.0000	0.0000	-1.0000	0.3654	NaN	NaN	NaN	910983.3165	910983.6679	1.0000	0.0000	0.8170
26pz01	3	38	0	0	2.0000	0.0000	1.0000	NaN	6.9958	6.3936	17.2002	910985.0592	910985.3614	1.0000	1.0000	1.2522
26pz01	3	39	0	0	1.0000	0.0000	-1.0000	0.2280	NaN	NaN	NaN	910989.1478	910989.5010	0.0000	1.0000	1.1924
26pz01	3	39	0	0	2.0000	0.0000	-1.0000	NaN	5.0072	-5.7694	14.1642	910991.2512	910991.5534	0.0000	1.0000	0.4211
26pz01	3	40	0	0	1.0000	0.0000	1.0000	0.3267	NaN	NaN	NaN	910994.1830	910994.5340	1.0000	1.0000	0.5268
26pz01	3	40	0	0	2.0000	0.0000	-1.0000	NaN	7.0088	-6.6344	14.3263	910995.6036	910995.9058	0.0000	1.0000	0.5310
26pz01	3	41	0	0	1.0000	0.0000	1.0000	0.2774	NaN	NaN	NaN	910998.9366	910999.2888	1.0000	1.0000	0.4139
26pz01	3	41	0	0	2.0000	0.0000	-1.0000	NaN	5.1798	-4.1611	17.2471	911000.2599	911000.5625	0.0000	1.0000	0.5303
26pz01	3	42	0	0	1.0000	0.0000	1.0000	0.7170	NaN	NaN	NaN	911003.2268	911003.6389	1.0000	1.0000	0.4469
26pz01	3	42	0	0	2.0000	0.0000	-1.0000	NaN	3.3123	-4.0550	14.5438	911004.6522	911004.9560	0.0000	1.0000	0.7288
26pz01	3	43	0	0	1.0000	0.0000	-1.0000	0.8702	NaN	NaN	NaN	911007.7985	911008.2114	0.0000	1.0000	0.4025
26pz01	3	43	0	0	2.0000	0.0000	1.0000	NaN	0.0138	0.3013	13.5991	911009.1740	911009.4763	0.0000	0.0000	0.4816
26pz01	3	44	0	0	1.0000	0.0000	-1.0000	0.8772	NaN	NaN	NaN	911012.2476	911012.5998	0.0000	1.0000	0.8130
26pz01	3	44	0	0	2.0000	0.0000	1.0000	NaN	5.1625	5.9003	13.0847	911013.9559	911014.2582	0.0000	0.0000	1.6832
26pz01	3	45	0	0	1.0000	0.0000	1.0000	0.3703	NaN	NaN	NaN	911018.1446	911018.4982	1.0000	1.0000	0.5323
26pz01	3	45	0	0	2.0000	0.0000	-1.0000	NaN	2.9003	-3.3933	13.9708	911019.5723	911019.8744	0.0000	1.0000	1.2672
26pz01	3	46	0	0	1.0000	0.0000	-1.0000	0.5043	NaN	NaN	NaN	911023.4500	911023.8009	1.0000	0.0000	0.4296
26pz01	3	46	0	0	2.0000	0.0000	-1.0000	NaN	9.3500	-8.1829	15.4998	911024.7886	911025.0909	0.0000	1.0000	1.6186
26pz01	3	47	0	0	1.0000	0.0000	-1.0000	0.1216	NaN	NaN	NaN	911028.9523	911029.3035	0.0000	1.0000	0.8308
26pz01	3	47	0	0	2.0000	0.0000	-1.0000	NaN	11.9890	-13.3234	15.2103	911030.6760	911030.9798	0.0000	1.0000	0.5306
26pz01	3	48	0	0	1.0000	0.0000	-1.0000	0.8596	NaN	NaN	NaN	911034.0210	911034.3765	0.0000	1.0000	0.4603
26pz01	3	48	0	0	2.0000	0.0000	-1.0000	NaN	11.7570	-12.6283	15.6860	911035.3639	911035.6661	0.0000	1.0000	0.7712
26pz01	3	49	0	0	1.0000	0.0000	-1.0000	0.2759	NaN	NaN	NaN	911038.3638	911038.7151	0.0000	1.0000	1.5781
26pz01	3	49	0	0	2.0000	0.0000	1.0000	NaN	7.4051	7.4761	16.0581	911040.8197	911041.1219	1.0000	1.0000	3.1562
26pz01	3	50	0	0	1.0000	0.0000	1.0000	0.7412	NaN	NaN	NaN	911046.9429	911047.3542	1.0000	1.0000	0.2993
26pz01	3	50	0	0	2.0000	0.0000	-1.0000	NaN	0.9735	-0.1577	15.7896	911048.2034	911048.5074	1.0000	0.0000	1.4819
