44as04	1	1	1	1	1.0000	1.0000	-1.0000	NaN	7.5820	-8.4771	14.7647	1908328.8729	1908329.1739	0.0000	1.0000	0.1636
44as04	1	1	1	1	2.0000	1.0000	1.0000	0.4462	NaN	NaN	NaN	1908329.9437	1908330.2783	1.0000	1.0000	0.0601
44as04	1	2	1	1	1.0000	1.0000	-1.0000	NaN	2.6409	-4.9469	13.7102	1908332.6667	1908332.9681	0.0000	1.0000	0.1541
44as04	1	2	1	1	2.0000	1.0000	1.0000	0.5789	NaN	NaN	NaN	1908333.7033	1908334.0301	1.0000	1.0000	0.1004
44as04	1	3	1	1	1.0000	1.0000	-1.0000	NaN	0.7674	-1.9472	14.7062	1908336.2065	1908336.5076	0.0000	1.0000	0.1740
44as04	1	3	1	1	2.0000	1.0000	1.0000	0.0043	NaN	NaN	NaN	1908337.2635	1908337.5906	1.0000	1.0000	0.2815
44as04	1	4	1	1	1.0000	1.0000	1.0000	NaN	1.1865	0.3689	14.7398	1908340.1263	1908340.4275	0.0000	0.0000	0.3327
44as04	1	4	1	1	2.0000	1.0000	-1.0000	0.5522	NaN	NaN	NaN	1908341.3521	1908341.6783	0.0000	1.0000	0.2593
44as04	1	5	1	1	1.0000	1.0000	-1.0000	NaN	3.5088	-2.6576	15.4292	1908344.1903	1908344.4913	0.0000	1.0000	0.1735
44as04	1	5	1	1	2.0000	1.0000	1.0000	0.0413	NaN	NaN	NaN	1908345.2556	1908345.5839	0.0000	0.0000	0.3291
44as04	1	6	1	1	1.0000	1.0000	1.0000	NaN	1.5147	1.4063	14.5335	1908348.4657	1908348.7666	1.0000	1.0000	0.2099
44as04	1	6	1	1	2.0000	1.0000	1.0000	0.8390	NaN	NaN	NaN	1908349.5276	1908349.8566	1.0000	1.0000	0.1143
44as04	1	7	1	1	1.0000	1.0000	1.0000	NaN	3.9483	2.8902	14.9794	1908352.4880	1908352.7890	1.0000	1.0000	0.2913
44as04	1	7	1	1	2.0000	1.0000	1.0000	0.0268	NaN	NaN	NaN	1908353.6317	1908353.9590	0.0000	0.0000	0.2273
44as04	1	8	1	1	1.0000	1.0000	1.0000	NaN	6.0479	4.8071	12.0003	1908356.6124	1908356.9134	1.0000	1.0000	0.1909
44as04	1	8	1	1	2.0000	1.0000	1.0000	0.2567	NaN	NaN	NaN	1908357.6660	1908357.9917	1.0000	1.0000	0.4177
44as04	1	9	1	1	1.0000	1.0000	-1.0000	NaN	0.8033	-0.1354	14.7384	1908360.7371	1908361.0381	1.0000	0.0000	0.3396
44as04	1	9	1	1	2.0000	1.0000	-1.0000	0.2345	NaN	NaN	NaN	1908361.9517	1908362.2786	0.0000	1.0000	0.4017
44as04	1	10	1	1	1.0000	1.0000	-1.0000	NaN	2.7150	-2.5164	16.0928	1908364.5999	1908364.9009	1.0000	0.0000	0.5418
44as04	1	10	1	1	2.0000	1.0000	-1.0000	0.4517	NaN	NaN	NaN	1908365.9991	1908366.3275	0.0000	1.0000	1.2589
44as04	1	11	1	1	1.0000	1.0000	1.0000	NaN	3.3421	4.4399	15.0647	1908369.6970	1908369.9979	1.0000	1.0000	0.4122
44as04	1	11	1	1	2.0000	1.0000	1.0000	0.4220	NaN	NaN	NaN	1908371.0074	1908371.3365	1.0000	1.0000	0.3367
44as04	1	12	1	1	1.0000	1.0000	1.0000	NaN	3.6172	5.0314	14.7054	1908374.0423	1908374.3435	1.0000	1.0000	0.7766
44as04	1	12	1	1	2.0000	1.0000	1.0000	0.3091	NaN	NaN	NaN	1908375.7116	1908376.0392	1.0000	1.0000	0.1792
44as04	1	13	1	1	1.0000	1.0000	-1.0000	NaN	0.7880	-0.9936	14.2300	1908378.3033	1908378.6043	0.0000	1.0000	0.6359
44as04	1	13	1	1	2.0000	1.0000	1.0000	0.4537	NaN	NaN	NaN	1908379.8396	1908380.1674	1.0000	1.0000	0.1307
44as04	1	14	1	1	1.0000	1.0000	-1.0000	NaN	1.7323	-0.9946	15.9925	1908382.1409	1908382.4418	1.0000	0.0000	0.6967
44as04	1	14	1	1	2.0000	1.0000	-1.0000	0.0618	NaN	NaN	NaN	1908383.7199	1908384.0467	1.0000	0.0000	0.3935
44as04	1	15	1	1	1.0000	1.0000	1.0000	NaN	1.3096	1.2836	14.8951	1908386.6777	1908386.9787	0.0000	0.0000	1.5574
44as04	1	15	1	1	2.0000	1.0000	-1.0000	0.3483	NaN	NaN	NaN	1908389.1117	1908389.4399	0.0000	1.0000	0.3858
44as04	1	16	1	1	1.0000	1.0000	1.0000	NaN	9.0602	7.5949	16.4143	1908392.0926	1908392.3936	1.0000	1.0000	0.4065
44as04	1	16	1	1	2.0000	1.0000	1.0000	0.0173	NaN	NaN	NaN	1908393.3676	1908393.6962	0.0000	0.0000	0.1921
44as04	1	17	1	1	1.0000	1.0000	-1.0000	NaN	6.7819	-5.9542	13.9018	1908395.9957	1908396.2967	0.0000	1.0000	0.0739
44as04	1	17	1	1	2.0000	1.0000	1.0000	0.4871	NaN	NaN	NaN	1908396.9594	1908397.2894	1.0000	1.0000	0.8948
44as04	1	18	1	1	1.0000	1.0000	-1.0000	NaN	2.9212	-3.2937	14.8617	1908400.3107	1908400.6116	0.0000	1.0000	0.2139
44as04	1	18	1	1	2.0000	1.0000	1.0000	0.5488	NaN	NaN	NaN	1908401.4318	1908401.7568	1.0000	1.0000	0.1155
44as04	1	19	1	1	1.0000	1.0000	1.0000	NaN	2.1791	3.2742	15.4345	1908403.9571	1908404.2581	0.0000	0.0000	1.0140
44as04	1	19	1	1	2.0000	1.0000	-1.0000	0.7492	NaN	NaN	NaN	1908405.8552	1908406.1815	0.0000	1.0000	0.1467
44as04	1	20	1	1	1.0000	1.0000	1.0000	NaN	8.6614	9.2997	14.7640	1908408.5131	1908408.8143	1.0000	1.0000	0.2527
44as04	1	20	1	1	2.0000	1.0000	1.0000	0.8534	NaN	NaN	NaN	1908409.6233	1908409.9501	1.0000	1.0000	0.2280
44as04	1	21	1	1	1.0000	1.0000	1.0000	NaN	0.7492	0.0400	14.9621	1908412.5540	1908412.8550	0.0000	0.0000	0.5953
44as04	1	21	1	1	2.0000	1.0000	-1.0000	0.0025	NaN	NaN	NaN	1908414.0171	1908414.3447	0.0000	1.0000	0.4796
44as04	1	22	1	1	1.0000	1.0000	1.0000	NaN	2.6076	2.9422	15.1435	1908417.1762	1908417.4772	1.0000	1.0000	0.1637
44as04	1	22	1	1	2.0000	1.0000	1.0000	0.2239	NaN	NaN	NaN	1908418.2077	1908418.5346	1.0000	1.0000	0.3394
44as04	1	23	1	1	1.0000	1.0000	-1.0000	NaN	0.5112	-1.5750	15.1354	1908421.1847	1908421.4857	0.0000	1.0000	0.3566
44as04	1	23	1	1	2.0000	1.0000	1.0000	0.6016	NaN	NaN	NaN	1908422.4556	1908422.7833	1.0000	1.0000	0.1232
44as04	1	24	1	1	1.0000	1.0000	-1.0000	NaN	3.8689	-4.1099	14.0969	1908425.1144	1908425.4154	0.0000	1.0000	0.2648
44as04	1	24	1	1	2.0000	1.0000	1.0000	0.5448	NaN	NaN	NaN	1908426.2714	1908426.5991	1.0000	1.0000	0.1552
44as04	1	25	1	1	1.0000	1.0000	1.0000	NaN	0.1545	1.1376	14.6851	1908429.2133	1908429.5143	0.0000	0.0000	0.1997
44as04	1	25	1	1	2.0000	1.0000	-1.0000	0.8034	NaN	NaN	NaN	1908430.3036	1908430.6296	1.0000	0.0000	0.0370
44as04	1	26	1	1	1.0000	1.0000	1.0000	NaN	9.2813	9.3770	15.0396	1908432.5351	1908432.8360	1.0000	1.0000	0.8545
44as04	1	26	1	1	2.0000	1.0000	1.0000	0.3140	NaN	NaN	NaN	1908434.2236	1908434.5508	1.0000	1.0000	0.5135
44as04	1	27	1	1	1.0000	1.0000	-1.0000	NaN	9.2858	-9.0066	14.5029	1908437.4459	1908437.7468	0.0000	1.0000	0.0935
44as04	1	27	1	1	2.0000	1.0000	1.0000	0.2043	NaN	NaN	NaN	1908438.4318	1908438.7592	1.0000	1.0000	0.1451
44as04	1	28	1	1	1.0000	1.0000	-1.0000	NaN	1.2839	-0.8011	14.7798	1908440.9308	1908441.2318	0.0000	1.0000	0.4499
44as04	1	28	1	1	2.0000	1.0000	1.0000	0.3869	NaN	NaN	NaN	1908442.2879	1908442.6161	1.0000	1.0000	0.1540
44as04	1	29	1	1	1.0000	1.0000	1.0000	NaN	2.2153	2.1554	15.5938	1908444.9721	1908445.2731	0.0000	0.0000	0.3934
44as04	1	29	1	1	2.0000	1.0000	-1.0000	0.7767	NaN	NaN	NaN	1908446.2645	1908446.5914	0.0000	1.0000	0.2329
44as04	1	30	1	1	1.0000	1.0000	1.0000	NaN	8.8092	9.1267	15.2670	1908449.0088	1908449.3099	1.0000	1.0000	0.1638
44as04	1	30	1	1	2.0000	1.0000	1.0000	0.7208	NaN	NaN	NaN	1908450.0314	1908450.3587	1.0000	1.0000	0.1455
44as04	1	31	1	1	1.0000	1.0000	1.0000	NaN	5.8701	6.3711	14.9315	1908452.4736	1908452.7746	1.0000	1.0000	0.3477
44as04	1	31	1	1	2.0000	1.0000	1.0000	0.6417	NaN	NaN	NaN	1908453.6556	1908453.9836	1.0000	1.0000	0.3629
44as04	1	32	1	1	1.0000	1.0000	1.0000	NaN	8.0345	8.1166	14.5962	1908456.3239	1908456.6250	1.0000	1.0000	0.2404
44as04	1	32	1	1	2.0000	1.0000	1.0000	0.1425	NaN	NaN	NaN	1908457.4155	1908457.7430	1.0000	1.0000	0.9389
44as04	1	33	1	1	1.0000	1.0000	1.0000	NaN	8.3941	8.7349	14.0682	1908461.1993	1908461.5003	1.0000	1.0000	0.1803
44as04	1	33	1	1	2.0000	1.0000	1.0000	0.6317	NaN	NaN	NaN	1908462.2156	1908462.5433	1.0000	1.0000	0.2096
44as04	1	34	1	1	1.0000	1.0000	1.0000	NaN	8.3623	9.4063	15.3215	1908464.9047	1908465.2057	1.0000	1.0000	0.0848
44as04	1	34	1	1	2.0000	1.0000	1.0000	0.7797	NaN	NaN	NaN	1908465.8471	1908466.1743	1.0000	1.0000	0.1220
44as04	1	35	1	1	1.0000	1.0000	-1.0000	NaN	5.6618	-3.8356	15.5131	1908468.6835	1908468.9845	0.0000	1.0000	0.2498
44as04	1	35	1	1	2.0000	1.0000	1.0000	0.2973	NaN	NaN	NaN	1908469.8241	1908470.1509	1.0000	1.0000	0.5305
44as04	1	36	1	1	1.0000	1.0000	1.0000	NaN	5.8220	5.0179	14.9337	1908472.7656	1908473.0666	1.0000	1.0000	0.1762
44as04	1	36	1	1	2.0000	1.0000	1.0000	0.3691	NaN	NaN	NaN	1908473.7672	1908474.0950	1.0000	1.0000	0.3134
44as04	1	37	1	1	1.0000	1.0000	-1.0000	NaN	2.5454	-2.2920	14.1328	1908476.5189	1908476.8199	1.0000	0.0000	0.1252
44as04	1	37	1	1	2.0000	1.0000	-1.0000	0.2423	NaN	NaN	NaN	1908477.4961	1908477.8238	0.0000	1.0000	0.2404
44as04	1	38	1	1	1.0000	1.0000	1.0000	NaN	8.1567	6.8158	14.1656	1908480.3748	1908480.6758	1.0000	1.0000	0.5422
44as04	1	38	1	1	2.0000	1.0000	1.0000	0.3724	NaN	NaN	NaN	1908481.7519	1908482.0784	1.0000	1.0000	0.3148
44as04	1	39	1	1	1.0000	1.0000	1.0000	NaN	9.1132	10.3824	15.6929	1908484.6529	1908484.9539	1.0000	1.0000	0.1265
44as04	1	39	1	1	2.0000	1.0000	1.0000	0.7129	NaN	NaN	NaN	1908485.6154	1908485.9424	0.0000	0.0000	0.2039
44as04	1	40	1	1	1.0000	1.0000	-1.0000	NaN	2.7776	-4.4616	15.0743	1908488.4454	1908488.7469	0.0000	1.0000	0.1194
44as04	1	40	1	1	2.0000	1.0000	1.0000	0.5597	NaN	NaN	NaN	1908489.4635	1908489.7914	1.0000	1.0000	0.1448
44as04	1	41	1	1	1.0000	1.0000	1.0000	NaN	4.4842	3.4426	16.5487	1908492.1902	1908492.4912	1.0000	1.0000	0.4476
44as04	1	41	1	1	2.0000	1.0000	1.0000	0.6434	NaN	NaN	NaN	1908493.4959	1908493.8234	1.0000	1.0000	0.2169
44as04	1	42	1	1	1.0000	1.0000	1.0000	NaN	5.5033	7.4544	13.9177	1908496.3035	1908496.6044	1.0000	1.0000	0.2616
44as04	1	42	1	1	2.0000	1.0000	1.0000	0.0378	NaN	NaN	NaN	1908497.4076	1908497.7352	0.0000	0.0000	0.4268
44as04	1	43	1	1	1.0000	1.0000	-1.0000	NaN	3.6650	-2.4617	17.1675	1908500.4627	1908500.7638	0.0000	1.0000	0.0860
44as04	1	43	1	1	2.0000	1.0000	1.0000	0.1019	NaN	NaN	NaN	1908501.4236	1908501.7536	1.0000	1.0000	0.2165
44as04	1	44	1	1	1.0000	1.0000	-1.0000	NaN	3.9179	-4.4270	15.7115	1908504.1612	1908504.4623	0.0000	1.0000	0.3069
44as04	1	44	1	1	2.0000	1.0000	1.0000	0.1375	NaN	NaN	NaN	1908505.3676	1908505.6941	1.0000	1.0000	1.8118
44as04	1	45	1	1	1.0000	1.0000	-1.0000	NaN	6.7800	-5.7491	13.9889	1908509.5742	1908509.8751	0.0000	1.0000	0.3030
44as04	1	45	1	1	2.0000	1.0000	1.0000	0.6409	NaN	NaN	NaN	1908510.7678	1908511.0949	1.0000	1.0000	0.6105
44as04	1	46	1	1	1.0000	1.0000	1.0000	NaN	8.8062	9.9959	15.6088	1908514.2656	1908514.5666	1.0000	1.0000	0.1959
44as04	1	46	1	1	2.0000	1.0000	1.0000	0.7563	NaN	NaN	NaN	1908515.3118	1908515.6384	1.0000	1.0000	0.6740
44as04	1	47	1	1	1.0000	1.0000	-1.0000	NaN	4.4307	-2.7187	14.6919	1908518.3493	1908518.6504	0.0000	1.0000	0.4618
44as04	1	47	1	1	2.0000	1.0000	1.0000	0.2656	NaN	NaN	NaN	1908519.6558	1908519.9828	1.0000	1.0000	0.2994
44as04	1	48	1	1	1.0000	1.0000	-1.0000	NaN	8.2185	-9.2100	15.3642	1908522.2747	1908522.5757	0.0000	1.0000	0.2486
44as04	1	48	1	1	2.0000	1.0000	1.0000	0.1482	NaN	NaN	NaN	1908523.3595	1908523.6870	1.0000	1.0000	0.3133
44as04	1	49	1	1	1.0000	1.0000	-1.0000	NaN	9.1881	-7.2745	14.9738	1908526.4451	1908526.7460	0.0000	1.0000	0.2886
44as04	1	49	1	1	2.0000	1.0000	1.0000	0.5946	NaN	NaN	NaN	1908527.5676	1908527.8950	0.0000	0.0000	0.7054
44as04	1	50	1	1	1.0000	1.0000	-1.0000	NaN	1.3683	-2.0043	15.2608	1908530.4544	1908530.7553	0.0000	1.0000	0.0373
44as04	1	50	1	1	2.0000	1.0000	1.0000	0.5581	NaN	NaN	NaN	1908531.3037	1908531.6308	1.0000	1.0000	0.1552
44as04	2	1	1	1	1.0000	1.0000	-1.0000	NaN	8.1898	-8.3707	14.9549	1908542.9172	1908543.2183	0.0000	1.0000	0.1981
44as04	2	1	1	1	2.0000	1.0000	1.0000	0.5277	NaN	NaN	NaN	1908543.9998	1908544.3277	1.0000	1.0000	0.2508
44as04	2	2	1	1	1.0000	1.0000	1.0000	NaN	1.0081	0.2317	15.3894	1908546.9550	1908547.2560	0.0000	0.0000	0.3459
44as04	2	2	1	1	2.0000	1.0000	-1.0000	0.5509	NaN	NaN	NaN	1908548.1596	1908548.4869	0.0000	1.0000	0.2271
44as04	2	3	1	1	1.0000	1.0000	1.0000	NaN	8.8268	9.3546	14.3616	1908550.8830	1908551.1843	1.0000	1.0000	0.2407
44as04	2	3	1	1	2.0000	1.0000	1.0000	0.6871	NaN	NaN	NaN	1908551.9756	1908552.3044	1.0000	1.0000	0.1280
44as04	2	4	1	1	1.0000	1.0000	1.0000	NaN	8.9794	7.8818	15.1916	1908554.9514	1908555.2524	1.0000	1.0000	0.3480
44as04	2	4	1	1	2.0000	1.0000	1.0000	0.3092	NaN	NaN	NaN	1908556.1911	1908556.5173	1.0000	1.0000	0.1413
44as04	2	5	1	1	1.0000	1.0000	-1.0000	NaN	3.2201	-3.1745	16.6648	1908558.7264	1908559.0274	0.0000	1.0000	0.4701
44as04	2	5	1	1	2.0000	1.0000	1.0000	0.0979	NaN	NaN	NaN	1908560.0796	1908560.4065	1.0000	1.0000	0.1238
44as04	2	6	1	1	1.0000	1.0000	-1.0000	NaN	5.1386	-4.7481	15.6674	1908562.7810	1908563.0820	0.0000	1.0000	0.1204
44as04	2	6	1	1	2.0000	1.0000	1.0000	0.1224	NaN	NaN	NaN	1908563.7680	1908564.0950	0.0000	0.0000	0.3533
44as04	2	7	1	1	1.0000	1.0000	1.0000	NaN	0.3706	0.3016	15.5404	1908566.3464	1908566.6474	1.0000	1.0000	0.1069
44as04	2	7	1	1	2.0000	1.0000	1.0000	0.5382	NaN	NaN	NaN	1908567.2956	1908567.6223	1.0000	1.0000	0.2111
44as04	2	8	1	1	1.0000	1.0000	-1.0000	NaN	1.0851	-1.0683	15.8464	1908570.2778	1908570.5789	1.0000	0.0000	0.6710
44as04	2	8	1	1	2.0000	1.0000	-1.0000	0.3892	NaN	NaN	NaN	1908571.8240	1908572.1503	0.0000	1.0000	0.1485
44as04	2	9	1	1	1.0000	1.0000	1.0000	NaN	1.0314	3.0504	16.8544	1908574.3578	1908574.6588	1.0000	1.0000	0.1736
44as04	2	9	1	1	2.0000	1.0000	1.0000	0.3031	NaN	NaN	NaN	1908575.4159	1908575.7440	0.0000	0.0000	0.2257
44as04	2	10	1	1	1.0000	1.0000	1.0000	NaN	5.8770	6.7281	13.0545	1908578.4273	1908578.7283	1.0000	1.0000	0.1680
44as04	2	10	1	1	2.0000	1.0000	1.0000	0.2874	NaN	NaN	NaN	1908579.4561	1908579.7836	1.0000	1.0000	0.5687
44as04	2	11	1	1	1.0000	1.0000	1.0000	NaN	7.3554	8.5916	15.0828	1908582.5479	1908582.8489	1.0000	1.0000	0.2335
44as04	2	11	1	1	2.0000	1.0000	1.0000	0.1423	NaN	NaN	NaN	1908583.6319	1908583.9583	1.0000	1.0000	0.3173
44as04	2	12	1	1	1.0000	1.0000	-1.0000	NaN	5.4115	-5.3061	14.9285	1908586.4836	1908586.7846	0.0000	1.0000	0.1118
44as04	2	12	1	1	2.0000	1.0000	1.0000	0.8473	NaN	NaN	NaN	1908587.4471	1908587.7751	1.0000	1.0000	0.1314
44as04	2	13	1	1	1.0000	1.0000	-1.0000	NaN	9.2052	-10.4258	15.1660	1908590.1072	1908590.4082	0.0000	1.0000	0.1702
44as04	2	13	1	1	2.0000	1.0000	1.0000	0.2253	NaN	NaN	NaN	1908591.1355	1908591.4637	1.0000	1.0000	0.0165
44as04	2	14	1	1	1.0000	1.0000	-1.0000	NaN	6.3804	-6.6251	15.3666	1908593.6329	1908593.9339	0.0000	1.0000	0.1797
44as04	2	14	1	1	2.0000	1.0000	1.0000	0.1050	NaN	NaN	NaN	1908594.6794	1908595.0065	1.0000	1.0000	0.4839
44as04	2	15	1	1	1.0000	1.0000	1.0000	NaN	8.4018	9.2405	15.1195	1908597.3245	1908597.6255	1.0000	1.0000	0.1361
44as04	2	15	1	1	2.0000	1.0000	1.0000	0.3477	NaN	NaN	NaN	1908598.3119	1908598.6385	1.0000	1.0000	0.3623
44as04	2	16	1	1	1.0000	1.0000	-1.0000	NaN	7.1026	-7.4539	14.5630	1908600.8454	1908601.1471	0.0000	1.0000	0.1733
44as04	2	16	1	1	2.0000	1.0000	1.0000	0.1016	NaN	NaN	NaN	1908601.8797	1908602.2080	1.0000	1.0000	0.2003
44as04	2	17	1	1	1.0000	1.0000	1.0000	NaN	0.6996	1.8979	14.8391	1908604.5674	1908604.8684	1.0000	1.0000	0.8858
44as04	2	17	1	1	2.0000	1.0000	1.0000	0.2049	NaN	NaN	NaN	1908606.3116	1908606.6395	1.0000	1.0000	0.8103
44as04	2	18	1	1	1.0000	1.0000	-1.0000	NaN	0.7284	-0.0980	14.3198	1908609.6438	1908609.9448	1.0000	0.0000	0.7044
44as04	2	18	1	1	2.0000	1.0000	-1.0000	0.2877	NaN	NaN	NaN	1908611.2238	1908611.5512	1.0000	0.0000	0.5783
44as04	2	19	1	1	1.0000	1.0000	-1.0000	NaN	4.5332	-5.4068	13.9523	1908614.5202	1908614.8213	0.0000	1.0000	0.0591
44as04	2	19	1	1	2.0000	1.0000	1.0000	0.7189	NaN	NaN	NaN	1908615.4559	1908615.7852	1.0000	1.0000	0.0406
44as04	2	20	1	1	1.0000	1.0000	1.0000	NaN	4.1095	5.8560	15.5223	1908617.9600	1908618.2610	1.0000	1.0000	0.1815
44as04	2	20	1	1	2.0000	1.0000	1.0000	0.0294	NaN	NaN	NaN	1908619.0072	1908619.3333	1.0000	1.0000	1.1569
44as04	2	21	1	1	1.0000	1.0000	-1.0000	NaN	1.6695	-0.5495	15.5244	1908622.6666	1908622.9676	1.0000	0.0000	0.1232
44as04	2	21	1	1	2.0000	1.0000	-1.0000	0.4582	NaN	NaN	NaN	1908623.6878	1908624.0151	1.0000	0.0000	0.2412
44as04	2	22	1	1	1.0000	1.0000	-1.0000	NaN	0.9584	-0.3034	15.3300	1908626.4338	1908626.7348	1.0000	0.0000	0.0422
44as04	2	22	1	1	2.0000	1.0000	-1.0000	0.5368	NaN	NaN	NaN	1908627.3513	1908627.6784	0.0000	1.0000	0.2501
44as04	2	23	1	1	1.0000	1.0000	1.0000	NaN	0.5958	3.2245	16.8958	1908630.0650	1908630.3660	1.0000	1.0000	0.3733
44as04	2	23	1	1	2.0000	1.0000	1.0000	0.4662	NaN	NaN	NaN	1908631.3037	1908631.6316	1.0000	1.0000	0.2009
44as04	2	24	1	1	1.0000	1.0000	1.0000	NaN	1.5385	0.0187	14.1609	1908633.7756	1908634.0768	0.0000	0.0000	0.2703
44as04	2	24	1	1	2.0000	1.0000	-1.0000	0.5938	NaN	NaN	NaN	1908634.9429	1908635.2708	0.0000	1.0000	0.1796
44as04	2	25	1	1	1.0000	1.0000	1.0000	NaN	6.1577	6.9668	15.5510	1908637.3264	1908637.6274	1.0000	1.0000	0.1747
44as04	2	25	1	1	2.0000	1.0000	1.0000	0.4388	NaN	NaN	NaN	1908638.3682	1908638.6948	1.0000	1.0000	0.1456
44as04	2	26	1	1	1.0000	1.0000	-1.0000	NaN	3.2057	-2.4718	15.3959	1908641.2618	1908641.5628	0.0000	1.0000	0.2478
44as04	2	26	1	1	2.0000	1.0000	1.0000	0.3391	NaN	NaN	NaN	1908642.4236	1908642.7514	1.0000	1.0000	0.2993
44as04	2	27	1	1	1.0000	1.0000	-1.0000	NaN	1.5690	-1.2956	16.0280	1908645.6078	1908645.9088	0.0000	1.0000	0.4754
44as04	2	27	1	1	2.0000	1.0000	1.0000	0.2671	NaN	NaN	NaN	1908646.9597	1908647.2886	1.0000	1.0000	0.1686
44as04	2	28	1	1	1.0000	1.0000	-1.0000	NaN	8.4181	-7.1924	14.9461	1908649.6830	1908649.9840	0.0000	1.0000	0.1204
44as04	2	28	1	1	2.0000	1.0000	1.0000	0.1053	NaN	NaN	NaN	1908650.6640	1908650.9917	1.0000	1.0000	0.0504
44as04	2	29	1	1	1.0000	1.0000	-1.0000	NaN	4.2487	-2.8587	14.8079	1908653.3437	1908653.6447	0.0000	1.0000	0.1797
44as04	2	29	1	1	2.0000	1.0000	1.0000	0.8209	NaN	NaN	NaN	1908654.3998	1908654.7291	1.0000	1.0000	0.0896
44as04	2	30	1	1	1.0000	1.0000	-1.0000	NaN	7.7922	-8.3363	14.7950	1908657.0517	1908657.3527	0.0000	1.0000	0.1295
44as04	2	30	1	1	2.0000	1.0000	1.0000	0.3933	NaN	NaN	NaN	1908658.0798	1908658.4068	1.0000	1.0000	0.0669
44as04	2	31	1	1	1.0000	1.0000	1.0000	NaN	6.3649	5.9146	15.4067	1908660.7167	1908661.0177	1.0000	1.0000	0.3917
44as04	2	31	1	1	2.0000	1.0000	1.0000	0.2319	NaN	NaN	NaN	1908661.9519	1908662.2776	1.0000	1.0000	0.4213
44as04	2	32	1	1	1.0000	1.0000	1.0000	NaN	2.5535	1.3668	15.1565	1908664.9911	1908665.2921	0.0000	0.0000	0.2763
44as04	2	32	1	1	2.0000	1.0000	-1.0000	0.2868	NaN	NaN	NaN	1908666.1674	1908666.4952	1.0000	0.0000	0.0901
44as04	2	33	1	1	1.0000	1.0000	1.0000	NaN	8.1671	9.2031	15.4604	1908669.0188	1908669.3198	1.0000	1.0000	0.3385
44as04	2	33	1	1	2.0000	1.0000	1.0000	0.1432	NaN	NaN	NaN	1908670.2075	1908670.5357	0.0000	0.0000	0.2811
44as04	2	34	1	1	1.0000	1.0000	-1.0000	NaN	4.8078	-3.7601	15.5763	1908672.9298	1908673.2308	0.0000	1.0000	0.3147
44as04	2	34	1	1	2.0000	1.0000	1.0000	0.8158	NaN	NaN	NaN	1908674.1198	1908674.4460	1.0000	1.0000	0.1161
44as04	2	35	1	1	1.0000	1.0000	-1.0000	NaN	2.3824	-1.6718	14.9732	1908676.4883	1908676.7893	1.0000	0.0000	0.3255
44as04	2	35	1	1	2.0000	1.0000	-1.0000	0.4420	NaN	NaN	NaN	1908677.6715	1908677.9979	0.0000	1.0000	0.0584
44as04	2	36	1	1	1.0000	1.0000	1.0000	NaN	1.6034	2.2949	14.6019	1908680.3756	1908680.6773	1.0000	1.0000	0.2031
44as04	2	36	1	1	2.0000	1.0000	1.0000	0.7905	NaN	NaN	NaN	1908681.4555	1908681.7822	1.0000	1.0000	0.1067
44as04	2	37	1	1	1.0000	1.0000	1.0000	NaN	7.0584	6.6919	15.7577	1908684.2247	1908684.5257	1.0000	1.0000	0.1466
44as04	2	37	1	1	2.0000	1.0000	1.0000	0.6896	NaN	NaN	NaN	1908685.2404	1908685.5678	1.0000	1.0000	0.0724
44as04	2	38	1	1	1.0000	1.0000	1.0000	NaN	6.3994	8.1205	14.6103	1908687.6256	1908687.9266	1.0000	1.0000	0.2350
44as04	2	38	1	1	2.0000	1.0000	1.0000	0.0554	NaN	NaN	NaN	1908688.7440	1908689.0708	1.0000	1.0000	0.0913
44as04	2	39	1	1	1.0000	1.0000	1.0000	NaN	2.1732	1.6796	15.9149	1908691.3798	1908691.6808	1.0000	1.0000	0.1699
44as04	2	39	1	1	2.0000	1.0000	1.0000	0.2058	NaN	NaN	NaN	1908692.4402	1908692.7652	1.0000	1.0000	0.0454
44as04	2	40	1	1	1.0000	1.0000	-1.0000	NaN	7.5844	-8.8990	14.7450	1908695.0771	1908695.3780	0.0000	1.0000	0.2063
44as04	2	40	1	1	2.0000	1.0000	1.0000	0.2740	NaN	NaN	NaN	1908696.1516	1908696.4781	1.0000	1.0000	0.1800
44as04	2	41	1	1	1.0000	1.0000	-1.0000	NaN	7.4667	-6.6079	15.0285	1908698.7254	1908699.0264	0.0000	1.0000	0.4484
44as04	2	41	1	1	2.0000	1.0000	1.0000	0.0182	NaN	NaN	NaN	1908700.0238	1908700.3521	1.0000	1.0000	0.1063
44as04	2	42	1	1	1.0000	1.0000	1.0000	NaN	2.9412	3.6958	16.0929	1908702.4315	1908702.7326	1.0000	1.0000	0.2364
44as04	2	42	1	1	2.0000	1.0000	1.0000	0.7365	NaN	NaN	NaN	1908703.5755	1908703.9030	1.0000	1.0000	0.1222
44as04	2	43	1	1	1.0000	1.0000	1.0000	NaN	2.5649	1.3752	16.8633	1908706.2270	1908706.5280	1.0000	1.0000	0.2004
44as04	2	43	1	1	2.0000	1.0000	1.0000	0.2003	NaN	NaN	NaN	1908707.2713	1908707.5995	1.0000	1.0000	0.1869
44as04	2	44	1	1	1.0000	1.0000	1.0000	NaN	2.7060	1.7642	15.5683	1908709.9717	1908710.2728	1.0000	1.0000	0.0657
44as04	2	44	1	1	2.0000	1.0000	1.0000	0.5231	NaN	NaN	NaN	1908710.9355	1908711.2620	1.0000	1.0000	0.0664
44as04	2	45	1	1	1.0000	1.0000	-1.0000	NaN	8.5238	-8.8833	15.0985	1908713.5372	1908713.8381	1.0000	0.0000	0.1323
44as04	2	45	1	1	2.0000	1.0000	-1.0000	0.7579	NaN	NaN	NaN	1908714.5762	1908714.9032	0.0000	1.0000	0.1211
44as04	2	46	1	1	1.0000	1.0000	-1.0000	NaN	1.0828	-2.9559	17.9079	1908717.4265	1908717.7275	0.0000	1.0000	0.2008
44as04	2	46	1	1	2.0000	1.0000	1.0000	0.6203	NaN	NaN	NaN	1908718.5281	1908718.8558	1.0000	1.0000	0.2506
44as04	2	47	1	1	1.0000	1.0000	1.0000	NaN	3.0485	3.3507	15.0435	1908721.2497	1908721.5507	0.0000	0.0000	0.5475
44as04	2	47	1	1	2.0000	1.0000	-1.0000	0.8285	NaN	NaN	NaN	1908722.7196	1908723.0489	0.0000	1.0000	0.1353
44as04	2	48	1	1	1.0000	1.0000	1.0000	NaN	5.6791	3.5695	14.0149	1908725.6795	1908725.9808	1.0000	1.0000	0.4917
44as04	2	48	1	1	2.0000	1.0000	1.0000	0.0975	NaN	NaN	NaN	1908727.0558	1908727.3820	1.0000	1.0000	0.3568
44as04	2	49	1	1	1.0000	1.0000	1.0000	NaN	6.9183	5.3909	14.7863	1908729.6729	1908729.9740	1.0000	1.0000	0.4744
44as04	2	49	1	1	2.0000	1.0000	1.0000	0.3588	NaN	NaN	NaN	1908731.0159	1908731.3430	1.0000	1.0000	0.1773
44as04	2	50	1	1	1.0000	1.0000	1.0000	NaN	8.9138	7.4506	13.3976	1908733.7321	1908734.0331	1.0000	1.0000	0.1993
44as04	2	50	1	1	2.0000	1.0000	1.0000	0.6293	NaN	NaN	NaN	1908734.7917	1908735.1203	1.0000	1.0000	0.1920
44as04	3	1	1	1	1.0000	1.0000	1.0000	NaN	0.3548	1.0355	15.6491	1908787.0041	1908787.3051	0.0000	0.0000	0.7194
44as04	3	1	1	1	2.0000	1.0000	-1.0000	0.1891	NaN	NaN	NaN	1908788.5998	1908788.9290	0.0000	1.0000	0.2965
44as04	3	2	1	1	1.0000	1.0000	1.0000	NaN	5.2122	6.1450	15.3395	1908791.4935	1908791.7946	1.0000	1.0000	0.1514
44as04	3	2	1	1	2.0000	1.0000	1.0000	0.3659	NaN	NaN	NaN	1908792.5119	1908792.8396	1.0000	1.0000	0.2344
44as04	3	3	1	1	1.0000	1.0000	-1.0000	NaN	9.2239	-9.4299	15.5054	1908795.4851	1908795.7861	0.0000	1.0000	0.1607
44as04	3	3	1	1	2.0000	1.0000	1.0000	0.6138	NaN	NaN	NaN	1908796.5435	1908796.8703	1.0000	1.0000	0.1241
44as04	3	4	1	1	1.0000	1.0000	1.0000	NaN	6.6865	6.5916	15.6168	1908799.3638	1908799.6648	1.0000	1.0000	0.1216
44as04	3	4	1	1	2.0000	1.0000	1.0000	0.5470	NaN	NaN	NaN	1908800.3278	1908800.6566	1.0000	1.0000	0.0879
44as04	3	5	1	1	1.0000	1.0000	-1.0000	NaN	2.1744	-3.8004	15.0416	1908803.0480	1908803.3493	0.0000	1.0000	0.1406
44as04	3	5	1	1	2.0000	1.0000	1.0000	0.6002	NaN	NaN	NaN	1908803.9524	1908804.2812	1.0000	1.0000	0.0414
44as04	3	6	1	1	1.0000	1.0000	1.0000	NaN	9.0840	8.9655	15.6919	1908806.5319	1908806.8329	1.0000	1.0000	0.1448
44as04	3	6	1	1	2.0000	1.0000	1.0000	0.2546	NaN	NaN	NaN	1908807.5281	1908807.8553	0.0000	0.0000	0.2412
44as04	3	7	1	1	1.0000	1.0000	1.0000	NaN	7.6080	7.4988	15.5347	1908810.2113	1908810.5122	1.0000	1.0000	0.0345
44as04	3	7	1	1	2.0000	1.0000	1.0000	0.3788	NaN	NaN	NaN	1908811.1115	1908811.4375	1.0000	1.0000	0.2909
44as04	3	8	1	1	1.0000	1.0000	-1.0000	NaN	7.2816	-8.6452	12.8737	1908813.9903	1908814.2913	0.0000	1.0000	0.1514
44as04	3	8	1	1	2.0000	1.0000	1.0000	0.2911	NaN	NaN	NaN	1908814.9756	1908815.3027	1.0000	1.0000	0.0197
44as04	3	9	1	1	1.0000	1.0000	1.0000	NaN	2.0504	2.4235	14.0103	1908817.7400	1908818.0411	1.0000	1.0000	0.3683
44as04	3	9	1	1	2.0000	1.0000	1.0000	0.7840	NaN	NaN	NaN	1908818.9758	1908819.3038	1.0000	1.0000	0.1605
44as04	3	10	1	1	1.0000	1.0000	1.0000	NaN	0.6851	1.3863	14.6453	1908821.6890	1908821.9900	0.0000	0.0000	0.3784
44as04	3	10	1	1	2.0000	1.0000	-1.0000	0.2955	NaN	NaN	NaN	1908822.9121	1908823.2383	1.0000	0.0000	0.2924
44as04	3	11	1	1	1.0000	1.0000	-1.0000	NaN	4.5898	-5.7656	14.3097	1908825.8130	1908826.1140	0.0000	1.0000	0.1346
44as04	3	11	1	1	2.0000	1.0000	1.0000	0.8591	NaN	NaN	NaN	1908826.8320	1908827.1587	1.0000	1.0000	0.0897
44as04	3	12	1	1	1.0000	1.0000	1.0000	NaN	7.2962	7.1133	13.6823	1908829.7436	1908830.0446	1.0000	1.0000	0.6121
44as04	3	12	1	1	2.0000	1.0000	1.0000	0.7982	NaN	NaN	NaN	1908831.2160	1908831.5453	1.0000	1.0000	0.3351
44as04	3	13	1	1	1.0000	1.0000	1.0000	NaN	3.5654	3.4066	15.1032	1908833.8913	1908834.1923	1.0000	1.0000	0.1936
44as04	3	13	1	1	2.0000	1.0000	1.0000	0.4959	NaN	NaN	NaN	1908834.9280	1908835.2589	1.0000	1.0000	0.1278
44as04	3	14	1	1	1.0000	1.0000	-1.0000	NaN	1.0981	-0.4565	14.2412	1908837.2611	1908837.5622	1.0000	0.0000	0.1663
44as04	3	14	1	1	2.0000	1.0000	-1.0000	0.3627	NaN	NaN	NaN	1908838.2796	1908838.6066	1.0000	0.0000	0.1698
44as04	3	15	1	1	1.0000	1.0000	1.0000	NaN	8.6651	8.9852	14.9923	1908841.1139	1908841.4151	1.0000	1.0000	0.1452
44as04	3	15	1	1	2.0000	1.0000	1.0000	0.4757	NaN	NaN	NaN	1908842.1279	1908842.4535	0.0000	0.0000	0.1254
44as04	3	16	1	1	1.0000	1.0000	-1.0000	NaN	1.9877	-2.8977	15.3170	1908844.4641	1908844.7651	0.0000	1.0000	0.7561
44as04	3	16	1	1	2.0000	1.0000	1.0000	0.5106	NaN	NaN	NaN	1908846.1125	1908846.4397	1.0000	1.0000	0.0727
44as04	3	17	1	1	1.0000	1.0000	-1.0000	NaN	4.3415	-4.1698	16.2115	1908848.7401	1908849.0412	0.0000	1.0000	0.1992
44as04	3	17	1	1	2.0000	1.0000	1.0000	0.7944	NaN	NaN	NaN	1908849.7918	1908850.1181	1.0000	1.0000	0.0584
44as04	3	18	1	1	1.0000	1.0000	-1.0000	NaN	3.5094	-2.8718	15.4464	1908852.3041	1908852.6054	0.0000	1.0000	0.2433
44as04	3	18	1	1	2.0000	1.0000	1.0000	0.4070	NaN	NaN	NaN	1908853.4469	1908853.7775	1.0000	1.0000	0.0628
44as04	3	19	1	1	1.0000	1.0000	-1.0000	NaN	6.3646	-7.7029	14.3591	1908856.0254	1908856.3264	0.0000	1.0000	0.2029
44as04	3	19	1	1	2.0000	1.0000	1.0000	0.7910	NaN	NaN	NaN	1908857.1114	1908857.4404	1.0000	1.0000	0.0961
44as04	3	20	1	1	1.0000	1.0000	1.0000	NaN	8.9014	12.2041	13.6692	1908859.9048	1908860.2059	1.0000	1.0000	0.2288
44as04	3	20	1	1	2.0000	1.0000	1.0000	0.3297	NaN	NaN	NaN	1908861.0154	1908861.3436	0.0000	0.0000	0.3608
44as04	3	21	1	1	1.0000	1.0000	1.0000	NaN	3.7278	5.7191	14.3550	1908864.0685	1908864.3695	1.0000	1.0000	0.1129
44as04	3	21	1	1	2.0000	1.0000	1.0000	0.6338	NaN	NaN	NaN	1908865.0400	1908865.3682	1.0000	1.0000	0.2415
44as04	3	22	1	1	1.0000	1.0000	1.0000	NaN	2.7102	4.5588	14.9890	1908867.6272	1908867.9284	1.0000	1.0000	0.2326
44as04	3	22	1	1	2.0000	1.0000	1.0000	0.5310	NaN	NaN	NaN	1908868.7115	1908869.0398	1.0000	1.0000	0.1448
44as04	3	23	1	1	1.0000	1.0000	1.0000	NaN	5.1124	5.3889	13.5384	1908871.7624	1908872.0633	1.0000	1.0000	0.1797
44as04	3	23	1	1	2.0000	1.0000	1.0000	0.3521	NaN	NaN	NaN	1908872.8239	1908873.1511	1.0000	1.0000	0.1875
44as04	3	24	1	1	1.0000	1.0000	1.0000	NaN	5.0875	6.0941	15.1231	1908875.5132	1908875.8142	1.0000	1.0000	0.1001
44as04	3	24	1	1	2.0000	1.0000	1.0000	0.5321	NaN	NaN	NaN	1908876.4870	1908876.8140	1.0000	1.0000	0.1561
44as04	3	25	1	1	1.0000	1.0000	1.0000	NaN	4.3030	4.3402	15.2855	1908879.2626	1908879.5636	1.0000	1.0000	0.1187
44as04	3	25	1	1	2.0000	1.0000	1.0000	0.5139	NaN	NaN	NaN	1908880.2556	1908880.5838	1.0000	1.0000	0.1622
44as04	3	26	1	1	1.0000	1.0000	1.0000	NaN	8.2956	8.9606	13.1165	1908882.7387	1908883.0397	1.0000	1.0000	0.2510
44as04	3	26	1	1	2.0000	1.0000	1.0000	0.8191	NaN	NaN	NaN	1908883.8638	1908884.1902	1.0000	1.0000	0.2921
44as04	3	27	1	1	1.0000	1.0000	-1.0000	NaN	9.1544	-8.4779	14.4463	1908886.4914	1908886.7924	0.0000	1.0000	0.1857
44as04	3	27	1	1	2.0000	1.0000	1.0000	0.8634	NaN	NaN	NaN	1908887.5358	1908887.8613	1.0000	1.0000	0.1174
44as04	3	28	1	1	1.0000	1.0000	1.0000	NaN	1.6180	2.0621	14.4428	1908889.9355	1908890.2366	1.0000	1.0000	0.1479
44as04	3	28	1	1	2.0000	1.0000	1.0000	0.0354	NaN	NaN	NaN	1908890.9599	1908891.2868	1.0000	1.0000	0.2505
44as04	3	29	1	1	1.0000	1.0000	-1.0000	NaN	6.9413	-4.7981	15.1628	1908893.4797	1908893.7807	0.0000	1.0000	0.1339
44as04	3	29	1	1	2.0000	1.0000	1.0000	0.8526	NaN	NaN	NaN	1908894.4880	1908894.8141	1.0000	1.0000	0.0686
44as04	3	30	1	1	1.0000	1.0000	-1.0000	NaN	6.9087	-4.4275	16.4107	1908896.7491	1908897.0502	0.0000	1.0000	0.1743
44as04	3	30	1	1	2.0000	1.0000	1.0000	0.4459	NaN	NaN	NaN	1908897.8075	1908898.1354	1.0000	1.0000	0.3306
44as04	3	31	1	1	1.0000	1.0000	1.0000	NaN	8.5235	7.8988	14.3142	1908900.7754	1908901.0764	1.0000	1.0000	0.2944
44as04	3	31	1	1	2.0000	1.0000	1.0000	0.5782	NaN	NaN	NaN	1908901.9357	1908902.2633	1.0000	1.0000	0.2346
44as04	3	32	1	1	1.0000	1.0000	-1.0000	NaN	3.8997	-3.6087	14.2459	1908904.8503	1908905.1513	0.0000	1.0000	0.2195
44as04	3	32	1	1	2.0000	1.0000	1.0000	0.6650	NaN	NaN	NaN	1908905.9596	1908906.2878	1.0000	1.0000	0.1307
44as04	3	33	1	1	1.0000	1.0000	1.0000	NaN	5.8009	6.3369	15.3413	1908908.7088	1908909.0098	1.0000	1.0000	0.2405
44as04	3	33	1	1	2.0000	1.0000	1.0000	0.6882	NaN	NaN	NaN	1908909.7992	1908910.1272	1.0000	1.0000	0.2262
44as04	3	34	1	1	1.0000	1.0000	-1.0000	NaN	2.3685	-2.0747	15.6418	1908912.2724	1908912.5734	1.0000	0.0000	0.5648
44as04	3	34	1	1	2.0000	1.0000	-1.0000	0.5546	NaN	NaN	NaN	1908913.6877	1908914.0157	0.0000	1.0000	0.1704
44as04	3	35	1	1	1.0000	1.0000	1.0000	NaN	5.1891	4.2914	14.3124	1908916.4449	1908916.7459	1.0000	1.0000	0.2409
44as04	3	35	1	1	2.0000	1.0000	1.0000	0.3017	NaN	NaN	NaN	1908917.5518	1908917.8804	1.0000	1.0000	0.1849
44as04	3	36	1	1	1.0000	1.0000	-1.0000	NaN	6.6496	-5.8691	15.6366	1908920.0342	1908920.3351	0.0000	1.0000	0.1947
44as04	3	36	1	1	2.0000	1.0000	1.0000	0.0228	NaN	NaN	NaN	1908921.0963	1908921.4242	1.0000	1.0000	0.3447
44as04	3	37	1	1	1.0000	1.0000	1.0000	NaN	4.2474	4.9885	13.2418	1908924.2125	1908924.5135	1.0000	1.0000	0.3372
44as04	3	37	1	1	2.0000	1.0000	1.0000	0.6232	NaN	NaN	NaN	1908925.3915	1908925.7181	1.0000	1.0000	0.1558
44as04	3	38	1	1	1.0000	1.0000	1.0000	NaN	9.2908	10.2322	16.1874	1908927.8590	1908928.1599	1.0000	1.0000	0.1765
44as04	3	38	1	1	2.0000	1.0000	1.0000	0.2685	NaN	NaN	NaN	1908928.8878	1908929.2145	1.0000	1.0000	0.2515
44as04	3	39	1	1	1.0000	1.0000	-1.0000	NaN	2.5801	-3.4245	14.5552	1908931.9009	1908932.2019	1.0000	0.0000	0.5683
44as04	3	39	1	1	2.0000	1.0000	-1.0000	0.2107	NaN	NaN	NaN	1908933.3515	1908933.6786	1.0000	0.0000	0.2338
44as04	3	40	1	1	1.0000	1.0000	-1.0000	NaN	7.6751	-7.8479	15.3605	1908936.2236	1908936.5247	0.0000	1.0000	0.1398
44as04	3	40	1	1	2.0000	1.0000	1.0000	0.5665	NaN	NaN	NaN	1908937.2478	1908937.5760	1.0000	1.0000	0.0260
44as04	3	41	1	1	1.0000	1.0000	-1.0000	NaN	6.8069	-6.2675	13.7161	1908939.6951	1908939.9961	0.0000	1.0000	0.1817
44as04	3	41	1	1	2.0000	1.0000	1.0000	0.0874	NaN	NaN	NaN	1908940.7197	1908941.0465	1.0000	1.0000	0.1644
44as04	3	42	1	1	1.0000	1.0000	1.0000	NaN	6.5817	7.2605	15.4943	1908943.5607	1908943.8618	1.0000	1.0000	0.1306
44as04	3	42	1	1	2.0000	1.0000	1.0000	0.0189	NaN	NaN	NaN	1908944.5680	1908944.8946	0.0000	0.0000	0.1716
44as04	3	43	1	1	1.0000	1.0000	-1.0000	NaN	0.6808	-0.4276	13.9749	1908947.2999	1908947.6009	0.0000	1.0000	0.4099
44as04	3	43	1	1	2.0000	1.0000	1.0000	0.4039	NaN	NaN	NaN	1908948.5599	1908948.8874	1.0000	1.0000	0.1695
44as04	3	44	1	1	1.0000	1.0000	1.0000	NaN	9.4151	9.3688	14.6480	1908951.3601	1908951.6611	1.0000	1.0000	0.1019
44as04	3	44	1	1	2.0000	1.0000	1.0000	0.6480	NaN	NaN	NaN	1908952.3110	1908952.6442	1.0000	1.0000	0.2056
44as04	3	45	1	1	1.0000	1.0000	1.0000	NaN	6.1761	4.9327	13.5778	1908955.4186	1908955.7199	1.0000	1.0000	0.5221
44as04	3	45	1	1	2.0000	1.0000	1.0000	0.5110	NaN	NaN	NaN	1908956.8156	1908957.1419	1.0000	1.0000	0.1649
44as04	3	46	1	1	1.0000	1.0000	1.0000	NaN	6.0293	5.1520	13.6851	1908959.7410	1908960.0420	1.0000	1.0000	0.1763
44as04	3	46	1	1	2.0000	1.0000	1.0000	0.0450	NaN	NaN	NaN	1908960.7597	1908961.0875	1.0000	1.0000	0.3449
44as04	3	47	1	1	1.0000	1.0000	1.0000	NaN	4.4811	3.0539	15.4634	1908963.4031	1908963.7042	1.0000	1.0000	0.8257
44as04	3	47	1	1	2.0000	1.0000	1.0000	0.3470	NaN	NaN	NaN	1908965.1040	1908965.4305	0.0000	0.0000	0.2997
44as04	3	48	1	1	1.0000	1.0000	1.0000	NaN	6.1516	6.5147	16.0255	1908967.6892	1908967.9902	1.0000	1.0000	0.0429
44as04	3	48	1	1	2.0000	1.0000	1.0000	0.0353	NaN	NaN	NaN	1908968.6076	1908968.9342	1.0000	1.0000	0.3149
44as04	3	49	1	1	1.0000	1.0000	-1.0000	NaN	4.1937	-5.2597	14.8592	1908971.3501	1908971.6512	0.0000	1.0000	0.1904
44as04	3	49	1	1	2.0000	1.0000	1.0000	0.7730	NaN	NaN	NaN	1908972.4079	1908972.7359	1.0000	1.0000	0.0663
44as04	3	50	1	1	1.0000	1.0000	1.0000	NaN	4.8058	4.9536	13.9637	1908974.9034	1908975.2045	1.0000	1.0000	0.3161
44as04	3	50	1	1	2.0000	1.0000	1.0000	0.4084	NaN	NaN	NaN	1908976.0877	1908976.4141	1.0000	1.0000	0.1156
44as04	4	1	1	1	1.0000	1.0000	1.0000	NaN	1.5974	1.5695	15.3422	1908981.3320	1908981.6330	0.0000	0.0000	0.1050
44as04	4	1	1	1	2.0000	1.0000	-1.0000	0.4711	NaN	NaN	NaN	1908982.3040	1908982.6295	1.0000	0.0000	0.0109
44as04	4	2	1	1	1.0000	1.0000	1.0000	NaN	6.2465	5.5398	14.7674	1908985.0429	1908985.3439	1.0000	1.0000	0.2186
44as04	4	2	1	1	2.0000	1.0000	1.0000	0.7129	NaN	NaN	NaN	1908986.1196	1908986.4472	1.0000	1.0000	0.0834
44as04	4	3	1	1	1.0000	1.0000	1.0000	NaN	5.0320	5.0489	13.6721	1908988.6981	1908988.9991	1.0000	1.0000	0.1230
44as04	4	3	1	1	2.0000	1.0000	1.0000	0.0639	NaN	NaN	NaN	1908989.6800	1908990.0079	0.0000	0.0000	0.4269
44as04	4	4	1	1	1.0000	1.0000	-1.0000	NaN	2.6029	-3.7183	14.6729	1908992.5999	1908992.9009	0.0000	1.0000	0.2453
44as04	4	4	1	1	2.0000	1.0000	1.0000	0.2162	NaN	NaN	NaN	1908993.7277	1908994.0550	1.0000	1.0000	0.0495
44as04	4	5	1	1	1.0000	1.0000	-1.0000	NaN	1.5368	-1.9802	15.2497	1908996.5412	1908996.8422	0.0000	1.0000	0.2076
44as04	4	5	1	1	2.0000	1.0000	1.0000	0.3463	NaN	NaN	NaN	1908997.6320	1908997.9604	0.0000	0.0000	0.3140
44as04	4	6	1	1	1.0000	1.0000	1.0000	NaN	7.4930	7.3893	14.8637	1909000.3990	1909000.7000	1.0000	1.0000	0.2213
44as04	4	6	1	1	2.0000	1.0000	1.0000	0.4145	NaN	NaN	NaN	1909001.4878	1909001.8154	1.0000	1.0000	0.1147
44as04	4	7	1	1	1.0000	1.0000	-1.0000	NaN	4.4468	-6.4865	15.8137	1909004.2064	1909004.5075	0.0000	1.0000	0.1890
44as04	4	7	1	1	2.0000	1.0000	1.0000	0.4690	NaN	NaN	NaN	1909005.2314	1909005.5607	1.0000	1.0000	0.0318
44as04	4	8	1	1	1.0000	1.0000	-1.0000	NaN	4.4614	-5.4695	15.2626	1909007.7453	1909008.0465	0.0000	1.0000	0.1218
44as04	4	8	1	1	2.0000	1.0000	1.0000	0.3305	NaN	NaN	NaN	1909008.7276	1909009.0555	1.0000	1.0000	0.1130
44as04	4	9	1	1	1.0000	1.0000	-1.0000	NaN	1.8404	-2.8633	15.0105	1909011.2625	1909011.5634	1.0000	0.0000	0.3896
44as04	4	9	1	1	2.0000	1.0000	-1.0000	0.3280	NaN	NaN	NaN	1909012.5197	1909012.8476	0.0000	1.0000	0.0814
44as04	4	10	1	1	1.0000	1.0000	1.0000	NaN	6.0037	6.5392	15.3232	1909014.8823	1909015.1833	1.0000	1.0000	0.0836
44as04	4	10	1	1	2.0000	1.0000	1.0000	0.6435	NaN	NaN	NaN	1909015.8476	1909016.1774	1.0000	1.0000	0.0471
44as04	4	11	1	1	1.0000	1.0000	1.0000	NaN	3.3951	2.8442	14.4378	1909018.4853	1909018.7863	1.0000	1.0000	0.1902
44as04	4	11	1	1	2.0000	1.0000	1.0000	0.5044	NaN	NaN	NaN	1909019.5444	1909019.8718	1.0000	1.0000	0.1631
44as04	4	12	1	1	1.0000	1.0000	-1.0000	NaN	3.0022	-3.3977	14.6237	1909022.2337	1909022.5347	0.0000	1.0000	0.1778
44as04	4	12	1	1	2.0000	1.0000	1.0000	0.7274	NaN	NaN	NaN	1909023.3037	1909023.6312	1.0000	1.0000	0.0893
44as04	4	13	1	1	1.0000	1.0000	1.0000	NaN	3.1335	3.2019	16.0418	1909025.9318	1909026.2328	1.0000	1.0000	0.1301
44as04	4	13	1	1	2.0000	1.0000	1.0000	0.6421	NaN	NaN	NaN	1909026.9439	1909027.2714	1.0000	1.0000	0.1212
44as04	4	14	1	1	1.0000	1.0000	-1.0000	NaN	2.8785	-1.8942	14.2490	1909029.7130	1909030.0140	1.0000	0.0000	0.1801
44as04	4	14	1	1	2.0000	1.0000	-1.0000	0.4951	NaN	NaN	NaN	1909030.7525	1909031.0795	0.0000	1.0000	0.2889
44as04	4	15	1	1	1.0000	1.0000	1.0000	NaN	6.5300	7.1784	15.6041	1909033.9566	1909034.2577	1.0000	1.0000	0.1924
44as04	4	15	1	1	2.0000	1.0000	1.0000	0.5552	NaN	NaN	NaN	1909035.0323	1909035.3594	1.0000	1.0000	0.2032
44as04	4	16	1	1	1.0000	1.0000	1.0000	NaN	4.4684	4.0474	14.1968	1909037.5559	1909037.8569	1.0000	1.0000	0.1361
44as04	4	16	1	1	2.0000	1.0000	1.0000	0.3939	NaN	NaN	NaN	1909038.5278	1909038.8563	1.0000	1.0000	0.3522
44as04	4	17	1	1	1.0000	1.0000	1.0000	NaN	2.4819	3.2004	16.2675	1909041.2935	1909041.5945	1.0000	1.0000	0.1444
44as04	4	17	1	1	2.0000	1.0000	1.0000	0.2533	NaN	NaN	NaN	1909042.3280	1909042.6562	1.0000	1.0000	0.2174
44as04	4	18	1	1	1.0000	1.0000	-1.0000	NaN	3.2361	-2.1929	15.5759	1909044.9897	1909045.2907	0.0000	1.0000	0.4552
44as04	4	18	1	1	2.0000	1.0000	1.0000	0.4312	NaN	NaN	NaN	1909046.3359	1909046.6641	1.0000	1.0000	0.1066
44as04	4	19	1	1	1.0000	1.0000	-1.0000	NaN	7.2127	-6.9014	14.2098	1909048.6883	1909048.9895	0.0000	1.0000	0.2193
44as04	4	19	1	1	2.0000	1.0000	1.0000	0.0568	NaN	NaN	NaN	1909049.7921	1909050.1198	0.0000	0.0000	0.5150
44as04	4	20	1	1	1.0000	1.0000	-1.0000	NaN	6.5396	-8.1264	16.0153	1909052.7438	1909053.0448	0.0000	1.0000	0.0837
44as04	4	20	1	1	2.0000	1.0000	1.0000	0.1221	NaN	NaN	NaN	1909053.7111	1909054.0377	1.0000	1.0000	0.0356
44as04	4	21	1	1	1.0000	1.0000	1.0000	NaN	8.6030	7.0320	15.2119	1909056.1990	1909056.4999	1.0000	1.0000	0.1247
44as04	4	21	1	1	2.0000	1.0000	1.0000	0.1452	NaN	NaN	NaN	1909057.1759	1909057.5037	1.0000	1.0000	0.2967
44as04	4	22	1	1	1.0000	1.0000	-1.0000	NaN	4.3806	-5.2972	13.5509	1909060.1869	1909060.4878	0.0000	1.0000	0.1468
44as04	4	22	1	1	2.0000	1.0000	1.0000	0.2503	NaN	NaN	NaN	1909061.2403	1909061.5674	1.0000	1.0000	0.2510
44as04	4	23	1	1	1.0000	1.0000	-1.0000	NaN	6.9834	-8.1083	14.8773	1909064.0606	1909064.3617	0.0000	1.0000	0.3294
44as04	4	23	1	1	2.0000	1.0000	1.0000	0.7868	NaN	NaN	NaN	1909065.2717	1909065.5989	1.0000	1.0000	0.1632
44as04	4	24	1	1	1.0000	1.0000	1.0000	NaN	1.1142	0.0997	14.6485	1909068.4051	1909068.7064	0.0000	0.0000	0.2564
44as04	4	24	1	1	2.0000	1.0000	-1.0000	0.3977	NaN	NaN	NaN	1909069.4955	1909069.8220	0.0000	1.0000	0.2829
44as04	4	25	1	1	1.0000	1.0000	1.0000	NaN	8.2679	9.0613	15.3004	1909072.2658	1909072.5668	1.0000	1.0000	0.2177
44as04	4	25	1	1	2.0000	1.0000	1.0000	0.8174	NaN	NaN	NaN	1909073.3761	1909073.7038	0.0000	0.0000	0.0662
44as04	4	26	1	1	1.0000	1.0000	1.0000	NaN	8.5963	10.3472	15.2666	1909075.9046	1909076.2055	0.0000	0.0000	0.0085
44as04	4	26	1	1	2.0000	1.0000	-1.0000	0.7380	NaN	NaN	NaN	1909076.8082	1909077.1372	0.0000	1.0000	0.1753
44as04	4	27	1	1	1.0000	1.0000	-1.0000	NaN	6.1795	-7.1656	15.6380	1909079.6312	1909079.9324	0.0000	1.0000	0.2543
44as04	4	27	1	1	2.0000	1.0000	1.0000	0.6073	NaN	NaN	NaN	1909080.7676	1909081.0962	1.0000	1.0000	0.1381
44as04	4	28	1	1	1.0000	1.0000	1.0000	NaN	8.0108	9.5996	14.5131	1909083.5929	1909083.8941	1.0000	1.0000	0.1397
44as04	4	28	1	1	2.0000	1.0000	1.0000	0.1836	NaN	NaN	NaN	1909084.6158	1909084.9433	1.0000	1.0000	0.3554
44as04	4	29	1	1	1.0000	1.0000	1.0000	NaN	3.4636	2.9139	15.0522	1909087.4820	1909087.7830	0.0000	0.0000	0.3695
44as04	4	29	1	1	2.0000	1.0000	-1.0000	0.4687	NaN	NaN	NaN	1909088.7433	1909089.0695	0.0000	1.0000	0.2769
44as04	4	30	1	1	1.0000	1.0000	-1.0000	NaN	8.4004	-6.9618	13.3738	1909091.3119	1909091.6129	0.0000	1.0000	0.1738
44as04	4	30	1	1	2.0000	1.0000	1.0000	0.4355	NaN	NaN	NaN	1909092.3923	1909092.7203	1.0000	1.0000	0.0904
44as04	4	31	1	1	1.0000	1.0000	1.0000	NaN	5.0515	5.2083	14.4692	1909094.9781	1909095.2791	1.0000	1.0000	0.1550
44as04	4	31	1	1	2.0000	1.0000	1.0000	0.2403	NaN	NaN	NaN	1909095.9838	1909096.3118	1.0000	1.0000	0.1549
44as04	4	32	1	1	1.0000	1.0000	-1.0000	NaN	2.8734	-3.2204	14.4756	1909098.8419	1909099.1429	1.0000	0.0000	0.1634
44as04	4	32	1	1	2.0000	1.0000	-1.0000	0.1688	NaN	NaN	NaN	1909099.8876	1909100.2142	1.0000	0.0000	0.4103
44as04	4	33	1	1	1.0000	1.0000	-1.0000	NaN	5.2604	-6.1521	14.3283	1909103.0481	1909103.3491	0.0000	1.0000	0.0612
44as04	4	33	1	1	2.0000	1.0000	1.0000	0.6161	NaN	NaN	NaN	1909103.9998	1909104.3278	1.0000	1.0000	0.0806
44as04	4	34	1	1	1.0000	1.0000	-1.0000	NaN	2.3893	-1.7993	15.1027	1909106.4193	1909106.7203	0.0000	1.0000	0.1956
44as04	4	34	1	1	2.0000	1.0000	1.0000	0.0965	NaN	NaN	NaN	1909107.5197	1909107.8491	1.0000	1.0000	0.0979
44as04	4	35	1	1	1.0000	1.0000	-1.0000	NaN	3.5989	-2.7709	16.8752	1909110.3968	1909110.6977	0.0000	1.0000	0.6091
44as04	4	35	1	1	2.0000	1.0000	1.0000	0.4442	NaN	NaN	NaN	1909111.8879	1909112.2146	1.0000	1.0000	0.0586
44as04	4	36	1	1	1.0000	1.0000	-1.0000	NaN	5.5320	-7.0854	14.8814	1909114.2246	1909114.5256	0.0000	1.0000	0.1163
44as04	4	36	1	1	2.0000	1.0000	1.0000	0.0995	NaN	NaN	NaN	1909115.1833	1909115.5094	1.0000	1.0000	0.0931
44as04	4	37	1	1	1.0000	1.0000	1.0000	NaN	3.6762	6.3511	15.0322	1909117.6106	1909117.9116	1.0000	1.0000	0.1392
44as04	4	37	1	1	2.0000	1.0000	1.0000	0.3557	NaN	NaN	NaN	1909118.6159	1909118.9434	1.0000	1.0000	1.5228
44as04	4	38	1	1	1.0000	1.0000	1.0000	NaN	3.6543	2.3067	13.6502	1909122.8155	1909123.1166	1.0000	1.0000	0.3959
44as04	4	38	1	1	2.0000	1.0000	1.0000	0.5905	NaN	NaN	NaN	1909124.1120	1909124.4395	1.0000	1.0000	0.1627
44as04	4	39	1	1	1.0000	1.0000	1.0000	NaN	6.9356	6.7856	14.6495	1909126.9273	1909127.2283	1.0000	1.0000	0.1582
44as04	4	39	1	1	2.0000	1.0000	1.0000	0.0716	NaN	NaN	NaN	1909127.9839	1909128.3102	0.0000	0.0000	0.3806
44as04	4	40	1	1	1.0000	1.0000	1.0000	NaN	7.4376	7.3133	17.4673	1909130.8582	1909131.1591	0.0000	0.0000	2.6515
44as04	4	40	1	1	2.0000	1.0000	-1.0000	0.8423	NaN	NaN	NaN	1909134.3916	1909134.7184	0.0000	1.0000	0.2443
44as04	4	41	1	1	1.0000	1.0000	-1.0000	NaN	9.1996	-11.3777	16.0418	1909137.3713	1909137.6723	0.0000	1.0000	0.1443
44as04	4	41	1	1	2.0000	1.0000	1.0000	0.7823	NaN	NaN	NaN	1909138.3922	1909138.7195	1.0000	1.0000	0.0811
44as04	4	42	1	1	1.0000	1.0000	1.0000	NaN	4.3246	3.4928	14.1762	1909141.3704	1909141.6718	1.0000	1.0000	0.1388
44as04	4	42	1	1	2.0000	1.0000	1.0000	0.5780	NaN	NaN	NaN	1909142.3520	1909142.6795	1.0000	1.0000	0.2678
44as04	4	43	1	1	1.0000	1.0000	-1.0000	NaN	7.5249	-9.3851	14.1579	1909144.7896	1909145.0907	0.0000	1.0000	0.2157
44as04	4	43	1	1	2.0000	1.0000	1.0000	0.4823	NaN	NaN	NaN	1909145.8800	1909146.2070	1.0000	1.0000	0.0175
44as04	4	44	1	1	1.0000	1.0000	-1.0000	NaN	8.4490	-8.2119	14.0422	1909148.8184	1909149.1194	0.0000	1.0000	0.1463
44as04	4	44	1	1	2.0000	1.0000	1.0000	0.1841	NaN	NaN	NaN	1909149.8322	1909150.1603	1.0000	1.0000	0.0654
44as04	4	45	1	1	1.0000	1.0000	1.0000	NaN	6.8396	6.6332	14.7704	1909152.4096	1909152.7106	1.0000	1.0000	0.1780
44as04	4	45	1	1	2.0000	1.0000	1.0000	0.7306	NaN	NaN	NaN	1909153.4316	1909153.7593	1.0000	1.0000	0.1452
44as04	4	46	1	1	1.0000	1.0000	1.0000	NaN	2.7941	2.5335	14.8877	1909156.0903	1909156.3916	1.0000	1.0000	0.3378
44as04	4	46	1	1	2.0000	1.0000	1.0000	0.0468	NaN	NaN	NaN	1909157.2961	1909157.6239	0.0000	0.0000	0.4740
44as04	4	47	1	1	1.0000	1.0000	1.0000	NaN	2.4952	3.3436	15.3755	1909160.2989	1909160.5999	0.0000	0.0000	0.0367
44as04	4	47	1	1	2.0000	1.0000	-1.0000	0.3164	NaN	NaN	NaN	1909161.1360	1909161.4651	0.0000	1.0000	0.1279
44as04	4	48	1	1	1.0000	1.0000	1.0000	NaN	5.5574	4.8497	14.2372	1909163.9873	1909164.2883	1.0000	1.0000	0.1623
44as04	4	48	1	1	2.0000	1.0000	1.0000	0.4479	NaN	NaN	NaN	1909165.0163	1909165.3430	1.0000	1.0000	0.2349
44as04	4	49	1	1	1.0000	1.0000	1.0000	NaN	2.0962	1.4926	13.6990	1909167.5538	1909167.8548	1.0000	1.0000	0.2515
44as04	4	49	1	1	2.0000	1.0000	1.0000	0.3671	NaN	NaN	NaN	1909168.6965	1909169.0235	1.0000	1.0000	0.1290
44as04	4	50	1	1	1.0000	1.0000	1.0000	NaN	2.8502	1.3362	13.8039	1909171.5537	1909171.8547	1.0000	1.0000	0.3298
44as04	4	50	1	1	2.0000	1.0000	1.0000	0.8397	NaN	NaN	NaN	1909172.7919	1909173.1207	1.0000	1.0000	0.1539
44as04	5	1	1	1	1.0000	1.0000	1.0000	NaN	6.3734	8.5259	16.0165	1909177.0571	1909177.3580	1.0000	1.0000	0.0690
44as04	5	1	1	1	2.0000	1.0000	1.0000	0.6560	NaN	NaN	NaN	1909177.9844	1909178.3126	1.0000	1.0000	0.0816
44as04	5	2	1	1	1.0000	1.0000	1.0000	NaN	1.3348	2.0967	14.0107	1909180.4029	1909180.7039	1.0000	1.0000	0.1782
44as04	5	2	1	1	2.0000	1.0000	1.0000	0.4556	NaN	NaN	NaN	1909181.4483	1909181.7753	1.0000	1.0000	0.0573
44as04	5	3	1	1	1.0000	1.0000	-1.0000	NaN	5.7208	-4.3735	14.5331	1909183.7848	1909184.0858	0.0000	1.0000	0.4293
44as04	5	3	1	1	2.0000	1.0000	1.0000	0.0288	NaN	NaN	NaN	1909185.0961	1909185.4258	1.0000	1.0000	0.0813
44as04	5	4	1	1	1.0000	1.0000	1.0000	NaN	7.1429	7.0758	16.2567	1909187.4476	1909187.7487	1.0000	1.0000	0.1178
44as04	5	4	1	1	2.0000	1.0000	1.0000	0.0956	NaN	NaN	NaN	1909188.4081	1909188.7369	1.0000	1.0000	0.1061
44as04	5	5	1	1	1.0000	1.0000	-1.0000	NaN	8.3168	-10.3162	15.9517	1909190.6935	1909190.9945	0.0000	1.0000	0.2324
44as04	5	5	1	1	2.0000	1.0000	1.0000	0.3696	NaN	NaN	NaN	1909191.7518	1909192.0828	1.0000	1.0000	0.0859
44as04	5	6	1	1	1.0000	1.0000	1.0000	NaN	7.2680	6.6100	16.5601	1909194.3452	1909194.6462	1.0000	1.0000	0.1245
44as04	5	6	1	1	2.0000	1.0000	1.0000	0.0160	NaN	NaN	NaN	1909195.3438	1909195.6696	1.0000	1.0000	0.3250
44as04	5	7	1	1	1.0000	1.0000	1.0000	NaN	0.6361	1.0103	16.5995	1909198.0785	1909198.3799	1.0000	1.0000	0.5266
44as04	5	7	1	1	2.0000	1.0000	1.0000	0.1204	NaN	NaN	NaN	1909199.4800	1909199.8072	1.0000	1.0000	0.3802
44as04	5	8	1	1	1.0000	1.0000	1.0000	NaN	7.6751	8.5012	15.5080	1909202.7787	1909203.0796	1.0000	1.0000	0.1289
44as04	5	8	1	1	2.0000	1.0000	1.0000	0.4737	NaN	NaN	NaN	1909203.7761	1909204.1058	1.0000	1.0000	0.0720
44as04	5	9	1	1	1.0000	1.0000	-1.0000	NaN	4.9325	-5.9243	15.0569	1909206.6123	1909206.9133	0.0000	1.0000	0.1684
44as04	5	9	1	1	2.0000	1.0000	1.0000	0.7593	NaN	NaN	NaN	1909207.6557	1909207.9820	1.0000	1.0000	0.0209
44as04	5	10	1	1	1.0000	1.0000	-1.0000	NaN	6.3662	-5.9806	15.0217	1909210.4018	1909210.7029	0.0000	1.0000	0.2838
44as04	5	10	1	1	2.0000	1.0000	1.0000	0.3074	NaN	NaN	NaN	1909211.5603	1909211.8861	1.0000	1.0000	0.0117
44as04	5	11	1	1	1.0000	1.0000	-1.0000	NaN	4.7351	-2.5286	13.6757	1909214.4390	1909214.7400	0.0000	1.0000	0.2371
44as04	5	11	1	1	2.0000	1.0000	1.0000	0.0377	NaN	NaN	NaN	1909215.5594	1909215.8857	1.0000	1.0000	0.0429
44as04	5	12	1	1	1.0000	1.0000	-1.0000	NaN	1.2329	-1.2826	15.8722	1909218.1474	1909218.4485	0.0000	1.0000	0.5361
44as04	5	12	1	1	2.0000	1.0000	1.0000	0.6044	NaN	NaN	NaN	1909219.5040	1909219.8320	1.0000	1.0000	0.0985
44as04	5	13	1	1	1.0000	1.0000	-1.0000	NaN	2.1189	-3.1865	14.9899	1909221.9546	1909222.2557	0.0000	1.0000	0.6825
44as04	5	13	1	1	2.0000	1.0000	1.0000	0.1611	NaN	NaN	NaN	1909223.5041	1909223.8312	1.0000	1.0000	0.1864
44as04	5	14	1	1	1.0000	1.0000	1.0000	NaN	1.6864	2.1891	15.0069	1909226.3013	1909226.6026	0.0000	0.0000	0.4619
44as04	5	14	1	1	2.0000	1.0000	-1.0000	0.1457	NaN	NaN	NaN	1909227.6651	1909227.9943	1.0000	0.0000	0.0624
44as04	5	15	1	1	1.0000	1.0000	1.0000	NaN	1.8300	2.6437	15.4312	1909230.5131	1909230.8143	0.0000	0.0000	0.3702
44as04	5	15	1	1	2.0000	1.0000	-1.0000	0.4585	NaN	NaN	NaN	1909231.7600	1909232.0870	0.0000	1.0000	0.2351
44as04	5	16	1	1	1.0000	1.0000	1.0000	NaN	6.5755	5.4172	14.0960	1909234.8559	1909235.1568	1.0000	1.0000	0.1423
44as04	5	16	1	1	2.0000	1.0000	1.0000	0.2817	NaN	NaN	NaN	1909235.8801	1909236.2082	1.0000	1.0000	0.1702
44as04	5	17	1	1	1.0000	1.0000	1.0000	NaN	8.3999	7.8355	15.4040	1909238.6042	1909238.9054	1.0000	1.0000	0.1615
44as04	5	17	1	1	2.0000	1.0000	1.0000	0.6520	NaN	NaN	NaN	1909239.6318	1909239.9591	1.0000	1.0000	0.1134
44as04	5	18	1	1	1.0000	1.0000	-1.0000	NaN	0.1079	-2.4482	15.6323	1909242.1750	1909242.4760	1.0000	0.0000	0.3485
44as04	5	18	1	1	2.0000	1.0000	-1.0000	0.8100	NaN	NaN	NaN	1909243.4326	1909243.7589	0.0000	1.0000	0.2277
44as04	5	19	1	1	1.0000	1.0000	-1.0000	NaN	8.0926	-7.4518	15.3979	1909245.9366	1909246.2376	0.0000	1.0000	0.2284
44as04	5	19	1	1	2.0000	1.0000	1.0000	0.6357	NaN	NaN	NaN	1909247.0638	1909247.3951	1.0000	1.0000	0.0865
44as04	5	20	1	1	1.0000	1.0000	1.0000	NaN	4.2941	3.1007	14.9788	1909249.6389	1909249.9399	1.0000	1.0000	0.5245
44as04	5	20	1	1	2.0000	1.0000	1.0000	0.2665	NaN	NaN	NaN	1909251.0553	1909251.3848	1.0000	1.0000	0.3855
44as04	5	21	1	1	1.0000	1.0000	1.0000	NaN	5.3284	4.8391	14.1670	1909253.8864	1909254.1874	1.0000	1.0000	0.2132
44as04	5	21	1	1	2.0000	1.0000	1.0000	0.4336	NaN	NaN	NaN	1909254.9679	1909255.2953	1.0000	1.0000	0.2835
44as04	5	22	1	1	1.0000	1.0000	-1.0000	NaN	1.7988	-1.4681	15.9456	1909257.9532	1909258.2542	0.0000	1.0000	0.3168
44as04	5	22	1	1	2.0000	1.0000	1.0000	0.1758	NaN	NaN	NaN	1909259.1677	1909259.4946	1.0000	1.0000	0.3310
44as04	5	23	1	1	1.0000	1.0000	1.0000	NaN	3.2988	4.4793	16.2348	1909262.1745	1909262.4755	1.0000	1.0000	0.2547
44as04	5	23	1	1	2.0000	1.0000	1.0000	0.1591	NaN	NaN	NaN	1909263.3436	1909263.6714	1.0000	1.0000	0.1852
44as04	5	24	1	1	1.0000	1.0000	-1.0000	NaN	0.7696	-1.4557	15.3541	1909266.3324	1909266.6334	1.0000	0.0000	0.1672
44as04	5	24	1	1	2.0000	1.0000	-1.0000	0.8437	NaN	NaN	NaN	1909267.4004	1909267.7269	0.0000	1.0000	0.2345
44as04	5	25	1	1	1.0000	1.0000	-1.0000	NaN	1.2642	-2.3468	13.2766	1909270.3699	1909270.6710	1.0000	0.0000	0.3136
44as04	5	25	1	1	2.0000	1.0000	-1.0000	0.8107	NaN	NaN	NaN	1909271.5841	1909271.9110	0.0000	1.0000	0.1702
44as04	5	26	1	1	1.0000	1.0000	-1.0000	NaN	6.3192	-6.0760	15.5765	1909274.2325	1909274.5335	0.0000	1.0000	0.3962
44as04	5	26	1	1	2.0000	1.0000	1.0000	0.7388	NaN	NaN	NaN	1909275.5277	1909275.8561	1.0000	1.0000	0.1144
44as04	5	27	1	1	1.0000	1.0000	-1.0000	NaN	8.8334	-8.1126	13.6755	1909278.0026	1909278.3040	0.0000	1.0000	0.2500
44as04	5	27	1	1	2.0000	1.0000	1.0000	0.2131	NaN	NaN	NaN	1909279.1608	1909279.4895	1.0000	1.0000	0.2734
44as04	5	28	1	1	1.0000	1.0000	1.0000	NaN	1.8842	1.9776	14.7780	1909281.9877	1909282.2887	1.0000	1.0000	0.8336
44as04	5	28	1	1	2.0000	1.0000	1.0000	0.3649	NaN	NaN	NaN	1909283.6956	1909284.0224	1.0000	1.0000	0.2523
44as04	5	29	1	1	1.0000	1.0000	1.0000	NaN	4.9124	3.0790	14.0752	1909286.5663	1909286.8673	1.0000	1.0000	0.4077
44as04	5	29	1	1	2.0000	1.0000	1.0000	0.8307	NaN	NaN	NaN	1909287.8716	1909288.1984	1.0000	1.0000	0.2040
44as04	5	30	1	1	1.0000	1.0000	1.0000	NaN	1.0952	1.7158	15.0437	1909290.6864	1909290.9875	1.0000	1.0000	0.6873
44as04	5	30	1	1	2.0000	1.0000	1.0000	0.1959	NaN	NaN	NaN	1909292.2321	1909292.5592	1.0000	1.0000	0.1534
44as04	5	31	1	1	1.0000	1.0000	1.0000	NaN	1.7025	4.0973	15.6677	1909294.6400	1909294.9411	0.0000	0.0000	0.0080
44as04	5	31	1	1	2.0000	1.0000	-1.0000	0.5182	NaN	NaN	NaN	1909295.6235	1909295.9514	0.0000	1.0000	0.2115
44as04	5	32	1	1	1.0000	1.0000	-1.0000	NaN	9.2384	-9.7410	14.1333	1909298.3387	1909298.6397	0.0000	1.0000	0.1709
44as04	5	32	1	1	2.0000	1.0000	1.0000	0.6186	NaN	NaN	NaN	1909299.3679	1909299.6945	1.0000	1.0000	0.0340
44as04	5	33	1	1	1.0000	1.0000	-1.0000	NaN	1.1019	-0.8879	15.0881	1909301.6817	1909301.9828	1.0000	0.0000	0.3402
44as04	5	33	1	1	2.0000	1.0000	-1.0000	0.7368	NaN	NaN	NaN	1909302.8481	1909303.1736	0.0000	1.0000	0.1074
44as04	5	34	1	1	1.0000	1.0000	-1.0000	NaN	4.0434	-5.8209	14.2632	1909305.4674	1909305.7683	0.0000	1.0000	0.6576
44as04	5	34	1	1	2.0000	1.0000	1.0000	0.0568	NaN	NaN	NaN	1909307.0164	1909307.3422	0.0000	0.0000	0.1313
44as04	5	35	1	1	1.0000	1.0000	-1.0000	NaN	8.6799	-8.2254	13.8538	1909309.6583	1909309.9592	0.0000	1.0000	0.2593
44as04	5	35	1	1	2.0000	1.0000	1.0000	0.3014	NaN	NaN	NaN	1909310.7522	1909311.0798	1.0000	1.0000	0.1141
44as04	5	36	1	1	1.0000	1.0000	-1.0000	NaN	0.4558	-1.2208	14.9294	1909313.6454	1909313.9464	1.0000	0.0000	0.2641
44as04	5	36	1	1	2.0000	1.0000	-1.0000	0.4819	NaN	NaN	NaN	1909314.7836	1909315.1131	0.0000	1.0000	0.1758
44as04	5	37	1	1	1.0000	1.0000	1.0000	NaN	4.7031	5.2429	13.1082	1909317.4672	1909317.7682	1.0000	1.0000	0.3124
44as04	5	37	1	1	2.0000	1.0000	1.0000	0.2461	NaN	NaN	NaN	1909318.6555	1909318.9838	1.0000	1.0000	0.2495
44as04	5	38	1	1	1.0000	1.0000	1.0000	NaN	2.0306	2.5965	14.3459	1909321.3014	1909321.6024	1.0000	1.0000	0.3823
44as04	5	38	1	1	2.0000	1.0000	1.0000	0.0186	NaN	NaN	NaN	1909322.5438	1909322.8706	1.0000	1.0000	0.2042
44as04	5	39	1	1	1.0000	1.0000	1.0000	NaN	1.8542	2.3469	16.6259	1909325.0913	1909325.3924	1.0000	1.0000	1.1617
44as04	5	39	1	1	2.0000	1.0000	1.0000	0.4273	NaN	NaN	NaN	1909327.1595	1909327.4858	1.0000	1.0000	0.1807
44as04	5	40	1	1	1.0000	1.0000	1.0000	NaN	7.9971	6.8905	15.5733	1909329.6384	1909329.9394	1.0000	1.0000	0.0084
44as04	5	40	1	1	2.0000	1.0000	1.0000	0.4942	NaN	NaN	NaN	1909330.4080	1909330.7352	1.0000	1.0000	0.1534
44as04	5	41	1	1	1.0000	1.0000	1.0000	NaN	3.8471	3.6029	15.4031	1909333.3989	1909333.7001	0.0000	0.0000	0.0286
44as04	5	41	1	1	2.0000	1.0000	-1.0000	0.0175	NaN	NaN	NaN	1909334.2801	1909334.6063	0.0000	1.0000	0.0842
44as04	5	42	1	1	1.0000	1.0000	1.0000	NaN	7.6256	8.2897	16.9170	1909337.2895	1909337.5905	1.0000	1.0000	0.2526
44as04	5	42	1	1	2.0000	1.0000	1.0000	0.2058	NaN	NaN	NaN	1909338.4159	1909338.7418	1.0000	1.0000	0.2924
44as04	5	43	1	1	1.0000	1.0000	1.0000	NaN	0.9879	1.0733	14.8565	1909341.0385	1909341.3395	1.0000	1.0000	0.2557
44as04	5	43	1	1	2.0000	1.0000	1.0000	0.7883	NaN	NaN	NaN	1909342.1757	1909342.5041	1.0000	1.0000	0.1126
44as04	5	44	1	1	1.0000	1.0000	1.0000	NaN	0.3618	0.1403	14.7662	1909344.8477	1909345.1487	1.0000	1.0000	0.1740
44as04	5	44	1	1	2.0000	1.0000	1.0000	0.1158	NaN	NaN	NaN	1909345.9279	1909346.2542	1.0000	1.0000	0.2286
44as04	5	45	1	1	1.0000	1.0000	1.0000	NaN	2.3972	2.2101	15.6367	1909348.6589	1909348.9598	1.0000	1.0000	0.6351
44as04	5	45	1	1	2.0000	1.0000	1.0000	0.8132	NaN	NaN	NaN	1909350.0889	1909350.4154	1.0000	1.0000	0.1070
44as04	5	46	1	1	1.0000	1.0000	1.0000	NaN	3.9202	4.9398	15.7892	1909353.0908	1909353.3920	1.0000	1.0000	0.2974
44as04	5	46	1	1	2.0000	1.0000	1.0000	0.5299	NaN	NaN	NaN	1909354.2563	1909354.5845	1.0000	1.0000	0.1681
44as04	5	47	1	1	1.0000	1.0000	-1.0000	NaN	7.6114	-7.1178	14.8519	1909356.8634	1909357.1645	0.0000	1.0000	0.1335
44as04	5	47	1	1	2.0000	1.0000	1.0000	0.1426	NaN	NaN	NaN	1909357.8963	1909358.2233	1.0000	1.0000	0.0208
44as04	5	48	1	1	1.0000	1.0000	-1.0000	NaN	2.1444	-2.1828	15.2296	1909360.4293	1909360.7304	0.0000	1.0000	0.1759
44as04	5	48	1	1	2.0000	1.0000	1.0000	0.6755	NaN	NaN	NaN	1909361.4319	1909361.7601	1.0000	1.0000	0.0180
44as04	5	49	1	1	1.0000	1.0000	-1.0000	NaN	8.9673	-9.1381	14.6517	1909364.0365	1909364.3375	0.0000	1.0000	0.3191
44as04	5	49	1	1	2.0000	1.0000	1.0000	0.4507	NaN	NaN	NaN	1909365.2554	1909365.5831	1.0000	1.0000	0.0575
44as04	5	50	1	1	1.0000	1.0000	1.0000	NaN	1.4613	0.6804	14.9009	1909367.8189	1909368.1199	1.0000	1.0000	0.1692
44as04	5	50	1	1	2.0000	1.0000	1.0000	0.5071	NaN	NaN	NaN	1909368.8397	1909369.1668	1.0000	1.0000	0.3312
44as04	6	1	1	1	1.0000	1.0000	-1.0000	NaN	3.2681	-5.6402	15.7128	1909378.8584	1909379.1594	0.0000	1.0000	0.2172
44as04	6	1	1	1	2.0000	1.0000	1.0000	0.2619	NaN	NaN	NaN	1909379.9918	1909380.3199	1.0000	1.0000	0.1611
44as04	6	2	1	1	1.0000	1.0000	1.0000	NaN	2.8409	0.6610	13.5911	1909382.6342	1909382.9352	1.0000	1.0000	0.1950
44as04	6	2	1	1	2.0000	1.0000	1.0000	0.4191	NaN	NaN	NaN	1909383.7040	1909384.0312	1.0000	1.0000	0.1153
44as04	6	3	1	1	1.0000	1.0000	1.0000	NaN	3.0936	2.0162	13.9740	1909386.4256	1909386.7268	1.0000	1.0000	0.1322
44as04	6	3	1	1	2.0000	1.0000	1.0000	0.1400	NaN	NaN	NaN	1909387.4001	1909387.7266	1.0000	1.0000	0.0923
44as04	6	4	1	1	1.0000	1.0000	-1.0000	NaN	2.4630	-1.2011	15.3096	1909390.1611	1909390.4621	0.0000	1.0000	0.2921
44as04	6	4	1	1	2.0000	1.0000	1.0000	0.1252	NaN	NaN	NaN	1909391.3363	1909391.6639	1.0000	1.0000	0.1527
44as04	6	5	1	1	1.0000	1.0000	-1.0000	NaN	6.9718	-7.4603	16.0141	1909394.0941	1909394.3951	0.0000	1.0000	0.1360
44as04	6	5	1	1	2.0000	1.0000	1.0000	0.6693	NaN	NaN	NaN	1909395.0478	1909395.3768	1.0000	1.0000	0.0098
44as04	6	6	1	1	1.0000	1.0000	1.0000	NaN	6.2135	4.2650	14.9295	1909397.4454	1909397.7464	1.0000	1.0000	0.1660
44as04	6	6	1	1	2.0000	1.0000	1.0000	0.7674	NaN	NaN	NaN	1909398.4001	1909398.7278	1.0000	1.0000	0.1781
44as04	6	7	1	1	1.0000	1.0000	-1.0000	NaN	2.4167	-1.4222	15.7492	1909401.1239	1909401.4251	0.0000	1.0000	0.1367
44as04	6	7	1	1	2.0000	1.0000	1.0000	0.6876	NaN	NaN	NaN	1909402.1039	1909402.4319	1.0000	1.0000	0.0328
44as04	6	8	1	1	1.0000	1.0000	1.0000	NaN	9.1452	8.3689	15.1217	1909404.4004	1909404.7014	1.0000	1.0000	0.1586
44as04	6	8	1	1	2.0000	1.0000	1.0000	0.4107	NaN	NaN	NaN	1909405.4402	1909405.7693	1.0000	1.0000	0.0728
44as04	6	9	1	1	1.0000	1.0000	-1.0000	NaN	1.0348	-1.2301	15.9282	1909407.8690	1909408.1700	1.0000	0.0000	0.3203
44as04	6	9	1	1	2.0000	1.0000	-1.0000	0.4656	NaN	NaN	NaN	1909409.0639	1909409.3924	1.0000	0.0000	0.1442
44as04	6	10	1	1	1.0000	1.0000	-1.0000	NaN	4.8503	-3.8327	15.4227	1909411.7561	1909412.0571	0.0000	1.0000	0.0155
44as04	6	10	1	1	2.0000	1.0000	1.0000	0.3122	NaN	NaN	NaN	1909412.6320	1909412.9611	1.0000	1.0000	0.0075
44as04	6	11	1	1	1.0000	1.0000	-1.0000	NaN	7.0420	-9.6376	15.2766	1909415.2456	1909415.5466	0.0000	1.0000	0.1846
44as04	6	11	1	1	2.0000	1.0000	1.0000	0.4578	NaN	NaN	NaN	1909416.2719	1909416.6002	1.0000	1.0000	0.0489
44as04	6	12	1	1	1.0000	1.0000	1.0000	NaN	1.3442	1.6660	15.3234	1909419.1087	1909419.4097	0.0000	0.0000	0.6645
44as04	6	12	1	1	2.0000	1.0000	-1.0000	0.0106	NaN	NaN	NaN	1909420.6563	1909420.9850	0.0000	1.0000	0.3300
44as04	6	13	1	1	1.0000	1.0000	1.0000	NaN	3.1735	3.2111	14.4630	1909423.7969	1909424.0979	1.0000	1.0000	0.1278
44as04	6	13	1	1	2.0000	1.0000	1.0000	0.4642	NaN	NaN	NaN	1909424.8001	1909425.1275	1.0000	1.0000	0.0594
44as04	6	14	1	1	1.0000	1.0000	1.0000	NaN	6.5899	7.4271	15.5035	1909427.5194	1909427.8204	1.0000	1.0000	0.1817
44as04	6	14	1	1	2.0000	1.0000	1.0000	0.4234	NaN	NaN	NaN	1909428.5759	1909428.9053	1.0000	1.0000	0.2092
44as04	6	15	1	1	1.0000	1.0000	-1.0000	NaN	1.8885	-2.5750	14.4891	1909431.7807	1909432.0821	0.0000	1.0000	0.6489
44as04	6	15	1	1	2.0000	1.0000	1.0000	0.7836	NaN	NaN	NaN	1909433.3281	1909433.6563	1.0000	1.0000	0.0825
44as04	6	16	1	1	1.0000	1.0000	1.0000	NaN	7.0932	7.2561	13.0036	1909436.2052	1909436.5064	1.0000	1.0000	0.0799
44as04	6	16	1	1	2.0000	1.0000	1.0000	0.3401	NaN	NaN	NaN	1909437.1757	1909437.5024	1.0000	1.0000	0.0901
44as04	6	17	1	1	1.0000	1.0000	-1.0000	NaN	5.7961	-5.1212	16.0163	1909439.7853	1909440.0863	0.0000	1.0000	0.4443
44as04	6	17	1	1	2.0000	1.0000	1.0000	0.7820	NaN	NaN	NaN	1909441.1039	1909441.4338	1.0000	1.0000	0.0570
44as04	6	18	1	1	1.0000	1.0000	1.0000	NaN	0.5825	0.8949	14.3298	1909443.8978	1909444.1988	1.0000	1.0000	0.1323
44as04	6	18	1	1	2.0000	1.0000	1.0000	0.3352	NaN	NaN	NaN	1909444.9201	1909445.2482	1.0000	1.0000	0.0750
44as04	6	19	1	1	1.0000	1.0000	-1.0000	NaN	7.9689	-7.5326	14.1356	1909447.3639	1909447.6648	0.0000	1.0000	0.3704
44as04	6	19	1	1	2.0000	1.0000	1.0000	0.1448	NaN	NaN	NaN	1909448.6241	1909448.9518	1.0000	1.0000	0.1456
44as04	6	20	1	1	1.0000	1.0000	-1.0000	NaN	3.8386	-3.6844	16.4434	1909451.1392	1909451.4402	0.0000	1.0000	0.1364
44as04	6	20	1	1	2.0000	1.0000	1.0000	0.6739	NaN	NaN	NaN	1909452.1676	1909452.4941	1.0000	1.0000	0.1490
44as04	6	21	1	1	1.0000	1.0000	-1.0000	NaN	6.0087	-4.8454	14.2214	1909455.1005	1909455.4015	0.0000	1.0000	0.1849
44as04	6	21	1	1	2.0000	1.0000	1.0000	0.3726	NaN	NaN	NaN	1909456.1616	1909456.4877	1.0000	1.0000	0.1231
44as04	6	22	1	1	1.0000	1.0000	1.0000	NaN	8.5610	8.2698	14.8811	1909459.0177	1909459.3187	1.0000	1.0000	0.2195
44as04	6	22	1	1	2.0000	1.0000	1.0000	0.4059	NaN	NaN	NaN	1909460.1123	1909460.4387	1.0000	1.0000	0.2418
44as04	6	23	1	1	1.0000	1.0000	1.0000	NaN	1.1768	2.7590	15.5999	1909462.8151	1909463.1162	0.0000	0.0000	0.4386
44as04	6	23	1	1	2.0000	1.0000	-1.0000	0.7437	NaN	NaN	NaN	1909464.1361	1909464.4630	1.0000	0.0000	0.0990
44as04	6	24	1	1	1.0000	1.0000	-1.0000	NaN	8.8830	-6.1938	15.9251	1909466.7741	1909467.0751	0.0000	1.0000	0.1117
44as04	6	24	1	1	2.0000	1.0000	1.0000	0.4790	NaN	NaN	NaN	1909467.7201	1909468.0497	1.0000	1.0000	0.1528
44as04	6	25	1	1	1.0000	1.0000	-1.0000	NaN	8.5135	-7.1235	15.5987	1909470.1938	1909470.4949	0.0000	1.0000	0.1465
44as04	6	25	1	1	2.0000	1.0000	1.0000	0.3238	NaN	NaN	NaN	1909471.1757	1909471.5006	0.0000	0.0000	0.7081
44as04	6	26	1	1	1.0000	1.0000	-1.0000	NaN	0.6434	-1.8723	14.1285	1909474.5105	1909474.8115	0.0000	1.0000	0.4225
44as04	6	26	1	1	2.0000	1.0000	1.0000	0.6014	NaN	NaN	NaN	1909475.8477	1909476.1765	1.0000	1.0000	0.1135
44as04	6	27	1	1	1.0000	1.0000	1.0000	NaN	4.1549	4.3643	14.7122	1909478.4483	1909478.7493	1.0000	1.0000	0.2833
44as04	6	27	1	1	2.0000	1.0000	1.0000	0.7618	NaN	NaN	NaN	1909479.5999	1909479.9267	1.0000	1.0000	0.1000
44as04	6	28	1	1	1.0000	1.0000	1.0000	NaN	4.3665	4.5804	15.1811	1909482.3767	1909482.6777	1.0000	1.0000	0.1891
44as04	6	28	1	1	2.0000	1.0000	1.0000	0.6415	NaN	NaN	NaN	1909483.4479	1909483.7752	1.0000	1.0000	0.1135
44as04	6	29	1	1	1.0000	1.0000	-1.0000	NaN	2.5177	-2.0885	15.5123	1909486.1738	1909486.4749	0.0000	1.0000	0.3440
44as04	6	29	1	1	2.0000	1.0000	1.0000	0.2299	NaN	NaN	NaN	1909487.4084	1909487.7359	1.0000	1.0000	0.1546
44as04	6	30	1	1	1.0000	1.0000	-1.0000	NaN	8.9615	-9.4498	15.3374	1909490.2985	1909490.5995	0.0000	1.0000	0.2110
44as04	6	30	1	1	2.0000	1.0000	1.0000	0.6252	NaN	NaN	NaN	1909491.3599	1909491.6876	1.0000	1.0000	0.0972
44as04	6	31	1	1	1.0000	1.0000	-1.0000	NaN	8.8094	-6.2118	15.2763	1909494.0111	1909494.3122	0.0000	1.0000	0.3045
44as04	6	31	1	1	2.0000	1.0000	1.0000	0.0036	NaN	NaN	NaN	1909495.2083	1909495.5356	1.0000	1.0000	0.3146
44as04	6	32	1	1	1.0000	1.0000	1.0000	NaN	7.8215	8.7653	18.1094	1909497.8006	1909498.1016	1.0000	1.0000	0.1311
44as04	6	32	1	1	2.0000	1.0000	1.0000	0.0386	NaN	NaN	NaN	1909498.8238	1909499.1510	0.0000	0.0000	0.3392
44as04	6	33	1	1	1.0000	1.0000	-1.0000	NaN	2.6103	-1.9281	14.6426	1909501.6165	1909501.9175	1.0000	0.0000	0.4846
44as04	6	33	1	1	2.0000	1.0000	-1.0000	0.1710	NaN	NaN	NaN	1909502.9839	1909503.3114	1.0000	0.0000	0.1475
44as04	6	34	1	1	1.0000	1.0000	-1.0000	NaN	4.8430	-6.2036	13.7416	1909505.6491	1909505.9500	0.0000	1.0000	0.2826
44as04	6	34	1	1	2.0000	1.0000	1.0000	0.8574	NaN	NaN	NaN	1909506.8320	1909507.1581	1.0000	1.0000	0.1402
44as04	6	35	1	1	1.0000	1.0000	-1.0000	NaN	4.1597	-3.6376	15.2743	1909509.6654	1909509.9664	0.0000	1.0000	0.6342
44as04	6	35	1	1	2.0000	1.0000	1.0000	0.7090	NaN	NaN	NaN	1909511.1521	1909511.4797	1.0000	1.0000	0.0513
44as04	6	36	1	1	1.0000	1.0000	1.0000	NaN	9.1182	7.8110	15.6671	1909513.7209	1909514.0219	1.0000	1.0000	0.2347
44as04	6	36	1	1	2.0000	1.0000	1.0000	0.0111	NaN	NaN	NaN	1909514.8472	1909515.1743	0.0000	0.0000	0.2842
44as04	6	37	1	1	1.0000	1.0000	-1.0000	NaN	4.9269	-6.2918	15.9375	1909517.4929	1909517.7939	0.0000	1.0000	0.2708
44as04	6	37	1	1	2.0000	1.0000	1.0000	0.0788	NaN	NaN	NaN	1909518.6317	1909518.9587	1.0000	1.0000	0.0580
44as04	6	38	1	1	1.0000	1.0000	1.0000	NaN	5.7764	7.5048	15.3332	1909521.5011	1909521.8021	1.0000	1.0000	0.1523
44as04	6	38	1	1	2.0000	1.0000	1.0000	0.8496	NaN	NaN	NaN	1909522.5361	1909522.8642	1.0000	1.0000	0.1215
44as04	6	39	1	1	1.0000	1.0000	-1.0000	NaN	1.8649	-2.3271	14.8856	1909525.4277	1909525.7288	0.0000	1.0000	0.2319
44as04	6	39	1	1	2.0000	1.0000	1.0000	0.6147	NaN	NaN	NaN	1909526.5121	1909526.8391	1.0000	1.0000	0.0278
44as04	6	40	1	1	1.0000	1.0000	1.0000	NaN	6.3719	6.9584	13.4142	1909529.3484	1909529.6494	1.0000	1.0000	0.1289
44as04	6	40	1	1	2.0000	1.0000	1.0000	0.3983	NaN	NaN	NaN	1909530.3599	1909530.6869	1.0000	1.0000	0.0834
44as04	6	41	1	1	1.0000	1.0000	-1.0000	NaN	5.2005	-5.6188	15.9844	1909533.2041	1909533.5051	0.0000	1.0000	0.1675
44as04	6	41	1	1	2.0000	1.0000	1.0000	0.8305	NaN	NaN	NaN	1909534.2165	1909534.5445	1.0000	1.0000	0.0665
44as04	6	42	1	1	1.0000	1.0000	-1.0000	NaN	6.8968	-6.4808	15.2877	1909536.6356	1909536.9366	1.0000	0.0000	0.5599
44as04	6	42	1	1	2.0000	1.0000	-1.0000	0.0822	NaN	NaN	NaN	1909538.0885	1909538.4167	1.0000	0.0000	0.3367
44as04	6	43	1	1	1.0000	1.0000	-1.0000	NaN	1.6452	-2.3649	15.7838	1909541.1615	1909541.4625	0.0000	1.0000	0.0684
44as04	6	43	1	1	2.0000	1.0000	1.0000	0.8117	NaN	NaN	NaN	1909542.1040	1909542.4334	1.0000	1.0000	0.0495
44as04	6	44	1	1	1.0000	1.0000	-1.0000	NaN	7.1021	-7.1366	14.6547	1909544.3337	1909544.6348	0.0000	1.0000	0.1438
44as04	6	44	1	1	2.0000	1.0000	1.0000	0.6226	NaN	NaN	NaN	1909545.3358	1909545.6636	1.0000	1.0000	0.2356
44as04	6	45	1	1	1.0000	1.0000	1.0000	NaN	7.9365	7.7092	15.8319	1909547.9671	1909548.2681	1.0000	1.0000	0.4365
44as04	6	45	1	1	2.0000	1.0000	1.0000	0.0037	NaN	NaN	NaN	1909549.2961	1909549.6219	1.0000	1.0000	0.2770
44as04	6	46	1	1	1.0000	1.0000	-1.0000	NaN	1.1120	-2.3068	13.9310	1909551.7730	1909552.0744	0.0000	1.0000	0.5263
44as04	6	46	1	1	2.0000	1.0000	1.0000	0.5513	NaN	NaN	NaN	1909553.1598	1909553.4872	1.0000	1.0000	0.1075
44as04	6	47	1	1	1.0000	1.0000	1.0000	NaN	7.2719	8.6175	14.4730	1909556.2331	1909556.5342	1.0000	1.0000	0.1785
44as04	6	47	1	1	2.0000	1.0000	1.0000	0.5280	NaN	NaN	NaN	1909557.2808	1909557.6076	1.0000	1.0000	0.1313
44as04	6	48	1	1	1.0000	1.0000	-1.0000	NaN	2.6694	-5.2531	14.6458	1909560.3541	1909560.6550	0.0000	1.0000	0.4997
44as04	6	48	1	1	2.0000	1.0000	1.0000	0.2374	NaN	NaN	NaN	1909561.7281	1909562.0560	1.0000	1.0000	0.1127
44as04	6	49	1	1	1.0000	1.0000	-1.0000	NaN	6.2871	-8.3882	13.7908	1909564.6284	1909564.9296	0.0000	1.0000	0.2093
44as04	6	49	1	1	2.0000	1.0000	1.0000	0.0571	NaN	NaN	NaN	1909565.7360	1909566.0620	1.0000	1.0000	0.2667
44as04	6	50	1	1	1.0000	1.0000	1.0000	NaN	4.3283	3.4358	14.5780	1909568.4978	1909568.7989	0.0000	0.0000	0.3863
44as04	6	50	1	1	2.0000	1.0000	-1.0000	0.7566	NaN	NaN	NaN	1909569.7603	1909570.0893	0.0000	1.0000	0.2722
