27ly02	1	1	0	0	1.0000	0.0000	1.0000	0.8389	NaN	NaN	NaN	1107018.3338	1107018.6883	1.0000	1.0000	0.3337
27ly02	1	1	0	0	2.0000	0.0000	-1.0000	NaN	3.1431	-2.5385	15.8888	1107019.6120	1107019.9144	0.0000	1.0000	0.5947
27ly02	1	2	0	0	1.0000	0.0000	-1.0000	0.4733	NaN	NaN	NaN	1107022.6440	1107022.9995	0.0000	1.0000	0.2781
27ly02	1	2	0	0	2.0000	0.0000	-1.0000	NaN	2.0099	-2.7542	14.0228	1107023.8365	1107024.1388	0.0000	1.0000	0.2919
27ly02	1	3	0	0	1.0000	0.0000	1.0000	0.8667	NaN	NaN	NaN	1107026.4971	1107026.9099	1.0000	1.0000	0.2872
27ly02	1	3	0	0	2.0000	0.0000	-1.0000	NaN	1.2329	-0.9199	13.7673	1107027.7696	1107028.0733	1.0000	0.0000	0.5157
27ly02	1	4	0	0	1.0000	0.0000	1.0000	0.2532	NaN	NaN	NaN	1107030.6250	1107031.0423	1.0000	1.0000	0.4753
27ly02	1	4	0	0	2.0000	0.0000	-1.0000	NaN	1.7057	-1.1193	14.4879	1107032.0817	1107032.3881	0.0000	1.0000	0.4734
27ly02	1	5	0	0	1.0000	0.0000	1.0000	0.2314	NaN	NaN	NaN	1107035.0975	1107035.5103	1.0000	1.0000	0.7276
27ly02	1	5	0	0	2.0000	0.0000	1.0000	NaN	2.5501	2.2797	15.0363	1107036.7895	1107037.0936	0.0000	0.0000	1.1114
27ly02	1	6	0	0	1.0000	0.0000	-1.0000	0.6159	NaN	NaN	NaN	1107040.5903	1107040.9821	0.0000	1.0000	0.4247
27ly02	1	6	0	0	2.0000	0.0000	1.0000	NaN	6.8664	6.4056	15.0485	1107041.9481	1107042.2514	1.0000	1.0000	0.4656
27ly02	1	7	0	0	1.0000	0.0000	-1.0000	0.3366	NaN	NaN	NaN	1107044.7669	1107045.1203	0.0000	1.0000	1.7090
27ly02	1	7	0	0	2.0000	0.0000	-1.0000	NaN	6.4206	-6.1643	13.6201	1107047.3092	1107047.6114	0.0000	1.0000	0.8832
27ly02	1	8	0	0	1.0000	0.0000	1.0000	0.9201	NaN	NaN	NaN	1107051.0019	1107051.3533	1.0000	1.0000	0.4837
27ly02	1	8	0	0	2.0000	0.0000	-1.0000	NaN	5.4804	-3.1029	15.5385	1107052.4283	1107052.7303	0.0000	1.0000	0.8987
27ly02	1	9	0	0	1.0000	0.0000	1.0000	0.8614	NaN	NaN	NaN	1107055.6721	1107056.0246	1.0000	1.0000	0.4210
27ly02	1	9	0	0	2.0000	0.0000	-1.0000	NaN	2.8126	-2.5299	15.3878	1107057.0350	1107057.3373	0.0000	1.0000	0.7081
27ly02	1	10	0	0	1.0000	0.0000	-1.0000	0.7737	NaN	NaN	NaN	1107060.0879	1107060.4380	0.0000	1.0000	0.2803
27ly02	1	10	0	0	2.0000	0.0000	-1.0000	NaN	5.4273	-4.9637	15.7266	1107061.2601	1107061.5623	0.0000	1.0000	0.3707
27ly02	1	11	0	0	1.0000	0.0000	1.0000	0.6295	NaN	NaN	NaN	1107064.3012	1107064.6527	1.0000	1.0000	0.3374
27ly02	1	11	0	0	2.0000	0.0000	1.0000	NaN	0.5317	0.8325	14.6846	1107065.5640	1107065.8668	0.0000	0.0000	0.9787
27ly02	1	12	0	0	1.0000	0.0000	-1.0000	0.1941	NaN	NaN	NaN	1107068.8796	1107069.2343	0.0000	1.0000	0.4111
27ly02	1	12	0	0	2.0000	0.0000	-1.0000	NaN	9.3445	-7.6380	15.2414	1107070.2035	1107070.5058	0.0000	1.0000	0.2592
27ly02	1	13	0	0	1.0000	0.0000	1.0000	0.2436	NaN	NaN	NaN	1107073.1341	1107073.5409	1.0000	1.0000	0.5681
27ly02	1	13	0	0	2.0000	0.0000	-1.0000	NaN	8.7864	-9.7127	15.2874	1107074.7056	1107075.0093	0.0000	1.0000	0.3316
27ly02	1	14	0	0	1.0000	0.0000	1.0000	0.9493	NaN	NaN	NaN	1107077.3792	1107077.7921	1.0000	1.0000	0.4776
27ly02	1	14	0	0	2.0000	0.0000	1.0000	NaN	7.3760	6.9397	14.6802	1107078.8698	1107079.1743	1.0000	1.0000	0.5673
27ly02	1	15	0	0	1.0000	0.0000	1.0000	0.0543	NaN	NaN	NaN	1107082.0941	1107082.5085	1.0000	1.0000	0.7211
27ly02	1	15	0	0	2.0000	0.0000	1.0000	NaN	1.7246	1.6781	15.7126	1107083.8301	1107084.1359	1.0000	1.0000	0.3907
27ly02	1	16	0	0	1.0000	0.0000	1.0000	0.0831	NaN	NaN	NaN	1107086.8460	1107087.2532	1.0000	1.0000	0.8722
27ly02	1	16	0	0	2.0000	0.0000	-1.0000	NaN	6.0342	-6.2297	14.6375	1107088.7165	1107089.0188	0.0000	1.0000	0.2591
27ly02	1	17	0	0	1.0000	0.0000	1.0000	0.0642	NaN	NaN	NaN	1107091.5199	1107091.8725	1.0000	1.0000	0.4622
27ly02	1	17	0	0	2.0000	0.0000	-1.0000	NaN	6.2669	-6.4713	14.2180	1107092.9080	1107093.2101	0.0000	1.0000	0.3228
27ly02	1	18	0	0	1.0000	0.0000	1.0000	0.6389	NaN	NaN	NaN	1107095.5347	1107095.8861	1.0000	1.0000	0.2709
27ly02	1	18	0	0	2.0000	0.0000	-1.0000	NaN	0.8421	-0.2933	15.7913	1107096.7495	1107097.0517	1.0000	0.0000	0.4653
27ly02	1	19	0	0	1.0000	0.0000	1.0000	0.2026	NaN	NaN	NaN	1107100.0828	1107100.4342	1.0000	1.0000	0.4747
27ly02	1	19	0	0	2.0000	0.0000	1.0000	NaN	7.3904	4.1406	16.3144	1107101.4834	1107101.7856	1.0000	1.0000	0.4674
27ly02	1	20	0	0	1.0000	0.0000	-1.0000	0.1119	NaN	NaN	NaN	1107104.8279	1107105.1826	1.0000	0.0000	0.7189
27ly02	1	20	0	0	2.0000	0.0000	-1.0000	NaN	10.7778	-11.7527	15.2697	1107106.4925	1107106.7947	0.0000	1.0000	0.2263
27ly02	1	21	0	0	1.0000	0.0000	-1.0000	0.7931	NaN	NaN	NaN	1107108.8561	1107109.2118	0.0000	1.0000	0.3691
27ly02	1	21	0	0	2.0000	0.0000	1.0000	NaN	8.5009	9.7798	14.7094	1107110.1240	1107110.4262	1.0000	1.0000	0.1787
27ly02	1	22	0	0	1.0000	0.0000	-1.0000	0.0213	NaN	NaN	NaN	1107112.9545	1107113.3117	1.0000	0.0000	0.4137
27ly02	1	22	0	0	2.0000	0.0000	-1.0000	NaN	8.9103	-11.0278	15.8244	1107114.2837	1107114.5859	0.0000	1.0000	0.1470
27ly02	1	23	0	0	1.0000	0.0000	1.0000	0.9370	NaN	NaN	NaN	1107116.9827	1107117.3333	1.0000	1.0000	0.3596
27ly02	1	23	0	0	2.0000	0.0000	1.0000	NaN	7.7488	8.0462	13.2895	1107118.2832	1107118.5854	1.0000	1.0000	0.4364
27ly02	1	24	0	0	1.0000	0.0000	1.0000	0.3901	NaN	NaN	NaN	1107121.3616	1107121.7732	1.0000	1.0000	0.2557
27ly02	1	24	0	0	2.0000	0.0000	1.0000	NaN	7.8394	8.5136	14.3573	1107122.6156	1107122.9200	1.0000	1.0000	0.2307
27ly02	1	25	0	0	1.0000	0.0000	-1.0000	0.7973	NaN	NaN	NaN	1107125.4678	1107125.8896	0.0000	1.0000	0.3161
27ly02	1	25	0	0	2.0000	0.0000	1.0000	NaN	0.6391	0.7488	15.8540	1107126.7715	1107127.0759	1.0000	1.0000	0.3617
27ly02	1	26	0	0	1.0000	0.0000	-1.0000	0.7281	NaN	NaN	NaN	1107129.5677	1107129.9895	0.0000	1.0000	0.2324
27ly02	1	26	0	0	2.0000	0.0000	1.0000	NaN	6.0152	6.6566	13.9788	1107130.7484	1107131.0506	1.0000	1.0000	0.2583
27ly02	1	27	0	0	1.0000	0.0000	1.0000	0.4390	NaN	NaN	NaN	1107133.8407	1107134.1979	1.0000	1.0000	0.3590
27ly02	1	27	0	0	2.0000	0.0000	-1.0000	NaN	8.3250	-9.3897	14.8840	1107135.1809	1107135.4832	0.0000	1.0000	0.5142
27ly02	1	28	0	0	1.0000	0.0000	1.0000	0.4785	NaN	NaN	NaN	1107138.6150	1107138.9656	1.0000	1.0000	0.3440
27ly02	1	28	0	0	2.0000	0.0000	1.0000	NaN	3.9968	4.3694	15.4201	1107139.8999	1107140.2022	1.0000	1.0000	0.8032
27ly02	1	29	0	0	1.0000	0.0000	1.0000	0.1350	NaN	NaN	NaN	1107143.0366	1107143.3934	1.0000	1.0000	0.3794
27ly02	1	29	0	0	2.0000	0.0000	-1.0000	NaN	4.3203	-3.4157	15.0535	1107144.3640	1107144.6662	0.0000	1.0000	0.3547
27ly02	1	30	0	0	1.0000	0.0000	1.0000	0.5597	NaN	NaN	NaN	1107147.2633	1107147.6151	1.0000	1.0000	0.5738
27ly02	1	30	0	0	2.0000	0.0000	-1.0000	NaN	4.6508	-6.6310	15.9520	1107148.7971	1107149.0993	0.0000	1.0000	0.5628
27ly02	1	31	0	0	1.0000	0.0000	1.0000	0.8128	NaN	NaN	NaN	1107151.9249	1107152.2803	1.0000	1.0000	0.3725
27ly02	1	31	0	0	2.0000	0.0000	-1.0000	NaN	11.4184	-11.8002	15.4455	1107153.2758	1107153.5791	0.0000	1.0000	0.2748
27ly02	1	32	0	0	1.0000	0.0000	-1.0000	0.4830	NaN	NaN	NaN	1107155.9529	1107156.3091	0.0000	1.0000	0.4078
27ly02	1	32	0	0	2.0000	0.0000	1.0000	NaN	3.8642	4.0336	17.0496	1107157.3399	1107157.6421	1.0000	1.0000	0.3236
27ly02	1	33	0	0	1.0000	0.0000	-1.0000	0.4223	NaN	NaN	NaN	1107160.0786	1107160.4312	0.0000	1.0000	0.4622
27ly02	1	33	0	0	2.0000	0.0000	1.0000	NaN	4.3934	5.1581	14.8630	1107161.4852	1107161.7874	1.0000	1.0000	0.4353
27ly02	1	34	0	0	1.0000	0.0000	-1.0000	0.9307	NaN	NaN	NaN	1107164.5104	1107164.8643	0.0000	1.0000	0.5086
27ly02	1	34	0	0	2.0000	0.0000	1.0000	NaN	5.2901	5.1993	14.9818	1107165.9311	1107166.2334	1.0000	1.0000	0.4848
27ly02	1	35	0	0	1.0000	0.0000	-1.0000	0.0126	NaN	NaN	NaN	1107168.6416	1107169.0541	0.0000	1.0000	1.0867
27ly02	1	35	0	0	2.0000	0.0000	1.0000	NaN	7.2008	6.7659	15.0388	1107170.6949	1107170.9994	1.0000	1.0000	0.2785
27ly02	1	36	0	0	1.0000	0.0000	1.0000	0.1430	NaN	NaN	NaN	1107173.7457	1107174.1711	1.0000	1.0000	0.8823
27ly02	1	36	0	0	2.0000	0.0000	-1.0000	NaN	0.8707	-2.5995	15.1351	1107175.6851	1107175.9900	1.0000	0.0000	0.8708
27ly02	1	37	0	0	1.0000	0.0000	1.0000	0.3872	NaN	NaN	NaN	1107178.9048	1107179.3203	1.0000	1.0000	0.3246
27ly02	1	37	0	0	2.0000	0.0000	-1.0000	NaN	9.5993	-10.4002	13.0301	1107180.2970	1107180.6016	0.0000	1.0000	0.3882
27ly02	1	38	0	0	1.0000	0.0000	1.0000	0.5229	NaN	NaN	NaN	1107183.3273	1107183.7485	1.0000	1.0000	0.3616
27ly02	1	38	0	0	2.0000	0.0000	1.0000	NaN	8.6010	8.0246	15.2489	1107184.7420	1107185.0476	1.0000	1.0000	0.5332
27ly02	1	39	0	0	1.0000	0.0000	-1.0000	0.8925	NaN	NaN	NaN	1107187.8564	1107188.2709	0.0000	1.0000	0.3830
27ly02	1	39	0	0	2.0000	0.0000	-1.0000	NaN	9.1731	-6.6934	15.2648	1107189.2117	1107189.5140	0.0000	1.0000	0.5629
27ly02	1	40	0	0	1.0000	0.0000	-1.0000	0.0535	NaN	NaN	NaN	1107191.9444	1107192.2962	1.0000	0.0000	0.4057
27ly02	1	40	0	0	2.0000	0.0000	-1.0000	NaN	4.5132	-4.8427	14.9543	1107193.3082	1107193.6105	1.0000	0.0000	0.6596
27ly02	1	41	0	0	1.0000	0.0000	1.0000	0.5438	NaN	NaN	NaN	1107196.6997	1107197.0511	1.0000	1.0000	0.3377
27ly02	1	41	0	0	2.0000	0.0000	1.0000	NaN	3.9081	3.1176	14.5900	1107197.9959	1107198.2981	1.0000	1.0000	0.4997
27ly02	1	42	0	0	1.0000	0.0000	-1.0000	0.1881	NaN	NaN	NaN	1107200.9125	1107201.2643	0.0000	1.0000	1.5812
27ly02	1	42	0	0	2.0000	0.0000	1.0000	NaN	7.0916	8.1086	15.0716	1107203.3555	1107203.6585	1.0000	1.0000	0.3384
27ly02	1	43	0	0	1.0000	0.0000	1.0000	0.4387	NaN	NaN	NaN	1107206.0784	1107206.4289	1.0000	1.0000	0.4319
27ly02	1	43	0	0	2.0000	0.0000	1.0000	NaN	5.9783	5.5662	14.2049	1107207.5009	1107207.8031	1.0000	1.0000	0.7707
27ly02	1	44	0	0	1.0000	0.0000	1.0000	0.3515	NaN	NaN	NaN	1107211.1045	1107211.4608	1.0000	1.0000	0.4560
27ly02	1	44	0	0	2.0000	0.0000	-1.0000	NaN	7.2926	-7.0862	13.6162	1107212.5393	1107212.8428	0.0000	1.0000	0.7872
27ly02	1	45	0	0	1.0000	0.0000	-1.0000	0.2906	NaN	NaN	NaN	1107215.5401	1107215.9518	0.0000	1.0000	0.4462
27ly02	1	45	0	0	2.0000	0.0000	-1.0000	NaN	5.2123	-5.9277	13.9482	1107216.9982	1107217.3027	0.0000	1.0000	0.4393
27ly02	1	46	0	0	1.0000	0.0000	1.0000	0.4787	NaN	NaN	NaN	1107219.9851	1107220.3893	1.0000	1.0000	0.4075
27ly02	1	46	0	0	2.0000	0.0000	1.0000	NaN	10.8671	12.1173	14.9992	1107221.3878	1107221.6907	1.0000	1.0000	0.4518
27ly02	1	47	0	0	1.0000	0.0000	1.0000	0.4790	NaN	NaN	NaN	1107224.4469	1107224.7992	1.0000	1.0000	0.3496
27ly02	1	47	0	0	2.0000	0.0000	1.0000	NaN	8.7819	7.0612	13.5322	1107225.7721	1107226.0754	1.0000	1.0000	0.5945
27ly02	1	48	0	0	1.0000	0.0000	1.0000	0.9287	NaN	NaN	NaN	1107228.7006	1107229.0557	1.0000	1.0000	0.3822
27ly02	1	48	0	0	2.0000	0.0000	-1.0000	NaN	9.8895	-11.2562	15.0398	1107230.0277	1107230.3299	0.0000	1.0000	0.4201
27ly02	1	49	0	0	1.0000	0.0000	1.0000	0.5837	NaN	NaN	NaN	1107233.3240	1107233.6776	1.0000	1.0000	0.3842
27ly02	1	49	0	0	2.0000	0.0000	-1.0000	NaN	1.0877	-0.9639	14.9501	1107234.6505	1107234.9528	1.0000	0.0000	1.5566
27ly02	1	50	0	0	1.0000	0.0000	1.0000	0.1250	NaN	NaN	NaN	1107238.6547	1107239.0094	1.0000	1.0000	0.3965
27ly02	1	50	0	0	2.0000	0.0000	1.0000	NaN	0.7174	1.3993	14.6672	1107240.0117	1107240.3139	0.0000	0.0000	0.7075
27ly02	2	1	0	0	1.0000	0.0000	-1.0000	0.8202	NaN	NaN	NaN	1107251.9689	1107252.3254	0.0000	1.0000	0.3113
27ly02	2	1	0	0	2.0000	0.0000	1.0000	NaN	4.2155	3.1954	14.3109	1107253.2126	1107253.5148	1.0000	1.0000	0.4343
27ly02	2	2	0	0	1.0000	0.0000	-1.0000	0.0689	NaN	NaN	NaN	1107256.6150	1107256.9711	0.0000	1.0000	0.6736
27ly02	2	2	0	0	2.0000	0.0000	-1.0000	NaN	2.9819	-2.1112	16.9454	1107258.2358	1107258.5386	0.0000	1.0000	0.6114
27ly02	2	3	0	0	1.0000	0.0000	-1.0000	0.2916	NaN	NaN	NaN	1107261.1236	1107261.5315	0.0000	1.0000	0.3549
27ly02	2	3	0	0	2.0000	0.0000	1.0000	NaN	6.3498	5.8958	13.9585	1107262.5129	1107262.8166	1.0000	1.0000	0.4921
27ly02	2	4	0	0	1.0000	0.0000	-1.0000	0.5812	NaN	NaN	NaN	1107265.5439	1107265.9666	0.0000	1.0000	0.6227
27ly02	2	4	0	0	2.0000	0.0000	-1.0000	NaN	2.2054	-2.9958	13.7013	1107267.1768	1107267.4813	0.0000	1.0000	1.4121
27ly02	2	5	0	0	1.0000	0.0000	-1.0000	0.2759	NaN	NaN	NaN	1107271.3534	1107271.7636	0.0000	1.0000	0.8903
27ly02	2	5	0	0	2.0000	0.0000	-1.0000	NaN	5.2191	-5.0520	13.9630	1107273.2281	1107273.5303	1.0000	0.0000	0.7076
27ly02	2	6	0	0	1.0000	0.0000	-1.0000	0.2283	NaN	NaN	NaN	1107276.7009	1107277.0574	0.0000	1.0000	0.7158
27ly02	2	6	0	0	2.0000	0.0000	1.0000	NaN	5.6973	5.3777	15.1753	1107278.3800	1107278.6822	1.0000	1.0000	0.4028
27ly02	2	7	0	0	1.0000	0.0000	1.0000	0.3530	NaN	NaN	NaN	1107281.5738	1107281.9251	1.0000	1.0000	0.4732
27ly02	2	7	0	0	2.0000	0.0000	-1.0000	NaN	8.3337	-7.8448	15.8354	1107283.0199	1107283.3227	0.0000	1.0000	0.4832
27ly02	2	8	0	0	1.0000	0.0000	-1.0000	0.4762	NaN	NaN	NaN	1107286.2527	1107286.6071	0.0000	1.0000	0.3987
27ly02	2	8	0	0	2.0000	0.0000	1.0000	NaN	8.4473	9.2180	16.5096	1107287.5973	1107287.8994	1.0000	1.0000	0.4499
27ly02	2	9	0	0	1.0000	0.0000	1.0000	0.0521	NaN	NaN	NaN	1107290.5392	1107290.8914	1.0000	1.0000	0.8505
27ly02	2	9	0	0	2.0000	0.0000	-1.0000	NaN	4.6944	-4.7879	14.9304	1107292.3475	1107292.6497	0.0000	1.0000	0.6119
27ly02	2	10	0	0	1.0000	0.0000	-1.0000	0.1354	NaN	NaN	NaN	1107295.7016	1107296.0565	0.0000	1.0000	0.8842
27ly02	2	10	0	0	2.0000	0.0000	-1.0000	NaN	4.4967	-3.7132	15.8978	1107297.5153	1107297.8176	0.0000	1.0000	0.3871
27ly02	2	11	0	0	1.0000	0.0000	-1.0000	0.6359	NaN	NaN	NaN	1107300.8559	1107301.2075	0.0000	1.0000	0.5024
27ly02	2	11	0	0	2.0000	0.0000	1.0000	NaN	11.5227	12.6371	16.3931	1107302.3159	1107302.6182	1.0000	1.0000	0.4351
27ly02	2	12	0	0	1.0000	0.0000	1.0000	0.0490	NaN	NaN	NaN	1107305.1006	1107305.4560	1.0000	1.0000	0.7006
27ly02	2	12	0	0	2.0000	0.0000	1.0000	NaN	9.4433	7.5673	13.8800	1107306.7802	1107307.0823	1.0000	1.0000	0.2584
27ly02	2	13	0	0	1.0000	0.0000	-1.0000	0.3620	NaN	NaN	NaN	1107309.3307	1107309.7471	0.0000	1.0000	0.4096
27ly02	2	13	0	0	2.0000	0.0000	-1.0000	NaN	8.1556	-8.0183	15.2250	1107310.7421	1107311.0467	0.0000	1.0000	0.4549
27ly02	2	14	0	0	1.0000	0.0000	1.0000	0.1476	NaN	NaN	NaN	1107313.5047	1107313.9269	1.0000	1.0000	0.5023
27ly02	2	14	0	0	2.0000	0.0000	1.0000	NaN	2.1136	2.9495	14.8311	1107315.0436	1107315.3484	1.0000	1.0000	0.8736
27ly02	2	15	0	0	1.0000	0.0000	1.0000	0.8127	NaN	NaN	NaN	1107318.5668	1107318.9805	1.0000	1.0000	0.5693
27ly02	2	15	0	0	2.0000	0.0000	1.0000	NaN	4.4466	6.8780	15.1250	1107320.1834	1107320.4907	1.0000	1.0000	0.4992
27ly02	2	16	0	0	1.0000	0.0000	-1.0000	0.8486	NaN	NaN	NaN	1107323.5262	1107323.9469	0.0000	1.0000	0.5145
27ly02	2	16	0	0	2.0000	0.0000	-1.0000	NaN	0.2899	-0.4388	15.7360	1107325.0439	1107325.3488	1.0000	0.0000	0.9359
27ly02	2	17	0	0	1.0000	0.0000	-1.0000	0.3597	NaN	NaN	NaN	1107328.7059	1107329.1241	0.0000	1.0000	0.2335
27ly02	2	17	0	0	2.0000	0.0000	1.0000	NaN	6.9830	8.0460	15.6580	1107329.9745	1107330.2791	1.0000	1.0000	0.4375
27ly02	2	18	0	0	1.0000	0.0000	-1.0000	0.8956	NaN	NaN	NaN	1107332.6026	1107332.9893	0.0000	1.0000	0.4319
27ly02	2	18	0	0	2.0000	0.0000	-1.0000	NaN	10.9630	-10.3164	14.4452	1107334.0120	1107334.3142	0.0000	1.0000	0.4665
27ly02	2	19	0	0	1.0000	0.0000	1.0000	0.9250	NaN	NaN	NaN	1107337.3715	1107337.7223	1.0000	1.0000	0.5001
27ly02	2	19	0	0	2.0000	0.0000	-1.0000	NaN	6.3312	-4.3329	14.3969	1107338.8117	1107339.1139	0.0000	1.0000	0.5153
27ly02	2	20	0	0	1.0000	0.0000	1.0000	0.1347	NaN	NaN	NaN	1107341.8707	1107342.2221	1.0000	1.0000	0.4305
27ly02	2	20	0	0	2.0000	0.0000	1.0000	NaN	5.8001	6.1715	14.7950	1107343.2609	1107343.5630	1.0000	1.0000	0.4510
27ly02	2	21	0	0	1.0000	0.0000	-1.0000	0.7935	NaN	NaN	NaN	1107346.5286	1107346.8831	0.0000	1.0000	0.3947
27ly02	2	21	0	0	2.0000	0.0000	1.0000	NaN	9.7509	10.0043	14.4419	1107347.8532	1107348.1555	1.0000	1.0000	0.4656
27ly02	2	22	0	0	1.0000	0.0000	-1.0000	0.0519	NaN	NaN	NaN	1107350.8868	1107351.2383	1.0000	0.0000	0.6303
27ly02	2	22	0	0	2.0000	0.0000	1.0000	NaN	10.2946	10.8603	14.0754	1107352.4610	1107352.7633	1.0000	1.0000	0.2106
27ly02	2	23	0	0	1.0000	0.0000	-1.0000	0.5969	NaN	NaN	NaN	1107355.2218	1107355.6398	0.0000	1.0000	0.3576
27ly02	2	23	0	0	2.0000	0.0000	1.0000	NaN	1.9668	2.5423	13.8206	1107356.5501	1107356.8556	1.0000	1.0000	0.3588
27ly02	2	24	0	0	1.0000	0.0000	-1.0000	0.3125	NaN	NaN	NaN	1107359.3219	1107359.7409	0.0000	1.0000	0.4487
27ly02	2	24	0	0	2.0000	0.0000	-1.0000	NaN	1.9236	-5.2508	15.0468	1107360.7581	1107361.0630	0.0000	1.0000	1.9577
27ly02	2	25	0	0	1.0000	0.0000	1.0000	0.8530	NaN	NaN	NaN	1107365.0585	1107365.4776	1.0000	1.0000	0.3910
27ly02	2	25	0	0	2.0000	0.0000	-1.0000	NaN	8.2428	-9.1051	15.9779	1107366.4720	1107366.7765	0.0000	1.0000	0.5009
27ly02	2	26	0	0	1.0000	0.0000	-1.0000	0.8716	NaN	NaN	NaN	1107369.7637	1107370.1775	0.0000	1.0000	0.4919
27ly02	2	26	0	0	2.0000	0.0000	1.0000	NaN	4.6499	3.9139	14.6891	1107371.2551	1107371.5596	1.0000	1.0000	0.5504
27ly02	2	27	0	0	1.0000	0.0000	1.0000	0.3220	NaN	NaN	NaN	1107374.1801	1107374.5704	1.0000	1.0000	0.3708
27ly02	2	27	0	0	2.0000	0.0000	-1.0000	NaN	0.4878	-1.0088	13.2403	1107375.5478	1107375.8513	1.0000	0.0000	1.2499
27ly02	2	28	0	0	1.0000	0.0000	-1.0000	0.9454	NaN	NaN	NaN	1107379.5714	1107379.9220	0.0000	1.0000	0.2993
27ly02	2	28	0	0	2.0000	0.0000	-1.0000	NaN	4.1607	-2.7816	16.4610	1107380.8118	1107381.1140	1.0000	0.0000	1.5558
27ly02	2	29	0	0	1.0000	0.0000	1.0000	0.7024	NaN	NaN	NaN	1107385.2661	1107385.6200	1.0000	1.0000	0.3782
27ly02	2	29	0	0	2.0000	0.0000	-1.0000	NaN	10.4618	-11.5029	13.8267	1107386.6035	1107386.9057	0.0000	1.0000	0.4680
27ly02	2	30	0	0	1.0000	0.0000	1.0000	0.9278	NaN	NaN	NaN	1107389.6636	1107390.0184	1.0000	1.0000	0.4429
27ly02	2	30	0	0	2.0000	0.0000	-1.0000	NaN	6.8151	-8.2182	15.4500	1107391.0516	1107391.3538	0.0000	1.0000	0.8840
27ly02	2	31	0	0	1.0000	0.0000	1.0000	0.2137	NaN	NaN	NaN	1107394.7366	1107395.0875	1.0000	1.0000	0.3344
27ly02	2	31	0	0	2.0000	0.0000	-1.0000	NaN	3.0053	-3.2009	14.8842	1107396.0117	1107396.3140	0.0000	1.0000	2.4193
27ly02	2	32	0	0	1.0000	0.0000	-1.0000	0.1080	NaN	NaN	NaN	1107401.0007	1107401.4207	1.0000	0.0000	0.3534
27ly02	2	32	0	0	2.0000	0.0000	-1.0000	NaN	0.2289	-3.8860	15.4934	1107402.3979	1107402.7033	1.0000	0.0000	0.7660
27ly02	2	33	0	0	1.0000	0.0000	1.0000	0.1134	NaN	NaN	NaN	1107405.7059	1107406.1261	1.0000	1.0000	0.6559
27ly02	2	33	0	0	2.0000	0.0000	-1.0000	NaN	6.4819	-5.8937	16.1727	1107407.3843	1107407.6891	0.0000	1.0000	0.5968
27ly02	2	34	0	0	1.0000	0.0000	1.0000	0.6585	NaN	NaN	NaN	1107410.6135	1107411.0382	1.0000	1.0000	0.4151
27ly02	2	34	0	0	2.0000	0.0000	1.0000	NaN	4.2569	3.2393	16.0260	1107412.0864	1107412.3909	1.0000	1.0000	0.7907
27ly02	2	35	0	0	1.0000	0.0000	-1.0000	0.7203	NaN	NaN	NaN	1107415.8686	1107416.2873	0.0000	1.0000	0.4941
27ly02	2	35	0	0	2.0000	0.0000	-1.0000	NaN	10.9300	-9.3398	13.6392	1107417.3672	1107417.6717	0.0000	1.0000	0.5489
27ly02	2	36	0	0	1.0000	0.0000	1.0000	0.4446	NaN	NaN	NaN	1107420.3553	1107420.7749	1.0000	1.0000	0.4548
27ly02	2	36	0	0	2.0000	0.0000	-1.0000	NaN	4.3149	-5.2936	16.6051	1107421.8292	1107422.1356	0.0000	1.0000	0.9174
27ly02	2	37	0	0	1.0000	0.0000	-1.0000	0.3833	NaN	NaN	NaN	1107425.2965	1107425.7080	0.0000	1.0000	0.5613
27ly02	2	37	0	0	2.0000	0.0000	-1.0000	NaN	5.3212	-5.4083	16.3357	1107426.8589	1107427.1610	0.0000	1.0000	0.5161
27ly02	2	38	0	0	1.0000	0.0000	-1.0000	0.5024	NaN	NaN	NaN	1107429.7762	1107430.1332	0.0000	1.0000	0.5842
27ly02	2	38	0	0	2.0000	0.0000	1.0000	NaN	7.5355	8.0088	13.8549	1107431.2908	1107431.5930	1.0000	1.0000	0.5476
27ly02	2	39	0	0	1.0000	0.0000	-1.0000	0.5286	NaN	NaN	NaN	1107434.3739	1107434.7287	0.0000	1.0000	0.5159
27ly02	2	39	0	0	2.0000	0.0000	1.0000	NaN	11.6333	12.0019	14.6111	1107435.8348	1107436.1371	1.0000	1.0000	0.5634
27ly02	2	40	0	0	1.0000	0.0000	-1.0000	0.2891	NaN	NaN	NaN	1107439.3501	1107439.7006	0.0000	1.0000	0.5858
27ly02	2	40	0	0	2.0000	0.0000	-1.0000	NaN	11.5772	-9.6219	16.1960	1107440.8751	1107441.1773	0.0000	1.0000	0.3559
27ly02	2	41	0	0	1.0000	0.0000	1.0000	0.3296	NaN	NaN	NaN	1107444.1075	1107444.4616	1.0000	1.0000	0.4315
27ly02	2	41	0	0	2.0000	0.0000	1.0000	NaN	5.2397	6.4923	17.0515	1107445.4989	1107445.8012	1.0000	1.0000	0.4674
27ly02	2	42	0	0	1.0000	0.0000	1.0000	0.0680	NaN	NaN	NaN	1107448.7446	1107449.1569	1.0000	1.0000	0.6491
27ly02	2	42	0	0	2.0000	0.0000	1.0000	NaN	9.9124	10.2130	15.8985	1107450.3725	1107450.6769	1.0000	1.0000	0.3602
27ly02	2	43	0	0	1.0000	0.0000	-1.0000	0.6385	NaN	NaN	NaN	1107453.2055	1107453.6233	0.0000	1.0000	0.3904
27ly02	2	43	0	0	2.0000	0.0000	-1.0000	NaN	11.5747	-12.6675	13.8128	1107454.6166	1107454.9212	0.0000	1.0000	0.3713
27ly02	2	44	0	0	1.0000	0.0000	1.0000	0.6026	NaN	NaN	NaN	1107457.3549	1107457.7730	1.0000	1.0000	0.4325
27ly02	2	44	0	0	2.0000	0.0000	-1.0000	NaN	11.2900	-11.6555	14.8740	1107458.7648	1107459.0670	0.0000	1.0000	0.3712
27ly02	2	45	0	0	1.0000	0.0000	-1.0000	0.7370	NaN	NaN	NaN	1107461.5196	1107461.8708	0.0000	1.0000	0.4458
27ly02	2	45	0	0	2.0000	0.0000	-1.0000	NaN	2.7607	-3.7211	14.9870	1107462.8918	1107463.1940	0.0000	1.0000	0.9150
27ly02	2	46	0	0	1.0000	0.0000	1.0000	0.8781	NaN	NaN	NaN	1107466.1735	1107466.5271	1.0000	1.0000	0.8790
27ly02	2	46	0	0	2.0000	0.0000	1.0000	NaN	4.2553	2.7642	15.6999	1107468.0594	1107468.3628	1.0000	1.0000	0.4986
27ly02	2	47	0	0	1.0000	0.0000	1.0000	0.4342	NaN	NaN	NaN	1107471.1586	1107471.5145	1.0000	1.0000	0.5623
27ly02	2	47	0	0	2.0000	0.0000	1.0000	NaN	1.3422	0.0867	14.7676	1107472.6995	1107473.0018	1.0000	1.0000	0.4992
27ly02	2	48	0	0	1.0000	0.0000	1.0000	0.2828	NaN	NaN	NaN	1107475.6663	1107476.0173	1.0000	1.0000	0.4445
27ly02	2	48	0	0	2.0000	0.0000	1.0000	NaN	0.0717	1.0444	16.4381	1107477.0994	1107477.4017	1.0000	1.0000	0.5003
27ly02	2	49	0	0	1.0000	0.0000	-1.0000	0.3600	NaN	NaN	NaN	1107480.2326	1107480.5834	0.0000	1.0000	0.4211
27ly02	2	49	0	0	2.0000	0.0000	1.0000	NaN	11.8237	11.1256	15.6703	1107481.5804	1107481.8826	1.0000	1.0000	0.4018
27ly02	2	50	0	0	1.0000	0.0000	-1.0000	0.5952	NaN	NaN	NaN	1107484.3828	1107484.7335	0.0000	1.0000	0.7042
27ly02	2	50	0	0	2.0000	0.0000	-1.0000	NaN	7.8275	-6.2939	14.3188	1107486.0283	1107486.3304	0.0000	1.0000	0.4674
27ly02	3	1	0	0	1.0000	0.0000	1.0000	0.1078	NaN	NaN	NaN	1107500.6464	1107501.0588	1.0000	1.0000	0.3629
27ly02	3	1	0	0	2.0000	0.0000	-1.0000	NaN	3.3079	-1.4197	13.7034	1107502.0436	1107502.3459	1.0000	0.0000	0.5485
27ly02	3	2	0	0	1.0000	0.0000	-1.0000	0.1458	NaN	NaN	NaN	1107504.7754	1107505.1294	0.0000	1.0000	0.5156
27ly02	3	2	0	0	2.0000	0.0000	-1.0000	NaN	3.8152	-3.9709	15.0223	1107506.2363	1107506.5386	0.0000	1.0000	0.9785
27ly02	3	3	0	0	1.0000	0.0000	-1.0000	0.8375	NaN	NaN	NaN	1107509.3343	1107509.6852	0.0000	1.0000	0.3118
27ly02	3	3	0	0	2.0000	0.0000	1.0000	NaN	10.5472	8.9158	14.7509	1107510.5558	1107510.8580	1.0000	1.0000	0.3073
27ly02	3	4	0	0	1.0000	0.0000	1.0000	0.8064	NaN	NaN	NaN	1107513.1370	1107513.4915	1.0000	1.0000	0.3929
27ly02	3	4	0	0	2.0000	0.0000	1.0000	NaN	7.9374	6.3867	14.6591	1107514.4912	1107514.7944	1.0000	1.0000	0.4505
27ly02	3	5	0	0	1.0000	0.0000	-1.0000	0.0002	NaN	NaN	NaN	1107517.6355	1107517.9914	1.0000	0.0000	0.5657
27ly02	3	5	0	0	2.0000	0.0000	-1.0000	NaN	2.5388	-3.1587	15.6780	1107519.1309	1107519.4330	0.0000	1.0000	1.2040
27ly02	3	6	0	0	1.0000	0.0000	-1.0000	0.7714	NaN	NaN	NaN	1107523.0483	1107523.4010	0.0000	1.0000	0.3079
27ly02	3	6	0	0	2.0000	0.0000	-1.0000	NaN	1.2636	-0.8397	15.0976	1107524.2831	1107524.5853	1.0000	0.0000	0.6916
27ly02	3	7	0	0	1.0000	0.0000	-1.0000	0.9424	NaN	NaN	NaN	1107527.6034	1107527.9575	0.0000	1.0000	0.2150
27ly02	3	7	0	0	2.0000	0.0000	1.0000	NaN	4.4378	4.0726	13.8549	1107528.7635	1107529.0658	1.0000	1.0000	0.5317
27ly02	3	8	0	0	1.0000	0.0000	1.0000	0.9410	NaN	NaN	NaN	1107531.9036	1107532.2571	1.0000	1.0000	0.3318
27ly02	3	8	0	0	2.0000	0.0000	1.0000	NaN	3.7977	3.4187	15.0731	1107533.1947	1107533.4969	1.0000	1.0000	0.5326
27ly02	3	9	0	0	1.0000	0.0000	-1.0000	0.1920	NaN	NaN	NaN	1107536.3603	1107536.7124	0.0000	1.0000	0.5160
27ly02	3	9	0	0	2.0000	0.0000	1.0000	NaN	8.0996	9.1188	17.0301	1107537.8037	1107538.1059	1.0000	1.0000	0.3237
27ly02	3	10	0	0	1.0000	0.0000	-1.0000	0.4157	NaN	NaN	NaN	1107540.3108	1107540.7175	0.0000	1.0000	0.6238
27ly02	3	10	0	0	2.0000	0.0000	1.0000	NaN	9.4193	9.3076	16.0086	1107541.9388	1107542.2455	1.0000	1.0000	0.5190
27ly02	3	11	0	0	1.0000	0.0000	1.0000	0.0876	NaN	NaN	NaN	1107545.2073	1107545.6316	1.0000	1.0000	0.4460
27ly02	3	11	0	0	2.0000	0.0000	1.0000	NaN	2.4460	0.5348	14.6397	1107546.7111	1107547.0162	1.0000	1.0000	0.6443
27ly02	3	12	0	0	1.0000	0.0000	1.0000	0.8076	NaN	NaN	NaN	1107550.1772	1107550.5968	1.0000	1.0000	0.3600
27ly02	3	12	0	0	2.0000	0.0000	1.0000	NaN	9.7378	11.3690	15.5299	1107551.5728	1107551.8792	1.0000	1.0000	0.2945
27ly02	3	13	0	0	1.0000	0.0000	1.0000	0.1391	NaN	NaN	NaN	1107554.1984	1107554.6182	1.0000	1.0000	0.5308
27ly02	3	13	0	0	2.0000	0.0000	1.0000	NaN	1.3590	1.0666	13.9584	1107555.7713	1107556.0742	1.0000	1.0000	0.4674
27ly02	3	14	0	0	1.0000	0.0000	1.0000	0.2270	NaN	NaN	NaN	1107558.6568	1107559.0113	1.0000	1.0000	0.6822
27ly02	3	14	0	0	2.0000	0.0000	-1.0000	NaN	5.8725	-3.6176	16.1990	1107560.3002	1107560.6025	0.0000	1.0000	0.4836
27ly02	3	15	0	0	1.0000	0.0000	1.0000	0.4447	NaN	NaN	NaN	1107563.1006	1107563.4556	1.0000	1.0000	0.5747
27ly02	3	15	0	0	2.0000	0.0000	-1.0000	NaN	8.5716	-9.7109	15.1747	1107564.5560	1107564.8586	0.0000	1.0000	0.3393
27ly02	3	16	0	0	1.0000	0.0000	1.0000	0.5913	NaN	NaN	NaN	1107567.4391	1107567.7930	1.0000	1.0000	0.4914
27ly02	3	16	0	0	2.0000	0.0000	-1.0000	NaN	8.5382	-8.6220	14.7924	1107568.9079	1107569.2102	0.0000	1.0000	0.2590
27ly02	3	17	0	0	1.0000	0.0000	1.0000	0.8352	NaN	NaN	NaN	1107571.7844	1107572.1384	1.0000	1.0000	0.4672
27ly02	3	17	0	0	2.0000	0.0000	-1.0000	NaN	1.9186	-0.4717	13.6298	1107573.2115	1107573.5136	1.0000	0.0000	0.5643
27ly02	3	18	0	0	1.0000	0.0000	-1.0000	0.0829	NaN	NaN	NaN	1107576.3756	1107576.7271	0.0000	1.0000	0.3421
27ly02	3	18	0	0	2.0000	0.0000	-1.0000	NaN	4.5902	-2.2396	15.9344	1107577.6594	1107577.9617	0.0000	1.0000	0.9483
27ly02	3	19	0	0	1.0000	0.0000	1.0000	0.0778	NaN	NaN	NaN	1107581.3504	1107581.7046	0.0000	0.0000	0.7412
27ly02	3	19	0	0	2.0000	0.0000	1.0000	NaN	8.6672	10.4675	15.3060	1107583.0354	1107583.3375	1.0000	1.0000	0.2594
27ly02	3	20	0	0	1.0000	0.0000	-1.0000	0.3889	NaN	NaN	NaN	1107585.9422	1107586.3616	0.0000	1.0000	0.5634
27ly02	3	20	0	0	2.0000	0.0000	-1.0000	NaN	9.5730	-8.8935	14.7090	1107587.5110	1107587.8155	0.0000	1.0000	0.4529
27ly02	3	21	0	0	1.0000	0.0000	1.0000	0.0339	NaN	NaN	NaN	1107590.6466	1107591.0662	1.0000	1.0000	0.5941
27ly02	3	21	0	0	2.0000	0.0000	-1.0000	NaN	8.9983	-8.5062	15.2566	1107592.2770	1107592.5812	0.0000	1.0000	0.3432
27ly02	3	22	0	0	1.0000	0.0000	1.0000	0.4538	NaN	NaN	NaN	1107595.1042	1107595.5161	1.0000	1.0000	0.3216
27ly02	3	22	0	0	2.0000	0.0000	1.0000	NaN	5.2471	5.5293	14.6629	1107596.4703	1107596.7768	1.0000	1.0000	0.5003
27ly02	3	23	0	0	1.0000	0.0000	-1.0000	0.1507	NaN	NaN	NaN	1107599.4287	1107599.8493	0.0000	1.0000	0.6751
27ly02	3	23	0	0	2.0000	0.0000	-1.0000	NaN	9.5918	-8.6257	16.8422	1107601.0776	1107601.3821	0.0000	1.0000	0.4707
27ly02	3	24	0	0	1.0000	0.0000	1.0000	0.5813	NaN	NaN	NaN	1107604.2202	1107604.6202	1.0000	1.0000	0.8802
27ly02	3	24	0	0	2.0000	0.0000	1.0000	NaN	8.0014	7.4542	16.9473	1107606.0753	1107606.3775	1.0000	1.0000	0.5468
27ly02	3	25	0	0	1.0000	0.0000	-1.0000	0.2468	NaN	NaN	NaN	1107608.9739	1107609.3254	0.0000	1.0000	0.4790
27ly02	3	25	0	0	2.0000	0.0000	-1.0000	NaN	1.0656	-1.3122	16.8134	1107610.3806	1107610.6827	1.0000	0.0000	0.5621
27ly02	3	26	0	0	1.0000	0.0000	-1.0000	0.2291	NaN	NaN	NaN	1107613.8236	1107614.1751	0.0000	1.0000	0.7972
27ly02	3	26	0	0	2.0000	0.0000	-1.0000	NaN	11.9377	-12.9146	15.0259	1107615.5312	1107615.8335	0.0000	1.0000	0.3388
27ly02	3	27	0	0	1.0000	0.0000	1.0000	0.2587	NaN	NaN	NaN	1107618.2897	1107618.6416	1.0000	1.0000	0.4275
27ly02	3	27	0	0	2.0000	0.0000	-1.0000	NaN	4.0147	-5.0878	15.1041	1107619.6753	1107619.9776	0.0000	1.0000	0.4828
27ly02	3	28	0	0	1.0000	0.0000	-1.0000	0.1970	NaN	NaN	NaN	1107622.4012	1107622.7567	0.0000	1.0000	0.4237
27ly02	3	28	0	0	2.0000	0.0000	1.0000	NaN	5.6772	6.4058	15.6685	1107623.7237	1107624.0259	1.0000	1.0000	0.3865
27ly02	3	29	0	0	1.0000	0.0000	-1.0000	0.1728	NaN	NaN	NaN	1107626.8598	1107627.2126	0.0000	1.0000	0.5121
27ly02	3	29	0	0	2.0000	0.0000	-1.0000	NaN	9.7786	-9.1942	13.5740	1107628.3154	1107628.6175	0.0000	1.0000	0.3878
27ly02	3	30	0	0	1.0000	0.0000	1.0000	0.8208	NaN	NaN	NaN	1107631.4729	1107631.8929	1.0000	1.0000	0.2801
27ly02	3	30	0	0	2.0000	0.0000	1.0000	NaN	7.3159	5.4698	14.3365	1107632.7588	1107633.0632	1.0000	1.0000	0.5011
27ly02	3	31	0	0	1.0000	0.0000	1.0000	0.1550	NaN	NaN	NaN	1107636.0679	1107636.4808	0.0000	0.0000	0.7161
27ly02	3	31	0	0	2.0000	0.0000	-1.0000	NaN	11.9503	-9.8734	14.3551	1107637.7638	1107638.0682	0.0000	1.0000	0.3135
27ly02	3	32	0	0	1.0000	0.0000	-1.0000	0.1282	NaN	NaN	NaN	1107640.6955	1107641.1144	0.0000	1.0000	0.3065
27ly02	3	32	0	0	2.0000	0.0000	1.0000	NaN	0.8380	3.0921	14.9693	1107641.9965	1107642.2986	1.0000	1.0000	0.4657
27ly02	3	33	0	0	1.0000	0.0000	-1.0000	0.2589	NaN	NaN	NaN	1107645.1722	1107645.5236	0.0000	1.0000	0.3928
27ly02	3	33	0	0	2.0000	0.0000	1.0000	NaN	7.7133	8.4963	15.3662	1107646.4760	1107646.7783	1.0000	1.0000	0.2900
27ly02	3	34	0	0	1.0000	0.0000	-1.0000	0.7530	NaN	NaN	NaN	1107649.5253	1107649.8779	0.0000	1.0000	0.2951
27ly02	3	34	0	0	2.0000	0.0000	-1.0000	NaN	6.5236	-7.7551	13.1689	1107650.7474	1107651.0496	0.0000	1.0000	0.4187
27ly02	3	35	0	0	1.0000	0.0000	-1.0000	0.3900	NaN	NaN	NaN	1107653.5342	1107653.8881	0.0000	1.0000	0.3814
27ly02	3	35	0	0	2.0000	0.0000	-1.0000	NaN	6.8465	-6.9049	14.9071	1107654.8606	1107655.1629	0.0000	1.0000	0.9144
27ly02	3	36	0	0	1.0000	0.0000	-1.0000	0.8829	NaN	NaN	NaN	1107658.4014	1107658.7551	0.0000	1.0000	0.7146
27ly02	3	36	0	0	2.0000	0.0000	-1.0000	NaN	7.5823	-6.9791	14.9293	1107660.0429	1107660.3450	0.0000	1.0000	0.3563
27ly02	3	37	0	0	1.0000	0.0000	-1.0000	0.2823	NaN	NaN	NaN	1107662.8005	1107663.1548	0.0000	1.0000	0.4895
27ly02	3	37	0	0	2.0000	0.0000	1.0000	NaN	8.8035	10.9336	14.9345	1107664.2206	1107664.5228	1.0000	1.0000	0.4032
27ly02	3	38	0	0	1.0000	0.0000	1.0000	0.0009	NaN	NaN	NaN	1107667.0061	1107667.3576	0.0000	0.0000	0.9274
27ly02	3	38	0	0	2.0000	0.0000	1.0000	NaN	6.4390	6.2795	13.9415	1107668.8275	1107669.1299	1.0000	1.0000	0.2596
27ly02	3	39	0	0	1.0000	0.0000	1.0000	0.6570	NaN	NaN	NaN	1107671.7321	1107672.0878	1.0000	1.0000	0.4220
27ly02	3	39	0	0	2.0000	0.0000	-1.0000	NaN	3.7435	-2.9952	13.7291	1107673.0996	1107673.4031	1.0000	0.0000	0.5136
27ly02	3	40	0	0	1.0000	0.0000	1.0000	0.0781	NaN	NaN	NaN	1107675.7830	1107676.1941	0.0000	0.0000	1.6262
27ly02	3	40	0	0	2.0000	0.0000	-1.0000	NaN	4.8071	-6.1945	14.1667	1107678.4043	1107678.7080	0.0000	1.0000	0.6496
27ly02	3	41	0	0	1.0000	0.0000	-1.0000	0.0178	NaN	NaN	NaN	1107681.9416	1107682.3624	0.0000	1.0000	2.4986
27ly02	3	41	0	0	2.0000	0.0000	-1.0000	NaN	1.7961	-1.3386	15.9126	1107685.4199	1107685.7221	1.0000	0.0000	1.3149
27ly02	3	42	0	0	1.0000	0.0000	1.0000	0.8988	NaN	NaN	NaN	1107689.7634	1107690.1201	1.0000	1.0000	0.4682
27ly02	3	42	0	0	2.0000	0.0000	1.0000	NaN	7.2216	8.8233	16.0873	1107691.1946	1107691.4968	1.0000	1.0000	0.4049
27ly02	3	43	0	0	1.0000	0.0000	1.0000	0.4705	NaN	NaN	NaN	1107694.3234	1107694.6759	1.0000	1.0000	0.5049
27ly02	3	43	0	0	2.0000	0.0000	-1.0000	NaN	2.5784	-2.8444	15.2371	1107695.7714	1107696.0736	1.0000	0.0000	0.7405
27ly02	3	44	0	0	1.0000	0.0000	1.0000	0.4349	NaN	NaN	NaN	1107698.8639	1107699.2196	1.0000	1.0000	4.6492
27ly02	3	44	0	0	2.0000	0.0000	-1.0000	NaN	0.8541	-2.9734	13.8331	1107704.4274	1107704.7296	0.0000	1.0000	0.6426
27ly02	3	45	0	0	1.0000	0.0000	1.0000	0.7277	NaN	NaN	NaN	1107707.8812	1107708.2360	1.0000	1.0000	0.8488
27ly02	3	45	0	0	2.0000	0.0000	1.0000	NaN	11.6069	10.9988	14.9762	1107709.6766	1107709.9788	1.0000	1.0000	1.0579
27ly02	3	46	0	0	1.0000	0.0000	1.0000	0.6217	NaN	NaN	NaN	1107713.0521	1107713.4035	1.0000	1.0000	0.4654
27ly02	3	46	0	0	2.0000	0.0000	-1.0000	NaN	11.1483	-12.6061	15.7846	1107714.4593	1107714.7616	0.0000	1.0000	0.4515
27ly02	3	47	0	0	1.0000	0.0000	-1.0000	0.4669	NaN	NaN	NaN	1107717.5872	1107717.9383	0.0000	1.0000	0.6193
27ly02	3	47	0	0	2.0000	0.0000	1.0000	NaN	7.9183	7.1298	15.6661	1107719.1008	1107719.4029	1.0000	1.0000	0.4813
27ly02	3	48	0	0	1.0000	0.0000	-1.0000	0.6161	NaN	NaN	NaN	1107721.9175	1107722.2979	0.0000	1.0000	0.4504
27ly02	3	48	0	0	2.0000	0.0000	1.0000	NaN	5.5170	3.9508	15.1082	1107723.2755	1107723.5776	1.0000	1.0000	0.4033
27ly02	3	49	0	0	1.0000	0.0000	1.0000	0.3612	NaN	NaN	NaN	1107726.4778	1107726.8350	1.0000	1.0000	0.6672
27ly02	3	49	0	0	2.0000	0.0000	1.0000	NaN	7.1396	7.3854	16.5393	1107728.0757	1107728.3778	1.0000	1.0000	1.4744
27ly02	3	50	0	0	1.0000	0.0000	1.0000	0.6316	NaN	NaN	NaN	1107731.6697	1107732.0210	1.0000	1.0000	0.4248
27ly02	3	50	0	0	2.0000	0.0000	1.0000	NaN	4.5955	5.9209	16.2041	1107733.0512	1107733.3535	1.0000	1.0000	0.6118
