15wy03	1	1	1	1	1	1	1	NaN	1.2436	3.0652	14.7118	163343.1242	163343.4265	1	1	0.6918
15wy03	1	1	1	1	2	1	1	0.0203	NaN	NaN	NaN	163344.6774	163345.028	0	0	0.3543
15wy03	1	2	1	1	1	1	1	NaN	8.6895	9.7109	14.4972	163347.5641	163347.8664	1	1	0.3327
15wy03	1	2	1	1	2	1	1	0.0776	NaN	NaN	NaN	163348.8038	163349.1583	1	1	0.1932
15wy03	1	3	1	1	1	1	-1	NaN	3.4106	-2.6063	16.6078	163351.5737	163351.8758	1	0	0.4832
15wy03	1	3	1	1	2	1	-1	0.1007	NaN	NaN	NaN	163352.9162	163353.2705	1	0	0.4164
15wy03	1	4	1	1	1	1	-1	NaN	6.4904	-7.0379	15.3936	163355.9984	163356.3023	0	1	0.2639
15wy03	1	4	1	1	2	1	1	0.0867	NaN	NaN	NaN	163357.1757	163357.5827	1	1	0.1996
15wy03	1	5	1	1	1	1	-1	NaN	6.8584	-6.8007	15.5488	163359.979	163360.2835	1	0	1.7713
15wy03	1	5	1	1	2	1	-1	0.0566	NaN	NaN	NaN	163362.5991	163363.0155	1	0	0.3524
15wy03	1	6	1	1	1	1	1	NaN	7.3434	9.1051	15.2806	163365.6092	163365.9136	1	1	0.2382
15wy03	1	6	1	1	2	1	1	0.0338	NaN	NaN	NaN	163366.7311	163367.1455	1	1	0.2208
15wy03	1	7	1	1	1	1	-1	NaN	1.7107	-0.185	14.4409	163369.4634	163369.7657	0	1	0.8171
15wy03	1	7	1	1	2	1	1	0.0601	NaN	NaN	NaN	163371.1398	163371.4917	1	1	0.2597
15wy03	1	8	1	1	1	1	1	NaN	8.788	10.2471	14.7846	163374.1567	163374.4588	1	1	0.2995
15wy03	1	8	1	1	2	1	1	0.1348	NaN	NaN	NaN	163375.3643	163375.7194	1	1	0.2709
15wy03	1	9	1	1	1	1	1	NaN	2.6907	3.8627	14.8083	163378.262	163378.5642	1	1	0.3077
15wy03	1	9	1	1	2	1	1	0.0878	NaN	NaN	NaN	163379.4766	163379.8289	1	1	0.3054
15wy03	1	10	1	1	1	1	-1	NaN	6.4149	-6.0566	13.5145	163382.7284	163383.0305	0	1	0.7198
15wy03	1	10	1	1	2	1	1	0.0205	NaN	NaN	NaN	163384.3252	163384.6764	0	0	0.4184
15wy03	1	11	1	1	1	1	1	NaN	6.4882	6.9678	14.8254	163387.6761	163387.9783	1	1	0.2372
15wy03	1	11	1	1	2	1	1	0.157	NaN	NaN	NaN	163388.7878	163389.1408	1	1	0.0815
15wy03	1	12	1	1	1	1	1	NaN	2.2931	3.336	14.5777	163391.289	163391.5912	1	1	0.2871
15wy03	1	12	1	1	2	1	1	0.094	NaN	NaN	NaN	163392.4205	163392.7739	1	1	0.2894
15wy03	1	13	1	1	1	1	-1	NaN	6.2478	-6.5438	15.3231	163395.4925	163395.7947	1	0	0.644
15wy03	1	13	1	1	2	1	-1	0.0073	NaN	NaN	NaN	163396.9964	163397.3518	1	0	0.3031
15wy03	1	14	1	1	1	1	-1	NaN	8.4399	-9.016	14.4995	163399.8419	163400.1441	0	1	0.2621
15wy03	1	14	1	1	2	1	1	0.1566	NaN	NaN	NaN	163400.9486	163401.3057	1	1	0.2849
15wy03	1	15	1	1	1	1	-1	NaN	1.9717	-0.5494	15.3254	163403.891	163404.1955	1	0	0.5637
15wy03	1	15	1	1	2	1	-1	0.0122	NaN	NaN	NaN	163405.3036	163405.7135	1	0	0.2288
15wy03	1	16	1	1	1	1	1	NaN	0.34	0.5189	15.2999	163408.3219	163408.6241	1	1	0.5514
15wy03	1	16	1	1	2	1	1	0.0446	NaN	NaN	NaN	163409.6999	163410.0552	1	1	0.3197
15wy03	1	17	1	1	1	1	-1	NaN	2.9192	-0.6891	15.9693	163412.6133	163412.9155	1	0	0.9628
15wy03	1	17	1	1	2	1	-1	0.1341	NaN	NaN	NaN	163414.4213	163414.7728	0	1	0.4495
15wy03	1	18	1	1	1	1	1	NaN	0.757	1.2219	16.1459	163417.5042	163417.8064	1	1	0.3928
15wy03	1	18	1	1	2	1	1	0.1567	NaN	NaN	NaN	163418.7577	163419.1075	1	1	0.3068
15wy03	1	19	1	1	1	1	1	NaN	4.9253	7.2123	13.089	163421.6517	163421.9538	1	1	0.3098
15wy03	1	19	1	1	2	1	1	0.0547	NaN	NaN	NaN	163422.8213	163423.1724	1	1	0.4978
15wy03	1	20	1	1	1	1	-1	NaN	5.7675	-7.4895	13.1268	163425.6352	163425.9374	0	1	0.3409
15wy03	1	20	1	1	2	1	1	0.1973	NaN	NaN	NaN	163426.8207	163427.1723	1	1	0.2591
15wy03	1	21	1	1	1	1	-1	NaN	7.4184	-6.4636	15.8104	163429.7102	163430.0124	0	1	0.4259
15wy03	1	21	1	1	2	1	1	0.158	NaN	NaN	NaN	163430.9807	163431.3374	1	1	0.2698
15wy03	1	22	1	1	1	1	1	NaN	0.94	3.19	14.8785	163433.6448	163433.9471	1	1	0.4113
15wy03	1	22	1	1	2	1	1	0.1958	NaN	NaN	NaN	163434.8998	163435.2541	1	1	0.3043
15wy03	1	23	1	1	1	1	-1	NaN	6.2899	-9.9323	15.1337	163437.7817	163438.0846	0	1	0.2745
15wy03	1	23	1	1	2	1	1	0.047	NaN	NaN	NaN	163438.9007	163439.2538	1	1	0.2096
15wy03	1	24	1	1	1	1	-1	NaN	3.138	-3.8031	14.2796	163441.3019	163441.6041	0	1	0.2103
15wy03	1	24	1	1	2	1	1	0.1432	NaN	NaN	NaN	163442.3734	163442.7261	1	1	0.1454
15wy03	1	25	1	1	1	1	1	NaN	9.3763	7.4355	14.7455	163445.0023	163445.3045	1	1	0.1909
15wy03	1	25	1	1	2	1	1	0.0057	NaN	NaN	NaN	163446.0371	163446.388	1	1	0.1629
15wy03	1	26	1	1	1	1	-1	NaN	1.6964	-2.6201	15.5279	163448.8981	163449.2049	0	1	0.6414
15wy03	1	26	1	1	2	1	1	0.2058	NaN	NaN	NaN	163450.3599	163450.7766	1	1	0.1271
15wy03	1	27	1	1	1	1	1	NaN	4.7396	4.3152	12.8564	163453.1602	163453.4644	1	1	0.1751
15wy03	1	27	1	1	2	1	1	0.1232	NaN	NaN	NaN	163454.1673	163454.5782	1	1	0.1962
15wy03	1	28	1	1	1	1	-1	NaN	1.3703	-1.163	14.5341	163456.8086	163457.1135	1	0	0.2532
15wy03	1	28	1	1	2	1	-1	0.0434	NaN	NaN	NaN	163457.8797	163458.2946	0	1	0.3368
15wy03	1	29	1	1	1	1	-1	NaN	3.9317	-4.4775	16.5175	163461.1213	163461.4257	0	1	0.3406
15wy03	1	29	1	1	2	1	1	0.0529	NaN	NaN	NaN	163462.2956	163462.7106	1	1	0.0806
15wy03	1	30	1	1	1	1	-1	NaN	1.1319	-2.6494	15.5927	163465.2998	163465.6047	0	1	0.7226
15wy03	1	30	1	1	2	1	1	0.1028	NaN	NaN	NaN	163466.8584	163467.2771	1	1	0.0732
15wy03	1	31	1	1	1	1	-1	NaN	3.8964	-3.1771	17.1289	163469.8001	163470.1045	0	1	1.1825
15wy03	1	31	1	1	2	1	1	0.2094	NaN	NaN	NaN	163471.8316	163472.2313	1	1	0.2072
15wy03	1	32	1	1	1	1	1	NaN	1.862	2.0622	14.6516	163474.3202	163474.6223	1	1	0.3774
15wy03	1	32	1	1	2	1	1	0.1733	NaN	NaN	NaN	163475.5245	163475.8812	1	1	0.2858
15wy03	1	33	1	1	1	1	-1	NaN	2.3262	-1.6322	16.1725	163478.6214	163478.9236	0	1	0.4755
15wy03	1	33	1	1	2	1	1	0.0396	NaN	NaN	NaN	163479.9408	163480.2978	1	1	0.2858
15wy03	1	34	1	1	1	1	-1	NaN	0.0871	-1.2774	15.0481	163482.8143	163483.1172	1	0	0.3304
15wy03	1	34	1	1	2	1	-1	0.0208	NaN	NaN	NaN	163483.9884	163484.3405	1	0	0.3858
15wy03	1	35	1	1	1	1	-1	NaN	2.1347	-2.2468	15.1792	163486.8271	163487.1292	0	1	0.3497
15wy03	1	35	1	1	2	1	1	0.1369	NaN	NaN	NaN	163488.0211	163488.3739	1	1	0.2245
15wy03	1	36	1	1	1	1	1	NaN	7.0335	5.1316	14.6967	163490.5293	163490.8325	1	1	0.2139
15wy03	1	36	1	1	2	1	1	0.0245	NaN	NaN	NaN	163491.5887	163491.9408	1	1	0.3055
15wy03	1	37	1	1	1	1	-1	NaN	9.1018	-8.7717	15.8478	163494.3705	163494.675	0	1	0.2606
15wy03	1	37	1	1	2	1	1	0.1844	NaN	NaN	NaN	163495.4955	163495.9089	1	1	0.1949
15wy03	1	38	1	1	1	1	-1	NaN	4.6454	-5.3049	15.4761	163498.409	163498.7147	0	1	0.4116
15wy03	1	38	1	1	2	1	1	0.0541	NaN	NaN	NaN	163499.6751	163500.092	1	1	0.2838
15wy03	1	39	1	1	1	1	1	NaN	8.9095	9.1931	15.8804	163502.5673	163502.8717	1	1	0.1442
15wy03	1	39	1	1	2	1	1	0.1094	NaN	NaN	NaN	163503.5757	163503.9919	1	1	0.2865
15wy03	1	40	1	1	1	1	1	NaN	7.3004	7.872	14.2873	163506.2689	163506.5734	1	1	0.153
15wy03	1	40	1	1	2	1	1	0.2162	NaN	NaN	NaN	163507.2737	163507.6916	1	1	0.2667
15wy03	1	41	1	1	1	1	1	NaN	6.1249	5.9042	15.5646	163509.8235	163510.1279	1	1	0.2157
15wy03	1	41	1	1	2	1	1	0.1974	NaN	NaN	NaN	163510.8742	163511.2629	1	1	0.2969
15wy03	1	42	1	1	1	1	-1	NaN	1.5149	-1.6618	15.5057	163513.8224	163514.1246	1	0	0.5217
15wy03	1	42	1	1	2	1	-1	0.0328	NaN	NaN	NaN	163515.1887	163515.5459	1	0	0.3164
15wy03	1	43	1	1	1	1	-1	NaN	2.0245	-1.7369	14.972	163518.2672	163518.5694	1	0	0.3818
15wy03	1	43	1	1	2	1	-1	0.2052	NaN	NaN	NaN	163519.4916	163519.8456	0	1	0.3537
15wy03	1	44	1	1	1	1	-1	NaN	1.8611	-2.2199	14.5973	163522.0539	163522.356	1	0	0.4667
15wy03	1	44	1	1	2	1	-1	0.2218	NaN	NaN	NaN	163523.3485	163523.7009	0	1	0.69
15wy03	1	45	1	1	1	1	-1	NaN	9.6046	-9.7356	13.9455	163526.5045	163526.8067	0	1	0.3688
15wy03	1	45	1	1	2	1	1	0.0272	NaN	NaN	NaN	163527.7333	163528.084	1	1	0.2431
15wy03	1	46	1	1	1	1	1	NaN	0.7059	1.1797	14.779	163530.8556	163531.1578	1	1	1.0569
15wy03	1	46	1	1	2	1	1	0.1663	NaN	NaN	NaN	163532.7408	163533.0949	1	1	0.3688
15wy03	1	47	1	1	1	1	-1	NaN	11.1228	-10.4808	14.4308	163535.7107	163536.0143	0	1	0.2961
15wy03	1	47	1	1	2	1	1	0.0289	NaN	NaN	NaN	163536.8527	163537.205	1	1	0.3374
15wy03	1	48	1	1	1	1	1	NaN	0.9032	0.1117	14.8482	163539.9085	163540.2152	1	1	0.3039
15wy03	1	48	1	1	2	1	1	0.1758	NaN	NaN	NaN	163541.0789	163541.49	1	1	0.3577
15wy03	1	49	1	1	1	1	-1	NaN	2.1004	-2.3569	16.0234	163544.37	163544.675	1	0	0.4207
15wy03	1	49	1	1	2	1	-1	0.1725	NaN	NaN	NaN	163545.6561	163546.0737	1	0	0.5727
15wy03	1	50	1	1	1	1	-1	NaN	2.1049	-2.0049	14.3807	163549.042	163549.3492	1	0	0.5772
15wy03	1	50	1	1	2	1	-1	0.033	NaN	NaN	NaN	163550.4559	163550.8729	0	1	0.2542
15wy03	2	1	1	1	1	1	1	NaN	4.8138	3.8348	13.8379	163554.8591	163555.1662	1	1	0.2802
15wy03	2	1	1	1	2	1	1	0.1023	NaN	NaN	NaN	163555.975	163556.3893	1	1	0.2256
15wy03	2	2	1	1	1	1	1	NaN	1.3797	0.5597	14.3276	163559.0012	163559.3056	1	1	0.4614
15wy03	2	2	1	1	2	1	1	0.1003	NaN	NaN	NaN	163560.3266	163560.739	1	1	0.3076
15wy03	2	3	1	1	1	1	1	NaN	5.7154	6.271	15.7453	163563.233	163563.5376	1	1	0.1971
15wy03	2	3	1	1	2	1	1	0.177	NaN	NaN	NaN	163564.2949	163564.7051	1	1	0.2454
15wy03	2	4	1	1	1	1	1	NaN	8.6271	8.1791	14.3968	163567.473	163567.7783	1	1	0.2775
15wy03	2	4	1	1	2	1	1	0.001	NaN	NaN	NaN	163568.6179	163569.0386	1	1	0.1838
15wy03	2	5	1	1	1	1	-1	NaN	4.8834	-5.3029	15.2733	163571.6803	163571.9843	1	0	0.503
15wy03	2	5	1	1	2	1	-1	0.1513	NaN	NaN	NaN	163573.0183	163573.4384	0	1	0.216
15wy03	2	6	1	1	1	1	1	NaN	10.2137	9.4737	14.2398	163576.2275	163576.5323	1	1	0.2116
15wy03	2	6	1	1	2	1	1	0.0547	NaN	NaN	NaN	163577.2873	163577.705	1	1	0.1432
15wy03	2	7	1	1	1	1	-1	NaN	6.0994	-5.1245	13.6735	163580.169	163580.4731	1	0	0.6055
15wy03	2	7	1	1	2	1	-1	0.0953	NaN	NaN	NaN	163581.6234	163582.0375	0	1	0.1466
15wy03	2	8	1	1	1	1	-1	NaN	1.8695	-2.8735	14.0857	163584.8403	163585.1473	0	1	0.3327
15wy03	2	8	1	1	2	1	1	0.1104	NaN	NaN	NaN	163586.0231	163586.4372	1	1	0.2103
15wy03	2	9	1	1	1	1	-1	NaN	6.3977	-6.6096	16.2269	163588.8014	163589.1062	0	1	0.8683
15wy03	2	9	1	1	2	1	1	0.203	NaN	NaN	NaN	163590.5039	163590.921	1	1	0.1266
15wy03	2	10	1	1	1	1	1	NaN	10.784	10.934	14.2875	163593.3526	163593.6571	1	1	0.254
15wy03	2	10	1	1	2	1	1	0.1619	NaN	NaN	NaN	163594.4557	163594.8707	1	1	0.0637
15wy03	2	11	1	1	1	1	-1	NaN	2.873	-2.7247	14.6008	163597.2104	163597.5149	1	0	0.3955
15wy03	2	11	1	1	2	1	-1	0.025	NaN	NaN	NaN	163598.4236	163598.8372	0	1	0.3533
15wy03	2	12	1	1	1	1	-1	NaN	8.7053	-9.8282	14.7093	163601.1798	163601.4841	0	1	0.3316
15wy03	2	12	1	1	2	1	1	0.0342	NaN	NaN	NaN	163602.3597	163602.7699	1	1	0.0384
15wy03	2	13	1	1	1	1	1	NaN	6.4581	7.6938	15.6458	163605.1483	163605.4526	1	1	0.1551
15wy03	2	13	1	1	2	1	1	0.2092	NaN	NaN	NaN	163606.1359	163606.5301	1	1	0.2129
15wy03	2	14	1	1	1	1	-1	NaN	3.7532	-3.2728	16.2425	163609.3494	163609.6516	0	1	0.7081
15wy03	2	14	1	1	2	1	1	0.0027	NaN	NaN	NaN	163610.8847	163611.2412	0	0	0.35
15wy03	2	15	1	1	1	1	1	NaN	8.5608	8.5923	14.5088	163614.0116	163614.3137	1	1	0.1578
15wy03	2	15	1	1	2	1	1	0.1099	NaN	NaN	NaN	163615.0127	163615.363	1	1	0.2281
15wy03	2	16	1	1	1	1	1	NaN	5.8169	6.4946	14.7151	163617.7307	163618.033	1	1	0.1991
15wy03	2	16	1	1	2	1	1	0.1625	NaN	NaN	NaN	163618.7569	163619.1116	1	1	0.1749
15wy03	2	17	1	1	1	1	-1	NaN	3.5581	-2.9737	14.1647	163621.5754	163621.8775	1	0	0.2423
15wy03	2	17	1	1	2	1	-1	0.0155	NaN	NaN	NaN	163622.661	163623.0126	1	0	0.2911
15wy03	2	18	1	1	1	1	1	NaN	5.4195	4.7646	14.7248	163625.3519	163625.6541	1	1	0.4969
15wy03	2	18	1	1	2	1	1	0.1748	NaN	NaN	NaN	163626.6136	163626.9642	1	1	0.2756
15wy03	2	19	1	1	1	1	-1	NaN	4.7895	-7.8913	13.7972	163629.2128	163629.515	0	1	0.2685
15wy03	2	19	1	1	2	1	1	0.2081	NaN	NaN	NaN	163630.3132	163630.7226	1	1	0.3085
15wy03	2	20	1	1	1	1	-1	NaN	10.5945	-10.5843	16.7778	163633.4972	163633.8014	0	1	0.2706
15wy03	2	20	1	1	2	1	1	0.0765	NaN	NaN	NaN	163634.6177	163635.0234	1	1	0.231
15wy03	2	21	1	1	1	1	1	NaN	6.5238	5.9192	14.4258	163637.2022	163637.5044	1	1	0.23
15wy03	2	21	1	1	2	1	1	0.1665	NaN	NaN	NaN	163638.2601	163638.6119	1	1	0.2586
15wy03	2	22	1	1	1	1	1	NaN	7.1088	6.5706	14.2317	163641.1832	163641.4854	1	1	0.2651
15wy03	2	22	1	1	2	1	1	0.1577	NaN	NaN	NaN	163642.2929	163642.6449	1	1	0.274
15wy03	2	23	1	1	1	1	1	NaN	7.1467	7.3832	15.1331	163644.8931	163645.1953	1	1	0.2042
15wy03	2	23	1	1	2	1	1	0.0516	NaN	NaN	NaN	163645.9247	163646.2782	1	1	0.1131
15wy03	2	24	1	1	1	1	1	NaN	3.5159	2.9776	14.4786	163648.8642	163649.1664	0	0	0.7773
15wy03	2	24	1	1	2	1	-1	0.0134	NaN	NaN	NaN	163650.452	163650.8057	1	0	0.1927
15wy03	2	25	1	1	1	1	-1	NaN	9.2496	-10.5734	14.1713	163653.2875	163653.5904	0	1	0.449
15wy03	2	25	1	1	2	1	1	0.0793	NaN	NaN	NaN	163654.5316	163654.8829	1	1	0.2595
15wy03	2	26	1	1	1	1	-1	NaN	9.1676	-8.8509	13.82	163656.9654	163657.2676	0	1	0.4195
15wy03	2	26	1	1	2	1	1	0.0219	NaN	NaN	NaN	163658.1636	163658.5156	1	1	0.164
15wy03	2	27	1	1	1	1	1	NaN	1.1779	0.5518	13.9533	163660.9427	163661.2448	1	1	0.3788
15wy03	2	27	1	1	2	1	1	0.0493	NaN	NaN	NaN	163662.165	163662.522	1	1	0.382
15wy03	2	28	1	1	1	1	1	NaN	3.073	2.2198	14.7632	163665.2007	163665.503	1	1	0.5515
15wy03	2	28	1	1	2	1	1	0.1701	NaN	NaN	NaN	163666.5808	163666.9319	1	1	0.3395
15wy03	2	29	1	1	1	1	1	NaN	5.7271	5.7753	14.2641	163669.6943	163669.9965	1	1	0.2831
15wy03	2	29	1	1	2	1	1	0.2231	NaN	NaN	NaN	163670.7879	163671.1423	1	1	0.3362
15wy03	2	30	1	1	1	1	1	NaN	10.3671	9.9701	15.2802	163673.8435	163674.1457	1	1	0.2141
15wy03	2	30	1	1	2	1	1	0.0117	NaN	NaN	NaN	163674.9167	163675.2713	1	1	0.2244
15wy03	2	31	1	1	1	1	-1	NaN	6.9477	-8.1525	15.0376	163677.8527	163678.1598	1	0	0.4227
15wy03	2	31	1	1	2	1	-1	0.1102	NaN	NaN	NaN	163679.1133	163679.5332	1	0	0.2028
15wy03	2	32	1	1	1	1	1	NaN	10.2111	8.9091	14.3108	163682.117	163682.4222	1	1	0.2256
15wy03	2	32	1	1	2	1	1	0.1239	NaN	NaN	NaN	163683.1779	163683.5643	1	1	0.1222
15wy03	2	33	1	1	1	1	1	NaN	0.5394	1.8009	14.6654	163686.3446	163686.6469	1	1	0.9448
15wy03	2	33	1	1	2	1	1	0.0023	NaN	NaN	NaN	163688.1157	163688.4706	1	1	0.2719
15wy03	2	34	1	1	1	1	-1	NaN	8.1463	-6.4419	14.1138	163690.8077	163691.1098	0	1	0.3847
15wy03	2	34	1	1	2	1	1	0.1463	NaN	NaN	NaN	163692.0365	163692.3914	1	1	0.2718
15wy03	2	35	1	1	1	1	-1	NaN	8.3401	-9.1564	15.2752	163694.9106	163695.2128	1	0	0.3457
15wy03	2	35	1	1	2	1	-1	0.1474	NaN	NaN	NaN	163696.1002	163696.4536	0	1	0.4021
15wy03	2	36	1	1	1	1	-1	NaN	8.6857	-9.2017	13.1535	163698.968	163699.2703	0	1	0.3049
15wy03	2	36	1	1	2	1	1	0.0139	NaN	NaN	NaN	163700.1159	163700.47	1	1	0.1776
15wy03	2	37	1	1	1	1	-1	NaN	7.1954	-6.6369	16.3952	163703.0277	163703.3298	1	0	0.2767
15wy03	2	37	1	1	2	1	-1	0.1004	NaN	NaN	NaN	163704.1481	163704.5031	1	0	0.2726
15wy03	2	38	1	1	1	1	1	NaN	5.3379	7.4561	15.5244	163706.8557	163707.1579	1	1	0.1459
15wy03	2	38	1	1	2	1	1	0.1455	NaN	NaN	NaN	163707.8447	163708.1965	1	1	0.4031
15wy03	2	39	1	1	1	1	1	NaN	10.9593	13.0779	14.6591	163710.8809	163711.1831	1	1	0.1994
15wy03	2	39	1	1	2	1	1	0.2106	NaN	NaN	NaN	163711.926	163712.2768	1	1	0.1937
15wy03	2	40	1	1	1	1	-1	NaN	4.9177	-5.0328	15.4063	163714.5362	163714.8391	0	1	0.7194
15wy03	2	40	1	1	2	1	1	0.0121	NaN	NaN	NaN	163716.0845	163716.4402	1	1	0.2714
15wy03	2	41	1	1	1	1	1	NaN	9.8836	10.3185	14.2819	163719.193	163719.4952	1	1	0.1593
15wy03	2	41	1	1	2	1	1	0.0969	NaN	NaN	NaN	163720.1968	163720.5525	1	1	0.2072
15wy03	2	42	1	1	1	1	-1	NaN	10.9286	-9.3062	14.1773	163722.964	163723.2679	0	1	0.4842
15wy03	2	42	1	1	2	1	1	0.1038	NaN	NaN	NaN	163724.2798	163724.6962	1	1	0.1114
15wy03	2	43	1	1	1	1	-1	NaN	1.2219	-0.395	14.0528	163727.1539	163727.4582	1	0	0.4523
15wy03	2	43	1	1	2	1	-1	0.1477	NaN	NaN	NaN	163728.4555	163728.8763	0	1	0.1706
15wy03	2	44	1	1	1	1	-1	NaN	1.9058	-2.4576	15.8372	163731.2481	163731.5537	1	0	0.5009
15wy03	2	44	1	1	2	1	-1	0.1477	NaN	NaN	NaN	163732.5998	163733.014	1	0	0.2086
15wy03	2	45	1	1	1	1	1	NaN	1.8503	3.7774	14.9192	163735.6509	163735.9578	1	1	0.2266
15wy03	2	45	1	1	2	1	1	0.0706	NaN	NaN	NaN	163736.713	163737.1304	1	1	0.2218
15wy03	2	46	1	1	1	1	1	NaN	1.3292	1.7317	15.0538	163739.7903	163740.0946	1	1	0.2015
15wy03	2	46	1	1	2	1	1	0.0532	NaN	NaN	NaN	163740.8262	163741.2468	1	1	0.5677
15wy03	2	47	1	1	1	1	-1	NaN	3.6834	-5.8161	15.9176	163744.1092	163744.4136	1	0	0.6169
15wy03	2	47	1	1	2	1	-1	0.0044	NaN	NaN	NaN	163745.546	163745.9633	0	1	0.1717
15wy03	2	48	1	1	1	1	1	NaN	6.4206	5.6161	14.1219	163748.5408	163748.8451	1	1	0.25
15wy03	2	48	1	1	2	1	1	0.1815	NaN	NaN	NaN	163749.6408	163750.0576	1	1	0.1089
15wy03	2	49	1	1	1	1	-1	NaN	0.9649	-2.3478	13.6916	163752.3896	163752.6937	1	0	0.3208
15wy03	2	49	1	1	2	1	-1	0.0464	NaN	NaN	NaN	163753.5618	163753.9795	0	1	0.2524
15wy03	2	50	1	1	1	1	1	NaN	8.3639	8.5729	13.7315	163756.4116	163756.7157	1	1	0.1722
15wy03	2	50	1	1	2	1	1	0.0504	NaN	NaN	NaN	163757.4154	163757.8289	1	1	0.2267
15wy03	3	1	1	1	1	1	-1	NaN	6.118	-6.3877	14.5967	163773.2165	163773.5225	0	1	0.6768
15wy03	3	1	1	1	2	1	1	0.0288	NaN	NaN	NaN	163774.7448	163775.1624	1	1	0.1892
15wy03	3	2	1	1	1	1	-1	NaN	2.1848	-3.6575	14.4448	163778.0355	163778.3403	1	0	0.3555
15wy03	3	2	1	1	2	1	-1	0.0379	NaN	NaN	NaN	163779.2427	163779.6617	0	1	0.3136
15wy03	3	3	1	1	1	1	-1	NaN	9.2558	-7.1479	14.4969	163782.4899	163782.7944	0	1	0.3014
15wy03	3	3	1	1	2	1	1	0.0881	NaN	NaN	NaN	163783.6417	163784.0614	1	1	0.2027
15wy03	3	4	1	1	1	1	1	NaN	10.9443	7.9304	14.9933	163786.2754	163786.5798	0	0	0.6427
15wy03	3	4	1	1	2	1	-1	0.0941	NaN	NaN	NaN	163787.735	163788.1561	1	0	0.3636
15wy03	3	5	1	1	1	1	1	NaN	11.0096	12.9681	14.9735	163790.8905	163791.1949	1	1	0.2039
15wy03	3	5	1	1	2	1	1	0.1981	NaN	NaN	NaN	163791.9438	163792.361	1	1	0.3189
15wy03	3	6	1	1	1	1	-1	NaN	10.1949	-9.2543	15.4886	163794.9594	163795.2638	0	1	0.1999
15wy03	3	6	1	1	2	1	1	0.0951	NaN	NaN	NaN	163796.0268	163796.4441	1	1	0.1064
15wy03	3	7	1	1	1	1	1	NaN	6.617	5.5142	16.1458	163798.7549	163799.0571	1	1	0.182
15wy03	3	7	1	1	2	1	1	0.0588	NaN	NaN	NaN	163799.768	163800.1893	1	1	0.0744
15wy03	3	8	1	1	1	1	-1	NaN	4.7677	-5.1703	14.7438	163802.4392	163802.7436	1	0	0.4958
15wy03	3	8	1	1	2	1	-1	0.043	NaN	NaN	NaN	163803.7675	163804.1886	1	0	0.2033
15wy03	3	9	1	1	1	1	-1	NaN	5.8075	-8.772	16.0802	163806.6079	163806.9124	0	1	0.2953
15wy03	3	9	1	1	2	1	1	0.0161	NaN	NaN	NaN	163807.7224	163808.1435	1	1	0.2316
15wy03	3	10	1	1	1	1	1	NaN	5.2155	6.2952	16.3281	163810.7895	163811.0937	1	1	0.3688
15wy03	3	10	1	1	2	1	1	0.1522	NaN	NaN	NaN	163811.9923	163812.4101	1	1	0.2212
15wy03	3	11	1	1	1	1	1	NaN	5.1084	5.9972	14.4252	163814.7893	163815.0934	1	1	0.1772
15wy03	3	11	1	1	2	1	1	0.0535	NaN	NaN	NaN	163815.8317	163816.2426	1	1	0.2296
15wy03	3	12	1	1	1	1	1	NaN	3.8729	5.9596	15.8073	163818.4861	163818.7902	1	1	0.1603
15wy03	3	12	1	1	2	1	1	0.1925	NaN	NaN	NaN	163819.4801	163819.8929	1	1	0.1309
15wy03	3	13	1	1	1	1	-1	NaN	8.653	-8.9102	15.5001	163822.073	163822.3776	0	1	0.2849
15wy03	3	13	1	1	2	1	1	0.0182	NaN	NaN	NaN	163823.2088	163823.6262	1	1	0.1884
15wy03	3	14	1	1	1	1	-1	NaN	2.1036	-2.3137	13.8858	163826.2041	163826.5084	0	1	1.2913
15wy03	3	14	1	1	2	1	1	0.1678	NaN	NaN	NaN	163828.3431	163828.7593	1	1	0.113
15wy03	3	15	1	1	1	1	-1	NaN	10.6599	-9.4249	14.6875	163831.2766	163831.5819	0	1	0.3452
15wy03	3	15	1	1	2	1	1	0.1233	NaN	NaN	NaN	163832.4584	163832.8757	1	1	0.1075
15wy03	3	16	1	1	1	1	1	NaN	1.4137	2.2927	14.1672	163834.972	163835.2765	1	1	0.2833
15wy03	3	16	1	1	2	1	1	0.2041	NaN	NaN	NaN	163836.1067	163836.5255	1	1	0.1704
15wy03	3	17	1	1	1	1	1	NaN	5.107	5.8133	14.619	163838.8868	163839.1911	1	1	0.1755
15wy03	3	17	1	1	2	1	1	0.1014	NaN	NaN	NaN	163839.8794	163840.2914	1	1	0.2124
15wy03	3	18	1	1	1	1	1	NaN	10.3855	7.8467	14.704	163842.69	163842.9941	1	1	0.1336
15wy03	3	18	1	1	2	1	1	0.174	NaN	NaN	NaN	163843.6741	163844.0798	1	1	0.295
15wy03	3	19	1	1	1	1	-1	NaN	10.5686	-11.7805	15.434	163846.5825	163846.8865	0	1	0.256
15wy03	3	19	1	1	2	1	1	0.1781	NaN	NaN	NaN	163847.6895	163848.1082	1	1	0.1556
15wy03	3	20	1	1	1	1	1	NaN	0.8114	0.8641	13.8196	163850.7761	163851.0815	1	1	0.1423
15wy03	3	20	1	1	2	1	1	0.0116	NaN	NaN	NaN	163851.7703	163852.1913	1	1	0.185
15wy03	3	21	1	1	1	1	1	NaN	4.1023	4.1462	13.7048	163854.2851	163854.5892	1	1	0.1866
15wy03	3	21	1	1	2	1	1	0.0414	NaN	NaN	NaN	163855.3058	163855.7246	1	1	0.1233
15wy03	3	22	1	1	1	1	1	NaN	5.4397	5.2376	13.9835	163858.0356	163858.3378	1	1	0.1501
15wy03	3	22	1	1	2	1	1	0.1646	NaN	NaN	NaN	163858.9968	163859.351	1	1	0.1926
15wy03	3	23	1	1	1	1	1	NaN	7.2252	8.6389	14.6664	163861.5829	163861.885	1	1	0.2028
15wy03	3	23	1	1	2	1	1	0.2193	NaN	NaN	NaN	163862.6285	163862.9829	1	1	0.1277
15wy03	3	24	1	1	1	1	-1	NaN	3.7895	-2.6771	14.4679	163865.2741	163865.5763	1	0	0.3675
15wy03	3	24	1	1	2	1	-1	0.2163	NaN	NaN	NaN	163866.4529	163866.8048	0	1	0.2592
15wy03	3	25	1	1	1	1	-1	NaN	2.8668	-3.0865	16.1526	163869.2358	163869.5383	1	0	0.485
15wy03	3	25	1	1	2	1	-1	0.0336	NaN	NaN	NaN	163870.5338	163870.8856	1	0	0.337
15wy03	3	26	1	1	1	1	1	NaN	9.0654	10.2593	16.8178	163873.3533	163873.6555	1	1	0.1917
15wy03	3	26	1	1	2	1	1	0.0573	NaN	NaN	NaN	163874.3565	163874.7114	1	1	0.2232
15wy03	3	27	1	1	1	1	-1	NaN	6.0116	-6.1613	15.0976	163876.9744	163877.2766	0	1	0.5234
15wy03	3	27	1	1	2	1	1	0.2228	NaN	NaN	NaN	163878.3247	163878.678	1	1	0.2259
15wy03	3	28	1	1	1	1	-1	NaN	4.8506	-3.1785	13.621	163881.5257	163881.8282	0	1	0.3224
15wy03	3	28	1	1	2	1	1	0.0513	NaN	NaN	NaN	163882.6608	163883.0154	1	1	0.3042
15wy03	3	29	1	1	1	1	1	NaN	3.7202	4.9006	13.7308	163885.5175	163885.8197	1	1	0.2668
15wy03	3	29	1	1	2	1	1	0.2008	NaN	NaN	NaN	163886.5968	163886.9496	1	1	0.2262
15wy03	3	30	1	1	1	1	1	NaN	1.8974	3.0043	15.95	163889.6727	163889.9749	1	1	0.7048
15wy03	3	30	1	1	2	1	1	0.2227	NaN	NaN	NaN	163891.2206	163891.5775	1	1	0.3183
15wy03	3	31	1	1	1	1	1	NaN	2.9634	4.9132	16.3113	163893.7184	163894.0206	1	1	0.3221
15wy03	3	31	1	1	2	1	1	0.0422	NaN	NaN	NaN	163894.8716	163895.2891	1	1	0.1909
15wy03	3	32	1	1	1	1	1	NaN	4.538	3.9569	14.4873	163897.7327	163898.0375	1	1	0.3691
15wy03	3	32	1	1	2	1	1	0.1475	NaN	NaN	NaN	163898.9711	163899.3891	1	1	0.1215
15wy03	3	33	1	1	1	1	1	NaN	1.3248	0.1358	16.2414	163901.852	163902.1566	1	1	0.4114
15wy03	3	33	1	1	2	1	1	0.0366	NaN	NaN	NaN	163903.128	163903.5389	1	1	0.1008
15wy03	3	34	1	1	1	1	1	NaN	4.2015	4.9495	14.7532	163905.9648	163906.2691	1	1	0.2667
15wy03	3	34	1	1	2	1	1	0.1702	NaN	NaN	NaN	163907.0497	163907.4673	1	1	0.0925
15wy03	3	35	1	1	1	1	1	NaN	6.3327	5.1218	13.3168	163909.5565	163909.8628	1	1	0.1292
15wy03	3	35	1	1	2	1	1	0.0293	NaN	NaN	NaN	163910.5545	163910.9485	1	1	0.1312
15wy03	3	36	1	1	1	1	-1	NaN	1.1874	-0.8542	13.7807	163913.3179	163913.6201	1	0	0.3877
15wy03	3	36	1	1	2	1	-1	0.0998	NaN	NaN	NaN	163914.5499	163914.9001	1	0	0.1631
15wy03	3	37	1	1	1	1	1	NaN	8.1243	7.4119	13.7854	163917.6565	163917.9587	1	1	0.2879
15wy03	3	37	1	1	2	1	1	0.149	NaN	NaN	NaN	163918.7726	163919.126	1	1	0.1769
15wy03	3	38	1	1	1	1	1	NaN	1.983	0.4776	14.3907	163921.5925	163921.8955	1	1	0.4951
15wy03	3	38	1	1	2	1	1	0.0226	NaN	NaN	NaN	163922.9497	163923.3024	1	1	0.1443
15wy03	3	39	1	1	1	1	1	NaN	2.3605	3.4667	14.6099	163925.5673	163925.8695	1	1	0.2188
15wy03	3	39	1	1	2	1	1	0.0416	NaN	NaN	NaN	163926.6441	163926.9976	1	1	0.0982
15wy03	3	40	1	1	1	1	1	NaN	5.5567	4.1041	15.6249	163929.3828	163929.685	1	1	0.2108
15wy03	3	40	1	1	2	1	1	0.1567	NaN	NaN	NaN	163930.4206	163930.7754	1	1	0.0965
15wy03	3	41	1	1	1	1	-1	NaN	10.4985	-8.0803	14.822	163933.0853	163933.3874	1	0	0.6517
15wy03	3	41	1	1	2	1	-1	0.1799	NaN	NaN	NaN	163934.597	163934.9489	0	1	0.2257
15wy03	3	42	1	1	1	1	1	NaN	10.0028	10.1519	15.214	163937.2487	163937.5509	1	1	0.2161
15wy03	3	42	1	1	2	1	1	0.0746	NaN	NaN	NaN	163938.3247	163938.6791	1	1	0.2247
15wy03	3	43	1	1	1	1	-1	NaN	7.829	-7.1561	14.8907	163941.2777	163941.5822	1	0	0.9531
15wy03	3	43	1	1	2	1	-1	0.2012	NaN	NaN	NaN	163943.1122	163943.532	0	1	0.1707
15wy03	3	44	1	1	1	1	-1	NaN	7.5674	-7.0815	15.0357	163945.7339	163946.0384	0	1	0.5295
15wy03	3	44	1	1	2	1	1	0.0756	NaN	NaN	NaN	163947.0831	163947.5039	1	1	0.0723
15wy03	3	45	1	1	1	1	-1	NaN	1.4911	-2.8039	14.3821	163950.0905	163950.3974	0	1	0.6659
15wy03	3	45	1	1	2	1	1	0.0898	NaN	NaN	NaN	163951.6078	163952.0314	1	1	0.0086
15wy03	3	46	1	1	1	1	1	NaN	0.4949	2.2294	14.4629	163954.3705	163954.676	0	0	0.8516
15wy03	3	46	1	1	2	1	-1	0.0591	NaN	NaN	NaN	163956.0235	163956.4362	1	0	0.1785
15wy03	3	47	1	1	1	1	-1	NaN	4.4733	-4.9026	15.0233	163959.1798	163959.4843	1	0	0.6671
15wy03	3	47	1	1	2	1	-1	0.1157	NaN	NaN	NaN	163960.6987	163961.0839	1	0	0.172
15wy03	3	48	1	1	1	1	1	NaN	0.479	0.4768	14.0811	163963.5109	163963.8132	1	1	0.9775
15wy03	3	48	1	1	2	1	1	0.0035	NaN	NaN	NaN	163965.3165	163965.6738	1	1	0.4769
15wy03	3	49	1	1	1	1	-1	NaN	8.5001	-5.9471	15.3516	163968.5253	163968.8275	1	0	0.3808
15wy03	3	49	1	1	2	1	-1	0.0824	NaN	NaN	NaN	163969.7326	163970.084	1	0	0.5466
15wy03	3	50	1	1	1	1	-1	NaN	5.2428	-7.9106	15.6972	163973.1855	163973.4877	1	0	0.9839
15wy03	3	50	1	1	2	1	-1	0.1349	NaN	NaN	NaN	163975.0136	163975.3638	1	0	0.3709
15wy03	4	1	1	1	1	1	1	NaN	10.5788	12.9448	14.3535	163982.1895	163982.4925	1	1	0.3142
15wy03	4	1	1	1	2	1	1	0.0715	NaN	NaN	NaN	163983.349	163983.7063	1	1	0.0443
15wy03	4	2	1	1	1	1	-1	NaN	5.1314	-4.9591	14.9088	163986.1873	163986.4945	1	0	0.3921
15wy03	4	2	1	1	2	1	-1	0.0956	NaN	NaN	NaN	163987.4341	163987.8225	1	0	0.1522
15wy03	4	3	1	1	1	1	-1	NaN	5.8687	-8.4087	16.6177	163990.427	163990.7292	0	1	0.6695
15wy03	4	3	1	1	2	1	1	0.0992	NaN	NaN	NaN	163991.9245	163992.2778	1	1	0.2569
15wy03	4	4	1	1	1	1	-1	NaN	3.7598	-3.9496	14.2671	163994.949	163995.2511	0	1	0.5012
15wy03	4	4	1	1	2	1	1	0.1103	NaN	NaN	NaN	163996.2778	163996.6292	1	1	0.2739
15wy03	4	5	1	1	1	1	1	NaN	6.0899	4.2498	14.1504	163998.9092	163999.2113	1	1	0.2353
15wy03	4	5	1	1	2	1	1	0.1016	NaN	NaN	NaN	164000.0047	164000.3594	1	1	0.192
15wy03	4	6	1	1	1	1	-1	NaN	6.1974	-6.6227	15.855	164002.5253	164002.8274	0	1	0.4288
15wy03	4	6	1	1	2	1	1	0.1561	NaN	NaN	NaN	164003.7811	164004.1319	1	1	0.1627
15wy03	4	7	1	1	1	1	-1	NaN	8.2524	-9.0815	14.8679	164006.5491	164006.8514	0	1	0.2601
15wy03	4	7	1	1	2	1	1	0.1513	NaN	NaN	NaN	164007.6531	164008.0092	1	1	0.0945
15wy03	4	8	1	1	1	1	1	NaN	5.8571	7.6913	15.7832	164010.3169	164010.6191	1	1	0.1888
15wy03	4	8	1	1	2	1	1	0.136	NaN	NaN	NaN	164011.3332	164011.688	1	1	0.1603
15wy03	4	9	1	1	1	1	1	NaN	1.1769	0.3125	15.1529	164014.1371	164014.4407	0	0	0.3344
15wy03	4	9	1	1	2	1	-1	0.0185	NaN	NaN	NaN	164015.3001	164015.6544	1	0	0.1123
15wy03	4	10	1	1	1	1	-1	NaN	7.7828	-6.1851	16.053	164017.8467	164018.1489	0	1	0.2274
15wy03	4	10	1	1	2	1	1	0.114	NaN	NaN	NaN	164018.8851	164019.2418	1	1	0.1581
15wy03	4	11	1	1	1	1	1	NaN	4.8056	6.6604	16.0644	164021.6039	164021.9072	1	1	0.2449
15wy03	4	11	1	1	2	1	1	0.0658	NaN	NaN	NaN	164022.6779	164023.028	1	1	0.1146
15wy03	4	12	1	1	1	1	-1	NaN	4.708	-3.2633	13.8549	164025.539	164025.8412	0	1	0.6135
15wy03	4	12	1	1	2	1	1	0.0403	NaN	NaN	NaN	164026.9648	164027.3207	1	1	0.0953
15wy03	4	13	1	1	1	1	1	NaN	2.5152	1.7661	14.9171	164029.5192	164029.8224	1	1	0.2815
15wy03	4	13	1	1	2	1	1	0.0439	NaN	NaN	NaN	164030.6451	164030.9976	1	1	0.0346
15wy03	4	14	1	1	1	1	1	NaN	5.3979	6.7206	16.0608	164033.3521	164033.6591	1	1	0.2532
15wy03	4	14	1	1	2	1	1	0.1941	NaN	NaN	NaN	164034.4558	164034.8651	1	1	0.0384
15wy03	4	15	1	1	1	1	1	NaN	1.6699	1.7455	13.9517	164037.2927	164037.5972	0	0	0.7307
15wy03	4	15	1	1	2	1	-1	0.0784	NaN	NaN	NaN	164038.8559	164039.2632	1	0	0.0728
15wy03	4	16	1	1	1	1	-1	NaN	1.0976	-0.6814	15.6283	164041.7198	164042.0229	1	0	0.817
15wy03	4	16	1	1	2	1	-1	0.0303	NaN	NaN	NaN	164043.3812	164043.7364	1	0	0.1589
15wy03	4	17	1	1	1	1	-1	NaN	8.733	-9.4749	15.0619	164046.0454	164046.3475	0	1	0.2838
15wy03	4	17	1	1	2	1	1	0.0253	NaN	NaN	NaN	164047.1575	164047.5084	1	1	0.1793
15wy03	4	18	1	1	1	1	1	NaN	2.0805	1.6671	15.7769	164050.2009	164050.5033	1	1	0.4645
15wy03	4	18	1	1	2	1	1	0.1792	NaN	NaN	NaN	164051.4934	164051.8433	1	1	0.2114
15wy03	4	19	1	1	1	1	1	NaN	1.5461	0.7074	14.0085	164054.3191	164054.6222	0	0	0.5845
15wy03	4	19	1	1	2	1	-1	0.0433	NaN	NaN	NaN	164055.7008	164056.0567	1	0	0.0799
15wy03	4	20	1	1	1	1	-1	NaN	7.5924	-7.7495	15.6446	164058.4559	164058.7581	0	1	0.3046
15wy03	4	20	1	1	2	1	1	0.0134	NaN	NaN	NaN	164059.5723	164059.9244	1	1	0.291
15wy03	4	21	1	1	1	1	1	NaN	7.5595	8.7505	15.8524	164062.2947	164062.597	1	1	0.2756
15wy03	4	21	1	1	2	1	1	0.146	NaN	NaN	NaN	164063.4931	164063.8457	1	1	0.29
15wy03	4	22	1	1	1	1	-1	NaN	3.4815	-6.0707	16.0614	164066.0802	164066.3823	0	1	0.3771
15wy03	4	22	1	1	2	1	1	0.0958	NaN	NaN	NaN	164067.285	164067.6394	1	1	0.2233
15wy03	4	23	1	1	1	1	-1	NaN	0.7955	-0.8135	15.4116	164070.0768	164070.379	1	0	0.6677
15wy03	4	23	1	1	2	1	-1	0.2017	NaN	NaN	NaN	164071.6048	164071.9571	0	1	0.402
15wy03	4	24	1	1	1	1	-1	NaN	8.2524	-8.4699	14.2695	164074.4059	164074.708	0	1	0.2438
15wy03	4	24	1	1	2	1	1	0.137	NaN	NaN	NaN	164075.4767	164075.8286	1	1	0.2913
15wy03	4	25	1	1	1	1	1	NaN	10.8056	11.8189	14.5328	164078.45	164078.7569	1	1	0.1938
15wy03	4	25	1	1	2	1	1	0.0355	NaN	NaN	NaN	164079.4958	164079.9134	1	1	0.2225
15wy03	4	26	1	1	1	1	1	NaN	8.5616	10.3914	14.1953	164082.0595	164082.3636	1	1	0.1724
15wy03	4	26	1	1	2	1	1	0.2214	NaN	NaN	NaN	164083.0963	164083.5134	1	1	0.2541
15wy03	4	27	1	1	1	1	1	NaN	4.5124	4.9717	14.8044	164085.9953	164086.2997	1	1	0.6839
15wy03	4	27	1	1	2	1	1	0.0206	NaN	NaN	NaN	164087.5124	164087.9297	1	1	0.3667
15wy03	4	28	1	1	1	1	1	NaN	1.7002	1.4804	15.0133	164090.7932	164091.0977	1	1	0.749
15wy03	4	28	1	1	2	1	1	0.1067	NaN	NaN	NaN	164092.3946	164092.8128	0	0	1.1151
15wy03	4	29	1	1	1	1	-1	NaN	6.563	-7.4983	15.7404	164095.8235	164096.128	0	1	0.344
15wy03	4	29	1	1	2	1	1	0.0272	NaN	NaN	NaN	164097.0152	164097.4171	1	1	0.3019
15wy03	4	30	1	1	1	1	-1	NaN	5.1999	-4.7329	16.4293	164099.7743	164100.0765	0	1	0.2834
15wy03	4	30	1	1	2	1	1	0.075	NaN	NaN	NaN	164100.8851	164101.239	1	1	0.2409
15wy03	4	31	1	1	1	1	1	NaN	6.8765	8.3759	14.1388	164103.3337	164103.6366	1	1	0.2261
15wy03	4	31	1	1	2	1	1	0.1374	NaN	NaN	NaN	164104.3904	164104.7407	1	1	0.3553
15wy03	4	32	1	1	1	1	-1	NaN	1.1886	-2.2145	13.9499	164107.7526	164108.0548	0	1	0.2897
15wy03	4	32	1	1	2	1	1	0.1625	NaN	NaN	NaN	164108.8848	164109.2387	1	1	0.1617
15wy03	4	33	1	1	1	1	1	NaN	7.4205	7.7945	14.0957	164111.8039	164112.106	1	1	0.2217
15wy03	4	33	1	1	2	1	1	0.1573	NaN	NaN	NaN	164112.8684	164113.2218	1	1	0.225
15wy03	4	34	1	1	1	1	-1	NaN	0.3253	-0.3086	15.7467	164115.2868	164115.5891	1	0	0.2265
15wy03	4	34	1	1	2	1	-1	0.1805	NaN	NaN	NaN	164116.341	164116.693	0	1	0.2578
15wy03	4	35	1	1	1	1	-1	NaN	0.516	-2.2802	15.4492	164118.7912	164119.0933	0	1	0.7706
15wy03	4	35	1	1	2	1	1	0.0672	NaN	NaN	NaN	164120.3732	164120.7233	1	1	0.2286
15wy03	4	36	1	1	1	1	1	NaN	5.5718	4.957	15.2063	164123.3657	164123.6721	1	1	0.4639
15wy03	4	36	1	1	2	1	1	0.1606	NaN	NaN	NaN	164124.6792	164125.0946	1	1	0.1933
15wy03	4	37	1	1	1	1	-1	NaN	8.3913	-7.1964	15.763	164127.7795	164128.0868	0	1	0.2559
15wy03	4	37	1	1	2	1	1	0.1707	NaN	NaN	NaN	164128.8581	164129.2777	1	1	0.0102
15wy03	4	38	1	1	1	1	1	NaN	4.2151	5.8231	14.1286	164131.5507	164131.8552	1	1	0.5363
15wy03	4	38	1	1	2	1	1	0.1452	NaN	NaN	NaN	164132.9839	164133.3708	1	1	0.2691
15wy03	4	39	1	1	1	1	-1	NaN	10.7369	-14.2147	15.5695	164136.2027	164136.5049	0	1	0.2704
15wy03	4	39	1	1	2	1	1	0.136	NaN	NaN	NaN	164137.3011	164137.654	1	1	0.1135
15wy03	4	40	1	1	1	1	-1	NaN	7.1782	-7.7557	16.3839	164140.0712	164140.3734	0	1	0.4664
15wy03	4	40	1	1	2	1	1	0.1928	NaN	NaN	NaN	164141.3167	164141.6705	1	1	0.1293
15wy03	4	41	1	1	1	1	1	NaN	7.2065	7.3471	16.6013	164144.4387	164144.7409	1	1	0.2433
15wy03	4	41	1	1	2	1	1	0.1228	NaN	NaN	NaN	164145.5246	164145.8816	1	1	0.0303
15wy03	4	42	1	1	1	1	1	NaN	4.3226	5.083	14.4848	164147.8411	164148.1433	1	1	0.2646
15wy03	4	42	1	1	2	1	1	0.0464	NaN	NaN	NaN	164148.9324	164149.2867	1	1	0.0812
15wy03	4	43	1	1	1	1	1	NaN	6.1216	7.5105	15.0277	164151.4472	164151.7507	1	1	0.1771
15wy03	4	43	1	1	2	1	1	0.1306	NaN	NaN	NaN	164152.4696	164152.8217	1	1	0.0331
15wy03	4	44	1	1	1	1	-1	NaN	3.549	-2.9248	14.6512	164155.1942	164155.4963	1	0	0.7031
15wy03	4	44	1	1	2	1	-1	0.0669	NaN	NaN	NaN	164156.724	164157.081	1	0	0.1578
15wy03	4	45	1	1	1	1	-1	NaN	0.9294	-3.3046	15.6884	164159.9081	164160.2104	1	0	0.5974
15wy03	4	45	1	1	2	1	-1	0.1502	NaN	NaN	NaN	164161.364	164161.7181	0	1	0.2738
15wy03	4	46	1	1	1	1	1	NaN	6.8297	5.8865	15.1424	164164.0307	164164.3335	1	1	0.2026
15wy03	4	46	1	1	2	1	1	0.0578	NaN	NaN	NaN	164165.0771	164165.4304	1	1	0.2404
15wy03	4	47	1	1	1	1	1	NaN	1.238	2.5931	16.2891	164167.91	164168.2161	1	1	0.4786
15wy03	4	47	1	1	2	1	1	0.0832	NaN	NaN	NaN	164169.1751	164169.5924	1	1	0.1116
15wy03	4	48	1	1	1	1	-1	NaN	4.5042	-3.1113	15.3884	164171.8913	164172.1957	1	0	0.2441
15wy03	4	48	1	1	2	1	-1	0.0143	NaN	NaN	NaN	164173	164173.4207	1	0	0.2833
15wy03	4	49	1	1	1	1	1	NaN	11.09	12.162	14.4504	164176.3229	164176.6278	1	1	0.196
15wy03	4	49	1	1	2	1	1	0.1213	NaN	NaN	NaN	164177.3853	164177.8055	1	1	0.0573
15wy03	4	50	1	1	1	1	1	NaN	6.704	7.9171	14.0874	164180.1209	164180.4258	1	1	0.3023
15wy03	4	50	1	1	2	1	1	0.0015	NaN	NaN	NaN	164181.2415	164181.659	1	1	0.045
15wy03	5	1	1	1	1	1	1	NaN	3.083	2.5741	14.3495	164189.869	164190.1734	1	1	0.3627
15wy03	5	1	1	1	2	1	1	0.0072	NaN	NaN	NaN	164191.1284	164191.5413	1	1	0.0826
15wy03	5	2	1	1	1	1	1	NaN	3.5461	3.9275	16.5222	164194.0145	164194.3189	1	1	0.2799
15wy03	5	2	1	1	2	1	1	0.178	NaN	NaN	NaN	164195.1444	164195.5573	1	1	0.1792
15wy03	5	3	1	1	1	1	1	NaN	8.0461	8.2003	14.987	164198.1723	164198.4765	1	1	0.1863
15wy03	5	3	1	1	2	1	1	0.0298	NaN	NaN	NaN	164199.2399	164199.6575	1	1	0.0933
15wy03	5	4	1	1	1	1	-1	NaN	1.3729	-1.5057	14.5411	164201.9157	164202.2197	1	0	0.4591
15wy03	5	4	1	1	2	1	-1	0.0541	NaN	NaN	NaN	164203.2066	164203.6288	0	1	0.5385
15wy03	5	5	1	1	1	1	1	NaN	5.8747	4.869	14.7894	164206.1244	164206.4288	1	1	0.2506
15wy03	5	5	1	1	2	1	1	0.2231	NaN	NaN	NaN	164207.2395	164207.6573	1	1	0.1742
15wy03	5	6	1	1	1	1	-1	NaN	2.6427	-0.6529	15.7651	164210.0198	164210.3239	1	0	0.1949
15wy03	5	6	1	1	2	1	-1	0.0663	NaN	NaN	NaN	164211.0476	164211.4564	1	0	0.3104
15wy03	5	7	1	1	1	1	1	NaN	1.4932	1.5966	15.9718	164214.0722	164214.3764	1	1	0.336
15wy03	5	7	1	1	2	1	1	0.0676	NaN	NaN	NaN	164215.2891	164215.7068	1	1	0.2858
15wy03	5	8	1	1	1	1	-1	NaN	0.4145	-1.2482	15.9935	164218.3843	164218.6884	1	0	0.2473
15wy03	5	8	1	1	2	1	-1	0.0615	NaN	NaN	NaN	164219.5118	164219.9188	0	1	0.5365
15wy03	5	9	1	1	1	1	-1	NaN	0.952	-1.3786	16.3355	164222.6845	164222.9886	1	0	0.2502
15wy03	5	9	1	1	2	1	-1	0.1145	NaN	NaN	NaN	164223.7867	164224.2063	1	0	0.2166
15wy03	5	10	1	1	1	1	1	NaN	8.1977	8.6993	14.5508	164226.3812	164226.6852	1	1	0.1552
15wy03	5	10	1	1	2	1	1	0.081	NaN	NaN	NaN	164227.3871	164227.8068	1	1	0.1683
15wy03	5	11	1	1	1	1	1	NaN	2.1201	2.8958	14.1495	164230.1515	164230.456	1	1	0.1749
15wy03	5	11	1	1	2	1	1	0.1508	NaN	NaN	NaN	164231.1757	164231.5894	1	1	0.2254
15wy03	5	12	1	1	1	1	1	NaN	1.4826	0.6122	15.471	164234.2668	164234.5712	1	1	0.2373
15wy03	5	12	1	1	2	1	1	0.0188	NaN	NaN	NaN	164235.3545	164235.7724	1	1	0.1869
15wy03	5	13	1	1	1	1	1	NaN	1.7229	1.9825	14.9477	164238.2086	164238.5115	1	1	0.6809
15wy03	5	13	1	1	2	1	1	0.1325	NaN	NaN	NaN	164239.7341	164240.0839	0	0	0.4835
15wy03	5	14	1	1	1	1	-1	NaN	2.5366	-2.0742	13.7395	164242.9269	164243.2296	0	1	0.6347
15wy03	5	14	1	1	2	1	1	0.1806	NaN	NaN	NaN	164244.3891	164244.7431	1	1	0.3205
15wy03	5	15	1	1	1	1	1	NaN	3.3104	4.1659	15.618	164247.0427	164247.3461	1	1	0.2932
15wy03	5	15	1	1	2	1	1	0.0748	NaN	NaN	NaN	164248.1809	164248.5318	1	1	0.1791
15wy03	5	16	1	1	1	1	1	NaN	1.3953	1.2315	14.9199	164250.875	164251.1784	1	1	1.725
15wy03	5	16	1	1	2	1	1	0.157	NaN	NaN	NaN	164253.4447	164253.7982	1	1	0.3379
15wy03	5	17	1	1	1	1	1	NaN	7.3128	7.3318	15.3105	164256.234	164256.5363	1	1	0.3522
15wy03	5	17	1	1	2	1	1	0.0939	NaN	NaN	NaN	164257.4282	164257.7814	1	1	0.2587
15wy03	5	18	1	1	1	1	1	NaN	9.6515	10.5507	14.951	164260.3295	164260.6318	1	1	0.2243
15wy03	5	18	1	1	2	1	1	0.2187	NaN	NaN	NaN	164261.3976	164261.7493	1	1	0.2589
15wy03	5	19	1	1	1	1	-1	NaN	7.673	-6.7176	14.77	164263.921	164264.2231	0	1	0.5208
15wy03	5	19	1	1	2	1	1	0.1474	NaN	NaN	NaN	164265.2687	164265.6257	1	1	0.4304
15wy03	5	20	1	1	1	1	1	NaN	6.0922	6.1466	16.1667	164268.4205	164268.7249	1	1	0.1939
15wy03	5	20	1	1	2	1	1	0.2162	NaN	NaN	NaN	164269.4652	164269.8681	1	1	0.204
15wy03	5	21	1	1	1	1	1	NaN	0.9332	1.555	14.615	164272.2921	164272.5949	1	1	0.1811
15wy03	5	21	1	1	2	1	1	0.1015	NaN	NaN	NaN	164273.317	164273.6691	1	1	0.274
15wy03	5	22	1	1	1	1	1	NaN	6.5024	7.6866	16.2359	164276.4489	164276.751	1	1	0.3131
15wy03	5	22	1	1	2	1	1	0.0775	NaN	NaN	NaN	164277.6367	164277.9914	1	1	0.2074
15wy03	5	23	1	1	1	1	1	NaN	6.4038	4.9882	14.6408	164280.4862	164280.7884	1	1	0.1465
15wy03	5	23	1	1	2	1	1	0.2155	NaN	NaN	NaN	164281.4927	164281.8468	1	1	0.288
15wy03	5	24	1	1	1	1	1	NaN	1.2152	1.516	16.0532	164284.5233	164284.8266	1	1	0.2695
15wy03	5	24	1	1	2	1	1	0.1203	NaN	NaN	NaN	164285.6533	164286.0076	1	1	0.1272
15wy03	5	25	1	1	1	1	1	NaN	5.8493	4.3642	14.5013	164288.1402	164288.4436	1	1	0.1873
15wy03	5	25	1	1	2	1	1	0.0211	NaN	NaN	NaN	164289.189	164289.5453	1	1	0.1112
15wy03	5	26	1	1	1	1	-1	NaN	10.9075	-10.5116	15.0599	164291.6283	164291.9305	0	1	0.3164
15wy03	5	26	1	1	2	1	1	0.2039	NaN	NaN	NaN	164292.7562	164293.1118	1	1	0.079
15wy03	5	27	1	1	1	1	-1	NaN	8.8948	-7.7847	17.4017	164295.23	164295.5323	0	1	0.4913
15wy03	5	27	1	1	2	1	1	0.2007	NaN	NaN	NaN	164296.5163	164296.8674	1	1	0.1327
15wy03	5	28	1	1	1	1	-1	NaN	10.3981	-8.4892	14.4279	164298.9127	164299.2149	0	1	0.3448
15wy03	5	28	1	1	2	1	1	0.1914	NaN	NaN	NaN	164300.069	164300.4238	1	1	0.0322
15wy03	5	29	1	1	1	1	1	NaN	6.7019	6.9505	15.1047	164302.5693	164302.8715	1	1	0.241
15wy03	5	29	1	1	2	1	1	0.0373	NaN	NaN	NaN	164303.6692	164304.0236	1	1	0.1759
15wy03	5	30	1	1	1	1	-1	NaN	3.4648	-3.5242	15.0129	164306.1637	164306.4659	0	1	0.7579
15wy03	5	30	1	1	2	1	1	0.179	NaN	NaN	NaN	164307.7333	164308.0902	1	1	0.0459
15wy03	5	31	1	1	1	1	-1	NaN	1.3272	-2.4501	14.5375	164310.3235	164310.6263	0	1	0.4046
15wy03	5	31	1	1	2	1	1	0.0717	NaN	NaN	NaN	164311.5572	164311.9109	1	1	0.048
15wy03	5	32	1	1	1	1	1	NaN	0.3562	2.1054	13.74	164314.3164	164314.6205	1	1	0.4114
15wy03	5	32	1	1	2	1	1	0.142	NaN	NaN	NaN	164315.5457	164315.948	1	1	0.091
15wy03	5	33	1	1	1	1	1	NaN	2.4687	3.1439	16.0483	164318.4033	164318.7056	1	1	0.4059
15wy03	5	33	1	1	2	1	1	0.1603	NaN	NaN	NaN	164319.685	164320.0395	1	1	0.1606
15wy03	5	34	1	1	1	1	-1	NaN	6.2407	-5.5217	14.7413	164322.5636	164322.8658	0	1	0.7736
15wy03	5	34	1	1	2	1	1	0.1917	NaN	NaN	NaN	164324.1642	164324.5162	1	1	0.5162
15wy03	5	35	1	1	1	1	-1	NaN	6.9131	-7.1512	14.8716	164327.2361	164327.5384	1	0	0.6776
15wy03	5	35	1	1	2	1	-1	0.0375	NaN	NaN	NaN	164328.7567	164329.11	0	1	0.8026
15wy03	5	36	1	1	1	1	-1	NaN	8.3353	-6.8319	13.7529	164332.0841	164332.3864	0	1	1.237
15wy03	5	36	1	1	2	1	1	0.0917	NaN	NaN	NaN	164334.1322	164334.4889	1	1	0.35
15wy03	5	37	1	1	1	1	-1	NaN	0.0128	-1.5187	13.3823	164337.2341	164337.5363	0	1	0.3757
15wy03	5	37	1	1	2	1	1	0.2064	NaN	NaN	NaN	164338.4369	164338.7929	1	1	0.207
15wy03	5	38	1	1	1	1	1	NaN	9.8546	10.0138	15.4957	164341.5468	164341.8491	1	1	0.1418
15wy03	5	38	1	1	2	1	1	0.0085	NaN	NaN	NaN	164342.533	164342.8885	0	0	2.0144
15wy03	5	39	1	1	1	1	-1	NaN	2.566	-3.3499	14.5465	164346.8192	164347.1213	0	1	0.8227
15wy03	5	39	1	1	2	1	1	0.1061	NaN	NaN	NaN	164348.4533	164348.809	1	1	0.2227
15wy03	5	40	1	1	1	1	-1	NaN	10.94	-11.3019	14.5336	164351.4352	164351.7375	0	1	0.2225
15wy03	5	40	1	1	2	1	1	0.1858	NaN	NaN	NaN	164352.4853	164352.8421	1	1	0.1902
15wy03	5	41	1	1	1	1	1	NaN	10.662	11.0221	15.0189	164355.1034	164355.4068	1	1	0.1368
15wy03	5	41	1	1	2	1	1	0.1437	NaN	NaN	NaN	164356.0853	164356.442	1	1	0.1417
15wy03	5	42	1	1	1	1	1	NaN	1.176	2.4719	15.0527	164358.8126	164359.1165	1	1	0.4744
15wy03	5	42	1	1	2	1	1	0.0733	NaN	NaN	NaN	164360.1357	164360.5144	1	1	0.3902
15wy03	5	43	1	1	1	1	-1	NaN	2.4221	-4.4433	15.2248	164362.9744	164363.2767	1	0	0.2515
15wy03	5	43	1	1	2	1	-1	0.0713	NaN	NaN	NaN	164364.0849	164364.4416	1	0	0.2373
15wy03	5	44	1	1	1	1	-1	NaN	1.4693	-0.7438	14.5638	164367.1375	164367.4402	1	0	0.3922
15wy03	5	44	1	1	2	1	-1	0.0217	NaN	NaN	NaN	164368.3733	164368.7258	1	0	0.2104
15wy03	5	45	1	1	1	1	-1	NaN	8.5051	-6.4464	14.4509	164371.067	164371.3692	1	0	0.6377
15wy03	5	45	1	1	2	1	-1	0.1048	NaN	NaN	NaN	164372.5811	164372.9371	0	1	0.815
15wy03	5	46	1	1	1	1	-1	NaN	9.7932	-12.084	16.0457	164376.3908	164376.693	0	1	0.6266
15wy03	5	46	1	1	2	1	1	0.2043	NaN	NaN	NaN	164377.8292	164378.18	1	1	0.2604
15wy03	5	47	1	1	1	1	1	NaN	4.0907	2.6762	16.7772	164380.5685	164380.8715	1	1	0.2714
15wy03	5	47	1	1	2	1	1	0.0891	NaN	NaN	NaN	164381.685	164382.0407	1	1	0.1422
15wy03	5	48	1	1	1	1	1	NaN	5.8018	6.9551	15.4082	164384.8235	164385.1258	1	1	0.2265
15wy03	5	48	1	1	2	1	1	0.1232	NaN	NaN	NaN	164385.8935	164386.2437	1	1	0.1482
15wy03	5	49	1	1	1	1	-1	NaN	8.9072	-7.6132	15.239	164388.4461	164388.7483	0	1	0.1706
15wy03	5	49	1	1	2	1	1	0.0586	NaN	NaN	NaN	164389.4613	164389.8135	1	1	0.3222
15wy03	5	50	1	1	1	1	-1	NaN	2.3313	-2.4604	17.5409	164392.5903	164392.8924	1	0	0.5077
15wy03	5	50	1	1	2	1	-1	0.1904	NaN	NaN	NaN	164393.9422	164394.2931	1	0	0.3224
15wy03	6	1	1	1	1	1	-1	NaN	4.2479	-5.1413	15.8246	164404.7227	164405.0275	0	1	0.9318
15wy03	6	1	1	1	2	1	1	0.0989	NaN	NaN	NaN	164406.4884	164406.9108	1	1	0.233
15wy03	6	2	1	1	1	1	1	NaN	7.0257	7.0719	13.9393	164409.444	164409.7488	1	1	0.1942
15wy03	6	2	1	1	2	1	1	0.1716	NaN	NaN	NaN	164410.5042	164410.9274	1	1	0.1682
15wy03	6	3	1	1	1	1	1	NaN	3.2728	4.3932	15.2082	164413.2602	164413.5646	1	1	0.2833
15wy03	6	3	1	1	2	1	1	0.0762	NaN	NaN	NaN	164414.3948	164414.8137	1	1	0.3133
15wy03	6	4	1	1	1	1	-1	NaN	8.0483	-8.9852	15.6765	164417.6267	164417.9311	0	1	0.2839
15wy03	6	4	1	1	2	1	1	0.1477	NaN	NaN	NaN	164418.7628	164419.1801	1	1	0.2835
15wy03	6	5	1	1	1	1	1	NaN	2.6143	0.5811	15.8902	164421.8788	164422.1832	0	0	0.6878
15wy03	6	5	1	1	2	1	-1	0.1668	NaN	NaN	NaN	164423.3843	164423.7965	0	1	0.4184
15wy03	6	6	1	1	1	1	1	NaN	4.4449	6.2824	14.6696	164426.4132	164426.7153	1	1	0.1396
15wy03	6	6	1	1	2	1	1	0.0136	NaN	NaN	NaN	164427.4129	164427.7675	1	1	0.2395
15wy03	6	7	1	1	1	1	-1	NaN	5.5128	-4.7325	15.2618	164429.995	164430.2972	1	0	0.3017
15wy03	6	7	1	1	2	1	-1	0.1529	NaN	NaN	NaN	164431.1246	164431.4777	0	1	0.2573
15wy03	6	8	1	1	1	1	1	NaN	1.099	0.1649	15.5182	164433.7586	164434.0608	1	1	0.4277
15wy03	6	8	1	1	2	1	1	0.1794	NaN	NaN	NaN	164435.0453	164435.4006	1	1	0.2383
15wy03	6	9	1	1	1	1	1	NaN	5.0292	5.2856	14.6257	164437.9197	164438.2218	1	1	0.2651
15wy03	6	9	1	1	2	1	1	0.0968	NaN	NaN	NaN	164439.0454	164439.4002	1	1	0.2707
15wy03	6	10	1	1	1	1	1	NaN	5.343	5.7524	15.1563	164441.7417	164442.0439	1	1	0.1727
15wy03	6	10	1	1	2	1	1	0.1127	NaN	NaN	NaN	164442.7739	164443.1239	1	1	0.2911
15wy03	6	11	1	1	1	1	1	NaN	8.2733	9.8827	15.9428	164445.5372	164445.8395	1	1	0.2005
15wy03	6	11	1	1	2	1	1	0.1708	NaN	NaN	NaN	164446.6133	164446.9667	1	1	0.4808
15wy03	6	12	1	1	1	1	-1	NaN	7.8679	-7.8632	15.4544	164449.7436	164450.0458	0	1	0.4262
15wy03	6	12	1	1	2	1	1	0.2059	NaN	NaN	NaN	164450.9653	164451.3206	1	1	0.2383
15wy03	6	13	1	1	1	1	1	NaN	8.7365	10.2295	15.3003	164454.0774	164454.3818	1	1	0.1865
15wy03	6	13	1	1	2	1	1	0.0727	NaN	NaN	NaN	164455.1122	164455.5282	1	1	0.0956
15wy03	6	14	1	1	1	1	-1	NaN	4.4175	-4.8427	15.6739	164457.6123	164457.9146	0	1	0.397
15wy03	6	14	1	1	2	1	1	0.1733	NaN	NaN	NaN	164458.8227	164459.1733	1	1	0.0337
15wy03	6	15	1	1	1	1	-1	NaN	6.9253	-7.6623	14.175	164461.0614	164461.3635	0	1	0.5795
15wy03	6	15	1	1	2	1	1	0.1922	NaN	NaN	NaN	164462.5014	164462.8546	1	1	0.1451
15wy03	6	16	1	1	1	1	-1	NaN	5.8102	-6.7815	14.8249	164464.9464	164465.2486	0	1	0.2144
15wy03	6	16	1	1	2	1	1	0.0128	NaN	NaN	NaN	164465.9896	164466.3392	1	1	0.1163
15wy03	6	17	1	1	1	1	-1	NaN	9.7294	-9.6885	17.1066	164468.7586	164469.0609	0	1	0.1948
15wy03	6	17	1	1	2	1	1	0.1922	NaN	NaN	NaN	164469.7483	164470.103	1	1	0.0479
15wy03	6	18	1	1	1	1	-1	NaN	1.958	-3.6436	15.5062	164472.657	164472.9591	0	1	0.8559
15wy03	6	18	1	1	2	1	1	0.0081	NaN	NaN	NaN	164474.357	164474.7086	1	1	0.6278
15wy03	6	19	1	1	1	1	-1	NaN	3.3544	-3.7125	15.0475	164477.592	164477.8942	0	1	1.3288
15wy03	6	19	1	1	2	1	1	0.2117	NaN	NaN	NaN	164479.7802	164480.1358	1	1	2.2072
15wy03	6	20	1	1	1	1	-1	NaN	6.8701	-6.894	15.2189	164484.6505	164484.9527	0	1	1.711
15wy03	6	20	1	1	2	1	1	0.0655	NaN	NaN	NaN	164487.1885	164487.5386	0	0	1.0935
15wy03	6	21	1	1	1	1	1	NaN	2.0506	2.3723	14.1758	164490.884	164491.1862	1	1	0.4057
15wy03	6	21	1	1	2	1	1	0.1266	NaN	NaN	NaN	164492.1323	164492.4864	1	1	0.2566
15wy03	6	22	1	1	1	1	1	NaN	2.3128	4.7007	13.8056	164494.8834	164495.1856	1	1	0.1494
15wy03	6	22	1	1	2	1	1	0.1323	NaN	NaN	NaN	164495.8932	164496.2474	1	1	0.6235
15wy03	6	23	1	1	1	1	-1	NaN	1.6433	-2.4514	14.1968	164499.0553	164499.3592	1	0	0.3765
15wy03	6	23	1	1	2	1	-1	0.1116	NaN	NaN	NaN	164500.2799	164500.6919	0	1	0.4677
15wy03	6	24	1	1	1	1	1	NaN	9.1027	8.3731	15.1785	164503.0694	164503.3743	1	1	0.1848
15wy03	6	24	1	1	2	1	1	0.1151	NaN	NaN	NaN	164504.0913	164504.4972	1	1	0.1834
15wy03	6	25	1	1	1	1	1	NaN	8.2146	9.2695	17.241	164506.7533	164507.0556	1	1	0.1687
15wy03	6	25	1	1	2	1	1	0.0119	NaN	NaN	NaN	164507.7651	164508.119	1	1	0.2719
15wy03	6	26	1	1	1	1	1	NaN	8.3002	9.1812	15.7784	164510.9053	164511.2076	1	1	0.1285
15wy03	6	26	1	1	2	1	1	0.0234	NaN	NaN	NaN	164511.8934	164512.2466	1	1	0.2083
15wy03	6	27	1	1	1	1	1	NaN	3.9046	3.4642	14.13	164514.5944	164514.8965	1	1	0.2472
15wy03	6	27	1	1	2	1	1	0.1201	NaN	NaN	NaN	164515.6696	164516.0204	1	1	0.2601
15wy03	6	28	1	1	1	1	1	NaN	0.5514	0.4831	16.2411	164518.6646	164518.9667	1	1	0.2887
15wy03	6	28	1	1	2	1	1	0.0817	NaN	NaN	NaN	164519.8122	164520.1671	1	1	0.2571
15wy03	6	29	1	1	1	1	-1	NaN	8.6745	-9.5362	14.5839	164522.5375	164522.8397	0	1	0.5273
15wy03	6	29	1	1	2	1	1	0.1196	NaN	NaN	NaN	164523.8931	164524.2501	1	1	0.1743
15wy03	6	30	1	1	1	1	-1	NaN	1.0395	-2.7115	15.1989	164526.8122	164527.1156	1	0	0.588
15wy03	6	30	1	1	2	1	-1	0.0443	NaN	NaN	NaN	164528.2454	164528.6001	1	0	0.1921
15wy03	6	31	1	1	1	1	-1	NaN	7.435	-6.9045	13.8078	164531.3273	164531.63	0	1	0.6496
15wy03	6	31	1	1	2	1	1	0.0505	NaN	NaN	NaN	164532.8051	164533.1625	1	1	0.1564
15wy03	6	32	1	1	1	1	1	NaN	2.3261	3.9653	16.4671	164535.7595	164536.0616	1	1	0.3454
15wy03	6	32	1	1	2	1	1	0.213	NaN	NaN	NaN	164536.9345	164537.2861	1	1	0.1463
15wy03	6	33	1	1	1	1	1	NaN	9.3732	8.8475	15.006	164539.5953	164539.8984	1	1	0.1886
15wy03	6	33	1	1	2	1	1	0.0938	NaN	NaN	NaN	164540.5973	164540.9508	1	1	0.0483
15wy03	6	34	1	1	1	1	1	NaN	7.9605	7.4651	14.9979	164543.2963	164543.5986	1	1	0.186
15wy03	6	34	1	1	2	1	1	0.1756	NaN	NaN	NaN	164544.3095	164544.666	1	1	0.2705
15wy03	6	35	1	1	1	1	-1	NaN	10.5183	-9.2177	15.4072	164547.0403	164547.3425	0	1	0.2818
15wy03	6	35	1	1	2	1	1	0.2034	NaN	NaN	NaN	164548.1704	164548.5782	1	1	0.0209
15wy03	6	36	1	1	1	1	-1	NaN	4.1103	-3.134	15.4413	164550.8646	164551.1668	0	1	0.3762
15wy03	6	36	1	1	2	1	1	0.0826	NaN	NaN	NaN	164552.0853	164552.4351	1	1	0.0679
15wy03	6	37	1	1	1	1	-1	NaN	0.8445	-0.5249	15.9933	164554.797	164555.0992	0	1	0.3334
15wy03	6	37	1	1	2	1	1	0.128	NaN	NaN	NaN	164555.9572	164556.3112	1	1	0.033
15wy03	6	38	1	1	1	1	-1	NaN	2.2057	-2.295	16.4807	164558.4388	164558.741	1	0	1.042
15wy03	6	38	1	1	2	1	-1	0.0839	NaN	NaN	NaN	164560.3092	164560.6653	0	1	0.255
15wy03	6	39	1	1	1	1	-1	NaN	0.8238	-1.9372	15.9209	164563.2595	164563.5625	1	0	0.7971
15wy03	6	39	1	1	2	1	-1	0.0894	NaN	NaN	NaN	164564.8854	164565.2376	1	0	0.2431
15wy03	6	40	1	1	1	1	-1	NaN	2.1938	-1.0969	15.0891	164568.1647	164568.4669	1	0	0.5481
15wy03	6	40	1	1	2	1	-1	0.0609	NaN	NaN	NaN	164569.5412	164569.8981	0	1	0.2697
15wy03	6	41	1	1	1	1	-1	NaN	7.1331	-7.8184	15.2712	164572.3811	164572.6834	0	1	0.9557
15wy03	6	41	1	1	2	1	1	0.0265	NaN	NaN	NaN	164574.1812	164574.5324	1	1	0.4026
15wy03	6	42	1	1	1	1	1	NaN	8.6991	6.7794	13.5895	164576.7575	164577.0597	1	1	0.3085
15wy03	6	42	1	1	2	1	1	0.1594	NaN	NaN	NaN	164577.9253	164578.2811	1	1	0.3032
15wy03	6	43	1	1	1	1	1	NaN	1.0859	0.4051	15.1122	164581.0882	164581.3904	0	0	0.8727
15wy03	6	43	1	1	2	1	-1	0.1425	NaN	NaN	NaN	164582.7896	164583.1431	0	1	0.224
15wy03	6	44	1	1	1	1	1	NaN	3.899	1.6184	14.9072	164585.6814	164585.9836	1	1	0.3451
15wy03	6	44	1	1	2	1	1	0.1736	NaN	NaN	NaN	164586.8375	164587.1931	1	1	0.1274
15wy03	6	45	1	1	1	1	1	NaN	4.7143	5.1752	15.9214	164589.4082	164589.7111	1	1	0.3451
15wy03	6	45	1	1	2	1	1	0.1755	NaN	NaN	NaN	164590.6292	164590.9816	1	1	0.242
15wy03	6	46	1	1	1	1	1	NaN	9.6851	11.284	14.2669	164593.0626	164593.3647	1	1	0.2903
15wy03	6	46	1	1	2	1	1	0.1219	NaN	NaN	NaN	164594.186	164594.6047	1	1	0.1064
15wy03	6	47	1	1	1	1	-1	NaN	3.2182	-3.7369	13.2399	164596.9243	164597.2312	1	0	0.6799
15wy03	6	47	1	1	2	1	-1	0.1524	NaN	NaN	NaN	164598.4726	164598.8884	0	1	0.1599
15wy03	6	48	1	1	1	1	-1	NaN	7.8382	-8.7295	15.7999	164601.2043	164601.5094	0	1	0.4817
15wy03	6	48	1	1	2	1	1	0.154	NaN	NaN	NaN	164602.5374	164602.9544	1	1	0.0006
15wy03	6	49	1	1	1	1	-1	NaN	9.8695	-9.8721	15.2328	164604.8572	164605.1642	0	1	0.1715
15wy03	6	49	1	1	2	1	1	0.0541	NaN	NaN	NaN	164605.851	164606.2475	1	1	0.1922
15wy03	6	50	1	1	1	1	1	NaN	3.2046	2.0856	14.0146	164608.5366	164608.8389	1	1	0.5451
15wy03	6	50	1	1	2	1	1	0.2253	NaN	NaN	NaN	164609.8925	164610.246	1	1	0.3543
