52fh01	1	1	0	0	1.0000	0.0000	1.0000	0.1424	NaN	NaN	NaN	436109.5110	436109.8431	1.0000	1.0000	0.6602
52fh01	1	1	0	0	2.0000	0.0000	1.0000	NaN	7.9153	8.7594	13.0436	436111.0838	436111.3848	1.0000	1.0000	0.5345
52fh01	1	2	0	0	1.0000	0.0000	1.0000	0.9115	NaN	NaN	NaN	436114.3167	436114.6422	0.0000	0.0000	0.5565
52fh01	1	2	0	0	2.0000	0.0000	-1.0000	NaN	7.8689	-9.0268	14.6555	436115.8040	436116.1051	0.0000	1.0000	0.5348
52fh01	1	3	0	0	1.0000	0.0000	1.0000	0.8464	NaN	NaN	NaN	436119.9959	436120.3226	1.0000	1.0000	0.2367
52fh01	1	3	0	0	2.0000	0.0000	1.0000	NaN	4.0100	4.8304	16.3489	436121.2039	436121.5050	1.0000	1.0000	0.3980
52fh01	1	4	0	0	1.0000	0.0000	-1.0000	0.2128	NaN	NaN	NaN	436124.1928	436124.5201	1.0000	0.0000	0.2547
52fh01	1	4	0	0	2.0000	0.0000	-1.0000	NaN	8.0140	-8.6390	14.2456	436125.4192	436125.7202	0.0000	1.0000	0.5106
52fh01	1	5	0	0	1.0000	0.0000	1.0000	0.6121	NaN	NaN	NaN	436128.4785	436128.8062	1.0000	1.0000	0.1132
52fh01	1	5	0	0	2.0000	0.0000	1.0000	NaN	4.5433	4.3261	15.7913	436129.5477	436129.8496	1.0000	1.0000	0.5497
52fh01	1	6	0	0	1.0000	0.0000	1.0000	0.3089	NaN	NaN	NaN	436132.5621	436132.8881	0.0000	0.0000	0.4073
52fh01	1	6	0	0	2.0000	0.0000	-1.0000	NaN	1.2676	-1.3678	14.1630	436133.9232	436134.2242	1.0000	0.0000	0.4232
52fh01	1	7	0	0	1.0000	0.0000	1.0000	0.9113	NaN	NaN	NaN	436137.3065	436137.6326	0.0000	0.0000	0.2307
52fh01	1	7	0	0	2.0000	0.0000	-1.0000	NaN	6.5666	-6.3509	17.2002	436138.4873	436138.7885	0.0000	1.0000	0.5868
52fh01	1	8	0	0	1.0000	0.0000	-1.0000	0.2818	NaN	NaN	NaN	436141.5839	436141.9116	1.0000	0.0000	0.2249
52fh01	1	8	0	0	2.0000	0.0000	1.0000	NaN	3.8253	5.3982	13.5959	436142.8037	436143.1047	1.0000	1.0000	0.4706
52fh01	1	9	0	0	1.0000	0.0000	-1.0000	0.4244	NaN	NaN	NaN	436145.7629	436146.0900	0.0000	1.0000	0.1892
52fh01	1	9	0	0	2.0000	0.0000	-1.0000	NaN	3.6762	-2.2316	15.0298	436146.9000	436147.2010	0.0000	1.0000	0.9665
52fh01	1	10	0	0	1.0000	0.0000	1.0000	0.4852	NaN	NaN	NaN	436150.4469	436150.7737	0.0000	0.0000	0.4976
52fh01	1	10	0	0	2.0000	0.0000	-1.0000	NaN	9.8115	-10.6140	14.0132	436151.9154	436152.2167	0.0000	1.0000	0.4146
52fh01	1	11	0	0	1.0000	0.0000	1.0000	0.7399	NaN	NaN	NaN	436154.6033	436154.9299	1.0000	1.0000	0.2693
52fh01	1	11	0	0	2.0000	0.0000	1.0000	NaN	5.0814	5.9731	16.7477	436155.8599	436156.1610	1.0000	1.0000	0.4137
52fh01	1	12	0	0	1.0000	0.0000	1.0000	0.3508	NaN	NaN	NaN	436158.8937	436159.2189	0.0000	0.0000	0.3964
52fh01	1	12	0	0	2.0000	0.0000	-1.0000	NaN	1.3344	-1.6616	15.4277	436160.2429	436160.5439	1.0000	0.0000	0.5354
52fh01	1	13	0	0	1.0000	0.0000	1.0000	0.1574	NaN	NaN	NaN	436163.6261	436163.9511	0.0000	0.0000	0.2244
52fh01	1	13	0	0	2.0000	0.0000	1.0000	NaN	7.2238	9.9713	16.4436	436164.8108	436165.1117	1.0000	1.0000	0.5677
52fh01	1	14	0	0	1.0000	0.0000	-1.0000	0.2531	NaN	NaN	NaN	436168.2323	436168.5593	0.0000	1.0000	0.2078
52fh01	1	14	0	0	2.0000	0.0000	-1.0000	NaN	1.8439	-2.9081	14.4285	436169.4030	436169.7040	0.0000	1.0000	0.7592
52fh01	1	15	0	0	1.0000	0.0000	-1.0000	0.5652	NaN	NaN	NaN	436173.1911	436173.5172	0.0000	1.0000	0.3621
52fh01	1	15	0	0	2.0000	0.0000	1.0000	NaN	3.1465	4.9800	15.4144	436174.5149	436174.8159	0.0000	0.0000	0.5348
52fh01	1	16	0	0	1.0000	0.0000	1.0000	0.6604	NaN	NaN	NaN	436177.6019	436177.9276	1.0000	1.0000	0.3997
52fh01	1	16	0	0	2.0000	0.0000	1.0000	NaN	0.8159	2.7680	15.4826	436178.9807	436179.2818	1.0000	1.0000	0.7975
52fh01	1	17	0	0	1.0000	0.0000	-1.0000	0.3186	NaN	NaN	NaN	436182.3638	436182.6892	1.0000	0.0000	0.4621
52fh01	1	17	0	0	2.0000	0.0000	1.0000	NaN	8.1567	7.0169	14.7424	436183.8192	436184.1202	1.0000	1.0000	0.4706
52fh01	1	18	0	0	1.0000	0.0000	1.0000	0.0302	NaN	NaN	NaN	436187.0675	436187.3937	1.0000	1.0000	0.2936
52fh01	1	18	0	0	2.0000	0.0000	-1.0000	NaN	3.3231	-2.0317	14.7999	436188.3231	436188.6241	0.0000	1.0000	0.6474
52fh01	1	19	0	0	1.0000	0.0000	1.0000	0.2477	NaN	NaN	NaN	436191.2239	436191.5502	1.0000	1.0000	0.3376
52fh01	1	19	0	0	2.0000	0.0000	-1.0000	NaN	7.1323	-5.4640	16.0849	436192.5565	436192.8574	0.0000	1.0000	0.5260
52fh01	1	20	0	0	1.0000	0.0000	-1.0000	0.1146	NaN	NaN	NaN	436195.4019	436195.7302	1.0000	0.0000	0.1731
52fh01	1	20	0	0	2.0000	0.0000	1.0000	NaN	7.0741	7.9838	15.0542	436196.5542	436196.8552	1.0000	1.0000	0.4482
52fh01	1	21	0	0	1.0000	0.0000	-1.0000	0.8067	NaN	NaN	NaN	436199.4569	436199.7837	0.0000	1.0000	0.2555
52fh01	1	21	0	0	2.0000	0.0000	1.0000	NaN	11.2079	10.4992	15.2004	436200.7398	436201.0407	1.0000	1.0000	0.5346
52fh01	1	22	0	0	1.0000	0.0000	1.0000	0.2126	NaN	NaN	NaN	436204.1345	436204.4598	1.0000	1.0000	0.3228
52fh01	1	22	0	0	2.0000	0.0000	1.0000	NaN	9.0152	8.3275	16.0767	436205.4265	436205.7275	1.0000	1.0000	0.6152
52fh01	1	23	0	0	1.0000	0.0000	1.0000	0.6058	NaN	NaN	NaN	436208.5055	436208.8309	1.0000	1.0000	0.6638
52fh01	1	23	0	0	2.0000	0.0000	1.0000	NaN	11.4923	14.3992	14.7310	436210.1079	436210.4091	1.0000	1.0000	0.5102
52fh01	1	24	0	0	1.0000	0.0000	-1.0000	0.4168	NaN	NaN	NaN	436213.5669	436213.8930	1.0000	0.0000	0.2665
52fh01	1	24	0	0	2.0000	0.0000	-1.0000	NaN	4.5787	-1.9777	14.8352	436214.8119	436215.1129	1.0000	0.0000	0.5422
52fh01	1	25	0	0	1.0000	0.0000	-1.0000	0.1056	NaN	NaN	NaN	436218.0413	436218.3680	1.0000	0.0000	0.4392
52fh01	1	25	0	0	2.0000	0.0000	1.0000	NaN	3.0968	2.6385	15.5327	436219.4198	436219.7208	1.0000	1.0000	0.6544
52fh01	1	26	0	0	1.0000	0.0000	-1.0000	0.3714	NaN	NaN	NaN	436222.6857	436223.0116	1.0000	0.0000	0.5229
52fh01	1	26	0	0	2.0000	0.0000	-1.0000	NaN	9.9766	-10.9414	14.0304	436224.1712	436224.4721	0.0000	1.0000	0.5032
52fh01	1	27	0	0	1.0000	0.0000	-1.0000	0.4040	NaN	NaN	NaN	436227.7386	436228.0653	1.0000	0.0000	0.2060
52fh01	1	27	0	0	2.0000	0.0000	-1.0000	NaN	3.7526	-1.0006	15.3484	436228.9390	436229.2399	1.0000	0.0000	0.9828
52fh01	1	28	0	0	1.0000	0.0000	1.0000	0.1234	NaN	NaN	NaN	436232.3990	436232.7252	1.0000	1.0000	0.3859
52fh01	1	28	0	0	2.0000	0.0000	1.0000	NaN	6.8259	6.2037	14.6315	436233.7787	436234.0797	1.0000	1.0000	0.5678
52fh01	1	29	0	0	1.0000	0.0000	-1.0000	0.6660	NaN	NaN	NaN	436237.3079	436237.6350	0.0000	1.0000	0.5322
52fh01	1	29	0	0	2.0000	0.0000	1.0000	NaN	7.9961	9.5709	14.2232	436238.8435	436239.1445	1.0000	1.0000	0.5589
52fh01	1	30	0	0	1.0000	0.0000	1.0000	0.7369	NaN	NaN	NaN	436242.3215	436242.6485	1.0000	1.0000	0.2462
52fh01	1	30	0	0	2.0000	0.0000	1.0000	NaN	5.8415	6.1638	15.3905	436243.5388	436243.8398	1.0000	1.0000	0.4876
52fh01	1	31	0	0	1.0000	0.0000	-1.0000	0.7546	NaN	NaN	NaN	436246.6144	436246.9406	0.0000	1.0000	0.5381
52fh01	1	31	0	0	2.0000	0.0000	-1.0000	NaN	3.7346	-2.8005	14.3359	436248.1559	436248.4569	0.0000	1.0000	0.8144
52fh01	1	32	0	0	1.0000	0.0000	1.0000	0.4750	NaN	NaN	NaN	436251.2657	436251.5933	1.0000	1.0000	0.2781
52fh01	1	32	0	0	2.0000	0.0000	1.0000	NaN	5.7591	5.7203	15.2342	436252.5235	436252.8245	1.0000	1.0000	0.4632
52fh01	1	33	0	0	1.0000	0.0000	-1.0000	0.4233	NaN	NaN	NaN	436255.2898	436255.6154	1.0000	0.0000	0.6559
52fh01	1	33	0	0	2.0000	0.0000	1.0000	NaN	7.7558	6.1982	15.4151	436256.9081	436257.2091	0.0000	0.0000	1.1177
52fh01	1	34	0	0	1.0000	0.0000	1.0000	0.5507	NaN	NaN	NaN	436260.7879	436261.1185	1.0000	1.0000	0.2800
52fh01	1	34	0	0	2.0000	0.0000	1.0000	NaN	6.5983	6.7769	13.1640	436262.0591	436262.3606	1.0000	1.0000	0.4781
52fh01	1	35	0	0	1.0000	0.0000	1.0000	0.7401	NaN	NaN	NaN	436265.1920	436265.5194	1.0000	1.0000	0.2312
52fh01	1	35	0	0	2.0000	0.0000	-1.0000	NaN	8.5804	-9.8865	14.2871	436266.4287	436266.7297	0.0000	1.0000	0.5090
52fh01	1	36	0	0	1.0000	0.0000	-1.0000	0.8576	NaN	NaN	NaN	436269.5481	436269.8735	0.0000	1.0000	0.7257
52fh01	1	36	0	0	2.0000	0.0000	-1.0000	NaN	11.3374	-12.2253	15.1692	436271.2596	436271.5606	0.0000	1.0000	0.5667
52fh01	1	37	0	0	1.0000	0.0000	1.0000	0.1545	NaN	NaN	NaN	436274.3290	436274.6554	1.0000	1.0000	0.5277
52fh01	1	37	0	0	2.0000	0.0000	-1.0000	NaN	1.4280	-0.5323	16.0541	436275.8356	436276.1365	0.0000	1.0000	0.8621
52fh01	1	38	0	0	1.0000	0.0000	1.0000	0.0793	NaN	NaN	NaN	436279.5008	436279.8272	1.0000	1.0000	0.4442
52fh01	1	38	0	0	2.0000	0.0000	1.0000	NaN	1.5981	0.3604	14.4124	436280.9291	436281.2301	0.0000	0.0000	0.8014
52fh01	1	39	0	0	1.0000	0.0000	-1.0000	0.4807	NaN	NaN	NaN	436284.5871	436284.9147	1.0000	0.0000	0.5000
52fh01	1	39	0	0	2.0000	0.0000	-1.0000	NaN	8.3889	-7.4924	14.2154	436286.0524	436286.3535	0.0000	1.0000	0.8291
52fh01	1	40	0	0	1.0000	0.0000	-1.0000	0.4648	NaN	NaN	NaN	436289.5845	436289.9106	0.0000	1.0000	1.1048
52fh01	1	40	0	0	2.0000	0.0000	1.0000	NaN	4.0526	5.0217	17.0879	436291.6912	436291.9922	1.0000	1.0000	0.6224
52fh01	1	41	0	0	1.0000	0.0000	1.0000	0.6217	NaN	NaN	NaN	436294.9681	436295.2945	0.0000	0.0000	0.8248
52fh01	1	41	0	0	2.0000	0.0000	1.0000	NaN	4.8914	4.2457	13.9748	436296.8188	436297.1198	1.0000	1.0000	0.9991
52fh01	1	42	0	0	1.0000	0.0000	1.0000	0.1497	NaN	NaN	NaN	436300.6100	436300.9367	1.0000	1.0000	1.1025
52fh01	1	42	0	0	2.0000	0.0000	1.0000	NaN	11.6471	10.2006	15.4588	436302.6823	436302.9833	1.0000	1.0000	0.4320
52fh01	1	43	0	0	1.0000	0.0000	-1.0000	0.0310	NaN	NaN	NaN	436306.0020	436306.3287	0.0000	1.0000	0.7020
52fh01	1	43	0	0	2.0000	0.0000	1.0000	NaN	6.7344	7.4692	15.3253	436307.6835	436307.9845	1.0000	1.0000	1.1988
52fh01	1	44	0	0	1.0000	0.0000	1.0000	0.9243	NaN	NaN	NaN	436311.6362	436311.9634	1.0000	1.0000	0.4032
52fh01	1	44	0	0	2.0000	0.0000	-1.0000	NaN	7.7879	-5.5435	15.3024	436313.0114	436313.3124	0.0000	1.0000	0.7348
52fh01	1	45	0	0	1.0000	0.0000	-1.0000	0.0923	NaN	NaN	NaN	436316.7317	436317.0575	1.0000	0.0000	0.4131
52fh01	1	45	0	0	2.0000	0.0000	-1.0000	NaN	9.8815	-7.8555	14.6447	436318.1064	436318.4075	0.0000	1.0000	0.6150
52fh01	1	46	0	0	1.0000	0.0000	1.0000	0.7564	NaN	NaN	NaN	436321.4718	436321.7988	1.0000	1.0000	0.2479
52fh01	1	46	0	0	2.0000	0.0000	1.0000	NaN	1.1845	1.5234	14.9161	436322.7070	436323.0079	0.0000	0.0000	0.6227
52fh01	1	47	0	0	1.0000	0.0000	1.0000	0.0044	NaN	NaN	NaN	436325.9825	436326.3083	0.0000	0.0000	0.6904
52fh01	1	47	0	0	2.0000	0.0000	1.0000	NaN	9.2989	12.0254	15.8437	436327.6590	436327.9605	1.0000	1.0000	0.5342
52fh01	1	48	0	0	1.0000	0.0000	-1.0000	0.2279	NaN	NaN	NaN	436330.6793	436331.0072	0.0000	1.0000	0.8081
52fh01	1	48	0	0	2.0000	0.0000	1.0000	NaN	10.6381	9.0630	14.5858	436332.4358	436332.7371	1.0000	1.0000	1.1097
52fh01	1	49	0	0	1.0000	0.0000	1.0000	0.5577	NaN	NaN	NaN	436336.5160	436336.8437	1.0000	1.0000	1.2911
52fh01	1	49	0	0	2.0000	0.0000	1.0000	NaN	2.4929	2.2728	15.6909	436338.7949	436339.0959	1.0000	1.0000	0.6467
52fh01	1	50	0	0	1.0000	0.0000	1.0000	0.3969	NaN	NaN	NaN	436342.3875	436342.7158	0.0000	0.0000	0.5948
52fh01	1	50	0	0	2.0000	0.0000	-1.0000	NaN	11.7966	-12.8811	16.0767	436343.9556	436344.2565	0.0000	1.0000	0.5187
52fh01	2	1	0	0	1.0000	0.0000	-1.0000	0.9349	NaN	NaN	NaN	436362.3751	436362.7016	0.0000	1.0000	0.4017
52fh01	2	1	0	0	2.0000	0.0000	-1.0000	NaN	2.0060	-1.6102	14.5954	436363.8190	436364.1199	0.0000	1.0000	0.3427
52fh01	2	2	0	0	1.0000	0.0000	1.0000	0.5195	NaN	NaN	NaN	436366.9403	436367.2668	0.0000	0.0000	0.3882
52fh01	2	2	0	0	2.0000	0.0000	-1.0000	NaN	6.2536	-6.3757	14.1656	436368.3159	436368.6169	0.0000	1.0000	0.3904
52fh01	2	3	0	0	1.0000	0.0000	1.0000	0.6771	NaN	NaN	NaN	436371.4512	436371.7780	1.0000	1.0000	0.3086
52fh01	2	3	0	0	2.0000	0.0000	1.0000	NaN	6.0057	5.4359	15.4286	436372.7320	436373.0330	1.0000	1.0000	0.8703
52fh01	2	4	0	0	1.0000	0.0000	-1.0000	0.3225	NaN	NaN	NaN	436376.1895	436376.5169	0.0000	1.0000	0.6985
52fh01	2	4	0	0	2.0000	0.0000	-1.0000	NaN	11.4196	-12.1261	14.2243	436377.8666	436378.1676	0.0000	1.0000	0.5437
52fh01	2	5	0	0	1.0000	0.0000	1.0000	0.5062	NaN	NaN	NaN	436381.0062	436381.3319	1.0000	1.0000	0.9315
52fh01	2	5	0	0	2.0000	0.0000	-1.0000	NaN	4.2087	-5.2850	14.6715	436382.8992	436383.2003	0.0000	1.0000	0.8549
52fh01	2	6	0	0	1.0000	0.0000	-1.0000	0.1698	NaN	NaN	NaN	436386.0415	436386.3683	0.0000	1.0000	0.6864
52fh01	2	6	0	0	2.0000	0.0000	-1.0000	NaN	5.0746	-5.8151	15.0687	436387.6839	436387.9848	0.0000	1.0000	0.4465
52fh01	2	7	0	0	1.0000	0.0000	-1.0000	0.2469	NaN	NaN	NaN	436390.7942	436391.1213	1.0000	0.0000	0.4454
52fh01	2	7	0	0	2.0000	0.0000	-1.0000	NaN	9.6008	-9.1617	15.4859	436392.1884	436392.4897	0.0000	1.0000	0.2769
52fh01	2	8	0	0	1.0000	0.0000	1.0000	0.4311	NaN	NaN	NaN	436394.8866	436395.2127	1.0000	1.0000	0.3380
52fh01	2	8	0	0	2.0000	0.0000	1.0000	NaN	5.1887	5.2139	16.5408	436396.2034	436396.5044	0.0000	0.0000	0.6063
52fh01	2	9	0	0	1.0000	0.0000	1.0000	0.8605	NaN	NaN	NaN	436399.7139	436400.0406	1.0000	1.0000	0.2708
52fh01	2	9	0	0	2.0000	0.0000	1.0000	NaN	1.5238	2.8257	14.5372	436400.9637	436401.2648	0.0000	0.0000	0.4945
52fh01	2	10	0	0	1.0000	0.0000	-1.0000	0.2385	NaN	NaN	NaN	436404.3173	436404.6443	1.0000	0.0000	0.2825
52fh01	2	10	0	0	2.0000	0.0000	1.0000	NaN	7.3925	9.1600	14.9310	436405.5714	436405.8725	1.0000	1.0000	0.2781
52fh01	2	11	0	0	1.0000	0.0000	1.0000	0.3960	NaN	NaN	NaN	436408.5208	436408.8478	0.0000	0.0000	0.3508
52fh01	2	11	0	0	2.0000	0.0000	-1.0000	NaN	7.8823	-6.7264	15.0784	436409.8585	436410.1595	0.0000	1.0000	0.5911
52fh01	2	12	0	0	1.0000	0.0000	-1.0000	0.4377	NaN	NaN	NaN	436412.7624	436413.0893	1.0000	0.0000	1.3660
52fh01	2	12	0	0	2.0000	0.0000	1.0000	NaN	11.7797	9.7603	15.5713	436415.0985	436415.3995	1.0000	1.0000	0.4070
52fh01	2	13	0	0	1.0000	0.0000	-1.0000	0.7772	NaN	NaN	NaN	436418.2345	436418.5622	0.0000	1.0000	0.3804
52fh01	2	13	0	0	2.0000	0.0000	-1.0000	NaN	9.8106	-10.8531	13.2649	436419.5873	436419.8883	0.0000	1.0000	0.5749
52fh01	2	14	0	0	1.0000	0.0000	1.0000	0.5794	NaN	NaN	NaN	436422.8998	436423.2257	0.0000	0.0000	0.6367
52fh01	2	14	0	0	2.0000	0.0000	1.0000	NaN	7.4120	7.0507	16.0839	436424.4898	436424.7910	1.0000	1.0000	0.5282
52fh01	2	15	0	0	1.0000	0.0000	1.0000	0.8321	NaN	NaN	NaN	436428.1274	436428.4566	0.0000	0.0000	0.3585
52fh01	2	15	0	0	2.0000	0.0000	1.0000	NaN	6.6019	7.6631	15.3787	436429.4505	436429.7517	1.0000	1.0000	0.2951
52fh01	2	16	0	0	1.0000	0.0000	1.0000	0.4280	NaN	NaN	NaN	436432.8020	436433.1283	0.0000	0.0000	0.1190
52fh01	2	16	0	0	2.0000	0.0000	1.0000	NaN	1.0059	1.4782	14.1009	436433.8836	436434.1846	1.0000	1.0000	0.4466
52fh01	2	17	0	0	1.0000	0.0000	-1.0000	0.8677	NaN	NaN	NaN	436437.1129	436437.4394	0.0000	1.0000	0.1595
52fh01	2	17	0	0	2.0000	0.0000	-1.0000	NaN	1.8285	-0.7618	14.2453	436438.2429	436438.5439	1.0000	0.0000	0.7118
52fh01	2	18	0	0	1.0000	0.0000	1.0000	0.6007	NaN	NaN	NaN	436441.7778	436442.1042	0.0000	0.0000	0.2866
52fh01	2	18	0	0	2.0000	0.0000	1.0000	NaN	1.1705	1.0435	15.1340	436443.0372	436443.3381	1.0000	1.0000	1.4292
52fh01	2	19	0	0	1.0000	0.0000	-1.0000	0.4007	NaN	NaN	NaN	436447.2841	436447.6109	0.0000	1.0000	0.1003
52fh01	2	19	0	0	2.0000	0.0000	1.0000	NaN	10.9888	9.5472	15.7941	436448.3636	436448.6646	1.0000	1.0000	0.6545
52fh01	2	20	0	0	1.0000	0.0000	-1.0000	0.6227	NaN	NaN	NaN	436451.4974	436451.8237	0.0000	1.0000	0.2237
52fh01	2	20	0	0	2.0000	0.0000	1.0000	NaN	2.0542	1.9203	16.6183	436452.6983	436452.9993	0.0000	0.0000	0.6479
52fh01	2	21	0	0	1.0000	0.0000	1.0000	0.9083	NaN	NaN	NaN	436455.8354	436456.1623	1.0000	1.0000	0.2530
52fh01	2	21	0	0	2.0000	0.0000	1.0000	NaN	6.9025	6.2556	15.6706	436457.0511	436457.3521	1.0000	1.0000	0.9266
52fh01	2	22	0	0	1.0000	0.0000	1.0000	0.2254	NaN	NaN	NaN	436460.4321	436460.7581	0.0000	0.0000	0.2969
52fh01	2	22	0	0	2.0000	0.0000	-1.0000	NaN	5.5062	-6.1405	14.5324	436461.6973	436461.9983	1.0000	0.0000	0.7124
52fh01	2	23	0	0	1.0000	0.0000	-1.0000	0.6423	NaN	NaN	NaN	436465.1045	436465.4323	0.0000	1.0000	0.2708
52fh01	2	23	0	0	2.0000	0.0000	1.0000	NaN	3.4688	4.3747	14.7476	436466.3541	436466.6551	1.0000	1.0000	0.5196
52fh01	2	24	0	0	1.0000	0.0000	-1.0000	0.8316	NaN	NaN	NaN	436469.5444	436469.8707	0.0000	1.0000	0.1920
52fh01	2	24	0	0	2.0000	0.0000	1.0000	NaN	6.2166	3.3730	16.2575	436470.7238	436471.0248	1.0000	1.0000	0.6298
52fh01	2	25	0	0	1.0000	0.0000	-1.0000	0.7832	NaN	NaN	NaN	436473.8399	436474.1666	0.0000	1.0000	0.1288
52fh01	2	25	0	0	2.0000	0.0000	-1.0000	NaN	11.7920	-13.8071	15.2898	436474.9146	436475.2155	1.0000	0.0000	0.5511
52fh01	2	26	0	0	1.0000	0.0000	1.0000	0.0359	NaN	NaN	NaN	436477.7350	436478.0636	0.0000	0.0000	0.2630
52fh01	2	26	0	0	2.0000	0.0000	-1.0000	NaN	10.6220	-9.9728	13.9494	436478.9464	436479.2474	0.0000	1.0000	0.5912
52fh01	2	27	0	0	1.0000	0.0000	1.0000	0.1743	NaN	NaN	NaN	436482.2963	436482.6221	0.0000	0.0000	0.7045
52fh01	2	27	0	0	2.0000	0.0000	1.0000	NaN	4.4218	4.0249	14.4725	436483.9472	436484.2481	1.0000	1.0000	0.6546
52fh01	2	28	0	0	1.0000	0.0000	-1.0000	0.4825	NaN	NaN	NaN	436486.9654	436487.2926	0.0000	1.0000	0.1465
52fh01	2	28	0	0	2.0000	0.0000	-1.0000	NaN	1.0262	-1.8248	15.2801	436488.0676	436488.3687	1.0000	0.0000	0.7666
52fh01	2	29	0	0	1.0000	0.0000	-1.0000	0.7610	NaN	NaN	NaN	436491.8092	436492.1356	0.0000	1.0000	0.2236
52fh01	2	29	0	0	2.0000	0.0000	1.0000	NaN	0.3506	1.5744	15.6824	436492.9962	436493.2972	1.0000	1.0000	0.7174
52fh01	2	30	0	0	1.0000	0.0000	1.0000	0.6824	NaN	NaN	NaN	436496.3500	436496.6792	0.0000	0.0000	0.1995
52fh01	2	30	0	0	2.0000	0.0000	1.0000	NaN	11.6238	11.4313	15.4578	436497.5162	436497.8171	1.0000	1.0000	0.6862
52fh01	2	31	0	0	1.0000	0.0000	-1.0000	0.2279	NaN	NaN	NaN	436501.1170	436501.4438	0.0000	1.0000	0.1074
52fh01	2	31	0	0	2.0000	0.0000	-1.0000	NaN	1.4798	-1.5721	14.3249	436502.1867	436502.4878	1.0000	0.0000	1.1995
52fh01	2	32	0	0	1.0000	0.0000	1.0000	0.4284	NaN	NaN	NaN	436506.4051	436506.7315	0.0000	0.0000	0.1559
52fh01	2	32	0	0	2.0000	0.0000	1.0000	NaN	6.5641	4.8948	15.8158	436507.5002	436507.8012	1.0000	1.0000	0.7022
52fh01	2	33	0	0	1.0000	0.0000	1.0000	0.0146	NaN	NaN	NaN	436510.6137	436510.9399	0.0000	0.0000	0.4433
52fh01	2	33	0	0	2.0000	0.0000	1.0000	NaN	0.5163	2.8516	15.5577	436511.9967	436512.2977	1.0000	1.0000	1.1255
52fh01	2	34	0	0	1.0000	0.0000	-1.0000	0.8828	NaN	NaN	NaN	436516.1599	436516.4868	0.0000	1.0000	0.1685
52fh01	2	34	0	0	2.0000	0.0000	-1.0000	NaN	4.1998	-6.4147	15.0956	436517.2516	436517.5526	0.0000	1.0000	1.6146
52fh01	2	35	0	0	1.0000	0.0000	1.0000	0.0064	NaN	NaN	NaN	436521.8712	436522.1967	1.0000	1.0000	0.9474
52fh01	2	35	0	0	2.0000	0.0000	-1.0000	NaN	7.2260	-9.1017	15.7600	436523.7704	436524.0714	0.0000	1.0000	0.4239
52fh01	2	36	0	0	1.0000	0.0000	-1.0000	0.1418	NaN	NaN	NaN	436526.8226	436527.1506	0.0000	1.0000	1.2009
52fh01	2	36	0	0	2.0000	0.0000	-1.0000	NaN	3.0901	-2.1490	15.4074	436528.9547	436529.2557	0.0000	1.0000	0.5755
52fh01	2	37	0	0	1.0000	0.0000	-1.0000	0.4876	NaN	NaN	NaN	436531.8174	436532.1434	0.0000	1.0000	0.4641
52fh01	2	37	0	0	2.0000	0.0000	1.0000	NaN	4.8217	4.4319	14.3179	436533.2667	436533.5676	1.0000	1.0000	1.3918
52fh01	2	38	0	0	1.0000	0.0000	-1.0000	0.6852	NaN	NaN	NaN	436537.0286	436537.3546	0.0000	1.0000	0.2519
52fh01	2	38	0	0	2.0000	0.0000	-1.0000	NaN	1.2811	-1.8476	15.4781	436538.2435	436538.5450	1.0000	0.0000	0.7343
52fh01	2	39	0	0	1.0000	0.0000	-1.0000	0.8610	NaN	NaN	NaN	436541.2160	436541.5417	0.0000	1.0000	0.1776
52fh01	2	39	0	0	2.0000	0.0000	-1.0000	NaN	10.5558	-10.5571	14.5499	436542.3234	436542.6247	0.0000	1.0000	0.4944
52fh01	2	40	0	0	1.0000	0.0000	-1.0000	0.6214	NaN	NaN	NaN	436545.5477	436545.8742	0.0000	1.0000	0.2772
52fh01	2	40	0	0	2.0000	0.0000	-1.0000	NaN	8.2706	-8.0457	15.0381	436546.7556	436547.0566	0.0000	1.0000	0.4227
52fh01	2	41	0	0	1.0000	0.0000	1.0000	0.3012	NaN	NaN	NaN	436549.9243	436550.2536	1.0000	1.0000	0.3856
52fh01	2	41	0	0	2.0000	0.0000	-1.0000	NaN	11.4027	-10.7580	16.7595	436551.2754	436551.5764	0.0000	1.0000	0.3501
52fh01	2	42	0	0	1.0000	0.0000	-1.0000	0.8104	NaN	NaN	NaN	436554.1804	436554.5080	0.0000	1.0000	0.2434
52fh01	2	42	0	0	2.0000	0.0000	-1.0000	NaN	7.4647	-7.5388	14.8052	436555.3471	436555.6481	0.0000	1.0000	0.3351
52fh01	2	43	0	0	1.0000	0.0000	1.0000	0.1850	NaN	NaN	NaN	436558.4381	436558.7650	1.0000	1.0000	0.3856
52fh01	2	43	0	0	2.0000	0.0000	-1.0000	NaN	2.7111	-2.3678	14.0725	436559.7721	436560.0730	0.0000	1.0000	0.5185
52fh01	2	44	0	0	1.0000	0.0000	-1.0000	0.5394	NaN	NaN	NaN	436562.8521	436563.1781	0.0000	1.0000	0.3332
52fh01	2	44	0	0	2.0000	0.0000	-1.0000	NaN	0.9103	-0.4128	15.8458	436564.1491	436564.4501	1.0000	0.0000	0.9894
52fh01	2	45	0	0	1.0000	0.0000	-1.0000	0.2230	NaN	NaN	NaN	436567.7791	436568.1062	0.0000	1.0000	0.7967
52fh01	2	45	0	0	2.0000	0.0000	1.0000	NaN	4.2379	3.1256	12.6798	436569.5467	436569.8476	1.0000	1.0000	0.3277
52fh01	2	46	0	0	1.0000	0.0000	-1.0000	0.3341	NaN	NaN	NaN	436572.4117	436572.7375	0.0000	1.0000	0.1578
52fh01	2	46	0	0	2.0000	0.0000	-1.0000	NaN	9.9699	-10.5467	13.5611	436573.4921	436573.7931	0.0000	1.0000	0.7103
52fh01	2	47	0	0	1.0000	0.0000	-1.0000	0.0916	NaN	NaN	NaN	436577.0483	436577.3753	0.0000	1.0000	0.7600
52fh01	2	47	0	0	2.0000	0.0000	1.0000	NaN	1.5837	2.6954	14.7382	436578.7557	436579.0568	1.0000	1.0000	0.4938
52fh01	2	48	0	0	1.0000	0.0000	-1.0000	0.6167	NaN	NaN	NaN	436581.7720	436582.0973	0.0000	1.0000	0.2133
52fh01	2	48	0	0	2.0000	0.0000	-1.0000	NaN	8.7807	-6.0085	14.1435	436582.9385	436583.2397	1.0000	0.0000	0.4790
52fh01	2	49	0	0	1.0000	0.0000	1.0000	0.5222	NaN	NaN	NaN	436585.9407	436586.2674	0.0000	0.0000	0.3952
52fh01	2	49	0	0	2.0000	0.0000	1.0000	NaN	11.0063	11.8803	15.5142	436587.2831	436587.5841	1.0000	1.0000	0.3185
52fh01	2	50	0	0	1.0000	0.0000	1.0000	0.5114	NaN	NaN	NaN	436590.1814	436590.5094	0.0000	0.0000	0.1139
52fh01	2	50	0	0	2.0000	0.0000	1.0000	NaN	11.9536	10.9400	14.5877	436591.2349	436591.5358	1.0000	1.0000	0.4395
52fh01	3	1	0	0	1.0000	0.0000	1.0000	0.8253	NaN	NaN	NaN	436616.6970	436617.0247	0.0000	0.0000	0.6300
52fh01	3	1	0	0	2.0000	0.0000	-1.0000	NaN	1.0132	-2.6282	16.3288	436618.3225	436618.6238	0.0000	1.0000	1.0389
52fh01	3	2	0	0	1.0000	0.0000	1.0000	0.6357	NaN	NaN	NaN	436622.0957	436622.4216	1.0000	1.0000	0.4336
52fh01	3	2	0	0	2.0000	0.0000	1.0000	NaN	2.2852	2.1329	14.4311	436623.5235	436623.8247	1.0000	1.0000	0.5825
52fh01	3	3	0	0	1.0000	0.0000	-1.0000	0.4645	NaN	NaN	NaN	436626.7434	436627.0706	0.0000	1.0000	0.4645
52fh01	3	3	0	0	2.0000	0.0000	-1.0000	NaN	7.4887	-7.3282	15.4756	436628.1395	436628.4405	0.0000	1.0000	0.5268
52fh01	3	4	0	0	1.0000	0.0000	-1.0000	0.4181	NaN	NaN	NaN	436631.4627	436631.7896	0.0000	1.0000	0.8416
52fh01	3	4	0	0	2.0000	0.0000	-1.0000	NaN	6.3257	-5.2888	14.2912	436633.2507	436633.5518	1.0000	0.0000	0.6470
52fh01	3	5	0	0	1.0000	0.0000	-1.0000	0.7193	NaN	NaN	NaN	436636.7254	436637.0507	0.0000	1.0000	0.2605
52fh01	3	5	0	0	2.0000	0.0000	1.0000	NaN	9.0447	7.3255	14.6463	436637.9466	436638.2475	1.0000	1.0000	0.3357
52fh01	3	6	0	0	1.0000	0.0000	1.0000	0.2416	NaN	NaN	NaN	436640.9861	436641.3127	0.0000	0.0000	0.5499
52fh01	3	6	0	0	2.0000	0.0000	1.0000	NaN	9.7714	7.8948	14.8625	436642.5068	436642.8078	1.0000	1.0000	0.2955
52fh01	3	7	0	0	1.0000	0.0000	-1.0000	0.0566	NaN	NaN	NaN	436645.2803	436645.6076	0.0000	1.0000	0.3117
52fh01	3	7	0	0	2.0000	0.0000	-1.0000	NaN	8.1837	-10.3132	15.1390	436646.5550	436646.8560	0.0000	1.0000	0.5587
52fh01	3	8	0	0	1.0000	0.0000	1.0000	0.7652	NaN	NaN	NaN	436649.8759	436650.2013	0.0000	0.0000	0.3743
52fh01	3	8	0	0	2.0000	0.0000	-1.0000	NaN	6.9207	-8.3344	15.9672	436651.2041	436651.5050	0.0000	1.0000	0.4056
52fh01	3	9	0	0	1.0000	0.0000	1.0000	0.6757	NaN	NaN	NaN	436654.2134	436654.5380	0.0000	0.0000	0.5733
52fh01	3	9	0	0	2.0000	0.0000	-1.0000	NaN	2.6610	-2.8116	15.7901	436655.7560	436656.0572	0.0000	1.0000	0.5895
52fh01	3	10	0	0	1.0000	0.0000	-1.0000	0.0679	NaN	NaN	NaN	436658.9479	436659.2736	0.0000	1.0000	0.2139
52fh01	3	10	0	0	2.0000	0.0000	1.0000	NaN	6.2598	6.5003	15.1803	436660.1302	436660.4312	1.0000	1.0000	0.4801
52fh01	3	11	0	0	1.0000	0.0000	-1.0000	0.0113	NaN	NaN	NaN	436663.1385	436663.4641	1.0000	0.0000	0.8951
52fh01	3	11	0	0	2.0000	0.0000	1.0000	NaN	4.0455	6.1976	15.3594	436665.0111	436665.3121	1.0000	1.0000	0.4310
52fh01	3	12	0	0	1.0000	0.0000	-1.0000	0.7075	NaN	NaN	NaN	436667.8873	436668.2146	0.0000	1.0000	0.2481
52fh01	3	12	0	0	2.0000	0.0000	-1.0000	NaN	2.2675	-2.4800	15.0384	436669.0984	436669.3995	1.0000	0.0000	0.4956
52fh01	3	13	0	0	1.0000	0.0000	1.0000	0.7199	NaN	NaN	NaN	436672.4617	436672.7865	0.0000	0.0000	0.2762
52fh01	3	13	0	0	2.0000	0.0000	-1.0000	NaN	8.9176	-9.5421	16.5419	436673.6915	436673.9926	0.0000	1.0000	0.4389
52fh01	3	14	0	0	1.0000	0.0000	-1.0000	0.4654	NaN	NaN	NaN	436676.9146	436677.2415	0.0000	1.0000	0.2775
52fh01	3	14	0	0	2.0000	0.0000	1.0000	NaN	2.0151	0.7651	14.5979	436678.1715	436678.4725	1.0000	1.0000	0.3500
52fh01	3	15	0	0	1.0000	0.0000	1.0000	0.7554	NaN	NaN	NaN	436681.0085	436681.3340	0.0000	0.0000	0.8088
52fh01	3	15	0	0	2.0000	0.0000	1.0000	NaN	2.2425	3.7489	14.5646	436682.7739	436683.0751	1.0000	1.0000	0.4841
52fh01	3	16	0	0	1.0000	0.0000	1.0000	0.3757	NaN	NaN	NaN	436686.0196	436686.3447	0.0000	0.0000	0.2625
52fh01	3	16	0	0	2.0000	0.0000	-1.0000	NaN	4.4092	-4.8681	15.3997	436687.2192	436687.5201	1.0000	0.0000	0.7025
52fh01	3	17	0	0	1.0000	0.0000	-1.0000	0.5686	NaN	NaN	NaN	436690.6248	436690.9510	0.0000	1.0000	0.3202
52fh01	3	17	0	0	2.0000	0.0000	1.0000	NaN	5.6511	8.3041	15.5912	436691.8997	436692.2014	0.0000	0.0000	1.1252
52fh01	3	18	0	0	1.0000	0.0000	1.0000	0.1879	NaN	NaN	NaN	436695.5384	436695.8652	0.0000	0.0000	0.2862
52fh01	3	18	0	0	2.0000	0.0000	1.0000	NaN	0.3665	2.3537	15.4826	436696.7704	436697.0716	1.0000	1.0000	0.4876
52fh01	3	19	0	0	1.0000	0.0000	-1.0000	0.4017	NaN	NaN	NaN	436700.3269	436700.6567	0.0000	1.0000	0.1587
52fh01	3	19	0	0	2.0000	0.0000	1.0000	NaN	6.5745	6.4399	16.8355	436701.4114	436701.7123	1.0000	1.0000	0.5103
52fh01	3	20	0	0	1.0000	0.0000	-1.0000	0.4474	NaN	NaN	NaN	436704.3430	436704.6697	0.0000	1.0000	0.0816
52fh01	3	20	0	0	2.0000	0.0000	-1.0000	NaN	2.7659	-2.1181	15.9831	436705.3543	436705.6556	1.0000	0.0000	0.7029
52fh01	3	21	0	0	1.0000	0.0000	-1.0000	0.9118	NaN	NaN	NaN	436708.7613	436709.0889	0.0000	1.0000	0.1417
52fh01	3	21	0	0	2.0000	0.0000	1.0000	NaN	4.0846	3.7690	14.6578	436709.8520	436710.1530	1.0000	1.0000	0.5025
52fh01	3	22	0	0	1.0000	0.0000	-1.0000	0.1814	NaN	NaN	NaN	436712.6496	436712.9761	0.0000	1.0000	0.3024
52fh01	3	22	0	0	2.0000	0.0000	1.0000	NaN	5.1390	7.0141	15.6799	436713.9159	436714.2170	1.0000	1.0000	0.7576
52fh01	3	23	0	0	1.0000	0.0000	-1.0000	0.3538	NaN	NaN	NaN	436716.9941	436717.3192	0.0000	1.0000	0.1676
52fh01	3	23	0	0	2.0000	0.0000	1.0000	NaN	2.3774	2.9386	14.8848	436718.0731	436718.3741	1.0000	1.0000	0.5772
52fh01	3	24	0	0	1.0000	0.0000	-1.0000	0.5195	NaN	NaN	NaN	436721.3366	436721.6633	0.0000	1.0000	0.1760
52fh01	3	24	0	0	2.0000	0.0000	-1.0000	NaN	11.4901	-12.1350	14.2652	436722.4523	436722.7533	0.0000	1.0000	0.5181
52fh01	3	25	0	0	1.0000	0.0000	-1.0000	0.4205	NaN	NaN	NaN	436725.2061	436725.5325	0.0000	1.0000	0.2587
52fh01	3	25	0	0	2.0000	0.0000	-1.0000	NaN	1.2798	-0.4524	15.3493	436726.4267	436726.7277	0.0000	1.0000	0.8316
52fh01	3	26	0	0	1.0000	0.0000	-1.0000	0.2163	NaN	NaN	NaN	436729.4468	436729.7725	0.0000	1.0000	0.2901
52fh01	3	26	0	0	2.0000	0.0000	-1.0000	NaN	5.2284	-5.7846	15.9487	436730.6998	436731.0010	0.0000	1.0000	0.6055
52fh01	3	27	0	0	1.0000	0.0000	1.0000	0.4611	NaN	NaN	NaN	436733.8614	436734.1871	0.0000	0.0000	0.2524
52fh01	3	27	0	0	2.0000	0.0000	1.0000	NaN	9.6034	6.5111	13.9698	436735.0740	436735.3756	1.0000	1.0000	0.6878
52fh01	3	28	0	0	1.0000	0.0000	-1.0000	0.0654	NaN	NaN	NaN	436738.0235	436738.3495	0.0000	1.0000	0.1452
52fh01	3	28	0	0	2.0000	0.0000	1.0000	NaN	3.8352	4.0069	14.4748	436739.0991	436739.4004	0.0000	0.0000	0.7342
52fh01	3	29	0	0	1.0000	0.0000	1.0000	0.6632	NaN	NaN	NaN	436742.0872	436742.4130	0.0000	0.0000	0.2737
52fh01	3	29	0	0	2.0000	0.0000	-1.0000	NaN	7.9983	-8.1080	15.3189	436743.3231	436743.6248	0.0000	1.0000	0.4945
52fh01	3	30	0	0	1.0000	0.0000	1.0000	0.0500	NaN	NaN	NaN	436746.3361	436746.6625	1.0000	1.0000	0.4567
52fh01	3	30	0	0	2.0000	0.0000	-1.0000	NaN	8.8543	-9.7616	15.2275	436747.7633	436748.0642	0.0000	1.0000	0.3264
52fh01	3	31	0	0	1.0000	0.0000	1.0000	0.0574	NaN	NaN	NaN	436750.7359	436751.0630	0.0000	0.0000	0.4802
52fh01	3	31	0	0	2.0000	0.0000	-1.0000	NaN	4.7911	-3.3522	15.2817	436752.1798	436752.4807	1.0000	0.0000	0.3986
52fh01	3	32	0	0	1.0000	0.0000	1.0000	0.6649	NaN	NaN	NaN	436755.3935	436755.7203	0.0000	0.0000	0.1263
52fh01	3	32	0	0	2.0000	0.0000	-1.0000	NaN	7.6624	-6.8839	14.9638	436756.4592	436756.7601	0.0000	1.0000	0.2390
52fh01	3	33	0	0	1.0000	0.0000	-1.0000	0.1383	NaN	NaN	NaN	436759.3002	436759.6256	0.0000	1.0000	0.2690
52fh01	3	33	0	0	2.0000	0.0000	1.0000	NaN	1.6328	0.9421	13.9484	436760.5156	436760.8167	1.0000	1.0000	0.4867
52fh01	3	34	0	0	1.0000	0.0000	-1.0000	0.8127	NaN	NaN	NaN	436763.2469	436763.5737	0.0000	1.0000	0.2816
52fh01	3	34	0	0	2.0000	0.0000	-1.0000	NaN	7.7372	-7.7693	15.0065	436764.4836	436764.7847	0.0000	1.0000	0.4866
52fh01	3	35	0	0	1.0000	0.0000	-1.0000	0.8651	NaN	NaN	NaN	436767.4997	436767.8257	0.0000	1.0000	0.2129
52fh01	3	35	0	0	2.0000	0.0000	-1.0000	NaN	2.1822	-1.4009	14.2410	436768.6433	436768.9442	1.0000	0.0000	0.8550
52fh01	3	36	0	0	1.0000	0.0000	1.0000	0.3272	NaN	NaN	NaN	436772.0430	436772.3681	0.0000	0.0000	0.1672
52fh01	3	36	0	0	2.0000	0.0000	-1.0000	NaN	9.3662	-13.0518	14.8019	436773.1558	436773.4568	0.0000	1.0000	0.5665
52fh01	3	37	0	0	1.0000	0.0000	1.0000	0.6938	NaN	NaN	NaN	436776.5660	436776.8916	1.0000	1.0000	0.3231
52fh01	3	37	0	0	2.0000	0.0000	1.0000	NaN	5.8633	5.1626	14.9030	436777.8594	436778.1603	1.0000	1.0000	0.4069
52fh01	3	38	0	0	1.0000	0.0000	-1.0000	0.3654	NaN	NaN	NaN	436781.0599	436781.3848	0.0000	1.0000	0.6383
52fh01	3	38	0	0	2.0000	0.0000	-1.0000	NaN	6.9958	-5.4434	15.6929	436782.6999	436783.0010	1.0000	0.0000	0.8463
52fh01	3	39	0	0	1.0000	0.0000	-1.0000	0.2280	NaN	NaN	NaN	436786.2551	436786.5809	0.0000	1.0000	0.2025
52fh01	3	39	0	0	2.0000	0.0000	1.0000	NaN	5.0072	4.3295	15.2620	436787.4123	436787.7132	1.0000	1.0000	0.6534
52fh01	3	40	0	0	1.0000	0.0000	1.0000	0.3267	NaN	NaN	NaN	436790.3862	436790.7136	0.0000	0.0000	0.3733
52fh01	3	40	0	0	2.0000	0.0000	1.0000	NaN	7.0088	6.5115	13.9212	436791.7231	436792.0240	1.0000	1.0000	0.3591
52fh01	3	41	0	0	1.0000	0.0000	1.0000	0.2774	NaN	NaN	NaN	436795.0609	436795.3868	0.0000	0.0000	0.1007
52fh01	3	41	0	0	2.0000	0.0000	1.0000	NaN	5.1798	5.6464	14.4480	436796.0682	436796.3692	1.0000	1.0000	0.5660
52fh01	3	42	0	0	1.0000	0.0000	1.0000	0.7170	NaN	NaN	NaN	436799.4359	436799.7618	0.0000	0.0000	0.2048
52fh01	3	42	0	0	2.0000	0.0000	-1.0000	NaN	3.3123	-1.6747	14.3950	436800.5873	436800.8884	1.0000	0.0000	0.5662
52fh01	3	43	0	0	1.0000	0.0000	-1.0000	0.8702	NaN	NaN	NaN	436803.8717	436804.1988	0.0000	1.0000	0.2326
52fh01	3	43	0	0	2.0000	0.0000	-1.0000	NaN	0.0138	-0.7733	15.6387	436805.0293	436805.3303	0.0000	1.0000	1.1330
52fh01	3	44	0	0	1.0000	0.0000	-1.0000	0.8772	NaN	NaN	NaN	436808.8096	436809.1353	0.0000	1.0000	0.3678
52fh01	3	44	0	0	2.0000	0.0000	1.0000	NaN	5.1625	5.1976	13.9807	436810.1556	436810.4567	1.0000	1.0000	1.0707
52fh01	3	45	0	0	1.0000	0.0000	1.0000	0.3703	NaN	NaN	NaN	436813.7140	436814.0397	1.0000	1.0000	0.5676
52fh01	3	45	0	0	2.0000	0.0000	-1.0000	NaN	2.9003	-2.3220	14.2612	436815.2202	436815.5216	0.0000	1.0000	0.8370
52fh01	3	46	0	0	1.0000	0.0000	-1.0000	0.5043	NaN	NaN	NaN	436818.7461	436819.0734	1.0000	0.0000	0.7339
52fh01	3	46	0	0	2.0000	0.0000	1.0000	NaN	9.3500	10.0479	14.7882	436820.4367	436820.7377	1.0000	1.0000	0.9897
52fh01	3	47	0	0	1.0000	0.0000	-1.0000	0.1216	NaN	NaN	NaN	436824.1258	436824.4523	1.0000	0.0000	0.9624
52fh01	3	47	0	0	2.0000	0.0000	-1.0000	NaN	11.9890	-12.8290	15.0138	436826.0193	436826.3203	0.0000	1.0000	0.9742
52fh01	3	48	0	0	1.0000	0.0000	-1.0000	0.8596	NaN	NaN	NaN	436829.9882	436830.3130	0.0000	1.0000	0.3022
52fh01	3	48	0	0	2.0000	0.0000	1.0000	NaN	11.7570	12.0660	14.4528	436831.2507	436831.5517	1.0000	1.0000	0.5595
52fh01	3	49	0	0	1.0000	0.0000	-1.0000	0.2759	NaN	NaN	NaN	436834.6630	436834.9913	0.0000	1.0000	1.2316
52fh01	3	49	0	0	2.0000	0.0000	1.0000	NaN	7.4051	7.1802	15.4537	436836.8662	436837.1672	0.0000	0.0000	1.1440
52fh01	3	50	0	0	1.0000	0.0000	1.0000	0.7412	NaN	NaN	NaN	436840.3171	436840.6430	1.0000	1.0000	0.3397
52fh01	3	50	0	0	2.0000	0.0000	-1.0000	NaN	0.9735	-1.3994	13.5222	436841.6107	436841.9117	1.0000	0.0000	1.7995
