15wy04	1	1	1	0	1.0000	0.0000	1.0000	0.1983	NaN	NaN	NaN	165138.0491	165138.6081	1.0000	1.0000	0.5840	0.6959
15wy04	1	1	1	0	2.0000	0.0000	1.0000	NaN	7.5035	8.3725	14.2163	165139.7399	165140.0421	1.0000	1.0000	0.4460	0.5586
15wy04	1	2	1	0	1.0000	0.0000	1.0000	0.0977	NaN	NaN	NaN	165142.5719	165142.9227	1.0000	1.0000	0.3967	0.4936
15wy04	1	2	1	0	2.0000	0.0000	1.0000	NaN	3.4087	5.1519	13.4840	165143.8528	165144.1549	1.0000	1.0000	0.3500	0.4304
15wy04	1	3	1	0	1.0000	0.0000	1.0000	0.1180	NaN	NaN	NaN	165146.5801	165146.9932	1.0000	1.0000	0.4068	0.4710
15wy04	1	3	1	0	2.0000	0.0000	1.0000	NaN	5.1494	2.5764	14.8928	165147.9066	165148.2104	1.0000	1.0000	0.7733	0.9019
15wy04	1	4	1	0	1.0000	0.0000	1.0000	0.1703	NaN	NaN	NaN	165151.1628	165151.5908	1.0000	1.0000	0.2727	0.3853
15wy04	1	4	1	0	2.0000	0.0000	1.0000	NaN	10.7044	8.2170	15.9240	165152.4228	165152.7276	1.0000	1.0000	0.3849	0.4815
15wy04	1	5	1	0	1.0000	0.0000	1.0000	0.0378	NaN	NaN	NaN	165155.5335	165155.9555	1.0000	1.0000	0.2926	0.3897
15wy04	1	5	1	0	2.0000	0.0000	1.0000	NaN	11.0396	12.3858	15.6709	165156.7901	165157.0947	1.0000	1.0000	0.2893	0.3861
15wy04	1	6	1	0	1.0000	0.0000	1.0000	0.1144	NaN	NaN	NaN	165159.5313	165159.9435	1.0000	1.0000	0.3044	0.4012
15wy04	1	6	1	0	2.0000	0.0000	1.0000	NaN	3.5457	3.0076	14.9887	165160.7900	165161.0945	1.0000	1.0000	0.2420	0.3384
15wy04	1	7	1	0	1.0000	0.0000	1.0000	0.0246	NaN	NaN	NaN	165163.6560	165164.0648	1.0000	1.0000	0.3111	0.4080
15wy04	1	7	1	0	2.0000	0.0000	1.0000	NaN	8.0507	9.2244	14.5708	165164.9094	165165.2116	1.0000	1.0000	0.2525	0.3485
15wy04	1	8	1	0	1.0000	0.0000	1.0000	0.0116	NaN	NaN	NaN	165167.5047	165167.8548	1.0000	1.0000	0.3127	0.3934
15wy04	1	8	1	0	2.0000	0.0000	1.0000	NaN	0.8921	0.4684	14.7769	165168.6856	165168.9879	0.0000	0.0000	0.6676	0.7650
15wy04	1	9	1	0	1.0000	0.0000	1.0000	0.1213	NaN	NaN	NaN	165171.7649	165172.1181	1.0000	1.0000	0.2740	0.3866
15wy04	1	9	1	0	2.0000	0.0000	1.0000	NaN	1.5077	2.9864	13.9126	165172.9403	165173.2424	1.0000	1.0000	0.1741	0.2863
15wy04	1	10	1	0	1.0000	0.0000	-1.0000	0.0046	NaN	NaN	NaN	165175.6983	165176.0528	1.0000	0.0000	0.3226	0.4039
15wy04	1	10	1	0	2.0000	0.0000	-1.0000	NaN	9.3419	-10.3932	16.1187	165176.8920	165177.1943	0.0000	1.0000	0.3171	0.4144
15wy04	1	11	1	0	1.0000	0.0000	1.0000	0.0682	NaN	NaN	NaN	165179.8283	165180.1847	1.0000	1.0000	0.3199	0.4163
15wy04	1	11	1	0	2.0000	0.0000	1.0000	NaN	4.6259	3.7435	13.8285	165181.0358	165181.3380	1.0000	1.0000	0.8623	0.9111
15wy04	1	12	1	0	1.0000	0.0000	1.0000	0.0959	NaN	NaN	NaN	165184.5436	165184.8968	1.0000	1.0000	0.2477	0.3765
15wy04	1	12	1	0	2.0000	0.0000	1.0000	NaN	8.2424	8.8587	15.6367	165185.7086	165186.0107	1.0000	1.0000	0.3816	0.4941
15wy04	1	13	1	0	1.0000	0.0000	-1.0000	0.1077	NaN	NaN	NaN	165188.7992	165189.1520	0.0000	1.0000	0.4714	0.5847
15wy04	1	13	1	0	2.0000	0.0000	1.0000	NaN	7.6658	6.8186	14.8218	165190.1724	165190.4746	1.0000	1.0000	0.4609	0.5577
15wy04	1	14	1	0	1.0000	0.0000	-1.0000	0.0129	NaN	NaN	NaN	165193.5548	165193.9754	0.0000	1.0000	0.2881	0.3852
15wy04	1	14	1	0	2.0000	0.0000	1.0000	NaN	3.6985	2.6800	14.2780	165194.8049	165195.1095	1.0000	1.0000	0.5465	0.6587
15wy04	1	15	1	0	1.0000	0.0000	1.0000	0.1906	NaN	NaN	NaN	165197.7684	165198.1671	1.0000	1.0000	0.1450	0.2741
15wy04	1	15	1	0	2.0000	0.0000	1.0000	NaN	3.3548	4.2463	13.7863	165198.8766	165199.1789	1.0000	1.0000	0.3325	0.4463
15wy04	1	16	1	0	1.0000	0.0000	1.0000	0.0819	NaN	NaN	NaN	165202.0697	165202.4198	1.0000	1.0000	0.2916	0.4047
15wy04	1	16	1	0	2.0000	0.0000	1.0000	NaN	8.5655	8.4787	16.0670	165203.2590	165203.5613	1.0000	1.0000	0.2398	0.3518
15wy04	1	17	1	0	1.0000	0.0000	-1.0000	0.1687	NaN	NaN	NaN	165206.2831	165206.6345	0.0000	1.0000	0.6541	0.7666
15wy04	1	17	1	0	2.0000	0.0000	1.0000	NaN	3.5193	2.3854	15.2585	165207.8373	165208.1395	1.0000	1.0000	0.4127	0.5576
15wy04	1	18	1	0	1.0000	0.0000	-1.0000	0.0889	NaN	NaN	NaN	165210.9916	165211.3454	0.0000	1.0000	1.1591	1.2555
15wy04	1	18	1	0	2.0000	0.0000	1.0000	NaN	11.1314	12.3283	14.7574	165213.0359	165213.3380	1.0000	1.0000	0.2701	0.4307
15wy04	1	19	1	0	1.0000	0.0000	1.0000	0.0975	NaN	NaN	NaN	165216.0896	165216.4454	1.0000	1.0000	0.2988	0.4274
15wy04	1	19	1	0	2.0000	0.0000	1.0000	NaN	1.9864	3.1073	14.7338	165217.3072	165217.6095	1.0000	1.0000	0.3676	0.4795
15wy04	1	20	1	0	1.0000	0.0000	-1.0000	0.0301	NaN	NaN	NaN	165220.2587	165220.6160	1.0000	0.0000	0.2401	0.3369
15wy04	1	20	1	0	2.0000	0.0000	-1.0000	NaN	0.6350	-1.2841	13.0948	165221.3942	165221.6976	1.0000	0.0000	0.3419	0.4235
15wy04	1	21	1	0	1.0000	0.0000	-1.0000	0.1013	NaN	NaN	NaN	165224.4627	165224.8170	0.0000	1.0000	0.3585	0.4879
15wy04	1	21	1	0	2.0000	0.0000	1.0000	NaN	8.2457	5.8720	15.9623	165225.7398	165226.0420	1.0000	1.0000	0.1254	0.2227
15wy04	1	22	1	0	1.0000	0.0000	1.0000	0.1958	NaN	NaN	NaN	165228.2092	165228.5656	1.0000	1.0000	0.2423	0.3395
15wy04	1	22	1	0	2.0000	0.0000	1.0000	NaN	7.5423	7.2607	14.6840	165229.3397	165229.6420	1.0000	1.0000	0.2215	0.3351
15wy04	1	23	1	0	1.0000	0.0000	-1.0000	0.1341	NaN	NaN	NaN	165232.4231	165232.7777	0.0000	1.0000	0.3180	0.4150
15wy04	1	23	1	0	2.0000	0.0000	1.0000	NaN	10.9426	11.7273	16.3699	165233.6276	165233.9307	1.0000	1.0000	0.1738	0.3178
15wy04	1	24	1	0	1.0000	0.0000	-1.0000	0.1965	NaN	NaN	NaN	165236.6180	165236.9710	0.0000	1.0000	0.3332	0.4623
15wy04	1	24	1	0	2.0000	0.0000	1.0000	NaN	7.1489	6.9078	14.8354	165237.8682	165238.1704	1.0000	1.0000	0.2050	0.3348
15wy04	1	25	1	0	1.0000	0.0000	1.0000	0.2178	NaN	NaN	NaN	165240.7997	165241.2098	1.0000	1.0000	0.2231	0.3193
15wy04	1	25	1	0	2.0000	0.0000	1.0000	NaN	9.2519	9.4086	16.2633	165241.9714	165242.2757	1.0000	1.0000	0.1637	0.2614
15wy04	1	26	1	0	1.0000	0.0000	-1.0000	0.1979	NaN	NaN	NaN	165244.4843	165244.9060	0.0000	1.0000	0.1586	0.2550
15wy04	1	26	1	0	2.0000	0.0000	1.0000	NaN	9.1504	8.9717	14.2834	165245.6032	165245.9077	1.0000	1.0000	0.1010	0.2284
15wy04	1	27	1	0	1.0000	0.0000	1.0000	0.1829	NaN	NaN	NaN	165248.1840	165248.6007	1.0000	1.0000	0.0308	0.1120
15wy04	1	27	1	0	2.0000	0.0000	1.0000	NaN	6.5830	7.1176	13.1571	165249.1571	165249.4633	1.0000	1.0000	0.1453	0.2415
15wy04	1	28	1	0	1.0000	0.0000	1.0000	0.0367	NaN	NaN	NaN	165251.7774	165252.1860	1.0000	1.0000	0.1107	0.2071
15wy04	1	28	1	0	2.0000	0.0000	1.0000	NaN	10.1952	11.0190	13.7222	165252.8291	165253.1313	1.0000	1.0000	0.0932	0.2057
15wy04	1	29	1	0	1.0000	0.0000	-1.0000	0.2010	NaN	NaN	NaN	165255.6065	165255.9599	0.0000	1.0000	0.2716	0.3532
15wy04	1	29	1	0	2.0000	0.0000	1.0000	NaN	4.4877	3.2156	14.8776	165256.7476	165257.0498	1.0000	1.0000	0.1587	0.2393
15wy04	1	30	1	0	1.0000	0.0000	1.0000	0.1008	NaN	NaN	NaN	165259.1336	165259.4837	1.0000	1.0000	0.1569	0.2684
15wy04	1	30	1	0	2.0000	0.0000	1.0000	NaN	0.2304	1.2108	14.7489	165260.1880	165260.4901	1.0000	1.0000	0.2374	0.3349
15wy04	1	31	1	0	1.0000	0.0000	1.0000	0.0715	NaN	NaN	NaN	165262.6696	165263.0264	1.0000	1.0000	0.6142	0.6947
15wy04	1	31	1	0	2.0000	0.0000	1.0000	NaN	6.9088	8.0706	14.5828	165264.1549	165264.4571	1.0000	1.0000	0.2864	0.3832
15wy04	1	32	1	0	1.0000	0.0000	1.0000	0.1346	NaN	NaN	NaN	165267.2348	165267.5862	1.0000	1.0000	0.2293	0.3106
15wy04	1	32	1	0	2.0000	0.0000	1.0000	NaN	10.0949	10.6932	13.7207	165268.3317	165268.6339	1.0000	1.0000	0.1903	0.2868
15wy04	1	33	1	0	1.0000	0.0000	1.0000	0.1977	NaN	NaN	NaN	165271.1652	165271.5165	1.0000	1.0000	0.3156	0.4283
15wy04	1	33	1	0	2.0000	0.0000	1.0000	NaN	1.2653	1.3852	14.3907	165272.3816	165272.6837	1.0000	1.0000	0.2517	0.3653
15wy04	1	34	1	0	1.0000	0.0000	1.0000	0.1181	NaN	NaN	NaN	165274.9695	165275.3258	1.0000	1.0000	0.2816	0.4112
15wy04	1	34	1	0	2.0000	0.0000	1.0000	NaN	5.1872	5.8537	15.1900	165276.1718	165276.4739	1.0000	1.0000	0.1895	0.3191
15wy04	1	35	1	0	1.0000	0.0000	-1.0000	0.2163	NaN	NaN	NaN	165278.7379	165279.0920	0.0000	1.0000	0.1966	0.2930
15wy04	1	35	1	0	2.0000	0.0000	1.0000	NaN	7.4154	7.7051	15.2023	165279.8200	165280.1222	0.0000	0.0000	0.8457	0.9427
15wy04	1	36	1	0	1.0000	0.0000	1.0000	0.1564	NaN	NaN	NaN	165282.9519	165283.3085	1.0000	1.0000	0.2041	0.3006
15wy04	1	36	1	0	2.0000	0.0000	1.0000	NaN	3.0509	3.3053	14.4981	165284.0452	165284.3475	1.0000	1.0000	0.2208	0.3016
15wy04	1	37	1	0	1.0000	0.0000	1.0000	0.1893	NaN	NaN	NaN	165286.9700	165287.3638	1.0000	1.0000	0.2761	0.3732
15wy04	1	37	1	0	2.0000	0.0000	1.0000	NaN	1.2601	1.8311	14.7075	165288.1724	165288.4746	1.0000	1.0000	0.2221	0.3186
15wy04	1	38	1	0	1.0000	0.0000	-1.0000	0.1306	NaN	NaN	NaN	165291.0629	165291.4136	0.0000	1.0000	0.2591	0.3552
15wy04	1	38	1	0	2.0000	0.0000	1.0000	NaN	9.6030	9.5873	15.6022	165292.2035	165292.5057	1.0000	1.0000	0.1258	0.2556
15wy04	1	39	1	0	1.0000	0.0000	-1.0000	0.1384	NaN	NaN	NaN	165294.5559	165294.9123	0.0000	1.0000	0.2953	0.3927
15wy04	1	39	1	0	2.0000	0.0000	1.0000	NaN	0.0367	0.0656	15.3896	165295.7397	165296.0423	1.0000	1.0000	0.1252	0.2547
15wy04	1	40	1	0	1.0000	0.0000	-1.0000	0.2129	NaN	NaN	NaN	165298.5166	165298.8684	0.0000	1.0000	0.2915	0.3891
15wy04	1	40	1	0	2.0000	0.0000	1.0000	NaN	4.5899	5.0910	14.9315	165299.6928	165299.9950	1.0000	1.0000	0.2377	0.3340
15wy04	1	41	1	0	1.0000	0.0000	-1.0000	0.1294	NaN	NaN	NaN	165302.1234	165302.4785	0.0000	1.0000	0.1865	0.2815
15wy04	1	41	1	0	2.0000	0.0000	1.0000	NaN	9.3952	9.8735	13.8102	165303.1950	165303.4972	1.0000	1.0000	0.1103	0.2239
15wy04	1	42	1	0	1.0000	0.0000	1.0000	0.1718	NaN	NaN	NaN	165305.9157	165306.2680	1.0000	1.0000	0.2687	0.3492
15wy04	1	42	1	0	2.0000	0.0000	1.0000	NaN	9.3930	9.6138	14.1018	165307.0525	165307.3546	1.0000	1.0000	0.1408	0.2226
15wy04	1	43	1	0	1.0000	0.0000	1.0000	0.1810	NaN	NaN	NaN	165309.6718	165310.0281	1.0000	1.0000	0.2194	0.3170
15wy04	1	43	1	0	2.0000	0.0000	1.0000	NaN	8.4994	8.9643	14.9029	165310.7798	165311.0819	1.0000	1.0000	0.1108	0.2072
15wy04	1	44	1	0	1.0000	0.0000	1.0000	0.0259	NaN	NaN	NaN	165313.5100	165313.8625	1.0000	1.0000	0.2104	0.3221
15wy04	1	44	1	0	2.0000	0.0000	1.0000	NaN	0.8942	2.6836	15.7515	165314.6196	165314.9218	1.0000	1.0000	0.0788	0.1755
15wy04	1	45	1	0	1.0000	0.0000	-1.0000	0.0588	NaN	NaN	NaN	165317.2433	165317.5957	0.0000	1.0000	0.8766	0.9732
15wy04	1	45	1	0	2.0000	0.0000	1.0000	NaN	2.3459	2.0649	14.5023	165319.0029	165319.3051	1.0000	1.0000	0.2235	0.3360
15wy04	1	46	1	0	1.0000	0.0000	-1.0000	0.1434	NaN	NaN	NaN	165322.1607	165322.5121	0.0000	1.0000	0.2166	0.3127
15wy04	1	46	1	0	2.0000	0.0000	1.0000	NaN	0.0696	0.9735	13.8410	165323.2606	165323.5628	1.0000	1.0000	0.1100	0.2376
15wy04	1	47	1	0	1.0000	0.0000	1.0000	0.0746	NaN	NaN	NaN	165326.2448	165326.5953	1.0000	1.0000	1.3649	1.4610
15wy04	1	47	1	0	2.0000	0.0000	1.0000	NaN	3.3264	1.9204	14.1695	165328.4921	165328.7943	1.0000	1.0000	0.3024	0.4142
15wy04	1	48	1	0	1.0000	0.0000	1.0000	0.1339	NaN	NaN	NaN	165331.3281	165331.6801	1.0000	1.0000	0.2794	0.3761
15wy04	1	48	1	0	2.0000	0.0000	1.0000	NaN	1.1141	2.5041	15.6926	165332.4924	165332.7944	1.0000	1.0000	0.3665	0.4631
15wy04	1	49	1	0	1.0000	0.0000	1.0000	0.2029	NaN	NaN	NaN	165335.1271	165335.5310	1.0000	1.0000	0.3005	0.3981
15wy04	1	49	1	0	2.0000	0.0000	1.0000	NaN	5.9588	4.6017	14.8988	165336.3642	165336.6664	1.0000	1.0000	0.1264	0.2542
15wy04	1	50	1	0	1.0000	0.0000	-1.0000	0.1295	NaN	NaN	NaN	165339.2161	165339.5727	0.0000	1.0000	0.3239	0.4205
15wy04	1	50	1	0	2.0000	0.0000	1.0000	NaN	9.4882	8.6929	16.6539	165340.4274	165340.7296	1.0000	1.0000	0.1433	0.2551
15wy04	2	1	1	0	1.0000	0.0000	-1.0000	0.1931	NaN	NaN	NaN	165356.0089	165356.3604	0.0000	1.0000	0.2872	0.3845
15wy04	2	1	1	0	2.0000	0.0000	1.0000	NaN	0.8520	2.9794	14.6517	165357.1801	165357.4824	1.0000	1.0000	0.1267	0.2220
15wy04	2	2	1	0	1.0000	0.0000	1.0000	0.0735	NaN	NaN	NaN	165359.7504	165360.1047	1.0000	1.0000	0.3362	0.4322
15wy04	2	2	1	0	2.0000	0.0000	1.0000	NaN	9.2954	10.4732	17.1394	165360.9717	165361.2746	1.0000	1.0000	0.1730	0.2703
15wy04	2	3	1	0	1.0000	0.0000	-1.0000	0.0416	NaN	NaN	NaN	165363.4144	165363.7714	1.0000	0.0000	0.3810	0.4618
15wy04	2	3	1	0	2.0000	0.0000	-1.0000	NaN	3.1822	-4.2111	15.8494	165364.6680	165364.9703	1.0000	0.0000	0.6372	0.7187
15wy04	2	4	1	0	1.0000	0.0000	-1.0000	0.0591	NaN	NaN	NaN	165367.7763	165368.1284	1.0000	0.0000	0.3117	0.4247
15wy04	2	4	1	0	2.0000	0.0000	-1.0000	NaN	0.1607	-0.3223	17.2633	165368.9907	165369.2928	1.0000	0.0000	0.2680	0.3800
15wy04	2	5	1	0	1.0000	0.0000	1.0000	0.0279	NaN	NaN	NaN	165372.0332	165372.3874	1.0000	1.0000	0.3401	0.4695
15wy04	2	5	1	0	2.0000	0.0000	1.0000	NaN	9.6771	9.9789	15.0369	165373.2916	165373.5938	1.0000	1.0000	0.2225	0.3195
15wy04	2	6	1	0	1.0000	0.0000	-1.0000	0.1916	NaN	NaN	NaN	165375.9831	165376.3373	0.0000	1.0000	0.2627	0.3599
15wy04	2	6	1	0	2.0000	0.0000	1.0000	NaN	0.0997	1.3817	14.8225	165377.1327	165377.4349	1.0000	1.0000	0.0616	0.1897
15wy04	2	7	1	0	1.0000	0.0000	-1.0000	0.0434	NaN	NaN	NaN	165379.9443	165380.2944	1.0000	0.0000	0.4343	0.5468
15wy04	2	7	1	0	2.0000	0.0000	-1.0000	NaN	10.6990	-11.2801	14.8207	165381.2758	165381.5780	0.0000	1.0000	0.3015	0.3988
15wy04	2	8	1	0	1.0000	0.0000	-1.0000	0.0868	NaN	NaN	NaN	165384.2975	165384.7145	1.0000	0.0000	0.2539	0.3668
15wy04	2	8	1	0	2.0000	0.0000	-1.0000	NaN	0.8208	-0.3294	13.9930	165385.5260	165385.8301	1.0000	0.0000	0.4179	0.5309
15wy04	2	9	1	0	1.0000	0.0000	1.0000	0.1150	NaN	NaN	NaN	165388.4530	165388.8662	1.0000	1.0000	0.3581	0.4391
15wy04	2	9	1	0	2.0000	0.0000	1.0000	NaN	7.4032	8.8146	13.4838	165389.7491	165390.0546	1.0000	1.0000	0.2104	0.3068
15wy04	2	10	1	0	1.0000	0.0000	-1.0000	0.0812	NaN	NaN	NaN	165392.6868	165393.0987	1.0000	0.0000	0.4136	0.4936
15wy04	2	10	1	0	2.0000	0.0000	-1.0000	NaN	8.9724	-7.4466	14.6196	165394.0364	165394.3428	0.0000	1.0000	0.8654	0.9775
15wy04	2	11	1	0	1.0000	0.0000	1.0000	0.1275	NaN	NaN	NaN	165397.4178	165397.8031	1.0000	1.0000	0.2696	0.3983
15wy04	2	11	1	0	2.0000	0.0000	1.0000	NaN	7.4407	7.5367	16.3141	165398.6362	165398.9393	1.0000	1.0000	0.2698	0.3652
15wy04	2	12	1	0	1.0000	0.0000	-1.0000	0.2049	NaN	NaN	NaN	165401.8241	165402.1749	1.0000	0.0000	0.2807	0.4103
15wy04	2	12	1	0	2.0000	0.0000	-1.0000	NaN	4.1672	-2.3815	14.5657	165403.0205	165403.3227	1.0000	0.0000	0.7018	0.7664
15wy04	2	13	1	0	1.0000	0.0000	1.0000	0.1471	NaN	NaN	NaN	165406.5810	165406.9358	1.0000	1.0000	0.1924	0.2893
15wy04	2	13	1	0	2.0000	0.0000	1.0000	NaN	9.0386	7.4704	16.5705	165407.6598	165407.9620	1.0000	1.0000	0.1428	0.2554
15wy04	2	14	1	0	1.0000	0.0000	-1.0000	0.0374	NaN	NaN	NaN	165410.0128	165410.3691	1.0000	0.0000	0.3434	0.4238
15wy04	2	14	1	0	2.0000	0.0000	-1.0000	NaN	6.6581	-5.4741	14.6594	165411.2280	165411.5302	0.0000	1.0000	0.5265	0.6068
15wy04	2	15	1	0	1.0000	0.0000	1.0000	0.0336	NaN	NaN	NaN	165414.3816	165414.7354	1.0000	1.0000	0.1532	0.2487
15wy04	2	15	1	0	2.0000	0.0000	1.0000	NaN	2.6866	2.0216	16.2905	165415.4192	165415.7218	1.0000	1.0000	0.2548	0.3348
15wy04	2	16	1	0	1.0000	0.0000	-1.0000	0.1640	NaN	NaN	NaN	165418.4511	165418.8057	0.0000	1.0000	0.2590	0.3546
15wy04	2	16	1	0	2.0000	0.0000	1.0000	NaN	7.4885	6.4209	16.3211	165419.5961	165419.8982	1.0000	1.0000	0.1265	0.2550
15wy04	2	17	1	0	1.0000	0.0000	1.0000	0.0002	NaN	NaN	NaN	165422.5478	165422.9018	1.0000	1.0000	0.3063	0.3871
15wy04	2	17	1	0	2.0000	0.0000	1.0000	NaN	8.8856	8.1844	15.9000	165423.7235	165424.0257	1.0000	1.0000	0.1752	0.2875
15wy04	2	18	1	0	1.0000	0.0000	-1.0000	0.0530	NaN	NaN	NaN	165426.8328	165427.1892	1.0000	0.0000	0.1944	0.2912
15wy04	2	18	1	0	2.0000	0.0000	-1.0000	NaN	4.1526	-4.6143	15.3748	165427.9152	165428.2173	0.0000	1.0000	0.2395	0.3360
15wy04	2	19	1	0	1.0000	0.0000	1.0000	0.2022	NaN	NaN	NaN	165430.3478	165430.7513	1.0000	1.0000	0.2163	0.2978
15wy04	2	19	1	0	2.0000	0.0000	1.0000	NaN	0.9467	0.7518	14.7678	165431.4830	165431.7859	1.0000	1.0000	0.3503	0.4305
15wy04	2	20	1	0	1.0000	0.0000	-1.0000	0.0803	NaN	NaN	NaN	165434.2371	165434.5899	1.0000	0.0000	0.2337	0.3310
15wy04	2	20	1	0	2.0000	0.0000	-1.0000	NaN	3.6878	-4.9224	15.9197	165435.3556	165435.6578	0.0000	1.0000	0.3504	0.4625
15wy04	2	21	1	0	1.0000	0.0000	-1.0000	0.0145	NaN	NaN	NaN	165438.1148	165438.4719	1.0000	0.0000	0.2088	0.3052
15wy04	2	21	1	0	2.0000	0.0000	-1.0000	NaN	10.7570	-12.3877	16.1404	165439.2125	165439.5148	0.0000	1.0000	0.2059	0.3175
15wy04	2	22	1	0	1.0000	0.0000	-1.0000	0.0150	NaN	NaN	NaN	165442.1519	165442.5061	1.0000	0.0000	0.2707	0.3511
15wy04	2	22	1	0	2.0000	0.0000	-1.0000	NaN	2.2896	-0.3773	14.6366	165443.2927	165443.5949	1.0000	0.0000	0.6374	0.7341
15wy04	2	23	1	0	1.0000	0.0000	-1.0000	0.1407	NaN	NaN	NaN	165446.5947	165446.9507	1.0000	0.0000	0.1941	0.2745
15wy04	2	23	1	0	2.0000	0.0000	-1.0000	NaN	5.2885	-4.4546	16.6985	165447.6607	165447.9629	0.0000	1.0000	0.6379	0.7340
15wy04	2	24	1	0	1.0000	0.0000	-1.0000	0.1558	NaN	NaN	NaN	165451.0665	165451.4213	0.0000	1.0000	0.4115	0.5241
15wy04	2	24	1	0	2.0000	0.0000	1.0000	NaN	10.5647	10.8043	16.2004	165452.3793	165452.6815	1.0000	1.0000	0.2227	0.3350
15wy04	2	25	1	0	1.0000	0.0000	1.0000	0.0458	NaN	NaN	NaN	165454.8611	165455.2169	1.0000	1.0000	0.1347	0.2642
15wy04	2	25	1	0	2.0000	0.0000	1.0000	NaN	3.9049	1.3379	15.8794	165455.9159	165456.2193	0.0000	0.0000	0.4127	0.5256
15wy04	2	26	1	0	1.0000	0.0000	-1.0000	0.0181	NaN	NaN	NaN	165458.9307	165459.2875	1.0000	0.0000	0.2086	0.3212
15wy04	2	26	1	0	2.0000	0.0000	-1.0000	NaN	4.7417	-6.6263	13.7129	165460.0444	165460.3466	1.0000	0.0000	0.5421	0.6381
15wy04	2	27	1	0	1.0000	0.0000	1.0000	0.1816	NaN	NaN	NaN	165463.1203	165463.4718	1.0000	1.0000	0.1852	0.2814
15wy04	2	27	1	0	2.0000	0.0000	1.0000	NaN	10.9422	12.4299	15.8375	165464.1878	165464.4900	1.0000	1.0000	0.1576	0.2547
15wy04	2	28	1	0	1.0000	0.0000	-1.0000	0.1640	NaN	NaN	NaN	165467.0143	165467.3704	0.0000	1.0000	0.2536	0.3508
15wy04	2	28	1	0	2.0000	0.0000	1.0000	NaN	3.4450	3.9378	14.7239	165468.1564	165468.4586	1.0000	1.0000	0.1260	0.2386
15wy04	2	29	1	0	1.0000	0.0000	1.0000	0.1038	NaN	NaN	NaN	165470.4175	165470.7714	1.0000	1.0000	0.1802	0.2930
15wy04	2	29	1	0	2.0000	0.0000	1.0000	NaN	7.9123	9.0454	14.7578	165471.4985	165471.8021	1.0000	1.0000	0.1415	0.2707
15wy04	2	30	1	0	1.0000	0.0000	1.0000	0.1535	NaN	NaN	NaN	165474.2673	165474.6213	1.0000	1.0000	0.2354	0.3640
15wy04	2	30	1	0	2.0000	0.0000	1.0000	NaN	9.7201	10.0557	15.1588	165475.4200	165475.7222	1.0000	1.0000	0.1106	0.2390
15wy04	2	31	1	0	1.0000	0.0000	1.0000	0.1269	NaN	NaN	NaN	165477.9059	165478.3121	1.0000	1.0000	0.0155	0.1132
15wy04	2	31	1	0	2.0000	0.0000	1.0000	NaN	1.4096	0.3391	14.5234	165478.8712	165479.1752	1.0000	1.0000	0.4330	0.5289
15wy04	2	32	1	0	1.0000	0.0000	-1.0000	0.0991	NaN	NaN	NaN	165481.5009	165481.9104	0.0000	1.0000	0.2740	0.3711
15wy04	2	32	1	0	2.0000	0.0000	1.0000	NaN	11.0841	10.8366	15.0698	165482.7236	165483.0278	1.0000	1.0000	0.0518	0.1815
15wy04	2	33	1	0	1.0000	0.0000	1.0000	0.2071	NaN	NaN	NaN	165484.9315	165485.3441	1.0000	1.0000	0.1041	0.2333
15wy04	2	33	1	0	2.0000	0.0000	1.0000	NaN	5.1981	5.0443	14.5140	165486.0225	165486.3270	1.0000	1.0000	0.0658	0.1779
15wy04	2	34	1	0	1.0000	0.0000	-1.0000	0.1477	NaN	NaN	NaN	165488.4525	165488.8721	0.0000	1.0000	0.2401	0.3362
15wy04	2	34	1	0	2.0000	0.0000	1.0000	NaN	10.9686	10.3829	13.3677	165489.6550	165489.9595	1.0000	1.0000	0.0812	0.1938
15wy04	2	35	1	0	1.0000	0.0000	1.0000	0.0942	NaN	NaN	NaN	165492.5259	165492.9486	1.0000	1.0000	0.1166	0.2286
15wy04	2	35	1	0	2.0000	0.0000	1.0000	NaN	0.6154	0.7865	15.0389	165493.6216	165493.9258	1.0000	1.0000	0.3872	0.4829
15wy04	2	36	1	0	1.0000	0.0000	-1.0000	0.0472	NaN	NaN	NaN	165496.5311	165496.9431	0.0000	1.0000	0.1699	0.2651
15wy04	2	36	1	0	2.0000	0.0000	1.0000	NaN	7.0304	7.1477	14.2418	165497.6541	165497.9583	1.0000	1.0000	0.0665	0.1941
15wy04	2	37	1	0	1.0000	0.0000	-1.0000	0.0850	NaN	NaN	NaN	165500.6745	165501.0932	0.0000	1.0000	0.2910	0.3872
15wy04	2	37	1	0	2.0000	0.0000	1.0000	NaN	4.7596	3.6183	13.7250	165501.9227	165502.2268	1.0000	1.0000	0.1662	0.2785
15wy04	2	38	1	0	1.0000	0.0000	1.0000	0.0166	NaN	NaN	NaN	165504.9055	165505.3311	0.0000	0.0000	0.1971	0.2937
15wy04	2	38	1	0	2.0000	0.0000	-1.0000	NaN	0.8538	-1.6782	16.8856	165506.0611	165506.3633	0.0000	1.0000	1.5816	1.6619
15wy04	2	39	1	0	1.0000	0.0000	-1.0000	0.0822	NaN	NaN	NaN	165510.2198	165510.5712	0.0000	1.0000	0.3651	0.4620
15wy04	2	39	1	0	2.0000	0.0000	1.0000	NaN	0.1253	0.7128	14.7538	165511.4681	165511.7703	1.0000	1.0000	0.3031	0.3984
15wy04	2	40	1	0	1.0000	0.0000	-1.0000	0.1587	NaN	NaN	NaN	165514.6133	165514.9681	0.0000	1.0000	0.2088	0.3050
15wy04	2	40	1	0	2.0000	0.0000	1.0000	NaN	5.9776	4.8727	15.4405	165515.7087	165516.0110	1.0000	1.0000	0.4617	0.5743
15wy04	2	41	1	0	1.0000	0.0000	-1.0000	0.0384	NaN	NaN	NaN	165519.1776	165519.5345	0.0000	1.0000	0.6658	0.7458
15wy04	2	41	1	0	2.0000	0.0000	1.0000	NaN	1.5821	2.5339	13.3062	165520.7164	165521.0187	1.0000	1.0000	0.3970	0.5107
15wy04	2	42	1	0	1.0000	0.0000	-1.0000	0.1741	NaN	NaN	NaN	165523.6740	165524.0802	0.0000	1.0000	0.1845	0.2801
15wy04	2	42	1	0	2.0000	0.0000	1.0000	NaN	3.6239	4.7485	15.9473	165524.7952	165525.0982	1.0000	1.0000	0.1898	0.3181
15wy04	2	43	1	0	1.0000	0.0000	1.0000	0.1995	NaN	NaN	NaN	165527.6608	165528.0173	1.0000	1.0000	0.3268	0.4399
15wy04	2	43	1	0	2.0000	0.0000	1.0000	NaN	0.1870	0.6312	15.2769	165528.8915	165529.1936	1.0000	1.0000	0.4475	0.5596
15wy04	2	44	1	0	1.0000	0.0000	1.0000	0.1619	NaN	NaN	NaN	165531.4728	165531.8299	1.0000	1.0000	0.4183	0.5465
15wy04	2	44	1	0	2.0000	0.0000	1.0000	NaN	10.5274	9.8227	14.7431	165532.8112	165533.1140	1.0000	1.0000	0.1913	0.3030
15wy04	2	45	1	0	1.0000	0.0000	1.0000	0.0458	NaN	NaN	NaN	165535.1365	165535.4867	1.0000	1.0000	0.3297	0.3947
15wy04	2	45	1	0	2.0000	0.0000	1.0000	NaN	5.7329	5.4377	12.5365	165536.3169	165536.6191	1.0000	1.0000	0.1418	0.2381
15wy04	2	46	1	0	1.0000	0.0000	1.0000	0.1166	NaN	NaN	NaN	165539.3023	165539.6532	1.0000	1.0000	0.2276	0.3400
15wy04	2	46	1	0	2.0000	0.0000	1.0000	NaN	2.6429	1.2916	14.3170	165540.4278	165540.7308	1.0000	1.0000	0.3013	0.4461
15wy04	2	47	1	0	1.0000	0.0000	-1.0000	0.0416	NaN	NaN	NaN	165543.6970	165544.0512	1.0000	0.0000	0.2925	0.4053
15wy04	2	47	1	0	2.0000	0.0000	-1.0000	NaN	0.6936	-0.6506	14.2617	165544.8912	165545.1934	1.0000	0.0000	0.1434	0.2710
15wy04	2	48	1	0	1.0000	0.0000	-1.0000	0.2117	NaN	NaN	NaN	165547.2768	165547.6332	1.0000	0.0000	0.4385	0.5519
15wy04	2	48	1	0	2.0000	0.0000	-1.0000	NaN	4.9838	-4.7801	14.9271	165548.6192	165548.9214	0.0000	1.0000	0.6707	0.7671
15wy04	2	49	1	0	1.0000	0.0000	1.0000	0.0481	NaN	NaN	NaN	165551.5330	165551.8841	1.0000	1.0000	0.2835	0.3803
15wy04	2	49	1	0	2.0000	0.0000	1.0000	NaN	3.7433	3.9108	12.6827	165552.6994	165553.0016	1.0000	1.0000	0.1912	0.3032
15wy04	2	50	1	0	1.0000	0.0000	-1.0000	0.1078	NaN	NaN	NaN	165555.4742	165555.8285	1.0000	0.0000	0.1792	0.3087
15wy04	2	50	1	0	2.0000	0.0000	-1.0000	NaN	1.9292	-1.8798	13.7808	165556.5732	165556.8755	0.0000	1.0000	0.6218	0.7337
15wy04	3	1	1	0	1.0000	0.0000	-1.0000	0.1442	NaN	NaN	NaN	165569.4546	165569.8738	1.0000	0.0000	0.3265	0.4390
15wy04	3	1	1	0	2.0000	0.0000	-1.0000	NaN	0.2073	-0.6426	16.1654	165570.7582	165571.0655	1.0000	0.0000	0.4147	0.5277
15wy04	3	2	1	0	1.0000	0.0000	1.0000	0.1750	NaN	NaN	NaN	165573.8383	165574.2569	0.0000	0.0000	0.8067	0.9194
15wy04	3	2	1	0	2.0000	0.0000	-1.0000	NaN	9.1753	-9.1405	14.4693	165575.6199	165575.9247	0.0000	1.0000	0.3242	0.4525
15wy04	3	3	1	0	1.0000	0.0000	-1.0000	0.1749	NaN	NaN	NaN	165578.3276	165578.7400	1.0000	0.0000	0.3396	0.4365
15wy04	3	3	1	0	2.0000	0.0000	-1.0000	NaN	1.8237	-2.9262	15.3308	165579.6196	165579.9243	0.0000	1.0000	1.2042	1.2842
15wy04	3	4	1	0	1.0000	0.0000	-1.0000	0.0446	NaN	NaN	NaN	165583.6588	165584.0859	1.0000	0.0000	0.3388	0.4354
15wy04	3	4	1	0	2.0000	0.0000	-1.0000	NaN	5.0817	-2.4091	14.8307	165584.9679	165585.2727	1.0000	0.0000	0.8470	0.9437
15wy04	3	5	1	0	1.0000	0.0000	-1.0000	0.2203	NaN	NaN	NaN	165588.4301	165588.8439	0.0000	1.0000	0.5078	0.6214
15wy04	3	5	1	0	2.0000	0.0000	1.0000	NaN	9.7220	9.6465	16.0615	165589.8999	165590.2021	1.0000	1.0000	0.2227	0.3509
15wy04	3	6	1	0	1.0000	0.0000	1.0000	0.1914	NaN	NaN	NaN	165592.5476	165592.8987	1.0000	1.0000	0.3410	0.4867
15wy04	3	6	1	0	2.0000	0.0000	1.0000	NaN	7.3316	6.8737	14.8295	165593.8212	165594.1234	1.0000	1.0000	0.1563	0.2860
15wy04	3	7	1	0	1.0000	0.0000	1.0000	0.0097	NaN	NaN	NaN	165596.6053	165596.9597	1.0000	1.0000	0.4094	0.5050
15wy04	3	7	1	0	2.0000	0.0000	1.0000	NaN	7.4869	7.9835	13.3748	165597.8992	165598.2014	1.0000	1.0000	0.1757	0.2719
15wy04	3	8	1	0	1.0000	0.0000	1.0000	0.0077	NaN	NaN	NaN	165600.9178	165601.2696	1.0000	1.0000	0.2910	0.3872
15wy04	3	8	1	0	2.0000	0.0000	1.0000	NaN	6.6250	5.8842	14.0096	165602.0907	165602.3929	1.0000	1.0000	0.3032	0.4162
15wy04	3	9	1	0	1.0000	0.0000	1.0000	0.1311	NaN	NaN	NaN	165604.8549	165605.2093	1.0000	1.0000	0.4000	0.5276
15wy04	3	9	1	0	2.0000	0.0000	1.0000	NaN	6.5489	8.7003	13.8436	165606.1717	165606.4739	1.0000	1.0000	0.1270	0.2394
15wy04	3	10	1	0	1.0000	0.0000	1.0000	0.0443	NaN	NaN	NaN	165608.9829	165609.3331	1.0000	1.0000	0.3561	0.4517
15wy04	3	10	1	0	2.0000	0.0000	1.0000	NaN	4.2744	1.9617	15.6075	165610.2204	165610.5227	1.0000	1.0000	0.2210	0.3342
15wy04	3	11	1	0	1.0000	0.0000	-1.0000	0.1171	NaN	NaN	NaN	165612.9265	165613.2799	1.0000	0.0000	0.1518	0.2655
15wy04	3	11	1	0	2.0000	0.0000	-1.0000	NaN	2.5776	-1.6008	15.0551	165613.9802	165614.2824	1.0000	0.0000	0.2860	0.3986
15wy04	3	12	1	0	1.0000	0.0000	-1.0000	0.0094	NaN	NaN	NaN	165616.6186	165617.0377	1.0000	0.0000	0.3308	0.4436
15wy04	3	12	1	0	2.0000	0.0000	-1.0000	NaN	4.5748	-6.2677	15.2400	165617.9160	165618.2182	0.0000	1.0000	0.2705	0.3989
15wy04	3	13	1	0	1.0000	0.0000	1.0000	0.2093	NaN	NaN	NaN	165621.0126	165621.3640	1.0000	1.0000	0.2124	0.3254
15wy04	3	13	1	0	2.0000	0.0000	1.0000	NaN	5.4278	6.6036	15.5562	165622.1233	165622.4258	1.0000	1.0000	0.1751	0.3031
15wy04	3	14	1	0	1.0000	0.0000	-1.0000	0.1669	NaN	NaN	NaN	165624.4484	165624.7988	1.0000	0.0000	0.3623	0.4586
15wy04	3	14	1	0	2.0000	0.0000	-1.0000	NaN	7.3621	-6.4049	15.8948	165625.6923	165625.9947	0.0000	1.0000	0.2542	0.3666
15wy04	3	15	1	0	1.0000	0.0000	1.0000	0.0461	NaN	NaN	NaN	165628.5060	165628.8623	1.0000	1.0000	0.2503	0.3462
15wy04	3	15	1	0	2.0000	0.0000	1.0000	NaN	4.8225	4.9780	14.8437	165629.6445	165629.9467	1.0000	1.0000	0.1741	0.3027
15wy04	3	16	1	0	1.0000	0.0000	1.0000	0.0098	NaN	NaN	NaN	165632.6939	165633.0468	1.0000	1.0000	0.2743	0.3705
15wy04	3	16	1	0	2.0000	0.0000	1.0000	NaN	9.0375	10.8419	15.8754	165633.8530	165634.1551	1.0000	1.0000	0.0617	0.2063
15wy04	3	17	1	0	1.0000	0.0000	1.0000	0.0876	NaN	NaN	NaN	165636.7560	165637.1121	1.0000	1.0000	0.1756	0.2888
15wy04	3	17	1	0	2.0000	0.0000	1.0000	NaN	5.6173	6.2409	16.1995	165637.8360	165638.1383	1.0000	1.0000	0.3174	0.4471
15wy04	3	18	1	0	1.0000	0.0000	1.0000	0.0917	NaN	NaN	NaN	165640.8301	165641.1815	1.0000	1.0000	0.2346	0.3631
15wy04	3	18	1	0	2.0000	0.0000	1.0000	NaN	1.1717	1.3791	15.8366	165641.9786	165642.2811	0.0000	0.0000	1.4395	1.5520
15wy04	3	19	1	0	1.0000	0.0000	1.0000	0.1413	NaN	NaN	NaN	165645.8452	165646.1962	1.0000	1.0000	0.2758	0.3882
15wy04	3	19	1	0	2.0000	0.0000	1.0000	NaN	9.6911	9.6888	15.9733	165647.0192	165647.3215	1.0000	1.0000	0.1117	0.2395
15wy04	3	20	1	0	1.0000	0.0000	-1.0000	0.1980	NaN	NaN	NaN	165649.8805	165650.2312	0.0000	1.0000	0.6741	0.7862
15wy04	3	20	1	0	2.0000	0.0000	1.0000	NaN	8.7576	8.0064	14.7313	165651.4520	165651.7542	1.0000	1.0000	0.2056	0.3346
15wy04	3	21	1	0	1.0000	0.0000	-1.0000	0.1765	NaN	NaN	NaN	165653.8094	165654.1624	0.0000	1.0000	0.2773	0.3749
15wy04	3	21	1	0	2.0000	0.0000	1.0000	NaN	4.7078	4.2561	16.3102	165654.9719	165655.2747	1.0000	1.0000	0.1250	0.2388
15wy04	3	22	1	0	1.0000	0.0000	-1.0000	0.1909	NaN	NaN	NaN	165657.6590	165658.0122	1.0000	0.0000	0.2846	0.4449
15wy04	3	22	1	0	2.0000	0.0000	-1.0000	NaN	10.6142	-10.0126	14.6487	165658.8932	165659.1953	1.0000	0.0000	0.7969	0.9099
15wy04	3	23	1	0	1.0000	0.0000	1.0000	0.1857	NaN	NaN	NaN	165662.4711	165662.8848	1.0000	1.0000	0.1161	0.2277
15wy04	3	23	1	0	2.0000	0.0000	1.0000	NaN	3.0177	5.5789	13.4966	165663.5559	165663.8625	1.0000	1.0000	0.0492	0.1789
15wy04	3	24	1	0	1.0000	0.0000	1.0000	0.1849	NaN	NaN	NaN	165666.1137	165666.5357	1.0000	1.0000	0.0495	0.1777
15wy04	3	24	1	0	2.0000	0.0000	1.0000	NaN	9.1106	8.7772	16.4980	165667.1590	165667.4639	1.0000	1.0000	0.0653	0.1775
15wy04	3	25	1	0	1.0000	0.0000	-1.0000	0.0905	NaN	NaN	NaN	165669.7142	165670.1356	1.0000	0.0000	0.1612	0.2739
15wy04	3	25	1	0	2.0000	0.0000	-1.0000	NaN	2.8816	-1.5537	14.1206	165670.8441	165671.1464	1.0000	0.0000	0.1894	0.3190
15wy04	3	26	1	0	1.0000	0.0000	1.0000	0.2147	NaN	NaN	NaN	165673.6005	165673.9561	1.0000	1.0000	0.1321	0.2450
15wy04	3	26	1	0	2.0000	0.0000	1.0000	NaN	4.6203	4.6410	13.8786	165674.6357	165674.9379	1.0000	1.0000	0.1750	0.2871
15wy04	3	27	1	0	1.0000	0.0000	1.0000	0.0759	NaN	NaN	NaN	165677.6197	165677.9770	1.0000	1.0000	0.3992	0.5282
15wy04	3	27	1	0	2.0000	0.0000	1.0000	NaN	4.7566	3.6777	14.1555	165678.9404	165679.2426	1.0000	1.0000	0.2211	0.3503
15wy04	3	28	1	0	1.0000	0.0000	-1.0000	0.1829	NaN	NaN	NaN	165681.7873	165682.1432	0.0000	1.0000	0.3765	0.5061
15wy04	3	28	1	0	2.0000	0.0000	1.0000	NaN	0.9262	0.6313	14.3797	165683.0838	165683.3860	1.0000	1.0000	0.1897	0.2869
15wy04	3	29	1	0	1.0000	0.0000	1.0000	0.2104	NaN	NaN	NaN	165685.6427	165685.9942	1.0000	1.0000	0.2698	0.3662
15wy04	3	29	1	0	2.0000	0.0000	1.0000	NaN	2.5618	2.1777	14.8843	165686.7949	165687.0972	0.0000	0.0000	1.2633	1.3442
15wy04	3	30	1	0	1.0000	0.0000	1.0000	0.0103	NaN	NaN	NaN	165690.4758	165690.8273	1.0000	1.0000	0.2219	0.3179
15wy04	3	30	1	0	2.0000	0.0000	1.0000	NaN	4.3571	6.0790	16.1711	165691.5809	165691.8831	1.0000	1.0000	0.1733	0.3017
15wy04	3	31	1	0	1.0000	0.0000	1.0000	0.0854	NaN	NaN	NaN	165693.9043	165694.2592	1.0000	1.0000	0.1810	0.3093
15wy04	3	31	1	0	2.0000	0.0000	1.0000	NaN	11.0798	8.7015	15.5049	165695.0034	165695.3062	1.0000	1.0000	0.0627	0.1751
15wy04	3	32	1	0	1.0000	0.0000	-1.0000	0.2060	NaN	NaN	NaN	165697.5758	165697.9269	0.0000	1.0000	0.3374	0.4182
15wy04	3	32	1	0	2.0000	0.0000	1.0000	NaN	5.2206	5.4705	14.3154	165698.7811	165699.0833	1.0000	1.0000	0.0619	0.1895
15wy04	3	33	1	0	1.0000	0.0000	-1.0000	0.1701	NaN	NaN	NaN	165701.5923	165701.9434	0.0000	1.0000	0.3209	0.4009
15wy04	3	33	1	0	2.0000	0.0000	1.0000	NaN	10.5185	11.1770	14.9447	165702.7783	165703.0805	1.0000	1.0000	0.0962	0.2411
15wy04	3	34	1	0	1.0000	0.0000	-1.0000	0.0682	NaN	NaN	NaN	165705.3668	165705.7211	0.0000	1.0000	0.1907	0.2715
15wy04	3	34	1	0	2.0000	0.0000	1.0000	NaN	2.2990	2.7157	14.5272	165706.4273	165706.7296	1.0000	1.0000	0.0474	0.1918
15wy04	3	35	1	0	1.0000	0.0000	-1.0000	0.1629	NaN	NaN	NaN	165708.9416	165709.3616	0.0000	1.0000	0.1502	0.2317
15wy04	3	35	1	0	2.0000	0.0000	1.0000	NaN	4.0963	3.7626	13.8972	165710.0376	165710.3439	1.0000	1.0000	0.0485	0.1615
15wy04	3	36	1	0	1.0000	0.0000	-1.0000	0.0888	NaN	NaN	NaN	165712.4279	165712.8496	0.0000	1.0000	0.0382	0.1197
15wy04	3	36	1	0	2.0000	0.0000	1.0000	NaN	1.5080	0.4114	16.6622	165713.4127	165713.7172	1.0000	1.0000	0.0361	0.1481
15wy04	3	37	1	0	1.0000	0.0000	1.0000	0.1947	NaN	NaN	NaN	165716.0638	165716.4827	1.0000	1.0000	0.2451	0.3748
15wy04	3	37	1	0	2.0000	0.0000	1.0000	NaN	3.9062	3.9312	14.7917	165717.3029	165717.6099	1.0000	1.0000	0.0629	0.1597
15wy04	3	38	1	0	1.0000	0.0000	-1.0000	0.0918	NaN	NaN	NaN	165719.7672	165720.1826	0.0000	1.0000	0.1937	0.2585
15wy04	3	38	1	0	2.0000	0.0000	1.0000	NaN	2.1071	2.9250	14.3308	165720.8857	165721.1928	1.0000	1.0000	0.2405	0.3684
15wy04	3	39	1	0	1.0000	0.0000	1.0000	0.1357	NaN	NaN	NaN	165723.6837	165724.0990	1.0000	1.0000	0.0848	0.1816
15wy04	3	39	1	0	2.0000	0.0000	1.0000	NaN	5.4204	6.7840	15.2279	165724.7267	165725.0312	1.0000	1.0000	0.0657	0.1621
15wy04	3	40	1	0	1.0000	0.0000	-1.0000	0.1875	NaN	NaN	NaN	165727.2410	165727.6524	0.0000	1.0000	0.2114	0.2932
15wy04	3	40	1	0	2.0000	0.0000	1.0000	NaN	6.7696	6.5376	14.5485	165728.3926	165728.6968	1.0000	1.0000	0.0953	0.2082
15wy04	3	41	1	0	1.0000	0.0000	-1.0000	0.0530	NaN	NaN	NaN	165731.0772	165731.4858	1.0000	0.0000	0.2660	0.3797
15wy04	3	41	1	0	2.0000	0.0000	-1.0000	NaN	9.8092	-9.3162	15.1463	165732.3098	165732.6140	0.0000	1.0000	1.7310	1.8432
15wy04	3	42	1	0	1.0000	0.0000	1.0000	0.0403	NaN	NaN	NaN	165736.4294	165736.8484	1.0000	1.0000	0.4244	0.5211
15wy04	3	42	1	0	2.0000	0.0000	1.0000	NaN	5.4074	6.1319	15.3251	165737.8114	165738.1156	1.0000	1.0000	0.3241	0.4208
15wy04	3	43	1	0	1.0000	0.0000	1.0000	0.2099	NaN	NaN	NaN	165740.6087	165741.0182	1.0000	1.0000	0.2550	0.3670
15wy04	3	43	1	0	2.0000	0.0000	1.0000	NaN	2.5181	0.8902	16.4947	165741.8276	165742.1318	1.0000	1.0000	0.2284	0.3407
15wy04	3	44	1	0	1.0000	0.0000	1.0000	0.1815	NaN	NaN	NaN	165744.3207	165744.7308	1.0000	1.0000	0.2372	0.3507
15wy04	3	44	1	0	2.0000	0.0000	1.0000	NaN	3.3086	2.7169	15.7603	165745.5261	165745.8303	1.0000	1.0000	0.2095	0.3391
15wy04	3	45	1	0	1.0000	0.0000	1.0000	0.0739	NaN	NaN	NaN	165748.4686	165748.8806	1.0000	1.0000	0.1046	0.2169
15wy04	3	45	1	0	2.0000	0.0000	1.0000	NaN	3.4752	3.5873	14.5331	165749.5416	165749.8459	1.0000	1.0000	0.0819	0.2115
15wy04	3	46	1	0	1.0000	0.0000	-1.0000	0.1925	NaN	NaN	NaN	165752.3826	165752.7969	0.0000	1.0000	0.2188	0.3165
15wy04	3	46	1	0	2.0000	0.0000	1.0000	NaN	9.1884	9.7958	14.9276	165753.5481	165753.8504	1.0000	1.0000	0.0934	0.2067
15wy04	3	47	1	0	1.0000	0.0000	-1.0000	0.0845	NaN	NaN	NaN	165756.2766	165756.6854	0.0000	1.0000	0.1384	0.2360
15wy04	3	47	1	0	2.0000	0.0000	1.0000	NaN	9.0304	10.1682	13.4952	165757.3561	165757.6584	1.0000	1.0000	0.0464	0.1747
15wy04	3	48	1	0	1.0000	0.0000	1.0000	0.1374	NaN	NaN	NaN	165759.8043	165760.1572	1.0000	1.0000	0.4592	0.5552
15wy04	3	48	1	0	2.0000	0.0000	1.0000	NaN	0.2207	0.7676	14.7614	165761.1492	165761.4514	1.0000	1.0000	0.1256	0.2542
15wy04	3	49	1	0	1.0000	0.0000	1.0000	0.1936	NaN	NaN	NaN	165763.9501	165764.3058	1.0000	1.0000	0.2467	0.3274
15wy04	3	49	1	0	2.0000	0.0000	1.0000	NaN	9.0793	8.5703	15.2187	165765.0680	165765.3712	1.0000	1.0000	0.1257	0.2220
15wy04	3	50	1	0	1.0000	0.0000	1.0000	0.0542	NaN	NaN	NaN	165767.7878	165768.1401	1.0000	1.0000	0.1249	0.2212
15wy04	3	50	1	0	2.0000	0.0000	1.0000	NaN	9.2146	9.3127	15.5691	165768.7963	165769.0986	1.0000	1.0000	0.1263	0.2386
15wy04	4	1	1	0	1.0000	0.0000	-1.0000	0.1235	NaN	NaN	NaN	165776.9381	165777.2897	1.0000	0.0000	0.3195	0.4315
15wy04	4	1	1	0	2.0000	0.0000	-1.0000	NaN	4.7787	-5.7828	15.4457	165778.1558	165778.4581	0.0000	1.0000	0.2057	0.3031
15wy04	4	2	1	0	1.0000	0.0000	-1.0000	0.1675	NaN	NaN	NaN	165780.6058	165780.9561	0.0000	1.0000	0.3317	0.4293
15wy04	4	2	1	0	2.0000	0.0000	1.0000	NaN	8.5281	9.2394	14.3323	165781.8208	165782.1229	1.0000	1.0000	0.0306	0.1424
15wy04	4	3	1	0	1.0000	0.0000	-1.0000	0.0761	NaN	NaN	NaN	165784.2359	165784.5893	0.0000	1.0000	0.3002	0.3962
15wy04	4	3	1	0	2.0000	0.0000	1.0000	NaN	7.1334	8.5209	14.1165	165785.4213	165785.7236	1.0000	1.0000	0.0455	0.1579
15wy04	4	4	1	0	1.0000	0.0000	1.0000	0.0688	NaN	NaN	NaN	165788.0766	165788.4339	1.0000	1.0000	0.2305	0.3108
15wy04	4	4	1	0	2.0000	0.0000	1.0000	NaN	4.8443	5.5022	15.1281	165789.1795	165789.4820	1.0000	1.0000	0.1110	0.2388
15wy04	4	5	1	0	1.0000	0.0000	-1.0000	0.1107	NaN	NaN	NaN	165791.4404	165791.7907	0.0000	1.0000	0.1543	0.2508
15wy04	4	5	1	0	2.0000	0.0000	1.0000	NaN	4.3902	3.5365	14.9525	165792.4771	165792.7793	1.0000	1.0000	0.0444	0.1744
15wy04	4	6	1	0	1.0000	0.0000	1.0000	0.0452	NaN	NaN	NaN	165795.4733	165795.8237	1.0000	1.0000	0.2493	0.3457
15wy04	4	6	1	0	2.0000	0.0000	1.0000	NaN	0.2489	3.8525	13.8279	165796.6041	165796.9064	1.0000	1.0000	0.3186	0.4462
15wy04	4	7	1	0	1.0000	0.0000	1.0000	0.1455	NaN	NaN	NaN	165799.7972	165800.1540	1.0000	1.0000	0.1109	0.2227
15wy04	4	7	1	0	2.0000	0.0000	1.0000	NaN	9.0433	8.5014	14.4199	165800.8113	165801.1135	1.0000	1.0000	0.0783	0.2079
15wy04	4	8	1	0	1.0000	0.0000	1.0000	0.1918	NaN	NaN	NaN	165803.5660	165803.9779	1.0000	1.0000	0.1430	0.2556
15wy04	4	8	1	0	2.0000	0.0000	1.0000	NaN	1.0619	0.6018	15.7440	165804.6754	165804.9795	1.0000	1.0000	0.0531	0.1817
15wy04	4	9	1	0	1.0000	0.0000	-1.0000	0.0352	NaN	NaN	NaN	165806.9597	165807.3787	1.0000	0.0000	0.3731	0.4868
15wy04	4	9	1	0	2.0000	0.0000	-1.0000	NaN	1.6081	-1.6460	13.7931	165808.3090	165808.6140	1.0000	0.0000	0.3067	0.4036
15wy04	4	10	1	0	1.0000	0.0000	1.0000	0.0563	NaN	NaN	NaN	165811.3077	165811.7285	1.0000	1.0000	0.2005	0.3291
15wy04	4	10	1	0	2.0000	0.0000	1.0000	NaN	6.6326	8.6484	14.3683	165812.4932	165812.7954	1.0000	1.0000	0.1415	0.2701
15wy04	4	11	1	0	1.0000	0.0000	1.0000	0.0405	NaN	NaN	NaN	165815.0112	165815.3656	1.0000	1.0000	0.1795	0.2754
15wy04	4	11	1	0	2.0000	0.0000	1.0000	NaN	6.3834	8.4003	15.3404	165816.0769	165816.3791	1.0000	1.0000	0.0927	0.2057
15wy04	4	12	1	0	1.0000	0.0000	1.0000	0.1624	NaN	NaN	NaN	165818.5793	165818.9363	1.0000	1.0000	0.2075	0.3852
15wy04	4	12	1	0	2.0000	0.0000	1.0000	NaN	7.9761	7.8871	14.9339	165819.7555	165820.0576	1.0000	1.0000	0.0633	0.1756
15wy04	4	13	1	0	1.0000	0.0000	1.0000	0.0377	NaN	NaN	NaN	165821.9528	165822.3041	1.0000	1.0000	0.1837	0.3289
15wy04	4	13	1	0	2.0000	0.0000	1.0000	NaN	10.1472	12.2416	14.1445	165823.0691	165823.3713	1.0000	1.0000	0.0456	0.1422
15wy04	4	14	1	0	1.0000	0.0000	-1.0000	0.1438	NaN	NaN	NaN	165825.7091	165826.0654	1.0000	0.0000	0.0545	0.1361
15wy04	4	14	1	0	2.0000	0.0000	-1.0000	NaN	3.4922	-2.9955	15.0975	165826.6361	165826.9382	0.0000	1.0000	0.4311	0.5274
15wy04	4	15	1	0	1.0000	0.0000	-1.0000	0.1315	NaN	NaN	NaN	165829.5107	165829.8650	1.0000	0.0000	0.7841	0.9119
15wy04	4	15	1	0	2.0000	0.0000	-1.0000	NaN	6.2218	-6.7969	14.2028	165831.2114	165831.5137	0.0000	1.0000	1.2306	1.3115
15wy04	4	16	1	0	1.0000	0.0000	-1.0000	0.1136	NaN	NaN	NaN	165835.2197	165835.5701	0.0000	1.0000	0.5506	0.6472
15wy04	4	16	1	0	2.0000	0.0000	1.0000	NaN	4.2939	4.6453	15.2346	165836.6521	165836.9544	1.0000	1.0000	0.1900	0.3347
15wy04	4	17	1	0	1.0000	0.0000	-1.0000	0.1997	NaN	NaN	NaN	165839.6587	165840.0146	1.0000	0.0000	0.3302	0.4586
15wy04	4	17	1	0	2.0000	0.0000	-1.0000	NaN	0.4403	-2.4814	16.2437	165840.9080	165841.2103	0.0000	1.0000	0.2376	0.3346
15wy04	4	18	1	0	1.0000	0.0000	-1.0000	0.1518	NaN	NaN	NaN	165843.3394	165843.6910	0.0000	1.0000	0.3180	0.3986
15wy04	4	18	1	0	2.0000	0.0000	1.0000	NaN	5.1288	4.9533	13.9015	165844.5253	165844.8276	1.0000	1.0000	0.1087	0.2380
15wy04	4	19	1	0	1.0000	0.0000	1.0000	0.0757	NaN	NaN	NaN	165847.4350	165847.7862	1.0000	1.0000	0.3336	0.4792
15wy04	4	19	1	0	2.0000	0.0000	1.0000	NaN	10.9714	11.8748	15.1831	165848.7012	165849.0035	1.0000	1.0000	0.1243	0.2532
15wy04	4	20	1	0	1.0000	0.0000	-1.0000	0.1325	NaN	NaN	NaN	165851.2763	165851.6640	0.0000	1.0000	0.1535	0.2490
15wy04	4	20	1	0	2.0000	0.0000	1.0000	NaN	1.2188	3.9133	15.2221	165852.3492	165852.6514	1.0000	1.0000	0.0607	0.1901
15wy04	4	21	1	0	1.0000	0.0000	-1.0000	0.2247	NaN	NaN	NaN	165855.1111	165855.4680	0.0000	1.0000	0.2519	0.3330
15wy04	4	21	1	0	2.0000	0.0000	1.0000	NaN	7.0741	5.9179	14.2970	165856.2357	165856.5380	1.0000	1.0000	0.0299	0.1275
15wy04	4	22	1	0	1.0000	0.0000	-1.0000	0.0623	NaN	NaN	NaN	165859.1099	165859.4634	1.0000	0.0000	0.3856	0.5296
15wy04	4	22	1	0	2.0000	0.0000	-1.0000	NaN	6.9939	-6.3297	14.4930	165860.4271	165860.7294	1.0000	0.0000	0.7830	0.8802
15wy04	4	23	1	0	1.0000	0.0000	1.0000	0.1731	NaN	NaN	NaN	165863.6218	165863.9735	1.0000	1.0000	0.2756	0.4039
15wy04	4	23	1	0	2.0000	0.0000	1.0000	NaN	9.7497	9.8890	15.7174	165864.8121	165865.1151	1.0000	1.0000	0.1567	0.2545
15wy04	4	24	1	0	1.0000	0.0000	-1.0000	0.0976	NaN	NaN	NaN	165867.2392	165867.5904	0.0000	1.0000	0.2262	0.3233
15wy04	4	24	1	0	2.0000	0.0000	1.0000	NaN	5.5017	6.4735	14.5010	165868.3497	165868.6519	1.0000	1.0000	0.0451	0.1414
15wy04	4	25	1	0	1.0000	0.0000	-1.0000	0.1171	NaN	NaN	NaN	165870.7629	165871.1169	0.0000	1.0000	0.3003	0.3804
15wy04	4	25	1	0	2.0000	0.0000	1.0000	NaN	6.6806	5.5789	14.9976	165871.9334	165872.2357	1.0000	1.0000	0.0762	0.2056
15wy04	4	26	1	0	1.0000	0.0000	1.0000	0.1664	NaN	NaN	NaN	165874.4109	165874.7671	1.0000	1.0000	0.1860	0.2984
15wy04	4	26	1	0	2.0000	0.0000	1.0000	NaN	2.1718	0.3332	14.3388	165875.5005	165875.8027	1.0000	1.0000	0.0944	0.2068
15wy04	4	27	1	0	1.0000	0.0000	1.0000	0.0302	NaN	NaN	NaN	165878.4540	165878.8058	1.0000	1.0000	0.3231	0.4357
15wy04	4	27	1	0	2.0000	0.0000	1.0000	NaN	2.6215	3.9679	16.1741	165879.6756	165879.9778	1.0000	1.0000	0.1274	0.2240
15wy04	4	28	1	0	1.0000	0.0000	-1.0000	0.1769	NaN	NaN	NaN	165882.2214	165882.5728	0.0000	1.0000	0.2358	0.3158
15wy04	4	28	1	0	2.0000	0.0000	1.0000	NaN	6.4733	7.2553	15.9146	165883.3240	165883.6262	1.0000	1.0000	0.1897	0.3030
15wy04	4	29	1	0	1.0000	0.0000	1.0000	0.2218	NaN	NaN	NaN	165885.9237	165886.2791	1.0000	1.0000	0.3208	0.4504
15wy04	4	29	1	0	2.0000	0.0000	1.0000	NaN	0.1527	0.7862	14.2982	165887.1654	165887.4677	1.0000	1.0000	0.0762	0.1739
15wy04	4	30	1	0	1.0000	0.0000	-1.0000	0.0214	NaN	NaN	NaN	165889.4361	165889.7887	0.0000	1.0000	0.2671	0.3798
15wy04	4	30	1	0	2.0000	0.0000	1.0000	NaN	5.6959	4.0260	15.8087	165890.6040	165890.9062	1.0000	1.0000	0.1593	0.2708
15wy04	4	31	1	0	1.0000	0.0000	1.0000	0.1450	NaN	NaN	NaN	165893.5716	165893.9286	0.0000	0.0000	0.2889	0.3849
15wy04	4	31	1	0	2.0000	0.0000	-1.0000	NaN	10.1777	-11.8768	15.3907	165894.7493	165895.0515	0.0000	1.0000	0.3176	0.3981
15wy04	4	32	1	0	1.0000	0.0000	-1.0000	0.0074	NaN	NaN	NaN	165897.1691	165897.5744	1.0000	0.0000	0.9460	1.0590
15wy04	4	32	1	0	2.0000	0.0000	-1.0000	NaN	1.6791	-2.9166	13.3568	165899.0768	165899.3837	1.0000	0.0000	0.1761	0.2901
15wy04	4	33	1	0	1.0000	0.0000	1.0000	0.0306	NaN	NaN	NaN	165901.7679	165902.1850	1.0000	1.0000	0.2229	0.3205
15wy04	4	33	1	0	2.0000	0.0000	1.0000	NaN	1.6289	0.5559	14.6026	165902.9513	165903.2558	1.0000	1.0000	0.2093	0.3057
15wy04	4	34	1	0	1.0000	0.0000	1.0000	0.1856	NaN	NaN	NaN	165905.7090	165906.0946	1.0000	1.0000	0.3140	0.4110
15wy04	4	34	1	0	2.0000	0.0000	1.0000	NaN	7.2942	5.9003	15.0353	165906.9405	165907.2428	1.0000	1.0000	0.3188	0.4468
15wy04	4	35	1	0	1.0000	0.0000	-1.0000	0.0359	NaN	NaN	NaN	165909.8344	165910.1849	1.0000	0.0000	0.4796	0.6082
15wy04	4	35	1	0	2.0000	0.0000	-1.0000	NaN	9.3952	-9.3958	15.5232	165911.2286	165911.5309	0.0000	1.0000	0.4936	0.5746
15wy04	4	36	1	0	1.0000	0.0000	1.0000	0.1701	NaN	NaN	NaN	165914.3250	165914.6816	1.0000	1.0000	0.1750	0.2716
15wy04	4	36	1	0	2.0000	0.0000	1.0000	NaN	3.7820	5.1885	15.9287	165915.3891	165915.6913	1.0000	1.0000	0.2379	0.3500
15wy04	4	37	1	0	1.0000	0.0000	-1.0000	0.1274	NaN	NaN	NaN	165918.2109	165918.5649	0.0000	1.0000	0.3070	0.4043
15wy04	4	37	1	0	2.0000	0.0000	1.0000	NaN	5.3441	4.6248	15.7009	165919.4041	165919.7063	1.0000	1.0000	0.1109	0.2543
15wy04	4	38	1	0	1.0000	0.0000	-1.0000	0.0854	NaN	NaN	NaN	165922.1811	165922.5325	0.0000	1.0000	0.2433	0.3250
15wy04	4	38	1	0	2.0000	0.0000	1.0000	NaN	4.0522	5.6242	14.4653	165923.2922	165923.5952	1.0000	1.0000	0.1087	0.2541
15wy04	4	39	1	0	1.0000	0.0000	1.0000	0.1923	NaN	NaN	NaN	165925.8444	165926.1977	1.0000	1.0000	0.2117	0.3238
15wy04	4	39	1	0	2.0000	0.0000	1.0000	NaN	5.3999	5.1223	15.0808	165926.9564	165927.2586	0.0000	0.0000	0.0933	0.1909
15wy04	4	40	1	0	1.0000	0.0000	1.0000	0.1240	NaN	NaN	NaN	165929.5420	165929.8973	1.0000	1.0000	0.1908	0.3360
15wy04	4	40	1	0	2.0000	0.0000	1.0000	NaN	7.8988	9.6523	13.3063	165930.6697	165930.9720	1.0000	1.0000	0.1091	0.2207
15wy04	4	41	1	0	1.0000	0.0000	1.0000	0.1828	NaN	NaN	NaN	165933.2624	165933.6153	1.0000	1.0000	0.2966	0.3774
15wy04	4	41	1	0	2.0000	0.0000	1.0000	NaN	8.1625	8.1545	14.4036	165934.4284	165934.7306	1.0000	1.0000	0.0617	0.1750
15wy04	4	42	1	0	1.0000	0.0000	-1.0000	0.0940	NaN	NaN	NaN	165937.2753	165937.6306	0.0000	1.0000	0.2177	0.3149
15wy04	4	42	1	0	2.0000	0.0000	1.0000	NaN	2.5395	2.2032	14.4983	165938.3804	165938.6827	1.0000	1.0000	0.0464	0.1588
15wy04	4	43	1	0	1.0000	0.0000	-1.0000	0.1354	NaN	NaN	NaN	165941.0377	165941.3929	0.0000	1.0000	0.1990	0.2807
15wy04	4	43	1	0	2.0000	0.0000	1.0000	NaN	11.0300	9.6891	14.3894	165942.1084	165942.4118	1.0000	1.0000	0.0458	0.1737
15wy04	4	44	1	0	1.0000	0.0000	-1.0000	0.0400	NaN	NaN	NaN	165944.8799	165945.2995	0.0000	1.0000	0.1818	0.2618
15wy04	4	44	1	0	2.0000	0.0000	1.0000	NaN	2.9036	3.1599	15.1598	165946.0058	165946.3117	1.0000	1.0000	0.0162	0.1140
15wy04	4	45	1	0	1.0000	0.0000	1.0000	0.1368	NaN	NaN	NaN	165948.5507	165948.9718	1.0000	1.0000	0.0601	0.1892
15wy04	4	45	1	0	2.0000	0.0000	1.0000	NaN	6.4494	6.6732	17.4777	165949.6069	165949.9142	1.0000	1.0000	0.0790	0.1909
15wy04	4	46	1	0	1.0000	0.0000	1.0000	0.0580	NaN	NaN	NaN	165951.9805	165952.3993	1.0000	1.0000	0.2978	0.4105
15wy04	4	46	1	0	2.0000	0.0000	1.0000	NaN	8.8248	7.3554	14.0435	165953.2527	165953.5571	1.0000	1.0000	0.0839	0.1797
15wy04	4	47	1	0	1.0000	0.0000	1.0000	0.2146	NaN	NaN	NaN	165955.7344	165956.1542	1.0000	1.0000	0.0622	0.1749
15wy04	4	47	1	0	2.0000	0.0000	1.0000	NaN	8.8987	11.5445	14.8529	165956.7740	165957.0810	1.0000	1.0000	0.0166	0.1447
15wy04	4	48	1	0	1.0000	0.0000	1.0000	0.0588	NaN	NaN	NaN	165959.2983	165959.7151	0.0000	0.0000	0.1175	0.2145
15wy04	4	48	1	0	2.0000	0.0000	-1.0000	NaN	10.8443	-12.2732	13.7631	165960.3741	165960.6809	1.0000	0.0000	0.0163	0.1121
15wy04	4	49	1	0	1.0000	0.0000	1.0000	0.0283	NaN	NaN	NaN	165962.6079	165963.0200	1.0000	1.0000	0.3327	0.3976
15wy04	4	49	1	0	2.0000	0.0000	1.0000	NaN	5.5608	4.7252	14.1757	165963.8644	165964.1685	1.0000	1.0000	0.1600	0.2729
15wy04	4	50	1	0	1.0000	0.0000	-1.0000	0.1447	NaN	NaN	NaN	165966.7412	165967.1531	0.0000	1.0000	0.0388	0.1203
15wy04	4	50	1	0	2.0000	0.0000	1.0000	NaN	9.3245	9.1479	16.9624	165967.7164	165968.0208	1.0000	1.0000	0.0671	0.1808
15wy04	5	1	1	0	1.0000	0.0000	-1.0000	0.1134	NaN	NaN	NaN	165971.5468	165971.9570	0.0000	1.0000	0.0006	0.0848
15wy04	5	1	1	0	2.0000	0.0000	1.0000	NaN	8.5843	6.3621	16.0647	165972.4833	165972.7874	1.0000	1.0000	0.0372	0.1338
15wy04	5	2	1	0	1.0000	0.0000	-1.0000	0.0518	NaN	NaN	NaN	165974.7686	165975.1865	1.0000	0.0000	0.7094	0.8389
15wy04	5	2	1	0	2.0000	0.0000	-1.0000	NaN	8.8825	-9.8570	14.1667	165976.4667	165976.7710	0.0000	1.0000	0.1970	0.2784
15wy04	5	3	1	0	1.0000	0.0000	-1.0000	0.1660	NaN	NaN	NaN	165978.7721	165979.1859	0.0000	1.0000	0.0712	0.1518
15wy04	5	3	1	0	2.0000	0.0000	1.0000	NaN	6.5845	5.0002	14.3473	165979.7825	165980.0868	1.0000	1.0000	0.0491	0.1626
15wy04	5	4	1	0	1.0000	0.0000	1.0000	0.0658	NaN	NaN	NaN	165982.4987	165982.8842	1.0000	1.0000	0.3722	0.4689
15wy04	5	4	1	0	2.0000	0.0000	1.0000	NaN	7.5684	7.3547	14.1542	165983.7878	165984.0901	1.0000	1.0000	0.1269	0.2393
15wy04	5	5	1	0	1.0000	0.0000	1.0000	0.1429	NaN	NaN	NaN	165986.1241	165986.4782	0.0000	0.0000	0.1702	0.2665
15wy04	5	5	1	0	2.0000	0.0000	-1.0000	NaN	10.5522	-10.9551	14.9170	165987.1794	165987.4816	0.0000	1.0000	0.1914	0.2720
15wy04	5	6	1	0	1.0000	0.0000	1.0000	0.0726	NaN	NaN	NaN	165989.8982	165990.3193	1.0000	1.0000	0.2333	0.3776
15wy04	5	6	1	0	2.0000	0.0000	1.0000	NaN	1.9922	1.8320	14.8435	165991.1399	165991.4464	1.0000	1.0000	0.2096	0.2904
15wy04	5	7	1	0	1.0000	0.0000	1.0000	0.2212	NaN	NaN	NaN	165993.8090	165994.2321	1.0000	1.0000	0.2878	0.4174
15wy04	5	7	1	0	2.0000	0.0000	1.0000	NaN	0.8212	1.8529	15.4637	165995.0977	165995.4025	1.0000	1.0000	0.2712	0.3670
15wy04	5	8	1	0	1.0000	0.0000	1.0000	0.1371	NaN	NaN	NaN	165997.9949	165998.4139	0.0000	0.0000	0.3143	0.4108
15wy04	5	8	1	0	2.0000	0.0000	-1.0000	NaN	7.3286	-7.8774	14.3381	165999.2682	165999.5727	0.0000	1.0000	0.1809	0.2771
15wy04	5	9	1	0	1.0000	0.0000	-1.0000	0.1084	NaN	NaN	NaN	166002.3722	166002.7853	0.0000	1.0000	0.4546	0.5678
15wy04	5	9	1	0	2.0000	0.0000	1.0000	NaN	6.4674	5.6546	13.6865	166003.7988	166004.1033	1.0000	1.0000	0.1142	0.2253
15wy04	5	10	1	0	1.0000	0.0000	-1.0000	0.0701	NaN	NaN	NaN	166006.0511	166006.4684	0.0000	1.0000	0.0835	0.1651
15wy04	5	10	1	0	2.0000	0.0000	1.0000	NaN	5.8194	4.2015	13.8477	166007.0795	166007.3840	1.0000	1.0000	0.1136	0.2250
15wy04	5	11	1	0	1.0000	0.0000	1.0000	0.1065	NaN	NaN	NaN	166009.8816	166010.2663	1.0000	1.0000	0.3661	0.5271
15wy04	5	11	1	0	2.0000	0.0000	1.0000	NaN	6.5009	8.7592	15.9937	166011.2279	166011.5301	1.0000	1.0000	0.3986	0.5105
15wy04	5	12	1	0	1.0000	0.0000	-1.0000	0.1757	NaN	NaN	NaN	166013.9100	166014.2613	1.0000	0.0000	0.3713	0.4842
15wy04	5	12	1	0	2.0000	0.0000	-1.0000	NaN	4.8983	-4.1103	14.0161	166015.1795	166015.4817	0.0000	1.0000	0.2395	0.3356
15wy04	5	13	1	0	1.0000	0.0000	1.0000	0.0952	NaN	NaN	NaN	166017.8620	166018.2130	1.0000	1.0000	0.2270	0.3558
15wy04	5	13	1	0	2.0000	0.0000	1.0000	NaN	4.0361	5.1944	14.6319	166019.0034	166019.3057	1.0000	1.0000	0.1109	0.2239
15wy04	5	14	1	0	1.0000	0.0000	-1.0000	0.0923	NaN	NaN	NaN	166021.3756	166021.7276	0.0000	1.0000	0.2483	0.3288
15wy04	5	14	1	0	2.0000	0.0000	1.0000	NaN	3.4544	3.6652	16.2807	166022.4925	166022.7947	1.0000	1.0000	0.1428	0.2858
15wy04	5	15	1	0	1.0000	0.0000	1.0000	0.2135	NaN	NaN	NaN	166025.2260	166025.5774	1.0000	1.0000	0.2716	0.3682
15wy04	5	15	1	0	2.0000	0.0000	1.0000	NaN	2.8366	0.8184	15.9609	166026.3818	166026.6840	0.0000	0.0000	0.2531	0.3496
15wy04	5	16	1	0	1.0000	0.0000	1.0000	0.0188	NaN	NaN	NaN	166028.7707	166029.1261	1.0000	1.0000	0.3538	0.4506
15wy04	5	16	1	0	2.0000	0.0000	1.0000	NaN	9.0735	8.0921	16.1024	166030.0113	166030.3135	1.0000	1.0000	0.0793	0.2241
15wy04	5	17	1	0	1.0000	0.0000	-1.0000	0.2215	NaN	NaN	NaN	166032.9837	166033.3382	0.0000	1.0000	0.2072	0.3193
15wy04	5	17	1	0	2.0000	0.0000	1.0000	NaN	0.7045	0.7581	16.3906	166034.0923	166034.3946	1.0000	1.0000	0.0454	0.1591
15wy04	5	18	1	0	1.0000	0.0000	1.0000	0.0757	NaN	NaN	NaN	166036.8734	166037.2830	1.0000	1.0000	0.2461	0.3267
15wy04	5	18	1	0	2.0000	0.0000	1.0000	NaN	6.8157	7.5958	15.5381	166038.0542	166038.3607	1.0000	1.0000	0.0802	0.1925
15wy04	5	19	1	0	1.0000	0.0000	-1.0000	0.1622	NaN	NaN	NaN	166040.6504	166041.0673	1.0000	0.0000	0.0459	0.0943
15wy04	5	19	1	0	2.0000	0.0000	-1.0000	NaN	4.1675	-5.3813	15.1734	166041.6073	166041.9120	0.0000	1.0000	0.2412	0.3545
15wy04	5	20	1	0	1.0000	0.0000	1.0000	0.1776	NaN	NaN	NaN	166044.4144	166044.8337	1.0000	1.0000	0.2629	0.3437
15wy04	5	20	1	0	2.0000	0.0000	1.0000	NaN	8.7943	9.2516	14.9855	166045.6128	166045.9150	1.0000	1.0000	0.1570	0.2387
15wy04	5	21	1	0	1.0000	0.0000	1.0000	0.1601	NaN	NaN	NaN	166048.1997	166048.5541	1.0000	1.0000	0.3019	0.3835
15wy04	5	21	1	0	2.0000	0.0000	1.0000	NaN	5.8336	8.2947	13.4991	166049.3738	166049.6760	1.0000	1.0000	0.0770	0.1896
15wy04	5	22	1	0	1.0000	0.0000	1.0000	0.1420	NaN	NaN	NaN	166052.1352	166052.4915	1.0000	1.0000	0.2205	0.3337
15wy04	5	22	1	0	2.0000	0.0000	1.0000	NaN	0.1000	0.1089	15.9402	166053.2592	166053.5614	0.0000	0.0000	0.3986	0.5116
15wy04	5	23	1	0	1.0000	0.0000	-1.0000	0.1372	NaN	NaN	NaN	166056.2839	166056.6371	0.0000	1.0000	0.1229	0.1881
15wy04	5	23	1	0	2.0000	0.0000	1.0000	NaN	8.4699	7.2840	14.9626	166057.2599	166057.5626	1.0000	1.0000	0.0060	0.1107
15wy04	5	24	1	0	1.0000	0.0000	-1.0000	0.0330	NaN	NaN	NaN	166059.9430	166060.2943	0.0000	1.0000	0.1616	0.2435
15wy04	5	24	1	0	2.0000	0.0000	1.0000	NaN	1.9441	2.6302	15.1357	166060.9740	166061.2762	1.0000	1.0000	0.0278	0.1414
15wy04	5	25	1	0	1.0000	0.0000	-1.0000	0.1547	NaN	NaN	NaN	166063.5376	166063.8910	0.0000	1.0000	0.3729	0.4546
15wy04	5	25	1	0	2.0000	0.0000	1.0000	NaN	8.9092	9.7338	15.4380	166064.7817	166065.0840	1.0000	1.0000	0.0610	0.1735
15wy04	5	26	1	0	1.0000	0.0000	-1.0000	0.1470	NaN	NaN	NaN	166067.4520	166067.8076	0.0000	1.0000	0.0901	0.1700
15wy04	5	26	1	0	2.0000	0.0000	1.0000	NaN	5.2458	4.1605	13.9977	166068.4133	166068.7155	1.0000	1.0000	0.0287	0.1261
15wy04	5	27	1	0	1.0000	0.0000	1.0000	0.1385	NaN	NaN	NaN	166071.1361	166071.4906	1.0000	1.0000	0.4213	0.5186
15wy04	5	27	1	0	2.0000	0.0000	1.0000	NaN	6.2312	5.6383	15.3907	166072.4434	166072.7457	1.0000	1.0000	0.7983	0.9118
15wy04	5	28	1	0	1.0000	0.0000	-1.0000	0.0532	NaN	NaN	NaN	166075.6020	166075.9569	0.0000	1.0000	0.1643	0.2607
15wy04	5	28	1	0	2.0000	0.0000	1.0000	NaN	9.1896	6.7215	15.5445	166076.6522	166076.9558	1.0000	1.0000	0.0611	0.2049
15wy04	5	29	1	0	1.0000	0.0000	-1.0000	0.0780	NaN	NaN	NaN	166079.4815	166079.8359	0.0000	1.0000	0.1247	0.2216
15wy04	5	29	1	0	2.0000	0.0000	1.0000	NaN	4.9138	5.4487	15.3213	166080.4921	166080.7943	1.0000	1.0000	0.0937	0.1909
15wy04	5	30	1	0	1.0000	0.0000	-1.0000	0.1743	NaN	NaN	NaN	166082.9048	166083.3318	0.0000	1.0000	0.1014	0.1979
15wy04	5	30	1	0	2.0000	0.0000	1.0000	NaN	4.8948	3.7250	14.9611	166083.9766	166084.2814	1.0000	1.0000	0.1917	0.3037
15wy04	5	31	1	0	1.0000	0.0000	-1.0000	0.2174	NaN	NaN	NaN	166086.4609	166086.8577	0.0000	1.0000	0.2543	0.3359
15wy04	5	31	1	0	2.0000	0.0000	1.0000	NaN	4.8066	4.3132	14.1708	166087.6292	166087.9315	1.0000	1.0000	0.2533	0.3657
15wy04	5	32	1	0	1.0000	0.0000	-1.0000	0.1450	NaN	NaN	NaN	166090.6919	166091.0425	0.0000	1.0000	0.2295	0.3262
15wy04	5	32	1	0	2.0000	0.0000	1.0000	NaN	3.2515	3.6513	15.9246	166091.8034	166092.1059	1.0000	1.0000	0.0061	0.0959
15wy04	5	33	1	0	1.0000	0.0000	-1.0000	0.0634	NaN	NaN	NaN	166093.9974	166094.3519	0.0000	1.0000	0.1688	0.2494
15wy04	5	33	1	0	2.0000	0.0000	1.0000	NaN	7.1835	8.4820	16.2437	166095.0366	166095.3388	1.0000	1.0000	0.0623	0.1746
15wy04	5	34	1	0	1.0000	0.0000	-1.0000	0.0919	NaN	NaN	NaN	166097.3580	166097.7091	0.0000	1.0000	0.0924	0.1724
15wy04	5	34	1	0	2.0000	0.0000	1.0000	NaN	2.9004	2.1840	15.3309	166098.3161	166098.6183	1.0000	1.0000	0.0631	0.1910
15wy04	5	35	1	0	1.0000	0.0000	-1.0000	0.0581	NaN	NaN	NaN	166100.9553	166101.3071	0.0000	1.0000	0.2689	0.3505
15wy04	5	35	1	0	2.0000	0.0000	1.0000	NaN	0.3014	0.6897	14.8544	166102.0967	166102.3989	1.0000	1.0000	0.3943	0.5066
15wy04	5	36	1	0	1.0000	0.0000	1.0000	0.0701	NaN	NaN	NaN	166105.0252	166105.3753	1.0000	1.0000	0.2021	0.3141
15wy04	5	36	1	0	2.0000	0.0000	1.0000	NaN	4.9452	4.8393	13.4113	166106.1238	166106.4260	1.0000	1.0000	0.0472	0.1277
15wy04	5	37	1	0	1.0000	0.0000	1.0000	0.1574	NaN	NaN	NaN	166108.7733	166109.1251	1.0000	1.0000	0.1168	0.2285
15wy04	5	37	1	0	2.0000	0.0000	1.0000	NaN	3.5932	3.4890	15.5654	166109.7886	166110.0908	1.0000	1.0000	0.0939	0.1750
15wy04	5	38	1	0	1.0000	0.0000	-1.0000	0.1172	NaN	NaN	NaN	166112.5364	166112.8899	0.0000	1.0000	0.1741	0.2558
15wy04	5	38	1	0	2.0000	0.0000	1.0000	NaN	8.0056	7.4560	15.2636	166113.5803	166113.8825	1.0000	1.0000	0.0135	0.1113
15wy04	5	39	1	0	1.0000	0.0000	-1.0000	0.0938	NaN	NaN	NaN	166116.2383	166116.5896	1.0000	0.0000	0.1716	0.2832
15wy04	5	39	1	0	2.0000	0.0000	-1.0000	NaN	9.8145	-8.5505	15.6738	166117.3075	166117.6097	0.0000	1.0000	0.4307	0.5279
15wy04	5	40	1	0	1.0000	0.0000	1.0000	0.0352	NaN	NaN	NaN	166120.0071	166120.3579	1.0000	1.0000	0.1953	0.2919
15wy04	5	40	1	0	2.0000	0.0000	1.0000	NaN	6.7825	6.6276	15.3911	166121.0838	166121.3869	1.0000	1.0000	0.0943	0.1903
15wy04	5	41	1	0	1.0000	0.0000	1.0000	0.1417	NaN	NaN	NaN	166123.6218	166123.9726	1.0000	1.0000	0.2434	0.3250
15wy04	5	41	1	0	2.0000	0.0000	1.0000	NaN	3.1581	3.7519	14.2914	166124.7323	166125.0352	1.0000	1.0000	0.2688	0.3663
15wy04	5	42	1	0	1.0000	0.0000	-1.0000	0.0714	NaN	NaN	NaN	166127.6712	166128.0224	1.0000	0.0000	0.1616	0.2592
15wy04	5	42	1	0	2.0000	0.0000	-1.0000	NaN	8.5296	-7.1263	15.0506	166128.7164	166129.0199	0.0000	1.0000	0.2533	0.3498
15wy04	5	43	1	0	1.0000	0.0000	1.0000	0.2161	NaN	NaN	NaN	166131.6143	166132.0283	1.0000	1.0000	0.1883	0.2531
15wy04	5	43	1	0	2.0000	0.0000	1.0000	NaN	5.6172	6.2496	14.8461	166132.7250	166133.0291	1.0000	1.0000	0.1801	0.3080
15wy04	5	44	1	0	1.0000	0.0000	-1.0000	0.0388	NaN	NaN	NaN	166135.5860	166136.0087	1.0000	0.0000	0.1605	0.2886
15wy04	5	44	1	0	2.0000	0.0000	-1.0000	NaN	4.9314	-5.0609	15.0048	166136.7418	166137.0463	1.0000	0.0000	0.2108	0.3074
15wy04	5	45	1	0	1.0000	0.0000	1.0000	0.1292	NaN	NaN	NaN	166139.5996	166140.0119	1.0000	1.0000	0.0921	0.1735
15wy04	5	45	1	0	2.0000	0.0000	1.0000	NaN	6.5262	7.8031	15.7514	166140.6204	166140.9226	1.0000	1.0000	0.1254	0.2549
15wy04	5	46	1	0	1.0000	0.0000	1.0000	0.0311	NaN	NaN	NaN	166143.0970	166143.4537	1.0000	1.0000	0.2190	0.3311
15wy04	5	46	1	0	2.0000	0.0000	1.0000	NaN	2.8746	0.8997	14.6835	166144.2203	166144.5224	0.0000	0.0000	0.7656	0.8472
15wy04	5	47	1	0	1.0000	0.0000	1.0000	0.1619	NaN	NaN	NaN	166147.1813	166147.5368	1.0000	1.0000	0.3767	0.4564
15wy04	5	47	1	0	2.0000	0.0000	1.0000	NaN	0.5005	0.0476	14.5159	166148.4323	166148.7356	1.0000	1.0000	0.5525	0.6811
15wy04	5	48	1	0	1.0000	0.0000	-1.0000	0.0329	NaN	NaN	NaN	166151.2865	166151.6378	1.0000	0.0000	0.2262	0.3079
15wy04	5	48	1	0	2.0000	0.0000	-1.0000	NaN	7.6480	-9.3047	15.6642	166152.3798	166152.6821	0.0000	1.0000	0.1750	0.2711
15wy04	5	49	1	0	1.0000	0.0000	-1.0000	0.0609	NaN	NaN	NaN	166154.9227	166155.2729	1.0000	0.0000	0.3031	0.4485
15wy04	5	49	1	0	2.0000	0.0000	-1.0000	NaN	10.3461	-11.9103	15.6184	166156.1561	166156.4584	0.0000	1.0000	0.1593	0.2555
15wy04	5	50	1	0	1.0000	0.0000	1.0000	0.0066	NaN	NaN	NaN	166158.7347	166159.0875	1.0000	1.0000	0.6011	0.7780
15wy04	5	50	1	0	2.0000	0.0000	1.0000	NaN	9.2566	9.1680	14.5810	166160.3015	166160.6038	1.0000	1.0000	0.1724	0.3170
15wy04	6	1	1	0	1.0000	0.0000	-1.0000	0.0349	NaN	NaN	NaN	166165.0505	166165.4039	1.0000	0.0000	0.3647	0.4618
15wy04	6	1	1	0	2.0000	0.0000	-1.0000	NaN	10.2914	-10.7871	14.2166	166166.3018	166166.6041	0.0000	1.0000	0.1563	0.2533
15wy04	6	2	1	0	1.0000	0.0000	-1.0000	0.1730	NaN	NaN	NaN	166168.7023	166169.0537	1.0000	0.0000	0.3155	0.4122
15wy04	6	2	1	0	2.0000	0.0000	-1.0000	NaN	0.9836	-1.7100	16.2844	166169.9019	166170.2041	1.0000	0.0000	0.4439	0.5414
15wy04	6	3	1	0	1.0000	0.0000	1.0000	0.0180	NaN	NaN	NaN	166172.7837	166173.1369	1.0000	1.0000	0.1844	0.2806
15wy04	6	3	1	0	2.0000	0.0000	1.0000	NaN	6.3018	7.5667	14.3047	166173.8522	166174.1544	1.0000	1.0000	0.1097	0.2389
15wy04	6	4	1	0	1.0000	0.0000	-1.0000	0.0267	NaN	NaN	NaN	166176.5127	166176.9267	1.0000	0.0000	0.2988	0.4110
15wy04	6	4	1	0	2.0000	0.0000	-1.0000	NaN	10.1669	-10.4760	15.2001	166177.7732	166178.0755	0.0000	1.0000	0.1101	0.2062
15wy04	6	5	1	0	1.0000	0.0000	1.0000	0.0970	NaN	NaN	NaN	166180.2517	166180.6031	1.0000	1.0000	0.2690	0.3983
15wy04	6	5	1	0	2.0000	0.0000	1.0000	NaN	5.6146	4.7979	14.7165	166181.4359	166181.7381	1.0000	1.0000	0.1913	0.3356
15wy04	6	6	1	0	1.0000	0.0000	-1.0000	0.1261	NaN	NaN	NaN	166183.9933	166184.3474	1.0000	0.0000	0.3502	0.4783
15wy04	6	6	1	0	2.0000	0.0000	-1.0000	NaN	3.3155	-3.5266	14.4121	166185.2604	166185.5626	1.0000	0.0000	1.6144	1.7110
15wy04	6	7	1	0	1.0000	0.0000	1.0000	0.0746	NaN	NaN	NaN	166189.5149	166189.8693	1.0000	1.0000	0.3467	0.4603
15wy04	6	7	1	0	2.0000	0.0000	1.0000	NaN	1.8769	2.6265	13.1932	166190.7644	166191.0669	1.0000	1.0000	0.1251	0.2542
15wy04	6	8	1	0	1.0000	0.0000	-1.0000	0.0848	NaN	NaN	NaN	166193.1159	166193.4692	1.0000	0.0000	0.2835	0.3965
15wy04	6	8	1	0	2.0000	0.0000	-1.0000	NaN	7.0516	-9.1174	14.3839	166194.3009	166194.6031	0.0000	1.0000	0.1729	0.2541
15wy04	6	9	1	0	1.0000	0.0000	-1.0000	0.0817	NaN	NaN	NaN	166197.2268	166197.5801	1.0000	0.0000	0.1720	0.2851
15wy04	6	9	1	0	2.0000	0.0000	-1.0000	NaN	1.5446	-2.7137	14.5829	166198.3009	166198.6031	1.0000	0.0000	1.1170	1.2146
15wy04	6	10	1	0	1.0000	0.0000	1.0000	0.0639	NaN	NaN	NaN	166202.1791	166202.5341	1.0000	1.0000	0.3066	0.4188
15wy04	6	10	1	0	2.0000	0.0000	1.0000	NaN	9.3647	8.8365	14.9886	166203.3883	166203.6904	1.0000	1.0000	0.1749	0.2715
15wy04	6	11	1	0	1.0000	0.0000	1.0000	0.1002	NaN	NaN	NaN	166206.0565	166206.4132	1.0000	1.0000	0.1548	0.2514
15wy04	6	11	1	0	2.0000	0.0000	1.0000	NaN	6.0085	3.7967	15.1669	166207.1004	166207.4025	1.0000	1.0000	0.4135	0.5588
15wy04	6	12	1	0	1.0000	0.0000	1.0000	0.0757	NaN	NaN	NaN	166209.9070	166210.2631	1.0000	1.0000	0.2256	0.3387
15wy04	6	12	1	0	2.0000	0.0000	1.0000	NaN	10.3141	8.9471	13.9766	166211.0364	166211.3387	1.0000	1.0000	0.1429	0.2870
15wy04	6	13	1	0	1.0000	0.0000	-1.0000	0.0963	NaN	NaN	NaN	166213.8202	166214.1731	1.0000	0.0000	0.2198	0.3166
15wy04	6	13	1	0	2.0000	0.0000	-1.0000	NaN	9.8738	-10.9880	14.3976	166214.9243	166215.2265	0.0000	1.0000	0.2855	0.3988
15wy04	6	14	1	0	1.0000	0.0000	-1.0000	0.1764	NaN	NaN	NaN	166217.7949	166218.1502	1.0000	0.0000	0.1945	0.3067
15wy04	6	14	1	0	2.0000	0.0000	-1.0000	NaN	4.7676	-3.0307	14.9697	166218.8916	166219.1939	0.0000	1.0000	0.9102	1.0070
15wy04	6	15	1	0	1.0000	0.0000	-1.0000	0.1305	NaN	NaN	NaN	166222.3009	166222.7038	1.0000	0.0000	0.4570	0.5378
15wy04	6	15	1	0	2.0000	0.0000	-1.0000	NaN	8.1692	-9.0907	16.2596	166223.6762	166223.9785	0.0000	1.0000	1.4866	1.5672
15wy04	6	16	1	0	1.0000	0.0000	1.0000	0.1984	NaN	NaN	NaN	166227.6903	166228.0453	1.0000	1.0000	0.3628	0.4762
15wy04	6	16	1	0	2.0000	0.0000	1.0000	NaN	3.6237	2.0006	14.4598	166228.9568	166229.2590	1.0000	1.0000	0.1902	0.3017
15wy04	6	17	1	0	1.0000	0.0000	1.0000	0.0268	NaN	NaN	NaN	166231.9316	166232.2839	1.0000	1.0000	0.2841	0.4139
15wy04	6	17	1	0	2.0000	0.0000	1.0000	NaN	10.2444	10.8787	15.6674	166233.1326	166233.4349	1.0000	1.0000	0.1103	0.2389
15wy04	6	18	1	0	1.0000	0.0000	-1.0000	0.2223	NaN	NaN	NaN	166235.3934	166235.7492	1.0000	0.0000	0.3234	0.4204
15wy04	6	18	1	0	2.0000	0.0000	-1.0000	NaN	2.5851	-3.5840	15.3524	166236.6050	166236.9073	1.0000	0.0000	0.2528	0.3507
15wy04	6	19	1	0	1.0000	0.0000	-1.0000	0.1937	NaN	NaN	NaN	166238.9950	166239.3490	1.0000	0.0000	0.4367	0.5166
15wy04	6	19	1	0	2.0000	0.0000	-1.0000	NaN	7.1438	-4.4365	14.6003	166240.3003	166240.6026	1.0000	0.0000	0.1421	0.2227
15wy04	6	20	1	0	1.0000	0.0000	1.0000	0.0685	NaN	NaN	NaN	166242.7137	166243.0667	1.0000	1.0000	0.2545	0.3666
15wy04	6	20	1	0	2.0000	0.0000	1.0000	NaN	5.4759	5.5393	15.1861	166243.8679	166244.1701	1.0000	1.0000	0.1580	0.2876
15wy04	6	21	1	0	1.0000	0.0000	-1.0000	0.0657	NaN	NaN	NaN	166246.9773	166247.3319	1.0000	0.0000	0.2933	0.3899
15wy04	6	21	1	0	2.0000	0.0000	-1.0000	NaN	9.3706	-8.0709	15.8069	166248.1565	166248.4587	0.0000	1.0000	0.1574	0.2390
15wy04	6	22	1	0	1.0000	0.0000	-1.0000	0.0360	NaN	NaN	NaN	166250.9423	166251.2984	1.0000	0.0000	0.3590	0.4706
15wy04	6	22	1	0	2.0000	0.0000	-1.0000	NaN	7.9087	-7.8574	14.0720	166252.2047	166252.5069	0.0000	1.0000	0.1899	0.2869
15wy04	6	23	1	0	1.0000	0.0000	-1.0000	0.1907	NaN	NaN	NaN	166254.7396	166255.0939	0.0000	1.0000	0.3549	0.4358
15wy04	6	23	1	0	2.0000	0.0000	1.0000	NaN	9.0880	8.6880	15.1277	166255.9648	166256.2670	1.0000	1.0000	0.1100	0.2224
15wy04	6	24	1	0	1.0000	0.0000	1.0000	0.0223	NaN	NaN	NaN	166258.6090	166258.9647	1.0000	1.0000	0.1794	0.2922
15wy04	6	24	1	0	2.0000	0.0000	1.0000	NaN	6.5209	6.4931	17.1115	166259.6916	166259.9939	1.0000	1.0000	0.1262	0.2400
15wy04	6	25	1	0	1.0000	0.0000	-1.0000	0.1853	NaN	NaN	NaN	166262.5285	166262.8824	0.0000	1.0000	0.1497	0.2313
15wy04	6	25	1	0	2.0000	0.0000	1.0000	NaN	4.5054	2.8125	15.3360	166263.5484	166263.8506	1.0000	1.0000	0.0629	0.1586
15wy04	6	26	1	0	1.0000	0.0000	-1.0000	0.2017	NaN	NaN	NaN	166266.2801	166266.6884	0.0000	1.0000	0.2482	0.3611
15wy04	6	26	1	0	2.0000	0.0000	1.0000	NaN	7.8291	7.2358	15.3971	166267.4929	166267.7994	1.0000	1.0000	0.0062	0.1145
15wy04	6	27	1	0	1.0000	0.0000	-1.0000	0.1296	NaN	NaN	NaN	166270.2861	166270.7060	1.0000	0.0000	0.1838	0.3113
15wy04	6	27	1	0	2.0000	0.0000	-1.0000	NaN	2.6812	-2.8806	15.2460	166271.4641	166271.7690	0.0000	1.0000	0.1446	0.2088
15wy04	6	28	1	0	1.0000	0.0000	1.0000	0.0920	NaN	NaN	NaN	166274.2259	166274.6434	1.0000	1.0000	0.2127	0.3262
15wy04	6	28	1	0	2.0000	0.0000	1.0000	NaN	3.7400	3.8378	14.9344	166275.4046	166275.7068	1.0000	1.0000	0.0784	0.2070
15wy04	6	29	1	0	1.0000	0.0000	1.0000	0.1287	NaN	NaN	NaN	166277.8585	166278.2138	1.0000	1.0000	0.2589	0.3879
15wy04	6	29	1	0	2.0000	0.0000	1.0000	NaN	4.3128	4.2478	15.0423	166279.0375	166279.3396	1.0000	1.0000	0.1412	0.2381
15wy04	6	30	1	0	1.0000	0.0000	1.0000	0.1433	NaN	NaN	NaN	166281.5975	166281.9482	1.0000	1.0000	0.2850	0.3813
15wy04	6	30	1	0	2.0000	0.0000	1.0000	NaN	1.7641	1.5250	17.1422	166282.7643	166283.0666	1.0000	1.0000	0.2227	0.3191
15wy04	6	31	1	0	1.0000	0.0000	-1.0000	0.1034	NaN	NaN	NaN	166285.5803	166285.9317	0.0000	1.0000	0.2684	0.3980
15wy04	6	31	1	0	2.0000	0.0000	1.0000	NaN	9.0394	8.5287	14.0000	166286.7643	166287.0668	1.0000	1.0000	0.0061	0.1110
15wy04	6	32	1	0	1.0000	0.0000	-1.0000	0.1266	NaN	NaN	NaN	166289.4723	166289.8255	0.0000	1.0000	0.1026	0.2163
15wy04	6	32	1	0	2.0000	0.0000	1.0000	NaN	10.4886	10.2606	13.0716	166290.4773	166290.7795	1.0000	1.0000	0.0062	0.0778
15wy04	6	33	1	0	1.0000	0.0000	1.0000	0.1195	NaN	NaN	NaN	166292.8780	166293.2309	0.0000	0.0000	0.0583	0.1389
15wy04	6	33	1	0	2.0000	0.0000	-1.0000	NaN	5.8549	-4.8825	15.3465	166293.8038	166294.1061	1.0000	0.0000	0.0473	0.1756
15wy04	6	34	1	0	1.0000	0.0000	-1.0000	0.1613	NaN	NaN	NaN	166296.5985	166296.9492	0.0000	1.0000	0.2269	0.3077
15wy04	6	34	1	0	2.0000	0.0000	1.0000	NaN	3.9131	4.6992	14.4183	166297.6916	166297.9949	1.0000	1.0000	0.0061	0.0628
15wy04	6	35	1	0	1.0000	0.0000	1.0000	0.0944	NaN	NaN	NaN	166300.3774	166300.7305	1.0000	1.0000	0.2536	0.3512
15wy04	6	35	1	0	2.0000	0.0000	1.0000	NaN	1.4857	0.7723	13.6912	166301.5173	166301.8194	1.0000	1.0000	0.0127	0.1102
15wy04	6	36	1	0	1.0000	0.0000	1.0000	0.0604	NaN	NaN	NaN	166304.4491	166304.8013	1.0000	1.0000	0.1195	0.2002
15wy04	6	36	1	0	2.0000	0.0000	1.0000	NaN	10.7009	12.6218	15.0725	166305.4365	166305.7386	1.0000	1.0000	0.0467	0.1590
15wy04	6	37	1	0	1.0000	0.0000	-1.0000	0.0839	NaN	NaN	NaN	166308.0922	166308.4455	0.0000	1.0000	0.2506	0.3161
15wy04	6	37	1	0	2.0000	0.0000	1.0000	NaN	0.6035	1.4239	15.6303	166309.1964	166309.4986	1.0000	1.0000	0.0939	0.1749
15wy04	6	38	1	0	1.0000	0.0000	-1.0000	0.1274	NaN	NaN	NaN	166311.6195	166312.0367	0.0000	1.0000	0.1480	0.2284
15wy04	6	38	1	0	2.0000	0.0000	1.0000	NaN	1.2102	0.9273	13.8480	166312.7083	166313.0142	1.0000	1.0000	0.0061	0.0516
15wy04	6	39	1	0	1.0000	0.0000	1.0000	0.1564	NaN	NaN	NaN	166315.3633	166315.7833	1.0000	1.0000	0.0489	0.1621
15wy04	6	39	1	0	2.0000	0.0000	1.0000	NaN	7.1346	9.6365	16.0158	166316.3923	166316.6977	1.0000	1.0000	0.0627	0.1602
15wy04	6	40	1	0	1.0000	0.0000	1.0000	0.0942	NaN	NaN	NaN	166319.2558	166319.6463	1.0000	1.0000	0.2018	0.3151
15wy04	6	40	1	0	2.0000	0.0000	1.0000	NaN	2.2094	2.7789	13.3110	166320.3962	166320.6984	1.0000	1.0000	0.0937	0.2074
15wy04	6	41	1	0	1.0000	0.0000	-1.0000	0.0842	NaN	NaN	NaN	166322.8516	166323.2075	0.0000	1.0000	0.1621	0.2582
15wy04	6	41	1	0	2.0000	0.0000	1.0000	NaN	6.7719	5.8013	14.6803	166323.9014	166324.2034	1.0000	1.0000	0.0061	0.0305
15wy04	6	42	1	0	1.0000	0.0000	-1.0000	0.0936	NaN	NaN	NaN	166326.4534	166326.8073	0.0000	1.0000	0.2742	0.3544
15wy04	6	42	1	0	2.0000	0.0000	1.0000	NaN	6.6165	6.7042	14.4709	166327.5963	166327.8985	1.0000	1.0000	0.0776	0.2233
15wy04	6	43	1	0	1.0000	0.0000	1.0000	0.0838	NaN	NaN	NaN	166330.0922	166330.4458	0.0000	0.0000	0.2504	0.3311
15wy04	6	43	1	0	2.0000	0.0000	-1.0000	NaN	8.0948	-11.0084	15.2899	166331.2111	166331.5133	0.0000	1.0000	0.6068	0.6884
15wy04	6	44	1	0	1.0000	0.0000	-1.0000	0.1801	NaN	NaN	NaN	166334.5713	166334.9276	0.0000	1.0000	0.1372	0.2179
15wy04	6	44	1	0	2.0000	0.0000	1.0000	NaN	6.5037	5.9465	15.2256	166335.5802	166335.8825	1.0000	1.0000	0.0627	0.1594
15wy04	6	45	1	0	1.0000	0.0000	1.0000	0.1086	NaN	NaN	NaN	166337.8864	166338.2398	1.0000	1.0000	0.3939	0.5057
15wy04	6	45	1	0	2.0000	0.0000	1.0000	NaN	5.5486	4.0508	14.0986	166339.1801	166339.4824	1.0000	1.0000	0.1590	0.2391
15wy04	6	46	1	0	1.0000	0.0000	-1.0000	0.2147	NaN	NaN	NaN	166341.9170	166342.2732	0.0000	1.0000	0.1512	0.2162
15wy04	6	46	1	0	2.0000	0.0000	1.0000	NaN	6.2866	5.8938	15.4677	166342.9250	166343.2271	1.0000	1.0000	0.0061	0.0625
15wy04	6	47	1	0	1.0000	0.0000	-1.0000	0.0995	NaN	NaN	NaN	166345.4853	166345.8395	0.0000	1.0000	0.1539	0.2501
15wy04	6	47	1	0	2.0000	0.0000	1.0000	NaN	4.9886	2.6859	16.2398	166346.5258	166346.8279	1.0000	1.0000	0.0443	0.1572
15wy04	6	48	1	0	1.0000	0.0000	1.0000	0.0017	NaN	NaN	NaN	166349.3048	166349.6601	1.0000	1.0000	0.2040	0.3178
15wy04	6	48	1	0	2.0000	0.0000	1.0000	NaN	0.3317	0.7839	14.7847	166350.4119	166350.7140	1.0000	1.0000	0.0464	0.1438
15wy04	6	49	1	0	1.0000	0.0000	1.0000	0.0843	NaN	NaN	NaN	166352.7774	166353.1279	0.0000	0.0000	0.0974	0.1941
15wy04	6	49	1	0	2.0000	0.0000	-1.0000	NaN	2.0513	-0.9501	15.5563	166353.7576	166354.0599	1.0000	0.0000	0.2523	0.3499
15wy04	6	50	1	0	1.0000	0.0000	-1.0000	0.1653	NaN	NaN	NaN	166356.4968	166356.9178	0.0000	1.0000	0.1950	0.2919
15wy04	6	50	1	0	2.0000	0.0000	1.0000	NaN	7.7811	6.5426	14.7799	166357.6551	166357.9618	1.0000	1.0000	0.0061	0.0640
