31zt01	1	1	0	1	1.0000	1.0000	1.0000	NaN	7.9153	9.1605	15.0034	503297.4099	503297.7118	1.0000	1.0000	0.3038
31zt01	1	1	0	1	2.0000	1.0000	-1.0000	0.1424	NaN	NaN	NaN	503298.6620	503299.0028	0.0000	1.0000	0.5408
31zt01	1	2	0	1	1.0000	1.0000	1.0000	NaN	7.8689	8.7862	13.9941	503301.7719	503302.0736	1.0000	1.0000	0.3714
31zt01	1	2	0	1	2.0000	1.0000	1.0000	0.9115	NaN	NaN	NaN	503303.0451	503303.3723	0.0000	0.0000	0.6970
31zt01	1	3	0	1	1.0000	1.0000	1.0000	NaN	4.0100	3.7764	13.9117	503306.8429	503307.1439	1.0000	1.0000	0.4453
31zt01	1	3	0	1	2.0000	1.0000	-1.0000	0.8464	NaN	NaN	NaN	503308.2136	503308.5399	0.0000	1.0000	0.5390
31zt01	1	4	0	1	1.0000	1.0000	-1.0000	NaN	8.0140	-8.0635	14.9997	503311.5320	503311.8330	0.0000	1.0000	0.4600
31zt01	1	4	0	1	2.0000	1.0000	1.0000	0.2128	NaN	NaN	NaN	503312.8692	503313.1975	1.0000	1.0000	0.6887
31zt01	1	5	0	1	1.0000	1.0000	1.0000	NaN	4.5433	5.6530	15.6781	503316.4807	503316.7822	1.0000	1.0000	0.6470
31zt01	1	5	0	1	2.0000	1.0000	-1.0000	0.6121	NaN	NaN	NaN	503318.0374	503318.3659	0.0000	1.0000	0.6971
31zt01	1	6	0	1	1.0000	1.0000	1.0000	NaN	1.2676	2.1278	16.7414	503321.4178	503321.7188	1.0000	1.0000	0.4567
31zt01	1	6	0	1	2.0000	1.0000	-1.0000	0.3089	NaN	NaN	NaN	503322.7653	503323.0909	0.0000	1.0000	0.6288
31zt01	1	7	0	1	1.0000	1.0000	1.0000	NaN	6.5666	7.9320	14.1297	503325.7594	503326.0610	1.0000	1.0000	0.4576
31zt01	1	7	0	1	2.0000	1.0000	-1.0000	0.9113	NaN	NaN	NaN	503327.1009	503327.4391	0.0000	1.0000	0.6619
31zt01	1	8	0	1	1.0000	1.0000	-1.0000	NaN	3.8253	-3.5945	15.4498	503330.6878	503330.9921	1.0000	0.0000	0.4066
31zt01	1	8	0	1	2.0000	1.0000	1.0000	0.2818	NaN	NaN	NaN	503332.0144	503332.3405	0.0000	0.0000	0.6035
31zt01	1	9	0	1	1.0000	1.0000	-1.0000	NaN	3.6762	-0.5394	15.6184	503334.8634	503335.1645	0.0000	1.0000	0.7527
31zt01	1	9	0	1	2.0000	1.0000	-1.0000	0.4244	NaN	NaN	NaN	503336.4934	503336.8200	1.0000	0.0000	0.7130
31zt01	1	10	0	1	1.0000	1.0000	1.0000	NaN	9.8115	9.2237	13.4359	503339.7780	503340.0794	1.0000	1.0000	0.5897
31zt01	1	10	0	1	2.0000	1.0000	-1.0000	0.4852	NaN	NaN	NaN	503341.2620	503341.5902	0.0000	1.0000	0.7767
31zt01	1	11	0	1	1.0000	1.0000	1.0000	NaN	5.0814	4.2677	13.9927	503344.8040	503345.1051	0.0000	0.0000	0.5503
31zt01	1	11	0	1	2.0000	1.0000	-1.0000	0.7399	NaN	NaN	NaN	503346.2456	503346.5717	0.0000	1.0000	0.7949
31zt01	1	12	0	1	1.0000	1.0000	1.0000	NaN	1.3344	1.3499	16.0529	503349.4481	503349.7491	0.0000	0.0000	0.6102
31zt01	1	12	0	1	2.0000	1.0000	1.0000	0.3508	NaN	NaN	NaN	503350.9490	503351.2767	1.0000	1.0000	1.0323
31zt01	1	13	0	1	1.0000	1.0000	1.0000	NaN	7.2238	8.0302	16.2475	503354.8849	503355.1859	0.0000	0.0000	0.8774
31zt01	1	13	0	1	2.0000	1.0000	1.0000	0.1574	NaN	NaN	NaN	503356.6452	503356.9729	0.0000	0.0000	0.7944
31zt01	1	14	0	1	1.0000	1.0000	-1.0000	NaN	1.8439	-1.2881	14.5598	503360.1953	503360.4964	0.0000	1.0000	0.4875
31zt01	1	14	0	1	2.0000	1.0000	-1.0000	0.2531	NaN	NaN	NaN	503361.5648	503361.8916	0.0000	1.0000	0.8415
31zt01	1	15	0	1	1.0000	1.0000	-1.0000	NaN	3.1465	-3.7573	15.4025	503364.8121	503365.1130	0.0000	1.0000	0.9400
31zt01	1	15	0	1	2.0000	1.0000	-1.0000	0.5652	NaN	NaN	NaN	503366.6291	503366.9561	0.0000	1.0000	0.7132
31zt01	1	16	0	1	1.0000	1.0000	1.0000	NaN	0.8159	2.1671	15.2450	503370.2151	503370.5161	1.0000	1.0000	0.6909
31zt01	1	16	0	1	2.0000	1.0000	1.0000	0.6604	NaN	NaN	NaN	503371.8454	503372.1730	0.0000	0.0000	0.8746
31zt01	1	17	0	1	1.0000	1.0000	-1.0000	NaN	8.1567	-8.5889	14.4285	503375.5177	503375.8189	0.0000	1.0000	0.4182
31zt01	1	17	0	1	2.0000	1.0000	-1.0000	0.3186	NaN	NaN	NaN	503376.8294	503377.1575	1.0000	0.0000	0.7621
31zt01	1	18	0	1	1.0000	1.0000	1.0000	NaN	3.3231	3.2563	15.8870	503380.5223	503380.8234	1.0000	1.0000	0.5576
31zt01	1	18	0	1	2.0000	1.0000	-1.0000	0.0302	NaN	NaN	NaN	503382.0050	503382.3322	0.0000	1.0000	1.1610
31zt01	1	19	0	1	1.0000	1.0000	1.0000	NaN	7.1323	7.7006	15.3740	503385.6762	503385.9771	1.0000	1.0000	0.5081
31zt01	1	19	0	1	2.0000	1.0000	-1.0000	0.2477	NaN	NaN	NaN	503387.0930	503387.4200	0.0000	1.0000	0.9710
31zt01	1	20	0	1	1.0000	1.0000	-1.0000	NaN	7.0741	-7.0222	14.4871	503390.3928	503390.6940	0.0000	1.0000	0.5854
31zt01	1	20	0	1	2.0000	1.0000	1.0000	0.1146	NaN	NaN	NaN	503391.8461	503392.1729	0.0000	0.0000	1.5062
31zt01	1	21	0	1	1.0000	1.0000	-1.0000	NaN	11.2079	-9.7050	16.6123	503395.8983	503396.1994	0.0000	1.0000	0.2959
31zt01	1	21	0	1	2.0000	1.0000	1.0000	0.8067	NaN	NaN	NaN	503397.1011	503397.4291	1.0000	1.0000	1.4579
31zt01	1	22	0	1	1.0000	1.0000	1.0000	NaN	9.0152	11.6689	15.2458	503401.3374	503401.6388	1.0000	1.0000	0.5184
31zt01	1	22	0	1	2.0000	1.0000	-1.0000	0.2126	NaN	NaN	NaN	503402.7733	503403.1021	0.0000	1.0000	1.4071
31zt01	1	23	0	1	1.0000	1.0000	1.0000	NaN	11.4923	11.4610	15.4480	503407.0302	503407.3313	1.0000	1.0000	0.4499
31zt01	1	23	0	1	2.0000	1.0000	1.0000	0.6058	NaN	NaN	NaN	503408.3824	503408.7097	0.0000	0.0000	1.2736
31zt01	1	24	0	1	1.0000	1.0000	-1.0000	NaN	4.5787	-1.9770	14.8792	503412.2864	503412.5880	0.0000	1.0000	0.6410
31zt01	1	24	0	1	2.0000	1.0000	1.0000	0.4168	NaN	NaN	NaN	503413.8209	503414.1470	0.0000	0.0000	1.6592
31zt01	1	25	0	1	1.0000	1.0000	-1.0000	NaN	3.0968	-3.3180	14.3059	503418.2932	503418.5942	0.0000	1.0000	1.2129
31zt01	1	25	0	1	2.0000	1.0000	-1.0000	0.1056	NaN	NaN	NaN	503420.3898	503420.7165	0.0000	1.0000	1.7632
31zt01	1	26	0	1	1.0000	1.0000	-1.0000	NaN	9.9766	-10.0104	15.1938	503424.5328	503424.8340	0.0000	1.0000	0.4992
31zt01	1	26	0	1	2.0000	1.0000	1.0000	0.3714	NaN	NaN	NaN	503425.9253	503426.2526	0.0000	0.0000	1.2506
31zt01	1	27	0	1	1.0000	1.0000	-1.0000	NaN	3.7526	-3.6700	13.4086	503429.8219	503430.1229	0.0000	1.0000	0.8743
31zt01	1	27	0	1	2.0000	1.0000	1.0000	0.4040	NaN	NaN	NaN	503431.5808	503431.9081	1.0000	1.0000	0.8815
31zt01	1	28	0	1	1.0000	1.0000	1.0000	NaN	6.8259	4.6682	14.8169	503435.3660	503435.6670	1.0000	1.0000	0.6520
31zt01	1	28	0	1	2.0000	1.0000	-1.0000	0.1234	NaN	NaN	NaN	503436.9252	503437.2553	1.0000	0.0000	1.3823
31zt01	1	29	0	1	1.0000	1.0000	-1.0000	NaN	7.9961	-10.7016	13.3489	503441.2983	503441.5994	0.0000	1.0000	0.4558
31zt01	1	29	0	1	2.0000	1.0000	1.0000	0.6660	NaN	NaN	NaN	503442.6374	503442.9636	0.0000	0.0000	1.0255
31zt01	1	30	0	1	1.0000	1.0000	1.0000	NaN	5.8415	6.6013	14.2694	503446.5834	503446.8845	0.0000	0.0000	0.8822
31zt01	1	30	0	1	2.0000	1.0000	1.0000	0.7369	NaN	NaN	NaN	503448.3576	503448.6853	1.0000	1.0000	1.8239
31zt01	1	31	0	1	1.0000	1.0000	-1.0000	NaN	3.7346	-2.6658	16.2023	503452.6303	503452.9313	0.0000	1.0000	0.6498
31zt01	1	31	0	1	2.0000	1.0000	1.0000	0.7546	NaN	NaN	NaN	503454.1576	503454.4841	1.0000	1.0000	1.8999
31zt01	1	32	0	1	1.0000	1.0000	1.0000	NaN	5.7591	6.1804	13.6043	503458.5085	503458.8098	0.0000	0.0000	0.5632
31zt01	1	32	0	1	2.0000	1.0000	1.0000	0.4750	NaN	NaN	NaN	503459.9585	503460.2861	0.0000	0.0000	1.6014
31zt01	1	33	0	1	1.0000	1.0000	-1.0000	NaN	7.7558	-6.5580	16.3672	503464.0110	503464.3121	0.0000	1.0000	0.3753
31zt01	1	33	0	1	2.0000	1.0000	1.0000	0.4233	NaN	NaN	NaN	503465.2616	503465.5879	0.0000	0.0000	1.8814
31zt01	1	34	0	1	1.0000	1.0000	1.0000	NaN	6.5983	8.2786	14.8981	503469.7045	503470.0056	1.0000	1.0000	0.9193
31zt01	1	34	0	1	2.0000	1.0000	-1.0000	0.5507	NaN	NaN	NaN	503471.5346	503471.8671	0.0000	1.0000	1.1619
31zt01	1	35	0	1	1.0000	1.0000	1.0000	NaN	8.5804	10.5662	16.1210	503475.4646	503475.7656	1.0000	1.0000	0.6719
31zt01	1	35	0	1	2.0000	1.0000	1.0000	0.7401	NaN	NaN	NaN	503477.0291	503477.3563	0.0000	0.0000	1.0012
31zt01	1	36	0	1	1.0000	1.0000	-1.0000	NaN	11.3374	-8.6709	14.8913	503480.6939	503480.9950	0.0000	1.0000	0.2844
31zt01	1	36	0	1	2.0000	1.0000	1.0000	0.8576	NaN	NaN	NaN	503481.8622	503482.1895	1.0000	1.0000	0.6817
31zt01	1	37	0	1	1.0000	1.0000	1.0000	NaN	1.4280	3.6168	13.8424	503484.8374	503485.1385	0.0000	0.0000	1.0116
31zt01	1	37	0	1	2.0000	1.0000	-1.0000	0.1545	NaN	NaN	NaN	503486.7257	503487.0549	1.0000	0.0000	1.6489
31zt01	1	38	0	1	1.0000	1.0000	1.0000	NaN	1.5981	0.8067	15.2499	503490.9471	503491.2483	0.0000	0.0000	0.5826
31zt01	1	38	0	1	2.0000	1.0000	1.0000	0.0793	NaN	NaN	NaN	503492.3972	503492.7239	0.0000	0.0000	1.3534
31zt01	1	39	0	1	1.0000	1.0000	-1.0000	NaN	8.3889	-7.9955	13.8254	503496.3677	503496.6687	0.0000	1.0000	0.6508
31zt01	1	39	0	1	2.0000	1.0000	1.0000	0.4807	NaN	NaN	NaN	503497.8776	503498.2043	1.0000	1.0000	1.9368
31zt01	1	40	0	1	1.0000	1.0000	-1.0000	NaN	4.0526	-3.3499	15.3434	503502.1774	503502.4786	1.0000	0.0000	1.3293
31zt01	1	40	0	1	2.0000	1.0000	1.0000	0.4648	NaN	NaN	NaN	503504.4307	503504.7585	0.0000	0.0000	1.0066
31zt01	1	41	0	1	1.0000	1.0000	1.0000	NaN	4.8914	2.7918	14.8056	503507.9005	503508.2015	1.0000	1.0000	1.4437
31zt01	1	41	0	1	2.0000	1.0000	-1.0000	0.6217	NaN	NaN	NaN	503510.2694	503510.5979	0.0000	1.0000	0.8391
31zt01	1	42	0	1	1.0000	1.0000	1.0000	NaN	11.6471	11.6227	15.2525	503513.8396	503514.1406	1.0000	1.0000	0.4112
31zt01	1	42	0	1	2.0000	1.0000	1.0000	0.1497	NaN	NaN	NaN	503515.2206	503515.5478	0.0000	0.0000	0.7293
31zt01	1	43	0	1	1.0000	1.0000	-1.0000	NaN	6.7344	-8.8010	14.4502	503518.4211	503518.7221	0.0000	1.0000	0.4830
31zt01	1	43	0	1	2.0000	1.0000	-1.0000	0.0310	NaN	NaN	NaN	503519.7978	503520.1253	0.0000	1.0000	1.9599
31zt01	1	44	0	1	1.0000	1.0000	1.0000	NaN	7.7879	8.7646	15.0519	503524.1556	503524.4568	1.0000	1.0000	0.4614
31zt01	1	44	0	1	2.0000	1.0000	-1.0000	0.9243	NaN	NaN	NaN	503525.5253	503525.8515	0.0000	1.0000	0.4761
31zt01	1	45	0	1	1.0000	1.0000	-1.0000	NaN	9.8815	-9.3280	14.8525	503528.5374	503528.8384	0.0000	1.0000	0.2547
31zt01	1	45	0	1	2.0000	1.0000	1.0000	0.0923	NaN	NaN	NaN	503529.6613	503529.9876	0.0000	0.0000	0.8656
31zt01	1	46	0	1	1.0000	1.0000	1.0000	NaN	1.1845	1.1241	13.5678	503532.9239	503533.2250	1.0000	1.0000	0.9336
31zt01	1	46	0	1	2.0000	1.0000	1.0000	0.7564	NaN	NaN	NaN	503534.7495	503535.0777	0.0000	0.0000	1.6491
31zt01	1	47	0	1	1.0000	1.0000	1.0000	NaN	9.2989	9.0880	14.3196	503538.9038	503539.2048	1.0000	1.0000	0.4652
31zt01	1	47	0	1	2.0000	1.0000	-1.0000	0.0044	NaN	NaN	NaN	503540.2769	503540.6046	0.0000	1.0000	1.2502
31zt01	1	48	0	1	1.0000	1.0000	-1.0000	NaN	10.6381	-10.3322	15.4140	503543.9140	503544.2150	0.0000	1.0000	0.3342
31zt01	1	48	0	1	2.0000	1.0000	1.0000	0.2279	NaN	NaN	NaN	503545.1655	503545.4919	1.0000	1.0000	1.8574
31zt01	1	49	0	1	1.0000	1.0000	1.0000	NaN	2.4929	3.6812	15.1067	503549.6381	503549.9390	1.0000	1.0000	1.1060
31zt01	1	49	0	1	2.0000	1.0000	1.0000	0.5577	NaN	NaN	NaN	503551.6286	503551.9578	0.0000	0.0000	1.2874
31zt01	1	50	0	1	1.0000	1.0000	1.0000	NaN	11.7966	13.6274	15.0560	503555.4824	503555.7835	1.0000	1.0000	0.5496
31zt01	1	50	0	1	2.0000	1.0000	1.0000	0.3969	NaN	NaN	NaN	503556.9177	503557.2443	0.0000	0.0000	1.3610
31zt01	2	1	0	1	1.0000	1.0000	-1.0000	NaN	2.0060	-3.8396	12.8957	503564.7373	503565.0384	0.0000	1.0000	0.5037
31zt01	2	1	0	1	2.0000	1.0000	1.0000	0.9349	NaN	NaN	NaN	503566.1498	503566.4766	1.0000	1.0000	0.6406
31zt01	2	2	0	1	1.0000	1.0000	1.0000	NaN	6.2536	4.8770	15.1741	503569.4691	503569.7706	0.0000	0.0000	0.8766
31zt01	2	2	0	1	2.0000	1.0000	1.0000	0.5195	NaN	NaN	NaN	503571.2134	503571.5423	1.0000	1.0000	1.2069
31zt01	2	3	0	1	1.0000	1.0000	1.0000	NaN	6.0057	5.3360	16.0076	503574.9686	503575.2696	1.0000	1.0000	1.2574
31zt01	2	3	0	1	2.0000	1.0000	-1.0000	0.6771	NaN	NaN	NaN	503577.1414	503577.4668	0.0000	1.0000	0.6837
31zt01	2	4	0	1	1.0000	1.0000	-1.0000	NaN	11.4196	-9.4707	15.5897	503580.3915	503580.6925	0.0000	1.0000	0.4731
31zt01	2	4	0	1	2.0000	1.0000	1.0000	0.3225	NaN	NaN	NaN	503581.7578	503582.0842	0.0000	0.0000	1.5529
31zt01	2	5	0	1	1.0000	1.0000	1.0000	NaN	4.2087	3.1763	16.3424	503585.6978	503585.9989	1.0000	1.0000	0.5424
31zt01	2	5	0	1	2.0000	1.0000	1.0000	0.5062	NaN	NaN	NaN	503587.1734	503587.4996	0.0000	0.0000	1.9163
31zt01	2	6	0	1	1.0000	1.0000	-1.0000	NaN	5.0746	-4.0529	14.1162	503591.8788	503592.1799	0.0000	1.0000	0.5794
31zt01	2	6	0	1	2.0000	1.0000	1.0000	0.1698	NaN	NaN	NaN	503593.3499	503593.6764	1.0000	1.0000	1.0426
31zt01	2	7	0	1	1.0000	1.0000	-1.0000	NaN	9.6008	-12.1630	15.4265	503597.0869	503597.3878	0.0000	1.0000	0.2837
31zt01	2	7	0	1	2.0000	1.0000	-1.0000	0.2469	NaN	NaN	NaN	503598.2528	503598.5800	1.0000	0.0000	1.2812
31zt01	2	8	0	1	1.0000	1.0000	1.0000	NaN	5.1887	5.6043	14.1218	503602.0059	503602.3070	1.0000	1.0000	1.0582
31zt01	2	8	0	1	2.0000	1.0000	-1.0000	0.4311	NaN	NaN	NaN	503603.9818	503604.3083	0.0000	1.0000	0.7956
31zt01	2	9	0	1	1.0000	1.0000	1.0000	NaN	1.5238	1.0435	16.3114	503607.2372	503607.5382	1.0000	1.0000	0.6753
31zt01	2	9	0	1	2.0000	1.0000	-1.0000	0.8605	NaN	NaN	NaN	503608.8379	503609.1649	0.0000	1.0000	0.6991
31zt01	2	10	0	1	1.0000	1.0000	-1.0000	NaN	7.3925	-7.9248	14.2338	503612.0379	503612.3389	0.0000	1.0000	0.2902
31zt01	2	10	0	1	2.0000	1.0000	1.0000	0.2385	NaN	NaN	NaN	503613.2219	503613.5480	1.0000	1.0000	2.4995
31zt01	2	11	0	1	1.0000	1.0000	1.0000	NaN	7.8823	7.3318	14.8574	503618.3737	503618.6748	1.0000	1.0000	0.4744
31zt01	2	11	0	1	2.0000	1.0000	-1.0000	0.3960	NaN	NaN	NaN	503619.7892	503620.1160	0.0000	1.0000	0.6598
31zt01	2	12	0	1	1.0000	1.0000	-1.0000	NaN	11.7797	-11.1174	14.7322	503622.9102	503623.2113	0.0000	1.0000	0.7219
31zt01	2	12	0	1	2.0000	1.0000	-1.0000	0.4377	NaN	NaN	NaN	503624.5410	503624.8672	0.0000	1.0000	1.4737
31zt01	2	13	0	1	1.0000	1.0000	-1.0000	NaN	9.8106	-8.2798	15.1714	503628.2950	503628.5960	0.0000	1.0000	0.2038
31zt01	2	13	0	1	2.0000	1.0000	-1.0000	0.7772	NaN	NaN	NaN	503629.3730	503629.7016	0.0000	1.0000	0.9434
31zt01	2	14	0	1	1.0000	1.0000	1.0000	NaN	7.4120	8.4065	15.5561	503632.7823	503633.0837	1.0000	1.0000	0.3793
31zt01	2	14	0	1	2.0000	1.0000	1.0000	0.5794	NaN	NaN	NaN	503634.0610	503634.3884	0.0000	0.0000	0.7392
31zt01	2	15	0	1	1.0000	1.0000	1.0000	NaN	6.6019	7.2260	15.2251	503637.8571	503638.1581	1.0000	1.0000	0.7352
31zt01	2	15	0	1	2.0000	1.0000	-1.0000	0.8321	NaN	NaN	NaN	503639.4857	503639.8114	0.0000	1.0000	0.5163
31zt01	2	16	0	1	1.0000	1.0000	1.0000	NaN	1.0059	0.8533	14.4097	503642.6192	503642.9202	0.0000	0.0000	0.2769
31zt01	2	16	0	1	2.0000	1.0000	1.0000	0.4280	NaN	NaN	NaN	503643.7657	503644.0923	1.0000	1.0000	1.4352
31zt01	2	17	0	1	1.0000	1.0000	-1.0000	NaN	1.8285	-1.1574	14.6596	503648.1422	503648.4432	0.0000	1.0000	0.4422
31zt01	2	17	0	1	2.0000	1.0000	1.0000	0.8677	NaN	NaN	NaN	503649.4856	503649.8138	1.0000	1.0000	0.7700
31zt01	2	18	0	1	1.0000	1.0000	1.0000	NaN	1.1705	1.9535	14.8358	503653.0922	503653.3933	0.0000	0.0000	0.6625
31zt01	2	18	0	1	2.0000	1.0000	-1.0000	0.6007	NaN	NaN	NaN	503654.6453	503654.9712	0.0000	1.0000	0.6359
31zt01	2	19	0	1	1.0000	1.0000	-1.0000	NaN	10.9888	-10.7385	16.4672	503658.3344	503658.6354	0.0000	1.0000	0.2818
31zt01	2	19	0	1	2.0000	1.0000	-1.0000	0.4007	NaN	NaN	NaN	503659.5088	503659.8365	0.0000	1.0000	1.5446
31zt01	2	20	0	1	1.0000	1.0000	-1.0000	NaN	2.0542	-4.2104	15.4417	503663.6509	503663.9523	0.0000	1.0000	0.2049
31zt01	2	20	0	1	2.0000	1.0000	-1.0000	0.6227	NaN	NaN	NaN	503664.7418	503665.0675	1.0000	0.0000	1.5537
31zt01	2	21	0	1	1.0000	1.0000	1.0000	NaN	6.9025	6.0190	14.4054	503668.8000	503669.1011	1.0000	1.0000	0.5786
31zt01	2	21	0	1	2.0000	1.0000	1.0000	0.9083	NaN	NaN	NaN	503670.3170	503670.6469	1.0000	1.0000	0.6969
31zt01	2	22	0	1	1.0000	1.0000	1.0000	NaN	5.5062	4.2439	15.8219	503673.4183	503673.7193	0.0000	0.0000	0.4782
31zt01	2	22	0	1	2.0000	1.0000	1.0000	0.2254	NaN	NaN	NaN	503674.7655	503675.0926	0.0000	0.0000	1.0582
31zt01	2	23	0	1	1.0000	1.0000	-1.0000	NaN	3.4688	-2.3501	15.6045	503678.6083	503678.9094	0.0000	1.0000	0.4901
31zt01	2	23	0	1	2.0000	1.0000	-1.0000	0.6423	NaN	NaN	NaN	503679.9662	503680.2942	0.0000	1.0000	0.8095
31zt01	2	24	0	1	1.0000	1.0000	-1.0000	NaN	6.2166	-6.1216	15.2287	503683.0969	503683.3980	0.0000	1.0000	0.5453
31zt01	2	24	0	1	2.0000	1.0000	-1.0000	0.8316	NaN	NaN	NaN	503684.5014	503684.8279	0.0000	1.0000	0.6970
31zt01	2	25	0	1	1.0000	1.0000	-1.0000	NaN	11.7920	-12.2015	15.8956	503688.0617	503688.3628	0.0000	1.0000	0.2527
31zt01	2	25	0	1	2.0000	1.0000	1.0000	0.7832	NaN	NaN	NaN	503689.1732	503689.4996	1.0000	1.0000	0.9238
31zt01	2	26	0	1	1.0000	1.0000	1.0000	NaN	10.6220	10.2541	16.1180	503692.9906	503693.2916	1.0000	1.0000	0.4105
31zt01	2	26	0	1	2.0000	1.0000	1.0000	0.0359	NaN	NaN	NaN	503694.3014	503694.6287	0.0000	0.0000	0.8804
31zt01	2	27	0	1	1.0000	1.0000	1.0000	NaN	4.4218	4.7604	14.9713	503698.0889	503698.3900	1.0000	1.0000	0.3833
31zt01	2	27	0	1	2.0000	1.0000	-1.0000	0.1743	NaN	NaN	NaN	503699.3736	503699.6991	0.0000	1.0000	1.1565
31zt01	2	28	0	1	1.0000	1.0000	-1.0000	NaN	1.0262	-2.7919	15.0835	503703.2023	503703.5034	0.0000	1.0000	0.4858
31zt01	2	28	0	1	2.0000	1.0000	-1.0000	0.4825	NaN	NaN	NaN	503704.5655	503704.8925	0.0000	1.0000	0.8087
31zt01	2	29	0	1	1.0000	1.0000	-1.0000	NaN	0.3506	-1.1422	14.9618	503708.1056	503708.4066	0.0000	1.0000	1.0785
31zt01	2	29	0	1	2.0000	1.0000	1.0000	0.7610	NaN	NaN	NaN	503710.0619	503710.3900	1.0000	1.0000	0.8118
31zt01	2	30	0	1	1.0000	1.0000	1.0000	NaN	11.6238	11.8788	14.1516	503713.7908	503714.0918	1.0000	1.0000	0.4348
31zt01	2	30	0	1	2.0000	1.0000	1.0000	0.6824	NaN	NaN	NaN	503715.1494	503715.4757	1.0000	1.0000	0.8655
31zt01	2	31	0	1	1.0000	1.0000	-1.0000	NaN	1.4798	-2.7952	13.7617	503718.7790	503719.0800	0.0000	1.0000	0.7830
31zt01	2	31	0	1	2.0000	1.0000	1.0000	0.2279	NaN	NaN	NaN	503720.4534	503720.7803	0.0000	0.0000	1.3794
31zt01	2	32	0	1	1.0000	1.0000	1.0000	NaN	6.5641	5.7056	14.2700	503724.8636	503725.1647	1.0000	1.0000	0.6724
31zt01	2	32	0	1	2.0000	1.0000	1.0000	0.4284	NaN	NaN	NaN	503726.4610	503726.7879	0.0000	0.0000	2.0491
31zt01	2	33	0	1	1.0000	1.0000	1.0000	NaN	0.5163	1.9052	15.8584	503730.8125	503731.1135	0.0000	0.0000	0.8219
31zt01	2	33	0	1	2.0000	1.0000	1.0000	0.0146	NaN	NaN	NaN	503732.5331	503732.8601	1.0000	1.0000	1.1134
31zt01	2	34	0	1	1.0000	1.0000	-1.0000	NaN	4.1998	-3.2548	15.4288	503736.4619	503736.7630	0.0000	1.0000	0.3701
31zt01	2	34	0	1	2.0000	1.0000	1.0000	0.8828	NaN	NaN	NaN	503737.7334	503738.0617	1.0000	1.0000	1.7436
31zt01	2	35	0	1	1.0000	1.0000	1.0000	NaN	7.2260	9.8447	13.7367	503742.0083	503742.3094	1.0000	1.0000	0.5847
31zt01	2	35	0	1	2.0000	1.0000	-1.0000	0.0064	NaN	NaN	NaN	503743.5493	503743.8767	0.0000	1.0000	0.7625
31zt01	2	36	0	1	1.0000	1.0000	-1.0000	NaN	3.0901	-3.2642	15.1442	503747.3477	503747.6489	0.0000	1.0000	0.5670
31zt01	2	36	0	1	2.0000	1.0000	-1.0000	0.1418	NaN	NaN	NaN	503748.7742	503749.1012	0.0000	1.0000	1.2653
31zt01	2	37	0	1	1.0000	1.0000	-1.0000	NaN	4.8217	-4.1738	14.9973	503752.7285	503753.0295	0.0000	1.0000	0.4162
31zt01	2	37	0	1	2.0000	1.0000	1.0000	0.4876	NaN	NaN	NaN	503754.0139	503754.3401	1.0000	1.0000	1.7210
31zt01	2	38	0	1	1.0000	1.0000	-1.0000	NaN	1.2811	-0.6616	15.2454	503758.3136	503758.6146	0.0000	1.0000	0.9211
31zt01	2	38	0	1	2.0000	1.0000	-1.0000	0.6852	NaN	NaN	NaN	503760.1091	503760.4359	0.0000	1.0000	0.5789
31zt01	2	39	0	1	1.0000	1.0000	-1.0000	NaN	10.5558	-12.6608	14.0897	503763.4996	503763.8007	0.0000	1.0000	0.2467
31zt01	2	39	0	1	2.0000	1.0000	-1.0000	0.8610	NaN	NaN	NaN	503764.6374	503764.9650	0.0000	1.0000	0.4988
31zt01	2	40	0	1	1.0000	1.0000	-1.0000	NaN	8.2706	-9.1537	15.7597	503767.8647	503768.1657	0.0000	1.0000	0.2083
31zt01	2	40	0	1	2.0000	1.0000	-1.0000	0.6214	NaN	NaN	NaN	503768.9574	503769.2836	0.0000	1.0000	0.6120
31zt01	2	41	0	1	1.0000	1.0000	1.0000	NaN	11.4027	10.4781	16.6700	503772.2797	503772.5807	1.0000	1.0000	0.4424
31zt01	2	41	0	1	2.0000	1.0000	1.0000	0.3012	NaN	NaN	NaN	503773.6621	503773.9893	0.0000	0.0000	1.1518
31zt01	2	42	0	1	1.0000	1.0000	-1.0000	NaN	7.4647	-7.5290	15.8308	503777.4590	503777.7600	0.0000	1.0000	0.1970
31zt01	2	42	0	1	2.0000	1.0000	-1.0000	0.8104	NaN	NaN	NaN	503778.5330	503778.8625	0.0000	1.0000	1.5764
31zt01	2	43	0	1	1.0000	1.0000	1.0000	NaN	2.7111	1.2898	14.0629	503782.9984	503783.2995	0.0000	0.0000	0.6659
31zt01	2	43	0	1	2.0000	1.0000	1.0000	0.1850	NaN	NaN	NaN	503784.5572	503784.8842	1.0000	1.0000	1.5770
31zt01	2	44	0	1	1.0000	1.0000	-1.0000	NaN	0.9103	-0.2434	14.5036	503788.7058	503789.0070	1.0000	0.0000	0.4702
31zt01	2	44	0	1	2.0000	1.0000	1.0000	0.5394	NaN	NaN	NaN	503790.1253	503790.4513	1.0000	1.0000	1.7964
31zt01	2	45	0	1	1.0000	1.0000	-1.0000	NaN	4.2379	-3.7013	14.8304	503795.0152	503795.3162	0.0000	1.0000	0.1633
31zt01	2	45	0	1	2.0000	1.0000	1.0000	0.2230	NaN	NaN	NaN	503796.0844	503796.4132	0.0000	0.0000	1.5542
31zt01	2	46	0	1	1.0000	1.0000	-1.0000	NaN	9.9699	-12.5782	14.2867	503800.3593	503800.6604	0.0000	1.0000	0.2886
31zt01	2	46	0	1	2.0000	1.0000	1.0000	0.3341	NaN	NaN	NaN	503801.5581	503801.8848	0.0000	0.0000	2.6022
31zt01	2	47	0	1	1.0000	1.0000	-1.0000	NaN	1.5837	-1.9392	14.9133	503806.7886	503807.0896	0.0000	1.0000	1.0440
31zt01	2	47	0	1	2.0000	1.0000	-1.0000	0.0916	NaN	NaN	NaN	503808.7012	503809.0275	1.0000	0.0000	1.3715
31zt01	2	48	0	1	1.0000	1.0000	-1.0000	NaN	8.7807	-8.1779	13.9072	503812.4762	503812.7771	0.0000	1.0000	0.2360
31zt01	2	48	0	1	2.0000	1.0000	1.0000	0.6167	NaN	NaN	NaN	503813.5818	503813.9091	0.0000	0.0000	3.1041
31zt01	2	49	0	1	1.0000	1.0000	1.0000	NaN	11.0063	14.2952	15.2181	503819.3253	503819.6263	1.0000	1.0000	0.4670
31zt01	2	49	0	1	2.0000	1.0000	1.0000	0.5222	NaN	NaN	NaN	503820.7499	503821.0760	1.0000	1.0000	2.3372
31zt01	2	50	0	1	1.0000	1.0000	1.0000	NaN	11.9536	10.7489	16.4074	503825.3428	503825.6438	0.0000	0.0000	0.6195
31zt01	2	50	0	1	2.0000	1.0000	-1.0000	0.5114	NaN	NaN	NaN	503826.8206	503827.1475	0.0000	1.0000	1.4596
31zt01	3	1	0	1	1.0000	1.0000	1.0000	NaN	1.0132	0.6551	15.9471	503834.7051	503835.0061	1.0000	1.0000	1.3134
31zt01	3	1	0	1	2.0000	1.0000	-1.0000	0.8253	NaN	NaN	NaN	503836.9499	503837.2761	0.0000	1.0000	0.3611
31zt01	3	2	0	1	1.0000	1.0000	1.0000	NaN	2.2852	1.4701	15.5282	503839.9223	503840.2233	0.0000	0.0000	0.2565
31zt01	3	2	0	1	2.0000	1.0000	1.0000	0.6357	NaN	NaN	NaN	503841.0370	503841.3638	1.0000	1.0000	1.5142
31zt01	3	3	0	1	1.0000	1.0000	-1.0000	NaN	7.4887	-8.5611	13.1753	503845.4260	503845.7269	0.0000	1.0000	0.2084
31zt01	3	3	0	1	2.0000	1.0000	-1.0000	0.4645	NaN	NaN	NaN	503846.5017	503846.8281	0.0000	1.0000	0.8730
31zt01	3	4	0	1	1.0000	1.0000	-1.0000	NaN	6.3257	-5.6815	13.9015	503849.7628	503850.0642	0.0000	1.0000	0.4130
31zt01	3	4	0	1	2.0000	1.0000	-1.0000	0.4181	NaN	NaN	NaN	503851.0374	503851.3637	0.0000	1.0000	0.7054
31zt01	3	5	0	1	1.0000	1.0000	-1.0000	NaN	9.0447	-8.3485	14.5860	503854.3899	503854.6909	0.0000	1.0000	0.2051
31zt01	3	5	0	1	2.0000	1.0000	-1.0000	0.7193	NaN	NaN	NaN	503855.4855	503855.8125	0.0000	1.0000	0.6191
31zt01	3	6	0	1	1.0000	1.0000	1.0000	NaN	9.7714	11.1374	14.0236	503858.5488	503858.8499	1.0000	1.0000	0.5020
31zt01	3	6	0	1	2.0000	1.0000	-1.0000	0.2416	NaN	NaN	NaN	503859.9897	503860.3171	0.0000	1.0000	0.9784
31zt01	3	7	0	1	1.0000	1.0000	-1.0000	NaN	8.1837	-8.8276	14.7204	503863.3625	503863.6635	0.0000	1.0000	0.2400
31zt01	3	7	0	1	2.0000	1.0000	-1.0000	0.0566	NaN	NaN	NaN	503864.4934	503864.8201	0.0000	1.0000	1.6731
31zt01	3	8	0	1	1.0000	1.0000	1.0000	NaN	6.9207	8.4816	14.0491	503868.4383	503868.7397	1.0000	1.0000	0.3153
31zt01	3	8	0	1	2.0000	1.0000	-1.0000	0.7652	NaN	NaN	NaN	503869.6614	503869.9886	0.0000	1.0000	0.2836
31zt01	3	9	0	1	1.0000	1.0000	1.0000	NaN	2.6610	0.7463	15.5539	503872.7313	503873.0324	1.0000	1.0000	0.3907
31zt01	3	9	0	1	2.0000	1.0000	1.0000	0.6757	NaN	NaN	NaN	503874.0528	503874.3798	0.0000	0.0000	1.6893
31zt01	3	10	0	1	1.0000	1.0000	-1.0000	NaN	6.2598	-7.9901	16.2200	503878.0398	503878.3408	0.0000	1.0000	0.2588
31zt01	3	10	0	1	2.0000	1.0000	1.0000	0.0679	NaN	NaN	NaN	503879.1905	503879.5173	0.0000	0.0000	0.9118
31zt01	3	11	0	1	1.0000	1.0000	-1.0000	NaN	4.0455	-4.1376	15.3044	503883.0302	503883.3313	0.0000	1.0000	0.6365
31zt01	3	11	0	1	2.0000	1.0000	1.0000	0.0113	NaN	NaN	NaN	503884.5652	503884.8920	0.0000	0.0000	1.5771
31zt01	3	12	0	1	1.0000	1.0000	-1.0000	NaN	2.2675	-1.7923	15.8308	503888.9637	503889.2648	0.0000	1.0000	0.5034
31zt01	3	12	0	1	2.0000	1.0000	-1.0000	0.7075	NaN	NaN	NaN	503890.3338	503890.6614	0.0000	1.0000	0.6341
31zt01	3	13	0	1	1.0000	1.0000	1.0000	NaN	8.9176	10.5366	14.4217	503893.9557	503894.2567	1.0000	1.0000	0.5430
31zt01	3	13	0	1	2.0000	1.0000	-1.0000	0.7199	NaN	NaN	NaN	503895.4140	503895.7405	0.0000	1.0000	0.4511
31zt01	3	14	0	1	1.0000	1.0000	-1.0000	NaN	2.0151	-2.0160	15.4807	503898.3075	503898.6087	0.0000	1.0000	1.1349
31zt01	3	14	0	1	2.0000	1.0000	1.0000	0.4654	NaN	NaN	NaN	503900.3172	503900.6430	0.0000	0.0000	0.7724
31zt01	3	15	0	1	1.0000	1.0000	1.0000	NaN	2.2425	2.8432	14.0126	503903.5403	503903.8416	1.0000	1.0000	0.6543
31zt01	3	15	0	1	2.0000	1.0000	1.0000	0.7554	NaN	NaN	NaN	503905.1184	503905.4499	0.0000	0.0000	1.7337
31zt01	3	16	0	1	1.0000	1.0000	1.0000	NaN	4.4092	5.9546	15.1596	503909.9097	503910.2110	1.0000	1.0000	0.6111
31zt01	3	16	0	1	2.0000	1.0000	1.0000	0.3757	NaN	NaN	NaN	503911.4374	503911.7634	0.0000	0.0000	1.5471
31zt01	3	17	0	1	1.0000	1.0000	-1.0000	NaN	5.6511	-5.9008	15.2152	503915.6997	503916.0010	0.0000	1.0000	0.2713
31zt01	3	17	0	1	2.0000	1.0000	-1.0000	0.5686	NaN	NaN	NaN	503916.8537	503917.1814	1.0000	0.0000	1.5773
31zt01	3	18	0	1	1.0000	1.0000	1.0000	NaN	0.3665	1.2951	14.6557	503921.0502	503921.3513	0.0000	0.0000	0.1995
31zt01	3	18	0	1	2.0000	1.0000	-1.0000	0.1879	NaN	NaN	NaN	503922.1335	503922.4614	0.0000	1.0000	1.2580
31zt01	3	19	0	1	1.0000	1.0000	-1.0000	NaN	6.5745	-5.6929	13.7953	503926.4293	503926.7304	0.0000	1.0000	1.9067
31zt01	3	19	0	1	2.0000	1.0000	-1.0000	0.4017	NaN	NaN	NaN	503929.2376	503929.5650	0.0000	1.0000	1.3759
31zt01	3	20	0	1	1.0000	1.0000	-1.0000	NaN	2.7659	-3.8784	14.1165	503933.0436	503933.3450	0.0000	1.0000	1.1106
31zt01	3	20	0	1	2.0000	1.0000	1.0000	0.4474	NaN	NaN	NaN	503935.0447	503935.3707	0.0000	0.0000	1.7092
31zt01	3	21	0	1	1.0000	1.0000	-1.0000	NaN	4.0846	-4.8768	15.1425	503939.0906	503939.3916	0.0000	1.0000	0.4616
31zt01	3	21	0	1	2.0000	1.0000	-1.0000	0.9118	NaN	NaN	NaN	503940.4214	503940.7474	0.0000	1.0000	0.4751
31zt01	3	22	0	1	1.0000	1.0000	-1.0000	NaN	5.1390	-5.8428	13.9593	503943.6481	503943.9491	0.0000	1.0000	0.5796
31zt01	3	22	0	1	2.0000	1.0000	1.0000	0.1814	NaN	NaN	NaN	503945.1101	503945.4373	1.0000	1.0000	2.7759
31zt01	3	23	0	1	1.0000	1.0000	-1.0000	NaN	2.3774	-4.8655	15.3890	503950.3903	503950.6914	0.0000	1.0000	0.7217
31zt01	3	23	0	1	2.0000	1.0000	-1.0000	0.3538	NaN	NaN	NaN	503952.0214	503952.3481	0.0000	1.0000	1.7145
31zt01	3	24	0	1	1.0000	1.0000	-1.0000	NaN	11.4901	-12.2050	15.2883	503956.6440	503956.9451	0.0000	1.0000	0.6135
31zt01	3	24	0	1	2.0000	1.0000	1.0000	0.5195	NaN	NaN	NaN	503958.1733	503958.5012	0.0000	0.0000	2.1360
31zt01	3	25	0	1	1.0000	1.0000	-1.0000	NaN	1.2798	-0.4758	13.9726	503963.2376	503963.5386	1.0000	0.0000	1.8126
31zt01	3	25	0	1	2.0000	1.0000	-1.0000	0.4205	NaN	NaN	NaN	503965.9341	503966.2619	1.0000	0.0000	2.3457
31zt01	3	26	0	1	1.0000	1.0000	-1.0000	NaN	5.2284	-5.5074	15.2320	503970.9179	503971.2192	0.0000	1.0000	0.2980
31zt01	3	26	0	1	2.0000	1.0000	-1.0000	0.2163	NaN	NaN	NaN	503972.0943	503972.4202	0.0000	1.0000	1.0330
31zt01	3	27	0	1	1.0000	1.0000	1.0000	NaN	9.6034	8.7813	15.7205	503976.1324	503976.4335	1.0000	1.0000	0.8438
31zt01	3	27	0	1	2.0000	1.0000	-1.0000	0.4611	NaN	NaN	NaN	503977.8457	503978.1725	0.0000	1.0000	1.0353
31zt01	3	28	0	1	1.0000	1.0000	-1.0000	NaN	3.8352	-2.7282	15.0894	503981.4574	503981.7585	0.0000	1.0000	0.6069
31zt01	3	28	0	1	2.0000	1.0000	-1.0000	0.0654	NaN	NaN	NaN	503982.9580	503983.2844	0.0000	1.0000	1.2512
31zt01	3	29	0	1	1.0000	1.0000	1.0000	NaN	7.9983	9.9811	14.5340	503986.9966	503987.2976	1.0000	1.0000	0.5477
31zt01	3	29	0	1	2.0000	1.0000	1.0000	0.6632	NaN	NaN	NaN	503988.4533	503988.7794	0.0000	0.0000	1.5079
31zt01	3	30	0	1	1.0000	1.0000	1.0000	NaN	8.8543	9.7765	15.4859	503992.6612	503992.9627	1.0000	1.0000	0.4185
31zt01	3	30	0	1	2.0000	1.0000	1.0000	0.0500	NaN	NaN	NaN	503993.9738	503994.3017	0.0000	0.0000	0.9862
31zt01	3	31	0	1	1.0000	1.0000	1.0000	NaN	4.7911	3.6262	15.4272	503997.8956	503998.1966	1.0000	1.0000	1.6669
31zt01	3	31	0	1	2.0000	1.0000	1.0000	0.0574	NaN	NaN	NaN	504000.4780	504000.8045	0.0000	0.0000	1.4345
31zt01	3	32	0	1	1.0000	1.0000	1.0000	NaN	7.6624	7.0240	13.9196	504004.6820	504004.9831	1.0000	1.0000	0.5206
31zt01	3	32	0	1	2.0000	1.0000	-1.0000	0.6649	NaN	NaN	NaN	504006.1007	504006.4268	0.0000	1.0000	0.6602
31zt01	3	33	0	1	1.0000	1.0000	-1.0000	NaN	1.6328	-2.9427	14.9039	504009.3306	504009.6317	0.0000	1.0000	1.2695
31zt01	3	33	0	1	2.0000	1.0000	1.0000	0.1383	NaN	NaN	NaN	504011.4779	504011.8062	0.0000	0.0000	1.0316
31zt01	3	34	0	1	1.0000	1.0000	-1.0000	NaN	7.7372	-6.5908	14.0458	504015.2819	504015.5830	1.0000	0.0000	0.9113
31zt01	3	34	0	1	2.0000	1.0000	-1.0000	0.8127	NaN	NaN	NaN	504017.0938	504017.4195	0.0000	1.0000	0.8272
31zt01	3	35	0	1	1.0000	1.0000	-1.0000	NaN	2.1822	-3.3152	13.6178	504020.9985	504021.2995	0.0000	1.0000	1.1536
31zt01	3	35	0	1	2.0000	1.0000	-1.0000	0.8651	NaN	NaN	NaN	504023.0364	504023.3644	1.0000	0.0000	2.5287
31zt01	3	36	0	1	1.0000	1.0000	1.0000	NaN	9.3662	7.6296	15.8891	504027.9888	504028.2898	1.0000	1.0000	0.6381
31zt01	3	36	0	1	2.0000	1.0000	1.0000	0.3272	NaN	NaN	NaN	504029.5254	504029.8519	0.0000	0.0000	2.1693
31zt01	3	37	0	1	1.0000	1.0000	1.0000	NaN	5.8633	6.1093	16.3195	504034.3254	504034.6266	1.0000	1.0000	0.8929
31zt01	3	37	0	1	2.0000	1.0000	1.0000	0.6938	NaN	NaN	NaN	504036.1422	504036.4730	0.0000	0.0000	0.7723
31zt01	3	38	0	1	1.0000	1.0000	-1.0000	NaN	6.9958	-8.7312	14.7778	504039.4915	504039.7926	0.0000	1.0000	0.2848
31zt01	3	38	0	1	2.0000	1.0000	-1.0000	0.3654	NaN	NaN	NaN	504040.6454	504040.9726	0.0000	1.0000	1.9315
31zt01	3	39	0	1	1.0000	1.0000	-1.0000	NaN	5.0072	-3.2850	14.8051	504044.8799	504045.1810	0.0000	1.0000	0.7789
31zt01	3	39	0	1	2.0000	1.0000	-1.0000	0.2280	NaN	NaN	NaN	504046.5173	504046.8439	0.0000	1.0000	1.4196
31zt01	3	40	0	1	1.0000	1.0000	1.0000	NaN	7.0088	8.4457	14.5284	504050.6057	504050.9068	1.0000	1.0000	0.7877
31zt01	3	40	0	1	2.0000	1.0000	1.0000	0.3267	NaN	NaN	NaN	504052.3010	504052.6264	0.0000	0.0000	2.7787
31zt01	3	41	0	1	1.0000	1.0000	1.0000	NaN	5.1798	5.1152	13.7657	504058.1040	504058.4050	0.0000	0.0000	0.6269
31zt01	3	41	0	1	2.0000	1.0000	-1.0000	0.2774	NaN	NaN	NaN	504059.6451	504059.9724	0.0000	1.0000	1.8406
31zt01	3	42	0	1	1.0000	1.0000	1.0000	NaN	3.3123	3.8173	14.1867	504064.1820	504064.4831	1.0000	1.0000	0.7222
31zt01	3	42	0	1	2.0000	1.0000	1.0000	0.7170	NaN	NaN	NaN	504065.8217	504066.1487	1.0000	1.0000	2.1783
31zt01	3	43	0	1	1.0000	1.0000	-1.0000	NaN	0.0138	-1.7316	14.8574	504070.6632	504070.9643	1.0000	0.0000	1.1397
31zt01	3	43	0	1	2.0000	1.0000	1.0000	0.8702	NaN	NaN	NaN	504072.7014	504073.0287	1.0000	1.0000	0.7685
31zt01	3	44	0	1	1.0000	1.0000	-1.0000	NaN	5.1625	-3.1102	17.1153	504076.2612	504076.5622	0.0000	1.0000	0.3250
31zt01	3	44	0	1	2.0000	1.0000	-1.0000	0.8772	NaN	NaN	NaN	504077.4844	504077.8119	0.0000	1.0000	0.6363
31zt01	3	45	0	1	1.0000	1.0000	1.0000	NaN	2.9003	2.7312	15.4957	504080.4728	504080.7739	1.0000	1.0000	0.4155
31zt01	3	45	0	1	2.0000	1.0000	-1.0000	0.3703	NaN	NaN	NaN	504081.7893	504082.1159	0.0000	1.0000	0.5532
31zt01	3	46	0	1	1.0000	1.0000	-1.0000	NaN	9.3500	-7.8676	14.0943	504084.7892	504085.0903	0.0000	1.0000	0.2454
31zt01	3	46	0	1	2.0000	1.0000	1.0000	0.5043	NaN	NaN	NaN	504085.9256	504086.2535	1.0000	1.0000	0.6799
31zt01	3	47	0	1	1.0000	1.0000	-1.0000	NaN	11.9890	-12.4229	16.5261	504089.1357	504089.4367	0.0000	1.0000	0.1526
31zt01	3	47	0	1	2.0000	1.0000	-1.0000	0.1216	NaN	NaN	NaN	504090.1733	504090.5000	1.0000	0.0000	0.6831
31zt01	3	48	0	1	1.0000	1.0000	-1.0000	NaN	11.7570	-12.4605	14.4126	504093.8507	504094.1523	0.0000	1.0000	0.0850
31zt01	3	48	0	1	2.0000	1.0000	1.0000	0.8596	NaN	NaN	NaN	504094.8229	504095.1501	1.0000	1.0000	0.4735
31zt01	3	49	0	1	1.0000	1.0000	-1.0000	NaN	7.4051	-7.9175	15.4567	504097.8749	504098.1760	0.0000	1.0000	0.2699
31zt01	3	49	0	1	2.0000	1.0000	1.0000	0.2759	NaN	NaN	NaN	504099.0535	504099.3798	0.0000	0.0000	1.1054
31zt01	3	50	0	1	1.0000	1.0000	1.0000	NaN	0.9735	1.1017	13.4628	504102.8350	504103.1361	0.0000	0.0000	1.8549
31zt01	3	50	0	1	2.0000	1.0000	1.0000	0.7412	NaN	NaN	NaN	504105.5895	504105.9160	1.0000	1.0000	0.8839
