26pz03	1	1	1	0	1.0000	0.0000	1.0000	0.0900	NaN	NaN	NaN	912570.0836	912570.4378	1.0000	1.0000	0.6549
26pz03	1	1	1	0	2.0000	0.0000	1.0000	NaN	1.1689	4.6723	13.3448	912571.6511	912571.9533	1.0000	1.0000	0.1950
26pz03	1	2	1	0	1.0000	0.0000	1.0000	0.3445	NaN	NaN	NaN	912574.4800	912574.8368	1.0000	1.0000	0.7035
26pz03	1	2	1	0	2.0000	0.0000	1.0000	NaN	8.1672	8.6974	15.7710	912576.1146	912576.4175	1.0000	1.0000	0.0505
26pz03	1	3	1	0	1.0000	0.0000	-1.0000	0.4468	NaN	NaN	NaN	912578.6863	912579.0932	0.0000	1.0000	0.4471
26pz03	1	3	1	0	2.0000	0.0000	1.0000	NaN	3.2056	3.3791	15.7544	912580.1067	912580.4104	1.0000	1.0000	0.1052
26pz03	1	4	1	0	1.0000	0.0000	-1.0000	0.3846	NaN	NaN	NaN	912582.6232	912583.0265	0.0000	1.0000	0.5769
26pz03	1	4	1	0	2.0000	0.0000	1.0000	NaN	6.1002	6.0673	16.1520	912584.2200	912584.5239	1.0000	1.0000	0.1191
26pz03	1	5	1	0	1.0000	0.0000	-1.0000	0.2511	NaN	NaN	NaN	912587.0402	912587.4440	0.0000	1.0000	0.4150
26pz03	1	5	1	0	2.0000	0.0000	1.0000	NaN	6.4461	6.6747	15.5881	912588.4233	912588.7271	1.0000	1.0000	0.1570
26pz03	1	6	1	0	1.0000	0.0000	1.0000	0.1499	NaN	NaN	NaN	912590.8461	912591.2613	1.0000	1.0000	0.3909
26pz03	1	6	1	0	2.0000	0.0000	1.0000	NaN	6.9020	6.9977	12.9674	912592.2226	912592.5275	1.0000	1.0000	0.0367
26pz03	1	7	1	0	1.0000	0.0000	-1.0000	0.2665	NaN	NaN	NaN	912594.8929	912595.3110	0.0000	1.0000	0.4373
26pz03	1	7	1	0	2.0000	0.0000	1.0000	NaN	1.6078	1.8714	14.8401	912596.3319	912596.6379	1.0000	1.0000	0.1504
26pz03	1	8	1	0	1.0000	0.0000	1.0000	0.5979	NaN	NaN	NaN	912599.2576	912599.6770	0.0000	0.0000	0.3273
26pz03	1	8	1	0	2.0000	0.0000	-1.0000	NaN	8.2597	-7.0878	14.5767	912600.5734	912600.8778	1.0000	0.0000	0.0062
26pz03	1	9	1	0	1.0000	0.0000	1.0000	0.3897	NaN	NaN	NaN	912603.3567	912603.7767	1.0000	1.0000	0.8347
26pz03	1	9	1	0	2.0000	0.0000	1.0000	NaN	2.5290	1.8814	13.9901	912605.1961	912605.5031	1.0000	1.0000	0.1638
26pz03	1	10	1	0	1.0000	0.0000	-1.0000	0.0911	NaN	NaN	NaN	912607.6556	912608.0645	0.0000	1.0000	0.6425
26pz03	1	10	1	0	2.0000	0.0000	1.0000	NaN	6.0293	4.7641	13.1397	912609.2818	912609.5840	1.0000	1.0000	0.1150
26pz03	1	11	1	0	1.0000	0.0000	1.0000	0.6967	NaN	NaN	NaN	912611.7917	912612.1476	1.0000	1.0000	0.4477
26pz03	1	11	1	0	2.0000	0.0000	1.0000	NaN	6.0982	6.0091	14.5140	912613.1541	912613.4562	1.0000	1.0000	0.1628
26pz03	1	12	1	0	1.0000	0.0000	1.0000	0.4170	NaN	NaN	NaN	912615.4533	912615.8045	0.0000	0.0000	0.5185
26pz03	1	12	1	0	2.0000	0.0000	-1.0000	NaN	2.1553	-1.5610	15.7409	912616.8990	912617.2011	1.0000	0.0000	0.0349
26pz03	1	13	1	0	1.0000	0.0000	-1.0000	0.0326	NaN	NaN	NaN	912619.5668	912619.9192	0.0000	1.0000	0.4837
26pz03	1	13	1	0	2.0000	0.0000	1.0000	NaN	5.8723	5.4712	15.6925	912620.9776	912621.2799	1.0000	1.0000	0.6111
26pz03	1	14	1	0	1.0000	0.0000	-1.0000	0.6948	NaN	NaN	NaN	912624.2548	912624.6523	0.0000	1.0000	0.5353
26pz03	1	14	1	0	2.0000	0.0000	1.0000	NaN	7.9326	8.0839	15.7677	912625.7456	912626.0487	1.0000	1.0000	0.1302
26pz03	1	15	1	0	1.0000	0.0000	-1.0000	0.0542	NaN	NaN	NaN	912628.6317	912628.9855	0.0000	1.0000	2.6182
26pz03	1	15	1	0	2.0000	0.0000	1.0000	NaN	1.8532	3.2348	14.4661	912632.1767	912632.4790	1.0000	1.0000	0.6600
26pz03	1	16	1	0	1.0000	0.0000	1.0000	0.1978	NaN	NaN	NaN	912635.3728	912635.7298	1.0000	1.0000	0.5465
26pz03	1	16	1	0	2.0000	0.0000	1.0000	NaN	0.3196	2.3708	15.2712	912636.8525	912637.1548	0.0000	0.0000	1.2961
26pz03	1	17	1	0	1.0000	0.0000	-1.0000	0.5949	NaN	NaN	NaN	912640.6260	912640.9793	0.0000	1.0000	0.4802
26pz03	1	17	1	0	2.0000	0.0000	1.0000	NaN	2.7437	3.3302	15.4343	912641.9856	912642.2879	0.0000	0.0000	1.5238
26pz03	1	18	1	0	1.0000	0.0000	1.0000	0.6951	NaN	NaN	NaN	912646.3081	912646.6624	1.0000	1.0000	0.4131
26pz03	1	18	1	0	2.0000	0.0000	1.0000	NaN	0.7115	3.0499	13.3807	912647.6350	912647.9372	1.0000	1.0000	0.4511
26pz03	1	19	1	0	1.0000	0.0000	1.0000	0.2428	NaN	NaN	NaN	912650.4791	912650.8329	1.0000	1.0000	0.3865
26pz03	1	19	1	0	2.0000	0.0000	1.0000	NaN	4.6292	4.6053	13.5032	912651.7614	912652.0651	1.0000	1.0000	0.0498
26pz03	1	20	1	0	1.0000	0.0000	-1.0000	0.8754	NaN	NaN	NaN	912654.5828	912654.9341	0.0000	1.0000	0.5088
26pz03	1	20	1	0	2.0000	0.0000	1.0000	NaN	5.4208	5.7660	15.6782	912655.9867	912656.2888	1.0000	1.0000	0.0062
26pz03	1	21	1	0	1.0000	0.0000	-1.0000	0.7011	NaN	NaN	NaN	912658.5359	912658.8890	0.0000	1.0000	0.3469
26pz03	1	21	1	0	2.0000	0.0000	1.0000	NaN	6.9724	8.3823	14.3663	912659.7779	912660.0814	1.0000	1.0000	0.2102
26pz03	1	22	1	0	1.0000	0.0000	1.0000	0.8687	NaN	NaN	NaN	912662.3585	912662.7159	1.0000	1.0000	0.4710
26pz03	1	22	1	0	2.0000	0.0000	1.0000	NaN	0.8835	1.5407	13.8760	912663.7322	912664.0343	1.0000	1.0000	0.0061
26pz03	1	23	1	0	1.0000	0.0000	-1.0000	0.2085	NaN	NaN	NaN	912666.6527	912667.0048	0.0000	1.0000	0.5833
26pz03	1	23	1	0	2.0000	0.0000	1.0000	NaN	5.9118	7.8339	14.5129	912668.1310	912668.4332	1.0000	1.0000	0.0508
26pz03	1	24	1	0	1.0000	0.0000	-1.0000	0.6352	NaN	NaN	NaN	912670.8187	912671.2111	0.0000	1.0000	0.3927
26pz03	1	24	1	0	2.0000	0.0000	1.0000	NaN	2.9494	3.0682	14.0200	912672.1939	912672.4974	1.0000	1.0000	0.0060
26pz03	1	25	1	0	1.0000	0.0000	1.0000	0.0252	NaN	NaN	NaN	912674.3600	912674.7152	1.0000	1.0000	0.7450
26pz03	1	25	1	0	2.0000	0.0000	1.0000	NaN	8.8127	7.8366	15.8659	912676.0030	912676.3051	1.0000	1.0000	0.1310
26pz03	1	26	1	0	1.0000	0.0000	-1.0000	0.9133	NaN	NaN	NaN	912678.2531	912678.6041	0.0000	1.0000	0.3748
26pz03	1	26	1	0	2.0000	0.0000	1.0000	NaN	1.5944	0.7245	15.4288	912679.5389	912679.8411	1.0000	1.0000	0.0062
26pz03	1	27	1	0	1.0000	0.0000	1.0000	0.5466	NaN	NaN	NaN	912681.6298	912681.9827	1.0000	1.0000	1.2361
26pz03	1	27	1	0	2.0000	0.0000	1.0000	NaN	4.4547	2.2871	12.6557	912683.7781	912684.0803	1.0000	1.0000	0.0666
26pz03	1	28	1	0	1.0000	0.0000	-1.0000	0.1925	NaN	NaN	NaN	912686.3151	912686.6658	0.0000	1.0000	1.1295
26pz03	1	28	1	0	2.0000	0.0000	1.0000	NaN	1.2879	0.6433	16.1839	912688.3400	912688.6423	1.0000	1.0000	0.0498
26pz03	1	29	1	0	1.0000	0.0000	-1.0000	0.2348	NaN	NaN	NaN	912690.9268	912691.2810	0.0000	1.0000	0.8659
26pz03	1	29	1	0	2.0000	0.0000	1.0000	NaN	3.6954	5.2688	14.4280	912692.7223	912693.0245	1.0000	1.0000	0.0510
26pz03	1	30	1	0	1.0000	0.0000	-1.0000	0.4561	NaN	NaN	NaN	912695.1463	912695.4988	0.0000	1.0000	0.4081
26pz03	1	30	1	0	2.0000	0.0000	1.0000	NaN	1.0638	0.4990	14.8323	912696.4494	912696.7515	1.0000	1.0000	0.0205
26pz03	1	31	1	0	1.0000	0.0000	-1.0000	0.9293	NaN	NaN	NaN	912699.4204	912699.7766	0.0000	1.0000	0.2751
26pz03	1	31	1	0	2.0000	0.0000	1.0000	NaN	3.6621	2.5769	16.1094	912700.6258	912700.9294	1.0000	1.0000	0.0061
26pz03	1	32	1	0	1.0000	0.0000	1.0000	0.7689	NaN	NaN	NaN	912702.9172	912703.2699	1.0000	1.0000	0.5417
26pz03	1	32	1	0	2.0000	0.0000	1.0000	NaN	1.7501	2.2163	14.6567	912704.3870	912704.6892	1.0000	1.0000	0.0509
26pz03	1	33	1	0	1.0000	0.0000	-1.0000	0.1757	NaN	NaN	NaN	912706.8067	912707.1636	0.0000	1.0000	0.4398
26pz03	1	33	1	0	2.0000	0.0000	1.0000	NaN	2.1864	2.8253	15.5826	912708.1633	912708.4656	1.0000	1.0000	0.0348
26pz03	1	34	1	0	1.0000	0.0000	-1.0000	0.0924	NaN	NaN	NaN	912710.9073	912711.2632	0.0000	1.0000	1.0756
26pz03	1	34	1	0	2.0000	0.0000	1.0000	NaN	0.0818	1.0834	14.9697	912712.9181	912713.2204	1.0000	1.0000	0.0637
26pz03	1	35	1	0	1.0000	0.0000	-1.0000	0.6074	NaN	NaN	NaN	912715.3099	912715.6632	0.0000	1.0000	1.0276
26pz03	1	35	1	0	2.0000	0.0000	1.0000	NaN	2.0064	2.4853	15.8512	912717.2488	912717.5510	1.0000	1.0000	0.0842
26pz03	1	36	1	0	1.0000	0.0000	1.0000	0.1088	NaN	NaN	NaN	912719.8081	912720.2195	1.0000	1.0000	0.4879
26pz03	1	36	1	0	2.0000	0.0000	1.0000	NaN	6.6107	7.3928	13.2168	912721.2902	912721.5968	1.0000	1.0000	0.0062
26pz03	1	37	1	0	1.0000	0.0000	-1.0000	0.8181	NaN	NaN	NaN	912723.6662	912724.0524	0.0000	1.0000	0.3834
26pz03	1	37	1	0	2.0000	0.0000	1.0000	NaN	8.5546	5.4576	15.1560	912724.9944	912725.2965	1.0000	1.0000	0.0061
26pz03	1	38	1	0	1.0000	0.0000	-1.0000	0.2400	NaN	NaN	NaN	912727.5198	912727.8752	0.0000	1.0000	0.4004
26pz03	1	38	1	0	2.0000	0.0000	1.0000	NaN	4.3662	2.5900	15.1069	912728.8514	912729.1536	1.0000	1.0000	0.0061
26pz03	1	39	1	0	1.0000	0.0000	1.0000	0.4854	NaN	NaN	NaN	912731.3334	912731.6848	1.0000	1.0000	0.3500
26pz03	1	39	1	0	2.0000	0.0000	1.0000	NaN	8.3739	8.3412	14.6996	912732.5786	912732.8807	1.0000	1.0000	0.0061
26pz03	1	40	1	0	1.0000	0.0000	1.0000	0.9595	NaN	NaN	NaN	912735.1787	912735.5301	1.0000	1.0000	0.3294
26pz03	1	40	1	0	2.0000	0.0000	1.0000	NaN	6.8615	6.9575	15.1923	912736.4180	912736.7202	1.0000	1.0000	10.0519
26pz03	1	41	1	0	1.0000	0.0000	1.0000	0.8759	NaN	NaN	NaN	912748.5892	912748.9449	1.0000	1.0000	0.4993
26pz03	1	41	1	0	2.0000	0.0000	1.0000	NaN	5.7567	4.2106	14.4531	912749.9863	912750.2886	1.0000	1.0000	0.9465
26pz03	1	42	1	0	1.0000	0.0000	-1.0000	0.1455	NaN	NaN	NaN	912753.3119	912753.6625	0.0000	1.0000	0.4363
26pz03	1	42	1	0	2.0000	0.0000	1.0000	NaN	1.4238	3.9463	15.9696	912754.6578	912754.9600	1.0000	1.0000	0.1801
26pz03	1	43	1	0	1.0000	0.0000	-1.0000	0.9106	NaN	NaN	NaN	912756.9569	912757.3112	0.0000	1.0000	0.4516
26pz03	1	43	1	0	2.0000	0.0000	1.0000	NaN	1.9028	3.1406	14.8332	912758.3211	912758.6234	1.0000	1.0000	1.9874
26pz03	1	44	1	0	1.0000	0.0000	-1.0000	0.9841	NaN	NaN	NaN	912762.6214	912763.0349	0.0000	1.0000	0.3599
26pz03	1	44	1	0	2.0000	0.0000	1.0000	NaN	1.7492	2.7289	13.6350	912763.9480	912764.2522	1.0000	1.0000	0.4400
26pz03	1	45	1	0	1.0000	0.0000	-1.0000	0.1209	NaN	NaN	NaN	912767.0566	912767.4804	1.0000	0.0000	0.7477
26pz03	1	45	1	0	2.0000	0.0000	-1.0000	NaN	9.0272	-9.8133	13.4112	912768.8129	912769.1173	1.0000	0.0000	0.0384
26pz03	1	46	1	0	1.0000	0.0000	1.0000	0.7378	NaN	NaN	NaN	912771.4040	912771.8183	1.0000	1.0000	0.4415
26pz03	1	46	1	0	2.0000	0.0000	1.0000	NaN	0.6634	1.0072	15.4020	912772.8181	912773.1203	1.0000	1.0000	0.0675
26pz03	1	47	1	0	1.0000	0.0000	-1.0000	0.1280	NaN	NaN	NaN	912775.1547	912775.5102	0.0000	1.0000	0.5098
26pz03	1	47	1	0	2.0000	0.0000	1.0000	NaN	10.4541	12.0503	16.9197	912776.5938	912776.8961	1.0000	1.0000	0.0360
26pz03	1	48	1	0	1.0000	0.0000	1.0000	0.7802	NaN	NaN	NaN	912779.3984	912779.7494	1.0000	1.0000	1.1022
26pz03	1	48	1	0	2.0000	0.0000	1.0000	NaN	0.8489	2.3292	14.9932	912781.3939	912781.6960	1.0000	1.0000	0.1961
26pz03	1	49	1	0	1.0000	0.0000	-1.0000	0.7655	NaN	NaN	NaN	912784.4153	912784.7720	0.0000	1.0000	0.3993
26pz03	1	49	1	0	2.0000	0.0000	1.0000	NaN	1.9741	0.4866	15.0649	912785.7461	912786.0483	1.0000	1.0000	0.0190
26pz03	1	50	1	0	1.0000	0.0000	-1.0000	0.1465	NaN	NaN	NaN	912788.2510	912788.6052	1.0000	0.0000	1.4941
26pz03	1	50	1	0	2.0000	0.0000	-1.0000	NaN	1.9784	-2.4966	15.5891	912790.7056	912791.0083	1.0000	0.0000	0.0185
26pz03	2	1	1	0	1.0000	0.0000	1.0000	0.4538	NaN	NaN	NaN	912800.7270	912801.0786	1.0000	1.0000	0.5088
26pz03	2	1	1	0	2.0000	0.0000	1.0000	NaN	4.5244	2.1040	15.4101	912802.1452	912802.4474	1.0000	1.0000	0.0674
26pz03	2	2	1	0	1.0000	0.0000	1.0000	0.4452	NaN	NaN	NaN	912804.3324	912804.6880	1.0000	1.0000	0.6113
26pz03	2	2	1	0	2.0000	0.0000	1.0000	NaN	1.2968	2.3509	15.1469	912805.8418	912806.1440	1.0000	1.0000	0.0061
26pz03	2	3	1	0	1.0000	0.0000	1.0000	0.7856	NaN	NaN	NaN	912807.9644	912808.3211	1.0000	1.0000	0.4976
26pz03	2	3	1	0	2.0000	0.0000	1.0000	NaN	5.3719	5.7492	16.6483	912809.3780	912809.6800	1.0000	1.0000	1.4599
26pz03	2	4	1	0	1.0000	0.0000	1.0000	0.0046	NaN	NaN	NaN	912813.5207	912813.9329	0.0000	0.0000	0.5984
26pz03	2	4	1	0	2.0000	0.0000	-1.0000	NaN	8.1085	-7.6944	15.3628	912815.0851	912815.3923	1.0000	0.0000	0.0516
26pz03	2	5	1	0	1.0000	0.0000	-1.0000	0.6713	NaN	NaN	NaN	912818.0765	912818.4942	0.0000	1.0000	0.7257
26pz03	2	5	1	0	2.0000	0.0000	1.0000	NaN	4.5899	2.8957	14.2006	912819.8037	912820.1100	1.0000	1.0000	0.1653
26pz03	2	6	1	0	1.0000	0.0000	1.0000	0.2428	NaN	NaN	NaN	912822.6813	912823.0991	1.0000	1.0000	0.5196
26pz03	2	6	1	0	2.0000	0.0000	1.0000	NaN	9.5997	10.3250	14.0981	912824.2035	912824.5099	1.0000	1.0000	0.2623
26pz03	2	7	1	0	1.0000	0.0000	-1.0000	0.4228	NaN	NaN	NaN	912827.0694	912827.4816	0.0000	1.0000	0.4418
26pz03	2	7	1	0	2.0000	0.0000	1.0000	NaN	5.7328	5.4410	15.1518	912828.4930	912828.7972	1.0000	1.0000	0.2307
26pz03	2	8	1	0	1.0000	0.0000	-1.0000	0.4899	NaN	NaN	NaN	912831.1841	912831.5981	0.0000	1.0000	0.5021
26pz03	2	8	1	0	2.0000	0.0000	1.0000	NaN	1.7572	1.6217	13.9277	912832.6416	912832.9439	1.0000	1.0000	0.0061
26pz03	2	9	1	0	1.0000	0.0000	-1.0000	0.9009	NaN	NaN	NaN	912835.5484	912835.9029	0.0000	1.0000	0.4198
26pz03	2	9	1	0	2.0000	0.0000	1.0000	NaN	6.0131	4.8187	14.3349	912836.8652	912837.1674	1.0000	1.0000	0.0513
26pz03	2	10	1	0	1.0000	0.0000	1.0000	0.7184	NaN	NaN	NaN	912839.3058	912839.6582	1.0000	1.0000	0.3615
26pz03	2	10	1	0	2.0000	0.0000	1.0000	NaN	10.1357	9.5693	15.1874	912840.5464	912840.8486	1.0000	1.0000	0.0192
26pz03	2	11	1	0	1.0000	0.0000	-1.0000	0.1111	NaN	NaN	NaN	912842.9688	912843.3233	0.0000	1.0000	0.7762
26pz03	2	11	1	0	2.0000	0.0000	1.0000	NaN	2.7003	0.9460	15.8351	912844.6453	912844.9474	1.0000	1.0000	0.0061
26pz03	2	12	1	0	1.0000	0.0000	-1.0000	0.1518	NaN	NaN	NaN	912847.1989	912847.5522	0.0000	1.0000	0.4672
26pz03	2	12	1	0	2.0000	0.0000	1.0000	NaN	8.1820	9.0271	14.5869	912848.5633	912848.8655	1.0000	1.0000	0.0061
26pz03	2	13	1	0	1.0000	0.0000	1.0000	0.9283	NaN	NaN	NaN	912851.3184	912851.6730	1.0000	1.0000	0.3145
26pz03	2	13	1	0	2.0000	0.0000	1.0000	NaN	6.0699	5.9262	16.0364	912852.5305	912852.8327	1.0000	1.0000	0.0180
26pz03	2	14	1	0	1.0000	0.0000	-1.0000	0.0119	NaN	NaN	NaN	912854.9344	912855.2889	1.0000	0.0000	1.2578
26pz03	2	14	1	0	2.0000	0.0000	-1.0000	NaN	3.5276	-3.5377	15.8926	912857.1060	912857.4081	1.0000	0.0000	0.0198
26pz03	2	15	1	0	1.0000	0.0000	1.0000	0.4876	NaN	NaN	NaN	912859.7404	912860.1256	1.0000	1.0000	0.3251
26pz03	2	15	1	0	2.0000	0.0000	1.0000	NaN	8.0462	8.6418	14.9108	912860.9789	912861.2815	1.0000	1.0000	0.7064
26pz03	2	16	1	0	1.0000	0.0000	1.0000	0.7210	NaN	NaN	NaN	912864.3720	912864.7236	1.0000	1.0000	0.3511
26pz03	2	16	1	0	2.0000	0.0000	1.0000	NaN	5.4673	5.4370	15.3516	912865.6179	912865.9211	1.0000	1.0000	0.5467
26pz03	2	17	1	0	1.0000	0.0000	-1.0000	0.0688	NaN	NaN	NaN	912868.9351	912869.2888	1.0000	0.0000	0.8108
26pz03	2	17	1	0	2.0000	0.0000	-1.0000	NaN	3.3442	-2.6237	15.9764	912870.6576	912870.9599	1.0000	0.0000	0.2268
26pz03	2	18	1	0	1.0000	0.0000	1.0000	0.7757	NaN	NaN	NaN	912873.6198	912873.9732	1.0000	1.0000	0.9743
26pz03	2	18	1	0	2.0000	0.0000	1.0000	NaN	5.0937	3.9932	14.5525	912875.4900	912875.7921	1.0000	1.0000	0.4358
26pz03	2	19	1	0	1.0000	0.0000	-1.0000	0.9234	NaN	NaN	NaN	912878.5603	912878.9176	0.0000	1.0000	0.7011
26pz03	2	19	1	0	2.0000	0.0000	1.0000	NaN	4.5016	5.0046	15.9205	912880.1782	912880.4804	1.0000	1.0000	0.0515
26pz03	2	20	1	0	1.0000	0.0000	-1.0000	0.3395	NaN	NaN	NaN	912882.7738	912883.1244	1.0000	0.0000	0.8954
26pz03	2	20	1	0	2.0000	0.0000	-1.0000	NaN	9.9576	-11.0125	15.2778	912884.5951	912884.8973	1.0000	0.0000	2.8178
26pz03	2	21	1	0	1.0000	0.0000	1.0000	0.7386	NaN	NaN	NaN	912889.9799	912890.3335	1.0000	1.0000	0.3898
26pz03	2	21	1	0	2.0000	0.0000	1.0000	NaN	6.1316	5.7638	14.0426	912891.2335	912891.5365	1.0000	1.0000	0.5154
26pz03	2	22	1	0	1.0000	0.0000	1.0000	0.6999	NaN	NaN	NaN	912894.3184	912894.6721	1.0000	1.0000	0.8359
26pz03	2	22	1	0	2.0000	0.0000	1.0000	NaN	6.6814	7.2200	15.2991	912896.0346	912896.3367	1.0000	1.0000	0.3075
26pz03	2	23	1	0	1.0000	0.0000	1.0000	0.2290	NaN	NaN	NaN	912898.5705	912898.9219	1.0000	1.0000	0.4247
26pz03	2	23	1	0	2.0000	0.0000	1.0000	NaN	6.7171	5.0723	15.7816	912899.8890	912900.1911	1.0000	1.0000	0.4048
26pz03	2	24	1	0	1.0000	0.0000	1.0000	0.0594	NaN	NaN	NaN	912902.6211	912902.9716	1.0000	1.0000	0.8082
26pz03	2	24	1	0	2.0000	0.0000	1.0000	NaN	3.3046	3.1020	15.9333	912904.3207	912904.6230	1.0000	1.0000	0.5483
26pz03	2	25	1	0	1.0000	0.0000	-1.0000	0.3517	NaN	NaN	NaN	912907.5903	912907.9935	0.0000	1.0000	1.4503
26pz03	2	25	1	0	2.0000	0.0000	1.0000	NaN	8.6936	9.6389	15.0035	912910.0237	912910.3274	1.0000	1.0000	0.3480
26pz03	2	26	1	0	1.0000	0.0000	-1.0000	0.0971	NaN	NaN	NaN	912913.0826	912913.4823	1.0000	0.0000	1.4486
26pz03	2	26	1	0	2.0000	0.0000	-1.0000	NaN	8.6165	-9.8468	13.8636	912915.4732	912915.7755	0.0000	1.0000	0.4043
26pz03	2	27	1	0	1.0000	0.0000	1.0000	0.2187	NaN	NaN	NaN	912918.2461	912918.6027	1.0000	1.0000	1.3053
26pz03	2	27	1	0	2.0000	0.0000	1.0000	NaN	1.1070	0.3902	15.5517	912920.4507	912920.7529	0.0000	0.0000	1.0743
26pz03	2	28	1	0	1.0000	0.0000	1.0000	0.7547	NaN	NaN	NaN	912924.4906	912924.8420	1.0000	1.0000	0.2652
26pz03	2	28	1	0	2.0000	0.0000	1.0000	NaN	2.8883	4.7770	15.2315	912925.6505	912925.9527	1.0000	1.0000	0.1472
26pz03	2	29	1	0	1.0000	0.0000	1.0000	0.9899	NaN	NaN	NaN	912927.9175	912928.2704	1.0000	1.0000	0.3722
26pz03	2	29	1	0	2.0000	0.0000	1.0000	NaN	5.3828	5.4495	16.2536	912929.1857	912929.4879	1.0000	1.0000	0.2591
26pz03	2	30	1	0	1.0000	0.0000	1.0000	0.0521	NaN	NaN	NaN	912931.7730	912932.1242	1.0000	1.0000	1.3189
26pz03	2	30	1	0	2.0000	0.0000	1.0000	NaN	9.7439	9.5300	15.5598	912934.0186	912934.3209	1.0000	1.0000	0.1790
26pz03	2	31	1	0	1.0000	0.0000	-1.0000	0.4889	NaN	NaN	NaN	912936.4516	912936.8033	0.0000	1.0000	0.4965
26pz03	2	31	1	0	2.0000	0.0000	1.0000	NaN	6.5300	5.0954	14.4094	912937.8427	912938.1450	1.0000	1.0000	0.0509
26pz03	2	32	1	0	1.0000	0.0000	1.0000	0.5497	NaN	NaN	NaN	912940.5462	912940.9018	1.0000	1.0000	0.5101
26pz03	2	32	1	0	2.0000	0.0000	1.0000	NaN	9.5973	12.4208	15.3594	912941.9698	912942.2720	1.0000	1.0000	0.0679
26pz03	2	33	1	0	1.0000	0.0000	1.0000	0.0103	NaN	NaN	NaN	912944.4172	912944.7696	1.0000	1.0000	0.7058
26pz03	2	33	1	0	2.0000	0.0000	1.0000	NaN	0.5069	0.6725	15.5452	912946.0505	912946.3526	1.0000	1.0000	0.2261
26pz03	2	34	1	0	1.0000	0.0000	-1.0000	0.6491	NaN	NaN	NaN	912948.7300	912949.0848	0.0000	1.0000	0.3903
26pz03	2	34	1	0	2.0000	0.0000	1.0000	NaN	7.6566	8.4595	14.2075	912950.0013	912950.3035	1.0000	1.0000	0.2446
26pz03	2	35	1	0	1.0000	0.0000	-1.0000	0.6538	NaN	NaN	NaN	912953.1486	912953.5578	0.0000	1.0000	0.2855
26pz03	2	35	1	0	2.0000	0.0000	1.0000	NaN	7.8387	7.5175	16.3273	912954.3756	912954.6793	1.0000	1.0000	0.2353
26pz03	2	36	1	0	1.0000	0.0000	-1.0000	0.0616	NaN	NaN	NaN	912957.2960	912957.7090	0.0000	1.0000	1.3015
26pz03	2	36	1	0	2.0000	0.0000	1.0000	NaN	8.1636	6.5803	15.2403	912959.5639	912959.8697	1.0000	1.0000	0.3729
26pz03	2	37	1	0	1.0000	0.0000	-1.0000	0.4456	NaN	NaN	NaN	912962.6472	912963.0301	0.0000	1.0000	0.3648
26pz03	2	37	1	0	2.0000	0.0000	1.0000	NaN	6.7629	7.9836	15.2140	912963.9214	912964.2237	1.0000	1.0000	0.1160
26pz03	2	38	1	0	1.0000	0.0000	1.0000	0.6456	NaN	NaN	NaN	912966.8164	912967.1684	1.0000	1.0000	0.5941
26pz03	2	38	1	0	2.0000	0.0000	1.0000	NaN	5.0170	3.3626	14.6485	912968.3065	912968.6086	1.0000	1.0000	0.0061
26pz03	2	39	1	0	1.0000	0.0000	1.0000	0.9344	NaN	NaN	NaN	912970.7623	912971.1171	1.0000	1.0000	0.4066
26pz03	2	39	1	0	2.0000	0.0000	1.0000	NaN	10.3005	9.4820	15.5005	912972.0503	912972.3524	1.0000	1.0000	0.2760
26pz03	2	40	1	0	1.0000	0.0000	-1.0000	0.0538	NaN	NaN	NaN	912974.8015	912975.1533	0.0000	1.0000	0.9623
26pz03	2	40	1	0	2.0000	0.0000	1.0000	NaN	4.6221	5.7128	16.1942	912976.6579	912976.9602	1.0000	1.0000	0.1635
26pz03	2	41	1	0	1.0000	0.0000	1.0000	0.4299	NaN	NaN	NaN	912979.1906	912979.5459	0.0000	0.0000	0.4247
26pz03	2	41	1	0	2.0000	0.0000	-1.0000	NaN	9.2894	-8.9420	15.2035	912980.5137	912980.8159	0.0000	1.0000	0.5158
26pz03	2	42	1	0	1.0000	0.0000	-1.0000	0.4607	NaN	NaN	NaN	912983.9328	912984.2842	0.0000	1.0000	0.8223
26pz03	2	42	1	0	2.0000	0.0000	1.0000	NaN	10.2716	10.7172	14.4328	912985.6496	912985.9519	1.0000	1.0000	0.1147
26pz03	2	43	1	0	1.0000	0.0000	-1.0000	0.6555	NaN	NaN	NaN	912988.2594	912988.6161	0.0000	1.0000	0.3305
26pz03	2	43	1	0	2.0000	0.0000	1.0000	NaN	1.1485	1.3715	14.7878	912989.4737	912989.7759	1.0000	1.0000	0.2124
26pz03	2	44	1	0	1.0000	0.0000	-1.0000	0.6555	NaN	NaN	NaN	912992.1045	912992.4552	0.0000	1.0000	0.3480
26pz03	2	44	1	0	2.0000	0.0000	1.0000	NaN	1.7913	2.6208	14.7216	912993.3444	912993.6479	1.0000	1.0000	0.0061
26pz03	2	45	1	0	1.0000	0.0000	1.0000	0.3134	NaN	NaN	NaN	912995.4956	912995.8493	1.0000	1.0000	0.5865
26pz03	2	45	1	0	2.0000	0.0000	1.0000	NaN	1.7391	0.5098	14.0997	912996.9927	912997.2951	1.0000	1.0000	0.1801
26pz03	2	46	1	0	1.0000	0.0000	1.0000	0.2362	NaN	NaN	NaN	912999.8421	913000.2575	1.0000	1.0000	0.5783
26pz03	2	46	1	0	2.0000	0.0000	1.0000	NaN	1.2493	1.6834	14.8776	913001.3774	913001.6809	1.0000	1.0000	0.2269
26pz03	2	47	1	0	1.0000	0.0000	-1.0000	0.0196	NaN	NaN	NaN	913003.9085	913004.2654	1.0000	0.0000	0.7611
26pz03	2	47	1	0	2.0000	0.0000	-1.0000	NaN	3.4620	-1.8496	15.5438	913005.5693	913005.8716	1.0000	0.0000	0.6909
26pz03	2	48	1	0	1.0000	0.0000	1.0000	0.8055	NaN	NaN	NaN	913009.0781	913009.4317	1.0000	1.0000	0.4442
26pz03	2	48	1	0	2.0000	0.0000	1.0000	NaN	6.0347	6.0367	15.1077	913010.4177	913010.7199	1.0000	1.0000	0.3870
26pz03	2	49	1	0	1.0000	0.0000	-1.0000	0.2060	NaN	NaN	NaN	913013.5587	913013.9148	0.0000	1.0000	1.2248
26pz03	2	49	1	0	2.0000	0.0000	1.0000	NaN	0.9069	0.1983	15.4262	913015.6980	913016.0002	1.0000	1.0000	0.1635
26pz03	2	50	1	0	1.0000	0.0000	1.0000	0.2238	NaN	NaN	NaN	913018.2896	913018.6437	1.0000	1.0000	0.4789
26pz03	2	50	1	0	2.0000	0.0000	1.0000	NaN	7.8611	8.8677	14.5396	913019.6816	913019.9837	1.0000	1.0000	0.1326
26pz03	3	1	1	0	1.0000	0.0000	-1.0000	0.1279	NaN	NaN	NaN	913026.5999	913026.9506	1.0000	0.0000	0.5085
26pz03	3	1	1	0	2.0000	0.0000	-1.0000	NaN	5.7503	-4.9798	14.5319	913028.0168	913028.3190	1.0000	0.0000	1.2355
26pz03	3	2	1	0	1.0000	0.0000	-1.0000	0.1683	NaN	NaN	NaN	913031.6308	913031.9819	0.0000	1.0000	1.3494
26pz03	3	2	1	0	2.0000	0.0000	1.0000	NaN	2.0535	4.2056	15.3703	913033.8898	913034.1922	1.0000	1.0000	0.4183
26pz03	3	3	1	0	1.0000	0.0000	-1.0000	0.3909	NaN	NaN	NaN	913036.5372	913036.8929	0.0000	1.0000	0.4708
26pz03	3	3	1	0	2.0000	0.0000	1.0000	NaN	8.6994	8.4055	16.1483	913037.9053	913038.2075	1.0000	1.0000	0.0061
26pz03	3	4	1	0	1.0000	0.0000	1.0000	0.4177	NaN	NaN	NaN	913040.5377	913040.8926	1.0000	1.0000	0.4063
26pz03	3	4	1	0	2.0000	0.0000	1.0000	NaN	10.2864	12.0567	15.4647	913041.8401	913042.1423	1.0000	1.0000	0.2293
26pz03	3	5	1	0	1.0000	0.0000	1.0000	0.8790	NaN	NaN	NaN	913044.4977	913044.9034	1.0000	1.0000	0.6351
26pz03	3	5	1	0	2.0000	0.0000	1.0000	NaN	10.3477	10.2637	15.3800	913046.0903	913046.3970	1.0000	1.0000	0.1026
26pz03	3	6	1	0	1.0000	0.0000	-1.0000	0.4218	NaN	NaN	NaN	913048.9686	913049.3877	0.0000	1.0000	0.2475
26pz03	3	6	1	0	2.0000	0.0000	1.0000	NaN	9.5820	10.0261	14.8908	913050.1689	913050.4735	1.0000	1.0000	0.6650
26pz03	3	7	1	0	1.0000	0.0000	1.0000	0.2607	NaN	NaN	NaN	913053.0674	913053.4875	1.0000	1.0000	0.7395
26pz03	3	7	1	0	2.0000	0.0000	1.0000	NaN	6.2192	4.8693	13.5049	913054.7995	913055.1040	1.0000	1.0000	0.1625
26pz03	3	8	1	0	1.0000	0.0000	-1.0000	0.1909	NaN	NaN	NaN	913057.1834	913057.6040	0.0000	1.0000	0.4624
26pz03	3	8	1	0	2.0000	0.0000	1.0000	NaN	4.4811	7.9667	14.6146	913058.6016	913058.9063	1.0000	1.0000	0.3929
26pz03	3	9	1	0	1.0000	0.0000	-1.0000	0.0714	NaN	NaN	NaN	913061.9026	913062.3204	0.0000	1.0000	1.0430
26pz03	3	9	1	0	2.0000	0.0000	1.0000	NaN	5.4584	6.3057	13.9683	913063.9154	913064.2199	1.0000	1.0000	1.0625
26pz03	3	10	1	0	1.0000	0.0000	1.0000	0.6754	NaN	NaN	NaN	913067.1035	913067.4968	1.0000	1.0000	0.3140
26pz03	3	10	1	0	2.0000	0.0000	1.0000	NaN	4.9019	3.9024	13.3697	913068.3372	913068.6394	1.0000	1.0000	0.7390
26pz03	3	11	1	0	1.0000	0.0000	1.0000	0.2373	NaN	NaN	NaN	913071.3801	913071.7317	1.0000	1.0000	0.7508
26pz03	3	11	1	0	2.0000	0.0000	1.0000	NaN	4.8013	3.9089	14.8734	913073.0264	913073.3285	1.0000	1.0000	0.4979
26pz03	3	12	1	0	1.0000	0.0000	1.0000	0.8541	NaN	NaN	NaN	913075.7534	913076.1075	1.0000	1.0000	0.4720
26pz03	3	12	1	0	2.0000	0.0000	1.0000	NaN	3.6401	2.9725	15.1896	913077.1218	913077.4240	1.0000	1.0000	0.7234
26pz03	3	13	1	0	1.0000	0.0000	-1.0000	0.0809	NaN	NaN	NaN	913080.7050	913081.0614	0.0000	1.0000	0.7504
26pz03	3	13	1	0	2.0000	0.0000	1.0000	NaN	8.1329	5.7281	14.4375	913082.3698	913082.6720	1.0000	1.0000	0.2264
26pz03	3	14	1	0	1.0000	0.0000	-1.0000	0.7447	NaN	NaN	NaN	913085.2753	913085.6292	0.0000	1.0000	0.6616
26pz03	3	14	1	0	2.0000	0.0000	1.0000	NaN	1.9772	1.3312	14.3621	913086.8178	913087.1201	1.0000	1.0000	0.2755
26pz03	3	15	1	0	1.0000	0.0000	-1.0000	0.5469	NaN	NaN	NaN	913089.5216	913089.8776	0.0000	1.0000	0.4769
26pz03	3	15	1	0	2.0000	0.0000	1.0000	NaN	10.0191	10.5085	14.8622	913090.8829	913091.1852	1.0000	1.0000	0.2265
26pz03	3	16	1	0	1.0000	0.0000	1.0000	0.9058	NaN	NaN	NaN	913093.5441	913093.9498	1.0000	1.0000	0.2618
26pz03	3	16	1	0	2.0000	0.0000	1.0000	NaN	1.3288	2.0319	15.0533	913094.7538	913095.0560	1.0000	1.0000	0.5623
26pz03	3	17	1	0	1.0000	0.0000	1.0000	0.4501	NaN	NaN	NaN	913097.6524	913098.0064	1.0000	1.0000	0.6845
26pz03	3	17	1	0	2.0000	0.0000	1.0000	NaN	4.8000	2.5536	13.1886	913099.2509	913099.5531	1.0000	1.0000	0.0173
26pz03	3	18	1	0	1.0000	0.0000	1.0000	0.7720	NaN	NaN	NaN	913101.9885	913102.3438	1.0000	1.0000	0.3312
26pz03	3	18	1	0	2.0000	0.0000	1.0000	NaN	9.7612	8.1332	14.8571	913103.2344	913103.5366	1.0000	1.0000	0.0350
26pz03	3	19	1	0	1.0000	0.0000	-1.0000	0.7904	NaN	NaN	NaN	913105.5135	913105.8634	0.0000	1.0000	0.3319
26pz03	3	19	1	0	2.0000	0.0000	1.0000	NaN	9.9333	9.2498	15.9073	913106.7041	913107.0067	1.0000	1.0000	0.0837
26pz03	3	20	1	0	1.0000	0.0000	1.0000	0.0513	NaN	NaN	NaN	913109.2991	913109.6561	1.0000	1.0000	0.3792
26pz03	3	20	1	0	2.0000	0.0000	1.0000	NaN	0.7627	0.7361	14.6618	913110.5770	913110.8791	1.0000	1.0000	0.1324
26pz03	3	21	1	0	1.0000	0.0000	1.0000	0.1835	NaN	NaN	NaN	913113.0376	913113.3932	1.0000	1.0000	0.5292
26pz03	3	21	1	0	2.0000	0.0000	1.0000	NaN	3.8557	2.1468	15.2267	913114.4823	913114.7845	1.0000	1.0000	0.0061
26pz03	3	22	1	0	1.0000	0.0000	1.0000	0.7303	NaN	NaN	NaN	913116.8970	913117.2489	1.0000	1.0000	0.4655
26pz03	3	22	1	0	2.0000	0.0000	1.0000	NaN	5.1127	4.2791	13.9655	913118.2587	913118.5608	1.0000	1.0000	0.0061
26pz03	3	23	1	0	1.0000	0.0000	1.0000	0.9730	NaN	NaN	NaN	913120.3324	913120.6889	1.0000	1.0000	0.4175
26pz03	3	23	1	0	2.0000	0.0000	1.0000	NaN	6.7909	8.3294	14.8784	913121.6338	913121.9360	1.0000	1.0000	0.0061
26pz03	3	24	1	0	1.0000	0.0000	-1.0000	0.9597	NaN	NaN	NaN	913123.6763	913124.0273	0.0000	1.0000	0.4231
26pz03	3	24	1	0	2.0000	0.0000	1.0000	NaN	3.5617	3.5850	16.8203	913125.0092	913125.3114	1.0000	1.0000	0.1149
26pz03	3	25	1	0	1.0000	0.0000	-1.0000	0.1493	NaN	NaN	NaN	913127.6781	913128.0290	1.0000	0.0000	0.6307
26pz03	3	25	1	0	2.0000	0.0000	-1.0000	NaN	2.6945	-3.1715	15.8540	913129.2018	913129.5041	1.0000	0.0000	0.2596
26pz03	3	26	1	0	1.0000	0.0000	1.0000	0.2543	NaN	NaN	NaN	913132.2454	913132.5978	1.0000	1.0000	0.6543
26pz03	3	26	1	0	2.0000	0.0000	1.0000	NaN	8.5205	8.4934	14.4335	913133.8100	913134.1122	1.0000	1.0000	0.1633
26pz03	3	27	1	0	1.0000	0.0000	-1.0000	0.9884	NaN	NaN	NaN	913136.8012	913137.1545	0.0000	1.0000	0.3049
26pz03	3	27	1	0	2.0000	0.0000	1.0000	NaN	5.6502	4.7072	15.4157	913137.9847	913138.2870	1.0000	1.0000	0.0061
26pz03	3	28	1	0	1.0000	0.0000	-1.0000	0.2277	NaN	NaN	NaN	913140.4334	913140.8484	0.0000	1.0000	1.0099
26pz03	3	28	1	0	2.0000	0.0000	1.0000	NaN	4.5590	5.7908	14.2591	913142.4097	913142.7135	1.0000	1.0000	0.2328
26pz03	3	29	1	0	1.0000	0.0000	1.0000	0.8909	NaN	NaN	NaN	913145.2618	913145.6834	1.0000	1.0000	0.2394
26pz03	3	29	1	0	2.0000	0.0000	1.0000	NaN	3.4966	5.0821	16.5026	913146.4773	913146.7818	1.0000	1.0000	0.0217
26pz03	3	30	1	0	1.0000	0.0000	1.0000	0.9879	NaN	NaN	NaN	913149.2985	913149.7110	1.0000	1.0000	0.3084
26pz03	3	30	1	0	2.0000	0.0000	1.0000	NaN	1.7834	3.3571	15.9938	913150.5617	913150.8640	1.0000	1.0000	0.0356
26pz03	3	31	1	0	1.0000	0.0000	1.0000	0.1875	NaN	NaN	NaN	913153.4395	913153.7925	0.0000	0.0000	2.0658
26pz03	3	31	1	0	2.0000	0.0000	-1.0000	NaN	2.7852	-2.0950	13.9361	913156.4011	913156.7033	0.0000	1.0000	1.7790
26pz03	3	32	1	0	1.0000	0.0000	1.0000	0.6544	NaN	NaN	NaN	913160.7744	913161.1254	1.0000	1.0000	0.3818
26pz03	3	32	1	0	2.0000	0.0000	1.0000	NaN	4.2652	2.5304	16.9506	913162.0657	913162.3680	1.0000	1.0000	0.2756
26pz03	3	33	1	0	1.0000	0.0000	1.0000	0.1626	NaN	NaN	NaN	913165.0603	913165.4103	1.0000	1.0000	0.8167
26pz03	3	33	1	0	2.0000	0.0000	1.0000	NaN	1.2452	1.4050	15.2524	913166.8010	913167.1035	1.0000	1.0000	0.7875
26pz03	3	34	1	0	1.0000	0.0000	1.0000	0.7551	NaN	NaN	NaN	913169.9736	913170.3250	1.0000	1.0000	0.2699
26pz03	3	34	1	0	2.0000	0.0000	1.0000	NaN	3.9490	1.6835	12.7064	913171.1220	913171.4242	1.0000	1.0000	0.0354
26pz03	3	35	1	0	1.0000	0.0000	1.0000	0.1299	NaN	NaN	NaN	913173.4438	913173.7958	1.0000	1.0000	0.3505
26pz03	3	35	1	0	2.0000	0.0000	1.0000	NaN	5.9520	6.7906	14.0747	913174.6734	913174.9756	1.0000	1.0000	0.3240
26pz03	3	36	1	0	1.0000	0.0000	-1.0000	0.4427	NaN	NaN	NaN	913177.3252	913177.6763	0.0000	1.0000	0.3901
26pz03	3	36	1	0	2.0000	0.0000	1.0000	NaN	1.1160	0.7527	15.5141	913178.5960	913178.8982	1.0000	1.0000	0.0818
26pz03	3	37	1	0	1.0000	0.0000	1.0000	0.6609	NaN	NaN	NaN	913181.1469	913181.5025	1.0000	1.0000	0.3891
26pz03	3	37	1	0	2.0000	0.0000	1.0000	NaN	7.6360	7.9388	15.8402	913182.4657	913182.7677	1.0000	1.0000	0.2764
26pz03	3	38	1	0	1.0000	0.0000	1.0000	0.1002	NaN	NaN	NaN	913184.8445	913185.1956	1.0000	1.0000	1.0792
26pz03	3	38	1	0	2.0000	0.0000	1.0000	NaN	1.8638	1.2685	15.7558	913186.8169	913187.1194	1.0000	1.0000	0.4829
26pz03	3	39	1	0	1.0000	0.0000	1.0000	0.1844	NaN	NaN	NaN	913189.9842	913190.3974	1.0000	1.0000	1.2857
26pz03	3	39	1	0	2.0000	0.0000	1.0000	NaN	2.2186	2.6310	15.1952	913192.2189	913192.5247	1.0000	1.0000	0.4544
26pz03	3	40	1	0	1.0000	0.0000	1.0000	0.6952	NaN	NaN	NaN	913195.5838	913195.9685	1.0000	1.0000	0.5470
26pz03	3	40	1	0	2.0000	0.0000	1.0000	NaN	5.2226	4.2494	13.9715	913197.0573	913197.3594	1.0000	1.0000	0.0061
26pz03	3	41	1	0	1.0000	0.0000	-1.0000	0.7984	NaN	NaN	NaN	913199.2734	913199.6254	0.0000	1.0000	0.2653
26pz03	3	41	1	0	2.0000	0.0000	1.0000	NaN	9.8674	10.7517	13.4364	913200.4171	913200.7206	1.0000	1.0000	0.0497
26pz03	3	42	1	0	1.0000	0.0000	1.0000	0.3308	NaN	NaN	NaN	913203.1470	913203.5013	1.0000	1.0000	1.2050
26pz03	3	42	1	0	2.0000	0.0000	1.0000	NaN	9.4015	12.2310	14.9766	913205.2497	913205.5527	1.0000	1.0000	0.0827
26pz03	3	43	1	0	1.0000	0.0000	-1.0000	0.8929	NaN	NaN	NaN	913207.8455	913208.2011	0.0000	1.0000	0.2978
26pz03	3	43	1	0	2.0000	0.0000	1.0000	NaN	7.3584	6.1556	15.3889	913209.0245	913209.3267	1.0000	1.0000	0.0207
26pz03	3	44	1	0	1.0000	0.0000	-1.0000	0.3354	NaN	NaN	NaN	913211.8733	913212.2246	0.0000	1.0000	0.3709
26pz03	3	44	1	0	2.0000	0.0000	1.0000	NaN	7.1125	7.4810	13.7699	913213.1542	913213.4564	1.0000	1.0000	0.0181
26pz03	3	45	1	0	1.0000	0.0000	-1.0000	0.3986	NaN	NaN	NaN	913215.4919	913215.8434	0.0000	1.0000	0.4315
26pz03	3	45	1	0	2.0000	0.0000	1.0000	NaN	1.4014	2.3535	15.0932	913216.8364	913217.1386	1.0000	1.0000	0.0061
26pz03	3	46	1	0	1.0000	0.0000	1.0000	0.2621	NaN	NaN	NaN	913219.5099	913219.8672	1.0000	1.0000	0.5836
26pz03	3	46	1	0	2.0000	0.0000	1.0000	NaN	0.4652	1.5084	14.9155	913220.9957	913221.2979	1.0000	1.0000	0.0062
26pz03	3	47	1	0	1.0000	0.0000	-1.0000	0.5132	NaN	NaN	NaN	913223.6819	913224.0376	0.0000	1.0000	0.3814
26pz03	3	47	1	0	2.0000	0.0000	1.0000	NaN	4.2044	4.7827	15.9974	913224.9462	913225.2483	1.0000	1.0000	0.0193
26pz03	3	48	1	0	1.0000	0.0000	1.0000	0.0154	NaN	NaN	NaN	913227.5343	913227.8875	1.0000	1.0000	0.2915
26pz03	3	48	1	0	2.0000	0.0000	1.0000	NaN	0.4502	0.3765	14.2546	913228.7374	913229.0396	1.0000	1.0000	0.1306
26pz03	3	49	1	0	1.0000	0.0000	-1.0000	0.3658	NaN	NaN	NaN	913231.0205	913231.3719	0.0000	1.0000	0.4070
26pz03	3	49	1	0	2.0000	0.0000	1.0000	NaN	7.9891	7.3979	14.9154	913232.2896	913232.5918	1.0000	1.0000	0.0678
26pz03	3	50	1	0	1.0000	0.0000	-1.0000	0.5985	NaN	NaN	NaN	913234.8279	913235.2429	0.0000	1.0000	0.2327
26pz03	3	50	1	0	2.0000	0.0000	1.0000	NaN	4.9276	3.9137	16.0173	913236.0074	913236.3113	1.0000	1.0000	0.4750
26pz03	4	1	1	0	1.0000	0.0000	1.0000	0.3171	NaN	NaN	NaN	913252.6311	913253.0442	1.0000	1.0000	0.2700
26pz03	4	1	1	0	2.0000	0.0000	1.0000	NaN	9.9429	7.7399	16.8604	913253.8667	913254.1717	1.0000	1.0000	0.0061
26pz03	4	2	1	0	1.0000	0.0000	-1.0000	0.4243	NaN	NaN	NaN	913256.6742	913257.0584	0.0000	1.0000	0.3198
26pz03	4	2	1	0	2.0000	0.0000	1.0000	NaN	4.8229	5.4646	15.5432	913257.9215	913258.2237	1.0000	1.0000	0.0198
26pz03	4	3	1	0	1.0000	0.0000	-1.0000	0.4401	NaN	NaN	NaN	913260.7686	913261.1204	0.0000	1.0000	0.3549
26pz03	4	3	1	0	2.0000	0.0000	1.0000	NaN	5.5159	7.3312	14.5865	913262.0187	913262.3209	1.0000	1.0000	0.2425
26pz03	4	4	1	0	1.0000	0.0000	-1.0000	0.4893	NaN	NaN	NaN	913264.8798	913265.2357	0.0000	1.0000	0.3666
26pz03	4	4	1	0	2.0000	0.0000	1.0000	NaN	3.5338	5.5333	15.4741	913266.1618	913266.4640	1.0000	1.0000	0.6116
26pz03	4	5	1	0	1.0000	0.0000	1.0000	0.4509	NaN	NaN	NaN	913269.5579	913269.9146	1.0000	1.0000	0.3916
26pz03	4	5	1	0	2.0000	0.0000	1.0000	NaN	5.7238	5.6121	16.0856	913270.8650	913271.1675	1.0000	1.0000	0.4187
26pz03	4	6	1	0	1.0000	0.0000	-1.0000	0.6925	NaN	NaN	NaN	913273.6703	913274.0216	0.0000	1.0000	0.3651
26pz03	4	6	1	0	2.0000	0.0000	1.0000	NaN	5.8249	5.6579	16.2746	913274.9610	913275.2632	1.0000	1.0000	0.2590
26pz03	4	7	1	0	1.0000	0.0000	-1.0000	0.6714	NaN	NaN	NaN	913277.7314	913278.0849	0.0000	1.0000	0.3493
26pz03	4	7	1	0	2.0000	0.0000	1.0000	NaN	7.7563	7.6655	15.2770	913278.9770	913279.2791	1.0000	1.0000	0.2270
26pz03	4	8	1	0	1.0000	0.0000	1.0000	0.6035	NaN	NaN	NaN	913281.8244	913282.2193	1.0000	1.0000	0.1685
26pz03	4	8	1	0	2.0000	0.0000	1.0000	NaN	5.5050	6.2195	14.1753	913282.9136	913283.2168	1.0000	1.0000	0.4019
26pz03	4	9	1	0	1.0000	0.0000	1.0000	0.0821	NaN	NaN	NaN	913286.0109	913286.3677	1.0000	1.0000	1.2198
26pz03	4	9	1	0	2.0000	0.0000	1.0000	NaN	1.1061	0.0089	15.6802	913288.1130	913288.4166	0.0000	0.0000	0.8189
26pz03	4	10	1	0	1.0000	0.0000	-1.0000	0.5060	NaN	NaN	NaN	913291.5444	913291.9011	1.0000	0.0000	0.8371
26pz03	4	10	1	0	2.0000	0.0000	-1.0000	NaN	7.3150	-7.2229	15.5248	913293.2665	913293.5687	1.0000	0.0000	0.2908
26pz03	4	11	1	0	1.0000	0.0000	1.0000	0.2920	NaN	NaN	NaN	913296.1654	913296.5187	1.0000	1.0000	0.3475
26pz03	4	11	1	0	2.0000	0.0000	1.0000	NaN	4.5167	5.5113	13.0760	913297.3918	913297.6940	1.0000	1.0000	0.4369
26pz03	4	12	1	0	1.0000	0.0000	-1.0000	0.1788	NaN	NaN	NaN	913300.2582	913300.6130	1.0000	0.0000	5.7098
26pz03	4	12	1	0	2.0000	0.0000	-1.0000	NaN	4.4250	-2.9299	14.1656	913306.8825	913307.1846	0.0000	1.0000	0.9142
26pz03	4	13	1	0	1.0000	0.0000	1.0000	0.1948	NaN	NaN	NaN	913310.0409	913310.3958	1.0000	1.0000	0.5350
26pz03	4	13	1	0	2.0000	0.0000	1.0000	NaN	2.3640	1.0630	12.9984	913311.4574	913311.7596	1.0000	1.0000	0.1638
26pz03	4	14	1	0	1.0000	0.0000	1.0000	0.8611	NaN	NaN	NaN	913314.2330	913314.5844	1.0000	1.0000	0.2030
26pz03	4	14	1	0	2.0000	0.0000	1.0000	NaN	5.0734	4.3142	14.9490	913315.3294	913315.6319	1.0000	1.0000	0.1795
26pz03	4	15	1	0	1.0000	0.0000	1.0000	0.3477	NaN	NaN	NaN	913318.0121	913318.3663	1.0000	1.0000	0.3246
26pz03	4	15	1	0	2.0000	0.0000	1.0000	NaN	1.5695	1.6930	12.9796	913319.2165	913319.5187	1.0000	1.0000	0.2120
26pz03	4	16	1	0	1.0000	0.0000	-1.0000	0.1343	NaN	NaN	NaN	913321.8327	913322.1840	1.0000	0.0000	1.0195
26pz03	4	16	1	0	2.0000	0.0000	-1.0000	NaN	1.0317	-0.5690	15.8746	913323.7296	913324.0318	0.0000	1.0000	0.4834
26pz03	4	17	1	0	1.0000	0.0000	-1.0000	0.1123	NaN	NaN	NaN	913326.6391	913326.9952	0.0000	1.0000	1.0877
26pz03	4	17	1	0	2.0000	0.0000	1.0000	NaN	8.2081	6.8766	15.6833	913328.6245	913328.9267	1.0000	1.0000	0.3246
26pz03	4	18	1	0	1.0000	0.0000	1.0000	0.7952	NaN	NaN	NaN	913331.2046	913331.6213	1.0000	1.0000	0.2220
26pz03	4	18	1	0	2.0000	0.0000	1.0000	NaN	1.9554	0.8095	14.3158	913332.4089	913332.7149	1.0000	1.0000	0.2004
26pz03	4	19	1	0	1.0000	0.0000	1.0000	0.1920	NaN	NaN	NaN	913334.8855	913335.3073	1.0000	1.0000	1.5753
26pz03	4	19	1	0	2.0000	0.0000	1.0000	NaN	1.4531	0.9548	16.0940	913337.4368	913337.7417	1.0000	1.0000	0.1971
26pz03	4	20	1	0	1.0000	0.0000	-1.0000	0.0596	NaN	NaN	NaN	913340.2500	913340.6487	1.0000	0.0000	0.7774
26pz03	4	20	1	0	2.0000	0.0000	-1.0000	NaN	7.1360	-6.9721	15.3786	913341.9843	913342.2866	1.0000	0.0000	0.5641
26pz03	4	21	1	0	1.0000	0.0000	1.0000	0.6476	NaN	NaN	NaN	913345.3099	913345.6650	1.0000	1.0000	0.2903
26pz03	4	21	1	0	2.0000	0.0000	1.0000	NaN	7.1051	7.2575	15.9875	913346.4814	913346.7836	1.0000	1.0000	0.0061
26pz03	4	22	1	0	1.0000	0.0000	-1.0000	0.4253	NaN	NaN	NaN	913348.8880	913349.2440	0.0000	1.0000	0.4540
26pz03	4	22	1	0	2.0000	0.0000	1.0000	NaN	3.2722	2.1108	14.5068	913350.2094	913350.5128	1.0000	1.0000	0.0061
26pz03	4	23	1	0	1.0000	0.0000	-1.0000	0.8949	NaN	NaN	NaN	913352.8498	913353.2008	0.0000	1.0000	0.3220
26pz03	4	23	1	0	2.0000	0.0000	1.0000	NaN	0.7477	1.9501	13.7729	913354.0328	913354.3350	1.0000	1.0000	0.2759
26pz03	4	24	1	0	1.0000	0.0000	-1.0000	0.6079	NaN	NaN	NaN	913356.6273	913356.9811	0.0000	1.0000	0.2701
26pz03	4	24	1	0	2.0000	0.0000	1.0000	NaN	7.7563	8.1961	14.9569	913357.7936	913358.0965	1.0000	1.0000	0.0496
26pz03	4	25	1	0	1.0000	0.0000	1.0000	0.1576	NaN	NaN	NaN	913360.1208	913360.4768	1.0000	1.0000	0.8853
26pz03	4	25	1	0	2.0000	0.0000	1.0000	NaN	10.1561	9.7003	14.5718	913361.9380	913362.2403	1.0000	1.0000	0.0062
26pz03	4	26	1	0	1.0000	0.0000	1.0000	0.9823	NaN	NaN	NaN	913364.7191	913365.0696	1.0000	1.0000	0.2615
26pz03	4	26	1	0	2.0000	0.0000	1.0000	NaN	8.0469	10.3112	15.2800	913365.8727	913366.1749	1.0000	1.0000	0.3245
26pz03	4	27	1	0	1.0000	0.0000	1.0000	0.0915	NaN	NaN	NaN	913368.7499	913369.1001	0.0000	0.0000	0.6153
26pz03	4	27	1	0	2.0000	0.0000	-1.0000	NaN	4.2411	-4.9328	14.7911	913370.2733	913370.5756	1.0000	0.0000	1.5551
26pz03	4	28	1	0	1.0000	0.0000	1.0000	0.4735	NaN	NaN	NaN	913374.2592	913374.6135	1.0000	1.0000	0.2366
26pz03	4	28	1	0	2.0000	0.0000	1.0000	NaN	1.5980	2.2581	14.0902	913375.4088	913375.7123	1.0000	1.0000	0.2271
26pz03	4	29	1	0	1.0000	0.0000	-1.0000	0.1206	NaN	NaN	NaN	913378.4060	913378.8198	0.0000	1.0000	0.3995
26pz03	4	29	1	0	2.0000	0.0000	1.0000	NaN	6.1685	7.1437	14.0004	913379.7835	913380.0875	1.0000	1.0000	0.3153
26pz03	4	30	1	0	1.0000	0.0000	-1.0000	0.3329	NaN	NaN	NaN	913382.4559	913382.8697	0.0000	1.0000	0.3336
26pz03	4	30	1	0	2.0000	0.0000	1.0000	NaN	4.8873	8.5142	16.1060	913383.7506	913384.0544	1.0000	1.0000	0.0117
26pz03	4	31	1	0	1.0000	0.0000	1.0000	0.6099	NaN	NaN	NaN	913386.1485	913386.5536	1.0000	1.0000	0.2177
26pz03	4	31	1	0	2.0000	0.0000	1.0000	NaN	6.4631	7.2157	14.0650	913387.3038	913387.6076	1.0000	1.0000	0.0761
26pz03	4	32	1	0	1.0000	0.0000	-1.0000	0.7212	NaN	NaN	NaN	913390.0144	913390.4085	0.0000	1.0000	0.2655
26pz03	4	32	1	0	2.0000	0.0000	1.0000	NaN	1.1171	0.6203	13.8576	913391.2026	913391.5047	1.0000	1.0000	0.0061
26pz03	4	33	1	0	1.0000	0.0000	1.0000	0.6981	NaN	NaN	NaN	913393.3400	913393.6958	1.0000	1.0000	0.2749
26pz03	4	33	1	0	2.0000	0.0000	1.0000	NaN	6.9744	6.0138	14.5535	913394.4970	913394.7991	1.0000	1.0000	0.3709
26pz03	4	34	1	0	1.0000	0.0000	-1.0000	0.8010	NaN	NaN	NaN	913397.5289	913397.8802	0.0000	1.0000	0.2344
26pz03	4	34	1	0	2.0000	0.0000	1.0000	NaN	0.3058	0.6436	14.6822	913398.6260	913398.9282	1.0000	1.0000	0.5139
26pz03	4	35	1	0	1.0000	0.0000	-1.0000	0.2982	NaN	NaN	NaN	913401.3200	913401.6745	0.0000	1.0000	0.4568
26pz03	4	35	1	0	2.0000	0.0000	1.0000	NaN	0.4850	1.1637	14.6406	913402.6575	913402.9609	1.0000	1.0000	0.2739
26pz03	4	36	1	0	1.0000	0.0000	1.0000	0.7127	NaN	NaN	NaN	913405.2931	913405.6466	1.0000	1.0000	0.3555
26pz03	4	36	1	0	2.0000	0.0000	1.0000	NaN	5.2368	6.4590	13.6502	913406.4960	913406.7983	1.0000	1.0000	0.3085
26pz03	4	37	1	0	1.0000	0.0000	-1.0000	0.7572	NaN	NaN	NaN	913409.5902	913409.9451	0.0000	1.0000	0.3137
26pz03	4	37	1	0	2.0000	0.0000	1.0000	NaN	7.8868	7.4658	15.3342	913410.7858	913411.0881	1.0000	1.0000	0.1783
26pz03	4	38	1	0	1.0000	0.0000	1.0000	0.6443	NaN	NaN	NaN	913413.3990	913413.7506	1.0000	1.0000	0.2354
26pz03	4	38	1	0	2.0000	0.0000	1.0000	NaN	3.9617	3.1760	15.8793	913414.5451	913414.8473	1.0000	1.0000	0.1787
26pz03	4	39	1	0	1.0000	0.0000	-1.0000	0.6035	NaN	NaN	NaN	913417.4195	913417.7738	0.0000	1.0000	0.2775
26pz03	4	39	1	0	2.0000	0.0000	1.0000	NaN	10.0915	10.1923	14.9397	913418.5778	913418.8800	1.0000	1.0000	0.0061
26pz03	4	40	1	0	1.0000	0.0000	-1.0000	0.8555	NaN	NaN	NaN	913421.2424	913421.5957	0.0000	1.0000	0.2475
26pz03	4	40	1	0	2.0000	0.0000	1.0000	NaN	6.7467	7.3089	15.4182	913422.3535	913422.6557	1.0000	1.0000	0.0061
26pz03	4	41	1	0	1.0000	0.0000	1.0000	0.5447	NaN	NaN	NaN	913425.1349	913425.5498	1.0000	1.0000	0.3083
26pz03	4	41	1	0	2.0000	0.0000	1.0000	NaN	6.7733	6.7380	15.3916	913426.3945	913426.6984	1.0000	1.0000	0.0082
26pz03	4	42	1	0	1.0000	0.0000	1.0000	0.2057	NaN	NaN	NaN	913428.6792	913429.0802	1.0000	1.0000	0.7463
26pz03	4	42	1	0	2.0000	0.0000	1.0000	NaN	4.0628	4.0129	13.6698	913430.3536	913430.6557	1.0000	1.0000	0.2600
26pz03	4	43	1	0	1.0000	0.0000	1.0000	0.5797	NaN	NaN	NaN	913433.4887	913433.8438	1.0000	1.0000	0.4149
26pz03	4	43	1	0	2.0000	0.0000	1.0000	NaN	5.7536	5.4505	15.1688	913434.8013	913435.1034	1.0000	1.0000	0.0063
26pz03	4	44	1	0	1.0000	0.0000	-1.0000	0.2967	NaN	NaN	NaN	913437.4845	913437.8394	0.0000	1.0000	0.3559
26pz03	4	44	1	0	2.0000	0.0000	1.0000	NaN	3.3356	1.3136	15.0357	913438.7209	913439.0234	1.0000	1.0000	0.0061
26pz03	4	45	1	0	1.0000	0.0000	-1.0000	0.6664	NaN	NaN	NaN	913441.1961	913441.5464	0.0000	1.0000	0.3436
26pz03	4	45	1	0	2.0000	0.0000	1.0000	NaN	0.8735	1.2964	15.6680	913442.4342	913442.7363	1.0000	1.0000	0.0062
26pz03	4	46	1	0	1.0000	0.0000	1.0000	0.2564	NaN	NaN	NaN	913444.9354	913445.2891	1.0000	1.0000	0.4101
26pz03	4	46	1	0	2.0000	0.0000	1.0000	NaN	6.4191	6.3440	15.5405	913446.2263	913446.5285	1.0000	1.0000	0.0061
26pz03	4	47	1	0	1.0000	0.0000	1.0000	0.3692	NaN	NaN	NaN	913448.6596	913449.0110	0.0000	0.0000	0.4163
26pz03	4	47	1	0	2.0000	0.0000	-1.0000	NaN	1.1636	-2.6028	16.6632	913449.9693	913450.2716	1.0000	0.0000	3.9228
26pz03	4	48	1	0	1.0000	0.0000	-1.0000	0.0636	NaN	NaN	NaN	913456.3797	913456.7319	0.0000	1.0000	0.4711
26pz03	4	48	1	0	2.0000	0.0000	1.0000	NaN	4.2334	4.2613	12.8901	913457.7602	913458.0624	1.0000	1.0000	0.5955
26pz03	4	49	1	0	1.0000	0.0000	1.0000	0.5383	NaN	NaN	NaN	913461.2756	913461.6271	1.0000	1.0000	0.3121
26pz03	4	49	1	0	2.0000	0.0000	1.0000	NaN	10.4233	12.3208	14.7059	913462.4662	913462.7684	1.0000	1.0000	0.0348
26pz03	4	50	1	0	1.0000	0.0000	1.0000	0.0067	NaN	NaN	NaN	913465.3449	913465.6951	1.0000	1.0000	0.9642
26pz03	4	50	1	0	2.0000	0.0000	1.0000	NaN	6.3010	6.0918	16.4710	913467.2012	913467.5034	1.0000	1.0000	0.5465
26pz03	5	1	1	0	1.0000	0.0000	1.0000	0.0318	NaN	NaN	NaN	913478.9292	913479.3210	1.0000	1.0000	0.8090
26pz03	5	1	1	0	2.0000	0.0000	1.0000	NaN	2.8977	1.6123	14.5044	913480.6890	913480.9912	1.0000	1.0000	0.3875
26pz03	5	2	1	0	1.0000	0.0000	1.0000	0.7900	NaN	NaN	NaN	913483.6051	913483.9593	1.0000	1.0000	0.2993
26pz03	5	2	1	0	2.0000	0.0000	1.0000	NaN	3.3330	3.0669	15.3100	913484.7690	913485.0719	1.0000	1.0000	0.2913
26pz03	5	3	1	0	1.0000	0.0000	1.0000	0.1321	NaN	NaN	NaN	913487.4049	913487.7591	0.0000	0.0000	1.1400
26pz03	5	3	1	0	2.0000	0.0000	-1.0000	NaN	7.5624	-7.7760	15.3952	913489.4576	913489.7599	0.0000	1.0000	0.5155
26pz03	5	4	1	0	1.0000	0.0000	-1.0000	0.2399	NaN	NaN	NaN	913492.3920	913492.7421	1.0000	0.0000	0.3961
26pz03	5	4	1	0	2.0000	0.0000	-1.0000	NaN	1.2904	-1.2918	15.3918	913493.6650	913493.9672	1.0000	0.0000	0.1318
26pz03	5	5	1	0	1.0000	0.0000	1.0000	0.9900	NaN	NaN	NaN	913496.3331	913496.6866	1.0000	1.0000	0.3560
26pz03	5	5	1	0	2.0000	0.0000	1.0000	NaN	5.5215	4.0427	14.5235	913497.5849	913497.8875	1.0000	1.0000	0.1631
26pz03	5	6	1	0	1.0000	0.0000	-1.0000	0.2941	NaN	NaN	NaN	913500.4681	913500.8238	0.0000	1.0000	0.5228
26pz03	5	6	1	0	2.0000	0.0000	1.0000	NaN	2.4838	2.0109	16.1637	913501.8727	913502.1749	1.0000	1.0000	0.0510
26pz03	5	7	1	0	1.0000	0.0000	1.0000	0.2999	NaN	NaN	NaN	913504.6350	913504.9903	1.0000	1.0000	0.6756
26pz03	5	7	1	0	2.0000	0.0000	1.0000	NaN	1.4034	3.1407	14.3979	913506.2086	913506.5106	1.0000	1.0000	0.3724
26pz03	5	8	1	0	1.0000	0.0000	-1.0000	0.2729	NaN	NaN	NaN	913508.8231	913509.1747	0.0000	1.0000	0.6037
26pz03	5	8	1	0	2.0000	0.0000	1.0000	NaN	0.3896	1.7206	15.3373	913510.3424	913510.6446	1.0000	1.0000	0.0614
26pz03	5	9	1	0	1.0000	0.0000	-1.0000	0.5079	NaN	NaN	NaN	913513.2143	913513.5689	0.0000	1.0000	0.5614
26pz03	5	9	1	0	2.0000	0.0000	1.0000	NaN	0.8948	0.5519	14.7373	913514.6730	913514.9751	0.0000	0.0000	2.0995
26pz03	5	10	1	0	1.0000	0.0000	1.0000	0.3592	NaN	NaN	NaN	913519.1416	913519.5647	1.0000	1.0000	0.5493
26pz03	5	10	1	0	2.0000	0.0000	1.0000	NaN	7.7049	8.3022	14.5508	913520.6563	913520.9586	1.0000	1.0000	0.0847
26pz03	5	11	1	0	1.0000	0.0000	1.0000	0.6692	NaN	NaN	NaN	913523.3346	913523.6894	1.0000	1.0000	0.2651
26pz03	5	11	1	0	2.0000	0.0000	1.0000	NaN	1.9926	3.1324	13.8988	913524.4805	913524.7826	1.0000	1.0000	0.0685
26pz03	5	12	1	0	1.0000	0.0000	1.0000	0.0835	NaN	NaN	NaN	913526.9171	913527.2724	1.0000	1.0000	0.5386
26pz03	5	12	1	0	2.0000	0.0000	1.0000	NaN	1.3935	0.7846	15.8568	913528.3388	913528.6409	1.0000	1.0000	0.0662
26pz03	5	13	1	0	1.0000	0.0000	1.0000	0.5880	NaN	NaN	NaN	913530.4755	913530.8251	1.0000	1.0000	0.4420
26pz03	5	13	1	0	2.0000	0.0000	1.0000	NaN	1.6193	1.6217	14.2639	913531.8082	913532.1104	1.0000	1.0000	0.0061
26pz03	5	14	1	0	1.0000	0.0000	-1.0000	0.8013	NaN	NaN	NaN	913533.9909	913534.3418	0.0000	1.0000	0.3017
26pz03	5	14	1	0	2.0000	0.0000	1.0000	NaN	2.3841	2.5847	12.9526	913535.1540	913535.4562	1.0000	1.0000	0.0061
26pz03	5	15	1	0	1.0000	0.0000	1.0000	0.3321	NaN	NaN	NaN	913537.7353	913538.0888	1.0000	1.0000	0.4099
26pz03	5	15	1	0	2.0000	0.0000	1.0000	NaN	3.1114	2.2278	15.3137	913539.0727	913539.3749	1.0000	1.0000	0.0515
26pz03	5	16	1	0	1.0000	0.0000	1.0000	0.6964	NaN	NaN	NaN	913541.2113	913541.5677	1.0000	1.0000	0.3068
26pz03	5	16	1	0	2.0000	0.0000	1.0000	NaN	1.3114	2.8589	14.9849	913542.4170	913542.7205	1.0000	1.0000	0.0060
26pz03	5	17	1	0	1.0000	0.0000	1.0000	0.4168	NaN	NaN	NaN	913544.8388	913545.1895	1.0000	1.0000	0.3484
26pz03	5	17	1	0	2.0000	0.0000	1.0000	NaN	6.8732	5.6463	14.6875	913546.0650	913546.3672	1.0000	1.0000	0.0061
26pz03	5	18	1	0	1.0000	0.0000	1.0000	0.9706	NaN	NaN	NaN	913548.6558	913549.0059	1.0000	1.0000	0.4040
26pz03	5	18	1	0	2.0000	0.0000	1.0000	NaN	9.0714	9.0263	15.1507	913549.9212	913550.2234	1.0000	1.0000	0.0061
26pz03	5	19	1	0	1.0000	0.0000	-1.0000	0.6541	NaN	NaN	NaN	913552.2619	913552.6171	0.0000	1.0000	0.3448
26pz03	5	19	1	0	2.0000	0.0000	1.0000	NaN	7.2118	6.9741	15.5308	913553.5051	913553.8073	1.0000	1.0000	0.3546
26pz03	5	20	1	0	1.0000	0.0000	1.0000	0.9593	NaN	NaN	NaN	913556.1883	913556.5390	1.0000	1.0000	0.2955
26pz03	5	20	1	0	2.0000	0.0000	1.0000	NaN	5.7259	4.7909	14.5053	913557.3935	913557.6958	1.0000	1.0000	0.0061
26pz03	5	21	1	0	1.0000	0.0000	1.0000	0.4505	NaN	NaN	NaN	913559.7410	913560.0933	1.0000	1.0000	0.3726
26pz03	5	21	1	0	2.0000	0.0000	1.0000	NaN	0.8771	1.2361	14.4273	913560.9936	913561.2957	1.0000	1.0000	0.0061
26pz03	5	22	1	0	1.0000	0.0000	1.0000	0.3439	NaN	NaN	NaN	913563.7424	913564.1596	1.0000	1.0000	0.7871
26pz03	5	22	1	0	2.0000	0.0000	1.0000	NaN	6.1116	5.9519	14.0973	913565.4814	913565.7880	1.0000	1.0000	0.0061
26pz03	5	23	1	0	1.0000	0.0000	1.0000	0.9561	NaN	NaN	NaN	913568.0072	913568.4289	1.0000	1.0000	0.3893
26pz03	5	23	1	0	2.0000	0.0000	1.0000	NaN	6.0188	5.8081	14.7081	913569.3570	913569.6618	1.0000	1.0000	0.0062
26pz03	5	24	1	0	1.0000	0.0000	1.0000	0.5338	NaN	NaN	NaN	913571.5746	913571.9954	1.0000	1.0000	0.3273
26pz03	5	24	1	0	2.0000	0.0000	1.0000	NaN	1.1422	0.7279	15.1492	913572.8493	913573.1523	1.0000	1.0000	4.2575
26pz03	5	25	1	0	1.0000	0.0000	1.0000	0.0938	NaN	NaN	NaN	913579.7768	913580.1324	1.0000	1.0000	0.4135
26pz03	5	25	1	0	2.0000	0.0000	1.0000	NaN	5.4977	7.2199	14.9572	913581.0733	913581.3754	1.0000	1.0000	0.2910
26pz03	5	26	1	0	1.0000	0.0000	-1.0000	0.9049	NaN	NaN	NaN	913583.8270	913584.1821	0.0000	1.0000	0.2037
26pz03	5	26	1	0	2.0000	0.0000	1.0000	NaN	10.2519	8.8873	15.2643	913584.8811	913585.1845	1.0000	1.0000	0.1786
26pz03	5	27	1	0	1.0000	0.0000	-1.0000	0.8905	NaN	NaN	NaN	913587.6385	913587.9889	0.0000	1.0000	0.3182
26pz03	5	27	1	0	2.0000	0.0000	1.0000	NaN	8.3601	10.4801	14.2166	913588.8345	913589.1367	1.0000	1.0000	0.0812
26pz03	5	28	1	0	1.0000	0.0000	-1.0000	0.8491	NaN	NaN	NaN	913591.2698	913591.6205	0.0000	1.0000	0.2536
26pz03	5	28	1	0	2.0000	0.0000	1.0000	NaN	9.7731	10.0426	14.5111	913592.4163	913592.7184	1.0000	1.0000	0.1490
26pz03	5	29	1	0	1.0000	0.0000	1.0000	0.1656	NaN	NaN	NaN	913595.2841	913595.6369	0.0000	0.0000	1.2938
26pz03	5	29	1	0	2.0000	0.0000	-1.0000	NaN	6.2990	-5.9164	15.9432	913597.4735	913597.7758	0.0000	1.0000	0.9140
26pz03	5	30	1	0	1.0000	0.0000	-1.0000	0.7943	NaN	NaN	NaN	913600.6335	913600.9867	0.0000	1.0000	0.3595
26pz03	5	30	1	0	2.0000	0.0000	1.0000	NaN	3.2565	3.3531	16.4470	913601.8747	913602.1769	1.0000	1.0000	0.1462
26pz03	5	31	1	0	1.0000	0.0000	-1.0000	0.3181	NaN	NaN	NaN	913604.3485	913604.7020	0.0000	1.0000	0.3726
26pz03	5	31	1	0	2.0000	0.0000	1.0000	NaN	1.2474	1.5383	14.3844	913605.6344	913605.9366	1.0000	1.0000	0.1452
26pz03	5	32	1	0	1.0000	0.0000	1.0000	0.6299	NaN	NaN	NaN	913608.3923	913608.7477	1.0000	1.0000	0.3270
26pz03	5	32	1	0	2.0000	0.0000	1.0000	NaN	0.3347	0.3706	15.4393	913609.6175	913609.9198	1.0000	1.0000	0.1141
26pz03	5	33	1	0	1.0000	0.0000	1.0000	0.7112	NaN	NaN	NaN	913612.5110	913612.9261	1.0000	1.0000	0.4685
26pz03	5	33	1	0	2.0000	0.0000	1.0000	NaN	2.3203	2.4933	14.0305	913613.9947	913614.3018	1.0000	1.0000	0.0061
26pz03	5	34	1	0	1.0000	0.0000	-1.0000	0.8507	NaN	NaN	NaN	913616.6538	913617.0765	0.0000	1.0000	0.2533
26pz03	5	34	1	0	2.0000	0.0000	1.0000	NaN	5.8656	5.2246	16.8515	913617.8577	913618.1599	1.0000	1.0000	0.3552
26pz03	5	35	1	0	1.0000	0.0000	-1.0000	0.1665	NaN	NaN	NaN	913620.8543	913621.2072	0.0000	1.0000	0.4751
26pz03	5	35	1	0	2.0000	0.0000	1.0000	NaN	6.4976	5.5740	14.1552	913622.2580	913622.5603	1.0000	1.0000	0.0062
26pz03	5	36	1	0	1.0000	0.0000	-1.0000	0.4070	NaN	NaN	NaN	913624.5204	913624.8703	0.0000	1.0000	0.2691
26pz03	5	36	1	0	2.0000	0.0000	1.0000	NaN	7.8343	8.5773	15.1632	913625.6817	913625.9839	1.0000	1.0000	0.0510
26pz03	5	37	1	0	1.0000	0.0000	-1.0000	0.9160	NaN	NaN	NaN	913628.4429	913628.7965	0.0000	1.0000	0.2293
26pz03	5	37	1	0	2.0000	0.0000	1.0000	NaN	0.0120	0.9863	15.6533	913629.5549	913629.8572	1.0000	1.0000	0.0977
26pz03	5	38	1	0	1.0000	0.0000	1.0000	0.0377	NaN	NaN	NaN	913632.2127	913632.5671	1.0000	1.0000	1.1947
26pz03	5	38	1	0	2.0000	0.0000	1.0000	NaN	9.2622	11.6809	15.4299	913634.3216	913634.6238	1.0000	1.0000	0.2260
26pz03	5	39	1	0	1.0000	0.0000	-1.0000	0.4709	NaN	NaN	NaN	913637.1337	913637.4848	0.0000	1.0000	0.3250
26pz03	5	39	1	0	2.0000	0.0000	1.0000	NaN	2.4118	1.4831	15.6406	913638.3365	913638.6387	1.0000	1.0000	0.0061
26pz03	5	40	1	0	1.0000	0.0000	-1.0000	0.8244	NaN	NaN	NaN	913640.7183	913641.0700	0.0000	1.0000	0.2918
26pz03	5	40	1	0	2.0000	0.0000	1.0000	NaN	10.2824	10.3535	16.0519	913641.8896	913642.1918	1.0000	1.0000	0.0820
26pz03	5	41	1	0	1.0000	0.0000	1.0000	0.6377	NaN	NaN	NaN	913644.2257	913644.5790	1.0000	1.0000	0.4155
26pz03	5	41	1	0	2.0000	0.0000	1.0000	NaN	10.0211	11.9981	15.7430	913645.5369	913645.8390	1.0000	1.0000	0.5153
26pz03	5	42	1	0	1.0000	0.0000	1.0000	0.3251	NaN	NaN	NaN	913648.3378	913648.6892	1.0000	1.0000	0.3851
26pz03	5	42	1	0	2.0000	0.0000	1.0000	NaN	1.1053	0.1098	14.8336	913649.6327	913649.9349	1.0000	1.0000	0.1949
26pz03	5	43	1	0	1.0000	0.0000	-1.0000	0.3164	NaN	NaN	NaN	913652.4651	913652.8175	0.0000	1.0000	0.6403
26pz03	5	43	1	0	2.0000	0.0000	1.0000	NaN	2.2765	2.2502	14.1599	913654.0161	913654.3183	1.0000	1.0000	0.7079
26pz03	5	44	1	0	1.0000	0.0000	-1.0000	0.0965	NaN	NaN	NaN	913657.3248	913657.6783	0.0000	1.0000	0.9488
26pz03	5	44	1	0	2.0000	0.0000	1.0000	NaN	1.3809	1.7445	15.4639	913659.1541	913659.4564	1.0000	1.0000	0.1934
26pz03	5	45	1	0	1.0000	0.0000	-1.0000	0.4648	NaN	NaN	NaN	913661.7950	913662.2056	0.0000	1.0000	0.2762
26pz03	5	45	1	0	2.0000	0.0000	1.0000	NaN	7.9939	7.2133	14.3059	913663.0326	913663.3365	1.0000	1.0000	0.0579
26pz03	5	46	1	0	1.0000	0.0000	-1.0000	0.9063	NaN	NaN	NaN	913665.7390	913666.1568	0.0000	1.0000	0.2782
26pz03	5	46	1	0	2.0000	0.0000	1.0000	NaN	9.2045	11.9818	15.6135	913666.9699	913667.2744	1.0000	1.0000	0.0061
26pz03	5	47	1	0	1.0000	0.0000	1.0000	0.3955	NaN	NaN	NaN	913669.4328	913669.8184	1.0000	1.0000	0.2633
26pz03	5	47	1	0	2.0000	0.0000	1.0000	NaN	3.8448	5.0690	14.6578	913670.6086	913670.9108	1.0000	1.0000	0.0061
26pz03	5	48	1	0	1.0000	0.0000	1.0000	0.5468	NaN	NaN	NaN	913673.1495	913673.5013	1.0000	1.0000	0.4221
26pz03	5	48	1	0	2.0000	0.0000	1.0000	NaN	5.4530	4.8827	14.5057	913674.5305	913674.8326	1.0000	1.0000	0.2744
26pz03	5	49	1	0	1.0000	0.0000	-1.0000	0.2599	NaN	NaN	NaN	913677.1399	913677.4940	1.0000	0.0000	0.1237
26pz03	5	49	1	0	2.0000	0.0000	-1.0000	NaN	8.3717	-8.5764	14.5349	913678.1445	913678.4471	0.0000	1.0000	0.2587
26pz03	5	50	1	0	1.0000	0.0000	-1.0000	0.8449	NaN	NaN	NaN	913681.2915	913681.6481	0.0000	1.0000	0.3229
26pz03	5	50	1	0	2.0000	0.0000	1.0000	NaN	2.1912	3.0462	14.4019	913682.5140	913682.8162	1.0000	1.0000	0.0061
26pz03	6	1	1	0	1.0000	0.0000	-1.0000	0.4387	NaN	NaN	NaN	913694.7282	913695.0819	0.0000	1.0000	0.3125
26pz03	6	1	1	0	2.0000	0.0000	1.0000	NaN	3.9925	3.5613	14.1349	913695.9535	913696.2557	1.0000	1.0000	0.0061
26pz03	6	2	1	0	1.0000	0.0000	1.0000	0.7614	NaN	NaN	NaN	913698.4846	913698.8366	1.0000	1.0000	0.2065
26pz03	6	2	1	0	2.0000	0.0000	1.0000	NaN	6.6034	6.6706	15.8937	913699.5853	913699.8875	1.0000	1.0000	0.1142
26pz03	6	3	1	0	1.0000	0.0000	1.0000	0.3381	NaN	NaN	NaN	913702.0534	913702.4097	1.0000	1.0000	0.3600
26pz03	6	3	1	0	2.0000	0.0000	1.0000	NaN	3.0761	3.3055	13.9689	913703.3466	913703.6488	1.0000	1.0000	0.0329
26pz03	6	4	1	0	1.0000	0.0000	-1.0000	0.6556	NaN	NaN	NaN	913705.9243	913706.3383	0.0000	1.0000	0.2075
26pz03	6	4	1	0	2.0000	0.0000	1.0000	NaN	7.5645	9.6710	13.9802	913707.0996	913707.4041	1.0000	1.0000	0.2136
26pz03	6	5	1	0	1.0000	0.0000	1.0000	0.7400	NaN	NaN	NaN	913709.7542	913710.1592	1.0000	1.0000	0.2585
26pz03	6	5	1	0	2.0000	0.0000	1.0000	NaN	2.4572	2.4674	14.1805	913710.9784	913711.2806	1.0000	1.0000	0.1612
26pz03	6	6	1	0	1.0000	0.0000	1.0000	0.0605	NaN	NaN	NaN	913713.7004	913714.0524	1.0000	1.0000	0.4464
26pz03	6	6	1	0	2.0000	0.0000	1.0000	NaN	4.1777	5.6213	15.2587	913715.0571	913715.3597	1.0000	1.0000	0.0980
26pz03	6	7	1	0	1.0000	0.0000	-1.0000	0.6787	NaN	NaN	NaN	913717.8010	913718.1521	0.0000	1.0000	0.2016
26pz03	6	7	1	0	2.0000	0.0000	1.0000	NaN	5.1814	2.3888	14.3442	913718.9128	913719.2150	1.0000	1.0000	0.0061
26pz03	6	8	1	0	1.0000	0.0000	1.0000	0.7962	NaN	NaN	NaN	913721.6043	913721.9585	1.0000	1.0000	0.4917
26pz03	6	8	1	0	2.0000	0.0000	1.0000	NaN	1.0329	1.4673	15.1635	913722.9920	913723.2948	1.0000	1.0000	0.3882
26pz03	6	9	1	0	1.0000	0.0000	1.0000	0.4296	NaN	NaN	NaN	913726.1153	913726.4656	1.0000	1.0000	0.4655
26pz03	6	9	1	0	2.0000	0.0000	1.0000	NaN	4.7269	4.7517	14.4665	913727.4567	913727.7595	1.0000	1.0000	0.1314
26pz03	6	10	1	0	1.0000	0.0000	1.0000	0.5000	NaN	NaN	NaN	913730.0913	913730.4457	1.0000	1.0000	0.3086
26pz03	6	10	1	0	2.0000	0.0000	1.0000	NaN	5.0218	7.1426	13.9780	913731.3289	913731.6311	1.0000	1.0000	0.0061
26pz03	6	11	1	0	1.0000	0.0000	1.0000	0.7577	NaN	NaN	NaN	913733.6919	913734.0454	1.0000	1.0000	0.2768
26pz03	6	11	1	0	2.0000	0.0000	1.0000	NaN	7.7760	6.0899	14.9043	913734.8484	913735.1506	1.0000	1.0000	0.0061
26pz03	6	12	1	0	1.0000	0.0000	-1.0000	0.9138	NaN	NaN	NaN	913737.2804	913737.6316	0.0000	1.0000	0.2108
26pz03	6	12	1	0	2.0000	0.0000	1.0000	NaN	7.3949	7.9461	14.9351	913738.3851	913738.6873	1.0000	1.0000	0.0061
26pz03	6	13	1	0	1.0000	0.0000	1.0000	0.3225	NaN	NaN	NaN	913741.0616	913741.4130	1.0000	1.0000	0.3008
26pz03	6	13	1	0	2.0000	0.0000	1.0000	NaN	8.2113	9.5050	15.4845	913742.2414	913742.5439	1.0000	1.0000	0.0061
26pz03	6	14	1	0	1.0000	0.0000	-1.0000	0.7691	NaN	NaN	NaN	913744.5563	913744.9115	0.0000	1.0000	0.2274
26pz03	6	14	1	0	2.0000	0.0000	1.0000	NaN	4.1519	4.1782	15.8786	913745.6648	913745.9669	1.0000	1.0000	0.0061
26pz03	6	15	1	0	1.0000	0.0000	-1.0000	0.8530	NaN	NaN	NaN	913748.1083	913748.4626	0.0000	1.0000	0.1644
26pz03	6	15	1	0	2.0000	0.0000	1.0000	NaN	6.5090	4.6721	16.0980	913749.2020	913749.5041	1.0000	1.0000	0.0062
26pz03	6	16	1	0	1.0000	0.0000	-1.0000	0.0567	NaN	NaN	NaN	913751.4692	913751.8506	0.0000	1.0000	0.3598
26pz03	6	16	1	0	2.0000	0.0000	1.0000	NaN	5.4609	5.7185	15.2722	913752.7686	913753.0708	1.0000	1.0000	0.0062
26pz03	6	17	1	0	1.0000	0.0000	-1.0000	0.8530	NaN	NaN	NaN	913755.4008	913755.7570	0.0000	1.0000	0.2137
26pz03	6	17	1	0	2.0000	0.0000	1.0000	NaN	9.1446	8.7375	15.4883	913756.4800	913756.7822	1.0000	1.0000	0.0061
26pz03	6	18	1	0	1.0000	0.0000	-1.0000	0.0358	NaN	NaN	NaN	913758.9056	913759.2608	1.0000	0.0000	0.5661
26pz03	6	18	1	0	2.0000	0.0000	-1.0000	NaN	1.8403	-1.4573	15.1353	913760.3688	913760.6710	1.0000	0.0000	0.4186
26pz03	6	19	1	0	1.0000	0.0000	-1.0000	0.9391	NaN	NaN	NaN	913763.5299	913763.8804	0.0000	1.0000	0.2661
26pz03	6	19	1	0	2.0000	0.0000	1.0000	NaN	3.1528	3.0939	14.6903	913764.7047	913765.0074	1.0000	1.0000	0.0342
26pz03	6	20	1	0	1.0000	0.0000	-1.0000	0.2904	NaN	NaN	NaN	913767.2178	913767.5731	0.0000	1.0000	0.6697
26pz03	6	20	1	0	2.0000	0.0000	1.0000	NaN	6.4571	5.4694	16.7697	913768.8011	913769.1033	1.0000	1.0000	0.1474
26pz03	6	21	1	0	1.0000	0.0000	1.0000	0.5619	NaN	NaN	NaN	913771.8674	913772.2228	1.0000	1.0000	0.2916
26pz03	6	21	1	0	2.0000	0.0000	1.0000	NaN	1.9274	0.9842	15.7569	913773.0579	913773.3601	1.0000	1.0000	0.3064
26pz03	6	22	1	0	1.0000	0.0000	1.0000	0.5870	NaN	NaN	NaN	913775.9825	913776.3393	1.0000	1.0000	0.3355
26pz03	6	22	1	0	2.0000	0.0000	1.0000	NaN	2.1738	3.7232	14.3352	913777.2173	913777.5195	1.0000	1.0000	0.2432
26pz03	6	23	1	0	1.0000	0.0000	-1.0000	0.4950	NaN	NaN	NaN	913780.0956	913780.4461	0.0000	1.0000	0.2931
26pz03	6	23	1	0	2.0000	0.0000	1.0000	NaN	1.5445	1.6499	15.9650	913781.2990	913781.6013	1.0000	1.0000	0.0174
26pz03	6	24	1	0	1.0000	0.0000	1.0000	0.5108	NaN	NaN	NaN	913784.0100	913784.3609	1.0000	1.0000	0.3927
26pz03	6	24	1	0	2.0000	0.0000	1.0000	NaN	8.5555	10.3628	15.2961	913785.2972	913785.5994	1.0000	1.0000	0.2435
26pz03	6	25	1	0	1.0000	0.0000	1.0000	0.0527	NaN	NaN	NaN	913787.7842	913788.1386	0.0000	0.0000	0.7443
26pz03	6	25	1	0	2.0000	0.0000	-1.0000	NaN	7.7208	-9.4000	15.6827	913789.4424	913789.7446	0.0000	1.0000	0.2422
26pz03	6	26	1	0	1.0000	0.0000	1.0000	0.1040	NaN	NaN	NaN	913792.3623	913792.7119	1.0000	1.0000	0.3301
26pz03	6	26	1	0	2.0000	0.0000	1.0000	NaN	7.8012	6.0241	13.7766	913793.6331	913793.9353	1.0000	1.0000	0.0504
26pz03	6	27	1	0	1.0000	0.0000	1.0000	0.5328	NaN	NaN	NaN	913796.5287	913796.8814	1.0000	1.0000	0.2414
26pz03	6	27	1	0	2.0000	0.0000	1.0000	NaN	3.6699	2.5665	14.5491	913797.6816	913797.9838	1.0000	1.0000	0.4019
26pz03	6	28	1	0	1.0000	0.0000	1.0000	0.3624	NaN	NaN	NaN	913800.7122	913801.1155	1.0000	1.0000	0.7593
26pz03	6	28	1	0	2.0000	0.0000	1.0000	NaN	0.5183	1.9985	17.4926	913802.4455	913802.7494	1.0000	1.0000	0.1809
26pz03	6	29	1	0	1.0000	0.0000	-1.0000	0.5308	NaN	NaN	NaN	913804.7653	913805.1811	0.0000	1.0000	0.1654
26pz03	6	29	1	0	2.0000	0.0000	1.0000	NaN	8.1530	9.4883	16.3865	913805.8955	913806.1992	1.0000	1.0000	0.0061
26pz03	6	30	1	0	1.0000	0.0000	-1.0000	0.1967	NaN	NaN	NaN	913808.4506	913808.8650	1.0000	0.0000	0.0166
26pz03	6	30	1	0	2.0000	0.0000	-1.0000	NaN	0.9770	-3.2397	13.7842	913809.4017	913809.7084	0.0000	1.0000	0.2304
26pz03	6	31	1	0	1.0000	0.0000	-1.0000	0.2240	NaN	NaN	NaN	913812.0756	913812.4780	0.0000	1.0000	0.4196
26pz03	6	31	1	0	2.0000	0.0000	1.0000	NaN	6.9880	7.7409	16.0183	913813.4414	913813.7435	1.0000	1.0000	0.1152
26pz03	6	32	1	0	1.0000	0.0000	1.0000	0.9452	NaN	NaN	NaN	913815.6595	913816.0113	1.0000	1.0000	0.2950
26pz03	6	32	1	0	2.0000	0.0000	1.0000	NaN	2.1862	1.5227	14.4192	913816.8159	913817.1181	1.0000	1.0000	0.0529
26pz03	6	33	1	0	1.0000	0.0000	1.0000	0.4162	NaN	NaN	NaN	913819.1230	913819.4758	1.0000	1.0000	0.4458
26pz03	6	33	1	0	2.0000	0.0000	1.0000	NaN	8.8097	8.3185	16.2171	913820.4487	913820.7509	1.0000	1.0000	0.0679
26pz03	6	34	1	0	1.0000	0.0000	1.0000	0.7791	NaN	NaN	NaN	913823.2354	913823.5910	1.0000	1.0000	0.2671
26pz03	6	34	1	0	2.0000	0.0000	1.0000	NaN	7.4820	6.5369	14.8737	913824.3995	913824.7017	1.0000	1.0000	0.0061
26pz03	6	35	1	0	1.0000	0.0000	-1.0000	0.9027	NaN	NaN	NaN	913826.9240	913827.2753	0.0000	1.0000	0.2796
26pz03	6	35	1	0	2.0000	0.0000	1.0000	NaN	9.8860	10.6167	14.8540	913828.0652	913828.3675	1.0000	1.0000	0.1304
26pz03	6	36	1	0	1.0000	0.0000	-1.0000	0.3664	NaN	NaN	NaN	913830.5492	913830.9031	0.0000	1.0000	0.2185
26pz03	6	36	1	0	2.0000	0.0000	1.0000	NaN	3.8632	2.8741	15.3740	913831.6163	913831.9185	1.0000	1.0000	0.0061
26pz03	6	37	1	0	1.0000	0.0000	-1.0000	0.5678	NaN	NaN	NaN	913833.9903	913834.3417	0.0000	1.0000	0.2851
26pz03	6	37	1	0	2.0000	0.0000	1.0000	NaN	0.7937	1.1852	15.8181	913835.1527	913835.4558	1.0000	1.0000	4.4337
26pz03	6	38	1	0	1.0000	0.0000	-1.0000	0.3724	NaN	NaN	NaN	913841.9414	913842.2927	0.0000	1.0000	0.3008
26pz03	6	38	1	0	2.0000	0.0000	1.0000	NaN	2.0731	0.6575	13.1877	913843.1222	913843.4244	1.0000	1.0000	0.1145
26pz03	6	39	1	0	1.0000	0.0000	-1.0000	0.3968	NaN	NaN	NaN	913845.8726	913846.2798	0.0000	1.0000	0.2978
26pz03	6	39	1	0	2.0000	0.0000	1.0000	NaN	0.7743	0.7047	15.8520	913847.1101	913847.4140	1.0000	1.0000	0.2523
26pz03	6	40	1	0	1.0000	0.0000	-1.0000	0.2703	NaN	NaN	NaN	913849.9847	913850.3622	0.0000	1.0000	0.3446
26pz03	6	40	1	0	2.0000	0.0000	1.0000	NaN	2.0619	3.8880	14.5420	913851.2329	913851.5352	1.0000	1.0000	0.3556
26pz03	6	41	1	0	1.0000	0.0000	-1.0000	0.1175	NaN	NaN	NaN	913854.2822	913854.6395	0.0000	1.0000	0.4025
26pz03	6	41	1	0	2.0000	0.0000	1.0000	NaN	6.7043	8.3972	14.1374	913855.6000	913855.9026	1.0000	1.0000	0.1802
26pz03	6	42	1	0	1.0000	0.0000	1.0000	0.7073	NaN	NaN	NaN	913858.5907	913858.9424	1.0000	1.0000	0.3716
26pz03	6	42	1	0	2.0000	0.0000	1.0000	NaN	8.1761	9.6841	18.2822	913859.8410	913860.1432	1.0000	1.0000	0.1627
26pz03	6	43	1	0	1.0000	0.0000	1.0000	0.6324	NaN	NaN	NaN	913862.4147	913862.7681	1.0000	1.0000	0.6109
26pz03	6	43	1	0	2.0000	0.0000	1.0000	NaN	1.0206	1.7246	16.1899	913863.9543	913864.2565	0.0000	0.0000	1.0096
26pz03	6	44	1	0	1.0000	0.0000	1.0000	0.7703	NaN	NaN	NaN	913867.5264	913867.8780	1.0000	1.0000	0.9080
26pz03	6	44	1	0	2.0000	0.0000	1.0000	NaN	3.6646	5.2027	13.6988	913869.3452	913869.6473	1.0000	1.0000	0.0061
26pz03	6	45	1	0	1.0000	0.0000	1.0000	0.7788	NaN	NaN	NaN	913872.2514	913872.6052	1.0000	1.0000	0.5010
26pz03	6	45	1	0	2.0000	0.0000	1.0000	NaN	4.4309	2.4116	15.7133	913873.6482	913873.9504	1.0000	1.0000	0.0200
26pz03	6	46	1	0	1.0000	0.0000	1.0000	0.5407	NaN	NaN	NaN	913876.1787	913876.5343	1.0000	1.0000	0.6992
26pz03	6	46	1	0	2.0000	0.0000	1.0000	NaN	9.1029	7.9491	15.7866	913877.7941	913878.0964	1.0000	1.0000	0.2097
26pz03	6	47	1	0	1.0000	0.0000	-1.0000	0.6761	NaN	NaN	NaN	913880.2643	913880.6214	0.0000	1.0000	0.2924
26pz03	6	47	1	0	2.0000	0.0000	1.0000	NaN	3.0247	2.1467	13.7858	913881.4409	913881.7431	1.0000	1.0000	0.0061
26pz03	6	48	1	0	1.0000	0.0000	-1.0000	0.6834	NaN	NaN	NaN	913883.7886	913884.1392	0.0000	1.0000	0.2635
26pz03	6	48	1	0	2.0000	0.0000	1.0000	NaN	7.3670	7.0927	14.6698	913884.9287	913885.2310	1.0000	1.0000	0.8191
26pz03	6	49	1	0	1.0000	0.0000	-1.0000	0.2399	NaN	NaN	NaN	913888.1924	913888.5426	0.0000	1.0000	1.5233
26pz03	6	49	1	0	2.0000	0.0000	1.0000	NaN	9.2763	7.8809	15.3892	913890.5922	913890.8943	1.0000	1.0000	0.0063
26pz03	6	50	1	0	1.0000	0.0000	1.0000	0.9995	NaN	NaN	NaN	913892.9705	913893.3774	1.0000	1.0000	0.2413
26pz03	6	50	1	0	2.0000	0.0000	1.0000	NaN	3.0120	3.7919	14.3879	913894.1864	913894.4902	1.0000	1.0000	0.0061
