19ll03	1	1	1	1	1.0000	1.0000	1.0000	NaN	6.5192	6.6142	14.5816	847722.6591	847722.9612	1.0000	1.0000	0.2139
19ll03	1	1	1	1	2.0000	1.0000	1.0000	0.0989	NaN	NaN	NaN	847723.7113	847724.0624	0.0000	0.0000	0.6171
19ll03	1	2	1	1	1.0000	1.0000	-1.0000	NaN	7.4077	-9.8212	14.5580	847727.2307	847727.5328	0.0000	1.0000	0.2012
19ll03	1	2	1	1	2.0000	1.0000	1.0000	0.0808	NaN	NaN	NaN	847728.2713	847728.6251	1.0000	1.0000	0.2466
19ll03	1	3	1	1	1.0000	1.0000	1.0000	NaN	4.7617	5.1340	15.6671	847731.3693	847731.6725	1.0000	1.0000	0.1901
19ll03	1	3	1	1	2.0000	1.0000	1.0000	0.1830	NaN	NaN	NaN	847732.4154	847732.7694	1.0000	1.0000	0.1812
19ll03	1	4	1	1	1.0000	1.0000	-1.0000	NaN	4.9516	-3.8756	14.6596	847735.3580	847735.6616	1.0000	0.0000	0.3924
19ll03	1	4	1	1	2.0000	1.0000	-1.0000	0.1916	NaN	NaN	NaN	847736.5962	847737.0125	0.0000	1.0000	0.0181
19ll03	1	5	1	1	1.0000	1.0000	1.0000	NaN	4.2497	4.8546	14.8026	847739.4770	847739.7808	1.0000	1.0000	0.4182
19ll03	1	5	1	1	2.0000	1.0000	1.0000	0.2545	NaN	NaN	NaN	847740.7219	847741.1313	1.0000	1.0000	0.0279
19ll03	1	6	1	1	1.0000	1.0000	1.0000	NaN	7.1254	5.6940	15.6944	847743.2429	847743.5473	1.0000	1.0000	0.2192
19ll03	1	6	1	1	2.0000	1.0000	1.0000	0.2592	NaN	NaN	NaN	847744.2910	847744.6896	1.0000	1.0000	0.0371
19ll03	1	7	1	1	1.0000	1.0000	-1.0000	NaN	1.6177	-2.1819	15.0532	847747.0839	847747.3866	0.0000	1.0000	0.3634
19ll03	1	7	1	1	2.0000	1.0000	1.0000	0.0330	NaN	NaN	NaN	847748.2871	847748.6408	1.0000	1.0000	0.2618
19ll03	1	8	1	1	1.0000	1.0000	-1.0000	NaN	2.0075	-2.2268	14.0282	847751.0515	847751.3549	1.0000	0.0000	0.2031
19ll03	1	8	1	1	2.0000	1.0000	-1.0000	0.0562	NaN	NaN	NaN	847752.0785	847752.4354	1.0000	0.0000	0.7885
19ll03	1	9	1	1	1.0000	1.0000	-1.0000	NaN	7.1248	-7.9604	16.5909	847755.2891	847755.5912	0.0000	1.0000	0.2718
19ll03	1	9	1	1	2.0000	1.0000	1.0000	0.1069	NaN	NaN	NaN	847756.3984	847756.7517	1.0000	1.0000	0.1988
19ll03	1	10	1	1	1.0000	1.0000	1.0000	NaN	2.5421	3.7433	14.7467	847759.0485	847759.3507	1.0000	1.0000	0.2398
19ll03	1	10	1	1	2.0000	1.0000	1.0000	0.0573	NaN	NaN	NaN	847760.1273	847760.4774	0.0000	0.0000	0.2325
19ll03	1	11	1	1	1.0000	1.0000	-1.0000	NaN	5.5843	-3.2026	15.4544	847762.8358	847763.1379	0.0000	1.0000	0.3247
19ll03	1	11	1	1	2.0000	1.0000	1.0000	0.0885	NaN	NaN	NaN	847763.9982	847764.3513	1.0000	1.0000	0.2627
19ll03	1	12	1	1	1.0000	1.0000	1.0000	NaN	4.6244	4.5032	14.5152	847767.0723	847767.3744	1.0000	1.0000	0.2476
19ll03	1	12	1	1	2.0000	1.0000	1.0000	0.1572	NaN	NaN	NaN	847768.1593	847768.5105	1.0000	1.0000	0.1835
19ll03	1	13	1	1	1.0000	1.0000	-1.0000	NaN	4.7918	-4.1549	13.2432	847770.5339	847770.8373	0.0000	1.0000	0.2247
19ll03	1	13	1	1	2.0000	1.0000	1.0000	0.0007	NaN	NaN	NaN	847771.5988	847771.9551	1.0000	1.0000	0.1165
19ll03	1	14	1	1	1.0000	1.0000	-1.0000	NaN	3.5447	-4.0081	13.5395	847774.0203	847774.3223	0.0000	1.0000	0.1962
19ll03	1	14	1	1	2.0000	1.0000	1.0000	0.1842	NaN	NaN	NaN	847775.0561	847775.4061	1.0000	1.0000	0.1524
19ll03	1	15	1	1	1.0000	1.0000	-1.0000	NaN	6.7471	-5.9842	14.5932	847777.6803	847777.9824	0.0000	1.0000	0.1995
19ll03	1	15	1	1	2.0000	1.0000	1.0000	0.0145	NaN	NaN	NaN	847778.7028	847779.0559	1.0000	1.0000	0.2636
19ll03	1	16	1	1	1.0000	1.0000	-1.0000	NaN	4.1295	-3.1292	15.7963	847781.5420	847781.8465	1.0000	0.0000	0.4321
19ll03	1	16	1	1	2.0000	1.0000	-1.0000	0.0325	NaN	NaN	NaN	847782.8182	847783.2291	0.0000	1.0000	0.4249
19ll03	1	17	1	1	1.0000	1.0000	-1.0000	NaN	4.0848	-5.2664	14.4304	847785.4888	847785.7932	0.0000	1.0000	0.2622
19ll03	1	17	1	1	2.0000	1.0000	1.0000	0.1251	NaN	NaN	NaN	847786.5953	847787.0128	1.0000	1.0000	0.1303
19ll03	1	18	1	1	1.0000	1.0000	1.0000	NaN	3.2155	2.2376	16.4845	847789.5152	847789.8181	1.0000	1.0000	0.3495
19ll03	1	18	1	1	2.0000	1.0000	1.0000	0.2242	NaN	NaN	NaN	847790.7186	847791.0720	1.0000	1.0000	0.1660
19ll03	1	19	1	1	1.0000	1.0000	1.0000	NaN	1.3647	0.5810	15.0048	847793.4371	847793.7393	1.0000	1.0000	0.3947
19ll03	1	19	1	1	2.0000	1.0000	1.0000	0.1408	NaN	NaN	NaN	847794.6555	847795.0066	1.0000	1.0000	0.1673
19ll03	1	20	1	1	1.0000	1.0000	-1.0000	NaN	2.6054	-2.7408	14.8637	847797.3645	847797.6670	0.0000	1.0000	0.3073
19ll03	1	20	1	1	2.0000	1.0000	1.0000	0.2030	NaN	NaN	NaN	847798.4943	847798.8497	1.0000	1.0000	0.1494
19ll03	1	21	1	1	1.0000	1.0000	1.0000	NaN	4.3503	4.8225	15.9847	847800.9469	847801.2490	1.0000	1.0000	0.2460
19ll03	1	21	1	1	2.0000	1.0000	1.0000	0.2230	NaN	NaN	NaN	847802.0147	847802.3700	1.0000	1.0000	0.1331
19ll03	1	22	1	1	1.0000	1.0000	1.0000	NaN	5.5606	6.9627	15.3541	847804.4359	847804.7381	1.0000	1.0000	0.2598
19ll03	1	22	1	1	2.0000	1.0000	1.0000	0.0256	NaN	NaN	NaN	847805.5182	847805.8712	1.0000	1.0000	0.2313
19ll03	1	23	1	1	1.0000	1.0000	-1.0000	NaN	1.8889	-1.8926	15.6590	847808.3520	847808.6540	1.0000	0.0000	0.2493
19ll03	1	23	1	1	2.0000	1.0000	-1.0000	0.0372	NaN	NaN	NaN	847809.4231	847809.7725	1.0000	0.0000	0.3138
19ll03	1	24	1	1	1.0000	1.0000	1.0000	NaN	1.1665	2.8694	14.1315	847812.3695	847812.6716	1.0000	1.0000	0.3105
19ll03	1	24	1	1	2.0000	1.0000	1.0000	0.2536	NaN	NaN	NaN	847813.5043	847813.8556	1.0000	1.0000	0.3912
19ll03	1	25	1	1	1.0000	1.0000	1.0000	NaN	4.5548	4.2363	15.8056	847816.2402	847816.5423	1.0000	1.0000	0.2637
19ll03	1	25	1	1	2.0000	1.0000	1.0000	0.1155	NaN	NaN	NaN	847817.3268	847817.6821	1.0000	1.0000	0.2601
19ll03	1	26	1	1	1.0000	1.0000	-1.0000	NaN	2.4608	-2.9088	16.3976	847820.3825	847820.6848	0.0000	1.0000	0.2651
19ll03	1	26	1	1	2.0000	1.0000	1.0000	0.1289	NaN	NaN	NaN	847821.5037	847821.8538	1.0000	1.0000	0.0731
19ll03	1	27	1	1	1.0000	1.0000	1.0000	NaN	2.9185	2.0498	16.1311	847824.2150	847824.5179	1.0000	1.0000	0.2403
19ll03	1	27	1	1	2.0000	1.0000	1.0000	0.1213	NaN	NaN	NaN	847825.3112	847825.6649	1.0000	1.0000	0.1338
19ll03	1	28	1	1	1.0000	1.0000	1.0000	NaN	3.8925	3.3462	14.7132	847828.0130	847828.3207	1.0000	1.0000	0.1987
19ll03	1	28	1	1	2.0000	1.0000	1.0000	0.0385	NaN	NaN	NaN	847829.0598	847829.4768	1.0000	1.0000	0.3057
19ll03	1	29	1	1	1.0000	1.0000	-1.0000	NaN	2.1178	-2.6607	14.3124	847832.0398	847832.3446	0.0000	1.0000	0.3013
19ll03	1	29	1	1	2.0000	1.0000	1.0000	0.1952	NaN	NaN	NaN	847833.1725	847833.5938	1.0000	1.0000	0.1241
19ll03	1	30	1	1	1.0000	1.0000	1.0000	NaN	2.8639	3.8741	15.1650	847835.7582	847836.0626	1.0000	1.0000	0.2953
19ll03	1	30	1	1	2.0000	1.0000	1.0000	0.1202	NaN	NaN	NaN	847836.8822	847837.2931	1.0000	1.0000	0.1225
19ll03	1	31	1	1	1.0000	1.0000	-1.0000	NaN	5.3751	-3.5824	16.2092	847839.7996	847840.1040	0.0000	1.0000	0.5419
19ll03	1	31	1	1	2.0000	1.0000	1.0000	0.1393	NaN	NaN	NaN	847841.1724	847841.5928	0.0000	0.0000	0.4142
19ll03	1	32	1	1	1.0000	1.0000	-1.0000	NaN	4.4024	-3.6860	15.8130	847843.9364	847844.2407	0.0000	1.0000	1.1252
19ll03	1	32	1	1	2.0000	1.0000	1.0000	0.1628	NaN	NaN	NaN	847845.8920	847846.3063	1.0000	1.0000	0.3396
19ll03	1	33	1	1	1.0000	1.0000	-1.0000	NaN	2.5126	-2.5111	16.1168	847848.4857	847848.7878	1.0000	0.0000	0.4988
19ll03	1	33	1	1	2.0000	1.0000	-1.0000	0.1272	NaN	NaN	NaN	847849.8384	847850.1897	0.0000	1.0000	0.2481
19ll03	1	34	1	1	1.0000	1.0000	1.0000	NaN	3.3275	2.1538	15.0207	847852.5376	847852.8398	1.0000	1.0000	0.2861
19ll03	1	34	1	1	2.0000	1.0000	1.0000	0.1165	NaN	NaN	NaN	847853.6781	847854.0340	1.0000	1.0000	0.4364
19ll03	1	35	1	1	1.0000	1.0000	-1.0000	NaN	4.9964	-4.1604	16.5818	847857.0922	847857.3944	1.0000	0.0000	0.6275
19ll03	1	35	1	1	2.0000	1.0000	-1.0000	0.0904	NaN	NaN	NaN	847858.5743	847858.9300	0.0000	1.0000	0.2443
19ll03	1	36	1	1	1.0000	1.0000	-1.0000	NaN	4.8841	-4.2465	14.8719	847861.4973	847861.7995	0.0000	1.0000	0.4624
19ll03	1	36	1	1	2.0000	1.0000	1.0000	0.1395	NaN	NaN	NaN	847862.7992	847863.1517	1.0000	1.0000	0.1662
19ll03	1	37	1	1	1.0000	1.0000	1.0000	NaN	7.2202	8.5631	14.0524	847865.6919	847865.9940	1.0000	1.0000	0.2688
19ll03	1	37	1	1	2.0000	1.0000	1.0000	0.0430	NaN	NaN	NaN	847866.7991	847867.1515	0.0000	0.0000	0.2783
19ll03	1	38	1	1	1.0000	1.0000	1.0000	NaN	0.3842	0.0046	15.2086	847870.0999	847870.4021	0.0000	0.0000	0.4217
19ll03	1	38	1	1	2.0000	1.0000	-1.0000	0.0019	NaN	NaN	NaN	847871.3590	847871.7125	0.0000	1.0000	0.2311
19ll03	1	39	1	1	1.0000	1.0000	1.0000	NaN	4.1729	5.0816	12.6400	847874.0405	847874.3427	1.0000	1.0000	0.2552
19ll03	1	39	1	1	2.0000	1.0000	1.0000	0.2429	NaN	NaN	NaN	847875.1405	847875.5292	1.0000	1.0000	0.1732
19ll03	1	40	1	1	1.0000	1.0000	-1.0000	NaN	4.9740	-5.4823	14.6734	847877.7243	847878.0264	1.0000	0.0000	0.9880
19ll03	1	40	1	1	2.0000	1.0000	-1.0000	0.0419	NaN	NaN	NaN	847879.5684	847879.9190	1.0000	0.0000	0.4559
19ll03	1	41	1	1	1.0000	1.0000	-1.0000	NaN	3.7548	-5.3518	13.8062	847882.6152	847882.9173	0.0000	1.0000	0.2732
19ll03	1	41	1	1	2.0000	1.0000	1.0000	0.0293	NaN	NaN	NaN	847883.7106	847884.0659	1.0000	1.0000	0.2608
19ll03	1	42	1	1	1.0000	1.0000	1.0000	NaN	4.3780	5.3376	16.4884	847886.5247	847886.8270	1.0000	1.0000	0.2516
19ll03	1	42	1	1	2.0000	1.0000	1.0000	0.0918	NaN	NaN	NaN	847887.6145	847887.9671	1.0000	1.0000	0.4387
19ll03	1	43	1	1	1.0000	1.0000	-1.0000	NaN	0.9767	-2.9347	13.7207	847890.9706	847891.2727	0.0000	1.0000	0.3016
19ll03	1	43	1	1	2.0000	1.0000	1.0000	0.1568	NaN	NaN	NaN	847892.0791	847892.4322	1.0000	1.0000	0.3737
19ll03	1	44	1	1	1.0000	1.0000	1.0000	NaN	2.6270	1.5501	14.8374	847894.9544	847895.2566	1.0000	1.0000	0.5099
19ll03	1	44	1	1	2.0000	1.0000	1.0000	0.1759	NaN	NaN	NaN	847896.2869	847896.6373	1.0000	1.0000	0.2336
19ll03	1	45	1	1	1.0000	1.0000	1.0000	NaN	1.4993	1.8426	12.0363	847898.6924	847898.9947	1.0000	1.0000	0.5961
19ll03	1	45	1	1	2.0000	1.0000	1.0000	0.1603	NaN	NaN	NaN	847900.1266	847900.4817	1.0000	1.0000	0.2921
19ll03	1	46	1	1	1.0000	1.0000	-1.0000	NaN	7.4651	-7.3823	14.3980	847902.7221	847903.0242	1.0000	0.0000	0.4856
19ll03	1	46	1	1	2.0000	1.0000	-1.0000	0.0313	NaN	NaN	NaN	847904.0622	847904.4150	0.0000	1.0000	0.1840
19ll03	1	47	1	1	1.0000	1.0000	1.0000	NaN	5.5331	6.5300	14.5566	847906.7220	847907.0242	1.0000	1.0000	0.2138
19ll03	1	47	1	1	2.0000	1.0000	1.0000	0.0543	NaN	NaN	NaN	847907.7745	847908.1315	1.0000	1.0000	0.1955
19ll03	1	48	1	1	1.0000	1.0000	1.0000	NaN	0.2397	1.3253	15.5720	847910.5700	847910.8721	1.0000	1.0000	0.3662
19ll03	1	48	1	1	2.0000	1.0000	1.0000	0.0212	NaN	NaN	NaN	847911.7745	847912.1312	1.0000	1.0000	0.3397
19ll03	1	49	1	1	1.0000	1.0000	-1.0000	NaN	0.4380	-0.6992	14.7122	847914.6278	847914.9301	1.0000	0.0000	0.3565
19ll03	1	49	1	1	2.0000	1.0000	-1.0000	0.2597	NaN	NaN	NaN	847915.8070	847916.1602	0.0000	1.0000	0.1501
19ll03	1	50	1	1	1.0000	1.0000	-1.0000	NaN	7.7614	-8.2182	15.4744	847918.2847	847918.5868	1.0000	0.0000	0.5564
19ll03	1	50	1	1	2.0000	1.0000	-1.0000	0.2118	NaN	NaN	NaN	847919.6791	847920.0322	0.0000	1.0000	0.3266
19ll03	2	1	1	1	1.0000	1.0000	1.0000	NaN	2.4096	2.1000	16.2472	847925.1656	847925.4705	1.0000	1.0000	0.5998
19ll03	2	1	1	1	2.0000	1.0000	1.0000	0.1211	NaN	NaN	NaN	847926.5940	847927.0187	0.0000	0.0000	0.3156
19ll03	2	2	1	1	1.0000	1.0000	1.0000	NaN	6.3497	6.6331	15.4280	847929.7494	847930.0541	1.0000	1.0000	0.3053
19ll03	2	2	1	1	2.0000	1.0000	1.0000	0.1662	NaN	NaN	NaN	847930.9160	847931.3384	1.0000	1.0000	0.3799
19ll03	2	3	1	1	1.0000	1.0000	1.0000	NaN	2.6345	0.4962	16.4984	847933.8347	847934.1391	0.0000	0.0000	0.6346
19ll03	2	3	1	1	2.0000	1.0000	-1.0000	0.0468	NaN	NaN	NaN	847935.2842	847935.7048	1.0000	0.0000	0.3186
19ll03	2	4	1	1	1.0000	1.0000	1.0000	NaN	3.5317	4.5283	14.1443	847937.9987	847938.3031	1.0000	1.0000	0.1991
19ll03	2	4	1	1	2.0000	1.0000	1.0000	0.1418	NaN	NaN	NaN	847939.0419	847939.4547	1.0000	1.0000	0.1031
19ll03	2	5	1	1	1.0000	1.0000	1.0000	NaN	6.3438	6.6191	13.1419	847941.6676	847941.9720	1.0000	1.0000	0.2105
19ll03	2	5	1	1	2.0000	1.0000	1.0000	0.0964	NaN	NaN	NaN	847942.7216	847943.1378	1.0000	1.0000	0.5804
19ll03	2	6	1	1	1.0000	1.0000	1.0000	NaN	3.1063	1.6564	15.4871	847946.1918	847946.4951	0.0000	0.0000	0.5352
19ll03	2	6	1	1	2.0000	1.0000	-1.0000	0.2063	NaN	NaN	NaN	847947.5670	847947.9181	0.0000	1.0000	0.3605
19ll03	2	7	1	1	1.0000	1.0000	-1.0000	NaN	1.5866	-2.3361	14.8100	847950.6533	847950.9554	1.0000	0.0000	0.3154
19ll03	2	7	1	1	2.0000	1.0000	-1.0000	0.1042	NaN	NaN	NaN	847951.8072	847952.1625	1.0000	0.0000	0.5641
19ll03	2	8	1	1	1.0000	1.0000	-1.0000	NaN	1.5470	-0.1387	12.6993	847955.2307	847955.5328	1.0000	0.0000	0.6969
19ll03	2	8	1	1	2.0000	1.0000	-1.0000	0.1222	NaN	NaN	NaN	847956.7509	847957.1008	1.0000	0.0000	0.4902
19ll03	2	9	1	1	1.0000	1.0000	1.0000	NaN	0.6315	0.2078	16.0339	847959.9349	847960.2369	0.0000	0.0000	0.6168
19ll03	2	9	1	1	2.0000	1.0000	-1.0000	0.2458	NaN	NaN	NaN	847961.3740	847961.7287	0.0000	1.0000	0.3891
19ll03	2	10	1	1	1.0000	1.0000	-1.0000	NaN	0.7734	-1.2344	15.0487	847964.5412	847964.8442	1.0000	0.0000	0.3621
19ll03	2	10	1	1	2.0000	1.0000	-1.0000	0.1753	NaN	NaN	NaN	847965.7429	847966.0966	1.0000	0.0000	0.4538
19ll03	2	11	1	1	1.0000	1.0000	-1.0000	NaN	6.9382	-7.6320	16.3614	847968.5247	847968.8307	1.0000	0.0000	1.0965
19ll03	2	11	1	1	2.0000	1.0000	-1.0000	0.0755	NaN	NaN	NaN	847970.4691	847970.8859	0.0000	1.0000	0.4324
19ll03	2	12	1	1	1.0000	1.0000	1.0000	NaN	7.6380	8.4310	16.3549	847973.4414	847973.7473	1.0000	1.0000	0.2589
19ll03	2	12	1	1	2.0000	1.0000	1.0000	0.1245	NaN	NaN	NaN	847974.5633	847974.9867	1.0000	1.0000	0.7470
19ll03	2	13	1	1	1.0000	1.0000	-1.0000	NaN	7.1393	-8.3747	15.0460	847978.3684	847978.6733	0.0000	1.0000	0.3410
19ll03	2	13	1	1	2.0000	1.0000	1.0000	0.1686	NaN	NaN	NaN	847979.5377	847979.9404	1.0000	1.0000	0.0653
19ll03	2	14	1	1	1.0000	1.0000	-1.0000	NaN	1.4660	-1.6514	15.7221	847982.5200	847982.8221	1.0000	0.0000	0.2562
19ll03	2	14	1	1	2.0000	1.0000	-1.0000	0.1659	NaN	NaN	NaN	847983.5990	847983.9495	1.0000	0.0000	0.2642
19ll03	2	15	1	1	1.0000	1.0000	1.0000	NaN	3.7916	4.5887	15.1307	847986.6552	847986.9577	1.0000	1.0000	0.2817
19ll03	2	15	1	1	2.0000	1.0000	1.0000	0.0953	NaN	NaN	NaN	847987.7591	847988.1121	0.0000	0.0000	0.5502
19ll03	2	16	1	1	1.0000	1.0000	1.0000	NaN	6.2632	8.0231	14.6499	847990.7868	847991.0889	1.0000	1.0000	0.2452
19ll03	2	16	1	1	2.0000	1.0000	1.0000	0.0335	NaN	NaN	NaN	847991.8549	847992.2107	1.0000	1.0000	0.1310
19ll03	2	17	1	1	1.0000	1.0000	-1.0000	NaN	2.3504	-3.4854	15.3128	847994.5748	847994.8769	1.0000	0.0000	0.5698
19ll03	2	17	1	1	2.0000	1.0000	-1.0000	0.0765	NaN	NaN	NaN	847995.9819	847996.3323	0.0000	1.0000	0.8575
19ll03	2	18	1	1	1.0000	1.0000	1.0000	NaN	5.9280	4.3469	14.7573	847999.2317	847999.5338	1.0000	1.0000	0.2159
19ll03	2	18	1	1	2.0000	1.0000	1.0000	0.0482	NaN	NaN	NaN	848000.2708	848000.6267	1.0000	1.0000	0.2121
19ll03	2	19	1	1	1.0000	1.0000	1.0000	NaN	2.0110	4.2511	13.3508	848002.9771	848003.2792	1.0000	1.0000	0.3111
19ll03	2	19	1	1	2.0000	1.0000	1.0000	0.1485	NaN	NaN	NaN	848004.1430	848004.4946	1.0000	1.0000	0.2154
19ll03	2	20	1	1	1.0000	1.0000	-1.0000	NaN	5.5174	-6.3012	14.9728	848006.9596	848007.2617	0.0000	1.0000	0.4084
19ll03	2	20	1	1	2.0000	1.0000	1.0000	0.1743	NaN	NaN	NaN	848008.1909	848008.5444	1.0000	1.0000	0.9503
19ll03	2	21	1	1	1.0000	1.0000	1.0000	NaN	1.2173	2.7189	14.1750	848011.7428	848012.0450	1.0000	1.0000	0.2663
19ll03	2	21	1	1	2.0000	1.0000	1.0000	0.2584	NaN	NaN	NaN	848012.8309	848013.1814	1.0000	1.0000	0.5363
19ll03	2	22	1	1	1.0000	1.0000	-1.0000	NaN	5.5211	-5.5590	15.2580	848016.0366	848016.3440	0.0000	1.0000	0.2377
19ll03	2	22	1	1	2.0000	1.0000	1.0000	0.1479	NaN	NaN	NaN	848017.1056	848017.5286	1.0000	1.0000	0.5427
19ll03	2	23	1	1	1.0000	1.0000	1.0000	NaN	7.6921	6.9470	15.1778	848020.1891	848020.4950	0.0000	0.0000	0.6473
19ll03	2	23	1	1	2.0000	1.0000	-1.0000	0.2477	NaN	NaN	NaN	848021.6835	848022.1177	0.0000	1.0000	0.3212
19ll03	2	24	1	1	1.0000	1.0000	1.0000	NaN	0.1427	0.1850	14.7772	848024.6705	848024.9738	1.0000	1.0000	0.6319
19ll03	2	24	1	1	2.0000	1.0000	1.0000	0.1016	NaN	NaN	NaN	848026.1284	848026.4782	1.0000	1.0000	0.2973
19ll03	2	25	1	1	1.0000	1.0000	-1.0000	NaN	3.9368	-3.1078	14.9746	848028.8316	848029.1338	1.0000	0.0000	0.4879
19ll03	2	25	1	1	2.0000	1.0000	-1.0000	0.0136	NaN	NaN	NaN	848030.1443	848030.4948	0.0000	1.0000	0.7445
19ll03	2	26	1	1	1.0000	1.0000	-1.0000	NaN	1.6806	-2.3573	14.1708	848033.2876	848033.5908	1.0000	0.0000	0.2869
19ll03	2	26	1	1	2.0000	1.0000	-1.0000	0.1647	NaN	NaN	NaN	848034.3991	848034.7545	1.0000	0.0000	0.7248
19ll03	2	27	1	1	1.0000	1.0000	1.0000	NaN	1.0890	1.2311	15.0212	848037.7458	848038.0480	1.0000	1.0000	0.5504
19ll03	2	27	1	1	2.0000	1.0000	1.0000	0.0626	NaN	NaN	NaN	848039.1339	848039.4875	1.0000	1.0000	0.4232
19ll03	2	28	1	1	1.0000	1.0000	-1.0000	NaN	1.7484	-1.3052	15.5293	848042.0178	848042.3200	0.0000	1.0000	0.2473
19ll03	2	28	1	1	2.0000	1.0000	1.0000	0.2487	NaN	NaN	NaN	848043.1028	848043.4579	1.0000	1.0000	0.4049
19ll03	2	29	1	1	1.0000	1.0000	-1.0000	NaN	7.0968	-5.9903	15.6546	848045.8868	848046.1901	0.0000	1.0000	0.3115
19ll03	2	29	1	1	2.0000	1.0000	1.0000	0.0332	NaN	NaN	NaN	848047.0390	848047.3925	0.0000	0.0000	0.4694
19ll03	2	30	1	1	1.0000	1.0000	-1.0000	NaN	0.5390	-0.2452	14.2225	848050.5170	848050.8192	1.0000	0.0000	0.2275
19ll03	2	30	1	1	2.0000	1.0000	-1.0000	0.1961	NaN	NaN	NaN	848051.6141	848051.9703	1.0000	0.0000	0.4833
19ll03	2	31	1	1	1.0000	1.0000	1.0000	NaN	7.1840	5.7462	14.8129	848054.9351	848055.2378	1.0000	1.0000	0.3838
19ll03	2	31	1	1	2.0000	1.0000	1.0000	0.2466	NaN	NaN	NaN	848056.1602	848056.5101	1.0000	1.0000	0.2482
19ll03	2	32	1	1	1.0000	1.0000	-1.0000	NaN	4.6380	-3.8090	14.6621	848058.9626	848059.2648	1.0000	0.0000	0.5013
19ll03	2	32	1	1	2.0000	1.0000	-1.0000	0.1532	NaN	NaN	NaN	848060.3186	848060.6737	0.0000	1.0000	0.5159
19ll03	2	33	1	1	1.0000	1.0000	1.0000	NaN	1.7925	0.8511	14.2698	848063.4999	848063.8049	1.0000	1.0000	0.2807
19ll03	2	33	1	1	2.0000	1.0000	1.0000	0.0757	NaN	NaN	NaN	848064.6432	848065.0470	1.0000	1.0000	0.3833
19ll03	2	34	1	1	1.0000	1.0000	-1.0000	NaN	4.8528	-2.2122	15.1823	848067.7272	848068.0309	0.0000	1.0000	0.9194
19ll03	2	34	1	1	2.0000	1.0000	1.0000	0.2228	NaN	NaN	NaN	848069.4903	848069.9108	1.0000	1.0000	0.4164
19ll03	2	35	1	1	1.0000	1.0000	-1.0000	NaN	1.4045	-2.9677	14.1600	848072.2828	848072.5891	0.0000	1.0000	0.9378
19ll03	2	35	1	1	2.0000	1.0000	1.0000	0.0324	NaN	NaN	NaN	848074.0493	848074.4524	1.0000	1.0000	0.4670
19ll03	2	36	1	1	1.0000	1.0000	1.0000	NaN	0.8388	2.2198	14.5951	848077.0424	848077.3445	1.0000	1.0000	0.4052
19ll03	2	36	1	1	2.0000	1.0000	1.0000	0.2251	NaN	NaN	NaN	848078.2862	848078.6396	1.0000	1.0000	0.4381
19ll03	2	37	1	1	1.0000	1.0000	-1.0000	NaN	2.6526	-2.7888	15.9019	848081.2103	848081.5125	0.0000	1.0000	2.1262
19ll03	2	37	1	1	2.0000	1.0000	1.0000	0.0130	NaN	NaN	NaN	848084.1758	848084.5254	1.0000	1.0000	0.4738
19ll03	2	38	1	1	1.0000	1.0000	-1.0000	NaN	4.6941	-4.7752	14.9182	848087.5117	848087.8138	0.0000	1.0000	0.6572
19ll03	2	38	1	1	2.0000	1.0000	1.0000	0.1544	NaN	NaN	NaN	848088.9921	848089.3419	1.0000	1.0000	0.3441
19ll03	2	39	1	1	1.0000	1.0000	1.0000	NaN	2.5097	1.9685	15.3522	848092.3097	848092.6119	1.0000	1.0000	0.3864
19ll03	2	39	1	1	2.0000	1.0000	1.0000	0.2530	NaN	NaN	NaN	848093.5508	848093.9057	1.0000	1.0000	0.3239
19ll03	2	40	1	1	1.0000	1.0000	-1.0000	NaN	0.6195	-0.8365	15.2208	848096.3830	848096.6855	1.0000	0.0000	0.3282
19ll03	2	40	1	1	2.0000	1.0000	-1.0000	0.0988	NaN	NaN	NaN	848097.5507	848097.9052	1.0000	0.0000	0.4044
19ll03	2	41	1	1	1.0000	1.0000	1.0000	NaN	4.0749	5.6346	14.3956	848100.5009	848100.8040	1.0000	1.0000	0.2589
19ll03	2	41	1	1	2.0000	1.0000	1.0000	0.1565	NaN	NaN	NaN	848101.5828	848101.9385	1.0000	1.0000	0.2760
19ll03	2	42	1	1	1.0000	1.0000	-1.0000	NaN	6.0534	-4.6043	14.9522	848104.0383	848104.3404	0.0000	1.0000	0.6892
19ll03	2	42	1	1	2.0000	1.0000	1.0000	0.1367	NaN	NaN	NaN	848105.5671	848105.9214	1.0000	1.0000	0.7402
19ll03	2	43	1	1	1.0000	1.0000	1.0000	NaN	2.2360	3.1684	14.6473	848108.7906	848109.0950	1.0000	1.0000	0.3363
19ll03	2	43	1	1	2.0000	1.0000	1.0000	0.0353	NaN	NaN	NaN	848109.9539	848110.3742	1.0000	1.0000	0.3209
19ll03	2	44	1	1	1.0000	1.0000	-1.0000	NaN	1.9662	-3.3240	13.9499	848112.6926	848112.9971	0.0000	1.0000	0.2889
19ll03	2	44	1	1	2.0000	1.0000	1.0000	0.0601	NaN	NaN	NaN	848113.8119	848114.2292	1.0000	1.0000	0.3204
19ll03	2	45	1	1	1.0000	1.0000	-1.0000	NaN	4.8746	-1.6013	14.5411	848116.9977	848117.3048	1.0000	0.0000	1.0692
19ll03	2	45	1	1	2.0000	1.0000	-1.0000	0.1844	NaN	NaN	NaN	848118.9463	848119.3761	0.0000	1.0000	0.2626
19ll03	2	46	1	1	1.0000	1.0000	1.0000	NaN	2.5001	3.7520	13.8895	848121.8253	848122.1301	1.0000	1.0000	0.2610
19ll03	2	46	1	1	2.0000	1.0000	1.0000	0.0691	NaN	NaN	NaN	848122.9299	848123.3454	1.0000	1.0000	0.3101
19ll03	2	47	1	1	1.0000	1.0000	-1.0000	NaN	6.2630	-5.5124	13.6719	848125.8559	848126.1604	0.0000	1.0000	0.6463
19ll03	2	47	1	1	2.0000	1.0000	1.0000	0.1119	NaN	NaN	NaN	848127.3297	848127.7452	1.0000	1.0000	0.2763
19ll03	2	48	1	1	1.0000	1.0000	1.0000	NaN	5.9329	8.2043	16.8157	848129.9797	848130.2857	1.0000	1.0000	0.2159
19ll03	2	48	1	1	2.0000	1.0000	1.0000	0.1298	NaN	NaN	NaN	848131.0595	848131.4784	1.0000	1.0000	0.0158
19ll03	2	49	1	1	1.0000	1.0000	-1.0000	NaN	0.6670	-0.7879	14.7923	848133.7687	848134.0732	0.0000	1.0000	0.2364
19ll03	2	49	1	1	2.0000	1.0000	1.0000	0.0163	NaN	NaN	NaN	848134.8496	848135.2615	1.0000	1.0000	0.2492
19ll03	2	50	1	1	1.0000	1.0000	1.0000	NaN	7.1836	5.6418	14.9770	848137.7036	848138.0080	1.0000	1.0000	0.2220
19ll03	2	50	1	1	2.0000	1.0000	1.0000	0.1926	NaN	NaN	NaN	848138.7694	848139.1894	1.0000	1.0000	0.1442
19ll03	3	1	1	1	1.0000	1.0000	1.0000	NaN	4.8217	4.2527	15.6021	848143.7655	848144.0717	1.0000	1.0000	0.2555
19ll03	3	1	1	1	2.0000	1.0000	1.0000	0.2437	NaN	NaN	NaN	848144.8815	848145.2938	1.0000	1.0000	0.0893
19ll03	3	2	1	1	1.0000	1.0000	-1.0000	NaN	3.7691	-5.3216	14.6816	848147.2903	848147.5943	0.0000	1.0000	0.2513
19ll03	3	2	1	1	2.0000	1.0000	1.0000	0.2420	NaN	NaN	NaN	848148.3558	848148.7643	1.0000	1.0000	0.0747
19ll03	3	3	1	1	1.0000	1.0000	1.0000	NaN	3.4738	3.9268	15.5762	848151.0709	848151.3752	1.0000	1.0000	0.3743
19ll03	3	3	1	1	2.0000	1.0000	1.0000	0.1690	NaN	NaN	NaN	848152.3081	848152.6911	1.0000	1.0000	0.0984
19ll03	3	4	1	1	1.0000	1.0000	-1.0000	NaN	7.3115	-6.9704	14.7796	848154.5965	848154.8991	0.0000	1.0000	0.1950
19ll03	3	4	1	1	2.0000	1.0000	1.0000	0.0283	NaN	NaN	NaN	848155.5978	848156.0099	1.0000	1.0000	0.5237
19ll03	3	5	1	1	1.0000	1.0000	-1.0000	NaN	4.6590	-5.9789	16.2960	848158.4238	848158.7280	0.0000	1.0000	0.3344
19ll03	3	5	1	1	2.0000	1.0000	1.0000	0.0288	NaN	NaN	NaN	848159.5724	848159.9937	0.0000	0.0000	0.6049
19ll03	3	6	1	1	1.0000	1.0000	-1.0000	NaN	2.3571	-4.4062	15.6167	848163.1282	848163.4350	1.0000	0.0000	1.0665
19ll03	3	6	1	1	2.0000	1.0000	-1.0000	0.1575	NaN	NaN	NaN	848165.0429	848165.4734	0.0000	1.0000	0.2762
19ll03	3	7	1	1	1.0000	1.0000	1.0000	NaN	0.4568	0.9853	14.1229	848168.2182	848168.5229	1.0000	1.0000	0.3314
19ll03	3	7	1	1	2.0000	1.0000	1.0000	0.1140	NaN	NaN	NaN	848169.3937	848169.8216	1.0000	1.0000	0.4080
19ll03	3	8	1	1	1.0000	1.0000	1.0000	NaN	5.0089	5.8420	15.2033	848172.6278	848172.9344	1.0000	1.0000	0.2391
19ll03	3	8	1	1	2.0000	1.0000	1.0000	0.1087	NaN	NaN	NaN	848173.7299	848174.1429	1.0000	1.0000	0.2965
19ll03	3	9	1	1	1.0000	1.0000	-1.0000	NaN	6.0099	-6.1929	14.9440	848176.8289	848177.1360	0.0000	1.0000	0.4060
19ll03	3	9	1	1	2.0000	1.0000	1.0000	0.0385	NaN	NaN	NaN	848178.0495	848178.4306	1.0000	1.0000	0.1835
19ll03	3	10	1	1	1.0000	1.0000	1.0000	NaN	5.4780	4.3698	13.8317	848180.7374	848181.0395	1.0000	1.0000	0.2300
19ll03	3	10	1	1	2.0000	1.0000	1.0000	0.1827	NaN	NaN	NaN	848181.8068	848182.1638	1.0000	1.0000	0.1137
19ll03	3	11	1	1	1.0000	1.0000	1.0000	NaN	1.5223	1.5994	15.7875	848184.4179	848184.7201	1.0000	1.0000	0.4220
19ll03	3	11	1	1	2.0000	1.0000	1.0000	0.0619	NaN	NaN	NaN	848185.6778	848186.0341	1.0000	1.0000	0.4354
19ll03	3	12	1	1	1.0000	1.0000	1.0000	NaN	2.5360	5.4988	16.6506	848188.4114	848188.7138	1.0000	1.0000	0.7316
19ll03	3	12	1	1	2.0000	1.0000	1.0000	0.1930	NaN	NaN	NaN	848189.9829	848190.3353	1.0000	1.0000	0.4862
19ll03	3	13	1	1	1.0000	1.0000	-1.0000	NaN	2.2647	-3.3321	15.0630	848192.9880	848193.2901	0.0000	1.0000	0.4447
19ll03	3	13	1	1	2.0000	1.0000	1.0000	0.1988	NaN	NaN	NaN	848194.2546	848194.6057	1.0000	1.0000	0.1695
19ll03	3	14	1	1	1.0000	1.0000	1.0000	NaN	0.6317	1.6758	15.7216	848196.8836	848197.1857	1.0000	1.0000	0.4841
19ll03	3	14	1	1	2.0000	1.0000	1.0000	0.0994	NaN	NaN	NaN	848198.1738	848198.5297	1.0000	1.0000	0.1645
19ll03	3	15	1	1	1.0000	1.0000	1.0000	NaN	2.0562	1.8168	14.1577	848200.8515	848201.1559	1.0000	1.0000	0.3379
19ll03	3	15	1	1	2.0000	1.0000	1.0000	0.2507	NaN	NaN	NaN	848202.0340	848202.4528	1.0000	1.0000	0.1623
19ll03	3	16	1	1	1.0000	1.0000	-1.0000	NaN	5.5517	-5.6815	14.5362	848204.7054	848205.0098	0.0000	1.0000	0.2757
19ll03	3	16	1	1	2.0000	1.0000	1.0000	0.0002	NaN	NaN	NaN	848205.8091	848206.2247	1.0000	1.0000	0.1178
19ll03	3	17	1	1	1.0000	1.0000	1.0000	NaN	6.2600	6.8321	16.3304	848208.1425	848208.4486	1.0000	1.0000	0.2929
19ll03	3	17	1	1	2.0000	1.0000	1.0000	0.0973	NaN	NaN	NaN	848209.2351	848209.6527	1.0000	1.0000	0.0968
19ll03	3	18	1	1	1.0000	1.0000	1.0000	NaN	7.6886	6.4290	15.7192	848211.8355	848212.1399	1.0000	1.0000	0.2175
19ll03	3	18	1	1	2.0000	1.0000	1.0000	0.2209	NaN	NaN	NaN	848212.8657	848213.2862	1.0000	1.0000	0.0803
19ll03	3	19	1	1	1.0000	1.0000	-1.0000	NaN	5.6269	-4.2690	15.3766	848215.1680	848215.4725	0.0000	1.0000	0.2141
19ll03	3	19	1	1	2.0000	1.0000	1.0000	0.2132	NaN	NaN	NaN	848216.2099	848216.6241	1.0000	1.0000	0.0220
19ll03	3	20	1	1	1.0000	1.0000	-1.0000	NaN	6.1528	-4.9483	16.9781	848218.6500	848218.9544	0.0000	1.0000	0.2679
19ll03	3	20	1	1	2.0000	1.0000	1.0000	0.2264	NaN	NaN	NaN	848219.7618	848220.1700	1.0000	1.0000	0.0610
19ll03	3	21	1	1	1.0000	1.0000	-1.0000	NaN	7.0548	-7.3091	14.9476	848222.1463	848222.4484	1.0000	0.0000	0.7575
19ll03	3	21	1	1	2.0000	1.0000	-1.0000	0.1839	NaN	NaN	NaN	848223.7264	848224.0823	0.0000	1.0000	0.2912
19ll03	3	22	1	1	1.0000	1.0000	-1.0000	NaN	7.5746	-9.5420	16.2044	848226.9821	848227.2842	0.0000	1.0000	0.1942
19ll03	3	22	1	1	2.0000	1.0000	1.0000	0.2046	NaN	NaN	NaN	848227.9979	848228.3501	1.0000	1.0000	0.1205
19ll03	3	23	1	1	1.0000	1.0000	-1.0000	NaN	0.3685	-0.0906	15.6503	848230.9195	848231.2216	1.0000	0.0000	0.5602
19ll03	3	23	1	1	2.0000	1.0000	-1.0000	0.1351	NaN	NaN	NaN	848232.3185	848232.6680	1.0000	0.0000	0.1380
19ll03	3	24	1	1	1.0000	1.0000	-1.0000	NaN	2.1638	-5.3471	15.7944	848234.6591	848234.9616	0.0000	1.0000	0.2438
19ll03	3	24	1	1	2.0000	1.0000	1.0000	0.2214	NaN	NaN	NaN	848235.7265	848236.0816	1.0000	1.0000	0.1656
19ll03	3	25	1	1	1.0000	1.0000	-1.0000	NaN	2.2485	-1.5749	15.4186	848238.3034	848238.6055	1.0000	0.0000	0.5047
19ll03	3	25	1	1	2.0000	1.0000	-1.0000	0.0211	NaN	NaN	NaN	848239.5827	848239.9328	1.0000	0.0000	0.8413
19ll03	3	26	1	1	1.0000	1.0000	1.0000	NaN	3.3946	3.6187	16.0689	848243.0276	848243.3303	1.0000	1.0000	0.2598
19ll03	3	26	1	1	2.0000	1.0000	1.0000	0.2423	NaN	NaN	NaN	848244.0943	848244.4479	1.0000	1.0000	0.1335
19ll03	3	27	1	1	1.0000	1.0000	1.0000	NaN	3.5591	2.4323	15.3265	848246.7644	848247.0689	1.0000	1.0000	0.2659
19ll03	3	27	1	1	2.0000	1.0000	1.0000	0.1840	NaN	NaN	NaN	848247.8417	848248.2271	1.0000	1.0000	0.3223
19ll03	3	28	1	1	1.0000	1.0000	1.0000	NaN	2.2179	1.5959	15.4818	848251.1556	848251.4577	1.0000	1.0000	0.6277
19ll03	3	28	1	1	2.0000	1.0000	1.0000	0.1123	NaN	NaN	NaN	848252.6066	848252.9602	1.0000	1.0000	0.4853
19ll03	3	29	1	1	1.0000	1.0000	1.0000	NaN	3.6617	5.0318	15.8629	848255.8873	848256.1894	1.0000	1.0000	0.3935
19ll03	3	29	1	1	2.0000	1.0000	1.0000	0.1834	NaN	NaN	NaN	848257.1016	848257.4526	1.0000	1.0000	0.4256
19ll03	3	30	1	1	1.0000	1.0000	1.0000	NaN	3.8910	2.7595	13.0261	848259.7764	848260.0794	1.0000	1.0000	0.4065
19ll03	3	30	1	1	2.0000	1.0000	1.0000	0.1792	NaN	NaN	NaN	848261.0069	848261.3638	1.0000	1.0000	0.2589
19ll03	3	31	1	1	1.0000	1.0000	1.0000	NaN	6.4232	8.0181	13.4411	848263.8382	848264.1404	1.0000	1.0000	0.2494
19ll03	3	31	1	1	2.0000	1.0000	1.0000	0.1312	NaN	NaN	NaN	848264.9106	848265.2635	1.0000	1.0000	0.3579
19ll03	3	32	1	1	1.0000	1.0000	1.0000	NaN	3.7989	2.6439	16.8052	848267.6720	848267.9742	1.0000	1.0000	0.2552
19ll03	3	32	1	1	2.0000	1.0000	1.0000	0.0623	NaN	NaN	NaN	848268.7504	848269.1022	1.0000	1.0000	0.2003
19ll03	3	33	1	1	1.0000	1.0000	1.0000	NaN	5.4811	6.2696	14.3956	848271.5515	848271.8536	1.0000	1.0000	0.3450
19ll03	3	33	1	1	2.0000	1.0000	1.0000	0.0588	NaN	NaN	NaN	848272.7345	848273.0851	1.0000	1.0000	0.3297
19ll03	3	34	1	1	1.0000	1.0000	-1.0000	NaN	5.3645	-6.3451	15.3469	848275.8965	848276.1986	0.0000	1.0000	0.3352
19ll03	3	34	1	1	2.0000	1.0000	1.0000	0.0677	NaN	NaN	NaN	848277.0546	848277.4089	1.0000	1.0000	0.1342
19ll03	3	35	1	1	1.0000	1.0000	1.0000	NaN	3.3947	2.6515	17.0817	848279.8838	848280.1860	1.0000	1.0000	0.2354
19ll03	3	35	1	1	2.0000	1.0000	1.0000	0.1753	NaN	NaN	NaN	848280.9423	848281.2961	1.0000	1.0000	0.1824
19ll03	3	36	1	1	1.0000	1.0000	-1.0000	NaN	4.4278	-4.2303	14.9765	848283.2853	848283.5875	0.0000	1.0000	0.2744
19ll03	3	36	1	1	2.0000	1.0000	1.0000	0.1051	NaN	NaN	NaN	848284.3658	848284.7154	1.0000	1.0000	0.0420
19ll03	3	37	1	1	1.0000	1.0000	-1.0000	NaN	4.3181	-3.8956	15.5104	848287.1322	848287.4343	0.0000	1.0000	0.2047
19ll03	3	37	1	1	2.0000	1.0000	1.0000	0.1340	NaN	NaN	NaN	848288.1425	848288.4956	1.0000	1.0000	0.2778
19ll03	3	38	1	1	1.0000	1.0000	1.0000	NaN	7.0410	6.7767	15.0988	848291.2581	848291.5612	1.0000	1.0000	0.2848
19ll03	3	38	1	1	2.0000	1.0000	1.0000	0.1041	NaN	NaN	NaN	848292.3508	848292.7009	1.0000	1.0000	0.1045
19ll03	3	39	1	1	1.0000	1.0000	-1.0000	NaN	2.0725	-3.3814	14.8015	848294.7221	848295.0242	0.0000	1.0000	0.5332
19ll03	3	39	1	1	2.0000	1.0000	1.0000	0.1718	NaN	NaN	NaN	848296.0837	848296.4647	1.0000	1.0000	0.3252
19ll03	3	40	1	1	1.0000	1.0000	-1.0000	NaN	1.3342	-2.7007	13.4669	848299.1060	848299.4085	0.0000	1.0000	0.2129
19ll03	3	40	1	1	2.0000	1.0000	1.0000	0.0252	NaN	NaN	NaN	848300.1426	848300.4965	0.0000	0.0000	0.1825
19ll03	3	41	1	1	1.0000	1.0000	1.0000	NaN	4.0546	4.5404	14.2104	848302.4868	848302.7889	1.0000	1.0000	0.3045
19ll03	3	41	1	1	2.0000	1.0000	1.0000	0.1613	NaN	NaN	NaN	848303.5985	848303.9502	1.0000	1.0000	0.2003
19ll03	3	42	1	1	1.0000	1.0000	1.0000	NaN	0.1124	0.6667	14.9959	848306.3239	848306.6271	1.0000	1.0000	0.3071
19ll03	3	42	1	1	2.0000	1.0000	1.0000	0.2320	NaN	NaN	NaN	848307.4222	848307.7781	1.0000	1.0000	0.1477
19ll03	3	43	1	1	1.0000	1.0000	1.0000	NaN	0.5874	2.4493	14.3057	848309.7757	848310.0778	1.0000	1.0000	0.2803
19ll03	3	43	1	1	2.0000	1.0000	1.0000	0.1690	NaN	NaN	NaN	848310.8477	848311.1973	1.0000	1.0000	0.2325
19ll03	3	44	1	1	1.0000	1.0000	-1.0000	NaN	6.9916	-4.7482	15.1764	848313.4713	848313.7733	1.0000	0.0000	0.3603
19ll03	3	44	1	1	2.0000	1.0000	-1.0000	0.1217	NaN	NaN	NaN	848314.6226	848314.9777	0.0000	1.0000	0.2596
19ll03	3	45	1	1	1.0000	1.0000	-1.0000	NaN	5.1568	-6.1067	15.1407	848317.6215	848317.9239	1.0000	0.0000	0.7379
19ll03	3	45	1	1	2.0000	1.0000	-1.0000	0.1153	NaN	NaN	NaN	848319.2139	848319.5637	0.0000	1.0000	0.1537
19ll03	3	46	1	1	1.0000	1.0000	-1.0000	NaN	3.2521	-2.1473	14.7263	848322.3260	848322.6282	0.0000	1.0000	0.6731
19ll03	3	46	1	1	2.0000	1.0000	1.0000	0.0359	NaN	NaN	NaN	848323.8225	848324.1772	1.0000	1.0000	0.1162
19ll03	3	47	1	1	1.0000	1.0000	-1.0000	NaN	6.7850	-4.3978	13.9291	848326.1771	848326.4792	1.0000	0.0000	1.0313
19ll03	3	47	1	1	2.0000	1.0000	-1.0000	0.1723	NaN	NaN	NaN	848328.0302	848328.3801	0.0000	1.0000	0.1383
19ll03	3	48	1	1	1.0000	1.0000	-1.0000	NaN	1.0237	-0.3434	15.5788	848330.9155	848331.2176	0.0000	1.0000	0.9157
19ll03	3	48	1	1	2.0000	1.0000	1.0000	0.0072	NaN	NaN	NaN	848332.6537	848333.0101	1.0000	1.0000	0.1965
19ll03	3	49	1	1	1.0000	1.0000	-1.0000	NaN	0.4581	-2.9967	15.8443	848334.9976	848335.2998	0.0000	1.0000	0.2576
19ll03	3	49	1	1	2.0000	1.0000	1.0000	0.2201	NaN	NaN	NaN	848336.0797	848336.4296	1.0000	1.0000	0.2013
19ll03	3	50	1	1	1.0000	1.0000	1.0000	NaN	2.6966	3.2533	15.6211	848338.8013	848339.1035	1.0000	1.0000	0.3912
19ll03	3	50	1	1	2.0000	1.0000	1.0000	0.0700	NaN	NaN	NaN	848339.9983	848340.3484	1.0000	1.0000	0.1700
19ll03	4	1	1	1	1.0000	1.0000	1.0000	NaN	6.2655	7.2630	17.4242	848346.2954	848346.6001	1.0000	1.0000	0.2212
19ll03	4	1	1	1	2.0000	1.0000	1.0000	0.1628	NaN	NaN	NaN	848347.3790	848347.7888	1.0000	1.0000	0.0007
19ll03	4	2	1	1	1.0000	1.0000	-1.0000	NaN	7.0815	-6.5413	14.7315	848349.7825	848350.0846	0.0000	1.0000	0.2421
19ll03	4	2	1	1	2.0000	1.0000	1.0000	0.2092	NaN	NaN	NaN	848350.8306	848351.1812	1.0000	1.0000	0.1201
19ll03	4	3	1	1	1.0000	1.0000	1.0000	NaN	5.4789	6.1046	15.1156	848353.7255	848354.0276	1.0000	1.0000	0.2187
19ll03	4	3	1	1	2.0000	1.0000	1.0000	0.1149	NaN	NaN	NaN	848354.7505	848355.1051	1.0000	1.0000	0.1501
19ll03	4	4	1	1	1.0000	1.0000	1.0000	NaN	5.8344	6.2091	15.3503	848357.5702	848357.8731	1.0000	1.0000	0.2601
19ll03	4	4	1	1	2.0000	1.0000	1.0000	0.0766	NaN	NaN	NaN	848358.6543	848359.0088	1.0000	1.0000	0.0700
19ll03	4	5	1	1	1.0000	1.0000	1.0000	NaN	0.0526	0.5518	14.9403	848361.2796	848361.5817	0.0000	0.0000	0.5516
19ll03	4	5	1	1	2.0000	1.0000	-1.0000	0.1651	NaN	NaN	NaN	848362.6696	848363.0254	1.0000	0.0000	0.1009
19ll03	4	6	1	1	1.0000	1.0000	-1.0000	NaN	3.8928	-4.5244	15.7346	848365.5095	848365.8116	0.0000	1.0000	0.4657
19ll03	4	6	1	1	2.0000	1.0000	1.0000	0.0917	NaN	NaN	NaN	848366.8142	848367.1712	1.0000	1.0000	0.1308
19ll03	4	7	1	1	1.0000	1.0000	1.0000	NaN	7.3394	7.6924	15.2123	848369.5940	848369.8961	1.0000	1.0000	0.4142
19ll03	4	7	1	1	2.0000	1.0000	1.0000	0.1319	NaN	NaN	NaN	848370.8301	848371.1804	1.0000	1.0000	0.1067
19ll03	4	8	1	1	1.0000	1.0000	1.0000	NaN	6.7829	6.2485	15.9277	848373.1525	848373.4551	1.0000	1.0000	0.1996
19ll03	4	8	1	1	2.0000	1.0000	1.0000	0.0929	NaN	NaN	NaN	848374.1593	848374.5094	1.0000	1.0000	0.3438
19ll03	4	9	1	1	1.0000	1.0000	-1.0000	NaN	5.2200	-5.2682	14.9454	848377.0037	848377.3068	0.0000	1.0000	0.2989
19ll03	4	9	1	1	2.0000	1.0000	1.0000	0.2302	NaN	NaN	NaN	848378.1434	848378.4940	1.0000	1.0000	0.7756
19ll03	4	10	1	1	1.0000	1.0000	-1.0000	NaN	5.8404	-6.4898	15.3202	848381.2016	848381.5039	1.0000	0.0000	0.4213
19ll03	4	10	1	1	2.0000	1.0000	-1.0000	0.0878	NaN	NaN	NaN	848382.4620	848382.8130	0.0000	1.0000	0.1379
19ll03	4	11	1	1	1.0000	1.0000	1.0000	NaN	1.2069	1.7690	15.7578	848384.9575	848385.2596	0.0000	0.0000	0.4737
19ll03	4	11	1	1	2.0000	1.0000	-1.0000	0.2504	NaN	NaN	NaN	848386.2543	848386.6074	0.0000	1.0000	0.2619
19ll03	4	12	1	1	1.0000	1.0000	1.0000	NaN	7.4312	6.4451	14.8936	848388.6779	848388.9800	1.0000	1.0000	0.2102
19ll03	4	12	1	1	2.0000	1.0000	1.0000	0.0558	NaN	NaN	NaN	848389.7105	848390.1141	1.0000	1.0000	0.0043
19ll03	4	13	1	1	1.0000	1.0000	1.0000	NaN	4.1391	5.7038	15.3284	848392.4819	848392.7855	1.0000	1.0000	0.2757
19ll03	4	13	1	1	2.0000	1.0000	1.0000	0.1873	NaN	NaN	NaN	848393.5847	848393.9966	1.0000	1.0000	0.0571
19ll03	4	14	1	1	1.0000	1.0000	-1.0000	NaN	4.5504	-4.6849	15.4125	848396.1864	848396.4892	0.0000	1.0000	0.4447
19ll03	4	14	1	1	2.0000	1.0000	1.0000	0.2464	NaN	NaN	NaN	848397.4385	848397.7916	1.0000	1.0000	0.1177
19ll03	4	15	1	1	1.0000	1.0000	1.0000	NaN	0.3040	0.1346	14.7643	848400.4583	848400.7603	1.0000	1.0000	0.4778
19ll03	4	15	1	1	2.0000	1.0000	1.0000	0.0403	NaN	NaN	NaN	848401.7597	848402.1095	1.0000	1.0000	0.2322
19ll03	4	16	1	1	1.0000	1.0000	-1.0000	NaN	4.7231	-6.0835	15.7110	848404.3901	848404.6923	0.0000	1.0000	0.2729
19ll03	4	16	1	1	2.0000	1.0000	1.0000	0.1010	NaN	NaN	NaN	848405.5024	848405.8566	1.0000	1.0000	0.5974
19ll03	4	17	1	1	1.0000	1.0000	1.0000	NaN	2.5134	1.2266	14.2671	848408.2939	848408.5960	1.0000	1.0000	0.3386
19ll03	4	17	1	1	2.0000	1.0000	1.0000	0.1422	NaN	NaN	NaN	848409.4547	848409.8077	1.0000	1.0000	0.0545
19ll03	4	18	1	1	1.0000	1.0000	1.0000	NaN	1.4694	3.3131	14.2201	848412.0684	848412.3717	1.0000	1.0000	0.2593
19ll03	4	18	1	1	2.0000	1.0000	1.0000	0.1957	NaN	NaN	NaN	848413.1658	848413.5228	1.0000	1.0000	0.2748
19ll03	4	19	1	1	1.0000	1.0000	1.0000	NaN	6.9748	6.3740	15.2828	848416.0801	848416.3822	1.0000	1.0000	0.2482
19ll03	4	19	1	1	2.0000	1.0000	1.0000	0.1362	NaN	NaN	NaN	848417.1504	848417.5057	1.0000	1.0000	0.1640
19ll03	4	20	1	1	1.0000	1.0000	-1.0000	NaN	6.3016	-7.4582	14.9028	848419.7522	848420.0547	0.0000	1.0000	0.1912
19ll03	4	20	1	1	2.0000	1.0000	1.0000	0.0343	NaN	NaN	NaN	848420.7666	848421.1224	1.0000	1.0000	0.1794
19ll03	4	21	1	1	1.0000	1.0000	1.0000	NaN	0.0451	0.1734	15.3692	848423.1716	848423.4736	1.0000	1.0000	0.4043
19ll03	4	21	1	1	2.0000	1.0000	1.0000	0.2119	NaN	NaN	NaN	848424.4140	848424.7682	1.0000	1.0000	0.1821
19ll03	4	22	1	1	1.0000	1.0000	1.0000	NaN	0.4188	2.6802	15.2275	848426.9557	848427.2578	1.0000	1.0000	0.2690
19ll03	4	22	1	1	2.0000	1.0000	1.0000	0.1445	NaN	NaN	NaN	848428.0305	848428.3846	1.0000	1.0000	0.1973
19ll03	4	23	1	1	1.0000	1.0000	-1.0000	NaN	3.4211	-3.0798	16.1633	848430.6746	848430.9767	1.0000	0.0000	0.8371
19ll03	4	23	1	1	2.0000	1.0000	-1.0000	0.1101	NaN	NaN	NaN	848432.3335	848432.6885	0.0000	1.0000	0.2773
19ll03	4	24	1	1	1.0000	1.0000	-1.0000	NaN	7.7618	-8.5851	15.7904	848435.0483	848435.3545	0.0000	1.0000	0.3478
19ll03	4	24	1	1	2.0000	1.0000	1.0000	0.0410	NaN	NaN	NaN	848436.2117	848436.6105	1.0000	1.0000	2.8192
19ll03	4	25	1	1	1.0000	1.0000	-1.0000	NaN	1.7443	-3.4334	13.3355	848441.8265	848442.1286	0.0000	1.0000	0.7731
19ll03	4	25	1	1	2.0000	1.0000	1.0000	0.1001	NaN	NaN	NaN	848443.4233	848443.7741	1.0000	1.0000	0.1834
19ll03	4	26	1	1	1.0000	1.0000	-1.0000	NaN	5.5531	-6.0614	14.9561	848446.2233	848446.5254	0.0000	1.0000	0.2643
19ll03	4	26	1	1	2.0000	1.0000	1.0000	0.1675	NaN	NaN	NaN	848447.3105	848447.6672	1.0000	1.0000	0.1460
19ll03	4	27	1	1	1.0000	1.0000	1.0000	NaN	5.1939	7.4814	14.1327	848450.1534	848450.4556	1.0000	1.0000	0.2696
19ll03	4	27	1	1	2.0000	1.0000	1.0000	0.1206	NaN	NaN	NaN	848451.2460	848451.6002	1.0000	1.0000	0.2785
19ll03	4	28	1	1	1.0000	1.0000	-1.0000	NaN	2.8473	-3.5436	14.6148	848454.2758	848454.5779	0.0000	1.0000	0.3084
19ll03	4	28	1	1	2.0000	1.0000	1.0000	0.2152	NaN	NaN	NaN	848455.4235	848455.7735	1.0000	1.0000	0.1357
19ll03	4	29	1	1	1.0000	1.0000	-1.0000	NaN	1.1377	-4.4431	15.1601	848457.8747	848458.1768	0.0000	1.0000	0.4053
19ll03	4	29	1	1	2.0000	1.0000	1.0000	0.2247	NaN	NaN	NaN	848459.1184	848459.4718	1.0000	1.0000	0.1493
19ll03	4	30	1	1	1.0000	1.0000	1.0000	NaN	0.4487	0.9526	14.9421	848461.6703	848461.9725	1.0000	1.0000	0.8327
19ll03	4	30	1	1	2.0000	1.0000	1.0000	0.1902	NaN	NaN	NaN	848463.3427	848463.6997	1.0000	1.0000	0.2420
19ll03	4	31	1	1	1.0000	1.0000	1.0000	NaN	3.7693	3.5665	15.7612	848466.3242	848466.6263	1.0000	1.0000	0.2592
19ll03	4	31	1	1	2.0000	1.0000	1.0000	0.0530	NaN	NaN	NaN	848467.4065	848467.7562	1.0000	1.0000	0.3135
19ll03	4	32	1	1	1.0000	1.0000	1.0000	NaN	2.4528	3.2731	15.8018	848469.9863	848470.2883	1.0000	1.0000	0.4695
19ll03	4	32	1	1	2.0000	1.0000	1.0000	0.0474	NaN	NaN	NaN	848471.2939	848471.6493	1.0000	1.0000	0.1965
19ll03	4	33	1	1	1.0000	1.0000	-1.0000	NaN	5.0026	-6.1838	16.0422	848474.3936	848474.6958	0.0000	1.0000	0.3494
19ll03	4	33	1	1	2.0000	1.0000	1.0000	0.0865	NaN	NaN	NaN	848475.5822	848475.9363	1.0000	1.0000	0.1180
19ll03	4	34	1	1	1.0000	1.0000	-1.0000	NaN	4.3999	-3.5570	17.5151	848478.5589	848478.8610	0.0000	1.0000	0.2497
19ll03	4	34	1	1	2.0000	1.0000	1.0000	0.2351	NaN	NaN	NaN	848479.6301	848479.9861	1.0000	1.0000	0.1791
19ll03	4	35	1	1	1.0000	1.0000	1.0000	NaN	3.4361	2.8142	14.1407	848482.5651	848482.8711	1.0000	1.0000	0.2549
19ll03	4	35	1	1	2.0000	1.0000	1.0000	0.1613	NaN	NaN	NaN	848483.6802	848484.0926	1.0000	1.0000	0.1045
19ll03	4	36	1	1	1.0000	1.0000	-1.0000	NaN	4.5200	-7.5147	15.4431	848486.1533	848486.4572	0.0000	1.0000	0.3012
19ll03	4	36	1	1	2.0000	1.0000	1.0000	0.1275	NaN	NaN	NaN	848487.2806	848487.6925	1.0000	1.0000	0.2167
19ll03	4	37	1	1	1.0000	1.0000	1.0000	NaN	0.0815	1.4813	14.2427	848490.1886	848490.4923	1.0000	1.0000	0.4253
19ll03	4	37	1	1	2.0000	1.0000	1.0000	0.1547	NaN	NaN	NaN	848491.4600	848491.8770	1.0000	1.0000	0.0974
19ll03	4	38	1	1	1.0000	1.0000	-1.0000	NaN	6.0369	-4.4719	14.4427	848494.3732	848494.6778	0.0000	1.0000	1.0074
19ll03	4	38	1	1	2.0000	1.0000	1.0000	0.0419	NaN	NaN	NaN	848496.2094	848496.6268	0.0000	0.0000	0.2429
19ll03	4	39	1	1	1.0000	1.0000	-1.0000	NaN	6.7267	-4.6722	14.4810	848499.0003	848499.3047	0.0000	1.0000	0.3964
19ll03	4	39	1	1	2.0000	1.0000	1.0000	0.2147	NaN	NaN	NaN	848500.2258	848500.6431	1.0000	1.0000	0.0344
19ll03	4	40	1	1	1.0000	1.0000	-1.0000	NaN	1.2986	-2.2319	12.8637	848502.6777	848502.9838	0.0000	1.0000	0.9093
19ll03	4	40	1	1	2.0000	1.0000	1.0000	0.1773	NaN	NaN	NaN	848504.4178	848504.8379	1.0000	1.0000	0.0152
19ll03	4	41	1	1	1.0000	1.0000	1.0000	NaN	6.5177	5.8656	16.4000	848506.9876	848507.2920	1.0000	1.0000	0.2658
19ll03	4	41	1	1	2.0000	1.0000	1.0000	0.1502	NaN	NaN	NaN	848508.0814	848508.4928	1.0000	1.0000	0.0419
19ll03	4	42	1	1	1.0000	1.0000	1.0000	NaN	5.7576	5.2059	14.5182	848510.9700	848511.2744	1.0000	1.0000	0.2513
19ll03	4	42	1	1	2.0000	1.0000	1.0000	0.2368	NaN	NaN	NaN	848512.0494	848512.4472	0.0000	0.0000	0.4059
19ll03	4	43	1	1	1.0000	1.0000	-1.0000	NaN	0.8202	-0.4841	14.5510	848515.3948	848515.6970	0.0000	1.0000	0.2456
19ll03	4	43	1	1	2.0000	1.0000	1.0000	0.2452	NaN	NaN	NaN	848516.4784	848516.8343	1.0000	1.0000	0.3554
19ll03	4	44	1	1	1.0000	1.0000	1.0000	NaN	5.2235	4.7492	14.7382	848519.6717	848519.9739	1.0000	1.0000	0.2397
19ll03	4	44	1	1	2.0000	1.0000	1.0000	0.1747	NaN	NaN	NaN	848520.7353	848521.0854	1.0000	1.0000	0.2334
19ll03	4	45	1	1	1.0000	1.0000	1.0000	NaN	7.8231	6.7755	14.2894	848523.5250	848523.8272	1.0000	1.0000	0.2274
19ll03	4	45	1	1	2.0000	1.0000	1.0000	0.2428	NaN	NaN	NaN	848524.5743	848524.9300	1.0000	1.0000	0.1169
19ll03	4	46	1	1	1.0000	1.0000	1.0000	NaN	4.4016	2.6825	13.8336	848527.1117	848527.4146	1.0000	1.0000	0.4156
19ll03	4	46	1	1	2.0000	1.0000	1.0000	0.2415	NaN	NaN	NaN	848528.3399	848528.7584	1.0000	1.0000	0.0947
19ll03	4	47	1	1	1.0000	1.0000	-1.0000	NaN	0.8190	-1.1992	15.0205	848530.9044	848531.2085	1.0000	0.0000	0.7650
19ll03	4	47	1	1	2.0000	1.0000	-1.0000	0.0152	NaN	NaN	NaN	848532.5132	848532.9242	0.0000	1.0000	0.2663
19ll03	4	48	1	1	1.0000	1.0000	1.0000	NaN	7.3877	8.7318	14.0930	848534.9953	848535.2989	1.0000	1.0000	0.2264
19ll03	4	48	1	1	2.0000	1.0000	1.0000	0.1187	NaN	NaN	NaN	848536.0461	848536.3999	1.0000	1.0000	0.2302
19ll03	4	49	1	1	1.0000	1.0000	-1.0000	NaN	3.9881	-4.8587	14.5519	848538.6361	848538.9382	1.0000	0.0000	0.5886
19ll03	4	49	1	1	2.0000	1.0000	-1.0000	0.1877	NaN	NaN	NaN	848540.0621	848540.4165	0.0000	1.0000	0.2622
19ll03	4	50	1	1	1.0000	1.0000	-1.0000	NaN	1.0289	-0.1473	13.5572	848542.9348	848543.2369	1.0000	0.0000	0.5441
19ll03	4	50	1	1	2.0000	1.0000	-1.0000	0.1998	NaN	NaN	NaN	848544.2860	848544.6356	0.0000	1.0000	0.4255
19ll03	5	1	1	1	1.0000	1.0000	-1.0000	NaN	1.6397	-0.6323	15.0370	848549.8242	848550.1262	1.0000	0.0000	0.4715
19ll03	5	1	1	1	2.0000	1.0000	-1.0000	0.2108	NaN	NaN	NaN	848551.1024	848551.4520	0.0000	1.0000	0.1371
19ll03	5	2	1	1	1.0000	1.0000	1.0000	NaN	3.9855	4.9096	13.8881	848553.9373	848554.2394	1.0000	1.0000	0.1983
19ll03	5	2	1	1	2.0000	1.0000	1.0000	0.0789	NaN	NaN	NaN	848554.9424	848555.2989	1.0000	1.0000	0.0502
19ll03	5	3	1	1	1.0000	1.0000	1.0000	NaN	6.5554	7.9832	16.0831	848557.1565	848557.4586	1.0000	1.0000	0.2272
19ll03	5	3	1	1	2.0000	1.0000	1.0000	0.2348	NaN	NaN	NaN	848558.2224	848558.5783	1.0000	1.0000	0.5473
19ll03	5	4	1	1	1.0000	1.0000	1.0000	NaN	3.5411	2.9577	15.5298	848561.1991	848561.5012	1.0000	1.0000	0.3924
19ll03	5	4	1	1	2.0000	1.0000	1.0000	0.0878	NaN	NaN	NaN	848562.3973	848562.7500	1.0000	1.0000	0.3431
19ll03	5	5	1	1	1.0000	1.0000	-1.0000	NaN	0.2572	-1.9505	15.7081	848565.4731	848565.7752	0.0000	1.0000	0.5507
19ll03	5	5	1	1	2.0000	1.0000	1.0000	0.0359	NaN	NaN	NaN	848566.8460	848567.1998	1.0000	1.0000	0.7733
19ll03	5	6	1	1	1.0000	1.0000	-1.0000	NaN	3.0097	-1.8805	13.7463	848569.9314	848570.2335	1.0000	0.0000	0.5720
19ll03	5	6	1	1	2.0000	1.0000	-1.0000	0.0979	NaN	NaN	NaN	848571.3096	848571.6649	0.0000	1.0000	0.3881
19ll03	5	7	1	1	1.0000	1.0000	-1.0000	NaN	0.5620	-1.0683	14.9119	848573.8772	848574.1803	0.0000	1.0000	0.8491
19ll03	5	7	1	1	2.0000	1.0000	1.0000	0.2091	NaN	NaN	NaN	848575.5381	848575.9538	1.0000	1.0000	0.1958
19ll03	5	8	1	1	1.0000	1.0000	-1.0000	NaN	1.2532	-0.8109	14.9452	848578.4485	848578.7523	1.0000	0.0000	0.2927
19ll03	5	8	1	1	2.0000	1.0000	-1.0000	0.1682	NaN	NaN	NaN	848579.5713	848579.9874	0.0000	1.0000	0.6903
19ll03	5	9	1	1	1.0000	1.0000	1.0000	NaN	1.9613	2.4084	14.9878	848582.9249	848583.2318	1.0000	1.0000	0.3578
19ll03	5	9	1	1	2.0000	1.0000	1.0000	0.2365	NaN	NaN	NaN	848584.1286	848584.5380	1.0000	1.0000	0.0601
19ll03	5	10	1	1	1.0000	1.0000	1.0000	NaN	4.3819	6.9507	15.4943	848586.8144	848587.1183	1.0000	1.0000	0.2308
19ll03	5	10	1	1	2.0000	1.0000	1.0000	0.0571	NaN	NaN	NaN	848587.8887	848588.3060	1.0000	1.0000	0.0686
19ll03	5	11	1	1	1.0000	1.0000	-1.0000	NaN	7.4733	-5.7216	14.7823	848590.6907	848590.9979	0.0000	1.0000	0.3517
19ll03	5	11	1	1	2.0000	1.0000	1.0000	0.2325	NaN	NaN	NaN	848591.8728	848592.2807	1.0000	1.0000	0.0443
19ll03	5	12	1	1	1.0000	1.0000	-1.0000	NaN	5.9329	-5.6171	16.0560	848594.6998	848595.0019	0.0000	1.0000	0.3004
19ll03	5	12	1	1	2.0000	1.0000	1.0000	0.1617	NaN	NaN	NaN	848595.8218	848596.1762	1.0000	1.0000	0.2295
19ll03	5	13	1	1	1.0000	1.0000	1.0000	NaN	1.6823	3.7539	15.0812	848598.6360	848598.9382	1.0000	1.0000	0.2360
19ll03	5	13	1	1	2.0000	1.0000	1.0000	0.0318	NaN	NaN	NaN	848599.7100	848600.0635	1.0000	1.0000	0.3895
19ll03	5	14	1	1	1.0000	1.0000	1.0000	NaN	3.1506	5.4833	15.6102	848602.7125	848603.0146	1.0000	1.0000	0.2391
19ll03	5	14	1	1	2.0000	1.0000	1.0000	0.0092	NaN	NaN	NaN	848603.7902	848604.1465	1.0000	1.0000	0.2924
19ll03	5	15	1	1	1.0000	1.0000	-1.0000	NaN	2.9689	-2.5075	15.9079	848606.7462	848607.0483	1.0000	0.0000	0.4133
19ll03	5	15	1	1	2.0000	1.0000	-1.0000	0.0049	NaN	NaN	NaN	848607.9828	848608.3324	1.0000	0.0000	0.3295
19ll03	5	16	1	1	1.0000	1.0000	-1.0000	NaN	2.7847	-3.8299	16.4179	848610.5781	848610.8803	0.0000	1.0000	0.2782
19ll03	5	16	1	1	2.0000	1.0000	1.0000	0.1744	NaN	NaN	NaN	848611.6779	848612.0308	1.0000	1.0000	0.5022
19ll03	5	17	1	1	1.0000	1.0000	1.0000	NaN	4.2867	4.9135	15.0130	848614.4899	848614.7922	1.0000	1.0000	0.2528
19ll03	5	17	1	1	2.0000	1.0000	1.0000	0.0445	NaN	NaN	NaN	848615.5658	848615.9154	1.0000	1.0000	0.5696
19ll03	5	18	1	1	1.0000	1.0000	1.0000	NaN	4.0374	6.2948	13.7970	848618.9702	848619.2740	1.0000	1.0000	0.2038
19ll03	5	18	1	1	2.0000	1.0000	1.0000	0.0290	NaN	NaN	NaN	848620.0193	848620.4349	1.0000	1.0000	0.3076
19ll03	5	19	1	1	1.0000	1.0000	1.0000	NaN	0.5231	2.8813	13.2815	848623.0199	848623.3235	1.0000	1.0000	0.2019
19ll03	5	19	1	1	2.0000	1.0000	1.0000	0.0002	NaN	NaN	NaN	848624.0515	848624.4836	1.0000	1.0000	0.2254
19ll03	5	20	1	1	1.0000	1.0000	-1.0000	NaN	7.6394	-8.4931	14.6546	848626.5284	848626.8332	0.0000	1.0000	0.2924
19ll03	5	20	1	1	2.0000	1.0000	1.0000	0.1777	NaN	NaN	NaN	848627.6365	848628.0535	1.0000	1.0000	0.3035
19ll03	5	21	1	1	1.0000	1.0000	-1.0000	NaN	2.8884	-3.1333	15.5167	848630.6336	848630.9383	0.0000	1.0000	0.2347
19ll03	5	21	1	1	2.0000	1.0000	1.0000	0.1547	NaN	NaN	NaN	848631.6841	848632.1033	1.0000	1.0000	0.3189
19ll03	5	22	1	1	1.0000	1.0000	1.0000	NaN	5.9333	5.2426	14.4364	848634.3799	848634.6820	1.0000	1.0000	0.2524
19ll03	5	22	1	1	2.0000	1.0000	1.0000	0.0925	NaN	NaN	NaN	848635.4543	848635.8075	1.0000	1.0000	0.2623
19ll03	5	23	1	1	1.0000	1.0000	-1.0000	NaN	5.4889	-4.1425	14.6865	848638.0010	848638.3031	1.0000	0.0000	0.1984
19ll03	5	23	1	1	2.0000	1.0000	-1.0000	0.2119	NaN	NaN	NaN	848639.0220	848639.3781	0.0000	1.0000	0.4509
19ll03	5	24	1	1	1.0000	1.0000	-1.0000	NaN	4.9763	-6.6626	16.1759	848642.0871	848642.3893	0.0000	1.0000	0.3362
19ll03	5	24	1	1	2.0000	1.0000	1.0000	0.0728	NaN	NaN	NaN	848643.2312	848643.5808	1.0000	1.0000	0.5842
19ll03	5	25	1	1	1.0000	1.0000	-1.0000	NaN	3.9373	-3.1701	13.9739	848646.0986	848646.4007	1.0000	0.0000	0.3414
19ll03	5	25	1	1	2.0000	1.0000	-1.0000	0.2544	NaN	NaN	NaN	848647.2943	848647.6457	0.0000	1.0000	0.2952
19ll03	5	26	1	1	1.0000	1.0000	1.0000	NaN	0.8690	1.1255	15.0345	848650.0981	848650.4003	1.0000	1.0000	0.5966
19ll03	5	26	1	1	2.0000	1.0000	1.0000	0.1614	NaN	NaN	NaN	848651.5341	848651.8903	1.0000	1.0000	0.4667
19ll03	5	27	1	1	1.0000	1.0000	1.0000	NaN	4.1170	3.4656	14.9910	848654.8474	848655.1495	1.0000	1.0000	0.3445
19ll03	5	27	1	1	2.0000	1.0000	1.0000	0.2471	NaN	NaN	NaN	848655.9822	848656.3327	1.0000	1.0000	0.2820
19ll03	5	28	1	1	1.0000	1.0000	1.0000	NaN	1.9800	1.4746	15.2787	848658.7621	848659.0642	1.0000	1.0000	0.3010
19ll03	5	28	1	1	2.0000	1.0000	1.0000	0.2547	NaN	NaN	NaN	848659.9019	848660.2563	1.0000	1.0000	0.2931
19ll03	5	29	1	1	1.0000	1.0000	1.0000	NaN	5.4748	6.8982	14.7899	848663.0817	848663.3838	1.0000	1.0000	0.2384
19ll03	5	29	1	1	2.0000	1.0000	1.0000	0.2584	NaN	NaN	NaN	848664.1901	848664.5435	1.0000	1.0000	0.5339
19ll03	5	30	1	1	1.0000	1.0000	1.0000	NaN	3.5671	5.5888	13.6555	848667.5040	848667.8112	1.0000	1.0000	0.1466
19ll03	5	30	1	1	2.0000	1.0000	1.0000	0.1684	NaN	NaN	NaN	848668.4995	848668.9180	1.0000	1.0000	0.1749
19ll03	5	31	1	1	1.0000	1.0000	1.0000	NaN	4.1898	4.0981	15.2942	848671.4323	848671.7370	1.0000	1.0000	0.2525
19ll03	5	31	1	1	2.0000	1.0000	1.0000	0.1303	NaN	NaN	NaN	848672.5481	848672.9685	1.0000	1.0000	0.2060
19ll03	5	32	1	1	1.0000	1.0000	1.0000	NaN	0.8875	2.1033	15.7035	848675.4327	848675.7375	0.0000	0.0000	0.3324
19ll03	5	32	1	1	2.0000	1.0000	-1.0000	0.1709	NaN	NaN	NaN	848676.5953	848677.0182	1.0000	0.0000	0.5233
19ll03	5	33	1	1	1.0000	1.0000	-1.0000	NaN	6.2495	-7.4496	14.3958	848680.1220	848680.4250	0.0000	1.0000	0.4452
19ll03	5	33	1	1	2.0000	1.0000	1.0000	0.2530	NaN	NaN	NaN	848681.3899	848681.7425	1.0000	1.0000	0.0864
19ll03	5	34	1	1	1.0000	1.0000	-1.0000	NaN	2.3608	-2.8724	15.3321	848684.2546	848684.5581	1.0000	0.0000	0.5043
19ll03	5	34	1	1	2.0000	1.0000	-1.0000	0.2528	NaN	NaN	NaN	848685.5659	848685.9219	0.0000	1.0000	0.3070
19ll03	5	35	1	1	1.0000	1.0000	1.0000	NaN	4.0953	2.4348	16.1166	848688.3208	848688.6243	1.0000	1.0000	0.3093
19ll03	5	35	1	1	2.0000	1.0000	1.0000	0.2127	NaN	NaN	NaN	848689.4533	848689.8090	1.0000	1.0000	0.1967
19ll03	5	36	1	1	1.0000	1.0000	1.0000	NaN	2.9268	4.4857	14.4104	848692.1131	848692.4152	1.0000	1.0000	0.2457
19ll03	5	36	1	1	2.0000	1.0000	1.0000	0.2081	NaN	NaN	NaN	848693.1822	848693.5382	1.0000	1.0000	0.2593
19ll03	5	37	1	1	1.0000	1.0000	-1.0000	NaN	5.0395	-5.4882	16.5592	848695.7305	848696.0326	0.0000	1.0000	0.5975
19ll03	5	37	1	1	2.0000	1.0000	1.0000	0.0154	NaN	NaN	NaN	848697.1497	848697.5044	1.0000	1.0000	0.9491
19ll03	5	38	1	1	1.0000	1.0000	-1.0000	NaN	0.2123	-2.1791	14.3683	848700.4111	848700.7133	1.0000	0.0000	0.3646
19ll03	5	38	1	1	2.0000	1.0000	-1.0000	0.1435	NaN	NaN	NaN	848701.5971	848701.9472	1.0000	0.0000	0.6023
19ll03	5	39	1	1	1.0000	1.0000	1.0000	NaN	1.0203	1.6570	14.6707	848704.5749	848704.8770	1.0000	1.0000	0.1375
19ll03	5	39	1	1	2.0000	1.0000	1.0000	0.2229	NaN	NaN	NaN	848705.5656	848705.9208	1.0000	1.0000	0.3257
19ll03	5	40	1	1	1.0000	1.0000	1.0000	NaN	3.7660	2.5982	14.9636	848708.4950	848708.7972	1.0000	1.0000	0.2170
19ll03	5	40	1	1	2.0000	1.0000	1.0000	0.1973	NaN	NaN	NaN	848709.5332	848709.8873	1.0000	1.0000	0.2303
19ll03	5	41	1	1	1.0000	1.0000	-1.0000	NaN	1.3216	-3.5939	15.4715	848712.3744	848712.6782	1.0000	0.0000	0.6072
19ll03	5	41	1	1	2.0000	1.0000	-1.0000	0.1247	NaN	NaN	NaN	848713.7934	848714.1978	0.0000	1.0000	0.2557
19ll03	5	42	1	1	1.0000	1.0000	-1.0000	NaN	3.0055	-3.8102	14.4226	848716.8447	848717.1486	0.0000	1.0000	0.6803
19ll03	5	42	1	1	2.0000	1.0000	1.0000	0.1301	NaN	NaN	NaN	848718.3518	848718.7440	1.0000	1.0000	0.1738
19ll03	5	43	1	1	1.0000	1.0000	-1.0000	NaN	0.4842	-0.4517	15.3169	848721.5253	848721.8275	1.0000	0.0000	0.6257
19ll03	5	43	1	1	2.0000	1.0000	-1.0000	0.2301	NaN	NaN	NaN	848723.0055	848723.3586	0.0000	1.0000	0.2623
19ll03	5	44	1	1	1.0000	1.0000	1.0000	NaN	6.8619	6.8452	15.5700	848725.7788	848726.0810	1.0000	1.0000	0.3239
19ll03	5	44	1	1	2.0000	1.0000	1.0000	0.0051	NaN	NaN	NaN	848726.9269	848727.2765	1.0000	1.0000	0.4888
19ll03	5	45	1	1	1.0000	1.0000	-1.0000	NaN	6.7005	-9.1890	14.8562	848729.7137	848730.0158	0.0000	1.0000	0.4380
19ll03	5	45	1	1	2.0000	1.0000	1.0000	0.1559	NaN	NaN	NaN	848730.9904	848731.3415	1.0000	1.0000	0.2634
19ll03	5	46	1	1	1.0000	1.0000	-1.0000	NaN	6.2080	-6.3445	14.5383	848733.9365	848734.2390	0.0000	1.0000	0.2944
19ll03	5	46	1	1	2.0000	1.0000	1.0000	0.0717	NaN	NaN	NaN	848735.0538	848735.4067	1.0000	1.0000	0.1509
19ll03	5	47	1	1	1.0000	1.0000	-1.0000	NaN	3.5542	-2.2326	15.9137	848738.0898	848738.3920	1.0000	0.0000	0.8139
19ll03	5	47	1	1	2.0000	1.0000	-1.0000	0.1999	NaN	NaN	NaN	848739.7749	848740.1258	0.0000	1.0000	0.2008
19ll03	5	48	1	1	1.0000	1.0000	1.0000	NaN	2.5022	1.9312	12.2540	848742.5000	848742.8023	1.0000	1.0000	0.5151
19ll03	5	48	1	1	2.0000	1.0000	1.0000	0.0634	NaN	NaN	NaN	848743.8533	848744.2062	1.0000	1.0000	0.3587
19ll03	5	49	1	1	1.0000	1.0000	1.0000	NaN	3.2144	4.0799	15.0056	848746.6394	848746.9415	1.0000	1.0000	0.2640
19ll03	5	49	1	1	2.0000	1.0000	1.0000	0.1515	NaN	NaN	NaN	848747.7426	848748.0921	1.0000	1.0000	0.2981
19ll03	5	50	1	1	1.0000	1.0000	1.0000	NaN	0.5405	0.3660	14.1996	848750.7725	848751.0747	1.0000	1.0000	0.3382
19ll03	5	50	1	1	2.0000	1.0000	1.0000	0.1084	NaN	NaN	NaN	848751.9655	848752.3225	1.0000	1.0000	0.2905
19ll03	6	1	1	1	1.0000	1.0000	-1.0000	NaN	5.1499	-6.5021	15.4450	848765.5135	848765.8191	0.0000	1.0000	0.1552
19ll03	6	1	1	1	2.0000	1.0000	1.0000	0.1594	NaN	NaN	NaN	848766.5130	848766.9424	1.0000	1.0000	0.0239
19ll03	6	2	1	1	1.0000	1.0000	1.0000	NaN	7.1420	7.8469	15.1439	848769.3095	848769.6143	1.0000	1.0000	0.1515
19ll03	6	2	1	1	2.0000	1.0000	1.0000	0.2119	NaN	NaN	NaN	848770.3073	848770.6941	1.0000	1.0000	0.2067
19ll03	6	3	1	1	1.0000	1.0000	-1.0000	NaN	0.5360	-0.5385	16.0162	848773.1428	848773.4450	1.0000	0.0000	0.2559
19ll03	6	3	1	1	2.0000	1.0000	-1.0000	0.2532	NaN	NaN	NaN	848774.2386	848774.5894	0.0000	1.0000	0.1360
19ll03	6	4	1	1	1.0000	1.0000	1.0000	NaN	0.1728	0.7965	16.0330	848777.0168	848777.3201	1.0000	1.0000	0.4287
19ll03	6	4	1	1	2.0000	1.0000	1.0000	0.0105	NaN	NaN	NaN	848778.2857	848778.6392	1.0000	1.0000	0.1514
19ll03	6	5	1	1	1.0000	1.0000	1.0000	NaN	3.7790	0.7426	13.5434	848781.1460	848781.4482	1.0000	1.0000	0.2846
19ll03	6	5	1	1	2.0000	1.0000	1.0000	0.1287	NaN	NaN	NaN	848782.2702	848782.6223	1.0000	1.0000	0.1985
19ll03	6	6	1	1	1.0000	1.0000	-1.0000	NaN	4.8347	-4.9775	13.9137	848784.9208	848785.2229	0.0000	1.0000	0.7661
19ll03	6	6	1	1	2.0000	1.0000	1.0000	0.0172	NaN	NaN	NaN	848786.5101	848786.8668	0.0000	0.0000	0.3396
19ll03	6	7	1	1	1.0000	1.0000	-1.0000	NaN	7.7432	-6.6936	14.4549	848789.3467	848789.6489	0.0000	1.0000	0.3406
19ll03	6	7	1	1	2.0000	1.0000	1.0000	0.0126	NaN	NaN	NaN	848790.5095	848790.8667	1.0000	1.0000	0.0987
19ll03	6	8	1	1	1.0000	1.0000	1.0000	NaN	0.1243	0.7653	14.4216	848793.0981	848793.4010	1.0000	1.0000	0.4450
19ll03	6	8	1	1	2.0000	1.0000	1.0000	0.1323	NaN	NaN	NaN	848794.3820	848794.7370	1.0000	1.0000	0.2122
19ll03	6	9	1	1	1.0000	1.0000	1.0000	NaN	2.7140	2.9956	15.0559	848796.8975	848797.1996	1.0000	1.0000	0.2782
19ll03	6	9	1	1	2.0000	1.0000	1.0000	0.0667	NaN	NaN	NaN	848797.9979	848798.3535	1.0000	1.0000	0.0367
19ll03	6	10	1	1	1.0000	1.0000	1.0000	NaN	7.7366	9.9557	14.0639	848800.7811	848801.0839	1.0000	1.0000	0.1866
19ll03	6	10	1	1	2.0000	1.0000	1.0000	0.0174	NaN	NaN	NaN	848801.8065	848802.1562	1.0000	1.0000	0.3766
19ll03	6	11	1	1	1.0000	1.0000	-1.0000	NaN	1.9664	-2.9844	14.6690	848804.9390	848805.2438	0.0000	1.0000	0.2979
19ll03	6	11	1	1	2.0000	1.0000	1.0000	0.1778	NaN	NaN	NaN	848806.0653	848806.4492	1.0000	1.0000	0.2280
19ll03	6	12	1	1	1.0000	1.0000	-1.0000	NaN	3.3139	-2.4681	13.5168	848808.7749	848809.0771	1.0000	0.0000	0.4163
19ll03	6	12	1	1	2.0000	1.0000	-1.0000	0.0251	NaN	NaN	NaN	848810.0290	848810.3821	1.0000	0.0000	0.3752
19ll03	6	13	1	1	1.0000	1.0000	1.0000	NaN	1.3977	3.5395	15.4687	848813.0259	848813.3281	1.0000	1.0000	0.3087
19ll03	6	13	1	1	2.0000	1.0000	1.0000	0.1309	NaN	NaN	NaN	848814.1580	848814.5081	1.0000	1.0000	0.5207
19ll03	6	14	1	1	1.0000	1.0000	1.0000	NaN	3.7800	3.2867	15.9162	848817.1108	848817.4129	1.0000	1.0000	0.2570
19ll03	6	14	1	1	2.0000	1.0000	1.0000	0.0378	NaN	NaN	NaN	848818.1902	848818.5409	1.0000	1.0000	0.2489
19ll03	6	15	1	1	1.0000	1.0000	-1.0000	NaN	1.8994	-0.6987	14.8860	848820.7390	848821.0411	1.0000	0.0000	0.5814
19ll03	6	15	1	1	2.0000	1.0000	-1.0000	0.0614	NaN	NaN	NaN	848822.1417	848822.4984	0.0000	1.0000	0.2114
19ll03	6	16	1	1	1.0000	1.0000	1.0000	NaN	3.2846	4.7076	15.6168	848825.1843	848825.4863	1.0000	1.0000	0.2476
19ll03	6	16	1	1	2.0000	1.0000	1.0000	0.1269	NaN	NaN	NaN	848826.2713	848826.6215	1.0000	1.0000	0.1837
19ll03	6	17	1	1	1.0000	1.0000	1.0000	NaN	2.8547	3.3572	16.7100	848828.6124	848828.9147	1.0000	1.0000	0.6104
19ll03	6	17	1	1	2.0000	1.0000	1.0000	0.1802	NaN	NaN	NaN	848830.0610	848830.4142	1.0000	1.0000	0.3592
19ll03	6	18	1	1	1.0000	1.0000	-1.0000	NaN	6.5442	-4.5476	14.8040	848832.7060	848833.0082	1.0000	0.0000	0.4704
19ll03	6	18	1	1	2.0000	1.0000	-1.0000	0.2370	NaN	NaN	NaN	848834.0139	848834.3684	0.0000	1.0000	0.1963
19ll03	6	19	1	1	1.0000	1.0000	-1.0000	NaN	7.1498	-7.9089	14.8750	848836.8968	848837.2004	0.0000	1.0000	0.4855
19ll03	6	19	1	1	2.0000	1.0000	1.0000	0.1874	NaN	NaN	NaN	848838.1897	848838.5402	1.0000	1.0000	0.0730
19ll03	6	20	1	1	1.0000	1.0000	1.0000	NaN	5.6015	3.5596	14.9883	848840.7458	848841.0486	1.0000	1.0000	0.3001
19ll03	6	20	1	1	2.0000	1.0000	1.0000	0.1723	NaN	NaN	NaN	848841.8544	848842.2041	1.0000	1.0000	0.1861
19ll03	6	21	1	1	1.0000	1.0000	1.0000	NaN	4.3556	4.7391	15.3039	848844.6896	848844.9918	1.0000	1.0000	0.3095
19ll03	6	21	1	1	2.0000	1.0000	1.0000	0.2610	NaN	NaN	NaN	848845.7895	848846.1397	1.0000	1.0000	0.2822
19ll03	6	22	1	1	1.0000	1.0000	1.0000	NaN	6.0442	7.5397	15.0553	848849.0445	848849.3466	1.0000	1.0000	0.2747
19ll03	6	22	1	1	2.0000	1.0000	1.0000	0.1392	NaN	NaN	NaN	848850.1421	848850.4968	1.0000	1.0000	0.2600
19ll03	6	23	1	1	1.0000	1.0000	1.0000	NaN	6.9918	6.6846	15.5690	848853.0158	848853.3195	1.0000	1.0000	0.1892
19ll03	6	23	1	1	2.0000	1.0000	1.0000	0.0154	NaN	NaN	NaN	848854.0323	848854.4302	1.0000	1.0000	0.5843
19ll03	6	24	1	1	1.0000	1.0000	1.0000	NaN	6.4758	6.7864	14.2442	848857.3607	848857.6628	1.0000	1.0000	0.1510
19ll03	6	24	1	1	2.0000	1.0000	1.0000	0.1757	NaN	NaN	NaN	848858.3495	848858.7019	1.0000	1.0000	0.2952
19ll03	6	25	1	1	1.0000	1.0000	1.0000	NaN	7.5973	8.1708	15.2020	848861.0040	848861.3062	1.0000	1.0000	0.2677
19ll03	6	25	1	1	2.0000	1.0000	1.0000	0.1380	NaN	NaN	NaN	848862.0933	848862.4503	1.0000	1.0000	0.1955
19ll03	6	26	1	1	1.0000	1.0000	1.0000	NaN	2.0888	2.0086	14.1846	848864.6029	848864.9051	1.0000	1.0000	0.6041
19ll03	6	26	1	1	2.0000	1.0000	1.0000	0.0650	NaN	NaN	NaN	848866.0135	848866.3667	0.0000	0.0000	0.5021
19ll03	6	27	1	1	1.0000	1.0000	1.0000	NaN	5.1521	5.6581	16.3001	848868.7695	848869.0715	1.0000	1.0000	0.1492
19ll03	6	27	1	1	2.0000	1.0000	1.0000	0.1006	NaN	NaN	NaN	848869.7416	848870.0958	1.0000	1.0000	0.2616
19ll03	6	28	1	1	1.0000	1.0000	1.0000	NaN	5.9543	6.5016	16.0019	848872.5496	848872.8518	1.0000	1.0000	0.3697
19ll03	6	28	1	1	2.0000	1.0000	1.0000	0.2554	NaN	NaN	NaN	848873.7420	848874.0958	1.0000	1.0000	0.1980
19ll03	6	29	1	1	1.0000	1.0000	-1.0000	NaN	1.3278	-0.7475	14.7180	848876.1190	848876.4212	0.0000	1.0000	0.4964
19ll03	6	29	1	1	2.0000	1.0000	1.0000	0.2253	NaN	NaN	NaN	848877.4379	848877.7885	1.0000	1.0000	0.2968
19ll03	6	30	1	1	1.0000	1.0000	-1.0000	NaN	6.9894	-4.7616	14.4933	848880.1688	848880.4709	1.0000	0.0000	0.4954
19ll03	6	30	1	1	2.0000	1.0000	-1.0000	0.0986	NaN	NaN	NaN	848881.5025	848881.8522	0.0000	1.0000	0.5216
19ll03	6	31	1	1	1.0000	1.0000	-1.0000	NaN	5.2883	-6.1624	15.9620	848884.7712	848885.0733	0.0000	1.0000	0.7245
19ll03	6	31	1	1	2.0000	1.0000	1.0000	0.0392	NaN	NaN	NaN	848886.3023	848886.6519	1.0000	1.0000	0.5048
19ll03	6	32	1	1	1.0000	1.0000	-1.0000	NaN	7.6458	-7.5810	14.5030	848889.0397	848889.3417	0.0000	1.0000	0.2802
19ll03	6	32	1	1	2.0000	1.0000	1.0000	0.2241	NaN	NaN	NaN	848890.1094	848890.4655	1.0000	1.0000	0.3392
19ll03	6	33	1	1	1.0000	1.0000	-1.0000	NaN	1.2208	-1.8300	16.3049	848893.1018	848893.4039	1.0000	0.0000	0.5694
19ll03	6	33	1	1	2.0000	1.0000	-1.0000	0.1857	NaN	NaN	NaN	848894.5089	848894.8653	0.0000	1.0000	0.2434
19ll03	6	34	1	1	1.0000	1.0000	1.0000	NaN	4.6233	3.2552	14.6216	848897.4929	848897.7956	1.0000	1.0000	0.4342
19ll03	6	34	1	1	2.0000	1.0000	1.0000	0.1417	NaN	NaN	NaN	848898.7350	848899.0846	1.0000	1.0000	0.1212
19ll03	6	35	1	1	1.0000	1.0000	-1.0000	NaN	4.1715	-3.5734	13.6885	848901.0878	848901.3900	0.0000	1.0000	0.3601
19ll03	6	35	1	1	2.0000	1.0000	1.0000	0.2111	NaN	NaN	NaN	848902.2722	848902.6874	1.0000	1.0000	0.2309
19ll03	6	36	1	1	1.0000	1.0000	-1.0000	NaN	2.8417	-2.7662	14.6123	848904.8563	848905.1602	1.0000	0.0000	0.6206
19ll03	6	36	1	1	2.0000	1.0000	-1.0000	0.1958	NaN	NaN	NaN	848906.3216	848906.7374	0.0000	1.0000	0.3076
19ll03	6	37	1	1	1.0000	1.0000	-1.0000	NaN	3.7953	-4.8202	14.6028	848909.4585	848909.7651	0.0000	1.0000	0.2875
19ll03	6	37	1	1	2.0000	1.0000	1.0000	0.2337	NaN	NaN	NaN	848910.5613	848910.9861	1.0000	1.0000	0.1238
19ll03	6	38	1	1	1.0000	1.0000	-1.0000	NaN	2.1605	-0.9095	13.5452	848913.7269	848914.0334	1.0000	0.0000	0.4512
19ll03	6	38	1	1	2.0000	1.0000	-1.0000	0.1299	NaN	NaN	NaN	848915.0089	848915.4230	0.0000	1.0000	0.4377
19ll03	6	39	1	1	1.0000	1.0000	-1.0000	NaN	2.6555	-2.7693	15.8292	848918.2050	848918.5098	1.0000	0.0000	0.3123
19ll03	6	39	1	1	2.0000	1.0000	-1.0000	0.0014	NaN	NaN	NaN	848919.3450	848919.7672	1.0000	0.0000	0.0779
19ll03	6	40	1	1	1.0000	1.0000	-1.0000	NaN	0.2608	-2.8512	15.8432	848921.7533	848922.0577	1.0000	0.0000	0.5400
19ll03	6	40	1	1	2.0000	1.0000	-1.0000	0.0953	NaN	NaN	NaN	848923.1213	848923.5387	1.0000	0.0000	0.8183
19ll03	6	41	1	1	1.0000	1.0000	1.0000	NaN	5.2024	4.6853	13.0587	848926.8913	848927.1984	1.0000	1.0000	0.3440
19ll03	6	41	1	1	2.0000	1.0000	1.0000	0.1663	NaN	NaN	NaN	848928.0516	848928.4718	1.0000	1.0000	0.1408
19ll03	6	42	1	1	1.0000	1.0000	-1.0000	NaN	2.7616	-2.5734	15.8165	848931.2465	848931.5509	1.0000	0.0000	0.1986
19ll03	6	42	1	1	2.0000	1.0000	-1.0000	0.1474	NaN	NaN	NaN	848932.2890	848932.7043	0.0000	1.0000	0.2139
19ll03	6	43	1	1	1.0000	1.0000	1.0000	NaN	6.3422	3.4631	14.4809	848935.1241	848935.4310	1.0000	1.0000	0.2233
19ll03	6	43	1	1	2.0000	1.0000	1.0000	0.1375	NaN	NaN	NaN	848936.1766	848936.5758	1.0000	1.0000	0.2779
19ll03	6	44	1	1	1.0000	1.0000	-1.0000	NaN	7.5241	-6.3523	14.5051	848938.8856	848939.1878	0.0000	1.0000	0.6729
19ll03	6	44	1	1	2.0000	1.0000	1.0000	0.1609	NaN	NaN	NaN	848940.3829	848940.7325	1.0000	1.0000	0.1207
19ll03	6	45	1	1	1.0000	1.0000	1.0000	NaN	5.4545	7.8663	13.2584	848942.8961	848943.1982	1.0000	1.0000	0.1996
19ll03	6	45	1	1	2.0000	1.0000	1.0000	0.1312	NaN	NaN	NaN	848943.9015	848944.2515	1.0000	1.0000	0.2972
19ll03	6	46	1	1	1.0000	1.0000	1.0000	NaN	4.6505	5.7754	14.2331	848946.8157	848947.1198	1.0000	1.0000	0.4208
19ll03	6	46	1	1	2.0000	1.0000	1.0000	0.1277	NaN	NaN	NaN	848948.0507	848948.4708	1.0000	1.0000	0.3504
19ll03	6	47	1	1	1.0000	1.0000	1.0000	NaN	4.3202	2.4294	14.9029	848951.1157	848951.4199	0.0000	0.0000	0.5047
19ll03	6	47	1	1	2.0000	1.0000	-1.0000	0.1567	NaN	NaN	NaN	848952.4506	848952.8707	0.0000	1.0000	0.6224
19ll03	6	48	1	1	1.0000	1.0000	1.0000	NaN	6.9869	6.3253	14.8680	848955.9341	848956.2362	1.0000	1.0000	0.2324
19ll03	6	48	1	1	2.0000	1.0000	1.0000	0.0442	NaN	NaN	NaN	848956.9895	848957.3456	1.0000	1.0000	0.4996
19ll03	6	49	1	1	1.0000	1.0000	-1.0000	NaN	2.8141	-2.1303	14.6780	848960.1176	848960.4197	0.0000	1.0000	0.6739
19ll03	6	49	1	1	2.0000	1.0000	1.0000	0.0893	NaN	NaN	NaN	848961.6300	848961.9815	1.0000	1.0000	0.5355
19ll03	6	50	1	1	1.0000	1.0000	-1.0000	NaN	2.6672	-3.5268	14.7945	848964.7991	848965.1013	0.0000	1.0000	0.6328
19ll03	6	50	1	1	2.0000	1.0000	1.0000	0.1399	NaN	NaN	NaN	848966.2534	848966.6078	1.0000	1.0000	0.2288
