16hq04	1	1	1	1	1	1	1	NaN	6.0469	6.3377	16.8061	420029.09	420029.4066	1	1	0.3354
16hq04	1	1	1	1	2	1	1	0.2971	NaN	NaN	NaN	420030.2933	420030.8232	1	1	0.3584
16hq04	1	2	1	1	1	1	1	NaN	2.7475	1.5704	14.3143	420033.5071	420033.8098	1	1	0.6046
16hq04	1	2	1	1	2	1	1	0.2746	NaN	NaN	NaN	420034.9392	420035.294	0	0	0.9757
16hq04	1	3	1	1	1	1	1	NaN	5.6055	5.0842	14.0343	420038.5097	420038.8136	1	1	0.6568
16hq04	1	3	1	1	2	1	1	0.5783	NaN	NaN	NaN	420040.0336	420040.4504	1	1	0.2032
16hq04	1	4	1	1	1	1	-1	NaN	1.9672	-2.0992	14.5104	420043.0633	420043.3674	0	1	0.5828
16hq04	1	4	1	1	2	1	1	0.5352	NaN	NaN	NaN	420044.4655	420044.8897	1	1	0.1319
16hq04	1	5	1	1	1	1	1	NaN	4.0955	3.5813	13.3526	420046.832	420047.1341	1	1	1.0235
16hq04	1	5	1	1	2	1	1	0.505	NaN	NaN	NaN	420048.7006	420049.0558	1	1	0.5739
16hq04	1	6	1	1	1	1	1	NaN	3.1959	5.2128	15.2239	420052.1782	420052.4803	1	1	0.6214
16hq04	1	6	1	1	2	1	1	0.3969	NaN	NaN	NaN	420053.675	420054.0277	1	1	0.3385
16hq04	1	7	1	1	1	1	1	NaN	2.3627	3.42	14.0194	420056.5551	420056.8584	0	0	1.0277
16hq04	1	7	1	1	2	1	-1	0.5727	NaN	NaN	NaN	420058.3799	420058.7322	0	1	0.2894
16hq04	1	8	1	1	1	1	1	NaN	6.1373	6.2708	15.8279	420061.2302	420061.5325	1	1	0.4332
16hq04	1	8	1	1	2	1	1	0.2239	NaN	NaN	NaN	420062.5238	420062.8772	1	1	0.7204
16hq04	1	9	1	1	1	1	-1	NaN	0.0631	-1.7189	14.5194	420066.285	420066.5872	0	1	0.8184
16hq04	1	9	1	1	2	1	1	0.4994	NaN	NaN	NaN	420067.9158	420068.2717	1	1	0.3184
16hq04	1	10	1	1	1	1	-1	NaN	0.6279	-1.8327	16.3021	420070.5383	420070.841	0	1	0.9331
16hq04	1	10	1	1	2	1	1	0.0368	NaN	NaN	NaN	420072.2989	420072.6548	0	0	0.6074
16hq04	1	11	1	1	1	1	1	NaN	5.5858	4.8694	14.7942	420075.1454	420075.4475	1	1	0.3748
16hq04	1	11	1	1	2	1	1	0.2093	NaN	NaN	NaN	420076.3314	420076.6879	1	1	0.3982
16hq04	1	12	1	1	1	1	-1	NaN	1.1492	-3.0751	15.4929	420078.9105	420079.2127	0	1	0.3857
16hq04	1	12	1	1	2	1	1	0.4204	NaN	NaN	NaN	420080.1242	420080.4763	1	1	0.2094
16hq04	1	13	1	1	1	1	-1	NaN	6.9737	-6.3121	16.1651	420083.0162	420083.32	1	0	0.8536
16hq04	1	13	1	1	2	1	-1	0.183	NaN	NaN	NaN	420084.7501	420085.1652	0	1	0.4012
16hq04	1	14	1	1	1	1	-1	NaN	0.9637	-0.2688	14.5388	420087.8083	420088.1125	1	0	1.4376
16hq04	1	14	1	1	2	1	-1	0.0163	NaN	NaN	NaN	420090.114	420090.5205	0	1	0.4856
16hq04	1	15	1	1	1	1	-1	NaN	6.731	-5.6894	15.7325	420092.8128	420093.115	0	1	0.3713
16hq04	1	15	1	1	2	1	1	0.4243	NaN	NaN	NaN	420094.0119	420094.3638	1	1	0.2099
16hq04	1	16	1	1	1	1	-1	NaN	5.6578	-6.5667	15.0411	420096.9394	420097.2416	0	1	0.7561
16hq04	1	16	1	1	2	1	1	0.0873	NaN	NaN	NaN	420098.5229	420098.8754	1	1	0.4191
16hq04	1	17	1	1	1	1	1	NaN	2.3557	1.0579	13.8851	420101.5337	420101.8359	1	1	0.9944
16hq04	1	17	1	1	2	1	1	0.1436	NaN	NaN	NaN	420103.387	420103.7407	1	1	0.321
16hq04	1	18	1	1	1	1	1	NaN	6.7973	6.847	14.2144	420106.0431	420106.3452	1	1	0.3084
16hq04	1	18	1	1	2	1	1	0.0973	NaN	NaN	NaN	420107.1959	420107.5529	1	1	0.3174
16hq04	1	19	1	1	1	1	1	NaN	1.4331	0.493	16.3793	420109.7264	420110.0286	0	0	0.7057
16hq04	1	19	1	1	2	1	-1	0.1401	NaN	NaN	NaN	420111.2599	420111.6097	0	1	0.372
16hq04	1	20	1	1	1	1	-1	NaN	1.2226	-1.5275	14.6724	420114.1573	420114.4594	1	0	0.7069
16hq04	1	20	1	1	2	1	-1	0.4015	NaN	NaN	NaN	420115.7255	420116.0762	0	1	0.3219
16hq04	1	21	1	1	1	1	-1	NaN	1.5229	-1.9529	16.5452	420118.3474	420118.6496	1	0	2.0368
16hq04	1	21	1	1	2	1	-1	0.0748	NaN	NaN	NaN	420121.2441	420121.5955	1	0	0.3701
16hq04	1	22	1	1	1	1	-1	NaN	3.573	-4.3838	15.3524	420123.9477	420124.2499	0	1	0.4364
16hq04	1	22	1	1	2	1	1	0.5292	NaN	NaN	NaN	420125.1957	420125.5521	1	1	0.1576
16hq04	1	23	1	1	1	1	1	NaN	7.2416	8.2697	14.7131	420127.7145	420128.0166	1	1	1.421
16hq04	1	23	1	1	2	1	1	0.5608	NaN	NaN	NaN	420129.9666	420130.38	1	1	0.1943
16hq04	1	24	1	1	1	1	1	NaN	5.8984	6.6463	15.2598	420132.9224	420133.2246	1	1	0.3896
16hq04	1	24	1	1	2	1	1	0.3685	NaN	NaN	NaN	420134.1395	420134.4903	1	1	0.3719
16hq04	1	25	1	1	1	1	1	NaN	3.5485	3.1738	14.4815	420136.8686	420137.1712	1	1	0.5713
16hq04	1	25	1	1	2	1	1	0.1199	NaN	NaN	NaN	420138.2999	420138.6555	0	0	0.6542
16hq04	1	26	1	1	1	1	1	NaN	3.4472	3.9754	15.2775	420141.5778	420141.88	1	1	0.6777
16hq04	1	26	1	1	2	1	1	0.4153	NaN	NaN	NaN	420143.0997	420143.4553	1	1	0.1912
16hq04	1	27	1	1	1	1	-1	NaN	0.7722	-1.001	16.707	420145.9385	420146.2407	0	1	1.0535
16hq04	1	27	1	1	2	1	1	0.5552	NaN	NaN	NaN	420147.8198	420148.1729	1	1	0.2733
16hq04	1	28	1	1	1	1	1	NaN	3.7271	3.4598	14.8209	420150.7514	420151.0537	0	0	1.216
16hq04	1	28	1	1	2	1	-1	0.032	NaN	NaN	NaN	420152.795	420153.1508	0	1	0.3669
16hq04	1	29	1	1	1	1	1	NaN	4.1252	5.0005	13.855	420155.8173	420156.1202	1	1	0.3895
16hq04	1	29	1	1	2	1	1	0.1294	NaN	NaN	NaN	420157.0515	420157.4059	1	1	0.5599
16hq04	1	30	1	1	1	1	-1	NaN	1.646	-2.9085	14.5435	420159.821	420160.1231	0	1	0.9152
16hq04	1	30	1	1	2	1	1	0.563	NaN	NaN	NaN	420161.5482	420161.9044	1	1	0.2218
16hq04	1	31	1	1	1	1	-1	NaN	1.3801	-1.0228	13.6679	420164.231	420164.5332	0	1	0.6325
16hq04	1	31	1	1	2	1	1	0.3756	NaN	NaN	NaN	420165.6914	420166.0433	1	1	0.1952
16hq04	1	32	1	1	1	1	1	NaN	4.3535	3.5707	15.5356	420168.2932	420168.5954	0	0	0.5383
16hq04	1	32	1	1	2	1	-1	0.3559	NaN	NaN	NaN	420169.6919	420170.0426	0	1	0.3078
16hq04	1	33	1	1	1	1	1	NaN	6.3856	7.1605	14.4346	420172.7753	420173.0795	1	1	0.2947
16hq04	1	33	1	1	2	1	1	0.2102	NaN	NaN	NaN	420173.9185	420174.3278	1	1	0.4379
16hq04	1	34	1	1	1	1	1	NaN	2.966	3.3921	15.1513	420176.7792	420177.0856	1	1	1.2481
16hq04	1	34	1	1	2	1	1	0.0208	NaN	NaN	NaN	420178.8631	420179.2787	0	0	1.2315
16hq04	1	35	1	1	1	1	1	NaN	4.9176	4.5363	14.5753	420182.8415	420183.1464	0	0	0.7883
16hq04	1	35	1	1	2	1	-1	0.3955	NaN	NaN	NaN	420184.4635	420184.8778	0	1	0.1924
16hq04	1	36	1	1	1	1	1	NaN	3.8296	3.6213	14.9689	420187.6249	420187.9294	0	0	1.7968
16hq04	1	36	1	1	2	1	-1	0.3114	NaN	NaN	NaN	420190.2574	420190.6775	0	1	0.1691
16hq04	1	37	1	1	1	1	-1	NaN	6.5241	-7.7319	14.8461	420193.2209	420193.5255	0	1	0.345
16hq04	1	37	1	1	2	1	1	0.2123	NaN	NaN	NaN	420194.3982	420194.7873	1	1	0.1705
16hq04	1	38	1	1	1	1	-1	NaN	1.3222	-0.724	16.22	420197.2107	420197.5128	1	0	1.0306
16hq04	1	38	1	1	2	1	-1	0.0734	NaN	NaN	NaN	420199.1157	420199.4692	0	1	0.3525
16hq04	1	39	1	1	1	1	1	NaN	4.1005	3.7559	13.9402	420202.2041	420202.5063	1	1	0.7555
16hq04	1	39	1	1	2	1	1	0.591	NaN	NaN	NaN	420203.8044	420204.1554	1	1	0.2428
16hq04	1	40	1	1	1	1	1	NaN	1.8932	3.7322	13.7187	420206.6031	420206.9054	1	1	0.6608
16hq04	1	40	1	1	2	1	1	0.3363	NaN	NaN	NaN	420208.1397	420208.4911	1	1	0.2914
16hq04	1	41	1	1	1	1	1	NaN	1.6915	1.7744	16.2271	420210.9632	420211.2664	1	1	0.4122
16hq04	1	41	1	1	2	1	1	0.079	NaN	NaN	NaN	420212.2375	420212.5884	1	1	0.4654
16hq04	1	42	1	1	1	1	-1	NaN	5.1942	-3.9331	15.0277	420215.7092	420216.0113	1	0	0.595
16hq04	1	42	1	1	2	1	-1	0.3947	NaN	NaN	NaN	420217.1478	420217.5017	0	1	0.2247
16hq04	1	43	1	1	1	1	-1	NaN	1.25	-1.7068	13.8881	420219.7671	420220.0715	1	0	0.4232
16hq04	1	43	1	1	2	1	-1	0.5102	NaN	NaN	NaN	420221.0421	420221.4594	0	1	0.171
16hq04	1	44	1	1	1	1	1	NaN	5.2089	3.0127	15.5484	420223.6446	420223.9517	0	0	1.551
16hq04	1	44	1	1	2	1	-1	0.1229	NaN	NaN	NaN	420226.031	420226.455	0	1	0.1835
16hq04	1	45	1	1	1	1	1	NaN	5.8933	6.4757	16.6798	420228.6055	420228.9101	0	0	1.3442
16hq04	1	45	1	1	2	1	-1	0.2203	NaN	NaN	NaN	420230.751	420231.1708	0	1	0.2195
16hq04	1	46	1	1	1	1	1	NaN	1.6875	1.6132	14.3608	420233.6727	420233.9773	1	1	0.533
16hq04	1	46	1	1	2	1	1	0.1713	NaN	NaN	NaN	420235.0581	420235.4754	1	1	0.1711
16hq04	1	47	1	1	1	1	1	NaN	5.9722	7.2622	16.9618	420238.032	420238.3364	1	1	0.3654
16hq04	1	47	1	1	2	1	1	0.2183	NaN	NaN	NaN	420239.2469	420239.6579	1	1	0.4047
16hq04	1	48	1	1	1	1	1	NaN	5.4203	5.679	15.9724	420242.4193	420242.7234	1	1	0.3472
16hq04	1	48	1	1	2	1	1	0.5361	NaN	NaN	NaN	420243.631	420244.0411	1	1	0.0854
16hq04	1	49	1	1	1	1	1	NaN	5.2349	4.5799	14.821	420246.3483	420246.6524	1	1	1.8421
16hq04	1	49	1	1	2	1	1	0.0579	NaN	NaN	NaN	420249.0237	420249.4412	1	1	0.6052
16hq04	1	50	1	1	1	1	1	NaN	2.6961	3.2034	14.4615	420252.1008	420252.403	1	1	0.3795
16hq04	1	50	1	1	2	1	1	0.2722	NaN	NaN	NaN	420253.3402	420253.6958	1	1	0.3505
16hq04	2	1	1	1	1	1	-1	NaN	1.5436	-0.8502	15.8338	420289.767	420290.0718	0	1	0.5028
16hq04	2	1	1	1	2	1	1	0.4772	NaN	NaN	NaN	420291.1056	420291.5361	1	1	0.0784
16hq04	2	2	1	1	1	1	1	NaN	3.8554	4.9266	14.6319	420294.1238	420294.4304	1	1	0.3683
16hq04	2	2	1	1	2	1	1	0.4815	NaN	NaN	NaN	420295.3436	420295.7557	1	1	0.3061
16hq04	2	3	1	1	1	1	1	NaN	4.8503	5.4666	14.9854	420298.002	420298.3066	0	0	0.7799
16hq04	2	3	1	1	2	1	-1	0.2279	NaN	NaN	NaN	420299.5853	420300.0055	0	1	0.1849
16hq04	2	4	1	1	1	1	-1	NaN	3.9262	-3.6538	14.8619	420302.3345	420302.639	1	0	0.3838
16hq04	2	4	1	1	2	1	-1	0.2365	NaN	NaN	NaN	420303.538	420303.9431	0	1	0.1834
16hq04	2	5	1	1	1	1	1	NaN	3.8362	3.2506	14.6064	420306.2672	420306.5694	1	1	0.2445
16hq04	2	5	1	1	2	1	1	0.3543	NaN	NaN	NaN	420307.34	420307.6973	1	1	0.3171
16hq04	2	6	1	1	1	1	-1	NaN	0.3469	-1.7186	14.0954	420310.337	420310.6392	0	1	0.4306
16hq04	2	6	1	1	2	1	1	0.3059	NaN	NaN	NaN	420311.5804	420311.9316	1	1	0.2268
16hq04	2	7	1	1	1	1	1	NaN	5.4927	6.6154	15.5481	420314.2379	420314.5401	1	1	0.2257
16hq04	2	7	1	1	2	1	1	0.1735	NaN	NaN	NaN	420315.3112	420315.7214	1	1	0.181
16hq04	2	8	1	1	1	1	1	NaN	0.1059	0.2132	16.7664	420318.0999	420318.4021	1	1	0.6677
16hq04	2	8	1	1	2	1	1	0.5254	NaN	NaN	NaN	420319.6114	420319.9645	1	1	0.1779
16hq04	2	9	1	1	1	1	-1	NaN	7.1309	-6.2599	15.4162	420322.5324	420322.8345	1	0	0.5883
16hq04	2	9	1	1	2	1	-1	0.4633	NaN	NaN	NaN	420323.9653	420324.316	0	1	0.2742
16hq04	2	10	1	1	1	1	1	NaN	4.3525	3.4211	15.1661	420326.823	420327.1251	0	0	0.8093
16hq04	2	10	1	1	2	1	-1	0.3208	NaN	NaN	NaN	420328.4599	420328.8141	0	1	0.2247
16hq04	2	11	1	1	1	1	-1	NaN	1.8899	-2.2941	15.8832	420331.1365	420331.4387	0	1	1.6151
16hq04	2	11	1	1	2	1	1	0.1272	NaN	NaN	NaN	420333.5803	420333.9323	1	1	0.3695
16hq04	2	12	1	1	1	1	1	NaN	4.0008	3.707	16.524	420336.8004	420337.1027	0	0	0.4951
16hq04	2	12	1	1	2	1	-1	0.5763	NaN	NaN	NaN	420338.0923	420338.4454	0	1	0.2884
16hq04	2	13	1	1	1	1	1	NaN	0.4925	0.4031	13.4804	420340.8298	420341.132	1	1	0.6898
16hq04	2	13	1	1	2	1	1	0.0005	NaN	NaN	NaN	420342.3813	420342.7318	1	1	0.226
16hq04	2	14	1	1	1	1	-1	NaN	2.7193	-3.0778	15.0343	420345.4153	420345.7175	1	0	1.3697
16hq04	2	14	1	1	2	1	-1	0.3502	NaN	NaN	NaN	420347.6131	420347.9646	0	1	0.2577
16hq04	2	15	1	1	1	1	1	NaN	2.105	3.1447	13.9365	420350.7036	420351.0057	1	1	0.2728
16hq04	2	15	1	1	2	1	1	0.0799	NaN	NaN	NaN	420351.82	420352.174	1	1	0.2718
16hq04	2	16	1	1	1	1	1	NaN	5.5854	3.7816	15.011	420354.5848	420354.887	1	1	0.2794
16hq04	2	16	1	1	2	1	1	0.2939	NaN	NaN	NaN	420355.6913	420356.0448	1	1	0.193
16hq04	2	17	1	1	1	1	1	NaN	2.2685	5.6347	16.815	420358.6182	420358.9204	1	1	0.4542
16hq04	2	17	1	1	2	1	1	0.2741	NaN	NaN	NaN	420359.9001	420360.2571	1	1	0.2376
16hq04	2	18	1	1	1	1	1	NaN	4.7155	4.4617	15.5144	420362.5572	420362.863	0	0	1.2954
16hq04	2	18	1	1	2	1	-1	0.246	NaN	NaN	NaN	420364.7018	420365.1184	0	1	0.2402
16hq04	2	19	1	1	1	1	-1	NaN	1.7782	-1.7476	15.7066	420367.3984	420367.7029	1	0	0.375
16hq04	2	19	1	1	2	1	-1	0.0843	NaN	NaN	NaN	420368.6714	420369.0854	0	1	0.689
16hq04	2	20	1	1	1	1	-1	NaN	5.9325	-4.3991	14.234	420371.9987	420372.3037	0	1	0.3342
16hq04	2	20	1	1	2	1	1	0.0778	NaN	NaN	NaN	420373.1682	420373.5732	1	1	0.1212
16hq04	2	21	1	1	1	1	1	NaN	6.136	6.2746	14.951	420376.1254	420376.4275	1	1	0.5789
16hq04	2	21	1	1	2	1	1	0.34	NaN	NaN	NaN	420377.548	420377.8996	1	1	0.2262
16hq04	2	22	1	1	1	1	1	NaN	2.6874	0.4074	13.6936	420380.6912	420380.9934	1	1	0.6365
16hq04	2	22	1	1	2	1	1	0.4079	NaN	NaN	NaN	420382.1565	420382.5101	1	1	0.2558
16hq04	2	23	1	1	1	1	-1	NaN	6.58	-6.6268	15.2664	420384.9645	420385.2667	0	1	0.6366
16hq04	2	23	1	1	2	1	1	0.2233	NaN	NaN	NaN	420386.4295	420386.7796	1	1	0.211
16hq04	2	24	1	1	1	1	-1	NaN	3.7062	-3.6151	16.1408	420389.0293	420389.3316	1	0	1.8349
16hq04	2	24	1	1	2	1	-1	0.0308	NaN	NaN	NaN	420391.7402	420392.0942	0	1	0.4956
16hq04	2	25	1	1	1	1	-1	NaN	3.2207	-3.5424	15.6072	420394.762	420395.0642	0	1	0.7744
16hq04	2	25	1	1	2	1	1	0.2494	NaN	NaN	NaN	420396.3313	420396.6887	1	1	0.1731
16hq04	2	26	1	1	1	1	1	NaN	4.1216	4.6476	14.3481	420399.1834	420399.4855	1	1	0.6409
16hq04	2	26	1	1	2	1	1	0.2079	NaN	NaN	NaN	420400.6991	420401.0552	1	1	0.2707
16hq04	2	27	1	1	1	1	1	NaN	3.3582	4.2879	15.8014	420403.6312	420403.9333	1	1	0.3532
16hq04	2	27	1	1	2	1	1	0.3813	NaN	NaN	NaN	420404.8777	420405.2288	1	1	0.1771
16hq04	2	28	1	1	1	1	-1	NaN	2.4528	-3.0819	14.6612	420407.6024	420407.9047	1	0	0.4458
16hq04	2	28	1	1	2	1	-1	0.4597	NaN	NaN	NaN	420408.9129	420409.3333	0	1	0.2486
16hq04	2	29	1	1	1	1	1	NaN	4.2155	6.037	14.4267	420411.657	420411.9618	0	0	0.3721
16hq04	2	29	1	1	2	1	-1	0.37	NaN	NaN	NaN	420412.8656	420413.2832	1	0	0.1234
16hq04	2	30	1	1	1	1	1	NaN	6.955	6.0461	16.0571	420415.4237	420415.7282	1	1	0.8623
16hq04	2	30	1	1	2	1	1	0.2688	NaN	NaN	NaN	420417.1513	420417.5429	1	1	0.183
16hq04	2	31	1	1	1	1	-1	NaN	6.6416	-6.2821	15.8178	420420.0161	420420.3183	0	1	0.5756
16hq04	2	31	1	1	2	1	1	0.4164	NaN	NaN	NaN	420421.4205	420421.7749	1	1	0.239
16hq04	2	32	1	1	1	1	-1	NaN	7.2206	-6.9696	15.1924	420424.0536	420424.3569	0	1	0.265
16hq04	2	32	1	1	2	1	1	0.2888	NaN	NaN	NaN	420425.1476	420425.504	1	1	0.0946
16hq04	2	33	1	1	1	1	-1	NaN	5.0603	-5.4869	14.1905	420427.9271	420428.2293	0	1	0.2166
16hq04	2	33	1	1	2	1	1	0.3155	NaN	NaN	NaN	420428.9713	420429.3246	1	1	0.1613
16hq04	2	34	1	1	1	1	1	NaN	2.4731	3.6686	13.6881	420431.3743	420431.6764	1	1	0.6902
16hq04	2	34	1	1	2	1	1	0.3983	NaN	NaN	NaN	420432.9251	420433.2755	1	1	0.483
16hq04	2	35	1	1	1	1	-1	NaN	3.8455	-3.5994	15.8264	420435.9542	420436.2564	0	1	0.7977
16hq04	2	35	1	1	2	1	1	0.2832	NaN	NaN	NaN	420437.5641	420437.92	1	1	0.19
16hq04	2	36	1	1	1	1	-1	NaN	4.5515	-4.2049	14.162	420440.1809	420440.4832	1	0	0.5547
16hq04	2	36	1	1	2	1	-1	0.0389	NaN	NaN	NaN	420441.6123	420441.9635	0	1	0.2424
16hq04	2	37	1	1	1	1	-1	NaN	6.7211	-8.6343	15.8333	420444.172	420444.4742	0	1	0.4685
16hq04	2	37	1	1	2	1	1	0.3816	NaN	NaN	NaN	420445.4682	420445.8236	1	1	0.095
16hq04	2	38	1	1	1	1	1	NaN	0.5945	1.5347	16.2711	420448.2389	420448.5411	0	0	0.8808
16hq04	2	38	1	1	2	1	-1	0.5564	NaN	NaN	NaN	420449.9641	420450.3194	0	1	0.1105
16hq04	2	39	1	1	1	1	-1	NaN	4.6615	-4.5128	13.8599	420452.8274	420453.132	0	1	0.5624
16hq04	2	39	1	1	2	1	1	0.4338	NaN	NaN	NaN	420454.2233	420454.6427	1	1	0.1392
16hq04	2	40	1	1	1	1	-1	NaN	6.3326	-6.0643	14.7594	420457.0479	420457.3531	0	1	0.2932
16hq04	2	40	1	1	2	1	1	0.4861	NaN	NaN	NaN	420458.1939	420458.6148	1	1	0.0717
16hq04	2	41	1	1	1	1	-1	NaN	7.1261	-8.0654	14.0459	420460.8278	420461.1326	0	1	0.37
16hq04	2	41	1	1	2	1	1	0.396	NaN	NaN	NaN	420462.0319	420462.448	1	1	0.2067
16hq04	2	42	1	1	1	1	-1	NaN	0.4313	-1.5987	14.8857	420465.0161	420465.3234	0	1	1.443
16hq04	2	42	1	1	2	1	1	0.4984	NaN	NaN	NaN	420467.3293	420467.7472	1	1	0.2514
16hq04	2	43	1	1	1	1	1	NaN	5.1571	5.3882	14.1703	420470.2794	420470.5839	1	1	0.1501
16hq04	2	43	1	1	2	1	1	0.4136	NaN	NaN	NaN	420471.2797	420471.6968	0	0	0.9731
16hq04	2	44	1	1	1	1	1	NaN	2.8735	3.759	14.1781	420474.5552	420474.8574	1	1	0.277
16hq04	2	44	1	1	2	1	1	0.1489	NaN	NaN	NaN	420475.6602	420476.0111	1	1	0.2587
16hq04	2	45	1	1	1	1	1	NaN	5.1772	6.5898	15.4297	420478.1681	420478.4709	1	1	0.2956
16hq04	2	45	1	1	2	1	1	0.0839	NaN	NaN	NaN	420479.3414	420479.6916	1	1	0.7391
16hq04	2	46	1	1	1	1	1	NaN	5.9504	4.2395	14.4095	420482.8755	420483.1777	1	1	0.245
16hq04	2	46	1	1	2	1	1	0.4034	NaN	NaN	NaN	420484.0118	420484.3677	1	1	0.0623
16hq04	2	47	1	1	1	1	-1	NaN	4.6848	-3.7431	15.0048	420486.8092	420487.1113	0	1	0.295
16hq04	2	47	1	1	2	1	1	0.1648	NaN	NaN	NaN	420487.9154	420488.2714	1	1	0.0951
16hq04	2	48	1	1	1	1	-1	NaN	0.4123	-1.7121	14.6827	420490.598	420490.9003	1	0	0.5384
16hq04	2	48	1	1	2	1	-1	0.5881	NaN	NaN	NaN	420492.0126	420492.3672	0	1	0.1917
16hq04	2	49	1	1	1	1	-1	NaN	5.2973	-5.6049	14.5193	420494.732	420495.0348	0	1	0.1636
16hq04	2	49	1	1	2	1	1	0.4826	NaN	NaN	NaN	420495.7408	420496.0908	1	1	0.0005
16hq04	2	50	1	1	1	1	-1	NaN	5.4976	-4.9003	13.8492	420498.4499	420498.7565	0	1	0.5219
16hq04	2	50	1	1	2	1	1	0.0243	NaN	NaN	NaN	420499.794	420500.2123	1	1	0.3944
16hq04	3	1	1	1	1	1	1	NaN	1.2847	2.5255	15.1029	420563.9007	420564.2055	0	0	0.3853
16hq04	3	1	1	1	2	1	-1	0.3187	NaN	NaN	NaN	420565.1836	420565.606	0	1	0.3764
16hq04	3	2	1	1	1	1	1	NaN	5.9707	5.473	16.5443	420567.8339	420568.1388	1	1	0.1801
16hq04	3	2	1	1	2	1	1	0.3113	NaN	NaN	NaN	420568.912	420569.326	1	1	0.0164
16hq04	3	3	1	1	1	1	-1	NaN	4.7443	-3.6239	16.4715	420571.6339	420571.9388	0	1	0.2206
16hq04	3	3	1	1	2	1	1	0.0348	NaN	NaN	NaN	420572.7217	420573.1425	1	1	0.2795
16hq04	3	4	1	1	1	1	-1	NaN	2.6216	-1.7909	14.8983	420575.922	420576.2269	1	0	0.7315
16hq04	3	4	1	1	2	1	-1	0.3949	NaN	NaN	NaN	420577.5365	420577.9584	0	1	0.1201
16hq04	3	5	1	1	1	1	-1	NaN	4.2552	-2.8223	14.6258	420580.7426	420581.0485	1	0	0.2615
16hq04	3	5	1	1	2	1	-1	0.2887	NaN	NaN	NaN	420581.9058	420582.3248	0	1	0.1539
16hq04	3	6	1	1	1	1	1	NaN	0.3617	1.3343	15.474	420584.826	420585.1321	1	1	0.3059
16hq04	3	6	1	1	2	1	1	0.0043	NaN	NaN	NaN	420585.984	420586.403	1	1	0.139
16hq04	3	7	1	1	1	1	1	NaN	0.8355	0.7022	15.7421	420589.0828	420589.3874	1	1	0.3071
16hq04	3	7	1	1	2	1	1	0.3869	NaN	NaN	NaN	420590.2237	420590.6411	1	1	0.1569
16hq04	3	8	1	1	1	1	1	NaN	3.0262	2.8328	15.0921	420592.8881	420593.1926	1	1	0.3734
16hq04	3	8	1	1	2	1	1	0.343	NaN	NaN	NaN	420594.1275	420594.5403	1	1	0.0657
16hq04	3	9	1	1	1	1	-1	NaN	4.9142	-4.7271	14.4829	420597.087	420597.3912	0	1	0.6068
16hq04	3	9	1	1	2	1	1	0.5211	NaN	NaN	NaN	420598.5424	420598.9568	1	1	0.0818
16hq04	3	10	1	1	1	1	-1	NaN	4.8548	-5.8684	15.9743	420601.3915	420601.6968	0	1	0.5732
16hq04	3	10	1	1	2	1	1	0.2611	NaN	NaN	NaN	420602.8308	420603.24	1	1	0.1987
16hq04	3	11	1	1	1	1	1	NaN	5.8963	5.185	14.4303	420605.5198	420605.8239	1	1	0.2387
16hq04	3	11	1	1	2	1	1	0.0759	NaN	NaN	NaN	420606.6559	420607.0502	0	0	0.4204
16hq04	3	12	1	1	1	1	1	NaN	1.0982	2.7323	13.7589	420609.6204	420609.9246	1	1	0.1855
16hq04	3	12	1	1	2	1	1	0.5741	NaN	NaN	NaN	420610.7058	420611.1282	1	1	0.0704
16hq04	3	13	1	1	1	1	1	NaN	1.5837	0.323	15.9462	420613.4193	420613.7235	1	1	0.4665
16hq04	3	13	1	1	2	1	1	0.072	NaN	NaN	NaN	420614.7861	420615.2071	0	0	0.2634
16hq04	3	14	1	1	1	1	1	NaN	4.8896	3.944	14.0373	420617.5903	420617.8962	1	1	0.5498
16hq04	3	14	1	1	2	1	1	0.273	NaN	NaN	NaN	420619.0393	420619.4563	0	0	0.7987
16hq04	3	15	1	1	1	1	1	NaN	7.1375	6.4513	15.1702	420622.5504	420622.8549	1	1	1.1756
16hq04	3	15	1	1	2	1	1	0.0115	NaN	NaN	NaN	420624.5753	420624.9846	1	1	0.3414
16hq04	3	16	1	1	1	1	-1	NaN	4.1684	-2.5025	15.397	420627.5221	420627.8242	0	1	0.9105
16hq04	3	16	1	1	2	1	1	0.2381	NaN	NaN	NaN	420629.2765	420629.6312	1	1	0.3354
16hq04	3	17	1	1	1	1	-1	NaN	1.6422	-1.8738	14.285	420632.0207	420632.3229	0	1	0.6991
16hq04	3	17	1	1	2	1	1	0.2267	NaN	NaN	NaN	420633.5651	420633.9156	1	1	0.3707
16hq04	3	18	1	1	1	1	1	NaN	5.1579	6.4469	15.2268	420636.326	420636.6297	1	1	0.2649
16hq04	3	18	1	1	2	1	1	0.2602	NaN	NaN	NaN	420637.4839	420637.837	1	1	0.2896
16hq04	3	19	1	1	1	1	1	NaN	6.7716	6.3065	14.4552	420640.2876	420640.5899	1	1	0.4327
16hq04	3	19	1	1	2	1	1	0.3923	NaN	NaN	NaN	420641.6125	420641.9652	0	0	0.5288
16hq04	3	20	1	1	1	1	-1	NaN	0.5074	-1.3459	14.5399	420644.5331	420644.8353	0	1	0.8914
16hq04	3	20	1	1	2	1	1	0.4441	NaN	NaN	NaN	420646.2679	420646.6197	1	1	0.3549
16hq04	3	21	1	1	1	1	-1	NaN	4.6827	-5.257	14.8684	420648.9039	420649.206	0	1	0.2645
16hq04	3	21	1	1	2	1	1	0.0948	NaN	NaN	NaN	420650.0604	420650.4148	1	1	0.2878
16hq04	3	22	1	1	1	1	-1	NaN	4.5891	-4.6783	15.0897	420653.0077	420653.3106	0	1	1.2963
16hq04	3	22	1	1	2	1	1	0.4176	NaN	NaN	NaN	420655.1487	420655.4998	1	1	1.3302
16hq04	3	23	1	1	1	1	1	NaN	0.1344	0.2663	14.506	420659.0315	420659.3362	0	0	0.9825
16hq04	3	23	1	1	2	1	-1	0.2301	NaN	NaN	NaN	420660.8653	420661.2881	0	1	0.1347
16hq04	3	24	1	1	1	1	1	NaN	6.9959	8.4307	14.3092	420663.5473	420663.852	1	1	0.2748
16hq04	3	24	1	1	2	1	1	0.1263	NaN	NaN	NaN	420664.737	420665.154	1	1	0.1727
16hq04	3	25	1	1	1	1	-1	NaN	5.2572	-4.7965	13.9253	420668.0221	420668.3286	0	1	0.2615
16hq04	3	25	1	1	2	1	1	0.2005	NaN	NaN	NaN	420669.1532	420669.5671	1	1	0.2229
16hq04	3	26	1	1	1	1	1	NaN	5.2734	4.168	14.1476	420671.8783	420672.1804	1	1	0.2981
16hq04	3	26	1	1	2	1	1	0.3901	NaN	NaN	NaN	420673.0525	420673.4083	1	1	0.3182
16hq04	3	27	1	1	1	1	-1	NaN	7.1979	-5.0633	15.2555	420676.0659	420676.3681	0	1	0.3019
16hq04	3	27	1	1	2	1	1	0.5073	NaN	NaN	NaN	420677.2125	420677.5634	1	1	0.1466
16hq04	3	28	1	1	1	1	-1	NaN	0.2421	-2.6566	14.8587	420679.7026	420680.0048	0	1	0.2339
16hq04	3	28	1	1	2	1	1	0.0814	NaN	NaN	NaN	420680.7977	420681.1485	1	1	0.6581
16hq04	3	29	1	1	1	1	-1	NaN	5.2265	-3.2185	14.1474	420683.768	420684.0701	0	1	0.2646
16hq04	3	29	1	1	2	1	1	0.0004	NaN	NaN	NaN	420684.9076	420685.2617	1	1	0.3043
16hq04	3	30	1	1	1	1	-1	NaN	1.4937	-2.4272	15.2142	420688.2206	420688.5229	0	1	0.5797
16hq04	3	30	1	1	2	1	1	0.236	NaN	NaN	NaN	420689.6137	420689.9646	1	1	0.1782
16hq04	3	31	1	1	1	1	-1	NaN	5.8834	-4.7704	14.636	420692.0141	420692.3162	0	1	0.2425
16hq04	3	31	1	1	2	1	1	0.5729	NaN	NaN	NaN	420693.0845	420693.4406	1	1	0.0939
16hq04	3	32	1	1	1	1	1	NaN	0.9606	0.1099	15.3555	420696.039	420696.3419	0	0	0.3922
16hq04	3	32	1	1	2	1	-1	0.5046	NaN	NaN	NaN	420697.2597	420697.6124	0	1	0.2582
16hq04	3	33	1	1	1	1	1	NaN	3.8966	2.4719	14.6117	420700.0929	420700.3951	1	1	0.1958
16hq04	3	33	1	1	2	1	1	0.4241	NaN	NaN	NaN	420701.1646	420701.517	1	1	0.0981
16hq04	3	34	1	1	1	1	-1	NaN	2.3167	-4.6756	15.5488	420703.6439	420703.9461	0	1	0.4847
16hq04	3	34	1	1	2	1	1	0.2919	NaN	NaN	NaN	420704.9594	420705.3805	1	1	0.0576
16hq04	3	35	1	1	1	1	1	NaN	2.3932	2.3292	15.6791	420707.7446	420708.0494	1	1	0.5407
16hq04	3	35	1	1	2	1	1	0.1298	NaN	NaN	NaN	420709.1682	420709.5857	1	1	0.3009
16hq04	3	36	1	1	1	1	1	NaN	1.5948	2.4989	14.7525	420711.9644	420712.2699	1	1	0.4482
16hq04	3	36	1	1	2	1	1	0.0515	NaN	NaN	NaN	420713.2498	420713.6683	1	1	0.7138
16hq04	3	37	1	1	1	1	-1	NaN	4.4846	-5.4564	14.8197	420716.9861	420717.2923	0	1	0.3384
16hq04	3	37	1	1	2	1	1	0.3769	NaN	NaN	NaN	420718.1749	420718.5847	1	1	0.3734
16hq04	3	38	1	1	1	1	1	NaN	2.0879	1.9132	15.0148	420721.3311	420721.6355	0	0	0.9546
16hq04	3	38	1	1	2	1	-1	0.2543	NaN	NaN	NaN	420723.1348	420723.5512	0	1	0.2869
16hq04	3	39	1	1	1	1	1	NaN	0.2257	0.423	14.4119	420726.2526	420726.5595	0	0	0.7672
16hq04	3	39	1	1	2	1	-1	0.0479	NaN	NaN	NaN	420727.8715	420728.2843	0	1	0.6902
16hq04	3	40	1	1	1	1	1	NaN	3.8009	1.9323	13.3089	420731.0478	420731.3522	1	1	0.5506
16hq04	3	40	1	1	2	1	1	0.0657	NaN	NaN	NaN	420732.4816	420732.8887	1	1	0.4061
16hq04	3	41	1	1	1	1	-1	NaN	4.4191	-4.0992	14.8207	420735.6494	420735.9517	0	1	0.9109
16hq04	3	41	1	1	2	1	1	0.3495	NaN	NaN	NaN	420737.42	420737.7759	1	1	0.6226
16hq04	3	42	1	1	1	1	-1	NaN	1.5822	-0.7892	16.5507	420740.6536	420740.9567	1	0	0.8657
16hq04	3	42	1	1	2	1	-1	0.3728	NaN	NaN	NaN	420742.3806	420742.7316	0	1	0.2749
16hq04	3	43	1	1	1	1	-1	NaN	6.2315	-5.0114	14.0914	420745.4037	420745.7071	0	1	0.3557
16hq04	3	43	1	1	2	1	1	0.0217	NaN	NaN	NaN	420746.572	420746.9255	1	1	0.5606
16hq04	3	44	1	1	1	1	1	NaN	5.135	4.3894	15.0037	420749.9624	420750.2669	1	1	0.6111
16hq04	3	44	1	1	2	1	1	0.2971	NaN	NaN	NaN	420751.4395	420751.8497	1	1	0.3729
16hq04	3	45	1	1	1	1	-1	NaN	5.8961	-5.3619	15.5142	420754.7539	420755.0603	0	1	0.8578
16hq04	3	45	1	1	2	1	1	0.2533	NaN	NaN	NaN	420756.4322	420756.8496	1	1	0.5893
16hq04	3	46	1	1	1	1	-1	NaN	1.1797	-0.5437	13.7599	420759.9328	420760.2372	0	1	0.6253
16hq04	3	46	1	1	2	1	1	0.3808	NaN	NaN	NaN	420761.3908	420761.8108	1	1	0.3473
16hq04	3	47	1	1	1	1	-1	NaN	6.8832	-4.6664	14.5463	420764.1794	420764.4839	0	1	0.3948
16hq04	3	47	1	1	2	1	1	0.0641	NaN	NaN	NaN	420765.3929	420765.8106	1	1	0.2204
16hq04	3	48	1	1	1	1	1	NaN	3.3337	4.4875	14.764	420768.4954	420768.7998	0	0	0.7671
16hq04	3	48	1	1	2	1	-1	0.1989	NaN	NaN	NaN	420770.0979	420770.5155	0	1	0.2191
16hq04	3	49	1	1	1	1	1	NaN	0.4224	1.8851	14.9731	420773.0921	420773.3965	1	1	0.2829
16hq04	3	49	1	1	2	1	1	0.4307	NaN	NaN	NaN	420774.2555	420774.6533	1	1	0.3537
16hq04	3	50	1	1	1	1	-1	NaN	1.9937	-1.7914	14.0803	420777.2267	420777.5289	1	0	0.534
16hq04	3	50	1	1	2	1	-1	0.442	NaN	NaN	NaN	420778.6524	420779.007	0	1	0.2239
16hq04	4	1	1	1	1	1	1	NaN	6.5662	7.2013	14.1446	420878.2755	420878.5804	1	1	0.6344
16hq04	4	1	1	1	2	1	1	0.3085	NaN	NaN	NaN	420879.712	420880.1255	1	1	0.1774
16hq04	4	2	1	1	1	1	1	NaN	0.3942	0.9123	14.1258	420882.1857	420882.4879	1	1	0.7109
16hq04	4	2	1	1	2	1	1	0.3272	NaN	NaN	NaN	420883.7274	420884.1567	1	1	0.1302
16hq04	4	3	1	1	1	1	1	NaN	7.2834	8.2932	15.1792	420886.6862	420886.991	1	1	0.4639
16hq04	4	3	1	1	2	1	1	0.0394	NaN	NaN	NaN	420888.0155	420888.4399	0	0	0.567
16hq04	4	4	1	1	1	1	-1	NaN	4.3663	-4.685	14.1797	420891.1942	420891.501	1	0	0.6574
16hq04	4	4	1	1	2	1	-1	0.3469	NaN	NaN	NaN	420892.7223	420893.1433	0	1	0.1995
16hq04	4	5	1	1	1	1	-1	NaN	0.1998	-1.3334	15.1518	420895.5596	420895.8645	1	0	0.4063
16hq04	4	5	1	1	2	1	-1	0.3249	NaN	NaN	NaN	420896.7997	420897.221	0	1	0.1692
16hq04	4	6	1	1	1	1	-1	NaN	2.034	-3.2788	15.2702	420899.6562	420899.9607	0	1	0.3745
16hq04	4	6	1	1	2	1	1	0.2941	NaN	NaN	NaN	420900.8636	420901.2757	1	1	0.0673
16hq04	4	7	1	1	1	1	-1	NaN	5.0503	-4.9124	14.8265	420903.3865	420903.691	0	1	0.2752
16hq04	4	7	1	1	2	1	1	0.1533	NaN	NaN	NaN	420904.4954	420904.8966	1	1	0.1896
16hq04	4	8	1	1	1	1	1	NaN	3.0922	5.0409	13.9913	420907.526	420907.8281	1	1	0.2668
16hq04	4	8	1	1	2	1	1	0.2873	NaN	NaN	NaN	420908.6537	420909.0034	1	1	0.2108
16hq04	4	9	1	1	1	1	1	NaN	0.0495	0.5827	14.212	420911.3541	420911.6563	1	1	0.5344
16hq04	4	9	1	1	2	1	1	0.3739	NaN	NaN	NaN	420912.7483	420913.1016	1	1	0.3526
16hq04	4	10	1	1	1	1	1	NaN	6.46	6.2722	16.2189	420915.8843	420916.1865	1	1	0.3878
16hq04	4	10	1	1	2	1	1	0.0115	NaN	NaN	NaN	420917.1315	420917.4848	0	0	1.378
16hq04	4	11	1	1	1	1	1	NaN	1.0252	2.084	14.4156	420921.003	420921.3052	1	1	0.3736
16hq04	4	11	1	1	2	1	1	0.1417	NaN	NaN	NaN	420922.2199	420922.5726	1	1	0.3382
16hq04	4	12	1	1	1	1	1	NaN	3.0595	3.0538	15.3232	420925.0625	420925.3654	1	1	0.3294
16hq04	4	12	1	1	2	1	1	0.2615	NaN	NaN	NaN	420926.2855	420926.6361	1	1	0.2747
16hq04	4	13	1	1	1	1	1	NaN	6.7236	5.8791	14.287	420929.0827	420929.3872	1	1	0.2597
16hq04	4	13	1	1	2	1	1	0.4798	NaN	NaN	NaN	420930.2235	420930.6408	1	1	0.1582
16hq04	4	14	1	1	1	1	-1	NaN	0.5046	-2.4534	13.2097	420932.7734	420933.0778	0	1	1.1124
16hq04	4	14	1	1	2	1	1	0.5732	NaN	NaN	NaN	420934.7375	420935.1578	1	1	0.2649
16hq04	4	15	1	1	1	1	1	NaN	5.1601	4.046	12.3431	420937.8373	420938.1422	1	1	0.224
16hq04	4	15	1	1	2	1	1	0.133	NaN	NaN	NaN	420938.9121	420939.3238	1	1	0.2584
16hq04	4	16	1	1	1	1	1	NaN	0.7896	1.5094	13.6479	420942.2308	420942.5352	1	1	0.583
16hq04	4	16	1	1	2	1	1	0.5096	NaN	NaN	NaN	420943.6784	420944.0902	1	1	0.308
16hq04	4	17	1	1	1	1	-1	NaN	3.6648	-1.9735	15.1595	420946.3865	420946.691	1	0	0.4113
16hq04	4	17	1	1	2	1	-1	0.2076	NaN	NaN	NaN	420947.6478	420948.0684	0	1	0.2665
16hq04	4	18	1	1	1	1	1	NaN	5.5808	8.797	15.1685	420950.5356	420950.8402	1	1	0.2147
16hq04	4	18	1	1	2	1	1	0.1091	NaN	NaN	NaN	420951.6467	420952.0565	1	1	0.2457
16hq04	4	19	1	1	1	1	1	NaN	5.9777	6.3809	14.529	420954.7567	420955.0615	1	1	0.2333
16hq04	4	19	1	1	2	1	1	0.3763	NaN	NaN	NaN	420955.8556	420956.2729	1	1	0.1094
16hq04	4	20	1	1	1	1	1	NaN	4.0356	2.6346	13.6793	420958.389	420958.6932	1	1	0.1859
16hq04	4	20	1	1	2	1	1	0.1007	NaN	NaN	NaN	420959.4232	420959.8389	1	1	0.3673
16hq04	4	21	1	1	1	1	1	NaN	6.1714	7.8992	17.3971	420962.8853	420963.1894	1	1	0.1694
16hq04	4	21	1	1	2	1	1	0.5317	NaN	NaN	NaN	420963.9544	420964.3724	1	1	0.1384
16hq04	4	22	1	1	1	1	1	NaN	6.5776	6.8265	15.4808	420966.6564	420966.961	1	1	0.4457
16hq04	4	22	1	1	2	1	1	0.1002	NaN	NaN	NaN	420967.9547	420968.3723	1	1	0.346
16hq04	4	23	1	1	1	1	1	NaN	0.0767	0.8928	14.4927	420971.0339	420971.338	0	0	0.5966
16hq04	4	23	1	1	2	1	-1	0.3503	NaN	NaN	NaN	420972.4787	420972.8883	0	1	0.2466
16hq04	4	24	1	1	1	1	1	NaN	1.146	1.7584	15.4195	420975.4337	420975.7379	1	1	0.2603
16hq04	4	24	1	1	2	1	1	0.5851	NaN	NaN	NaN	420976.5422	420976.9547	1	1	0.2601
16hq04	4	25	1	1	1	1	-1	NaN	4.1445	-4.6706	16.4024	420979.8188	420980.1237	0	1	0.6753
16hq04	4	25	1	1	2	1	1	0.3685	NaN	NaN	NaN	420981.3435	420981.7684	1	1	0.2946
16hq04	4	26	1	1	1	1	1	NaN	0.5947	0.1377	15.0413	420984.2325	420984.5373	1	1	0.3095
16hq04	4	26	1	1	2	1	1	0.225	NaN	NaN	NaN	420985.4562	420985.8715	1	1	0.2075
16hq04	4	27	1	1	1	1	-1	NaN	2.2127	-4.3294	14.4568	420988.2012	420988.5056	0	1	0.389
16hq04	4	27	1	1	2	1	1	0.1733	NaN	NaN	NaN	420989.3917	420989.7812	1	1	0.1856
16hq04	4	28	1	1	1	1	-1	NaN	7.3072	-6.0635	15.9714	420992.3131	420992.6183	0	1	0.2439
16hq04	4	28	1	1	2	1	1	0.0929	NaN	NaN	NaN	420993.4077	420993.821	1	1	0.2252
16hq04	4	29	1	1	1	1	-1	NaN	5.7924	-4.9284	15.705	420996.7279	420997.0323	0	1	0.3906
16hq04	4	29	1	1	2	1	1	0.5125	NaN	NaN	NaN	420997.9693	420998.3876	1	1	0.1393
16hq04	4	30	1	1	1	1	-1	NaN	6.582	-5.6065	14.3055	421000.9991	421001.3032	1	0	1.031
16hq04	4	30	1	1	2	1	-1	0.2755	NaN	NaN	NaN	421002.8959	421003.3073	0	1	0.2915
16hq04	4	31	1	1	1	1	-1	NaN	2.8676	-4.9012	15.8641	421005.5189	421005.8231	0	1	0.4312
16hq04	4	31	1	1	2	1	1	0.1616	NaN	NaN	NaN	421006.801	421007.1851	1	1	0.2061
16hq04	4	32	1	1	1	1	1	NaN	6.9095	4.9083	15.1844	421009.721	421010.0232	1	1	0.4235
16hq04	4	32	1	1	2	1	1	0.2987	NaN	NaN	NaN	421010.9879	421011.3413	1	1	0.1777
16hq04	4	33	1	1	1	1	1	NaN	1.3158	1.8249	14.9559	421013.4855	421013.7877	1	1	0.4512
16hq04	4	33	1	1	2	1	1	0.2964	NaN	NaN	NaN	421014.8134	421015.1652	1	1	0.2416
16hq04	4	34	1	1	1	1	1	NaN	1.864	0.6415	13.8885	421017.8778	421018.18	1	1	0.4263
16hq04	4	34	1	1	2	1	1	0.5766	NaN	NaN	NaN	421019.1326	421019.4845	1	1	0.2422
16hq04	4	35	1	1	1	1	-1	NaN	0.7281	-1.2032	14.86	421022.2326	421022.5349	1	0	0.6959
16hq04	4	35	1	1	2	1	-1	0.3968	NaN	NaN	NaN	421023.8197	421024.174	0	1	0.2409
16hq04	4	36	1	1	1	1	1	NaN	4.7526	4.0924	14.7175	421026.6381	421026.9403	1	1	0.434
16hq04	4	36	1	1	2	1	1	0.1134	NaN	NaN	NaN	421027.9323	421028.2838	0	0	0.3869
16hq04	4	37	1	1	1	1	-1	NaN	3.7544	-4.7329	15.2994	421030.7734	421031.0767	1	0	1.4662
16hq04	4	37	1	1	2	1	-1	0.4251	NaN	NaN	NaN	421033.1004	421033.4571	0	1	0.3012
16hq04	4	38	1	1	1	1	-1	NaN	7.3068	-7.6801	15.0755	421035.9476	421036.2498	0	1	0.2133
16hq04	4	38	1	1	2	1	1	0.4795	NaN	NaN	NaN	421037.0047	421037.3608	1	1	0.0782
16hq04	4	39	1	1	1	1	1	NaN	0.8181	2.9485	15.8147	421039.4196	421039.7218	1	1	0.2772
16hq04	4	39	1	1	2	1	1	0.3654	NaN	NaN	NaN	421040.575	421040.9841	1	1	0.1187
16hq04	4	40	1	1	1	1	-1	NaN	2.4973	-1.533	13.9599	421043.7643	421044.0682	0	1	0.5225
16hq04	4	40	1	1	2	1	1	0.0295	NaN	NaN	NaN	421045.1031	421045.5181	0	0	0.3848
16hq04	4	41	1	1	1	1	-1	NaN	3.7067	-4.3504	14.8757	421047.9031	421048.2101	0	1	0.1722
16hq04	4	41	1	1	2	1	1	0.576	NaN	NaN	NaN	421048.9303	421049.3521	1	1	0.1022
16hq04	4	42	1	1	1	1	-1	NaN	5.6988	-5.4699	14.9322	421051.7458	421052.0506	0	1	0.3325
16hq04	4	42	1	1	2	1	1	0.3095	NaN	NaN	NaN	421052.9305	421053.3514	1	1	0.8076
16hq04	4	43	1	1	1	1	-1	NaN	2.037	-0.9821	14.8686	421056.2977	421056.6023	0	1	1.2845
16hq04	4	43	1	1	2	1	1	0.5014	NaN	NaN	NaN	421058.4339	421058.8512	1	1	0.3957
16hq04	4	44	1	1	1	1	-1	NaN	6.7075	-7.8367	14.9412	421061.4801	421061.7847	0	1	0.4541
16hq04	4	44	1	1	2	1	1	0.242	NaN	NaN	NaN	421062.8003	421063.2176	1	1	0.2532
16hq04	4	45	1	1	1	1	1	NaN	6.7628	5.1646	13.1121	421065.9132	421066.2177	1	1	0.5806
16hq04	4	45	1	1	2	1	1	0.4361	NaN	NaN	NaN	421067.3755	421067.7955	1	1	0.1548
16hq04	4	46	1	1	1	1	1	NaN	3.9444	2.5095	14.6062	421070.3739	421070.6783	1	1	0.4565
16hq04	4	46	1	1	2	1	1	0.2949	NaN	NaN	NaN	421071.6979	421072.1172	1	1	0.1377
16hq04	4	47	1	1	1	1	-1	NaN	2.511	-2.2461	14.1892	421074.2129	421074.5173	0	1	0.473
16hq04	4	47	1	1	2	1	1	0.3168	NaN	NaN	NaN	421075.5196	421075.9336	1	1	0.3692
16hq04	4	48	1	1	1	1	1	NaN	3.0271	1.7078	14.5732	421078.5145	421078.819	0	0	0.636
16hq04	4	48	1	1	2	1	-1	0.5076	NaN	NaN	NaN	421079.9513	421080.3381	0	1	0.3168
16hq04	4	49	1	1	1	1	-1	NaN	1.2442	-4.2205	14.9678	421082.6289	421082.9311	1	0	0.572
16hq04	4	49	1	1	2	1	-1	0.2824	NaN	NaN	NaN	421084.0934	421084.445	0	1	0.274
16hq04	4	50	1	1	1	1	-1	NaN	4.0651	-4.9439	14.4571	421087.1129	421087.4174	0	1	0.4215
16hq04	4	50	1	1	2	1	1	0.3033	NaN	NaN	NaN	421088.3837	421088.7996	1	1	0.1753
16hq04	5	1	1	1	1	1	1	NaN	3.9285	3.6461	15.1262	421128.9288	421129.2336	1	1	0.8453
16hq04	5	1	1	1	2	1	1	0.55	NaN	NaN	NaN	421130.6877	421131.1111	1	1	0.1999
16hq04	5	2	1	1	1	1	1	NaN	2.4801	2.7952	14.921	421133.7618	421134.0665	0	0	0.8919
16hq04	5	2	1	1	2	1	-1	0.106	NaN	NaN	NaN	421135.4881	421135.9109	1	0	0.8395
16hq04	5	3	1	1	1	1	-1	NaN	2.8294	-3.2652	14.3918	421139.144	421139.449	0	1	0.614
16hq04	5	3	1	1	2	1	1	0.2945	NaN	NaN	NaN	421140.5946	421141.0137	1	1	0.2806
16hq04	5	4	1	1	1	1	-1	NaN	6.1608	-6.9136	15.028	421143.6542	421143.959	1	0	0.616
16hq04	5	4	1	1	2	1	-1	0.5366	NaN	NaN	NaN	421145.1042	421145.5268	0	1	0.1515
16hq04	5	5	1	1	1	1	1	NaN	1.9357	0.9229	14.4683	421147.753	421148.058	1	1	0.4203
16hq04	5	5	1	1	2	1	1	0.5676	NaN	NaN	NaN	421149.0098	421149.4305	1	1	0.1847
16hq04	5	6	1	1	1	1	-1	NaN	4.598	-6.0265	13.9792	421151.8088	421152.1136	0	1	0.2537
16hq04	5	6	1	1	2	1	1	0.3158	NaN	NaN	NaN	421152.9295	421153.3465	1	1	0.2213
16hq04	5	7	1	1	1	1	-1	NaN	1.8512	-2.7288	15.2012	421155.7094	421156.014	1	0	0.5771
16hq04	5	7	1	1	2	1	-1	0.4024	NaN	NaN	NaN	421157.1997	421157.5896	0	1	0.1688
16hq04	5	8	1	1	1	1	-1	NaN	2.6493	-2.2474	14.4789	421160.196	421160.5004	0	1	0.8265
16hq04	5	8	1	1	2	1	1	0.2021	NaN	NaN	NaN	421161.8576	421162.2745	1	1	0.1885
16hq04	5	9	1	1	1	1	-1	NaN	3.346	-3.7004	15.2018	421165.04	421165.3446	1	0	0.7822
16hq04	5	9	1	1	2	1	-1	0.4526	NaN	NaN	NaN	421166.6713	421167.071	0	1	0.1594
16hq04	5	10	1	1	1	1	1	NaN	3.8171	4.9038	13.2769	421169.6543	421169.9564	1	1	0.5385
16hq04	5	10	1	1	2	1	1	0.3653	NaN	NaN	NaN	421171.0201	421171.3722	1	1	0.3062
16hq04	5	11	1	1	1	1	-1	NaN	7.1919	-6.4312	14.9662	421173.9244	421174.2266	0	1	0.3157
16hq04	5	11	1	1	2	1	1	0.4024	NaN	NaN	NaN	421175.0687	421175.422	1	1	0.2568
16hq04	5	12	1	1	1	1	-1	NaN	2.3654	-1.8183	14.3403	421178.092	421178.3942	0	1	0.5806
16hq04	5	12	1	1	2	1	1	0.2879	NaN	NaN	NaN	421179.5004	421179.8539	1	1	0.257
16hq04	5	13	1	1	1	1	1	NaN	4.937	5.8598	16.1066	421182.0746	421182.3768	1	1	0.3902
16hq04	5	13	1	1	2	1	1	0.5858	NaN	NaN	NaN	421183.3246	421183.6761	1	1	0.2587
16hq04	5	14	1	1	1	1	-1	NaN	0.5291	-0.6311	15.8251	421186.0146	421186.3175	0	1	0.6733
16hq04	5	14	1	1	2	1	1	0.4735	NaN	NaN	NaN	421187.5163	421187.8702	1	1	0.1929
16hq04	5	15	1	1	1	1	1	NaN	2.3875	4.3566	13.4883	421190.5438	421190.846	0	0	0.6244
16hq04	5	15	1	1	2	1	-1	0.4371	NaN	NaN	NaN	421191.9802	421192.3367	0	1	0.1585
16hq04	5	16	1	1	1	1	1	NaN	3.5764	5.0412	15.1385	421194.8192	421195.1215	1	1	0.4769
16hq04	5	16	1	1	2	1	1	0.1411	NaN	NaN	NaN	421196.1727	421196.5225	1	1	0.2279
16hq04	5	17	1	1	1	1	1	NaN	2.9244	2.6224	15.2963	421198.7297	421199.0319	1	1	0.3748
16hq04	5	17	1	1	2	1	1	0.467	NaN	NaN	NaN	421199.9486	421200.3029	1	1	0.224
16hq04	5	18	1	1	1	1	1	NaN	6.6285	8.5364	16.0974	421202.7471	421203.05	1	1	0.5484
16hq04	5	18	1	1	2	1	1	0.2356	NaN	NaN	NaN	421204.1405	421204.4918	1	1	0.2746
16hq04	5	19	1	1	1	1	-1	NaN	3.8876	-2.7197	16.174	421207.3533	421207.6572	0	1	0.4696
16hq04	5	19	1	1	2	1	1	0.0736	NaN	NaN	NaN	421208.6572	421209.0756	1	1	0.1393
16hq04	5	20	1	1	1	1	-1	NaN	7.2897	-6.3529	15.5992	421211.5715	421211.8757	0	1	1.4036
16hq04	5	20	1	1	2	1	1	0.0285	NaN	NaN	NaN	421213.8091	421214.2267	1	1	0.3323
16hq04	5	21	1	1	1	1	1	NaN	2.7554	1.8462	13.769	421216.806	421217.1108	0	0	0.8561
16hq04	5	21	1	1	2	1	-1	0.4711	NaN	NaN	NaN	421218.511	421218.9246	0	1	0.2264
16hq04	5	22	1	1	1	1	1	NaN	5.7126	6.5762	15.9986	421221.1842	421221.4865	0	0	0.7359
16hq04	5	22	1	1	2	1	-1	0.0864	NaN	NaN	NaN	421222.7328	421223.0863	1	0	0.2087
16hq04	5	23	1	1	1	1	-1	NaN	4.9786	-4.0029	15.4699	421225.4573	421225.7596	0	1	0.5914
16hq04	5	23	1	1	2	1	1	0.0888	NaN	NaN	NaN	421226.8767	421227.2306	1	1	0.3363
16hq04	5	24	1	1	1	1	-1	NaN	5.5854	-7.1344	14.1837	421229.9807	421230.2836	1	0	0.9635
16hq04	5	24	1	1	2	1	-1	0.3661	NaN	NaN	NaN	421231.8044	421232.1572	0	1	0.1779
16hq04	5	25	1	1	1	1	1	NaN	3.3249	5.0377	14.4252	421234.5226	421234.8249	1	1	0.518
16hq04	5	25	1	1	2	1	1	0.321	NaN	NaN	NaN	421235.9016	421236.2523	1	1	0.2906
16hq04	5	26	1	1	1	1	-1	NaN	2.8334	-2.9296	13.9518	421239.0042	421239.3064	0	1	1.4443
16hq04	5	26	1	1	2	1	1	0.2217	NaN	NaN	NaN	421241.2604	421241.6174	1	1	0.3175
16hq04	5	27	1	1	1	1	1	NaN	0.1627	0.2954	14.4319	421244.4426	421244.7448	0	0	1.5424
16hq04	5	27	1	1	2	1	-1	0.0237	NaN	NaN	NaN	421246.7965	421247.1506	1	0	0.3364
16hq04	5	28	1	1	1	1	-1	NaN	5.2278	-3.1167	13.7295	421250.0387	421250.3409	1	0	0.7464
16hq04	5	28	1	1	2	1	-1	0.3793	NaN	NaN	NaN	421251.6764	421252.0336	0	1	0.2053
16hq04	5	29	1	1	1	1	1	NaN	3.1326	4.8446	13.8083	421254.6526	421254.9564	1	1	0.3065
16hq04	5	29	1	1	2	1	1	0.2637	NaN	NaN	NaN	421255.8401	421256.2566	1	1	0.2058
16hq04	5	30	1	1	1	1	-1	NaN	6.3876	-6.4333	14.7865	421258.8058	421259.11	0	1	0.6333
16hq04	5	30	1	1	2	1	1	0.3901	NaN	NaN	NaN	421260.2568	421260.6715	1	1	0.2075
16hq04	5	31	1	1	1	1	1	NaN	7.1906	7.0147	15.4902	421263.1242	421263.4264	1	1	0.6846
16hq04	5	31	1	1	2	1	1	0.2819	NaN	NaN	NaN	421264.7024	421265.0528	1	1	0.3856
16hq04	5	32	1	1	1	1	-1	NaN	3.5348	-4.1041	14.3599	421267.8274	421268.1305	0	1	0.2846
16hq04	5	32	1	1	2	1	1	0.0664	NaN	NaN	NaN	421268.9406	421269.2951	1	1	0.192
16hq04	5	33	1	1	1	1	-1	NaN	4.091	-2.8068	14.7493	421271.6769	421271.9798	0	1	0.5631
16hq04	5	33	1	1	2	1	1	0.4136	NaN	NaN	NaN	421273.0527	421273.4056	1	1	0.2091
16hq04	5	34	1	1	1	1	1	NaN	6.708	5.1303	16.1997	421275.8796	421276.1819	1	1	0.4413
16hq04	5	34	1	1	2	1	1	0.5868	NaN	NaN	NaN	421277.1807	421277.5335	1	1	0.2416
16hq04	5	35	1	1	1	1	1	NaN	0.0424	0.7589	13.9474	421279.8811	421280.1833	1	1	0.5672
16hq04	5	35	1	1	2	1	1	0.4799	NaN	NaN	NaN	421281.3248	421281.6822	1	1	0.237
16hq04	5	36	1	1	1	1	-1	NaN	4.1422	-3.7535	14.9943	421284.4331	421284.7354	0	1	0.3838
16hq04	5	36	1	1	2	1	1	0.5322	NaN	NaN	NaN	421285.6607	421286.0153	1	1	0.2071
16hq04	5	37	1	1	1	1	1	NaN	7.1523	6.5315	14.9407	421288.5027	421288.8049	1	1	0.2182
16hq04	5	37	1	1	2	1	1	0.3125	NaN	NaN	NaN	421289.5968	421289.9496	1	1	0.0648
16hq04	5	38	1	1	1	1	-1	NaN	5.1977	-6.0057	15.1598	421292.146	421292.4482	0	1	0.2383
16hq04	5	38	1	1	2	1	1	0.3348	NaN	NaN	NaN	421293.2282	421293.5816	1	1	0.0814
16hq04	5	39	1	1	1	1	-1	NaN	1.851	-0.6825	14.6572	421296.0182	421296.3203	0	1	0.9421
16hq04	5	39	1	1	2	1	1	0.1362	NaN	NaN	NaN	421297.7886	421298.1439	1	1	0.2385
16hq04	5	40	1	1	1	1	1	NaN	0.43	2.5267	13.7578	421300.4371	421300.7394	1	1	0.2837
16hq04	5	40	1	1	2	1	1	0.258	NaN	NaN	NaN	421301.5858	421302.0041	1	1	0.1711
16hq04	5	41	1	1	1	1	1	NaN	6.0965	5.9796	15.2834	421304.2352	421304.5391	1	1	0.2593
16hq04	5	41	1	1	2	1	1	0.3977	NaN	NaN	NaN	421305.3271	421305.7379	1	1	0.325
16hq04	5	42	1	1	1	1	-1	NaN	0.4559	-0.9407	14.9782	421308.0346	421308.3385	1	0	0.4123
16hq04	5	42	1	1	2	1	-1	0.5209	NaN	NaN	NaN	421309.3117	421309.7356	0	1	0.3588
16hq04	5	43	1	1	1	1	1	NaN	2.555	4.4263	14.9705	421312.2853	421312.5901	1	1	0.241
16hq04	5	43	1	1	2	1	1	0.1509	NaN	NaN	NaN	421313.3441	421313.7341	1	1	0.0563
16hq04	5	44	1	1	1	1	1	NaN	1.8464	2.1418	15.9543	421315.647	421315.9492	1	1	0.4174
16hq04	5	44	1	1	2	1	1	0.5355	NaN	NaN	NaN	421316.9091	421317.2637	1	1	0.2554
16hq04	5	45	1	1	1	1	1	NaN	1.9665	2.7939	13.8301	421319.816	421320.1183	1	1	0.489
16hq04	5	45	1	1	2	1	1	0.1471	NaN	NaN	NaN	421321.1663	421321.5166	1	1	0.3218
16hq04	5	46	1	1	1	1	-1	NaN	6.308	-7.2347	16.3857	421323.6958	421323.9979	0	1	0.2565
16hq04	5	46	1	1	2	1	1	0.3529	NaN	NaN	NaN	421324.7662	421325.1163	1	1	0.1147
16hq04	5	47	1	1	1	1	-1	NaN	6.3519	-5.0292	13.3204	421327.7014	421328.0035	0	1	0.3637
16hq04	5	47	1	1	2	1	1	0.0328	NaN	NaN	NaN	421328.893	421329.2465	1	1	0.208
16hq04	5	48	1	1	1	1	-1	NaN	3.0616	-3.5874	15.0008	421331.5346	421331.8367	0	1	0.3057
16hq04	5	48	1	1	2	1	1	0.0812	NaN	NaN	NaN	421332.685	421333.0422	1	1	0.2042
16hq04	5	49	1	1	1	1	-1	NaN	0.9686	-1.7598	13.0815	421335.7622	421336.0643	0	1	0.5741
16hq04	5	49	1	1	2	1	1	0.4524	NaN	NaN	NaN	421337.1158	421337.4687	1	1	0.1617
16hq04	5	50	1	1	1	1	-1	NaN	3.3371	-3.513	15.7692	421339.576	421339.8781	0	1	0.2648
16hq04	5	50	1	1	2	1	1	0.4171	NaN	NaN	NaN	421340.6848	421341.0417	1	1	0.0007
16hq04	6	1	1	1	1	1	1	NaN	3.6645	2.5525	14.5395	421344.9382	421345.2404	1	1	0.2786
16hq04	6	1	1	1	2	1	1	0.0873	NaN	NaN	NaN	421346.0765	421346.4302	1	1	0.241
16hq04	6	2	1	1	1	1	1	NaN	3.6631	4.1405	15.3438	421348.5515	421348.8536	1	1	0.2976
16hq04	6	2	1	1	2	1	1	0.4058	NaN	NaN	NaN	421349.6978	421350.12	1	1	0.0006
16hq04	6	3	1	1	1	1	1	NaN	4.5393	3.5054	14.7273	421351.9431	421352.2476	0	0	0.9509
16hq04	6	3	1	1	2	1	-1	0.5517	NaN	NaN	NaN	421353.7119	421354.1316	0	1	0.0749
16hq04	6	4	1	1	1	1	-1	NaN	2.6753	-3.5565	16.1134	421356.5161	421356.821	0	1	0.4575
16hq04	6	4	1	1	2	1	1	0.4432	NaN	NaN	NaN	421357.8241	421358.2496	1	1	0.1496
16hq04	6	5	1	1	1	1	-1	NaN	1.0711	-1.0124	14.8406	421360.5996	421360.9044	1	0	0.6781
16hq04	6	5	1	1	2	1	-1	0.5087	NaN	NaN	NaN	421362.1142	421362.536	0	1	0.183
16hq04	6	6	1	1	1	1	1	NaN	3.2348	3.2043	15.6404	421364.9502	421365.2547	1	1	0.5688
16hq04	6	6	1	1	2	1	1	0.3652	NaN	NaN	NaN	421366.3852	421366.8026	1	1	0.3165
16hq04	6	7	1	1	1	1	1	NaN	5.6902	5.9766	16.0146	421369.5662	421369.8706	1	1	0.2406
16hq04	6	7	1	1	2	1	1	0.3152	NaN	NaN	NaN	421370.6723	421371.057	1	1	0.2382
16hq04	6	8	1	1	1	1	-1	NaN	4.5111	-4.2841	13.7373	421373.7662	421374.0684	0	1	0.2661
16hq04	6	8	1	1	2	1	1	0.0016	NaN	NaN	NaN	421374.8762	421375.2287	1	1	0.3384
16hq04	6	9	1	1	1	1	-1	NaN	4.4464	-4.9648	15.2824	421378.1617	421378.464	0	1	0.287
16hq04	6	9	1	1	2	1	1	0.2286	NaN	NaN	NaN	421379.2758	421379.6285	1	1	0.2109
16hq04	6	10	1	1	1	1	-1	NaN	6.5318	-7.4031	14.6932	421381.8941	421382.1963	0	1	0.4101
16hq04	6	10	1	1	2	1	1	0.171	NaN	NaN	NaN	421383.1326	421383.4897	1	1	0.2374
16hq04	6	11	1	1	1	1	-1	NaN	0.8122	-0.8984	15.3484	421385.9818	421386.284	0	1	0.8189
16hq04	6	11	1	1	2	1	1	0.4153	NaN	NaN	NaN	421387.6292	421387.9799	1	1	0.1792
16hq04	6	12	1	1	1	1	1	NaN	1.1362	2.9789	15.4009	421390.1267	421390.4289	1	1	0.3542
16hq04	6	12	1	1	2	1	1	0.567	NaN	NaN	NaN	421391.309	421391.6612	1	1	0.2258
16hq04	6	13	1	1	1	1	-1	NaN	1.2561	-0.2426	15.4218	421394.3309	421394.6354	1	0	0.1794
16hq04	6	13	1	1	2	1	-1	0.057	NaN	NaN	NaN	421395.3297	421395.7511	1	0	0.2314
16hq04	6	14	1	1	1	1	-1	NaN	1.4564	-0.5298	14.6636	421398.0555	421398.3585	0	1	0.616
16hq04	6	14	1	1	2	1	1	0.2766	NaN	NaN	NaN	421399.4838	421399.8387	1	1	0.1918
16hq04	6	15	1	1	1	1	-1	NaN	2.5999	-4.2709	15.5331	421402.5194	421402.8216	0	1	0.2653
16hq04	6	15	1	1	2	1	1	0.3337	NaN	NaN	NaN	421403.629	421403.9792	1	1	0.0678
16hq04	6	16	1	1	1	1	-1	NaN	3.0753	-2.9714	14.6451	421406.5092	421406.8114	0	1	0.4517
16hq04	6	16	1	1	2	1	1	0.0138	NaN	NaN	NaN	421407.7877	421408.1424	1	1	0.2248
16hq04	6	17	1	1	1	1	-1	NaN	2.219	-1.2362	15.6208	421410.4567	421410.7589	0	1	0.4401
16hq04	6	17	1	1	2	1	1	0.3566	NaN	NaN	NaN	421411.7245	421412.0768	1	1	0.2268
16hq04	6	18	1	1	1	1	-1	NaN	4.5685	-3.4867	14.9525	421414.3252	421414.6274	0	1	0.2359
16hq04	6	18	1	1	2	1	1	0.5044	NaN	NaN	NaN	421415.3889	421415.7422	1	1	0.2408
16hq04	6	19	1	1	1	1	-1	NaN	7.0833	-5.5626	16.137	421418.1279	421418.4302	0	1	0.385
16hq04	6	19	1	1	2	1	1	0.3643	NaN	NaN	NaN	421419.357	421419.7098	1	1	0.2573
16hq04	6	20	1	1	1	1	1	NaN	4.0672	4.5564	15.7422	421422.2794	421422.5816	1	1	0.3133
16hq04	6	20	1	1	2	1	1	0.3549	NaN	NaN	NaN	421423.4845	421423.8418	1	1	0.0774
16hq04	6	21	1	1	1	1	-1	NaN	6.6811	-7.5868	14.9429	421426.2486	421426.5508	0	1	0.1357
16hq04	6	21	1	1	2	1	1	0.0752	NaN	NaN	NaN	421427.2129	421427.5643	1	1	0.3062
16hq04	6	22	1	1	1	1	1	NaN	6.7632	6.8014	15.8258	421429.8448	421430.1469	1	1	0.2676
16hq04	6	22	1	1	2	1	1	0.5584	NaN	NaN	NaN	421430.9412	421431.2925	1	1	0.211
16hq04	6	23	1	1	1	1	-1	NaN	7.1311	-5.9873	15.2323	421433.9079	421434.2101	0	1	0.4288
16hq04	6	23	1	1	2	1	1	0.2574	NaN	NaN	NaN	421435.1803	421435.5371	1	1	0.3662
16hq04	6	24	1	1	1	1	1	NaN	3.1957	4.1177	14.69	421437.8765	421438.1787	1	1	0.1566
16hq04	6	24	1	1	2	1	1	0.5485	NaN	NaN	NaN	421438.8774	421439.2271	1	1	0.2114
16hq04	6	25	1	1	1	1	-1	NaN	2.4999	-3.5291	14.3854	421441.7439	421442.0478	0	1	0.1268
16hq04	6	25	1	1	2	1	1	0.0031	NaN	NaN	NaN	421442.7032	421443.1144	1	1	0.3081
16hq04	6	26	1	1	1	1	-1	NaN	0.5832	-1.8252	14.8447	421445.6885	421445.9924	0	1	0.3907
16hq04	6	26	1	1	2	1	1	0.2236	NaN	NaN	NaN	421446.8973	421447.3138	1	1	0.2056
16hq04	6	27	1	1	1	1	1	NaN	0.5089	2.1129	14.4439	421449.8663	421450.1725	1	1	0.2267
16hq04	6	27	1	1	2	1	1	0.2453	NaN	NaN	NaN	421450.9468	421451.3649	1	1	0.2656
16hq04	6	28	1	1	1	1	-1	NaN	7.0278	-8.0399	14.4131	421453.7796	421454.084	0	1	0.3791
16hq04	6	28	1	1	2	1	1	0.0708	NaN	NaN	NaN	421454.9944	421455.4148	1	1	0.2644
16hq04	6	29	1	1	1	1	1	NaN	3.5454	1.6125	14.7039	421457.8948	421458.1994	1	1	0.6959
16hq04	6	29	1	1	2	1	1	0.4468	NaN	NaN	NaN	421459.4561	421459.843	1	1	0.4116
16hq04	6	30	1	1	1	1	-1	NaN	5.8444	-5.0388	15.5821	421462.7364	421463.0387	0	1	0.2565
16hq04	6	30	1	1	2	1	1	0.1623	NaN	NaN	NaN	421463.8197	421464.1731	1	1	0.37
16hq04	6	31	1	1	1	1	1	NaN	3.3506	5.31	15.3039	421466.4566	421466.7588	0	0	0.5363
16hq04	6	31	1	1	2	1	-1	0.4165	NaN	NaN	NaN	421467.8689	421468.223	0	1	0.2561
16hq04	6	32	1	1	1	1	1	NaN	4.3781	4.0771	15.0301	421470.8666	421471.169	1	1	0.4139
16hq04	6	32	1	1	2	1	1	0.2891	NaN	NaN	NaN	421472.1421	421472.4924	1	1	0.2902
16hq04	6	33	1	1	1	1	-1	NaN	5.1674	-5.6043	14.9479	421475.0617	421475.3638	0	1	0.3628
16hq04	6	33	1	1	2	1	1	0.4799	NaN	NaN	NaN	421476.2689	421476.6225	1	1	0.2728
16hq04	6	34	1	1	1	1	1	NaN	5.1541	5.8375	15.0316	421479.075	421479.3772	1	1	0.3341
16hq04	6	34	1	1	2	1	1	0.5851	NaN	NaN	NaN	421480.285	421480.639	1	1	0.2395
16hq04	6	35	1	1	1	1	1	NaN	1.3833	1.0485	14.2597	421483.2168	421483.5202	0	0	0.4944
16hq04	6	35	1	1	2	1	-1	0.4431	NaN	NaN	NaN	421484.5411	421484.8917	0	1	0.2429
16hq04	6	36	1	1	1	1	-1	NaN	0.771	-1.303	15.4767	421487.5418	421487.8463	0	1	0.265
16hq04	6	36	1	1	2	1	1	0.0344	NaN	NaN	NaN	421488.6268	421489.0511	1	1	0.1799
16hq04	6	37	1	1	1	1	-1	NaN	2.795	-0.5949	15.235	421491.8769	421492.1812	0	1	0.442
16hq04	6	37	1	1	2	1	1	0.011	NaN	NaN	NaN	421493.1521	421493.5624	1	1	0.1807
16hq04	6	38	1	1	1	1	1	NaN	3.752	4.6716	15.1435	421495.7301	421496.035	0	0	0.5235
16hq04	6	38	1	1	2	1	-1	0.1786	NaN	NaN	NaN	421497.0888	421497.5074	0	1	0.1558
16hq04	6	39	1	1	1	1	-1	NaN	4.2838	-2.5144	15.4571	421499.621	421499.9254	0	1	0.6177
16hq04	6	39	1	1	2	1	1	0.5579	NaN	NaN	NaN	421501.0735	421501.4768	1	1	0.1543
16hq04	6	40	1	1	1	1	1	NaN	2.5386	1.8159	16.3598	421504.0368	421504.339	0	0	1.2276
16hq04	6	40	1	1	2	1	-1	0.1585	NaN	NaN	NaN	421506.0756	421506.4263	0	1	0.3087
16hq04	6	41	1	1	1	1	1	NaN	0.117	1.0758	15.394	421508.7577	421509.0599	0	0	0.5873
16hq04	6	41	1	1	2	1	-1	0.2995	NaN	NaN	NaN	421510.1572	421510.5099	0	1	0.4334
16hq04	6	42	1	1	1	1	1	NaN	2.3662	1.1318	14.9789	421512.8833	421513.1861	0	0	0.4929
16hq04	6	42	1	1	2	1	-1	0.322	NaN	NaN	NaN	421514.2046	421514.5552	0	1	0.3714
16hq04	6	43	1	1	1	1	1	NaN	1.6932	2.117	16.0495	421517.109	421517.4112	1	1	1.5158
16hq04	6	43	1	1	2	1	1	0.082	NaN	NaN	NaN	421519.4678	421519.8216	1	1	0.2897
16hq04	6	44	1	1	1	1	1	NaN	2.3092	3.3241	13.629	421522.217	421522.5193	1	1	2.8073
16hq04	6	44	1	1	2	1	1	0.1072	NaN	NaN	NaN	421525.8845	421526.2378	1	1	0.2407
16hq04	6	45	1	1	1	1	1	NaN	2.0081	2.1448	14.9007	421528.7591	421529.0613	0	0	1.0178
16hq04	6	45	1	1	2	1	-1	0.2284	NaN	NaN	NaN	421530.5892	421530.9395	0	1	0.2597
16hq04	6	46	1	1	1	1	-1	NaN	2.132	-2.5575	14.1017	421533.6437	421533.9482	1	0	0.7228
16hq04	6	46	1	1	2	1	-1	0.4501	NaN	NaN	NaN	421535.2316	421535.6442	0	1	0.131
16hq04	6	47	1	1	1	1	1	NaN	3.5576	4.1291	15.8423	421538.134	421538.4384	0	0	0.6168
16hq04	6	47	1	1	2	1	-1	0.2914	NaN	NaN	NaN	421539.5682	421539.9888	0	1	0.2024
16hq04	6	48	1	1	1	1	-1	NaN	3.9271	-3.6245	14.1088	421542.0069	421542.3114	0	1	1.0959
16hq04	6	48	1	1	2	1	1	0.4779	NaN	NaN	NaN	421543.9218	421544.3437	1	1	0.2154
16hq04	6	49	1	1	1	1	-1	NaN	2.6805	-3.8974	13.9729	421547.1467	421547.4538	0	1	0.2728
16hq04	6	49	1	1	2	1	1	0.4873	NaN	NaN	NaN	421548.258	421548.6768	1	1	0.2828
16hq04	6	50	1	1	1	1	1	NaN	2.3536	1.6522	16.4213	421551.2405	421551.545	0	0	0.3735
16hq04	6	50	1	1	2	1	-1	0.1565	NaN	NaN	NaN	421552.4159	421552.8266	0	1	0.212
