"s1bin" "r2" "s1" "id" "n" "noise"
"[0,0.5)" 0.904137931034483 0.254379491269287 18 2 0.682553728343282
"[0.5,1)" 0.95031847133758 0.770532196351063 18 2 0.682553728343282
"[1,1.5)" 0.967132867132867 1.2300609737789 18 2 0.682553728343282
"[1.5,2)" 0.99041095890411 1.69141995227 18 2 0.682553728343282
"[2,20)" 1 2.66420065545042 18 2 0.682553728343282
"[0,0.5)" 0.911034482758621 0.254379491269287 18 3 0.790354593566598
"[0.5,1)" 0.950955414012739 0.770532196351063 18 3 0.790354593566598
"[1,1.5)" 0.970629370629371 1.2300609737789 18 3 0.790354593566598
"[1.5,2)" 0.986301369863014 1.69141995227 18 3 0.790354593566598
"[2,20)" 0.998780487804878 2.66420065545042 18 3 0.790354593566598
"[0,0.5)" 0.871034482758621 0.254379491269287 18 5 0.838521631755663
"[0.5,1)" 0.939490445859873 0.770532196351063 18 5 0.838521631755663
"[1,1.5)" 0.962237762237762 1.2300609737789 18 5 0.838521631755663
"[1.5,2)" 0.979452054794521 1.69141995227 18 5 0.838521631755663
"[2,20)" 0.996341463414634 2.66420065545042 18 5 0.838521631755663
"[0,0.5)" 0.837241379310345 0.254379491269287 18 10 0.878049533996327
"[0.5,1)" 0.931847133757962 0.770532196351063 18 10 0.878049533996327
"[1,1.5)" 0.951048951048951 1.2300609737789 18 10 0.878049533996327
"[1.5,2)" 0.973972602739726 1.69141995227 18 10 0.878049533996327
"[2,20)" 0.996341463414634 2.66420065545042 18 10 0.878049533996327
"[0,0.5)" 0.804827586206897 0.254379491269287 18 20 0.914253023663094
"[0.5,1)" 0.912101910828025 0.770532196351063 18 20 0.914253023663094
"[1,1.5)" 0.951748251748252 1.2300609737789 18 20 0.914253023663094
"[1.5,2)" 0.973972602739726 1.69141995227 18 20 0.914253023663094
"[2,20)" 0.997560975609756 2.66420065545042 18 20 0.914253023663094
"[0,0.5)" 0.889655172413793 0.266623979422983 19 2 0.887348234840776
"[0.5,1)" 0.901769911504425 0.744996403591931 19 2 0.887348234840776
"[1,1.5)" 0.947899159663866 1.24729478465499 19 2 0.887348234840776
"[1.5,2)" 0.966949152542373 1.7656753704269 19 2 0.887348234840776
"[2,20)" 0.986666666666667 2.4282981303217 19 2 0.887348234840776
"[0,0.5)" 0.913103448275862 0.266623979422983 19 3 0.90605367565856
"[0.5,1)" 0.939823008849557 0.744996403591931 19 3 0.90605367565856
"[1,1.5)" 0.973949579831933 1.24729478465499 19 3 0.90605367565856
"[1.5,2)" 0.985593220338983 1.7656753704269 19 3 0.90605367565856
"[2,20)" 0.988571428571429 2.4282981303217 19 3 0.90605367565856
"[0,0.5)" 0.884827586206896 0.266623979422983 19 5 0.961738324263329
"[0.5,1)" 0.917699115044248 0.744996403591931 19 5 0.961738324263329
"[1,1.5)" 0.96890756302521 1.24729478465499 19 5 0.961738324263329
"[1.5,2)" 0.985593220338983 1.7656753704269 19 5 0.961738324263329
"[2,20)" 0.987619047619048 2.4282981303217 19 5 0.961738324263329
"[0,0.5)" 0.831034482758621 0.266623979422983 19 10 1.03969543981407
"[0.5,1)" 0.899115044247788 0.744996403591931 19 10 1.03969543981407
"[1,1.5)" 0.96218487394958 1.24729478465499 19 10 1.03969543981407
"[1.5,2)" 0.976271186440678 1.7656753704269 19 10 1.03969543981407
"[2,20)" 0.990476190476191 2.4282981303217 19 10 1.03969543981407
"[0,0.5)" 0.818620689655172 0.266623979422983 19 20 1.06978479959842
"[0.5,1)" 0.878761061946903 0.744996403591931 19 20 1.06978479959842
"[1,1.5)" 0.954621848739496 1.24729478465499 19 20 1.06978479959842
"[1.5,2)" 0.972033898305085 1.7656753704269 19 20 1.06978479959842
"[2,20)" 0.982857142857143 2.4282981303217 19 20 1.06978479959842
"[0,0.5)" 0.914084507042254 0.231704110400075 20 2 0.747124415379797
"[0.5,1)" 0.934814814814815 0.752976299694756 20 2 0.747124415379797
"[1,1.5)" 0.963888888888889 1.24459446846604 20 2 0.747124415379797
"[1.5,2)" 0.986046511627907 1.72998111729888 20 2 0.747124415379797
"[2,20)" 0.996774193548387 2.48729927465401 20 2 0.747124415379797
"[0,0.5)" 0.923239436619718 0.231704110400075 20 3 0.824153953762598
"[0.5,1)" 0.942962962962963 0.752976299694756 20 3 0.824153953762598
"[1,1.5)" 0.972916666666667 1.24459446846604 20 3 0.824153953762598
"[1.5,2)" 0.987209302325581 1.72998111729888 20 3 0.824153953762598
"[2,20)" 0.994623655913978 2.48729927465401 20 3 0.824153953762598
"[0,0.5)" 0.873943661971831 0.231704110400075 20 5 0.87443559029837
"[0.5,1)" 0.916296296296296 0.752976299694756 20 5 0.87443559029837
"[1,1.5)" 0.959027777777778 1.24459446846604 20 5 0.87443559029837
"[1.5,2)" 0.97906976744186 1.72998111729888 20 5 0.87443559029837
"[2,20)" 0.99247311827957 2.48729927465401 20 5 0.87443559029837
"[0,0.5)" 0.802816901408451 0.231704110400075 20 10 0.926233899843769
"[0.5,1)" 0.860740740740741 0.752976299694756 20 10 0.926233899843769
"[1,1.5)" 0.939583333333333 1.24459446846604 20 10 0.926233899843769
"[1.5,2)" 0.968604651162791 1.72998111729888 20 10 0.926233899843769
"[2,20)" 0.988172043010753 2.48729927465401 20 10 0.926233899843769
"[0,0.5)" 0.801408450704225 0.231704110400075 20 20 0.95698783343627
"[0.5,1)" 0.879259259259259 0.752976299694756 20 20 0.95698783343627
"[1,1.5)" 0.946527777777778 1.24459446846604 20 20 0.95698783343627
"[1.5,2)" 0.970930232558139 1.72998111729888 20 20 0.95698783343627
"[2,20)" 0.986021505376344 2.48729927465401 20 20 0.95698783343627
"[0,0.5)" 0.867857142857143 0.259837932522691 21 2 0.829209128975353
"[0.5,1)" 0.913690476190476 0.760080494084332 21 2 0.829209128975353
"[1,1.5)" 0.917532467532468 1.24781720077503 21 2 0.829209128975353
"[1.5,2)" 0.948351648351648 1.70210246503621 21 2 0.829209128975353
"[2,20)" 0.936842105263158 2.14006993708063 21 2 0.829209128975353
"[0,0.5)" 0.9125 0.259837932522691 21 3 0.924235044564407
"[0.5,1)" 0.941666666666667 0.760080494084332 21 3 0.924235044564407
"[1,1.5)" 0.947402597402597 1.24781720077503 21 3 0.924235044564407
"[1.5,2)" 0.979120879120879 1.70210246503621 21 3 0.924235044564407
"[2,20)" 0.978947368421053 2.14006993708063 21 3 0.924235044564407
"[0,0.5)" 0.896428571428571 0.259837932522691 21 5 0.980577833713779
"[0.5,1)" 0.932738095238095 0.760080494084332 21 5 0.980577833713779
"[1,1.5)" 0.949350649350649 1.24781720077503 21 5 0.980577833713779
"[1.5,2)" 0.961538461538462 1.70210246503621 21 5 0.980577833713779
"[2,20)" 0.963157894736842 2.14006993708063 21 5 0.980577833713779
"[0,0.5)" 0.830357142857143 0.259837932522691 21 10 1.03362677109803
"[0.5,1)" 0.898214285714286 0.760080494084332 21 10 1.03362677109803
"[1,1.5)" 0.902597402597403 1.24781720077503 21 10 1.03362677109803
"[1.5,2)" 0.953846153846154 1.70210246503621 21 10 1.03362677109803
"[2,20)" 0.947368421052632 2.14006993708063 21 10 1.03362677109803
"[0,0.5)" 0.84047619047619 0.259837932522691 21 20 1.07218607833157
"[0.5,1)" 0.906547619047619 0.760080494084332 21 20 1.07218607833157
"[1,1.5)" 0.919480519480519 1.24781720077503 21 20 1.07218607833157
"[1.5,2)" 0.957142857142857 1.70210246503621 21 20 1.07218607833157
"[2,20)" 0.968421052631579 2.14006993708063 21 20 1.07218607833157
"[0,0.5)" 0.884328358208955 0.265235274585616 22 2 0.695242385458458
"[0.5,1)" 0.931617647058824 0.765958148061102 22 2 0.695242385458458
"[1,1.5)" 0.964150943396226 1.23230418213837 22 2 0.695242385458458
"[1.5,2)" 0.980188679245283 1.74800167084256 22 2 0.695242385458458
"[2,20)" 0.993846153846154 2.19546510543047 22 2 0.695242385458458
"[0,0.5)" 0.884328358208955 0.265235274585616 22 3 0.822171595050891
"[0.5,1)" 0.934558823529412 0.765958148061102 22 3 0.822171595050891
"[1,1.5)" 0.957861635220126 1.23230418213837 22 3 0.822171595050891
"[1.5,2)" 0.986792452830189 1.74800167084256 22 3 0.822171595050891
"[2,20)" 0.992307692307692 2.19546510543047 22 3 0.822171595050891
"[0,0.5)" 0.83134328358209 0.265235274585616 22 5 0.872351898113867
"[0.5,1)" 0.901470588235294 0.765958148061102 22 5 0.872351898113867
"[1,1.5)" 0.953459119496855 1.23230418213837 22 5 0.872351898113867
"[1.5,2)" 0.969811320754717 1.74800167084256 22 5 0.872351898113867
"[2,20)" 0.986153846153846 2.19546510543047 22 5 0.872351898113867
"[0,0.5)" 0.802238805970149 0.265235274585616 22 10 0.905276746657055
"[0.5,1)" 0.891911764705882 0.765958148061102 22 10 0.905276746657055
"[1,1.5)" 0.949685534591195 1.23230418213837 22 10 0.905276746657055
"[1.5,2)" 0.974528301886792 1.74800167084256 22 10 0.905276746657055
"[2,20)" 0.990769230769231 2.19546510543047 22 10 0.905276746657055
"[0,0.5)" 0.773880597014925 0.265235274585616 22 20 0.945267097226116
"[0.5,1)" 0.866911764705882 0.765958148061102 22 20 0.945267097226116
"[1,1.5)" 0.952201257861635 1.23230418213837 22 20 0.945267097226116
"[1.5,2)" 0.962264150943396 1.74800167084256 22 20 0.945267097226116
"[2,20)" 0.98 2.19546510543047 22 20 0.945267097226116
"[0,0.5)" 0.877272727272727 0.238739371806205 26 2 0.582519633372327
"[0.5,1)" 0.917857142857143 0.755407864060702 26 2 0.582519633372327
"[1,1.5)" 0.969811320754717 1.21555874948466 26 2 0.582519633372327
"[1.5,2)" 0.992173913043478 1.73714467712921 26 2 0.582519633372327
"[2,20)" 1 2.28036135232717 26 2 0.582519633372327
"[0,0.5)" 0.924242424242424 0.238739371806205 26 3 0.630771889408744
"[0.5,1)" 0.959821428571429 0.755407864060702 26 3 0.630771889408744
"[1,1.5)" 0.975471698113208 1.21555874948466 26 3 0.630771889408744
"[1.5,2)" 0.992173913043478 1.73714467712921 26 3 0.630771889408744
"[2,20)" 0.999259259259259 2.28036135232717 26 3 0.630771889408744
"[0,0.5)" 0.9 0.238739371806205 26 5 0.669301117685842
"[0.5,1)" 0.944642857142857 0.755407864060702 26 5 0.669301117685842
"[1,1.5)" 0.974528301886792 1.21555874948466 26 5 0.669301117685842
"[1.5,2)" 0.990434782608696 1.73714467712921 26 5 0.669301117685842
"[2,20)" 1 2.28036135232717 26 5 0.669301117685842
"[0,0.5)" 0.846212121212121 0.238739371806205 26 10 0.712730221781198
"[0.5,1)" 0.921428571428571 0.755407864060702 26 10 0.712730221781198
"[1,1.5)" 0.972641509433962 1.21555874948466 26 10 0.712730221781198
"[1.5,2)" 0.982608695652174 1.73714467712921 26 10 0.712730221781198
"[2,20)" 1 2.28036135232717 26 10 0.712730221781198
"[0,0.5)" 0.837878787878788 0.238739371806205 26 20 0.737404030040958
"[0.5,1)" 0.916964285714286 0.755407864060702 26 20 0.737404030040958
"[1,1.5)" 0.966037735849057 1.21555874948466 26 20 0.737404030040958
"[1.5,2)" 0.985217391304348 1.73714467712921 26 20 0.737404030040958
"[2,20)" 1 2.28036135232717 26 20 0.737404030040958
"[0,0.5)" 0.859310344827586 0.262633126570352 31 2 0.650689172905509
"[0.5,1)" 0.917073170731707 0.756487352942587 31 2 0.650689172905509
"[1,1.5)" 0.96231884057971 1.25583480279547 31 2 0.650689172905509
"[1.5,2)" 0.974766355140187 1.70816949623637 31 2 0.650689172905509
"[2,20)" 0.973913043478261 2.15491750275506 31 2 0.650689172905509
"[0,0.5)" 0.911724137931034 0.262633126570352 31 3 0.766423420461701
"[0.5,1)" 0.938414634146341 0.756487352942587 31 3 0.766423420461701
"[1,1.5)" 0.973188405797101 1.25583480279547 31 3 0.766423420461701
"[1.5,2)" 0.979439252336449 1.70816949623637 31 3 0.766423420461701
"[2,20)" 0.971739130434783 2.15491750275506 31 3 0.766423420461701
"[0,0.5)" 0.873793103448276 0.262633126570352 31 5 0.81301693402725
"[0.5,1)" 0.912804878048781 0.756487352942587 31 5 0.81301693402725
"[1,1.5)" 0.958695652173913 1.25583480279547 31 5 0.81301693402725
"[1.5,2)" 0.969158878504673 1.70816949623637 31 5 0.81301693402725
"[2,20)" 0.969565217391304 2.15491750275506 31 5 0.81301693402725
"[0,0.5)" 0.838620689655172 0.262633126570352 31 10 0.846976616826685
"[0.5,1)" 0.88780487804878 0.756487352942587 31 10 0.846976616826685
"[1,1.5)" 0.963768115942029 1.25583480279547 31 10 0.846976616826685
"[1.5,2)" 0.965420560747664 1.70816949623637 31 10 0.846976616826685
"[2,20)" 0.965217391304348 2.15491750275506 31 10 0.846976616826685
"[0,0.5)" 0.822068965517241 0.262633126570352 31 20 0.880465619608824
"[0.5,1)" 0.871341463414634 0.756487352942587 31 20 0.880465619608824
"[1,1.5)" 0.951449275362319 1.25583480279547 31 20 0.880465619608824
"[1.5,2)" 0.966355140186916 1.70816949623637 31 20 0.880465619608824
"[2,20)" 0.956521739130435 2.15491750275506 31 20 0.880465619608824
"[0,0.5)" 0.866666666666667 0.267717008309854 32 2 0.74859465420693
"[0.5,1)" 0.907236842105263 0.757906830328003 32 2 0.74859465420693
"[1,1.5)" 0.953225806451613 1.24621360447401 32 2 0.74859465420693
"[1.5,2)" 0.979807692307692 1.75731580032905 32 2 0.74859465420693
"[2,20)" 0.995081967213115 2.29674498832489 32 2 0.74859465420693
"[0,0.5)" 0.90251572327044 0.267717008309854 32 3 0.798969924554329
"[0.5,1)" 0.938157894736842 0.757906830328003 32 3 0.798969924554329
"[1,1.5)" 0.97741935483871 1.24621360447401 32 3 0.798969924554329
"[1.5,2)" 0.992307692307692 1.75731580032905 32 3 0.798969924554329
"[2,20)" 0.99672131147541 2.29674498832489 32 3 0.798969924554329
"[0,0.5)" 0.852201257861635 0.267717008309854 32 5 0.847543028642788
"[0.5,1)" 0.903289473684211 0.757906830328003 32 5 0.847543028642788
"[1,1.5)" 0.962903225806452 1.24621360447401 32 5 0.847543028642788
"[1.5,2)" 0.992307692307692 1.75731580032905 32 5 0.847543028642788
"[2,20)" 1 2.29674498832489 32 5 0.847543028642788
"[0,0.5)" 0.792452830188679 0.267717008309854 32 10 0.905038884186739
"[0.5,1)" 0.840789473684211 0.757906830328003 32 10 0.905038884186739
"[1,1.5)" 0.95241935483871 1.24621360447401 32 10 0.905038884186739
"[1.5,2)" 0.981730769230769 1.75731580032905 32 10 0.905038884186739
"[2,20)" 0.995081967213115 2.29674498832489 32 10 0.905038884186739
"[0,0.5)" 0.789308176100629 0.267717008309854 32 20 0.932065255301226
"[0.5,1)" 0.856578947368421 0.757906830328003 32 20 0.932065255301226
"[1,1.5)" 0.955645161290323 1.24621360447401 32 20 0.932065255301226
"[1.5,2)" 0.985576923076923 1.75731580032905 32 20 0.932065255301226
"[2,20)" 1 2.29674498832489 32 20 0.932065255301226
"[0,0.5)" 0.826519337016575 0.269945019017683 35 2 0.801203431768807
"[0.5,1)" 0.875862068965517 0.737432757640433 35 2 0.801203431768807
"[1,1.5)" 0.909701492537313 1.24402669216161 35 2 0.801203431768807
"[1.5,2)" 0.959139784946237 1.73425722693656 35 2 0.801203431768807
"[2,20)" 0.982978723404255 2.23655775250565 35 2 0.801203431768807
"[0,0.5)" 0.897237569060773 0.269945019017683 35 3 1.02315860987336
"[0.5,1)" 0.911034482758621 0.737432757640433 35 3 1.02315860987336
"[1,1.5)" 0.927611940298507 1.24402669216161 35 3 1.02315860987336
"[1.5,2)" 0.959139784946237 1.73425722693656 35 3 1.02315860987336
"[2,20)" 0.985106382978723 2.23655775250565 35 3 1.02315860987336
"[0,0.5)" 0.838674033149171 0.269945019017683 35 5 1.08548663239345
"[0.5,1)" 0.873793103448276 0.737432757640433 35 5 1.08548663239345
"[1,1.5)" 0.912686567164179 1.24402669216161 35 5 1.08548663239345
"[1.5,2)" 0.949462365591398 1.73425722693656 35 5 1.08548663239345
"[2,20)" 0.995744680851064 2.23655775250565 35 5 1.08548663239345
"[0,0.5)" 0.759668508287293 0.269945019017683 35 10 1.10004551443109
"[0.5,1)" 0.823448275862069 0.737432757640433 35 10 1.10004551443109
"[1,1.5)" 0.847014925373134 1.24402669216161 35 10 1.10004551443109
"[1.5,2)" 0.910752688172043 1.73425722693656 35 10 1.10004551443109
"[2,20)" 0.976595744680851 2.23655775250565 35 10 1.10004551443109
"[0,0.5)" 0.750276243093923 0.269945019017683 35 20 1.16179226138776
"[0.5,1)" 0.804827586206897 0.737432757640433 35 20 1.16179226138776
"[1,1.5)" 0.840298507462687 1.24402669216161 35 20 1.16179226138776
"[1.5,2)" 0.908602150537634 1.73425722693656 35 20 1.16179226138776
"[2,20)" 0.959574468085106 2.23655775250565 35 20 1.16179226138776
"[0,0.5)" 0.85531914893617 0.241571456834561 36 2 0.73659639903184
"[0.5,1)" 0.900709219858156 0.752975334989578 36 2 0.73659639903184
"[1,1.5)" 0.950931677018634 1.25835042607832 36 2 0.73659639903184
"[1.5,2)" 0.952475247524752 1.73471861118757 36 2 0.73659639903184
"[2,20)" 0.973214285714286 2.12563039042315 36 2 0.73659639903184
"[0,0.5)" 0.91063829787234 0.241571456834561 36 3 0.864735511640136
"[0.5,1)" 0.932624113475177 0.752975334989578 36 3 0.864735511640136
"[1,1.5)" 0.96832298136646 1.25835042607832 36 3 0.864735511640136
"[1.5,2)" 0.966336633663366 1.73471861118757 36 3 0.864735511640136
"[2,20)" 0.983928571428571 2.12563039042315 36 3 0.864735511640136
"[0,0.5)" 0.864539007092199 0.241571456834561 36 5 0.917951845183166
"[0.5,1)" 0.912056737588652 0.752975334989578 36 5 0.917951845183166
"[1,1.5)" 0.96832298136646 1.25835042607832 36 5 0.917951845183166
"[1.5,2)" 0.954455445544554 1.73471861118757 36 5 0.917951845183166
"[2,20)" 0.969642857142857 2.12563039042315 36 5 0.917951845183166
"[0,0.5)" 0.775177304964539 0.241571456834561 36 10 0.955307792649925
"[0.5,1)" 0.875886524822695 0.752975334989578 36 10 0.955307792649925
"[1,1.5)" 0.939130434782609 1.25835042607832 36 10 0.955307792649925
"[1.5,2)" 0.927722772277228 1.73471861118757 36 10 0.955307792649925
"[2,20)" 0.957142857142857 2.12563039042315 36 10 0.955307792649925
"[0,0.5)" 0.801418439716312 0.241571456834561 36 20 0.994396186202236
"[0.5,1)" 0.878723404255319 0.752975334989578 36 20 0.994396186202236
"[1,1.5)" 0.963975155279503 1.25835042607832 36 20 0.994396186202236
"[1.5,2)" 0.92970297029703 1.73471861118757 36 20 0.994396186202236
"[2,20)" 0.960714285714286 2.12563039042315 36 20 0.994396186202236
"[0,0.5)" 0.918235294117647 0.208902590753503 37 2 0.805105156641085
"[0.5,1)" 0.92987012987013 0.738373697628039 37 2 0.805105156641085
"[1,1.5)" 0.956818181818182 1.24724912734491 37 2 0.805105156641085
"[1.5,2)" 0.978813559322034 1.69057846419121 37 2 0.805105156641085
"[2,20)" 0.976923076923077 2.10707005504705 37 2 0.805105156641085
"[0,0.5)" 0.912941176470588 0.208902590753503 37 3 0.905341947154738
"[0.5,1)" 0.936363636363636 0.738373697628039 37 3 0.905341947154738
"[1,1.5)" 0.963636363636364 1.24724912734491 37 3 0.905341947154738
"[1.5,2)" 0.977118644067797 1.69057846419121 37 3 0.905341947154738
"[2,20)" 0.984615384615385 2.10707005504705 37 3 0.905341947154738
"[0,0.5)" 0.89 0.208902590753503 37 5 0.960504014833728
"[0.5,1)" 0.907792207792208 0.738373697628039 37 5 0.960504014833728
"[1,1.5)" 0.936363636363636 1.24724912734491 37 5 0.960504014833728
"[1.5,2)" 0.969491525423729 1.69057846419121 37 5 0.960504014833728
"[2,20)" 0.976923076923077 2.10707005504705 37 5 0.960504014833728
"[0,0.5)" 0.823529411764706 0.208902590753503 37 10 1.01171124139607
"[0.5,1)" 0.876623376623377 0.738373697628039 37 10 1.01171124139607
"[1,1.5)" 0.912121212121212 1.24724912734491 37 10 1.01171124139607
"[1.5,2)" 0.958474576271186 1.69057846419121 37 10 1.01171124139607
"[2,20)" 0.980769230769231 2.10707005504705 37 10 1.01171124139607
"[0,0.5)" 0.827058823529412 0.208902590753503 37 20 1.04962173644565
"[0.5,1)" 0.877272727272727 0.738373697628039 37 20 1.04962173644565
"[1,1.5)" 0.922727272727273 1.24724912734491 37 20 1.04962173644565
"[1.5,2)" 0.955084745762712 1.69057846419121 37 20 1.04962173644565
"[2,20)" 0.980769230769231 2.10707005504705 37 20 1.04962173644565
"[0,0.5)" 0.930075187969925 0.237987404743572 41 2 0.898577464770181
"[0.5,1)" 0.958156028368794 0.751727065897646 41 2 0.898577464770181
"[1,1.5)" 0.953333333333333 1.23504205224988 41 2 0.898577464770181
"[1.5,2)" 0.97979797979798 1.69245842584198 41 2 0.898577464770181
"[2,20)" 0.991304347826087 2.85125649377498 41 2 0.898577464770181
"[0,0.5)" 0.912781954887218 0.237987404743572 41 3 0.977480948993612
"[0.5,1)" 0.964539007092199 0.751727065897646 41 3 0.977480948993612
"[1,1.5)" 0.961481481481481 1.23504205224988 41 3 0.977480948993612
"[1.5,2)" 0.985858585858586 1.69245842584198 41 3 0.977480948993612
"[2,20)" 0.98804347826087 2.85125649377498 41 3 0.977480948993612
"[0,0.5)" 0.889473684210526 0.237987404743572 41 5 1.037143987427
"[0.5,1)" 0.94822695035461 0.751727065897646 41 5 1.037143987427
"[1,1.5)" 0.946666666666667 1.23504205224988 41 5 1.037143987427
"[1.5,2)" 0.96969696969697 1.69245842584198 41 5 1.037143987427
"[2,20)" 0.98695652173913 2.85125649377498 41 5 1.037143987427
"[0,0.5)" 0.860902255639098 0.237987404743572 41 10 1.09984939513735
"[0.5,1)" 0.926241134751773 0.751727065897646 41 10 1.09984939513735
"[1,1.5)" 0.940740740740741 1.23504205224988 41 10 1.09984939513735
"[1.5,2)" 0.962626262626263 1.69245842584198 41 10 1.09984939513735
"[2,20)" 0.982608695652174 2.85125649377498 41 10 1.09984939513735
"[0,0.5)" 0.832330827067669 0.237987404743572 41 20 1.13258919899753
"[0.5,1)" 0.909219858156028 0.751727065897646 41 20 1.13258919899753
"[1,1.5)" 0.924444444444444 1.23504205224988 41 20 1.13258919899753
"[1.5,2)" 0.962626262626263 1.69245842584198 41 20 1.13258919899753
"[2,20)" 0.981521739130435 2.85125649377498 41 20 1.13258919899753
"[0,0.5)" 0.914166666666667 0.257194346529677 43 2 1.15856451768557
"[0.5,1)" 0.929365079365079 0.760220238873308 43 2 1.15856451768557
"[1,1.5)" 0.96260162601626 1.26150922672938 43 2 1.15856451768557
"[1.5,2)" 0.966386554621849 1.73836818869729 43 2 1.15856451768557
"[2,20)" 0.95625 2.42612726183938 43 2 1.15856451768557
"[0,0.5)" 0.916666666666667 0.257194346529677 43 3 1.30255355144672
"[0.5,1)" 0.914285714285714 0.760220238873308 43 3 1.30255355144672
"[1,1.5)" 0.940650406504065 1.26150922672938 43 3 1.30255355144672
"[1.5,2)" 0.947899159663866 1.73836818869729 43 3 1.30255355144672
"[2,20)" 0.965178571428571 2.42612726183938 43 3 1.30255355144672
"[0,0.5)" 0.865833333333333 0.257194346529677 43 5 1.38232348376587
"[0.5,1)" 0.877777777777778 0.760220238873308 43 5 1.38232348376587
"[1,1.5)" 0.93739837398374 1.26150922672938 43 5 1.38232348376587
"[1.5,2)" 0.928571428571429 1.73836818869729 43 5 1.38232348376587
"[2,20)" 0.935714285714286 2.42612726183938 43 5 1.38232348376587
"[0,0.5)" 0.79 0.257194346529677 43 10 1.45535449082691
"[0.5,1)" 0.812698412698413 0.760220238873308 43 10 1.45535449082691
"[1,1.5)" 0.879674796747967 1.26150922672938 43 10 1.45535449082691
"[1.5,2)" 0.916806722689076 1.73836818869729 43 10 1.45535449082691
"[2,20)" 0.889285714285714 2.42612726183938 43 10 1.45535449082691
"[0,0.5)" 0.781666666666667 0.257194346529677 43 20 1.505727704638
"[0.5,1)" 0.796031746031746 0.760220238873308 43 20 1.505727704638
"[1,1.5)" 0.901626016260163 1.26150922672938 43 20 1.505727704638
"[1.5,2)" 0.891596638655462 1.73836818869729 43 20 1.505727704638
"[2,20)" 0.899107142857143 2.42612726183938 43 20 1.505727704638
"[0,0.5)" 0.886507936507936 0.267939019640738 44 2 0.680541274661273
"[0.5,1)" 0.93206106870229 0.735816821117276 44 2 0.680541274661273
"[1,1.5)" 0.978571428571429 1.23261816450419 44 2 0.680541274661273
"[1.5,2)" 0.986507936507937 1.73321456934096 44 2 0.680541274661273
"[2,20)" 0.991428571428571 2.22579860330079 44 2 0.680541274661273
"[0,0.5)" 0.877777777777778 0.267939019640738 44 3 0.75818888939865
"[0.5,1)" 0.945038167938931 0.735816821117276 44 3 0.75818888939865
"[1,1.5)" 0.975 1.23261816450419 44 3 0.75818888939865
"[1.5,2)" 0.994444444444444 1.73321456934096 44 3 0.75818888939865
"[2,20)" 0.994285714285714 2.22579860330079 44 3 0.75818888939865
"[0,0.5)" 0.856349206349206 0.267939019640738 44 5 0.80448454411414
"[0.5,1)" 0.919083969465649 0.735816821117276 44 5 0.80448454411414
"[1,1.5)" 0.966071428571429 1.23261816450419 44 5 0.80448454411414
"[1.5,2)" 0.984126984126984 1.73321456934096 44 5 0.80448454411414
"[2,20)" 0.988571428571429 2.22579860330079 44 5 0.80448454411414
"[0,0.5)" 0.798412698412698 0.267939019640738 44 10 0.849791940692025
"[0.5,1)" 0.894656488549618 0.735816821117276 44 10 0.849791940692025
"[1,1.5)" 0.964285714285714 1.23261816450419 44 10 0.849791940692025
"[1.5,2)" 0.983333333333333 1.73321456934096 44 10 0.849791940692025
"[2,20)" 0.983809523809524 2.22579860330079 44 10 0.849791940692025
"[0,0.5)" 0.782539682539683 0.267939019640738 44 20 0.879799035938794
"[0.5,1)" 0.887786259541985 0.735816821117276 44 20 0.879799035938794
"[1,1.5)" 0.955357142857143 1.23261816450419 44 20 0.879799035938794
"[1.5,2)" 0.979365079365079 1.73321456934096 44 20 0.879799035938794
"[2,20)" 0.977142857142857 2.22579860330079 44 20 0.879799035938794
