36sx02	1	1	0	1	1.0000	1.0000	-1.0000	NaN	1.0387	-1.6598	14.2418	343948.9832	343949.2846	0.0000	1.0000	1.2911
36sx02	1	1	0	1	2.0000	1.0000	1.0000	0.6395	NaN	NaN	NaN	343951.1351	343951.4726	1.0000	1.0000	0.4232
36sx02	1	2	0	1	1.0000	1.0000	-1.0000	NaN	8.7727	-7.7938	14.9342	343953.7976	343954.0986	0.0000	1.0000	0.3091
36sx02	1	2	0	1	2.0000	1.0000	-1.0000	0.6005	NaN	NaN	NaN	343954.9819	343955.3120	0.0000	1.0000	0.3443
36sx02	1	3	0	1	1.0000	1.0000	1.0000	NaN	8.8106	9.0981	13.9109	343958.1318	343958.4328	1.0000	1.0000	0.2536
36sx02	1	3	0	1	2.0000	1.0000	-1.0000	0.7292	NaN	NaN	NaN	343959.3335	343959.6600	0.0000	1.0000	0.2761
36sx02	1	4	0	1	1.0000	1.0000	-1.0000	NaN	11.8583	-10.8486	14.7164	343962.4448	343962.7458	0.0000	1.0000	0.2601
36sx02	1	4	0	1	2.0000	1.0000	-1.0000	0.5536	NaN	NaN	NaN	343963.5987	343963.9278	0.0000	1.0000	0.2724
36sx02	1	5	0	1	1.0000	1.0000	-1.0000	NaN	10.2778	-12.0525	15.4978	343966.4020	343966.7032	0.0000	1.0000	0.2879
36sx02	1	5	0	1	2.0000	1.0000	1.0000	0.1781	NaN	NaN	NaN	343967.6304	343967.9589	1.0000	1.0000	0.4253
36sx02	1	6	0	1	1.0000	1.0000	-1.0000	NaN	6.9711	-9.6644	14.3985	343970.7470	343971.0480	0.0000	1.0000	0.3659
36sx02	1	6	0	1	2.0000	1.0000	-1.0000	0.3606	NaN	NaN	NaN	343972.0375	343972.3694	1.0000	0.0000	0.4047
36sx02	1	7	0	1	1.0000	1.0000	-1.0000	NaN	0.8969	-1.3925	16.4584	343975.0203	343975.3219	0.0000	1.0000	1.6852
36sx02	1	7	0	1	2.0000	1.0000	-1.0000	0.6830	NaN	NaN	NaN	343977.5424	343977.8756	0.0000	1.0000	0.2997
36sx02	1	8	0	1	1.0000	1.0000	-1.0000	NaN	6.1978	-8.0646	15.9386	343979.9956	343980.2967	0.0000	1.0000	0.2699
36sx02	1	8	0	1	2.0000	1.0000	1.0000	0.8786	NaN	NaN	NaN	343981.1253	343981.4563	1.0000	1.0000	0.1824
36sx02	1	9	0	1	1.0000	1.0000	-1.0000	NaN	1.3962	-2.4244	15.6984	343983.8323	343984.1333	0.0000	1.0000	0.4507
36sx02	1	9	0	1	2.0000	1.0000	1.0000	0.1203	NaN	NaN	NaN	343985.1337	343985.4600	1.0000	1.0000	0.3696
36sx02	1	10	0	1	1.0000	1.0000	-1.0000	NaN	8.0826	-9.5415	15.7220	343988.3823	343988.6834	0.0000	1.0000	0.1721
36sx02	1	10	0	1	2.0000	1.0000	1.0000	0.1729	NaN	NaN	NaN	343989.4533	343989.7803	1.0000	1.0000	0.3236
36sx02	1	11	0	1	1.0000	1.0000	1.0000	NaN	3.9104	3.9625	15.3731	343992.5450	343992.8461	0.0000	0.0000	0.4661
36sx02	1	11	0	1	2.0000	1.0000	1.0000	0.0881	NaN	NaN	NaN	343993.8854	343994.2126	0.0000	0.0000	1.0991
36sx02	1	12	0	1	1.0000	1.0000	-1.0000	NaN	0.7561	-0.9501	14.3545	343997.5851	343997.8862	0.0000	1.0000	0.4340
36sx02	1	12	0	1	2.0000	1.0000	1.0000	0.3597	NaN	NaN	NaN	343998.9017	343999.2283	1.0000	1.0000	0.2835
36sx02	1	13	0	1	1.0000	1.0000	-1.0000	NaN	3.9098	-4.8095	14.3861	344002.0111	344002.3121	0.0000	1.0000	0.2641
36sx02	1	13	0	1	2.0000	1.0000	1.0000	0.4516	NaN	NaN	NaN	344003.1585	344003.4855	0.0000	0.0000	2.0822
36sx02	1	14	0	1	1.0000	1.0000	-1.0000	NaN	2.2462	-1.5835	15.4457	344008.2763	344008.5775	0.0000	1.0000	0.2221
36sx02	1	14	0	1	2.0000	1.0000	-1.0000	0.7022	NaN	NaN	NaN	344009.3580	344009.6879	1.0000	0.0000	0.0007
36sx02	1	15	0	1	1.0000	1.0000	-1.0000	NaN	10.0275	-11.6658	16.6509	344011.9557	344012.2568	0.0000	1.0000	0.1424
36sx02	1	15	0	1	2.0000	1.0000	-1.0000	0.6054	NaN	NaN	NaN	344013.0054	344013.3327	0.0000	1.0000	0.1450
36sx02	1	16	0	1	1.0000	1.0000	-1.0000	NaN	2.8414	-2.9209	14.3292	344015.6894	344015.9904	0.0000	1.0000	0.3765
36sx02	1	16	0	1	2.0000	1.0000	1.0000	0.9010	NaN	NaN	NaN	344016.9655	344017.2919	1.0000	1.0000	0.3646
36sx02	1	17	0	1	1.0000	1.0000	1.0000	NaN	9.2979	9.4176	14.4105	344020.1055	344020.4065	1.0000	1.0000	0.3433
36sx02	1	17	0	1	2.0000	1.0000	-1.0000	0.8316	NaN	NaN	NaN	344021.3421	344021.6709	0.0000	1.0000	0.2892
36sx02	1	18	0	1	1.0000	1.0000	1.0000	NaN	3.0359	2.2636	14.1998	344024.1513	344024.4522	1.0000	1.0000	1.0019
36sx02	1	18	0	1	2.0000	1.0000	1.0000	0.5233	NaN	NaN	NaN	344026.1188	344026.4452	0.0000	0.0000	0.3461
36sx02	1	19	0	1	1.0000	1.0000	-1.0000	NaN	0.8536	-0.9484	14.3063	344028.8544	344029.1555	0.0000	1.0000	1.3864
36sx02	1	19	0	1	2.0000	1.0000	1.0000	0.3329	NaN	NaN	NaN	344031.1257	344031.4520	0.0000	0.0000	0.7963
36sx02	1	20	0	1	1.0000	1.0000	1.0000	NaN	0.0861	2.0981	15.6883	344034.2776	344034.5788	0.0000	0.0000	0.2936
36sx02	1	20	0	1	2.0000	1.0000	1.0000	0.6098	NaN	NaN	NaN	344035.4296	344035.7553	1.0000	1.0000	2.1406
36sx02	1	21	0	1	1.0000	1.0000	-1.0000	NaN	2.6314	-0.3628	15.1904	344040.0994	344040.4009	1.0000	0.0000	2.9810
36sx02	1	21	0	1	2.0000	1.0000	1.0000	0.0718	NaN	NaN	NaN	344044.0853	344044.4135	1.0000	1.0000	3.5784
36sx02	1	22	0	1	1.0000	1.0000	-1.0000	NaN	5.4603	-6.7372	14.6671	344050.3594	344050.6606	0.0000	1.0000	0.3692
36sx02	1	22	0	1	2.0000	1.0000	1.0000	0.7652	NaN	NaN	NaN	344051.6379	344051.9648	1.0000	1.0000	2.0023
36sx02	1	23	0	1	1.0000	1.0000	1.0000	NaN	0.9206	0.7544	14.7936	344056.1666	344056.4676	0.0000	0.0000	0.6022
36sx02	1	23	0	1	2.0000	1.0000	-1.0000	0.2051	NaN	NaN	NaN	344057.6697	344057.9964	1.0000	0.0000	1.2759
36sx02	1	24	0	1	1.0000	1.0000	-1.0000	NaN	6.5927	-7.7735	14.2832	344061.4414	344061.7424	0.0000	1.0000	0.2634
36sx02	1	24	0	1	2.0000	1.0000	-1.0000	0.3664	NaN	NaN	NaN	344062.5735	344062.9003	0.0000	1.0000	0.8266
36sx02	1	25	0	1	1.0000	1.0000	1.0000	NaN	1.2188	2.1133	15.4888	344065.6777	344065.9787	1.0000	1.0000	0.7735
36sx02	1	25	0	1	2.0000	1.0000	-1.0000	0.7348	NaN	NaN	NaN	344067.3414	344067.6680	0.0000	1.0000	0.2196
36sx02	1	26	0	1	1.0000	1.0000	1.0000	NaN	0.1846	0.6937	15.5251	344069.8220	344070.1235	0.0000	0.0000	0.6289
36sx02	1	26	0	1	2.0000	1.0000	1.0000	0.3526	NaN	NaN	NaN	344071.3487	344071.6754	1.0000	1.0000	0.1304
36sx02	1	27	0	1	1.0000	1.0000	-1.0000	NaN	9.0211	-6.3645	14.3078	344074.4098	344074.7107	0.0000	1.0000	0.1771
36sx02	1	27	0	1	2.0000	1.0000	1.0000	0.8567	NaN	NaN	NaN	344075.4856	344075.8130	1.0000	1.0000	1.0592
36sx02	1	28	0	1	1.0000	1.0000	1.0000	NaN	9.6288	11.0742	16.9539	344079.3300	344079.6310	0.0000	0.0000	0.4649
36sx02	1	28	0	1	2.0000	1.0000	1.0000	0.3539	NaN	NaN	NaN	344080.6700	344080.9974	1.0000	1.0000	2.2747
36sx02	1	29	0	1	1.0000	1.0000	1.0000	NaN	6.2446	5.3025	15.7212	344085.6121	344085.9131	1.0000	1.0000	0.5189
36sx02	1	29	0	1	2.0000	1.0000	-1.0000	0.0880	NaN	NaN	NaN	344087.0850	344087.4123	0.0000	1.0000	0.6279
36sx02	1	30	0	1	1.0000	1.0000	-1.0000	NaN	4.4672	-3.7295	13.1877	344090.5146	344090.8156	0.0000	1.0000	0.2864
36sx02	1	30	0	1	2.0000	1.0000	-1.0000	0.5617	NaN	NaN	NaN	344091.6692	344091.9967	0.0000	1.0000	0.4668
36sx02	1	31	0	1	1.0000	1.0000	1.0000	NaN	9.0114	8.8650	17.2262	344094.4298	344094.7308	1.0000	1.0000	0.2612
36sx02	1	31	0	1	2.0000	1.0000	-1.0000	0.6815	NaN	NaN	NaN	344095.6460	344095.9739	0.0000	1.0000	0.1039
36sx02	1	32	0	1	1.0000	1.0000	1.0000	NaN	11.0808	11.3267	15.4243	344098.0961	344098.3972	1.0000	1.0000	0.2427
36sx02	1	32	0	1	2.0000	1.0000	-1.0000	0.3330	NaN	NaN	NaN	344099.2459	344099.5723	0.0000	1.0000	0.1709
36sx02	1	33	0	1	1.0000	1.0000	1.0000	NaN	7.6168	7.6501	14.4402	344101.8639	344102.1649	1.0000	1.0000	0.1931
36sx02	1	33	0	1	2.0000	1.0000	1.0000	0.8177	NaN	NaN	NaN	344103.0136	344103.3398	1.0000	1.0000	0.4042
36sx02	1	34	0	1	1.0000	1.0000	-1.0000	NaN	11.1481	-10.9493	13.8400	344106.1499	344106.4509	0.0000	1.0000	0.2523
36sx02	1	34	0	1	2.0000	1.0000	-1.0000	0.2212	NaN	NaN	NaN	344107.3255	344107.6525	0.0000	1.0000	0.7294
36sx02	1	35	0	1	1.0000	1.0000	1.0000	NaN	2.1637	0.4949	13.8522	344110.3268	344110.6278	0.0000	0.0000	0.3485
36sx02	1	35	0	1	2.0000	1.0000	1.0000	0.7398	NaN	NaN	NaN	344111.5571	344111.8831	1.0000	1.0000	1.6210
36sx02	1	36	0	1	1.0000	1.0000	-1.0000	NaN	1.8441	-1.7640	14.6873	344115.9900	344116.2910	1.0000	0.0000	0.4053
36sx02	1	36	0	1	2.0000	1.0000	1.0000	0.7610	NaN	NaN	NaN	344117.3333	344117.6602	1.0000	1.0000	1.0919
36sx02	1	37	0	1	1.0000	1.0000	-1.0000	NaN	11.3868	-10.0247	14.3553	344121.2392	344121.5402	0.0000	1.0000	0.2987
36sx02	1	37	0	1	2.0000	1.0000	1.0000	0.0078	NaN	NaN	NaN	344122.4130	344122.7399	0.0000	0.0000	0.9156
36sx02	1	38	0	1	1.0000	1.0000	-1.0000	NaN	2.5653	-2.8902	13.9606	344126.0954	344126.3964	0.0000	1.0000	0.2975
36sx02	1	38	0	1	2.0000	1.0000	1.0000	0.6358	NaN	NaN	NaN	344127.2377	344127.5644	1.0000	1.0000	0.0007
36sx02	1	39	0	1	1.0000	1.0000	-1.0000	NaN	2.1313	-1.8624	15.7624	344130.2347	344130.5358	0.0000	1.0000	0.3421
36sx02	1	39	0	1	2.0000	1.0000	1.0000	0.6843	NaN	NaN	NaN	344131.4614	344131.7893	1.0000	1.0000	0.4885
36sx02	1	40	0	1	1.0000	1.0000	1.0000	NaN	3.0991	3.6245	15.7505	344134.9050	344135.2060	1.0000	1.0000	0.3217
36sx02	1	40	0	1	2.0000	1.0000	-1.0000	0.7244	NaN	NaN	NaN	344136.1257	344136.4532	0.0000	1.0000	0.2428
36sx02	1	41	0	1	1.0000	1.0000	1.0000	NaN	4.6291	5.0971	14.4354	344138.9316	344139.2326	1.0000	1.0000	0.2316
36sx02	1	41	0	1	2.0000	1.0000	1.0000	0.7696	NaN	NaN	NaN	344140.0938	344140.4204	0.0000	0.0000	0.0734
36sx02	1	42	0	1	1.0000	1.0000	-1.0000	NaN	1.7363	-3.1448	15.2099	344142.6440	344142.9450	0.0000	1.0000	0.4368
36sx02	1	42	0	1	2.0000	1.0000	1.0000	0.2015	NaN	NaN	NaN	344143.9975	344144.3241	1.0000	1.0000	0.2835
36sx02	1	43	0	1	1.0000	1.0000	1.0000	NaN	10.0957	11.7669	15.6934	344147.1745	344147.4755	1.0000	1.0000	0.2743
36sx02	1	43	0	1	2.0000	1.0000	1.0000	0.5428	NaN	NaN	NaN	344148.3908	344148.7187	1.0000	1.0000	0.9358
36sx02	1	44	0	1	1.0000	1.0000	1.0000	NaN	11.4854	10.4294	14.3620	344152.0985	344152.3995	1.0000	1.0000	0.3123
36sx02	1	44	0	1	2.0000	1.0000	1.0000	0.1087	NaN	NaN	NaN	344153.3182	344153.6446	0.0000	0.0000	0.4833
36sx02	1	45	0	1	1.0000	1.0000	-1.0000	NaN	0.2311	-0.9792	14.2277	344156.6018	344156.9031	1.0000	0.0000	0.2493
36sx02	1	45	0	1	2.0000	1.0000	-1.0000	0.6751	NaN	NaN	NaN	344157.7494	344158.0771	0.0000	1.0000	0.4348
36sx02	1	46	0	1	1.0000	1.0000	-1.0000	NaN	10.2121	-11.4958	13.3529	344160.7382	344161.0395	0.0000	1.0000	0.2784
36sx02	1	46	0	1	2.0000	1.0000	1.0000	0.3299	NaN	NaN	NaN	344161.8945	344162.2208	1.0000	1.0000	0.1941
36sx02	1	47	0	1	1.0000	1.0000	1.0000	NaN	2.5458	3.2643	16.8805	344164.4560	344164.7570	0.0000	0.0000	0.7944
36sx02	1	47	0	1	2.0000	1.0000	1.0000	0.7674	NaN	NaN	NaN	344166.1020	344166.4285	1.0000	1.0000	0.3715
36sx02	1	48	0	1	1.0000	1.0000	1.0000	NaN	11.6790	9.9978	13.8918	344169.3816	344169.6826	1.0000	1.0000	0.2605
36sx02	1	48	0	1	2.0000	1.0000	-1.0000	0.7088	NaN	NaN	NaN	344170.5817	344170.9101	0.0000	1.0000	0.8730
36sx02	1	49	0	1	1.0000	1.0000	1.0000	NaN	7.9247	6.0464	15.9805	344173.9202	344174.2212	1.0000	1.0000	0.2593
36sx02	1	49	0	1	2.0000	1.0000	1.0000	0.5722	NaN	NaN	NaN	344175.0862	344175.4129	0.0000	0.0000	0.4111
36sx02	1	50	0	1	1.0000	1.0000	1.0000	NaN	1.9544	1.4832	16.0414	344178.4453	344178.7466	0.0000	0.0000	0.3418
36sx02	1	50	0	1	2.0000	1.0000	-1.0000	0.2826	NaN	NaN	NaN	344179.6701	344179.9970	1.0000	0.0000	0.4889
36sx02	2	1	0	1	1.0000	1.0000	-1.0000	NaN	11.9991	-9.4571	16.1044	344184.0691	344184.3703	0.0000	1.0000	0.3019
36sx02	2	1	0	1	2.0000	1.0000	-1.0000	0.4066	NaN	NaN	NaN	344185.2472	344185.5737	0.0000	1.0000	1.4402
36sx02	2	2	0	1	1.0000	1.0000	-1.0000	NaN	0.1051	-0.4200	14.7307	344189.1347	344189.4361	0.0000	1.0000	0.6442
36sx02	2	2	0	1	2.0000	1.0000	1.0000	0.1348	NaN	NaN	NaN	344190.6618	344190.9893	1.0000	1.0000	0.3860
36sx02	2	3	0	1	1.0000	1.0000	-1.0000	NaN	6.7868	-6.4425	13.9223	344193.6679	344193.9691	0.0000	1.0000	0.2073
36sx02	2	3	0	1	2.0000	1.0000	1.0000	0.1469	NaN	NaN	NaN	344194.7340	344195.0618	1.0000	1.0000	3.5920
36sx02	2	4	0	1	1.0000	1.0000	1.0000	NaN	9.7584	10.6940	14.4957	344201.1376	344201.4386	1.0000	1.0000	0.2713
36sx02	2	4	0	1	2.0000	1.0000	1.0000	0.3988	NaN	NaN	NaN	344202.3417	344202.6687	0.0000	0.0000	0.4907
36sx02	2	5	0	1	1.0000	1.0000	1.0000	NaN	10.1660	9.0010	13.6450	344205.7112	344206.0123	1.0000	1.0000	0.2895
36sx02	2	5	0	1	2.0000	1.0000	1.0000	0.6955	NaN	NaN	NaN	344206.9505	344207.2791	1.0000	1.0000	0.3029
36sx02	2	6	0	1	1.0000	1.0000	1.0000	NaN	10.0915	10.0716	14.5159	344210.0169	344210.3179	1.0000	1.0000	0.4827
36sx02	2	6	0	1	2.0000	1.0000	1.0000	0.8416	NaN	NaN	NaN	344211.4137	344211.7417	1.0000	1.0000	0.5601
36sx02	2	7	0	1	1.0000	1.0000	-1.0000	NaN	10.8449	-11.2908	15.4653	344214.5287	344214.8297	0.0000	1.0000	0.2738
36sx02	2	7	0	1	2.0000	1.0000	-1.0000	0.5897	NaN	NaN	NaN	344215.7016	344216.0292	0.0000	1.0000	0.5207
36sx02	2	8	0	1	1.0000	1.0000	1.0000	NaN	4.6928	6.1327	14.6036	344218.8607	344219.1616	1.0000	1.0000	0.1583
36sx02	2	8	0	1	2.0000	1.0000	-1.0000	0.8555	NaN	NaN	NaN	344219.8935	344220.2206	0.0000	1.0000	0.3374
36sx02	2	9	0	1	1.0000	1.0000	-1.0000	NaN	0.9230	-1.0732	16.1754	344222.6539	344222.9549	0.0000	1.0000	0.2751
36sx02	2	9	0	1	2.0000	1.0000	-1.0000	0.7537	NaN	NaN	NaN	344223.8147	344224.1428	0.0000	1.0000	0.2231
36sx02	2	10	0	1	1.0000	1.0000	1.0000	NaN	7.0731	9.9556	14.1792	344226.8019	344227.1032	1.0000	1.0000	0.2878
36sx02	2	10	0	1	2.0000	1.0000	1.0000	0.5070	NaN	NaN	NaN	344228.0300	344228.3567	0.0000	0.0000	0.0434
36sx02	2	11	0	1	1.0000	1.0000	-1.0000	NaN	10.5682	-11.2576	14.4257	344230.9206	344231.2216	0.0000	1.0000	0.1853
36sx02	2	11	0	1	2.0000	1.0000	1.0000	0.7373	NaN	NaN	NaN	344231.9901	344232.3171	1.0000	1.0000	0.2664
36sx02	2	12	0	1	1.0000	1.0000	1.0000	NaN	0.3022	0.8461	15.7664	344234.7075	344235.0085	0.0000	0.0000	0.7679
36sx02	2	12	0	1	2.0000	1.0000	1.0000	0.8775	NaN	NaN	NaN	344236.3336	344236.6616	1.0000	1.0000	0.3924
36sx02	2	13	0	1	1.0000	1.0000	-1.0000	NaN	7.8925	-7.0586	13.6581	344239.4294	344239.7304	0.0000	1.0000	0.1794
36sx02	2	13	0	1	2.0000	1.0000	-1.0000	0.9160	NaN	NaN	NaN	344240.4856	344240.8119	0.0000	1.0000	0.1939
36sx02	2	14	0	1	1.0000	1.0000	-1.0000	NaN	1.4949	-2.1842	14.9090	344243.2417	344243.5429	0.0000	1.0000	0.2250
36sx02	2	14	0	1	2.0000	1.0000	1.0000	0.7039	NaN	NaN	NaN	344244.3503	344244.6781	1.0000	1.0000	0.1998
36sx02	2	15	0	1	1.0000	1.0000	1.0000	NaN	2.4077	2.9186	14.7480	344246.8349	344247.1358	1.0000	1.0000	0.4330
36sx02	2	15	0	1	2.0000	1.0000	-1.0000	0.8292	NaN	NaN	NaN	344248.1973	344248.5233	0.0000	1.0000	0.1649
36sx02	2	16	0	1	1.0000	1.0000	-1.0000	NaN	0.5710	-2.1832	14.0311	344251.1666	344251.4676	0.0000	1.0000	0.7944
36sx02	2	16	0	1	2.0000	1.0000	1.0000	0.1446	NaN	NaN	NaN	344252.8300	344253.1568	0.0000	0.0000	1.0331
36sx02	2	17	0	1	1.0000	1.0000	1.0000	NaN	8.0027	9.7204	14.7900	344256.3748	344256.6760	1.0000	1.0000	0.2123
36sx02	2	17	0	1	2.0000	1.0000	-1.0000	0.1485	NaN	NaN	NaN	344257.5267	344257.8529	0.0000	1.0000	2.4433
36sx02	2	18	0	1	1.0000	1.0000	-1.0000	NaN	7.9321	-8.9716	14.9413	344262.8659	344263.1670	0.0000	1.0000	0.2479
36sx02	2	18	0	1	2.0000	1.0000	-1.0000	0.4574	NaN	NaN	NaN	344263.9902	344264.3169	0.0000	1.0000	0.2435
36sx02	2	19	0	1	1.0000	1.0000	-1.0000	NaN	1.6523	-0.7750	15.7674	344266.7875	344267.0885	0.0000	1.0000	0.2214
36sx02	2	19	0	1	2.0000	1.0000	1.0000	0.8615	NaN	NaN	NaN	344267.8618	344268.1904	1.0000	1.0000	0.2018
36sx02	2	20	0	1	1.0000	1.0000	-1.0000	NaN	10.2927	-11.0495	14.2175	344270.7678	344271.0688	0.0000	1.0000	0.0971
36sx02	2	20	0	1	2.0000	1.0000	1.0000	0.3442	NaN	NaN	NaN	344271.7261	344272.0544	1.0000	1.0000	0.1522
36sx02	2	21	0	1	1.0000	1.0000	1.0000	NaN	2.0294	1.9865	14.9085	344274.3062	344274.6072	0.0000	0.0000	0.2646
36sx02	2	21	0	1	2.0000	1.0000	1.0000	0.7891	NaN	NaN	NaN	344275.4531	344275.7801	1.0000	1.0000	0.7857
36sx02	2	22	0	1	1.0000	1.0000	-1.0000	NaN	3.6619	-5.3983	14.2766	344279.2492	344279.5502	0.0000	1.0000	0.1454
36sx02	2	22	0	1	2.0000	1.0000	-1.0000	0.0245	NaN	NaN	NaN	344280.2464	344280.5765	0.0000	1.0000	0.9279
36sx02	2	23	0	1	1.0000	1.0000	1.0000	NaN	4.9813	7.6990	15.8358	344283.5054	344283.8065	1.0000	1.0000	0.2473
36sx02	2	23	0	1	2.0000	1.0000	-1.0000	0.3083	NaN	NaN	NaN	344284.6776	344285.0050	0.0000	1.0000	0.2267
36sx02	2	24	0	1	1.0000	1.0000	-1.0000	NaN	5.7477	-4.7649	15.5022	344287.8017	344288.1026	0.0000	1.0000	0.1602
36sx02	2	24	0	1	2.0000	1.0000	1.0000	0.3561	NaN	NaN	NaN	344288.8535	344289.1808	1.0000	1.0000	0.3313
36sx02	2	25	0	1	1.0000	1.0000	1.0000	NaN	0.6642	0.9112	15.1396	344291.4209	344291.7219	0.0000	0.0000	0.2281
36sx02	2	25	0	1	2.0000	1.0000	-1.0000	0.9262	NaN	NaN	NaN	344292.5980	344292.9265	0.0000	1.0000	0.2169
36sx02	2	26	0	1	1.0000	1.0000	-1.0000	NaN	1.1526	-1.9434	14.2378	344295.4047	344295.7057	0.0000	1.0000	0.2061
36sx02	2	26	0	1	2.0000	1.0000	1.0000	0.9408	NaN	NaN	NaN	344296.4774	344296.8044	1.0000	1.0000	0.1554
36sx02	2	27	0	1	1.0000	1.0000	-1.0000	NaN	10.0560	-10.5271	14.8274	344299.1592	344299.4604	0.0000	1.0000	0.1856
36sx02	2	27	0	1	2.0000	1.0000	1.0000	0.7281	NaN	NaN	NaN	344300.2552	344300.5823	1.0000	1.0000	0.1436
36sx02	2	28	0	1	1.0000	1.0000	1.0000	NaN	1.1736	2.0159	17.1425	344303.1692	344303.4703	0.0000	0.0000	0.4576
36sx02	2	28	0	1	2.0000	1.0000	-1.0000	0.4218	NaN	NaN	NaN	344304.4936	344304.8216	0.0000	1.0000	0.7683
36sx02	2	29	0	1	1.0000	1.0000	-1.0000	NaN	8.4817	-9.2761	15.6595	344307.9615	344308.2624	0.0000	1.0000	0.2011
36sx02	2	29	0	1	2.0000	1.0000	-1.0000	0.9047	NaN	NaN	NaN	344309.0055	344309.3322	0.0000	1.0000	0.2898
36sx02	2	30	0	1	1.0000	1.0000	-1.0000	NaN	11.5623	-13.6501	14.5942	344312.1252	344312.4262	0.0000	1.0000	0.2198
36sx02	2	30	0	1	2.0000	1.0000	-1.0000	0.1080	NaN	NaN	NaN	344313.1740	344313.5018	0.0000	1.0000	0.8810
36sx02	2	31	0	1	1.0000	1.0000	-1.0000	NaN	2.1474	-0.8713	16.3257	344316.5961	344316.8977	0.0000	1.0000	0.3825
36sx02	2	31	0	1	2.0000	1.0000	1.0000	0.6521	NaN	NaN	NaN	344317.8460	344318.1725	1.0000	1.0000	0.3316
36sx02	2	32	0	1	1.0000	1.0000	1.0000	NaN	11.4160	11.4222	14.2636	344320.8118	344321.1127	1.0000	1.0000	0.2865
36sx02	2	32	0	1	2.0000	1.0000	1.0000	0.0255	NaN	NaN	NaN	344322.0215	344322.3489	0.0000	0.0000	0.0909
36sx02	2	33	0	1	1.0000	1.0000	1.0000	NaN	3.0098	4.9336	15.5934	344324.7270	344325.0280	1.0000	1.0000	0.3086
36sx02	2	33	0	1	2.0000	1.0000	-1.0000	0.8309	NaN	NaN	NaN	344326.0062	344326.3337	0.0000	1.0000	0.2830
36sx02	2	34	0	1	1.0000	1.0000	-1.0000	NaN	0.9422	-2.0455	15.3162	344329.1997	344329.5008	0.0000	1.0000	0.3611
36sx02	2	34	0	1	2.0000	1.0000	-1.0000	0.1643	NaN	NaN	NaN	344330.4539	344330.7820	1.0000	0.0000	0.4735
36sx02	2	35	0	1	1.0000	1.0000	-1.0000	NaN	4.0759	-4.6342	14.2959	344333.4694	344333.7704	0.0000	1.0000	0.3095
36sx02	2	35	0	1	2.0000	1.0000	1.0000	0.2495	NaN	NaN	NaN	344334.6698	344334.9966	1.0000	1.0000	0.1713
36sx02	2	36	0	1	1.0000	1.0000	1.0000	NaN	8.5226	9.1877	14.0469	344337.5275	344337.8285	1.0000	1.0000	0.2511
36sx02	2	36	0	1	2.0000	1.0000	-1.0000	0.7985	NaN	NaN	NaN	344338.6858	344339.0143	0.0000	1.0000	0.1541
36sx02	2	37	0	1	1.0000	1.0000	1.0000	NaN	1.2439	1.9034	15.7342	344341.6032	344341.9042	1.0000	1.0000	0.2057
36sx02	2	37	0	1	2.0000	1.0000	1.0000	0.8372	NaN	NaN	NaN	344342.7255	344343.0537	1.0000	1.0000	0.1923
36sx02	2	38	0	1	1.0000	1.0000	-1.0000	NaN	3.0987	-3.6758	15.0628	344345.6807	344345.9817	0.0000	1.0000	0.3388
36sx02	2	38	0	1	2.0000	1.0000	-1.0000	0.5998	NaN	NaN	NaN	344346.9013	344347.2291	0.0000	1.0000	0.2754
36sx02	2	39	0	1	1.0000	1.0000	1.0000	NaN	3.5034	4.0825	15.0366	344349.3728	344349.6738	1.0000	1.0000	0.2442
36sx02	2	39	0	1	2.0000	1.0000	-1.0000	0.7168	NaN	NaN	NaN	344350.5101	344350.8360	0.0000	1.0000	0.2682
36sx02	2	40	0	1	1.0000	1.0000	1.0000	NaN	8.3278	9.3676	15.5257	344353.4886	344353.7898	1.0000	1.0000	0.2421
36sx02	2	40	0	1	2.0000	1.0000	-1.0000	0.3900	NaN	NaN	NaN	344354.6378	344354.9655	0.0000	1.0000	0.1135
36sx02	2	41	0	1	1.0000	1.0000	1.0000	NaN	10.0673	10.7055	14.0111	344357.2229	344357.5239	1.0000	1.0000	0.1940
36sx02	2	41	0	1	2.0000	1.0000	-1.0000	0.6007	NaN	NaN	NaN	344358.3256	344358.6517	0.0000	1.0000	0.1980
36sx02	2	42	0	1	1.0000	1.0000	-1.0000	NaN	11.9451	-12.8731	17.3133	344361.1905	344361.4915	0.0000	1.0000	0.3087
36sx02	2	42	0	1	2.0000	1.0000	-1.0000	0.9145	NaN	NaN	NaN	344362.3806	344362.7090	0.0000	1.0000	0.2671
36sx02	2	43	0	1	1.0000	1.0000	1.0000	NaN	9.6656	9.8469	16.3049	344365.5426	344365.8436	1.0000	1.0000	0.1943
36sx02	2	43	0	1	2.0000	1.0000	1.0000	0.8141	NaN	NaN	NaN	344366.6307	344366.9576	1.0000	1.0000	0.3461
36sx02	2	44	0	1	1.0000	1.0000	1.0000	NaN	11.7413	10.5794	16.3258	344369.4547	344369.7557	1.0000	1.0000	0.1487
36sx02	2	44	0	1	2.0000	1.0000	1.0000	0.4194	NaN	NaN	NaN	344370.5179	344370.8461	0.0000	0.0000	0.0902
36sx02	2	45	0	1	1.0000	1.0000	-1.0000	NaN	11.1121	-12.1118	15.7617	344372.9152	344373.2163	0.0000	1.0000	0.2775
36sx02	2	45	0	1	2.0000	1.0000	1.0000	0.6515	NaN	NaN	NaN	344374.0853	344374.4113	1.0000	1.0000	0.1010
36sx02	2	46	0	1	1.0000	1.0000	-1.0000	NaN	5.9500	-7.2747	15.8622	344376.9184	344377.2194	0.0000	1.0000	0.2444
36sx02	2	46	0	1	2.0000	1.0000	1.0000	0.1327	NaN	NaN	NaN	344378.0384	344378.3645	0.0000	0.0000	0.9161
36sx02	2	47	0	1	1.0000	1.0000	-1.0000	NaN	2.9807	-3.3364	15.3929	344381.3813	344381.6825	0.0000	1.0000	0.3888
36sx02	2	47	0	1	2.0000	1.0000	-1.0000	0.5157	NaN	NaN	NaN	344382.6781	344383.0059	0.0000	1.0000	0.4662
36sx02	2	48	0	1	1.0000	1.0000	1.0000	NaN	8.1097	8.0132	13.6854	344385.7905	344386.0916	1.0000	1.0000	0.2262
36sx02	2	48	0	1	2.0000	1.0000	1.0000	0.6579	NaN	NaN	NaN	344386.9503	344387.2772	1.0000	1.0000	0.3773
36sx02	2	49	0	1	1.0000	1.0000	1.0000	NaN	2.9723	1.2062	15.0264	344389.9644	344390.2654	0.0000	0.0000	1.1584
36sx02	2	49	0	1	2.0000	1.0000	-1.0000	0.8052	NaN	NaN	NaN	344392.0538	344392.3807	0.0000	1.0000	0.2909
36sx02	2	50	0	1	1.0000	1.0000	1.0000	NaN	6.2474	7.0542	14.5728	344394.6972	344394.9983	1.0000	1.0000	0.3380
36sx02	2	50	0	1	2.0000	1.0000	-1.0000	0.9350	NaN	NaN	NaN	344396.0135	344396.3416	0.0000	1.0000	1.9547
36sx02	3	1	0	1	1.0000	1.0000	1.0000	NaN	8.7086	11.3386	15.2138	344401.6097	344401.9106	1.0000	1.0000	0.2326
36sx02	3	1	0	1	2.0000	1.0000	-1.0000	0.0313	NaN	NaN	NaN	344402.7514	344403.0806	0.0000	1.0000	0.7685
36sx02	3	2	0	1	1.0000	1.0000	1.0000	NaN	9.2800	9.0652	14.8082	344406.0094	344406.3104	1.0000	1.0000	0.1768
36sx02	3	2	0	1	2.0000	1.0000	1.0000	0.3224	NaN	NaN	NaN	344407.1178	344407.4479	1.0000	1.0000	0.4403
36sx02	3	3	0	1	1.0000	1.0000	-1.0000	NaN	11.2389	-11.3431	13.3934	344410.3644	344410.6654	1.0000	0.0000	0.9006
36sx02	3	3	0	1	2.0000	1.0000	1.0000	0.2689	NaN	NaN	NaN	344412.1894	344412.5164	1.0000	1.0000	0.4815
36sx02	3	4	0	1	1.0000	1.0000	1.0000	NaN	5.9806	7.4835	15.5913	344415.1740	344415.4750	1.0000	1.0000	0.3744
36sx02	3	4	0	1	2.0000	1.0000	1.0000	0.1255	NaN	NaN	NaN	344416.4552	344416.7829	1.0000	1.0000	3.6092
36sx02	3	5	0	1	1.0000	1.0000	-1.0000	NaN	4.4743	-3.5042	15.0014	344422.5023	344422.8033	0.0000	1.0000	2.9178
36sx02	3	5	0	1	2.0000	1.0000	1.0000	0.8911	NaN	NaN	NaN	344426.2607	344426.5868	1.0000	1.0000	0.2372
36sx02	3	6	0	1	1.0000	1.0000	-1.0000	NaN	5.3867	-3.4345	14.5086	344428.9572	344429.2583	0.0000	1.0000	1.1886
36sx02	3	6	0	1	2.0000	1.0000	-1.0000	0.6199	NaN	NaN	NaN	344430.9969	344431.3242	0.0000	1.0000	0.3001
36sx02	3	7	0	1	1.0000	1.0000	1.0000	NaN	0.1794	0.5340	13.5779	344433.9349	344434.2359	0.0000	0.0000	0.2197
36sx02	3	7	0	1	2.0000	1.0000	1.0000	0.2284	NaN	NaN	NaN	344435.0219	344435.3495	1.0000	1.0000	0.2509
36sx02	3	8	0	1	1.0000	1.0000	-1.0000	NaN	6.8711	-6.3791	14.0007	344438.2621	344438.5632	0.0000	1.0000	0.3168
36sx02	3	8	0	1	2.0000	1.0000	-1.0000	0.8264	NaN	NaN	NaN	344439.4614	344439.7884	0.0000	1.0000	0.2036
36sx02	3	9	0	1	1.0000	1.0000	-1.0000	NaN	11.6863	-12.3967	14.1729	344442.3419	344442.6432	0.0000	1.0000	0.1547
36sx02	3	9	0	1	2.0000	1.0000	-1.0000	0.3394	NaN	NaN	NaN	344443.4228	344443.7501	0.0000	1.0000	0.6809
36sx02	3	10	0	1	1.0000	1.0000	1.0000	NaN	1.0210	0.1306	16.1531	344446.7591	344447.0601	0.0000	0.0000	0.3859
36sx02	3	10	0	1	2.0000	1.0000	-1.0000	0.0722	NaN	NaN	NaN	344448.0462	344448.3740	0.0000	1.0000	1.5840
36sx02	3	11	0	1	1.0000	1.0000	-1.0000	NaN	11.0129	-9.2304	15.8962	344452.3664	344452.6675	0.0000	1.0000	0.3090
36sx02	3	11	0	1	2.0000	1.0000	-1.0000	0.2858	NaN	NaN	NaN	344453.5747	344453.9020	1.0000	0.0000	0.6012
36sx02	3	12	0	1	1.0000	1.0000	-1.0000	NaN	6.7239	-6.9899	15.2371	344457.2610	344457.5620	0.0000	1.0000	0.2302
36sx02	3	12	0	1	2.0000	1.0000	1.0000	0.4643	NaN	NaN	NaN	344458.4061	344458.7339	1.0000	1.0000	0.2247
36sx02	3	13	0	1	1.0000	1.0000	-1.0000	NaN	8.5208	-10.6400	13.8331	344461.3945	344461.6955	0.0000	1.0000	0.2545
36sx02	3	13	0	1	2.0000	1.0000	-1.0000	0.1127	NaN	NaN	NaN	344462.5257	344462.8539	1.0000	0.0000	0.4003
36sx02	3	14	0	1	1.0000	1.0000	1.0000	NaN	8.3665	7.7583	14.9762	344465.3467	344465.6478	1.0000	1.0000	0.4325
36sx02	3	14	0	1	2.0000	1.0000	1.0000	0.7240	NaN	NaN	NaN	344466.7334	344467.0609	1.0000	1.0000	0.4730
36sx02	3	15	0	1	1.0000	1.0000	1.0000	NaN	8.0961	6.6383	15.7846	344470.0892	344470.3902	1.0000	1.0000	0.2885
36sx02	3	15	0	1	2.0000	1.0000	-1.0000	0.1124	NaN	NaN	NaN	344471.2936	344471.6203	1.0000	0.0000	2.4098
36sx02	3	16	0	1	1.0000	1.0000	-1.0000	NaN	11.6709	-12.4594	15.6661	344476.2017	344476.5027	0.0000	1.0000	0.1676
36sx02	3	16	0	1	2.0000	1.0000	1.0000	0.7185	NaN	NaN	NaN	344477.2616	344477.5889	1.0000	1.0000	0.3055
36sx02	3	17	0	1	1.0000	1.0000	1.0000	NaN	3.7285	2.1622	15.1082	344479.9468	344480.2478	0.0000	0.0000	0.6553
36sx02	3	17	0	1	2.0000	1.0000	-1.0000	0.7541	NaN	NaN	NaN	344481.4943	344481.8234	0.0000	1.0000	0.3118
36sx02	3	18	0	1	1.0000	1.0000	-1.0000	NaN	9.5508	-9.3049	16.5393	344484.2199	344484.5209	0.0000	1.0000	0.7196
36sx02	3	18	0	1	2.0000	1.0000	1.0000	0.3486	NaN	NaN	NaN	344485.8305	344486.1587	0.0000	0.0000	2.2176
36sx02	3	19	0	1	1.0000	1.0000	1.0000	NaN	2.0189	3.3444	16.2041	344490.7494	344491.0503	0.0000	0.0000	1.1317
36sx02	3	19	0	1	2.0000	1.0000	1.0000	0.7411	NaN	NaN	NaN	344492.7661	344493.0930	1.0000	1.0000	0.3693
36sx02	3	20	0	1	1.0000	1.0000	1.0000	NaN	6.5869	7.7681	16.4297	344495.3649	344495.6658	1.0000	1.0000	0.3824
36sx02	3	20	0	1	2.0000	1.0000	-1.0000	0.5575	NaN	NaN	NaN	344496.6615	344496.9909	0.0000	1.0000	0.2813
36sx02	3	21	0	1	1.0000	1.0000	-1.0000	NaN	6.9120	-5.4211	15.5852	344499.2825	344499.5835	0.0000	1.0000	0.4080
36sx02	3	21	0	1	2.0000	1.0000	-1.0000	0.1169	NaN	NaN	NaN	344500.5421	344500.8695	0.0000	1.0000	0.4587
36sx02	3	22	0	1	1.0000	1.0000	1.0000	NaN	8.5907	10.4442	15.3056	344503.8267	344504.1277	1.0000	1.0000	0.2304
36sx02	3	22	0	1	2.0000	1.0000	-1.0000	0.1340	NaN	NaN	NaN	344505.0136	344505.3410	0.0000	1.0000	0.2755
36sx02	3	23	0	1	1.0000	1.0000	1.0000	NaN	3.6132	3.3969	15.3349	344508.3316	344508.6326	1.0000	1.0000	0.1973
36sx02	3	23	0	1	2.0000	1.0000	1.0000	0.8399	NaN	NaN	NaN	344509.5016	344509.8305	1.0000	1.0000	0.2974
36sx02	3	24	0	1	1.0000	1.0000	1.0000	NaN	5.0469	5.3778	15.4655	344512.6287	344512.9303	1.0000	1.0000	0.2516
36sx02	3	24	0	1	2.0000	1.0000	-1.0000	0.2042	NaN	NaN	NaN	344513.8381	344514.1646	0.0000	1.0000	0.6271
36sx02	3	25	0	1	1.0000	1.0000	-1.0000	NaN	5.8183	-7.5568	15.9119	344516.8701	344517.1712	0.0000	1.0000	0.2773
36sx02	3	25	0	1	2.0000	1.0000	1.0000	0.0805	NaN	NaN	NaN	344518.0383	344518.3658	1.0000	1.0000	0.3463
36sx02	3	26	0	1	1.0000	1.0000	-1.0000	NaN	3.0668	-2.7413	13.8903	344521.2007	344521.5017	0.0000	1.0000	0.1443
36sx02	3	26	0	1	2.0000	1.0000	-1.0000	0.1071	NaN	NaN	NaN	344522.2222	344522.5492	1.0000	0.0000	0.5061
36sx02	3	27	0	1	1.0000	1.0000	-1.0000	NaN	0.1560	-3.6808	16.2106	344525.6929	344525.9939	0.0000	1.0000	0.1560
36sx02	3	27	0	1	2.0000	1.0000	1.0000	0.8378	NaN	NaN	NaN	344526.7181	344527.0452	1.0000	1.0000	0.3777
36sx02	3	28	0	1	1.0000	1.0000	-1.0000	NaN	6.4630	-5.6085	14.9274	344529.7412	344530.0422	0.0000	1.0000	0.2918
36sx02	3	28	0	1	2.0000	1.0000	-1.0000	0.3853	NaN	NaN	NaN	344530.9415	344531.2700	0.0000	1.0000	0.6343
36sx02	3	29	0	1	1.0000	1.0000	-1.0000	NaN	2.3063	-0.3184	14.1334	344534.3301	344534.6317	0.0000	1.0000	0.1663
36sx02	3	29	0	1	2.0000	1.0000	1.0000	0.5468	NaN	NaN	NaN	344535.3894	344535.7182	1.0000	1.0000	0.3135
36sx02	3	30	0	1	1.0000	1.0000	1.0000	NaN	2.9458	3.2831	15.2399	344538.5223	344538.8233	0.0000	0.0000	0.3748
36sx02	3	30	0	1	2.0000	1.0000	1.0000	0.4964	NaN	NaN	NaN	344539.7812	344540.1077	0.0000	0.0000	3.3409
36sx02	3	31	0	1	1.0000	1.0000	1.0000	NaN	1.5569	1.6446	16.1667	344545.7256	344546.0266	1.0000	1.0000	0.8295
36sx02	3	31	0	1	2.0000	1.0000	1.0000	0.7315	NaN	NaN	NaN	344547.4538	344547.7818	1.0000	1.0000	0.1620
36sx02	3	32	0	1	1.0000	1.0000	1.0000	NaN	11.1700	10.5482	13.5578	344550.4946	344550.7956	1.0000	1.0000	0.2364
36sx02	3	32	0	1	2.0000	1.0000	1.0000	0.2869	NaN	NaN	NaN	344551.6296	344551.9581	0.0000	0.0000	0.9440
36sx02	3	33	0	1	1.0000	1.0000	1.0000	NaN	3.2659	3.1214	16.1143	344555.3074	344555.6085	0.0000	0.0000	0.9994
36sx02	3	33	0	1	2.0000	1.0000	-1.0000	0.7358	NaN	NaN	NaN	344557.1738	344557.5001	0.0000	1.0000	0.2517
36sx02	3	34	0	1	1.0000	1.0000	1.0000	NaN	1.0082	0.9832	16.2621	344559.8693	344560.1704	1.0000	1.0000	0.3176
36sx02	3	34	0	1	2.0000	1.0000	-1.0000	0.2733	NaN	NaN	NaN	344561.1176	344561.4448	0.0000	1.0000	0.5069
36sx02	3	35	0	1	1.0000	1.0000	-1.0000	NaN	6.5482	-5.3635	13.9306	344564.5686	344564.8696	0.0000	1.0000	0.6510
36sx02	3	35	0	1	2.0000	1.0000	-1.0000	0.6191	NaN	NaN	NaN	344566.1501	344566.4774	0.0000	1.0000	0.2589
36sx02	3	36	0	1	1.0000	1.0000	1.0000	NaN	5.8371	7.1166	14.7217	344569.3957	344569.6967	0.0000	0.0000	0.1356
36sx02	3	36	0	1	2.0000	1.0000	-1.0000	0.9144	NaN	NaN	NaN	344570.4059	344570.7328	0.0000	1.0000	0.2892
36sx02	3	37	0	1	1.0000	1.0000	1.0000	NaN	1.3896	0.8312	14.8798	344572.9917	344573.2927	0.0000	0.0000	0.4732
36sx02	3	37	0	1	2.0000	1.0000	-1.0000	0.3411	NaN	NaN	NaN	344574.3344	344574.6612	0.0000	1.0000	0.9767
36sx02	3	38	0	1	1.0000	1.0000	-1.0000	NaN	3.8362	-4.2687	17.0445	344578.2782	344578.5792	1.0000	0.0000	0.5081
36sx02	3	38	0	1	2.0000	1.0000	1.0000	0.7778	NaN	NaN	NaN	344579.6776	344580.0046	1.0000	1.0000	0.2990
36sx02	3	39	0	1	1.0000	1.0000	-1.0000	NaN	4.6459	-6.0731	13.2088	344582.4723	344582.7735	0.0000	1.0000	0.3462
36sx02	3	39	0	1	2.0000	1.0000	1.0000	0.3895	NaN	NaN	NaN	344583.7340	344584.0603	0.0000	0.0000	1.4105
36sx02	3	40	0	1	1.0000	1.0000	1.0000	NaN	6.0088	6.6705	14.5734	344587.7854	344588.0869	0.0000	0.0000	0.7853
36sx02	3	40	0	1	2.0000	1.0000	1.0000	0.7557	NaN	NaN	NaN	344589.4850	344589.8129	1.0000	1.0000	0.4273
36sx02	3	41	0	1	1.0000	1.0000	1.0000	NaN	2.6439	2.8659	14.5968	344592.6785	344592.9795	1.0000	1.0000	0.3479
36sx02	3	41	0	1	2.0000	1.0000	1.0000	0.9117	NaN	NaN	NaN	344593.9590	344594.2862	1.0000	1.0000	2.6398
36sx02	3	42	0	1	1.0000	1.0000	1.0000	NaN	8.5164	7.7622	12.9619	344598.9608	344599.2618	1.0000	1.0000	0.2745
36sx02	3	42	0	1	2.0000	1.0000	1.0000	0.5020	NaN	NaN	NaN	344600.1261	344600.4548	1.0000	1.0000	1.5360
36sx02	3	43	0	1	1.0000	1.0000	1.0000	NaN	6.2951	8.1727	15.5694	344604.6834	344604.9844	1.0000	1.0000	0.7266
36sx02	3	43	0	1	2.0000	1.0000	1.0000	0.4253	NaN	NaN	NaN	344606.3105	344606.6375	0.0000	0.0000	2.1607
36sx02	3	44	0	1	1.0000	1.0000	1.0000	NaN	4.8277	3.6563	15.2589	344611.3738	344611.6748	0.0000	0.0000	0.8911
36sx02	3	44	0	1	2.0000	1.0000	-1.0000	0.8013	NaN	NaN	NaN	344613.1735	344613.5014	0.0000	1.0000	0.4663
36sx02	3	45	0	1	1.0000	1.0000	-1.0000	NaN	3.1575	-4.7514	13.4404	344616.0188	344616.3198	0.0000	1.0000	0.3262
36sx02	3	45	0	1	2.0000	1.0000	-1.0000	0.8459	NaN	NaN	NaN	344617.2536	344617.5815	0.0000	1.0000	1.0588
36sx02	3	46	0	1	1.0000	1.0000	1.0000	NaN	8.0349	6.3760	15.1254	344620.5905	344620.8914	1.0000	1.0000	1.1232
36sx02	3	46	0	1	2.0000	1.0000	1.0000	0.5880	NaN	NaN	NaN	344622.6054	344622.9319	1.0000	1.0000	0.8285
36sx02	3	47	0	1	1.0000	1.0000	1.0000	NaN	9.3834	8.5458	15.8093	344625.7501	344626.0511	1.0000	1.0000	0.2589
36sx02	3	47	0	1	2.0000	1.0000	1.0000	0.9448	NaN	NaN	NaN	344626.9592	344627.2866	0.0000	0.0000	0.5123
36sx02	3	48	0	1	1.0000	1.0000	1.0000	NaN	8.3834	10.7628	15.3576	344629.9097	344630.2107	1.0000	1.0000	0.3891
36sx02	3	48	0	1	2.0000	1.0000	1.0000	0.8319	NaN	NaN	NaN	344631.2457	344631.5743	0.0000	0.0000	1.6488
36sx02	3	49	0	1	1.0000	1.0000	1.0000	NaN	11.5396	9.5177	13.2851	344635.6733	344635.9746	0.0000	0.0000	0.9755
36sx02	3	49	0	1	2.0000	1.0000	-1.0000	0.2785	NaN	NaN	NaN	344637.5825	344637.9085	0.0000	1.0000	0.3615
36sx02	3	50	0	1	1.0000	1.0000	1.0000	NaN	0.2940	1.8749	15.9027	344640.3505	344640.6517	0.0000	0.0000	0.4128
36sx02	3	50	0	1	2.0000	1.0000	1.0000	0.4154	NaN	NaN	NaN	344641.6781	344642.0049	1.0000	1.0000	0.4111
