14lh02	1	1	0	1	1.0000	1.0000	-1.0000	NaN	3.2419	-4.9059	15.3150	240335.5462	240335.8485	0.0000	1.0000	0.7096	0.8378
14lh02	1	1	0	1	2.0000	1.0000	1.0000	0.8706	NaN	NaN	NaN	240337.1150	240337.4703	1.0000	1.0000	0.6070	0.7848
14lh02	1	2	0	1	1.0000	1.0000	1.0000	NaN	6.6023	6.4467	15.2983	240340.4357	240340.7426	1.0000	1.0000	0.3117	0.4401
14lh02	1	2	0	1	2.0000	1.0000	-1.0000	0.6806	NaN	NaN	NaN	240341.6144	240342.0319	0.0000	1.0000	0.4781	0.6387
14lh02	1	3	0	1	1.0000	1.0000	-1.0000	NaN	3.3259	-2.8566	14.1282	240345.0820	240345.3873	0.0000	1.0000	0.3701	0.4996
14lh02	1	3	0	1	2.0000	1.0000	-1.0000	0.2261	NaN	NaN	NaN	240346.3190	240346.7323	1.0000	0.0000	0.7549	0.9137
14lh02	1	4	0	1	1.0000	1.0000	-1.0000	NaN	2.8134	-3.8845	14.0996	240349.5263	240349.8311	0.0000	1.0000	0.8075	0.9358
14lh02	1	4	0	1	2.0000	1.0000	-1.0000	0.7645	NaN	NaN	NaN	240351.1991	240351.6149	0.0000	1.0000	0.7344	0.8644
14lh02	1	5	0	1	1.0000	1.0000	-1.0000	NaN	6.0261	-4.5788	15.3431	240354.5638	240354.8682	0.0000	1.0000	0.3618	0.4745
14lh02	1	5	0	1	2.0000	1.0000	1.0000	0.3669	NaN	NaN	NaN	240355.7771	240356.1980	1.0000	1.0000	0.5674	0.7451
14lh02	1	6	0	1	1.0000	1.0000	-1.0000	NaN	0.8377	-1.9551	14.4168	240358.9593	240359.2639	0.0000	1.0000	0.4781	0.6232
14lh02	1	6	0	1	2.0000	1.0000	-1.0000	0.7966	NaN	NaN	NaN	240360.3188	240360.7311	0.0000	1.0000	0.5802	0.7076
14lh02	1	7	0	1	1.0000	1.0000	-1.0000	NaN	6.5258	-4.9901	14.7373	240363.7480	240364.0529	0.0000	1.0000	0.4574	0.5540
14lh02	1	7	0	1	2.0000	1.0000	1.0000	0.9376	NaN	NaN	NaN	240365.0386	240365.4595	1.0000	1.0000	0.6658	0.8589
14lh02	1	8	0	1	1.0000	1.0000	-1.0000	NaN	3.8008	-5.2372	15.1337	240368.3780	240368.6824	0.0000	1.0000	0.6750	0.8045
14lh02	1	8	0	1	2.0000	1.0000	-1.0000	0.5870	NaN	NaN	NaN	240369.9186	240370.3072	0.0000	1.0000	0.6502	0.7795
14lh02	1	9	0	1	1.0000	1.0000	1.0000	NaN	1.7850	1.5929	14.8126	240373.0389	240373.3412	0.0000	0.0000	0.6733	0.8173
14lh02	1	9	0	1	2.0000	1.0000	1.0000	0.0946	NaN	NaN	NaN	240374.5872	240374.9404	0.0000	0.0000	0.7850	0.9459
14lh02	1	10	0	1	1.0000	1.0000	1.0000	NaN	5.2526	7.4826	13.3131	240378.1035	240378.4057	1.0000	1.0000	0.7443	0.9209
14lh02	1	10	0	1	2.0000	1.0000	1.0000	0.4397	NaN	NaN	NaN	240379.7557	240380.1068	1.0000	1.0000	0.8666	1.1079
14lh02	1	11	0	1	1.0000	1.0000	1.0000	NaN	8.2994	11.3091	16.2958	240383.1664	240383.4695	1.0000	1.0000	0.4494	0.6255
14lh02	1	11	0	1	2.0000	1.0000	-1.0000	0.2142	NaN	NaN	NaN	240384.5249	240384.8751	0.0000	1.0000	0.8502	0.9953
14lh02	1	12	0	1	1.0000	1.0000	-1.0000	NaN	0.2279	-0.1748	13.6596	240387.9763	240388.2807	0.0000	1.0000	0.5966	0.7420
14lh02	1	12	0	1	2.0000	1.0000	-1.0000	0.0266	NaN	NaN	NaN	240389.4545	240389.8666	0.0000	1.0000	0.8042	0.9484
14lh02	1	13	0	1	1.0000	1.0000	-1.0000	NaN	8.3212	-8.5480	13.7640	240393.2260	240393.5305	0.0000	1.0000	0.3228	0.4519
14lh02	1	13	0	1	2.0000	1.0000	1.0000	0.6434	NaN	NaN	NaN	240394.4142	240394.8294	1.0000	1.0000	0.8165	1.0246
14lh02	1	14	0	1	1.0000	1.0000	-1.0000	NaN	7.1929	-7.8668	14.9409	240397.9121	240398.2168	0.0000	1.0000	0.2766	0.3900
14lh02	1	14	0	1	2.0000	1.0000	-1.0000	0.4046	NaN	NaN	NaN	240399.0402	240399.4578	0.0000	1.0000	0.6841	0.8285
14lh02	1	15	0	1	1.0000	1.0000	-1.0000	NaN	3.5616	-3.1398	14.6979	240402.6244	240402.9289	0.0000	1.0000	0.3979	0.5264
14lh02	1	15	0	1	2.0000	1.0000	-1.0000	0.4026	NaN	NaN	NaN	240403.8872	240404.3073	0.0000	1.0000	0.7313	0.8759
14lh02	1	16	0	1	1.0000	1.0000	-1.0000	NaN	5.4496	-6.0750	14.5043	240407.5218	240407.8264	0.0000	1.0000	0.3958	0.5242
14lh02	1	16	0	1	2.0000	1.0000	-1.0000	0.3183	NaN	NaN	NaN	240408.7822	240409.1955	0.0000	1.0000	0.9470	1.0751
14lh02	1	17	0	1	1.0000	1.0000	1.0000	NaN	8.0539	9.0999	14.2134	240412.6802	240412.9867	1.0000	1.0000	0.3879	0.5325
14lh02	1	17	0	1	2.0000	1.0000	1.0000	0.0115	NaN	NaN	NaN	240413.9509	240414.3618	0.0000	0.0000	0.9331	1.0611
14lh02	1	18	0	1	1.0000	1.0000	-1.0000	NaN	7.8906	-7.7654	15.4724	240417.5256	240417.8300	0.0000	1.0000	0.2314	0.3446
14lh02	1	18	0	1	2.0000	1.0000	-1.0000	0.1346	NaN	NaN	NaN	240418.6089	240419.0283	0.0000	1.0000	0.9211	1.0667
14lh02	1	19	0	1	1.0000	1.0000	1.0000	NaN	4.2082	1.8440	16.2641	240422.4794	240422.7856	1.0000	1.0000	0.4758	0.6216
14lh02	1	19	0	1	2.0000	1.0000	1.0000	0.8239	NaN	NaN	NaN	240423.8414	240424.2612	1.0000	1.0000	0.6962	0.8418
14lh02	1	20	0	1	1.0000	1.0000	1.0000	NaN	3.6504	3.4512	15.3391	240427.0886	240427.3927	0.0000	0.0000	0.8772	0.9894
14lh02	1	20	0	1	2.0000	1.0000	-1.0000	0.5712	NaN	NaN	NaN	240428.8136	240429.2272	0.0000	1.0000	0.5957	0.7876
14lh02	1	21	0	1	1.0000	1.0000	1.0000	NaN	5.2677	5.0243	15.3786	240432.3155	240432.6215	1.0000	1.0000	0.5119	0.6575
14lh02	1	21	0	1	2.0000	1.0000	-1.0000	0.0336	NaN	NaN	NaN	240433.7103	240434.1271	1.0000	0.0000	0.7830	0.9752
14lh02	1	22	0	1	1.0000	1.0000	-1.0000	NaN	0.8276	-0.5308	15.1799	240437.6767	240437.9809	1.0000	0.0000	0.9452	1.1052
14lh02	1	22	0	1	2.0000	1.0000	-1.0000	0.8217	NaN	NaN	NaN	240439.5174	240439.9405	0.0000	1.0000	0.6169	0.7627
14lh02	1	23	0	1	1.0000	1.0000	-1.0000	NaN	2.8103	-2.8041	13.6042	240442.9283	240443.2350	0.0000	1.0000	0.9070	1.0513
14lh02	1	23	0	1	2.0000	1.0000	1.0000	0.8264	NaN	NaN	NaN	240444.7187	240445.1386	1.0000	1.0000	0.7958	0.9557
14lh02	1	24	0	1	1.0000	1.0000	-1.0000	NaN	4.4242	-4.4075	14.8431	240448.2772	240448.5821	0.0000	1.0000	0.4722	0.5842
14lh02	1	24	0	1	2.0000	1.0000	1.0000	0.2731	NaN	NaN	NaN	240449.5980	240450.0059	1.0000	1.0000	0.7281	0.9681
14lh02	1	25	0	1	1.0000	1.0000	1.0000	NaN	4.8105	2.2814	15.0833	240453.3752	240453.6775	0.0000	0.0000	0.7048	0.8339
14lh02	1	25	0	1	2.0000	1.0000	1.0000	0.2619	NaN	NaN	NaN	240454.9400	240455.2913	1.0000	1.0000	0.6911	0.9319
14lh02	1	26	0	1	1.0000	1.0000	1.0000	NaN	9.1645	10.0997	15.6173	240458.1148	240458.4173	1.0000	1.0000	0.6681	0.7648
14lh02	1	26	0	1	2.0000	1.0000	1.0000	0.2585	NaN	NaN	NaN	240459.6108	240459.9640	1.0000	1.0000	0.8980	1.1232
14lh02	1	27	0	1	1.0000	1.0000	-1.0000	NaN	3.8860	-3.7654	15.2930	240463.0144	240463.3170	0.0000	1.0000	0.4724	0.5698
14lh02	1	27	0	1	2.0000	1.0000	1.0000	0.1142	NaN	NaN	NaN	240464.3155	240464.6693	1.0000	1.0000	0.8814	1.0571
14lh02	1	28	0	1	1.0000	1.0000	1.0000	NaN	3.2579	0.4823	17.0583	240467.5281	240467.8303	1.0000	1.0000	0.5997	0.7927
14lh02	1	28	0	1	2.0000	1.0000	-1.0000	0.4420	NaN	NaN	NaN	240469.0529	240469.4043	0.0000	1.0000	0.7696	0.9302
14lh02	1	29	0	1	1.0000	1.0000	1.0000	NaN	2.2404	2.4529	13.5607	240472.5597	240472.8620	0.0000	0.0000	0.7521	0.8969
14lh02	1	29	0	1	2.0000	1.0000	1.0000	0.7841	NaN	NaN	NaN	240474.1874	240474.5406	1.0000	1.0000	0.7222	0.8666
14lh02	1	30	0	1	1.0000	1.0000	-1.0000	NaN	9.5911	-7.9666	14.6524	240477.6247	240477.9269	0.0000	1.0000	0.6314	0.7919
14lh02	1	30	0	1	2.0000	1.0000	-1.0000	0.5874	NaN	NaN	NaN	240479.1475	240479.5019	0.0000	1.0000	1.1045	1.2486
14lh02	1	31	0	1	1.0000	1.0000	1.0000	NaN	1.4502	0.9944	16.1826	240483.0053	240483.3099	0.0000	0.0000	0.6409	0.8008
14lh02	1	31	0	1	2.0000	1.0000	1.0000	0.0555	NaN	NaN	NaN	240484.5423	240484.9584	1.0000	1.0000	0.7991	0.9920
14lh02	1	32	0	1	1.0000	1.0000	-1.0000	NaN	11.9873	-12.6469	15.0203	240487.9827	240488.2875	0.0000	1.0000	0.5917	0.7354
14lh02	1	32	0	1	2.0000	1.0000	1.0000	0.0345	NaN	NaN	NaN	240489.4578	240489.8882	1.0000	1.0000	1.0532	1.1989
14lh02	1	33	0	1	1.0000	1.0000	-1.0000	NaN	11.2631	-12.0553	16.0733	240493.2727	240493.5775	0.0000	1.0000	0.5171	0.6454
14lh02	1	33	0	1	2.0000	1.0000	-1.0000	0.3861	NaN	NaN	NaN	240494.6575	240495.0882	0.0000	1.0000	0.9428	1.1187
14lh02	1	34	0	1	1.0000	1.0000	1.0000	NaN	9.3077	8.7468	15.4581	240498.3427	240498.6500	1.0000	1.0000	0.4047	0.5641
14lh02	1	34	0	1	2.0000	1.0000	-1.0000	0.8040	NaN	NaN	NaN	240499.6462	240500.0710	0.0000	1.0000	0.6784	0.8401
14lh02	1	35	0	1	1.0000	1.0000	1.0000	NaN	0.4076	0.4080	14.5435	240502.9019	240503.2067	1.0000	1.0000	0.7908	0.9355
14lh02	1	35	0	1	2.0000	1.0000	-1.0000	0.4785	NaN	NaN	NaN	240504.5743	240504.9907	1.0000	0.0000	0.6228	0.8003
14lh02	1	36	0	1	1.0000	1.0000	1.0000	NaN	8.8100	7.7103	14.5339	240508.0743	240508.3792	1.0000	1.0000	0.4676	0.5958
14lh02	1	36	0	1	2.0000	1.0000	-1.0000	0.5786	NaN	NaN	NaN	240509.4066	240509.7952	1.0000	0.0000	0.8589	1.0194
14lh02	1	37	0	1	1.0000	1.0000	-1.0000	NaN	3.6216	-3.0026	13.9804	240513.0323	240513.3345	1.0000	0.0000	0.8401	0.9687
14lh02	1	37	0	1	2.0000	1.0000	-1.0000	0.1625	NaN	NaN	NaN	240514.7322	240515.0835	0.0000	1.0000	0.9464	1.0918
14lh02	1	38	0	1	1.0000	1.0000	1.0000	NaN	2.2690	3.0299	15.7795	240518.4472	240518.7494	1.0000	1.0000	0.5136	0.6897
14lh02	1	38	0	1	2.0000	1.0000	1.0000	0.9137	NaN	NaN	NaN	240519.8683	240520.2185	1.0000	1.0000	0.8029	0.9477
14lh02	1	39	0	1	1.0000	1.0000	1.0000	NaN	1.2457	1.0392	16.5116	240523.3200	240523.6222	1.0000	1.0000	1.1593	1.3048
14lh02	1	39	0	1	2.0000	1.0000	1.0000	0.1474	NaN	NaN	NaN	240525.3556	240525.7111	1.0000	1.0000	0.7832	0.9914
14lh02	1	40	0	1	1.0000	1.0000	1.0000	NaN	10.7144	11.0730	13.6238	240528.9338	240529.2383	1.0000	1.0000	0.4716	0.6166
14lh02	1	40	0	1	2.0000	1.0000	-1.0000	0.3728	NaN	NaN	NaN	240530.2888	240530.7062	0.0000	1.0000	0.8918	1.0842
14lh02	1	41	0	1	1.0000	1.0000	1.0000	NaN	10.7863	10.8400	14.7741	240533.6521	240533.9570	1.0000	1.0000	0.4737	0.6500
14lh02	1	41	0	1	2.0000	1.0000	-1.0000	0.5968	NaN	NaN	NaN	240535.0390	240535.4564	0.0000	1.0000	0.9091	1.0388
14lh02	1	42	0	1	1.0000	1.0000	-1.0000	NaN	10.3188	-8.4918	15.4767	240538.8338	240539.1385	0.0000	1.0000	0.4269	0.5402
14lh02	1	42	0	1	2.0000	1.0000	1.0000	0.6336	NaN	NaN	NaN	240540.1109	240540.5223	1.0000	1.0000	0.6751	0.8838
14lh02	1	43	0	1	1.0000	1.0000	1.0000	NaN	5.7814	7.1380	15.3519	240543.4904	240543.7969	1.0000	1.0000	0.4566	0.6343
14lh02	1	43	0	1	2.0000	1.0000	1.0000	0.5547	NaN	NaN	NaN	240544.8630	240545.2640	1.0000	1.0000	0.8135	1.0067
14lh02	1	44	0	1	1.0000	1.0000	1.0000	NaN	6.9984	6.0922	14.5702	240548.5472	240548.8495	1.0000	1.0000	0.5880	0.7656
14lh02	1	44	0	1	2.0000	1.0000	1.0000	0.3183	NaN	NaN	NaN	240550.0438	240550.3971	1.0000	1.0000	0.9444	1.1853
14lh02	1	45	0	1	1.0000	1.0000	-1.0000	NaN	4.3645	-6.1333	15.4242	240553.5330	240553.8353	0.0000	1.0000	0.4662	0.5799
14lh02	1	45	0	1	2.0000	1.0000	1.0000	0.2316	NaN	NaN	NaN	240554.8437	240555.1970	0.0000	0.0000	0.9450	1.1218
14lh02	1	46	0	1	1.0000	1.0000	-1.0000	NaN	3.4982	-5.6184	16.3667	240558.3381	240558.6403	0.0000	1.0000	0.5582	0.6702
14lh02	1	46	0	1	2.0000	1.0000	1.0000	0.4869	NaN	NaN	NaN	240559.7393	240560.0925	1.0000	1.0000	1.0410	1.2977
14lh02	1	47	0	1	1.0000	1.0000	1.0000	NaN	10.9264	10.2941	14.9437	240563.6404	240563.9428	1.0000	1.0000	0.4724	0.6478
14lh02	1	47	0	1	2.0000	1.0000	-1.0000	0.5042	NaN	NaN	NaN	240565.0192	240565.3758	0.0000	1.0000	1.0856	1.1823
14lh02	1	48	0	1	1.0000	1.0000	1.0000	NaN	4.0444	5.5026	15.0829	240568.5339	240568.8361	1.0000	1.0000	0.5060	0.6827
14lh02	1	48	0	1	2.0000	1.0000	1.0000	0.4279	NaN	NaN	NaN	240569.9488	240570.2992	1.0000	1.0000	1.3463	1.5551
14lh02	1	49	0	1	1.0000	1.0000	-1.0000	NaN	6.3841	-5.6279	15.6211	240574.0301	240574.3323	0.0000	1.0000	0.5132	0.6266
14lh02	1	49	0	1	2.0000	1.0000	-1.0000	0.1814	NaN	NaN	NaN	240575.3875	240575.7417	0.0000	1.0000	1.0238	1.2175
14lh02	1	50	0	1	1.0000	1.0000	-1.0000	NaN	1.5276	-3.0259	15.4279	240579.1158	240579.4203	0.0000	1.0000	0.4812	0.6269
14lh02	1	50	0	1	2.0000	1.0000	1.0000	0.2646	NaN	NaN	NaN	240580.4797	240580.8986	1.0000	1.0000	1.1002	1.2926
14lh02	2	1	0	1	1.0000	1.0000	1.0000	NaN	6.4635	6.3108	15.5439	240587.8085	240588.1144	1.0000	1.0000	0.2355	0.3805
14lh02	2	1	0	1	2.0000	1.0000	-1.0000	0.5977	NaN	NaN	NaN	240588.9269	240589.3503	0.0000	1.0000	0.8244	0.9851
14lh02	2	2	0	1	1.0000	1.0000	-1.0000	NaN	11.1677	-12.5081	15.9843	240592.6696	240592.9745	0.0000	1.0000	0.4630	0.5762
14lh02	2	2	0	1	2.0000	1.0000	1.0000	0.9258	NaN	NaN	NaN	240593.9856	240594.4035	1.0000	1.0000	0.6026	0.7640
14lh02	2	3	0	1	1.0000	1.0000	1.0000	NaN	7.6452	7.8975	13.6487	240596.9046	240597.2117	1.0000	1.0000	0.6105	0.7392
14lh02	2	3	0	1	2.0000	1.0000	1.0000	0.4750	NaN	NaN	NaN	240598.3858	240598.8149	1.0000	1.0000	0.6226	0.8323
14lh02	2	4	0	1	1.0000	1.0000	1.0000	NaN	0.8563	0.4457	13.7967	240601.5828	240601.8874	0.0000	0.0000	0.7341	0.8314
14lh02	2	4	0	1	2.0000	1.0000	1.0000	0.0082	NaN	NaN	NaN	240603.1519	240603.5692	1.0000	1.0000	0.6688	0.8451
14lh02	2	5	0	1	1.0000	1.0000	-1.0000	NaN	8.0520	-8.5097	14.8343	240606.2930	240606.5975	0.0000	1.0000	0.4881	0.6020
14lh02	2	5	0	1	2.0000	1.0000	-1.0000	0.8631	NaN	NaN	NaN	240607.6338	240608.0523	0.0000	1.0000	0.6658	0.7619
14lh02	2	6	0	1	1.0000	1.0000	-1.0000	NaN	7.9810	-7.9289	14.4023	240611.2259	240611.5303	0.0000	1.0000	0.3713	0.5011
14lh02	2	6	0	1	2.0000	1.0000	-1.0000	0.0555	NaN	NaN	NaN	240612.4657	240612.8855	1.0000	0.0000	0.8566	1.0165
14lh02	2	7	0	1	1.0000	1.0000	1.0000	NaN	10.5992	10.8759	15.4622	240616.2800	240616.5846	1.0000	1.0000	0.2140	0.3584
14lh02	2	7	0	1	2.0000	1.0000	-1.0000	0.1459	NaN	NaN	NaN	240617.3747	240617.7618	0.0000	1.0000	0.6837	0.7975
14lh02	2	8	0	1	1.0000	1.0000	-1.0000	NaN	1.8515	-2.2471	15.6304	240620.4850	240620.7872	0.0000	1.0000	0.6509	0.7156
14lh02	2	8	0	1	2.0000	1.0000	-1.0000	0.1715	NaN	NaN	NaN	240621.9314	240622.2828	1.0000	0.0000	0.8027	0.9313
14lh02	2	9	0	1	1.0000	1.0000	-1.0000	NaN	8.4791	-7.9050	14.7455	240624.9584	240625.2628	0.0000	1.0000	0.3513	0.4323
14lh02	2	9	0	1	2.0000	1.0000	1.0000	0.3974	NaN	NaN	NaN	240626.1280	240626.5466	1.0000	1.0000	0.6363	0.7966
14lh02	2	10	0	1	1.0000	1.0000	-1.0000	NaN	0.0209	-1.0620	14.0098	240629.5868	240629.8940	1.0000	0.0000	0.7772	0.9211
14lh02	2	10	0	1	2.0000	1.0000	1.0000	0.2681	NaN	NaN	NaN	240631.2496	240631.6684	1.0000	1.0000	0.8264	0.9550
14lh02	2	11	0	1	1.0000	1.0000	1.0000	NaN	3.8477	4.5912	14.7947	240634.7962	240635.0985	1.0000	1.0000	0.6910	0.8035
14lh02	2	11	0	1	2.0000	1.0000	-1.0000	0.0030	NaN	NaN	NaN	240636.3307	240636.6823	1.0000	0.0000	0.9004	1.0611
14lh02	2	12	0	1	1.0000	1.0000	-1.0000	NaN	0.6221	-1.0507	15.4096	240640.1647	240640.4669	1.0000	0.0000	0.7638	0.8443
14lh02	2	12	0	1	2.0000	1.0000	1.0000	0.4471	NaN	NaN	NaN	240641.7399	240642.0940	0.0000	0.0000	1.3281	1.4081
14lh02	2	13	0	1	1.0000	1.0000	-1.0000	NaN	0.7182	-0.2288	15.4015	240645.8506	240646.1527	0.0000	1.0000	1.0457	1.1744
14lh02	2	13	0	1	2.0000	1.0000	-1.0000	0.2330	NaN	NaN	NaN	240647.7557	240648.1090	1.0000	0.0000	0.9292	1.0580
14lh02	2	14	0	1	1.0000	1.0000	-1.0000	NaN	10.7634	-11.3897	14.9930	240651.1364	240651.4392	0.0000	1.0000	0.5913	0.7035
14lh02	2	14	0	1	2.0000	1.0000	1.0000	0.0533	NaN	NaN	NaN	240652.5714	240652.9255	0.0000	0.0000	1.2007	1.3608
14lh02	2	15	0	1	1.0000	1.0000	-1.0000	NaN	1.6389	-2.4986	14.3804	240656.3315	240656.6337	0.0000	1.0000	0.5650	0.6935
14lh02	2	15	0	1	2.0000	1.0000	-1.0000	0.1925	NaN	NaN	NaN	240657.7559	240658.1099	1.0000	0.0000	0.8643	0.9928
14lh02	2	16	0	1	1.0000	1.0000	1.0000	NaN	6.8776	6.4894	14.8960	240661.6750	240661.9772	1.0000	1.0000	0.4541	0.5817
14lh02	2	16	0	1	2.0000	1.0000	1.0000	0.0535	NaN	NaN	NaN	240662.9876	240663.3415	1.0000	1.0000	1.2321	1.3611
14lh02	2	17	0	1	1.0000	1.0000	-1.0000	NaN	3.5535	-1.2186	14.2449	240666.7289	240667.0311	0.0000	1.0000	1.1265	1.2240
14lh02	2	17	0	1	2.0000	1.0000	-1.0000	0.2845	NaN	NaN	NaN	240668.6836	240669.0372	0.0000	1.0000	1.3293	1.4894
14lh02	2	18	0	1	1.0000	1.0000	-1.0000	NaN	10.0547	-9.6619	14.9232	240672.4588	240672.7625	0.0000	1.0000	0.4830	0.5646
14lh02	2	18	0	1	2.0000	1.0000	-1.0000	0.6906	NaN	NaN	NaN	240673.7601	240674.1653	0.0000	1.0000	0.8093	0.9058
14lh02	2	19	0	1	1.0000	1.0000	1.0000	NaN	7.8575	9.3300	15.3161	240677.0291	240677.3340	1.0000	1.0000	0.4555	0.5851
14lh02	2	19	0	1	2.0000	1.0000	1.0000	0.3924	NaN	NaN	NaN	240678.3514	240678.7659	1.0000	1.0000	0.7996	0.9455
14lh02	2	20	0	1	1.0000	1.0000	1.0000	NaN	0.6255	1.1516	15.2084	240681.6621	240681.9642	1.0000	1.0000	0.2253	0.3708
14lh02	2	20	0	1	2.0000	1.0000	1.0000	0.0544	NaN	NaN	NaN	240682.7638	240683.1200	1.0000	1.0000	0.9427	1.0390
14lh02	2	21	0	1	1.0000	1.0000	-1.0000	NaN	4.7477	-5.2511	14.5415	240686.4849	240686.7877	0.0000	1.0000	0.8738	1.0184
14lh02	2	21	0	1	2.0000	1.0000	1.0000	0.0026	NaN	NaN	NaN	240688.2348	240688.5905	1.0000	1.0000	0.9443	1.0566
14lh02	2	22	0	1	1.0000	1.0000	-1.0000	NaN	4.7840	-5.6230	14.4850	240691.4978	240691.8000	1.0000	0.0000	1.0135	1.1260
14lh02	2	22	0	1	2.0000	1.0000	1.0000	0.0732	NaN	NaN	NaN	240693.3547	240693.7081	1.0000	1.0000	0.8975	1.0271
14lh02	2	23	0	1	1.0000	1.0000	1.0000	NaN	5.4227	6.9354	15.2043	240696.7781	240697.0802	1.0000	1.0000	0.4219	0.5194
14lh02	2	23	0	1	2.0000	1.0000	1.0000	0.3791	NaN	NaN	NaN	240698.0281	240698.3794	1.0000	1.0000	0.9954	1.1719
14lh02	2	24	0	1	1.0000	1.0000	1.0000	NaN	5.2821	4.3361	14.8010	240701.5773	240701.8794	1.0000	1.0000	0.7591	0.8872
14lh02	2	24	0	1	2.0000	1.0000	1.0000	0.3531	NaN	NaN	NaN	240703.1952	240703.5524	1.0000	1.0000	1.0386	1.1345
14lh02	2	25	0	1	1.0000	1.0000	-1.0000	NaN	3.1225	-4.1822	13.1405	240706.8626	240707.1648	0.0000	1.0000	0.8651	0.9454
14lh02	2	25	0	1	2.0000	1.0000	1.0000	0.8875	NaN	NaN	NaN	240708.5401	240708.8907	1.0000	1.0000	1.1389	1.2360
14lh02	2	26	0	1	1.0000	1.0000	1.0000	NaN	2.7951	1.4793	14.6439	240712.0768	240712.3789	1.0000	1.0000	0.6272	0.7561
14lh02	2	26	0	1	2.0000	1.0000	-1.0000	0.7424	NaN	NaN	NaN	240713.5636	240713.9182	0.0000	1.0000	0.8153	0.9132
14lh02	2	27	0	1	1.0000	1.0000	1.0000	NaN	0.8164	0.7806	14.0308	240717.0106	240717.3154	1.0000	1.0000	1.0198	1.1316
14lh02	2	27	0	1	2.0000	1.0000	1.0000	0.5761	NaN	NaN	NaN	240718.8799	240719.2969	1.0000	1.0000	0.8607	1.0224
14lh02	2	28	0	1	1.0000	1.0000	-1.0000	NaN	1.0531	-0.6276	14.2660	240722.6581	240722.9629	1.0000	0.0000	0.6364	0.7318
14lh02	2	28	0	1	2.0000	1.0000	-1.0000	0.2951	NaN	NaN	NaN	240724.1296	240724.5597	1.0000	0.0000	0.8625	1.0553
14lh02	2	29	0	1	1.0000	1.0000	1.0000	NaN	4.6713	4.9675	14.4458	240727.6728	240727.9771	1.0000	1.0000	0.6129	0.7261
14lh02	2	29	0	1	2.0000	1.0000	-1.0000	0.9240	NaN	NaN	NaN	240729.1350	240729.5464	0.0000	1.0000	0.8992	1.0282
14lh02	2	30	0	1	1.0000	1.0000	1.0000	NaN	11.9339	12.1439	14.5813	240732.9862	240733.2906	1.0000	1.0000	0.3710	0.4525
14lh02	2	30	0	1	2.0000	1.0000	-1.0000	0.6308	NaN	NaN	NaN	240734.1776	240734.5842	0.0000	1.0000	0.7264	0.8223
14lh02	2	31	0	1	1.0000	1.0000	1.0000	NaN	0.8548	1.5239	14.9137	240737.6575	240737.9598	1.0000	1.0000	0.7590	0.8550
14lh02	2	31	0	1	2.0000	1.0000	-1.0000	0.5021	NaN	NaN	NaN	240739.2435	240739.6004	0.0000	1.0000	0.7823	0.9104
14lh02	2	32	0	1	1.0000	1.0000	-1.0000	NaN	5.6307	-6.0586	14.1197	240742.7375	240743.0395	0.0000	1.0000	0.4300	0.5439
14lh02	2	32	0	1	2.0000	1.0000	1.0000	0.6531	NaN	NaN	NaN	240744.0121	240744.3669	1.0000	1.0000	0.7033	0.8320
14lh02	2	33	0	1	1.0000	1.0000	-1.0000	NaN	2.0230	-0.9660	14.3198	240747.0497	240747.3530	0.0000	1.0000	0.6453	0.6946
14lh02	2	33	0	1	2.0000	1.0000	-1.0000	0.8976	NaN	NaN	NaN	240748.4761	240748.8263	0.0000	1.0000	1.0443	1.1405
14lh02	2	34	0	1	1.0000	1.0000	-1.0000	NaN	2.3688	-3.3880	14.5063	240751.8926	240752.1947	0.0000	1.0000	0.8275	0.9081
14lh02	2	34	0	1	2.0000	1.0000	-1.0000	0.2113	NaN	NaN	NaN	240753.5315	240753.8873	0.0000	1.0000	1.0229	1.1357
14lh02	2	35	0	1	1.0000	1.0000	-1.0000	NaN	8.4880	-8.5568	15.4652	240757.1995	240757.5026	0.0000	1.0000	0.3996	0.5445
14lh02	2	35	0	1	2.0000	1.0000	-1.0000	0.7542	NaN	NaN	NaN	240758.4758	240758.8331	0.0000	1.0000	1.0046	1.1020
14lh02	2	36	0	1	1.0000	1.0000	-1.0000	NaN	10.5459	-9.8869	15.6214	240762.0634	240762.3705	0.0000	1.0000	0.2845	0.4290
14lh02	2	36	0	1	2.0000	1.0000	1.0000	0.7184	NaN	NaN	NaN	240763.2311	240763.6447	1.0000	1.0000	1.1049	1.2180
14lh02	2	37	0	1	1.0000	1.0000	-1.0000	NaN	4.2953	-4.9974	13.6552	240767.1245	240767.4294	0.0000	1.0000	0.5538	0.6500
14lh02	2	37	0	1	2.0000	1.0000	-1.0000	0.2113	NaN	NaN	NaN	240768.5113	240768.9283	1.0000	0.0000	0.7666	0.9271
14lh02	2	38	0	1	1.0000	1.0000	-1.0000	NaN	5.9673	-6.8317	15.4857	240771.7240	240772.0262	0.0000	1.0000	0.7251	0.8365
14lh02	2	38	0	1	2.0000	1.0000	1.0000	0.7522	NaN	NaN	NaN	240773.2912	240773.6423	1.0000	1.0000	1.0930	1.2369
14lh02	2	39	0	1	1.0000	1.0000	-1.0000	NaN	5.9666	-7.7192	15.0538	240776.9058	240777.2080	0.0000	1.0000	0.4860	0.6147
14lh02	2	39	0	1	2.0000	1.0000	1.0000	0.9178	NaN	NaN	NaN	240778.2514	240778.6040	1.0000	1.0000	1.0749	1.2343
14lh02	2	40	0	1	1.0000	1.0000	1.0000	NaN	6.6237	6.1998	16.2469	240781.8141	240782.1177	1.0000	1.0000	0.4079	0.5218
14lh02	2	40	0	1	2.0000	1.0000	-1.0000	0.0509	NaN	NaN	NaN	240783.0682	240783.4203	1.0000	0.0000	0.8823	1.0109
14lh02	2	41	0	1	1.0000	1.0000	-1.0000	NaN	5.4431	-6.0605	14.3271	240786.5233	240786.8256	0.0000	1.0000	0.9973	1.1251
14lh02	2	41	0	1	2.0000	1.0000	1.0000	0.6279	NaN	NaN	NaN	240788.3792	240788.7355	1.0000	1.0000	1.1341	1.2957
14lh02	2	42	0	1	1.0000	1.0000	1.0000	NaN	2.9496	2.8585	15.3588	240791.8326	240792.1348	0.0000	0.0000	0.7428	0.8883
14lh02	2	42	0	1	2.0000	1.0000	-1.0000	0.6987	NaN	NaN	NaN	240793.4522	240793.8032	0.0000	1.0000	0.9310	1.0274
14lh02	2	43	0	1	1.0000	1.0000	-1.0000	NaN	11.7625	-11.7975	13.8361	240796.8506	240797.1528	0.0000	1.0000	0.2863	0.3818
14lh02	2	43	0	1	2.0000	1.0000	-1.0000	0.0026	NaN	NaN	NaN	240797.9634	240798.3184	0.0000	1.0000	1.1353	1.2810
14lh02	2	44	0	1	1.0000	1.0000	1.0000	NaN	3.1882	5.5688	14.9498	240801.3251	240801.6274	1.0000	1.0000	0.8353	0.9478
14lh02	2	44	0	1	2.0000	1.0000	1.0000	0.8466	NaN	NaN	NaN	240803.0046	240803.3574	1.0000	1.0000	0.8972	1.0576
14lh02	2	45	0	1	1.0000	1.0000	-1.0000	NaN	11.2458	-12.0629	15.7445	240806.3407	240806.6429	0.0000	1.0000	0.4604	0.5726
14lh02	2	45	0	1	2.0000	1.0000	-1.0000	0.1295	NaN	NaN	NaN	240807.6441	240808.0013	1.0000	0.0000	1.1176	1.2615
14lh02	2	46	0	1	1.0000	1.0000	1.0000	NaN	6.3194	5.0854	13.9998	240811.5392	240811.8442	1.0000	1.0000	0.3631	0.4911
14lh02	2	46	0	1	2.0000	1.0000	-1.0000	0.5980	NaN	NaN	NaN	240812.7679	240813.1542	1.0000	0.0000	0.7155	0.8280
14lh02	2	47	0	1	1.0000	1.0000	1.0000	NaN	7.5641	9.6061	15.3140	240815.8014	240816.1037	1.0000	1.0000	0.4866	0.5993
14lh02	2	47	0	1	2.0000	1.0000	-1.0000	0.5086	NaN	NaN	NaN	240817.1316	240817.4854	0.0000	1.0000	0.9454	1.0578
14lh02	2	48	0	1	1.0000	1.0000	-1.0000	NaN	6.9556	-10.7232	15.2657	240820.8688	240821.1710	0.0000	1.0000	0.5713	0.7313
14lh02	2	48	0	1	2.0000	1.0000	1.0000	0.7951	NaN	NaN	NaN	240822.3310	240822.6852	1.0000	1.0000	1.0575	1.2025
14lh02	2	49	0	1	1.0000	1.0000	1.0000	NaN	4.7634	2.3545	14.8766	240825.7636	240826.0659	1.0000	1.0000	0.6842	0.7814
14lh02	2	49	0	1	2.0000	1.0000	-1.0000	0.8661	NaN	NaN	NaN	240827.2760	240827.6294	0.0000	1.0000	0.8652	1.0259
14lh02	2	50	0	1	1.0000	1.0000	1.0000	NaN	1.8683	2.6084	15.7021	240830.8561	240831.1582	0.0000	0.0000	1.1291	1.2732
14lh02	2	50	0	1	2.0000	1.0000	-1.0000	0.8960	NaN	NaN	NaN	240832.8601	240833.2167	0.0000	1.0000	1.1169	1.2623
14lh02	3	1	0	1	1.0000	1.0000	1.0000	NaN	9.1688	8.6396	15.8070	240844.3766	240844.6790	1.0000	1.0000	0.4722	0.6483
14lh02	3	1	0	1	2.0000	1.0000	1.0000	0.7212	NaN	NaN	NaN	240845.7559	240846.1121	1.0000	1.0000	1.0550	1.1829
14lh02	3	2	0	1	1.0000	1.0000	1.0000	NaN	3.2821	2.6856	16.7037	240849.4207	240849.7229	1.0000	1.0000	0.8193	1.0281
14lh02	3	2	0	1	2.0000	1.0000	1.0000	0.4082	NaN	NaN	NaN	240851.1796	240851.5337	1.0000	1.0000	1.0083	1.1379
14lh02	3	3	0	1	1.0000	1.0000	-1.0000	NaN	8.5072	-7.4975	14.9291	240855.1986	240855.5008	0.0000	1.0000	0.6742	0.8026
14lh02	3	3	0	1	2.0000	1.0000	-1.0000	0.6494	NaN	NaN	NaN	240856.7326	240857.1397	0.0000	1.0000	0.8585	1.0200
14lh02	3	4	0	1	1.0000	1.0000	-1.0000	NaN	1.6659	-2.2214	16.2353	240860.0463	240860.3513	0.0000	1.0000	0.8157	0.9440
14lh02	3	4	0	1	2.0000	1.0000	-1.0000	0.1945	NaN	NaN	NaN	240861.7273	240862.1399	0.0000	1.0000	0.8832	1.0595
14lh02	3	5	0	1	1.0000	1.0000	-1.0000	NaN	8.8631	-5.5586	15.7027	240865.0080	240865.3144	0.0000	1.0000	0.6518	0.7805
14lh02	3	5	0	1	2.0000	1.0000	1.0000	0.6391	NaN	NaN	NaN	240866.5265	240866.9397	1.0000	1.0000	0.7546	0.9147
14lh02	3	6	0	1	1.0000	1.0000	-1.0000	NaN	8.6691	-10.2185	16.1719	240870.0806	240870.3826	0.0000	1.0000	0.4631	0.5597
14lh02	3	6	0	1	2.0000	1.0000	1.0000	0.5712	NaN	NaN	NaN	240871.3709	240871.7275	1.0000	1.0000	0.7189	0.8480
14lh02	3	7	0	1	1.0000	1.0000	-1.0000	NaN	10.8672	-9.8685	15.1906	240874.5760	240874.8794	0.0000	1.0000	0.4143	0.5761
14lh02	3	7	0	1	2.0000	1.0000	1.0000	0.8166	NaN	NaN	NaN	240875.8843	240876.2343	1.0000	1.0000	0.8360	1.0611
14lh02	3	8	0	1	1.0000	1.0000	-1.0000	NaN	11.3348	-11.9199	15.5059	240879.5975	240879.8996	0.0000	1.0000	0.2434	0.3878
14lh02	3	8	0	1	2.0000	1.0000	-1.0000	0.7089	NaN	NaN	NaN	240880.7173	240881.0674	1.0000	0.0000	0.9943	1.1236
14lh02	3	9	0	1	1.0000	1.0000	1.0000	NaN	7.1835	8.1578	14.4014	240884.2876	240884.5898	1.0000	1.0000	0.6878	0.8656
14lh02	3	9	0	1	2.0000	1.0000	1.0000	0.4677	NaN	NaN	NaN	240885.8841	240886.2363	1.0000	1.0000	1.1534	1.4267
14lh02	3	10	0	1	1.0000	1.0000	1.0000	NaN	3.8632	2.7185	15.3306	240889.8387	240890.1408	1.0000	1.0000	0.8808	1.0258
14lh02	3	10	0	1	2.0000	1.0000	1.0000	0.0952	NaN	NaN	NaN	240891.5953	240891.9484	0.0000	0.0000	1.3140	1.4587
14lh02	3	11	0	1	1.0000	1.0000	1.0000	NaN	2.5429	3.4030	15.0485	240895.6248	240895.9277	1.0000	1.0000	0.5992	0.7114
14lh02	3	11	0	1	2.0000	1.0000	1.0000	0.0852	NaN	NaN	NaN	240897.0678	240897.4199	0.0000	0.0000	0.9144	1.1239
14lh02	3	12	0	1	1.0000	1.0000	1.0000	NaN	2.2179	4.2325	14.5121	240901.0420	240901.3455	1.0000	1.0000	0.6847	0.7819
14lh02	3	12	0	1	2.0000	1.0000	-1.0000	0.6051	NaN	NaN	NaN	240902.5559	240902.9546	1.0000	0.0000	0.9966	1.2362
14lh02	3	13	0	1	1.0000	1.0000	1.0000	NaN	6.5181	5.4626	13.3789	240906.2473	240906.5521	1.0000	1.0000	0.5346	0.6623
14lh02	3	13	0	1	2.0000	1.0000	1.0000	0.2117	NaN	NaN	NaN	240907.6478	240908.0592	1.0000	1.0000	0.7079	0.8844
14lh02	3	14	0	1	1.0000	1.0000	1.0000	NaN	6.3989	5.9582	12.4884	240910.8691	240911.1714	1.0000	1.0000	0.4756	0.6202
14lh02	3	14	0	1	2.0000	1.0000	-1.0000	0.1684	NaN	NaN	NaN	240912.2202	240912.5753	1.0000	0.0000	0.8304	1.0553
14lh02	3	15	0	1	1.0000	1.0000	-1.0000	NaN	5.4706	-6.0815	15.9246	240915.5991	240915.9013	0.0000	1.0000	0.6084	0.7372
14lh02	3	15	0	1	2.0000	1.0000	1.0000	0.8428	NaN	NaN	NaN	240917.0673	240917.4186	1.0000	1.0000	0.8351	1.0280
14lh02	3	16	0	1	1.0000	1.0000	1.0000	NaN	8.8474	10.9463	14.5845	240920.4714	240920.7737	1.0000	1.0000	0.4888	0.6336
14lh02	3	16	0	1	2.0000	1.0000	1.0000	0.4316	NaN	NaN	NaN	240921.8359	240922.1917	1.0000	1.0000	0.7982	0.9754
14lh02	3	17	0	1	1.0000	1.0000	-1.0000	NaN	2.9734	-1.7652	14.2955	240925.1678	240925.4701	0.0000	1.0000	0.5121	0.6732
14lh02	3	17	0	1	2.0000	1.0000	1.0000	0.6221	NaN	NaN	NaN	240926.5719	240926.9288	1.0000	1.0000	0.7987	0.9908
14lh02	3	18	0	1	1.0000	1.0000	1.0000	NaN	10.5229	11.6940	15.2803	240930.1456	240930.4478	1.0000	1.0000	0.5266	0.6065
14lh02	3	18	0	1	2.0000	1.0000	-1.0000	0.0394	NaN	NaN	NaN	240931.4830	240931.8348	1.0000	0.0000	1.1394	1.3168
14lh02	3	19	0	1	1.0000	1.0000	1.0000	NaN	5.3639	5.7181	15.6966	240935.2944	240935.5966	1.0000	1.0000	0.4984	0.6098
14lh02	3	19	0	1	2.0000	1.0000	1.0000	0.3912	NaN	NaN	NaN	240936.6351	240936.9910	1.0000	1.0000	1.1987	1.3917
14lh02	3	20	0	1	1.0000	1.0000	1.0000	NaN	11.2403	11.9539	15.4505	240940.4093	240940.7116	1.0000	1.0000	0.3906	0.4877
14lh02	3	20	0	1	2.0000	1.0000	1.0000	0.6383	NaN	NaN	NaN	240941.6285	240941.9793	1.0000	1.0000	0.8357	1.1396
14lh02	3	21	0	1	1.0000	1.0000	-1.0000	NaN	5.4441	-4.5023	14.7356	240945.5191	240945.8212	0.0000	1.0000	0.5134	0.6102
14lh02	3	21	0	1	2.0000	1.0000	1.0000	0.2260	NaN	NaN	NaN	240946.8600	240947.2124	1.0000	1.0000	0.8654	1.0267
14lh02	3	22	0	1	1.0000	1.0000	-1.0000	NaN	3.2833	-6.5950	14.7832	240950.6181	240950.9223	0.0000	1.0000	0.8674	1.0285
14lh02	3	22	0	1	2.0000	1.0000	1.0000	0.3720	NaN	NaN	NaN	240952.3845	240952.8022	1.0000	1.0000	0.8595	1.0211
14lh02	3	23	0	1	1.0000	1.0000	-1.0000	NaN	10.6912	-10.4588	14.3569	240956.1093	240956.4136	0.0000	1.0000	0.5133	0.6253
14lh02	3	23	0	1	2.0000	1.0000	1.0000	0.1744	NaN	NaN	NaN	240957.4707	240957.8852	1.0000	1.0000	0.7374	0.8656
14lh02	3	24	0	1	1.0000	1.0000	-1.0000	NaN	9.9876	-10.8591	14.2326	240960.8139	240961.1183	0.0000	1.0000	0.4162	0.5609
14lh02	3	24	0	1	2.0000	1.0000	1.0000	0.4151	NaN	NaN	NaN	240962.1127	240962.4896	1.0000	1.0000	0.9330	1.0615
14lh02	3	25	0	1	1.0000	1.0000	-1.0000	NaN	11.8262	-11.0930	13.6654	240965.5018	240965.8041	0.0000	1.0000	0.5310	0.6748
14lh02	3	25	0	1	2.0000	1.0000	1.0000	0.1786	NaN	NaN	NaN	240966.9074	240967.2615	1.0000	1.0000	0.8174	0.9449
14lh02	3	26	0	1	1.0000	1.0000	-1.0000	NaN	6.3099	-5.7955	15.6951	240970.2578	240970.5601	1.0000	0.0000	1.1344	1.2475
14lh02	3	26	0	1	2.0000	1.0000	1.0000	0.9027	NaN	NaN	NaN	240972.2362	240972.5932	1.0000	1.0000	0.7023	0.8143
14lh02	3	27	0	1	1.0000	1.0000	1.0000	NaN	7.3693	8.3277	15.0620	240975.3780	240975.6803	1.0000	1.0000	0.5110	0.5748
14lh02	3	27	0	1	2.0000	1.0000	1.0000	0.7412	NaN	NaN	NaN	240976.6836	240977.0391	1.0000	1.0000	0.6872	0.8002
14lh02	3	28	0	1	1.0000	1.0000	1.0000	NaN	1.5384	2.9003	14.6695	240979.9148	240980.2170	1.0000	1.0000	0.7736	0.9345
14lh02	3	28	0	1	2.0000	1.0000	1.0000	0.4523	NaN	NaN	NaN	240981.5802	240981.9323	1.0000	1.0000	0.8975	0.9954
14lh02	3	29	0	1	1.0000	1.0000	-1.0000	NaN	5.9406	-6.0413	12.9652	240984.9535	240985.2562	0.0000	1.0000	0.6295	0.7587
14lh02	3	29	0	1	2.0000	1.0000	1.0000	0.4128	NaN	NaN	NaN	240986.4449	240986.7956	1.0000	1.0000	0.7542	0.8988
14lh02	3	30	0	1	1.0000	1.0000	1.0000	NaN	6.1834	7.3215	15.7639	240989.8458	240990.1481	1.0000	1.0000	0.5217	0.6196
14lh02	3	30	0	1	2.0000	1.0000	-1.0000	0.7087	NaN	NaN	NaN	240991.1963	240991.5481	0.0000	1.0000	0.7216	0.8664
14lh02	3	31	0	1	1.0000	1.0000	-1.0000	NaN	6.0480	-7.7947	16.7188	240994.8652	240995.1674	0.0000	1.0000	0.4634	0.5762
14lh02	3	31	0	1	2.0000	1.0000	-1.0000	0.1271	NaN	NaN	NaN	240996.1722	240996.5256	1.0000	0.0000	0.5761	0.7059
14lh02	3	32	0	1	1.0000	1.0000	1.0000	NaN	10.7968	12.1037	16.1581	240999.1997	240999.5042	1.0000	1.0000	0.3188	0.4147
14lh02	3	32	0	1	2.0000	1.0000	1.0000	0.3382	NaN	NaN	NaN	241000.3505	241000.7665	1.0000	1.0000	0.8002	0.9771
14lh02	3	33	0	1	1.0000	1.0000	-1.0000	NaN	8.2450	-7.4690	14.2287	241003.9304	241004.2352	0.0000	1.0000	0.3712	0.5154
14lh02	3	33	0	1	2.0000	1.0000	1.0000	0.4021	NaN	NaN	NaN	241005.1826	241005.5996	1.0000	1.0000	0.7662	0.9113
14lh02	3	34	0	1	1.0000	1.0000	-1.0000	NaN	8.3585	-8.6235	14.6410	241008.6458	241008.9504	0.0000	1.0000	0.5673	0.6485
14lh02	3	34	0	1	2.0000	1.0000	-1.0000	0.7793	NaN	NaN	NaN	241010.0320	241010.4493	0.0000	1.0000	0.8450	1.0055
14lh02	3	35	0	1	1.0000	1.0000	-1.0000	NaN	7.1014	-7.9902	14.4288	241013.6903	241013.9946	0.0000	1.0000	0.4511	0.5966
14lh02	3	35	0	1	2.0000	1.0000	-1.0000	0.0869	NaN	NaN	NaN	241015.0229	241015.4441	1.0000	0.0000	0.8109	0.9717
14lh02	3	36	0	1	1.0000	1.0000	1.0000	NaN	9.9717	10.1824	14.1632	241018.5669	241018.8730	1.0000	1.0000	0.3567	0.4864
14lh02	3	36	0	1	2.0000	1.0000	1.0000	0.8486	NaN	NaN	NaN	241019.7926	241020.2104	1.0000	1.0000	1.0528	1.1960
14lh02	3	37	0	1	1.0000	1.0000	1.0000	NaN	7.0719	8.8766	15.7137	241023.4425	241023.7469	1.0000	1.0000	0.3949	0.5239
14lh02	3	37	0	1	2.0000	1.0000	-1.0000	0.1354	NaN	NaN	NaN	241024.7026	241025.1153	1.0000	0.0000	0.9145	1.0920
14lh02	3	38	0	1	1.0000	1.0000	-1.0000	NaN	6.7974	-7.4650	14.3905	241028.6594	241028.9638	0.0000	1.0000	0.7306	0.8107
14lh02	3	38	0	1	2.0000	1.0000	-1.0000	0.3235	NaN	NaN	NaN	241030.2062	241030.6129	1.0000	0.0000	1.2409	1.4182
14lh02	3	39	0	1	1.0000	1.0000	-1.0000	NaN	7.3142	-7.4972	15.3300	241033.7754	241034.0775	0.0000	1.0000	0.7055	0.8339
14lh02	3	39	0	1	2.0000	1.0000	-1.0000	0.0444	NaN	NaN	NaN	241035.3407	241035.6914	1.0000	0.0000	1.1709	1.2992
14lh02	3	40	0	1	1.0000	1.0000	-1.0000	NaN	7.1168	-7.2892	15.3120	241039.5607	241039.8629	0.0000	1.0000	0.5838	0.7441
14lh02	3	40	0	1	2.0000	1.0000	-1.0000	0.6156	NaN	NaN	NaN	241041.0357	241041.3898	0.0000	1.0000	1.1043	1.2488
14lh02	3	41	0	1	1.0000	1.0000	-1.0000	NaN	9.4637	-9.3772	14.5783	241044.6168	241044.9240	0.0000	1.0000	0.4977	0.6272
14lh02	3	41	0	1	2.0000	1.0000	1.0000	0.4357	NaN	NaN	NaN	241045.9828	241046.3975	1.0000	1.0000	0.8015	1.0102
14lh02	3	42	0	1	1.0000	1.0000	1.0000	NaN	0.1762	0.8953	16.4784	241049.5971	241049.9019	1.0000	1.0000	0.7362	0.8815
14lh02	3	42	0	1	2.0000	1.0000	-1.0000	0.3208	NaN	NaN	NaN	241051.2154	241051.6312	1.0000	0.0000	0.7998	0.9116
14lh02	3	43	0	1	1.0000	1.0000	-1.0000	NaN	1.3790	-1.6162	15.3135	241054.6390	241054.9413	0.0000	1.0000	0.7693	0.8977
14lh02	3	43	0	1	2.0000	1.0000	1.0000	0.3005	NaN	NaN	NaN	241056.2677	241056.6225	1.0000	1.0000	0.8798	1.0089
14lh02	3	44	0	1	1.0000	1.0000	-1.0000	NaN	3.6391	-3.4669	17.7693	241059.6833	241059.9862	0.0000	1.0000	0.7167	0.8294
14lh02	3	44	0	1	2.0000	1.0000	1.0000	0.8705	NaN	NaN	NaN	241061.2442	241061.6016	1.0000	1.0000	0.7813	0.9416
14lh02	3	45	0	1	1.0000	1.0000	1.0000	NaN	8.7272	7.2205	13.2663	241064.5681	241064.8710	1.0000	1.0000	0.5682	0.6806
14lh02	3	45	0	1	2.0000	1.0000	-1.0000	0.8271	NaN	NaN	NaN	241065.9802	241066.3343	0.0000	1.0000	0.8155	0.9123
14lh02	3	46	0	1	1.0000	1.0000	-1.0000	NaN	6.9431	-6.0222	15.5702	241069.5230	241069.8251	0.0000	1.0000	0.4776	0.6545
14lh02	3	46	0	1	2.0000	1.0000	1.0000	0.7460	NaN	NaN	NaN	241070.9082	241071.2580	1.0000	1.0000	0.7249	0.9012
14lh02	3	47	0	1	1.0000	1.0000	-1.0000	NaN	9.0250	-11.2440	15.3195	241074.4601	241074.7622	0.0000	1.0000	0.4047	0.5333
14lh02	3	47	0	1	2.0000	1.0000	1.0000	0.3338	NaN	NaN	NaN	241075.7246	241076.0745	1.0000	1.0000	0.6753	0.9167
14lh02	3	48	0	1	1.0000	1.0000	-1.0000	NaN	5.4666	-7.3767	14.8380	241079.1169	241079.4202	0.0000	1.0000	0.4023	0.5311
14lh02	3	48	0	1	2.0000	1.0000	-1.0000	0.8987	NaN	NaN	NaN	241080.3799	241080.7336	1.0000	0.0000	0.8965	1.0570
14lh02	3	49	0	1	1.0000	1.0000	-1.0000	NaN	5.9698	-5.4139	16.9485	241084.0387	241084.3409	0.0000	1.0000	0.6028	0.7139
14lh02	3	49	0	1	2.0000	1.0000	-1.0000	0.1028	NaN	NaN	NaN	241085.4835	241085.8377	1.0000	0.0000	1.0093	1.2014
14lh02	3	50	0	1	1.0000	1.0000	-1.0000	NaN	11.5666	-9.7374	14.1116	241089.0102	241089.3150	0.0000	1.0000	0.4433	0.5565
14lh02	3	50	0	1	2.0000	1.0000	-1.0000	0.4711	NaN	NaN	NaN	241090.3040	241090.7238	1.0000	0.0000	0.7785	0.9071
