13ls02	1	1	0	0	1.0000	0.0000	-1.0000	0.7959	NaN	NaN	NaN	7786.1250	7786.4776	0.0000	1.0000	0.3031	0.3833
13ls02	1	1	0	0	2.0000	0.0000	-1.0000	NaN	11.9829	-13.0690	15.1163	7787.2959	7787.5982	0.0000	1.0000	0.2852	0.3825
13ls02	1	2	0	0	1.0000	0.0000	1.0000	0.8625	NaN	NaN	NaN	7789.9527	7790.3341	1.0000	1.0000	0.2220	0.3187
13ls02	1	2	0	0	2.0000	0.0000	-1.0000	NaN	3.9143	-4.3294	15.0771	7791.0882	7791.3904	0.0000	1.0000	0.5735	0.6549
13ls02	1	3	0	0	1.0000	0.0000	-1.0000	0.4358	NaN	NaN	NaN	7793.9650	7794.3212	0.0000	1.0000	0.3793	0.4601
13ls02	1	3	0	0	2.0000	0.0000	-1.0000	NaN	0.4294	-1.4940	14.6319	7795.2159	7795.5193	1.0000	0.0000	0.3493	0.4460
13ls02	1	4	0	0	1.0000	0.0000	-1.0000	0.0544	NaN	NaN	NaN	7798.4558	7798.8073	1.0000	0.0000	0.8201	0.9016
13ls02	1	4	0	0	2.0000	0.0000	1.0000	NaN	8.1259	10.2101	15.0421	7800.1445	7800.4467	1.0000	1.0000	0.2847	0.3824
13ls02	1	5	0	0	1.0000	0.0000	-1.0000	0.3108	NaN	NaN	NaN	7803.0377	7803.3887	0.0000	1.0000	0.4468	0.5284
13ls02	1	5	0	0	2.0000	0.0000	-1.0000	NaN	4.2225	-3.1641	15.2602	7804.3526	7804.6549	0.0000	1.0000	0.4940	0.5739
13ls02	1	6	0	0	1.0000	0.0000	-1.0000	0.2476	NaN	NaN	NaN	7807.3985	7807.7540	1.0000	0.0000	1.7306	1.8264
13ls02	1	6	0	0	2.0000	0.0000	1.0000	NaN	10.6138	12.0467	14.4436	7810.0151	7810.3184	1.0000	1.0000	0.4137	0.5100
13ls02	1	7	0	0	1.0000	0.0000	1.0000	0.3259	NaN	NaN	NaN	7812.5653	7812.9204	0.0000	0.0000	0.4994	0.5648
13ls02	1	7	0	0	2.0000	0.0000	1.0000	NaN	10.4392	9.6234	13.8157	7813.9205	7814.2228	1.0000	1.0000	0.2701	0.3824
13ls02	1	8	0	0	1.0000	0.0000	-1.0000	0.6626	NaN	NaN	NaN	7816.8155	7817.1701	0.0000	1.0000	0.3301	0.4111
13ls02	1	8	0	0	2.0000	0.0000	-1.0000	NaN	3.9726	-5.5323	14.1576	7818.0162	7818.3188	0.0000	1.0000	0.6210	0.6854
13ls02	1	9	0	0	1.0000	0.0000	-1.0000	0.8997	NaN	NaN	NaN	7820.7238	7821.0759	0.0000	1.0000	0.3755	0.4414
13ls02	1	9	0	0	2.0000	0.0000	-1.0000	NaN	9.7073	-12.1568	15.9362	7821.9531	7822.2554	0.0000	1.0000	0.4294	0.5250
13ls02	1	10	0	0	1.0000	0.0000	-1.0000	0.7273	NaN	NaN	NaN	7824.7260	7825.0823	0.0000	1.0000	0.3545	0.4343
13ls02	1	10	0	0	2.0000	0.0000	1.0000	NaN	7.8540	7.6238	13.1631	7825.9521	7826.2542	1.0000	1.0000	0.4624	0.5271
13ls02	1	11	0	0	1.0000	0.0000	-1.0000	0.6903	NaN	NaN	NaN	7828.7273	7829.0819	0.0000	1.0000	0.5456	0.6263
13ls02	1	11	0	0	2.0000	0.0000	1.0000	NaN	10.1494	8.9027	14.3706	7830.1435	7830.4458	1.0000	1.0000	0.3977	0.4795
13ls02	1	12	0	0	1.0000	0.0000	-1.0000	0.1438	NaN	NaN	NaN	7833.0448	7833.3984	1.0000	0.0000	0.3740	0.4543
13ls02	1	12	0	0	2.0000	0.0000	-1.0000	NaN	2.1650	-1.0371	14.9104	7834.2874	7834.5896	0.0000	1.0000	0.4145	0.4797
13ls02	1	13	0	0	1.0000	0.0000	-1.0000	0.2180	NaN	NaN	NaN	7836.8809	7837.2926	1.0000	0.0000	1.1829	1.2327
13ls02	1	13	0	0	2.0000	0.0000	-1.0000	NaN	8.9368	-7.8471	16.2028	7838.9703	7839.2742	0.0000	1.0000	0.4499	0.5471
13ls02	1	14	0	0	1.0000	0.0000	1.0000	0.1085	NaN	NaN	NaN	7841.9885	7842.4108	1.0000	1.0000	0.2410	0.3544
13ls02	1	14	0	0	2.0000	0.0000	1.0000	NaN	0.4388	1.3418	14.0917	7843.2144	7843.5208	0.0000	0.0000	0.6039	0.6680
13ls02	1	15	0	0	1.0000	0.0000	-1.0000	0.7720	NaN	NaN	NaN	7846.0050	7846.4266	1.0000	0.0000	0.3049	0.4024
13ls02	1	15	0	0	2.0000	0.0000	-1.0000	NaN	2.9672	-3.8629	14.9550	7847.2730	7847.5775	0.0000	1.0000	0.6740	0.7552
13ls02	1	16	0	0	1.0000	0.0000	-1.0000	0.8998	NaN	NaN	NaN	7850.6540	7851.0714	1.0000	0.0000	0.2698	0.3660
13ls02	1	16	0	0	2.0000	0.0000	-1.0000	NaN	2.7903	-3.2138	14.9536	7851.8813	7852.1872	1.0000	0.0000	1.4568	1.6012
13ls02	1	17	0	0	1.0000	0.0000	-1.0000	0.3639	NaN	NaN	NaN	7856.0565	7856.4761	0.0000	1.0000	0.2718	0.3520
13ls02	1	17	0	0	2.0000	0.0000	-1.0000	NaN	4.1801	-3.8412	14.3044	7857.2725	7857.5770	0.0000	1.0000	0.9145	1.0116
13ls02	1	18	0	0	1.0000	0.0000	-1.0000	0.4077	NaN	NaN	NaN	7860.9613	7861.3753	1.0000	0.0000	0.3962	0.5422
13ls02	1	18	0	0	2.0000	0.0000	-1.0000	NaN	1.7243	-1.8659	15.3102	7862.3632	7862.6697	0.0000	1.0000	0.6382	0.7347
13ls02	1	19	0	0	1.0000	0.0000	1.0000	0.7004	NaN	NaN	NaN	7865.3672	7865.7790	1.0000	1.0000	0.7772	0.9062
13ls02	1	19	0	0	2.0000	0.0000	1.0000	NaN	6.3811	6.8595	15.1250	7867.1295	7867.4361	1.0000	1.0000	0.3531	0.4652
13ls02	1	20	0	0	1.0000	0.0000	-1.0000	0.9124	NaN	NaN	NaN	7870.0514	7870.4373	0.0000	1.0000	0.3269	0.4398
13ls02	1	20	0	0	2.0000	0.0000	1.0000	NaN	0.7224	0.2438	16.0860	7871.3117	7871.6145	0.0000	0.0000	0.8935	0.9901
13ls02	1	21	0	0	1.0000	0.0000	1.0000	0.3502	NaN	NaN	NaN	7875.0945	7875.4505	1.0000	1.0000	0.2413	0.3548
13ls02	1	21	0	0	2.0000	0.0000	1.0000	NaN	3.5086	2.6058	15.5477	7876.2411	7876.5434	0.0000	0.0000	0.7489	0.8135
13ls02	1	22	0	0	1.0000	0.0000	-1.0000	0.8253	NaN	NaN	NaN	7879.1691	7879.5199	1.0000	0.0000	0.3641	0.4930
13ls02	1	22	0	0	2.0000	0.0000	1.0000	NaN	11.9382	12.1610	14.8565	7880.4490	7880.7512	1.0000	1.0000	0.2843	0.3810
13ls02	1	23	0	0	1.0000	0.0000	-1.0000	0.5706	NaN	NaN	NaN	7883.4472	7883.8575	1.0000	0.0000	1.4980	1.5794
13ls02	1	23	0	0	2.0000	0.0000	-1.0000	NaN	10.4479	-10.1892	14.0192	7885.8790	7886.1852	0.0000	1.0000	0.4036	0.4678
13ls02	1	24	0	0	1.0000	0.0000	1.0000	0.2932	NaN	NaN	NaN	7888.5210	7888.9417	1.0000	1.0000	0.3343	0.4314
13ls02	1	24	0	0	2.0000	0.0000	1.0000	NaN	2.5824	2.3675	13.9398	7889.8198	7890.1246	0.0000	0.0000	0.5122	0.5926
13ls02	1	25	0	0	1.0000	0.0000	1.0000	0.4779	NaN	NaN	NaN	7893.0059	7893.4248	1.0000	1.0000	0.3947	0.5083
13ls02	1	25	0	0	2.0000	0.0000	-1.0000	NaN	0.5166	-1.0923	14.3432	7894.3799	7894.6854	0.0000	1.0000	0.7661	0.8476
13ls02	1	26	0	0	1.0000	0.0000	1.0000	0.9204	NaN	NaN	NaN	7897.3310	7897.7526	1.0000	1.0000	0.5798	0.6766
13ls02	1	26	0	0	2.0000	0.0000	-1.0000	NaN	7.3277	-4.7405	13.8858	7898.8719	7899.1763	0.0000	1.0000	0.4832	0.5489
13ls02	1	27	0	0	1.0000	0.0000	-1.0000	0.1134	NaN	NaN	NaN	7901.5730	7901.9905	1.0000	0.0000	1.4945	1.6229
13ls02	1	27	0	0	2.0000	0.0000	1.0000	NaN	5.1789	6.0067	14.9146	7904.0573	7904.3619	1.0000	1.0000	0.3224	0.4194
13ls02	1	28	0	0	1.0000	0.0000	1.0000	0.6685	NaN	NaN	NaN	7907.0271	7907.4281	1.0000	1.0000	0.9367	1.0328
13ls02	1	28	0	0	2.0000	0.0000	-1.0000	NaN	5.1320	-4.5379	16.0678	7908.8952	7909.1978	0.0000	1.0000	1.6457	1.7108
13ls02	1	29	0	0	1.0000	0.0000	-1.0000	0.6653	NaN	NaN	NaN	7912.9781	7913.3320	0.0000	1.0000	1.2076	1.2726
13ls02	1	29	0	0	2.0000	0.0000	1.0000	NaN	1.2747	0.9573	15.2281	7915.0394	7915.3417	0.0000	0.0000	0.4779	0.5434
13ls02	1	30	0	0	1.0000	0.0000	-1.0000	0.6328	NaN	NaN	NaN	7917.9956	7918.3497	1.0000	0.0000	1.3106	1.3915
13ls02	1	30	0	0	2.0000	0.0000	1.0000	NaN	3.9504	3.7370	15.4741	7920.1760	7920.4789	0.0000	0.0000	1.0526	1.1022
13ls02	1	31	0	0	1.0000	0.0000	1.0000	0.5844	NaN	NaN	NaN	7923.3178	7923.6679	1.0000	1.0000	0.2806	0.3923
13ls02	1	31	0	0	2.0000	0.0000	-1.0000	NaN	7.0623	-7.0243	14.1614	7924.4957	7924.7979	1.0000	0.0000	0.8458	0.9436
13ls02	1	32	0	0	1.0000	0.0000	1.0000	0.0604	NaN	NaN	NaN	7928.0825	7928.4344	1.0000	1.0000	0.8411	0.9387
13ls02	1	32	0	0	2.0000	0.0000	-1.0000	NaN	7.9825	-10.0357	14.4682	7929.8077	7930.1099	0.0000	1.0000	0.2708	0.3516
13ls02	1	33	0	0	1.0000	0.0000	-1.0000	0.8166	NaN	NaN	NaN	7932.5591	7932.9724	1.0000	0.0000	0.3191	0.4000
13ls02	1	33	0	0	2.0000	0.0000	-1.0000	NaN	1.6817	-0.1678	14.5445	7933.8173	7934.1219	1.0000	0.0000	0.7222	0.8191
13ls02	1	34	0	0	1.0000	0.0000	1.0000	0.4095	NaN	NaN	NaN	7936.8815	7937.3012	1.0000	1.0000	0.2480	0.3437
13ls02	1	34	0	0	2.0000	0.0000	1.0000	NaN	1.3367	0.1308	14.8581	7938.0906	7938.3978	1.0000	1.0000	1.0061	1.0873
13ls02	1	35	0	0	1.0000	0.0000	-1.0000	0.7635	NaN	NaN	NaN	7941.5078	7941.9219	0.0000	1.0000	1.2577	1.3552
13ls02	1	35	0	0	2.0000	0.0000	1.0000	NaN	3.2858	3.9294	14.1449	7943.7130	7944.0152	0.0000	0.0000	0.9564	1.0375
13ls02	1	36	0	0	1.0000	0.0000	-1.0000	0.9369	NaN	NaN	NaN	7947.3921	7947.7471	1.0000	0.0000	0.2659	0.3615
13ls02	1	36	0	0	2.0000	0.0000	1.0000	NaN	10.6460	10.2459	14.9172	7948.5438	7948.8460	1.0000	1.0000	0.3187	0.4154
13ls02	1	37	0	0	1.0000	0.0000	-1.0000	0.5084	NaN	NaN	NaN	7951.4232	7951.7801	0.0000	1.0000	0.6321	0.7134
13ls02	1	37	0	0	2.0000	0.0000	-1.0000	NaN	7.8393	-7.0496	13.6697	7952.9298	7953.2320	0.0000	1.0000	0.1395	0.2048
13ls02	1	38	0	0	1.0000	0.0000	-1.0000	0.2802	NaN	NaN	NaN	7955.4064	7955.7632	1.0000	0.0000	0.9863	1.0982
13ls02	1	38	0	0	2.0000	0.0000	1.0000	NaN	1.5443	0.9425	13.8193	7957.2963	7957.5986	1.0000	1.0000	1.0376	1.1509
13ls02	1	39	0	0	1.0000	0.0000	1.0000	0.1593	NaN	NaN	NaN	7961.2398	7961.5964	0.0000	0.0000	0.3523	0.4170
13ls02	1	39	0	0	2.0000	0.0000	-1.0000	NaN	2.7130	-1.0038	15.5394	7962.4479	7962.7501	1.0000	0.0000	0.3024	0.3987
13ls02	1	40	0	0	1.0000	0.0000	1.0000	0.5781	NaN	NaN	NaN	7965.4647	7965.8158	1.0000	1.0000	0.9328	1.0131
13ls02	1	40	0	0	2.0000	0.0000	1.0000	NaN	10.1793	8.1739	15.2462	7967.2634	7967.5656	1.0000	1.0000	0.5266	0.6395
13ls02	1	41	0	0	1.0000	0.0000	1.0000	0.2131	NaN	NaN	NaN	7970.4997	7970.8517	1.0000	1.0000	1.5119	1.6086
13ls02	1	41	0	0	2.0000	0.0000	-1.0000	NaN	9.7813	-8.6603	15.6983	7972.8956	7973.1977	1.0000	0.0000	0.6538	0.7504
13ls02	1	42	0	0	1.0000	0.0000	-1.0000	0.6703	NaN	NaN	NaN	7976.0836	7976.4869	0.0000	1.0000	0.9487	1.0146
13ls02	1	42	0	0	2.0000	0.0000	1.0000	NaN	11.0637	7.5248	14.5180	7977.9364	7978.2387	1.0000	1.0000	0.3500	0.4787
13ls02	1	43	0	0	1.0000	0.0000	-1.0000	0.9062	NaN	NaN	NaN	7980.8869	7981.2411	0.0000	1.0000	0.7868	0.8831
13ls02	1	43	0	0	2.0000	0.0000	-1.0000	NaN	6.8522	-5.9813	16.7162	7982.5588	7982.8611	1.0000	0.0000	0.7518	0.8478
13ls02	1	44	0	0	1.0000	0.0000	1.0000	0.4194	NaN	NaN	NaN	7986.1447	7986.4963	1.0000	1.0000	0.8920	1.0050
13ls02	1	44	0	0	2.0000	0.0000	1.0000	NaN	0.1122	0.1306	14.7450	7987.9382	7988.2404	1.0000	1.0000	0.5403	0.6520
13ls02	1	45	0	0	1.0000	0.0000	1.0000	0.3855	NaN	NaN	NaN	7991.3370	7991.6907	1.0000	1.0000	0.9449	1.0424
13ls02	1	45	0	0	2.0000	0.0000	-1.0000	NaN	0.7792	-2.0105	14.4888	7993.1688	7993.4711	0.0000	1.0000	0.7805	0.8610
13ls02	1	46	0	0	1.0000	0.0000	1.0000	0.4561	NaN	NaN	NaN	7996.3275	7996.6792	1.0000	1.0000	0.6771	0.7902
13ls02	1	46	0	0	2.0000	0.0000	-1.0000	NaN	1.9351	-2.2938	13.9081	7997.9041	7998.2064	1.0000	0.0000	1.0372	1.1348
13ls02	1	47	0	0	1.0000	0.0000	1.0000	0.4098	NaN	NaN	NaN	8001.4317	8001.7835	1.0000	1.0000	0.5961	0.6938
13ls02	1	47	0	0	2.0000	0.0000	-1.0000	NaN	3.0483	-2.2885	15.9273	8002.9113	8003.2135	1.0000	0.0000	1.0711	1.1679
13ls02	1	48	0	0	1.0000	0.0000	-1.0000	0.3135	NaN	NaN	NaN	8006.4181	8006.7733	1.0000	0.0000	0.2954	0.3920
13ls02	1	48	0	0	2.0000	0.0000	-1.0000	NaN	8.0274	-6.2917	16.0159	8007.6009	8007.9032	0.0000	1.0000	0.4454	0.5095
13ls02	1	49	0	0	1.0000	0.0000	-1.0000	0.2202	NaN	NaN	NaN	8010.9025	8011.2564	1.0000	0.0000	0.4676	0.5488
13ls02	1	49	0	0	2.0000	0.0000	-1.0000	NaN	10.9755	-8.3436	15.5585	8012.2402	8012.5427	0.0000	1.0000	0.3013	0.3978
13ls02	1	50	0	0	1.0000	0.0000	-1.0000	0.0333	NaN	NaN	NaN	8014.9775	8015.3282	1.0000	0.0000	0.6034	0.7333
13ls02	1	50	0	0	2.0000	0.0000	-1.0000	NaN	0.9829	-1.6656	14.2851	8016.4994	8016.8016	1.0000	0.0000	0.4900	0.5871
13ls02	2	1	0	0	1.0000	0.0000	-1.0000	0.7175	NaN	NaN	NaN	8023.1136	8023.5351	1.0000	0.0000	0.3645	0.4620
13ls02	2	1	0	0	2.0000	0.0000	-1.0000	NaN	11.4691	-13.3235	15.0236	8024.4462	8024.7511	0.0000	1.0000	0.1737	0.2377
13ls02	2	2	0	0	1.0000	0.0000	-1.0000	0.9053	NaN	NaN	NaN	8027.5606	8027.9795	0.0000	1.0000	0.5761	0.6421
13ls02	2	2	0	0	2.0000	0.0000	-1.0000	NaN	8.7549	-8.8070	13.7643	8029.0641	8029.3686	0.0000	1.0000	0.4190	0.4849
13ls02	2	3	0	0	1.0000	0.0000	-1.0000	0.3581	NaN	NaN	NaN	8032.0013	8032.4169	1.0000	0.0000	0.8597	0.9564
13ls02	2	3	0	0	2.0000	0.0000	1.0000	NaN	5.1192	3.4707	14.4164	8033.8149	8034.1191	1.0000	1.0000	0.4692	0.5665
13ls02	2	4	0	0	1.0000	0.0000	1.0000	0.1658	NaN	NaN	NaN	8037.0283	8037.4124	1.0000	1.0000	0.4552	0.6011
13ls02	2	4	0	0	2.0000	0.0000	1.0000	NaN	3.7094	3.1278	14.6410	8038.4490	8038.7513	0.0000	0.0000	0.5570	0.6382
13ls02	2	5	0	0	1.0000	0.0000	-1.0000	0.0367	NaN	NaN	NaN	8041.6296	8041.9815	1.0000	0.0000	0.3026	0.4000
13ls02	2	5	0	0	2.0000	0.0000	-1.0000	NaN	11.7206	-11.4081	13.9712	8042.8165	8043.1187	0.0000	1.0000	0.8462	0.8947
13ls02	2	6	0	0	1.0000	0.0000	-1.0000	0.3993	NaN	NaN	NaN	8045.7499	8046.1048	1.0000	0.0000	0.4202	0.5163
13ls02	2	6	0	0	2.0000	0.0000	-1.0000	NaN	0.3564	-0.6093	13.2866	8047.0553	8047.3576	0.0000	1.0000	0.2700	0.3352
13ls02	2	7	0	0	1.0000	0.0000	-1.0000	0.0392	NaN	NaN	NaN	8050.1083	8050.4599	1.0000	0.0000	0.7209	0.8656
13ls02	2	7	0	0	2.0000	0.0000	1.0000	NaN	10.9019	9.8304	15.0575	8051.7601	8052.0622	1.0000	1.0000	0.2698	0.3833
13ls02	2	8	0	0	1.0000	0.0000	-1.0000	0.2348	NaN	NaN	NaN	8054.5332	8054.8875	1.0000	0.0000	0.5164	0.6295
13ls02	2	8	0	0	2.0000	0.0000	-1.0000	NaN	10.1413	-10.4737	15.8054	8055.9517	8056.2540	0.0000	1.0000	0.3496	0.4463
13ls02	2	9	0	0	1.0000	0.0000	-1.0000	0.5900	NaN	NaN	NaN	8058.8098	8059.1614	1.0000	0.0000	0.3382	0.4353
13ls02	2	9	0	0	2.0000	0.0000	-1.0000	NaN	5.2973	-2.7957	14.3417	8060.0323	8060.3345	0.0000	1.0000	0.5580	0.6378
13ls02	2	10	0	0	1.0000	0.0000	-1.0000	0.0615	NaN	NaN	NaN	8063.0092	8063.3610	1.0000	0.0000	0.5240	0.6356
13ls02	2	10	0	0	2.0000	0.0000	-1.0000	NaN	5.6448	-4.5653	15.5365	8064.4320	8064.7344	0.0000	1.0000	0.7012	0.7827
13ls02	2	11	0	0	1.0000	0.0000	-1.0000	0.2966	NaN	NaN	NaN	8068.0095	8068.4193	1.0000	0.0000	0.1848	0.2822
13ls02	2	11	0	0	2.0000	0.0000	-1.0000	NaN	2.5540	-1.0119	14.9963	8069.1450	8069.4492	1.0000	0.0000	0.7877	0.8839
13ls02	2	12	0	0	1.0000	0.0000	1.0000	0.5869	NaN	NaN	NaN	8072.6238	8073.0445	1.0000	1.0000	0.2791	0.3608
13ls02	2	12	0	0	2.0000	0.0000	1.0000	NaN	11.9775	13.7866	15.9005	8073.8498	8074.1557	1.0000	1.0000	0.3524	0.4496
13ls02	2	13	0	0	1.0000	0.0000	-1.0000	0.0716	NaN	NaN	NaN	8076.6530	8077.0366	1.0000	0.0000	1.0235	1.1366
13ls02	2	13	0	0	2.0000	0.0000	-1.0000	NaN	7.9499	-7.7615	15.8135	8078.6078	8078.9101	0.0000	1.0000	0.3184	0.4149
13ls02	2	14	0	0	1.0000	0.0000	-1.0000	0.1076	NaN	NaN	NaN	8081.8908	8082.2416	1.0000	0.0000	0.3158	0.4424
13ls02	2	14	0	0	2.0000	0.0000	-1.0000	NaN	6.5921	-7.0752	14.0436	8083.1186	8083.4221	0.0000	1.0000	0.7495	0.8463
13ls02	2	15	0	0	1.0000	0.0000	1.0000	0.7522	NaN	NaN	NaN	8086.4797	8086.8362	1.0000	1.0000	0.2486	0.3766
13ls02	2	15	0	0	2.0000	0.0000	1.0000	NaN	4.0880	3.9620	13.3611	8087.6475	8087.9498	1.0000	1.0000	0.4139	0.5116
13ls02	2	16	0	0	1.0000	0.0000	-1.0000	0.0509	NaN	NaN	NaN	8090.7559	8091.1078	0.0000	1.0000	0.6643	0.7288
13ls02	2	16	0	0	2.0000	0.0000	1.0000	NaN	9.4337	10.4261	14.6403	8092.2722	8092.5745	1.0000	1.0000	0.4772	0.6070
13ls02	2	17	0	0	1.0000	0.0000	1.0000	0.0965	NaN	NaN	NaN	8095.4260	8095.7762	0.0000	0.0000	0.8917	0.9414
13ls02	2	17	0	0	2.0000	0.0000	1.0000	NaN	0.5885	2.6262	16.1756	8097.1559	8097.4581	1.0000	1.0000	0.4739	0.5870
13ls02	2	18	0	0	1.0000	0.0000	-1.0000	0.6240	NaN	NaN	NaN	8100.3108	8100.6622	0.0000	1.0000	0.6630	0.7425
13ls02	2	18	0	0	2.0000	0.0000	1.0000	NaN	11.1098	11.2084	14.5168	8101.8394	8102.1416	1.0000	1.0000	0.5749	0.6713
13ls02	2	19	0	0	1.0000	0.0000	1.0000	0.7609	NaN	NaN	NaN	8105.2075	8105.5589	1.0000	1.0000	0.3099	0.4066
13ls02	2	19	0	0	2.0000	0.0000	1.0000	NaN	8.7071	8.3892	15.2093	8106.4000	8106.7028	1.0000	1.0000	0.5408	0.6377
13ls02	2	20	0	0	1.0000	0.0000	1.0000	0.0371	NaN	NaN	NaN	8109.3352	8109.6888	0.0000	0.0000	1.1241	1.1724
13ls02	2	20	0	0	2.0000	0.0000	1.0000	NaN	3.3618	4.1839	14.4620	8111.2963	8111.5986	1.0000	1.0000	0.3342	0.4310
13ls02	2	21	0	0	1.0000	0.0000	1.0000	0.4304	NaN	NaN	NaN	8114.2727	8114.6720	1.0000	1.0000	0.2836	0.3806
13ls02	2	21	0	0	2.0000	0.0000	1.0000	NaN	11.9456	10.5440	15.3462	8115.4887	8115.7908	1.0000	1.0000	0.2528	0.3347
13ls02	2	22	0	0	1.0000	0.0000	-1.0000	0.3520	NaN	NaN	NaN	8118.4951	8118.8513	1.0000	0.0000	0.9844	1.1138
13ls02	2	22	0	0	2.0000	0.0000	-1.0000	NaN	0.4498	-0.5792	15.4864	8120.4034	8120.7056	1.0000	0.0000	0.4112	0.5233
13ls02	2	23	0	0	1.0000	0.0000	-1.0000	0.5848	NaN	NaN	NaN	8123.3936	8123.7510	0.0000	1.0000	0.3407	0.4061
13ls02	2	23	0	0	2.0000	0.0000	1.0000	NaN	1.0866	1.1659	14.8523	8124.5925	8124.8947	1.0000	1.0000	0.3809	0.4789
13ls02	2	24	0	0	1.0000	0.0000	-1.0000	0.9428	NaN	NaN	NaN	8127.7690	8128.1227	0.0000	1.0000	1.2649	1.3623
13ls02	2	24	0	0	2.0000	0.0000	-1.0000	NaN	6.8765	-5.3951	15.1655	8129.9204	8130.2226	0.0000	1.0000	0.3666	0.4790
13ls02	2	25	0	0	1.0000	0.0000	1.0000	0.0985	NaN	NaN	NaN	8132.4963	8132.8502	1.0000	1.0000	1.4174	1.4830
13ls02	2	25	0	0	2.0000	0.0000	1.0000	NaN	1.8300	2.8618	14.7662	8134.7689	8135.0711	0.0000	0.0000	0.5892	0.6536
13ls02	2	26	0	0	1.0000	0.0000	-1.0000	0.0740	NaN	NaN	NaN	8138.2148	8138.5708	0.0000	1.0000	0.9933	1.0416
13ls02	2	26	0	0	2.0000	0.0000	-1.0000	NaN	11.1518	-12.4937	13.3512	8140.0469	8140.3492	0.0000	1.0000	0.2878	0.3996
13ls02	2	27	0	0	1.0000	0.0000	-1.0000	0.7417	NaN	NaN	NaN	8143.2699	8143.6219	1.0000	0.0000	0.5349	0.6631
13ls02	2	27	0	0	2.0000	0.0000	-1.0000	NaN	1.7670	-0.3330	14.1036	8144.7205	8145.0226	0.0000	1.0000	0.8303	0.9108
13ls02	2	28	0	0	1.0000	0.0000	-1.0000	0.5831	NaN	NaN	NaN	8148.0987	8148.4539	0.0000	1.0000	1.0138	1.1106
13ls02	2	28	0	0	2.0000	0.0000	-1.0000	NaN	9.3432	-9.1238	15.7444	8149.9993	8150.3024	0.0000	1.0000	0.7981	0.8948
13ls02	2	29	0	0	1.0000	0.0000	1.0000	0.0709	NaN	NaN	NaN	8153.5918	8153.9423	1.0000	1.0000	0.8539	0.9341
13ls02	2	29	0	0	2.0000	0.0000	-1.0000	NaN	5.5997	-5.1692	15.6842	8155.3109	8155.6130	0.0000	1.0000	0.4638	0.5436
13ls02	2	30	0	0	1.0000	0.0000	-1.0000	0.1121	NaN	NaN	NaN	8158.0777	8158.4324	1.0000	0.0000	0.3804	0.4772
13ls02	2	30	0	0	2.0000	0.0000	-1.0000	NaN	0.4399	-0.2394	14.5960	8159.3464	8159.6485	0.0000	1.0000	0.2678	0.3484
13ls02	2	31	0	0	1.0000	0.0000	1.0000	0.4392	NaN	NaN	NaN	8162.4894	8162.8654	1.0000	1.0000	0.2982	0.4118
13ls02	2	31	0	0	2.0000	0.0000	1.0000	NaN	9.5182	9.6461	15.0935	8163.7119	8164.0141	1.0000	1.0000	0.3502	0.4634
13ls02	2	32	0	0	1.0000	0.0000	1.0000	0.2009	NaN	NaN	NaN	8166.7721	8167.1226	1.0000	1.0000	0.3292	0.4109
13ls02	2	32	0	0	2.0000	0.0000	1.0000	NaN	2.4013	2.8081	15.3337	8167.9692	8168.2713	1.0000	1.0000	0.6851	0.7810
13ls02	2	33	0	0	1.0000	0.0000	-1.0000	0.4313	NaN	NaN	NaN	8171.0472	8171.4025	0.0000	1.0000	0.3056	0.3858
13ls02	2	33	0	0	2.0000	0.0000	-1.0000	NaN	11.7749	-13.0378	15.5145	8172.2227	8172.5249	1.0000	0.0000	0.8788	0.9594
13ls02	2	34	0	0	1.0000	0.0000	-1.0000	0.7258	NaN	NaN	NaN	8175.9772	8176.3316	0.0000	1.0000	0.5601	0.6416
13ls02	2	34	0	0	2.0000	0.0000	-1.0000	NaN	10.8657	-10.3183	15.2923	8177.4090	8177.7112	0.0000	1.0000	0.8297	0.9263
13ls02	2	35	0	0	1.0000	0.0000	1.0000	0.4564	NaN	NaN	NaN	8180.4828	8180.8368	1.0000	1.0000	0.2794	0.3918
13ls02	2	35	0	0	2.0000	0.0000	1.0000	NaN	4.3723	6.8817	14.8895	8181.6635	8181.9667	1.0000	1.0000	0.2057	0.3027
13ls02	2	36	0	0	1.0000	0.0000	-1.0000	0.9343	NaN	NaN	NaN	8184.5890	8184.9415	0.0000	1.0000	0.2870	0.3680
13ls02	2	36	0	0	2.0000	0.0000	-1.0000	NaN	0.8744	-1.1805	15.2968	8185.7441	8186.0463	1.0000	0.0000	0.8458	0.9430
13ls02	2	37	0	0	1.0000	0.0000	1.0000	0.8955	NaN	NaN	NaN	8189.0765	8189.4310	1.0000	1.0000	0.1019	0.2303
13ls02	2	37	0	0	2.0000	0.0000	1.0000	NaN	11.7154	10.5983	17.8600	8190.0960	8190.3989	1.0000	1.0000	0.4768	0.5905
13ls02	2	38	0	0	1.0000	0.0000	-1.0000	0.6146	NaN	NaN	NaN	8193.1090	8193.4639	0.0000	1.0000	0.3082	0.3882
13ls02	2	38	0	0	2.0000	0.0000	1.0000	NaN	2.4658	3.6281	15.4884	8194.2861	8194.5884	1.0000	1.0000	0.4797	0.5930
13ls02	2	39	0	0	1.0000	0.0000	1.0000	0.8077	NaN	NaN	NaN	8197.0260	8197.3805	1.0000	1.0000	0.3437	0.4572
13ls02	2	39	0	0	2.0000	0.0000	-1.0000	NaN	4.4004	-3.1850	15.4095	8198.2735	8198.5757	1.0000	0.0000	0.7800	0.8774
13ls02	2	40	0	0	1.0000	0.0000	1.0000	0.6012	NaN	NaN	NaN	8201.9429	8202.2969	0.0000	0.0000	0.2756	0.3236
13ls02	2	40	0	0	2.0000	0.0000	1.0000	NaN	2.4416	1.8700	15.7140	8203.0565	8203.3588	0.0000	0.0000	0.7332	0.7987
13ls02	2	41	0	0	1.0000	0.0000	-1.0000	0.7346	NaN	NaN	NaN	8206.2479	8206.6022	0.0000	1.0000	0.2269	0.2906
13ls02	2	41	0	0	2.0000	0.0000	-1.0000	NaN	1.4128	-1.8682	15.4214	8207.3281	8207.6306	1.0000	0.0000	0.6216	0.7017
13ls02	2	42	0	0	1.0000	0.0000	1.0000	0.0864	NaN	NaN	NaN	8210.0692	8210.4755	0.0000	0.0000	0.4967	0.5620
13ls02	2	42	0	0	2.0000	0.0000	1.0000	NaN	2.2535	1.5096	14.9681	8211.4794	8211.7857	1.0000	1.0000	0.4662	0.5636
13ls02	2	43	0	0	1.0000	0.0000	-1.0000	0.7306	NaN	NaN	NaN	8214.6689	8215.0888	0.0000	1.0000	0.9869	1.0688
13ls02	2	43	0	0	2.0000	0.0000	-1.0000	NaN	1.8003	-0.3106	15.7570	8216.6038	8216.9085	0.0000	1.0000	0.4963	0.5771
13ls02	2	44	0	0	1.0000	0.0000	-1.0000	0.3231	NaN	NaN	NaN	8219.8860	8220.3082	0.0000	1.0000	0.8240	0.8881
13ls02	2	44	0	0	2.0000	0.0000	-1.0000	NaN	3.6568	-3.9052	16.0216	8221.6391	8221.9435	0.0000	1.0000	0.9002	0.9810
13ls02	2	45	0	0	1.0000	0.0000	-1.0000	0.6832	NaN	NaN	NaN	8225.2987	8225.7198	0.0000	1.0000	0.7399	0.7735
13ls02	2	45	0	0	2.0000	0.0000	-1.0000	NaN	0.0190	-1.9364	14.4772	8226.9377	8227.2422	1.0000	0.0000	0.4815	0.5633
13ls02	2	46	0	0	1.0000	0.0000	-1.0000	0.6475	NaN	NaN	NaN	8229.8452	8230.2578	0.0000	1.0000	0.3620	0.4273
13ls02	2	46	0	0	2.0000	0.0000	1.0000	NaN	7.6533	10.0579	14.4062	8231.1293	8231.4351	1.0000	1.0000	0.2246	0.3538
13ls02	2	47	0	0	1.0000	0.0000	-1.0000	0.8784	NaN	NaN	NaN	8233.9620	8234.3741	0.0000	1.0000	1.0460	1.1424
13ls02	2	47	0	0	2.0000	0.0000	-1.0000	NaN	8.1379	-8.3696	15.0136	8235.9619	8236.2682	0.0000	1.0000	0.3355	0.4171
13ls02	2	48	0	0	1.0000	0.0000	-1.0000	0.3699	NaN	NaN	NaN	8238.6580	8239.0735	0.0000	1.0000	0.3308	0.3789
13ls02	2	48	0	0	2.0000	0.0000	1.0000	NaN	10.7747	10.9866	15.4290	8239.8947	8240.2011	1.0000	1.0000	0.4031	0.5324
13ls02	2	49	0	0	1.0000	0.0000	-1.0000	0.9362	NaN	NaN	NaN	8242.7557	8243.1736	0.0000	1.0000	0.5033	0.5992
13ls02	2	49	0	0	2.0000	0.0000	1.0000	NaN	8.4695	8.8988	14.4821	8244.2176	8244.5218	0.0000	0.0000	0.7219	0.8030
13ls02	2	50	0	0	1.0000	0.0000	-1.0000	0.2249	NaN	NaN	NaN	8247.5408	8247.9563	0.0000	1.0000	0.5835	0.6642
13ls02	2	50	0	0	2.0000	0.0000	-1.0000	NaN	2.4766	-1.3340	15.6790	8249.0673	8249.3714	0.0000	1.0000	0.3375	0.4173
13ls02	3	1	0	0	1.0000	0.0000	1.0000	0.1807	NaN	NaN	NaN	8259.8769	8260.2890	1.0000	1.0000	0.8923	0.9876
13ls02	3	1	0	0	2.0000	0.0000	-1.0000	NaN	11.1021	-8.9247	15.0478	8261.7189	8262.0230	0.0000	1.0000	0.4212	0.4705
13ls02	3	2	0	0	1.0000	0.0000	1.0000	0.4132	NaN	NaN	NaN	8264.7415	8265.1566	1.0000	1.0000	0.9687	1.0483
13ls02	3	2	0	0	2.0000	0.0000	-1.0000	NaN	8.9084	-8.6117	15.3398	8266.6515	8266.9563	0.0000	1.0000	0.5761	0.6411
13ls02	3	3	0	0	1.0000	0.0000	-1.0000	0.4289	NaN	NaN	NaN	8269.5703	8269.9891	0.0000	1.0000	1.0147	1.1121
13ls02	3	3	0	0	2.0000	0.0000	-1.0000	NaN	6.8568	-6.4203	13.4617	8271.5445	8271.8499	0.0000	1.0000	0.4499	0.5474
13ls02	3	4	0	0	1.0000	0.0000	-1.0000	0.9237	NaN	NaN	NaN	8274.1197	8274.5388	0.0000	1.0000	0.7369	0.8180
13ls02	3	4	0	0	2.0000	0.0000	-1.0000	NaN	4.4111	-5.2242	15.1952	8275.8019	8276.1064	0.0000	1.0000	0.5133	0.6103
13ls02	3	5	0	0	1.0000	0.0000	1.0000	0.2567	NaN	NaN	NaN	8278.7171	8279.1386	1.0000	1.0000	0.2507	0.3627
13ls02	3	5	0	0	2.0000	0.0000	-1.0000	NaN	7.5116	-7.4608	14.5367	8279.9495	8280.2540	0.0000	1.0000	0.3823	0.4954
13ls02	3	6	0	0	1.0000	0.0000	1.0000	0.4380	NaN	NaN	NaN	8283.0747	8283.4884	0.0000	0.0000	0.9561	1.0361
13ls02	3	6	0	0	2.0000	0.0000	-1.0000	NaN	8.2023	-9.8673	14.0182	8284.9681	8285.2726	0.0000	1.0000	0.7717	0.8848
13ls02	3	7	0	0	1.0000	0.0000	-1.0000	0.2443	NaN	NaN	NaN	8288.2474	8288.6582	1.0000	0.0000	0.3470	0.4590
13ls02	3	7	0	0	2.0000	0.0000	1.0000	NaN	8.1145	6.8040	16.2196	8289.5648	8289.8691	1.0000	1.0000	0.3510	0.4803
13ls02	3	8	0	0	1.0000	0.0000	1.0000	0.4299	NaN	NaN	NaN	8292.5162	8292.8997	1.0000	1.0000	0.7288	0.8096
13ls02	3	8	0	0	2.0000	0.0000	-1.0000	NaN	6.8756	-6.7994	13.8398	8294.1441	8294.4463	0.0000	1.0000	0.4308	0.5273
13ls02	3	9	0	0	1.0000	0.0000	1.0000	0.4616	NaN	NaN	NaN	8296.8443	8297.2539	1.0000	1.0000	0.6151	0.7272
13ls02	3	9	0	0	2.0000	0.0000	-1.0000	NaN	0.0438	-2.0029	14.5629	8298.4249	8298.7315	0.0000	1.0000	0.6415	0.6896
13ls02	3	10	0	0	1.0000	0.0000	1.0000	0.8204	NaN	NaN	NaN	8301.8183	8302.2141	1.0000	1.0000	0.7428	0.8391
13ls02	3	10	0	0	2.0000	0.0000	1.0000	NaN	11.8909	11.4731	15.2691	8303.4878	8303.7900	1.0000	1.0000	0.2377	0.3674
13ls02	3	11	0	0	1.0000	0.0000	1.0000	0.3915	NaN	NaN	NaN	8306.1784	8306.5305	1.0000	1.0000	0.6337	0.7307
13ls02	3	11	0	0	2.0000	0.0000	-1.0000	NaN	10.7161	-13.2901	15.7698	8307.6959	8307.9981	0.0000	1.0000	0.1265	0.2234
13ls02	3	12	0	0	1.0000	0.0000	1.0000	0.6066	NaN	NaN	NaN	8310.4911	8310.8458	1.0000	1.0000	0.3980	0.5118
13ls02	3	12	0	0	2.0000	0.0000	-1.0000	NaN	2.8159	-3.6069	16.2165	8311.7933	8312.0956	0.0000	1.0000	0.3495	0.4620
13ls02	3	13	0	0	1.0000	0.0000	1.0000	0.3352	NaN	NaN	NaN	8314.6522	8315.0082	1.0000	1.0000	1.8209	1.9337
13ls02	3	13	0	0	2.0000	0.0000	-1.0000	NaN	10.2485	-11.4050	16.1884	8317.3770	8317.6793	0.0000	1.0000	0.4129	0.5100
13ls02	3	14	0	0	1.0000	0.0000	1.0000	0.4230	NaN	NaN	NaN	8320.6349	8320.9912	1.0000	1.0000	0.4138	0.5102
13ls02	3	14	0	0	2.0000	0.0000	-1.0000	NaN	1.9558	-1.1725	15.4288	8321.9363	8322.2385	0.0000	1.0000	0.4628	0.5585
13ls02	3	15	0	0	1.0000	0.0000	1.0000	0.7070	NaN	NaN	NaN	8324.9673	8325.3242	1.0000	1.0000	0.6076	0.6881
13ls02	3	15	0	0	2.0000	0.0000	1.0000	NaN	1.8764	2.7308	14.3908	8326.4470	8326.7492	1.0000	1.0000	0.4953	0.5760
13ls02	3	16	0	0	1.0000	0.0000	1.0000	0.0022	NaN	NaN	NaN	8329.5698	8329.9239	1.0000	1.0000	0.7281	0.7930
13ls02	3	16	0	0	2.0000	0.0000	1.0000	NaN	0.6022	1.7511	16.1857	8331.1537	8331.4560	1.0000	1.0000	0.7004	0.7815
13ls02	3	17	0	0	1.0000	0.0000	-1.0000	0.6322	NaN	NaN	NaN	8334.3322	8334.6840	0.0000	1.0000	0.7043	0.7524
13ls02	3	17	0	0	2.0000	0.0000	1.0000	NaN	10.7465	10.4454	15.0844	8335.8705	8336.1727	1.0000	1.0000	0.3031	0.4645
13ls02	3	18	0	0	1.0000	0.0000	1.0000	0.9026	NaN	NaN	NaN	8338.7318	8339.0837	1.0000	1.0000	0.3050	0.4340
13ls02	3	18	0	0	2.0000	0.0000	-1.0000	NaN	0.2396	-1.7541	14.9328	8339.9525	8340.2548	0.0000	1.0000	0.6370	0.6868
13ls02	3	19	0	0	1.0000	0.0000	-1.0000	0.5103	NaN	NaN	NaN	8342.9612	8343.3701	0.0000	1.0000	0.2417	0.3233
13ls02	3	19	0	0	2.0000	0.0000	-1.0000	NaN	3.2744	-3.6836	14.7037	8344.1370	8344.4430	0.0000	1.0000	0.3381	0.4339
13ls02	3	20	0	0	1.0000	0.0000	-1.0000	0.0698	NaN	NaN	NaN	8347.1258	8347.5486	0.0000	1.0000	0.7362	0.8327
13ls02	3	20	0	0	2.0000	0.0000	1.0000	NaN	7.5058	5.8325	15.0727	8348.8302	8349.1351	1.0000	1.0000	0.4301	0.5419
13ls02	3	21	0	0	1.0000	0.0000	-1.0000	0.9140	NaN	NaN	NaN	8351.5274	8351.9487	0.0000	1.0000	0.2241	0.2884
13ls02	3	21	0	0	2.0000	0.0000	1.0000	NaN	5.9388	6.2767	16.1515	8352.6818	8352.9867	1.0000	1.0000	0.1303	0.2578
13ls02	3	22	0	0	1.0000	0.0000	-1.0000	0.5223	NaN	NaN	NaN	8355.4199	8355.8348	0.0000	1.0000	0.2582	0.3543
13ls02	3	22	0	0	2.0000	0.0000	-1.0000	NaN	0.1759	-3.5128	14.4893	8356.6313	8356.9358	0.0000	1.0000	0.5480	0.6297
13ls02	3	23	0	0	1.0000	0.0000	1.0000	0.3261	NaN	NaN	NaN	8359.8890	8360.3013	1.0000	1.0000	0.2066	0.3204
13ls02	3	23	0	0	2.0000	0.0000	1.0000	NaN	3.4367	5.5704	16.5332	8361.0651	8361.3696	1.0000	1.0000	0.4028	0.5308
13ls02	3	24	0	0	1.0000	0.0000	-1.0000	0.2990	NaN	NaN	NaN	8364.3489	8364.7678	0.0000	1.0000	0.2367	0.3176
13ls02	3	24	0	0	2.0000	0.0000	1.0000	NaN	10.6451	7.8864	14.6442	8365.5308	8365.8353	1.0000	1.0000	0.3045	0.4502
13ls02	3	25	0	0	1.0000	0.0000	-1.0000	0.6768	NaN	NaN	NaN	8368.2081	8368.6292	0.0000	1.0000	0.1994	0.2961
13ls02	3	25	0	0	2.0000	0.0000	-1.0000	NaN	8.4241	-7.7338	15.4620	8369.3707	8369.6778	0.0000	1.0000	0.1584	0.2713
13ls02	3	26	0	0	1.0000	0.0000	1.0000	0.6129	NaN	NaN	NaN	8372.0968	8372.5173	1.0000	1.0000	0.5669	0.6639
13ls02	3	26	0	0	2.0000	0.0000	1.0000	NaN	0.6565	0.1298	17.6837	8373.6282	8373.9327	1.0000	1.0000	0.5272	0.6245
13ls02	3	27	0	0	1.0000	0.0000	1.0000	0.5946	NaN	NaN	NaN	8377.0799	8377.5005	1.0000	1.0000	0.3200	0.4488
13ls02	3	27	0	0	2.0000	0.0000	-1.0000	NaN	3.4491	-2.2383	16.2460	8378.3943	8378.6985	0.0000	1.0000	0.4338	0.5303
13ls02	3	28	0	0	1.0000	0.0000	-1.0000	0.9113	NaN	NaN	NaN	8381.3511	8381.7635	0.0000	1.0000	0.5043	0.5696
13ls02	3	28	0	0	2.0000	0.0000	-1.0000	NaN	1.1129	-3.3268	15.9397	8382.7678	8383.0700	1.0000	0.0000	0.6709	0.7672
13ls02	3	29	0	0	1.0000	0.0000	-1.0000	0.2302	NaN	NaN	NaN	8385.9493	8386.3047	1.0000	0.0000	0.3951	0.5236
13ls02	3	29	0	0	2.0000	0.0000	1.0000	NaN	8.5070	8.6750	15.1567	8387.2646	8387.5669	0.0000	0.0000	0.9581	1.0381
13ls02	3	30	0	0	1.0000	0.0000	1.0000	0.9062	NaN	NaN	NaN	8390.6454	8391.0534	1.0000	1.0000	0.3030	0.3683
13ls02	3	30	0	0	2.0000	0.0000	-1.0000	NaN	9.3157	-9.2215	14.0218	8391.8635	8392.1677	0.0000	1.0000	0.4056	0.5014
13ls02	3	31	0	0	1.0000	0.0000	1.0000	0.1459	NaN	NaN	NaN	8394.6192	8395.0334	1.0000	1.0000	0.3389	0.4360
13ls02	3	31	0	0	2.0000	0.0000	1.0000	NaN	0.8145	1.0014	14.1441	8395.9131	8396.2179	0.0000	0.0000	0.5946	0.6906
13ls02	3	32	0	0	1.0000	0.0000	1.0000	0.7765	NaN	NaN	NaN	8399.3472	8399.7660	0.0000	0.0000	2.0219	2.1512
13ls02	3	32	0	0	2.0000	0.0000	-1.0000	NaN	9.7381	-8.6577	14.0744	8402.3621	8402.6666	0.0000	1.0000	0.2585	0.3870
13ls02	3	33	0	0	1.0000	0.0000	-1.0000	0.3731	NaN	NaN	NaN	8405.0952	8405.5157	0.0000	1.0000	0.5287	0.6258
13ls02	3	33	0	0	2.0000	0.0000	-1.0000	NaN	1.2138	-2.1769	15.2004	8406.5868	8406.8932	0.0000	1.0000	0.4309	0.5115
13ls02	3	34	0	0	1.0000	0.0000	1.0000	0.6284	NaN	NaN	NaN	8409.6783	8410.0755	1.0000	1.0000	0.2723	0.3851
13ls02	3	34	0	0	2.0000	0.0000	-1.0000	NaN	5.9414	-6.3307	15.9830	8410.8967	8411.1989	0.0000	1.0000	1.0370	1.1499
13ls02	3	35	0	0	1.0000	0.0000	1.0000	0.2048	NaN	NaN	NaN	8414.3934	8414.7436	1.0000	1.0000	0.8367	0.9334
13ls02	3	35	0	0	2.0000	0.0000	-1.0000	NaN	1.2219	-1.6143	12.8150	8416.1131	8416.4153	1.0000	0.0000	0.6699	0.7663
13ls02	3	36	0	0	1.0000	0.0000	1.0000	0.4746	NaN	NaN	NaN	8419.2177	8419.5736	1.0000	1.0000	0.3755	0.4721
13ls02	3	36	0	0	2.0000	0.0000	-1.0000	NaN	7.8669	-5.1875	14.4171	8420.4811	8420.7833	0.0000	1.0000	0.3975	0.4780
13ls02	3	37	0	0	1.0000	0.0000	-1.0000	0.6128	NaN	NaN	NaN	8423.7809	8424.1360	0.0000	1.0000	0.3879	0.4525
13ls02	3	37	0	0	2.0000	0.0000	-1.0000	NaN	7.3218	-6.6175	15.4889	8425.0234	8425.3258	0.0000	1.0000	0.4949	0.5911
13ls02	3	38	0	0	1.0000	0.0000	1.0000	0.6158	NaN	NaN	NaN	8427.8620	8428.2193	1.0000	1.0000	0.6094	0.7059
13ls02	3	38	0	0	2.0000	0.0000	-1.0000	NaN	4.5020	-3.7053	15.5287	8429.3600	8429.6623	0.0000	1.0000	0.5415	0.6388
13ls02	3	39	0	0	1.0000	0.0000	1.0000	0.6444	NaN	NaN	NaN	8432.2207	8432.5744	1.0000	1.0000	0.4301	0.5420
13ls02	3	39	0	0	2.0000	0.0000	-1.0000	NaN	2.0317	-1.3522	15.6996	8433.5511	8433.8544	1.0000	0.0000	0.4786	0.5909
13ls02	3	40	0	0	1.0000	0.0000	-1.0000	0.6760	NaN	NaN	NaN	8436.6075	8437.0261	0.0000	1.0000	0.1217	0.2196
13ls02	3	40	0	0	2.0000	0.0000	-1.0000	NaN	9.9674	-8.3534	15.7633	8437.6919	8437.9964	0.0000	1.0000	0.4328	0.5129
13ls02	3	41	0	0	1.0000	0.0000	-1.0000	0.4382	NaN	NaN	NaN	8440.5849	8440.9978	1.0000	0.0000	1.0314	1.1279
13ls02	3	41	0	0	2.0000	0.0000	1.0000	NaN	11.7548	11.7894	15.4852	8442.5737	8442.8785	0.0000	0.0000	1.8054	1.8870
13ls02	3	42	0	0	1.0000	0.0000	1.0000	0.3014	NaN	NaN	NaN	8447.0843	8447.4970	1.0000	1.0000	0.3229	0.4200
13ls02	3	42	0	0	2.0000	0.0000	-1.0000	NaN	1.1736	-3.3951	15.0507	8448.3601	8448.6646	0.0000	1.0000	0.2120	0.2930
13ls02	3	43	0	0	1.0000	0.0000	1.0000	0.4300	NaN	NaN	NaN	8450.6802	8451.0680	1.0000	1.0000	0.7199	0.8015
13ls02	3	43	0	0	2.0000	0.0000	-1.0000	NaN	2.9699	-2.6232	15.1516	8452.3051	8452.6074	0.0000	1.0000	0.7005	0.7982
13ls02	3	44	0	0	1.0000	0.0000	1.0000	0.7674	NaN	NaN	NaN	8455.2005	8455.5554	1.0000	1.0000	0.2494	0.3297
13ls02	3	44	0	0	2.0000	0.0000	-1.0000	NaN	0.2678	-0.5993	15.2990	8456.3211	8456.6233	1.0000	0.0000	0.6365	0.7180
13ls02	3	45	0	0	1.0000	0.0000	-1.0000	0.8568	NaN	NaN	NaN	8459.3784	8459.7344	1.0000	0.0000	0.7264	0.8220
13ls02	3	45	0	0	2.0000	0.0000	-1.0000	NaN	6.9711	-7.4146	14.0775	8460.9911	8461.2934	0.0000	1.0000	0.1756	0.2717
13ls02	3	46	0	0	1.0000	0.0000	-1.0000	0.0527	NaN	NaN	NaN	8463.5799	8463.9340	0.0000	1.0000	0.4938	0.5589
13ls02	3	46	0	0	2.0000	0.0000	-1.0000	NaN	1.7711	-2.4161	15.7145	8464.9287	8465.2309	1.0000	0.0000	0.5250	0.6228
13ls02	3	47	0	0	1.0000	0.0000	-1.0000	0.7159	NaN	NaN	NaN	8468.0953	8468.4504	0.0000	1.0000	1.1298	1.2101
13ls02	3	47	0	0	2.0000	0.0000	1.0000	NaN	5.4757	5.2008	15.3876	8470.0954	8470.3975	1.0000	1.0000	0.3343	0.4323
13ls02	3	48	0	0	1.0000	0.0000	1.0000	0.8566	NaN	NaN	NaN	8473.0993	8473.4544	1.0000	1.0000	0.6855	0.7822
13ls02	3	48	0	0	2.0000	0.0000	1.0000	NaN	8.5490	6.5414	15.8644	8474.6721	8474.9743	1.0000	1.0000	0.3666	0.4794
13ls02	3	49	0	0	1.0000	0.0000	-1.0000	0.7078	NaN	NaN	NaN	8477.4482	8477.8042	0.0000	1.0000	0.2077	0.2893
13ls02	3	49	0	0	2.0000	0.0000	-1.0000	NaN	4.6611	-5.1269	14.5378	8478.5282	8478.8304	0.0000	1.0000	0.2214	0.3032
13ls02	3	50	0	0	1.0000	0.0000	-1.0000	0.8306	NaN	NaN	NaN	8480.9289	8481.3453	0.0000	1.0000	0.8426	0.9243
13ls02	3	50	0	0	2.0000	0.0000	1.0000	NaN	4.4228	2.2493	14.2157	8482.7149	8483.0221	0.0000	0.0000	0.6384	0.6865
