37tj04	1	1	1	0	1.0000	0.0000	1.0000	0.0116	NaN	NaN	NaN	355562.1127	355562.4540	1.0000	1.0000	0.3877
37tj04	1	1	1	0	2.0000	0.0000	1.0000	NaN	1.3228	0.2929	14.7625	355563.4320	355563.7337	1.0000	1.0000	0.2865
37tj04	1	2	1	0	1.0000	0.0000	1.0000	0.1753	NaN	NaN	NaN	355566.0841	355566.4153	1.0000	1.0000	0.2765
37tj04	1	2	1	0	2.0000	0.0000	1.0000	NaN	2.7080	0.7142	14.1457	355567.2871	355567.5881	0.0000	0.0000	0.5593
37tj04	1	3	1	0	1.0000	0.0000	-1.0000	0.3049	NaN	NaN	NaN	355570.0544	355570.3815	1.0000	0.0000	0.7501
37tj04	1	3	1	0	2.0000	0.0000	-1.0000	NaN	0.6258	-0.9960	16.3730	355571.7133	355572.0145	1.0000	0.0000	0.3959
37tj04	1	4	1	0	1.0000	0.0000	1.0000	0.2891	NaN	NaN	NaN	355574.9193	355575.2468	1.0000	1.0000	0.2829
37tj04	1	4	1	0	2.0000	0.0000	1.0000	NaN	6.9346	5.6246	15.4801	355576.1661	355576.4671	1.0000	1.0000	0.1209
37tj04	1	5	1	0	1.0000	0.0000	-1.0000	0.1944	NaN	NaN	NaN	355579.1097	355579.4381	0.0000	1.0000	0.2035
37tj04	1	5	1	0	2.0000	0.0000	1.0000	NaN	7.2523	7.8271	15.7946	355580.2461	355580.5471	1.0000	1.0000	0.0399
37tj04	1	6	1	0	1.0000	0.0000	1.0000	0.4896	NaN	NaN	NaN	355583.1512	355583.4788	1.0000	1.0000	0.0993
37tj04	1	6	1	0	2.0000	0.0000	1.0000	NaN	8.1062	6.2582	14.8392	355584.1195	355584.4209	1.0000	1.0000	0.0084
37tj04	1	7	1	0	1.0000	0.0000	1.0000	0.2435	NaN	NaN	NaN	355586.7753	355587.1036	1.0000	1.0000	0.0839
37tj04	1	7	1	0	2.0000	0.0000	1.0000	NaN	8.6038	9.2524	15.6883	355587.7671	355588.0682	1.0000	1.0000	0.0083
37tj04	1	8	1	0	1.0000	0.0000	-1.0000	0.5070	NaN	NaN	NaN	355590.4255	355590.7526	0.0000	1.0000	0.1152
37tj04	1	8	1	0	2.0000	0.0000	1.0000	NaN	2.9998	3.5421	14.5362	355591.3996	355591.7007	1.0000	1.0000	0.0083
37tj04	1	9	1	0	1.0000	0.0000	1.0000	0.2213	NaN	NaN	NaN	355594.1142	355594.4407	1.0000	1.0000	0.0821
37tj04	1	9	1	0	2.0000	0.0000	1.0000	NaN	4.3789	4.4855	15.2765	355595.0950	355595.3961	1.0000	1.0000	0.0081
37tj04	1	10	1	0	1.0000	0.0000	1.0000	0.3657	NaN	NaN	NaN	355597.4695	355597.7972	1.0000	1.0000	0.1583
37tj04	1	10	1	0	2.0000	0.0000	1.0000	NaN	3.8374	2.3676	12.9626	355598.5420	355598.8430	1.0000	1.0000	0.0091
37tj04	1	11	1	0	1.0000	0.0000	-1.0000	0.3581	NaN	NaN	NaN	355601.3573	355601.6841	0.0000	1.0000	0.1519
37tj04	1	11	1	0	2.0000	0.0000	1.0000	NaN	5.5563	6.6163	15.5844	355602.3914	355602.6924	1.0000	1.0000	0.0082
37tj04	1	12	1	0	1.0000	0.0000	-1.0000	0.4702	NaN	NaN	NaN	355605.2394	355605.5679	0.0000	1.0000	0.1939
37tj04	1	12	1	0	2.0000	0.0000	1.0000	NaN	3.8514	4.9098	13.5115	355606.3420	355606.6430	1.0000	1.0000	0.0085
37tj04	1	13	1	0	1.0000	0.0000	-1.0000	0.2447	NaN	NaN	NaN	355608.7084	355609.0357	0.0000	1.0000	0.2070
37tj04	1	13	1	0	2.0000	0.0000	1.0000	NaN	8.8353	8.7562	16.2162	355609.8385	355610.1395	1.0000	1.0000	0.0083
37tj04	1	14	1	0	1.0000	0.0000	1.0000	0.2349	NaN	NaN	NaN	355612.1966	355612.5246	1.0000	1.0000	0.0770
37tj04	1	14	1	0	2.0000	0.0000	1.0000	NaN	5.5520	4.3948	15.3574	355613.1593	355613.4604	1.0000	1.0000	0.0083
37tj04	1	15	1	0	1.0000	0.0000	1.0000	0.2853	NaN	NaN	NaN	355615.7810	355616.1086	1.0000	1.0000	0.1425
37tj04	1	15	1	0	2.0000	0.0000	1.0000	NaN	5.2311	4.3544	14.6925	355616.8245	355617.1258	1.0000	1.0000	0.0302
37tj04	1	16	1	0	1.0000	0.0000	-1.0000	0.3041	NaN	NaN	NaN	355619.6495	355619.9794	0.0000	1.0000	0.0884
37tj04	1	16	1	0	2.0000	0.0000	1.0000	NaN	7.7279	7.6543	14.3928	355620.6301	355620.9312	1.0000	1.0000	0.0084
37tj04	1	17	1	0	1.0000	0.0000	1.0000	0.0581	NaN	NaN	NaN	355623.1624	355623.4903	0.0000	0.0000	0.3675
37tj04	1	17	1	0	2.0000	0.0000	-1.0000	NaN	2.2669	-2.5326	14.2702	355624.3895	355624.6906	0.0000	1.0000	0.2711
37tj04	1	18	1	0	1.0000	0.0000	-1.0000	0.0361	NaN	NaN	NaN	355627.2944	355627.6210	0.0000	1.0000	0.2301
37tj04	1	18	1	0	2.0000	0.0000	1.0000	NaN	3.6845	5.5465	14.8040	355628.3823	355628.6845	1.0000	1.0000	0.0156
37tj04	1	19	1	0	1.0000	0.0000	-1.0000	0.1288	NaN	NaN	NaN	355630.8901	355631.2182	0.0000	1.0000	0.0894
37tj04	1	19	1	0	2.0000	0.0000	1.0000	NaN	7.7822	6.7892	14.8502	355631.8072	355632.1084	1.0000	1.0000	0.0476
37tj04	1	20	1	0	1.0000	0.0000	-1.0000	0.3951	NaN	NaN	NaN	355634.3868	355634.7140	0.0000	1.0000	0.1062
37tj04	1	20	1	0	2.0000	0.0000	1.0000	NaN	8.9742	7.8033	13.0914	355635.3749	355635.6759	1.0000	1.0000	0.0562
37tj04	1	21	1	0	1.0000	0.0000	1.0000	0.0746	NaN	NaN	NaN	355638.1152	355638.4421	1.0000	1.0000	0.2409
37tj04	1	21	1	0	2.0000	0.0000	1.0000	NaN	6.5658	7.3854	13.9941	355639.2147	355639.5157	1.0000	1.0000	0.1843
37tj04	1	22	1	0	1.0000	0.0000	-1.0000	0.0595	NaN	NaN	NaN	355642.2051	355642.5359	0.0000	1.0000	0.1963
37tj04	1	22	1	0	2.0000	0.0000	1.0000	NaN	4.7374	3.5340	15.4276	355643.2463	355643.5475	1.0000	1.0000	0.1102
37tj04	1	23	1	0	1.0000	0.0000	1.0000	0.3606	NaN	NaN	NaN	355646.2714	355646.5989	1.0000	1.0000	0.1248
37tj04	1	23	1	0	2.0000	0.0000	1.0000	NaN	8.3925	4.9476	14.3598	355647.3344	355647.6354	1.0000	1.0000	0.1767
37tj04	1	24	1	0	1.0000	0.0000	-1.0000	0.4244	NaN	NaN	NaN	355650.0510	355650.3802	0.0000	1.0000	0.1996
37tj04	1	24	1	0	2.0000	0.0000	1.0000	NaN	8.1040	8.6162	15.0340	355651.1901	355651.4914	1.0000	1.0000	0.0082
37tj04	1	25	1	0	1.0000	0.0000	-1.0000	0.3885	NaN	NaN	NaN	355653.6384	355653.9680	0.0000	1.0000	0.1321
37tj04	1	25	1	0	2.0000	0.0000	1.0000	NaN	6.8157	5.6129	13.2990	355654.6390	355654.9402	1.0000	1.0000	0.0091
37tj04	1	26	1	0	1.0000	0.0000	-1.0000	0.4634	NaN	NaN	NaN	355657.1112	355657.4384	1.0000	0.0000	0.0617
37tj04	1	26	1	0	2.0000	0.0000	-1.0000	NaN	10.1010	-12.4760	15.5865	355658.0146	355658.3156	0.0000	1.0000	0.0877
37tj04	1	27	1	0	1.0000	0.0000	1.0000	0.5029	NaN	NaN	NaN	355660.3440	355660.6710	1.0000	1.0000	0.1090
37tj04	1	27	1	0	2.0000	0.0000	1.0000	NaN	1.5544	1.4694	14.1708	355661.3916	355661.6928	0.0000	0.0000	0.1035
37tj04	1	28	1	0	1.0000	0.0000	1.0000	0.1252	NaN	NaN	NaN	355663.9216	355664.2510	1.0000	1.0000	0.1210
37tj04	1	28	1	0	2.0000	0.0000	1.0000	NaN	7.5991	6.0537	15.5449	355664.9513	355665.2525	1.0000	1.0000	0.0790
37tj04	1	29	1	0	1.0000	0.0000	-1.0000	0.0844	NaN	NaN	NaN	355667.4291	355667.7555	0.0000	1.0000	0.2317
37tj04	1	29	1	0	2.0000	0.0000	1.0000	NaN	8.6344	9.6153	14.2785	355668.5341	355668.8352	1.0000	1.0000	0.1047
37tj04	1	30	1	0	1.0000	0.0000	1.0000	0.5107	NaN	NaN	NaN	355671.5783	355671.9064	0.0000	0.0000	0.1616
37tj04	1	30	1	0	2.0000	0.0000	-1.0000	NaN	2.5000	-0.7061	14.4721	355672.5992	355672.9002	0.0000	1.0000	0.0084
37tj04	1	31	1	0	1.0000	0.0000	-1.0000	0.2812	NaN	NaN	NaN	355675.2070	355675.5353	0.0000	1.0000	0.2523
37tj04	1	31	1	0	2.0000	0.0000	1.0000	NaN	1.8380	2.0973	14.1773	355676.3359	355676.6371	1.0000	1.0000	0.0089
37tj04	1	32	1	0	1.0000	0.0000	1.0000	0.1097	NaN	NaN	NaN	355678.6926	355679.0195	1.0000	1.0000	0.3203
37tj04	1	32	1	0	2.0000	0.0000	1.0000	NaN	2.2835	4.8439	14.2897	355679.9101	355680.2113	1.0000	1.0000	0.1770
37tj04	1	33	1	0	1.0000	0.0000	1.0000	0.1626	NaN	NaN	NaN	355682.5090	355682.8402	1.0000	1.0000	0.2176
37tj04	1	33	1	0	2.0000	0.0000	1.0000	NaN	3.6186	3.1718	15.2029	355683.6007	355683.9019	1.0000	1.0000	0.3239
37tj04	1	34	1	0	1.0000	0.0000	1.0000	0.0707	NaN	NaN	NaN	355686.2841	355686.6107	0.0000	0.0000	0.5680
37tj04	1	34	1	0	2.0000	0.0000	-1.0000	NaN	1.0756	-1.4264	14.5330	355687.7432	355688.0442	1.0000	0.0000	0.3753
37tj04	1	35	1	0	1.0000	0.0000	-1.0000	0.3951	NaN	NaN	NaN	355691.1382	355691.4648	0.0000	1.0000	0.4031
37tj04	1	35	1	0	2.0000	0.0000	1.0000	NaN	6.4108	5.6138	17.0091	355692.4377	355692.7387	1.0000	1.0000	0.0086
37tj04	1	36	1	0	1.0000	0.0000	-1.0000	0.1958	NaN	NaN	NaN	355694.9861	355695.3141	0.0000	1.0000	0.3536
37tj04	1	36	1	0	2.0000	0.0000	1.0000	NaN	4.8487	3.6378	15.9111	355696.2137	355696.5148	1.0000	1.0000	0.0084
37tj04	1	37	1	0	1.0000	0.0000	1.0000	0.3417	NaN	NaN	NaN	355698.9384	355699.2654	1.0000	1.0000	0.2019
37tj04	1	37	1	0	2.0000	0.0000	1.0000	NaN	9.1803	10.1285	15.8389	355700.0308	355700.3319	1.0000	1.0000	0.0086
37tj04	1	38	1	0	1.0000	0.0000	1.0000	0.3781	NaN	NaN	NaN	355702.5893	355702.9188	1.0000	1.0000	0.2907
37tj04	1	38	1	0	2.0000	0.0000	1.0000	NaN	2.8409	4.1781	15.2062	355703.7581	355704.0591	1.0000	1.0000	0.0304
37tj04	1	39	1	0	1.0000	0.0000	-1.0000	0.3763	NaN	NaN	NaN	355706.7304	355707.0575	0.0000	1.0000	0.2723
37tj04	1	39	1	0	2.0000	0.0000	1.0000	NaN	5.7221	4.1625	14.2445	355707.9037	355708.2047	1.0000	1.0000	0.0130
37tj04	1	40	1	0	1.0000	0.0000	1.0000	0.0683	NaN	NaN	NaN	355710.3828	355710.7108	0.0000	0.0000	0.1493
37tj04	1	40	1	0	2.0000	0.0000	-1.0000	NaN	4.4257	-4.1706	14.5464	355711.4075	355711.7085	0.0000	1.0000	0.2212
37tj04	1	41	1	0	1.0000	0.0000	1.0000	0.4532	NaN	NaN	NaN	355713.9799	355714.3084	1.0000	1.0000	0.2453
37tj04	1	41	1	0	2.0000	0.0000	1.0000	NaN	2.0495	1.9027	13.8481	355715.1424	355715.4434	1.0000	1.0000	0.0085
37tj04	1	42	1	0	1.0000	0.0000	1.0000	0.4455	NaN	NaN	NaN	355717.6728	355717.9996	1.0000	1.0000	0.1860
37tj04	1	42	1	0	2.0000	0.0000	1.0000	NaN	0.3193	0.5693	13.7000	355718.7837	355719.0851	1.0000	1.0000	0.0786
37tj04	1	43	1	0	1.0000	0.0000	-1.0000	0.0726	NaN	NaN	NaN	355721.5670	355721.8938	1.0000	0.0000	0.2140
37tj04	1	43	1	0	2.0000	0.0000	-1.0000	NaN	2.8278	-3.0886	16.3715	355722.6777	355722.9789	0.0000	1.0000	0.2639
37tj04	1	44	1	0	1.0000	0.0000	1.0000	0.3129	NaN	NaN	NaN	355725.3080	355725.6360	1.0000	1.0000	0.2641
37tj04	1	44	1	0	2.0000	0.0000	1.0000	NaN	8.2835	9.2012	16.4990	355726.5043	355726.8060	1.0000	1.0000	0.0438
37tj04	1	45	1	0	1.0000	0.0000	1.0000	0.2904	NaN	NaN	NaN	355729.1898	355729.5193	1.0000	1.0000	0.2046
37tj04	1	45	1	0	2.0000	0.0000	1.0000	NaN	8.6187	7.5796	16.5663	355730.2941	355730.5952	1.0000	1.0000	0.0465
37tj04	1	46	1	0	1.0000	0.0000	1.0000	0.1103	NaN	NaN	NaN	355733.0065	355733.3338	1.0000	1.0000	0.0931
37tj04	1	46	1	0	2.0000	0.0000	1.0000	NaN	6.4558	6.2524	15.5555	355733.9903	355734.2914	1.0000	1.0000	0.1422
37tj04	1	47	1	0	1.0000	0.0000	1.0000	0.0023	NaN	NaN	NaN	355736.8078	355737.1355	1.0000	1.0000	0.1723
37tj04	1	47	1	0	2.0000	0.0000	1.0000	NaN	7.2463	7.9059	15.8228	355737.8540	355738.1553	1.0000	1.0000	0.0324
37tj04	1	48	1	0	1.0000	0.0000	-1.0000	0.1383	NaN	NaN	NaN	355740.3015	355740.6278	1.0000	0.0000	0.0859
37tj04	1	48	1	0	2.0000	0.0000	-1.0000	NaN	2.1979	-0.2297	15.9089	355741.2702	355741.5714	1.0000	0.0000	0.0567
37tj04	1	49	1	0	1.0000	0.0000	-1.0000	0.0064	NaN	NaN	NaN	355743.9091	355744.2360	0.0000	1.0000	0.1898
37tj04	1	49	1	0	2.0000	0.0000	1.0000	NaN	5.3151	5.8251	13.5972	355745.0300	355745.3310	1.0000	1.0000	0.0548
37tj04	1	50	1	0	1.0000	0.0000	-1.0000	0.1098	NaN	NaN	NaN	355747.7095	355748.0377	1.0000	0.0000	0.0360
37tj04	1	50	1	0	2.0000	0.0000	-1.0000	NaN	7.3594	-8.6562	15.3868	355748.6074	355748.9086	1.0000	0.0000	0.0956
37tj04	2	1	1	0	1.0000	0.0000	1.0000	0.4213	NaN	NaN	NaN	355766.1829	355766.5103	1.0000	1.0000	0.3155
37tj04	2	1	1	0	2.0000	0.0000	1.0000	NaN	8.3523	8.9276	14.7276	355767.4152	355767.7165	1.0000	1.0000	0.0083
37tj04	2	2	1	0	1.0000	0.0000	-1.0000	0.1292	NaN	NaN	NaN	355770.2637	355770.5923	0.0000	1.0000	0.1775
37tj04	2	2	1	0	2.0000	0.0000	1.0000	NaN	2.1148	2.6094	15.3913	355771.3359	355771.6371	1.0000	1.0000	0.0085
37tj04	2	3	1	0	1.0000	0.0000	-1.0000	0.0516	NaN	NaN	NaN	355773.9690	355774.2953	1.0000	0.0000	0.1240
37tj04	2	3	1	0	2.0000	0.0000	-1.0000	NaN	4.8937	-6.1937	14.6348	355775.0224	355775.3234	0.0000	1.0000	0.1103
37tj04	2	4	1	0	1.0000	0.0000	1.0000	0.4799	NaN	NaN	NaN	355777.5081	355777.8364	1.0000	1.0000	0.1363
37tj04	2	4	1	0	2.0000	0.0000	1.0000	NaN	9.8916	9.6280	14.9632	355778.5747	355778.8757	1.0000	1.0000	0.0082
37tj04	2	5	1	0	1.0000	0.0000	1.0000	0.2043	NaN	NaN	NaN	355781.3306	355781.6579	0.0000	0.0000	0.1217
37tj04	2	5	1	0	2.0000	0.0000	-1.0000	NaN	1.8950	-1.4465	16.9982	355782.3258	355782.6268	0.0000	1.0000	0.0869
37tj04	2	6	1	0	1.0000	0.0000	-1.0000	0.1625	NaN	NaN	NaN	355784.9372	355785.2659	0.0000	1.0000	0.2318
37tj04	2	6	1	0	2.0000	0.0000	1.0000	NaN	3.6548	1.8133	15.8135	355786.0703	355786.3714	1.0000	1.0000	0.1607
37tj04	2	7	1	0	1.0000	0.0000	1.0000	0.0006	NaN	NaN	NaN	355789.0024	355789.3293	0.0000	0.0000	0.2510
37tj04	2	7	1	0	2.0000	0.0000	-1.0000	NaN	9.9431	-11.1083	14.1008	355790.1353	355790.4369	1.0000	0.0000	0.0084
37tj04	2	8	1	0	1.0000	0.0000	-1.0000	0.4021	NaN	NaN	NaN	355792.8595	355793.1879	0.0000	1.0000	0.1282
37tj04	2	8	1	0	2.0000	0.0000	1.0000	NaN	10.0588	9.6535	13.0080	355793.8636	355794.1646	1.0000	1.0000	0.0395
37tj04	2	9	1	0	1.0000	0.0000	1.0000	0.1026	NaN	NaN	NaN	355796.1339	355796.4624	0.0000	0.0000	0.2833
37tj04	2	9	1	0	2.0000	0.0000	-1.0000	NaN	5.4491	-3.7756	16.0403	355797.3266	355797.6288	0.0000	1.0000	0.1971
37tj04	2	10	1	0	1.0000	0.0000	-1.0000	0.0298	NaN	NaN	NaN	355800.0320	355800.3591	1.0000	0.0000	0.2667
37tj04	2	10	1	0	2.0000	0.0000	-1.0000	NaN	6.8708	-7.7134	14.6791	355801.1990	355801.5000	0.0000	1.0000	0.1910
37tj04	2	11	1	0	1.0000	0.0000	-1.0000	0.3789	NaN	NaN	NaN	355804.2232	355804.5504	0.0000	1.0000	0.2619
37tj04	2	11	1	0	2.0000	0.0000	1.0000	NaN	9.7278	10.8557	14.1523	355805.3680	355805.6690	1.0000	1.0000	0.0083
37tj04	2	12	1	0	1.0000	0.0000	1.0000	0.0210	NaN	NaN	NaN	355808.1880	355808.5156	1.0000	1.0000	0.2942
37tj04	2	12	1	0	2.0000	0.0000	1.0000	NaN	8.3495	9.7093	14.2855	355809.3828	355809.6838	1.0000	1.0000	0.0959
37tj04	2	13	1	0	1.0000	0.0000	-1.0000	0.5148	NaN	NaN	NaN	355811.8766	355812.2049	0.0000	1.0000	0.2470
37tj04	2	13	1	0	2.0000	0.0000	1.0000	NaN	1.5653	1.5495	13.0875	355813.0150	355813.3162	1.0000	1.0000	0.0084
37tj04	2	14	1	0	1.0000	0.0000	1.0000	0.0252	NaN	NaN	NaN	355815.5653	355815.8962	0.0000	0.0000	0.2430
37tj04	2	14	1	0	2.0000	0.0000	-1.0000	NaN	4.9525	-4.9214	13.1749	355816.6633	355816.9643	1.0000	0.0000	0.0295
37tj04	2	15	1	0	1.0000	0.0000	1.0000	0.4130	NaN	NaN	NaN	355819.2338	355819.5624	0.0000	0.0000	0.1297
37tj04	2	15	1	0	2.0000	0.0000	-1.0000	NaN	7.7194	-7.3629	15.3782	355820.2226	355820.5240	0.0000	1.0000	0.0084
37tj04	2	16	1	0	1.0000	0.0000	-1.0000	0.4033	NaN	NaN	NaN	355823.0979	355823.4323	0.0000	1.0000	0.1456
37tj04	2	16	1	0	2.0000	0.0000	1.0000	NaN	10.4435	7.3827	14.8957	355824.1278	355824.4289	1.0000	1.0000	0.0084
37tj04	2	17	1	0	1.0000	0.0000	-1.0000	0.4633	NaN	NaN	NaN	355826.6412	355826.9688	0.0000	1.0000	0.1531
37tj04	2	17	1	0	2.0000	0.0000	1.0000	NaN	2.8653	1.4224	15.4658	355827.7025	355828.0037	1.0000	1.0000	0.0085
37tj04	2	18	1	0	1.0000	0.0000	1.0000	0.0218	NaN	NaN	NaN	355829.9953	355830.3223	0.0000	0.0000	0.2891
37tj04	2	18	1	0	2.0000	0.0000	-1.0000	NaN	2.8561	-4.2790	15.2386	355831.1917	355831.4929	0.0000	1.0000	0.1674
37tj04	2	19	1	0	1.0000	0.0000	-1.0000	0.1762	NaN	NaN	NaN	355833.9319	355834.2599	0.0000	1.0000	0.1914
37tj04	2	19	1	0	2.0000	0.0000	1.0000	NaN	5.8521	7.0079	14.3543	355834.9995	355835.3007	1.0000	1.0000	0.0085
37tj04	2	20	1	0	1.0000	0.0000	1.0000	0.0132	NaN	NaN	NaN	355837.4552	355837.7830	0.0000	0.0000	0.1563
37tj04	2	20	1	0	2.0000	0.0000	-1.0000	NaN	1.6481	-1.8627	14.1011	355838.5105	355838.8118	1.0000	0.0000	0.1116
37tj04	2	21	1	0	1.0000	0.0000	1.0000	0.2452	NaN	NaN	NaN	355841.0717	355841.4004	1.0000	1.0000	0.2116
37tj04	2	21	1	0	2.0000	0.0000	1.0000	NaN	2.0081	1.8665	13.5978	355842.1988	355842.4999	1.0000	1.0000	0.0638
37tj04	2	22	1	0	1.0000	0.0000	-1.0000	0.1350	NaN	NaN	NaN	355844.7193	355845.0472	0.0000	1.0000	0.1466
37tj04	2	22	1	0	2.0000	0.0000	1.0000	NaN	0.1086	0.4317	15.7055	355845.7905	355846.0916	1.0000	1.0000	0.0301
37tj04	2	23	1	0	1.0000	0.0000	-1.0000	0.1237	NaN	NaN	NaN	355848.2621	355848.5921	0.0000	1.0000	0.1458
37tj04	2	23	1	0	2.0000	0.0000	1.0000	NaN	9.8485	10.7804	15.2597	355849.2948	355849.5960	1.0000	1.0000	0.0698
37tj04	2	24	1	0	1.0000	0.0000	1.0000	0.1292	NaN	NaN	NaN	355851.9819	355852.3094	0.0000	0.0000	0.1903
37tj04	2	24	1	0	2.0000	0.0000	-1.0000	NaN	7.4720	-8.0677	13.9626	355853.0707	355853.3718	0.0000	1.0000	0.1601
37tj04	2	25	1	0	1.0000	0.0000	1.0000	0.1909	NaN	NaN	NaN	355855.9538	355856.2808	1.0000	1.0000	0.1711
37tj04	2	25	1	0	2.0000	0.0000	1.0000	NaN	3.4449	3.5546	15.2707	355857.0312	355857.3324	1.0000	1.0000	0.0232
37tj04	2	26	1	0	1.0000	0.0000	1.0000	0.3010	NaN	NaN	NaN	355859.8775	355860.2049	1.0000	1.0000	0.1189
37tj04	2	26	1	0	2.0000	0.0000	1.0000	NaN	1.8693	2.6999	14.7638	355860.8962	355861.1973	1.0000	1.0000	0.1406
37tj04	2	27	1	0	1.0000	0.0000	1.0000	0.5110	NaN	NaN	NaN	355863.6797	355864.0061	1.0000	1.0000	0.1825
37tj04	2	27	1	0	2.0000	0.0000	1.0000	NaN	0.4176	0.7404	15.7120	355864.7375	355865.0384	0.0000	0.0000	0.1558
37tj04	2	28	1	0	1.0000	0.0000	1.0000	0.3265	NaN	NaN	NaN	355867.8332	355868.1609	1.0000	1.0000	0.1228
37tj04	2	28	1	0	2.0000	0.0000	1.0000	NaN	5.0537	6.6351	14.7111	355868.8700	355869.1710	1.0000	1.0000	0.1292
37tj04	2	29	1	0	1.0000	0.0000	-1.0000	0.2719	NaN	NaN	NaN	355871.4465	355871.7745	0.0000	1.0000	0.1892
37tj04	2	29	1	0	2.0000	0.0000	1.0000	NaN	7.2231	8.0161	14.1813	355872.5023	355872.8036	1.0000	1.0000	0.0084
37tj04	2	30	1	0	1.0000	0.0000	1.0000	0.2263	NaN	NaN	NaN	355874.7928	355875.1202	1.0000	1.0000	0.0504
37tj04	2	30	1	0	2.0000	0.0000	1.0000	NaN	4.3048	3.9674	13.9511	355875.7199	355876.0211	1.0000	1.0000	0.0939
37tj04	2	31	1	0	1.0000	0.0000	-1.0000	0.1323	NaN	NaN	NaN	355878.2206	355878.5490	1.0000	0.0000	0.0368
37tj04	2	31	1	0	2.0000	0.0000	-1.0000	NaN	6.1809	-5.5714	15.1755	355879.1343	355879.4355	0.0000	1.0000	0.1022
37tj04	2	32	1	0	1.0000	0.0000	1.0000	0.0030	NaN	NaN	NaN	355882.0627	355882.3907	1.0000	1.0000	0.0359
37tj04	2	32	1	0	2.0000	0.0000	1.0000	NaN	3.8104	4.2488	15.4619	355882.9674	355883.2686	1.0000	1.0000	0.1439
37tj04	2	33	1	0	1.0000	0.0000	-1.0000	0.1072	NaN	NaN	NaN	355885.5265	355885.8555	1.0000	0.0000	0.1943
37tj04	2	33	1	0	2.0000	0.0000	-1.0000	NaN	9.9585	-11.0781	15.5504	355886.6067	355886.9077	0.0000	1.0000	0.0625
37tj04	2	34	1	0	1.0000	0.0000	1.0000	0.2582	NaN	NaN	NaN	355889.3693	355889.6957	1.0000	1.0000	0.2524
37tj04	2	34	1	0	2.0000	0.0000	1.0000	NaN	7.5571	7.5867	14.8603	355890.5108	355890.8122	1.0000	1.0000	0.1610
37tj04	2	35	1	0	1.0000	0.0000	1.0000	0.4524	NaN	NaN	NaN	355893.3119	355893.6400	1.0000	1.0000	0.1959
37tj04	2	35	1	0	2.0000	0.0000	1.0000	NaN	9.8038	8.1579	15.0590	355894.4061	355894.7073	1.0000	1.0000	0.0306
37tj04	2	36	1	0	1.0000	0.0000	-1.0000	0.4975	NaN	NaN	NaN	355897.0197	355897.3477	0.0000	1.0000	0.1600
37tj04	2	36	1	0	2.0000	0.0000	1.0000	NaN	4.3743	2.5537	15.7726	355898.0626	355898.3641	1.0000	1.0000	0.0080
37tj04	2	37	1	0	1.0000	0.0000	1.0000	0.2304	NaN	NaN	NaN	355900.0903	355900.4195	0.0000	0.0000	0.1124
37tj04	2	37	1	0	2.0000	0.0000	-1.0000	NaN	0.0448	-2.0213	14.9719	355901.0882	355901.3891	1.0000	0.0000	0.0148
37tj04	2	38	1	0	1.0000	0.0000	1.0000	0.4707	NaN	NaN	NaN	355903.8295	355904.1588	1.0000	1.0000	0.1630
37tj04	2	38	1	0	2.0000	0.0000	1.0000	NaN	2.5278	2.7324	13.8640	355904.9267	355905.2279	1.0000	1.0000	0.0864
37tj04	2	39	1	0	1.0000	0.0000	-1.0000	0.2007	NaN	NaN	NaN	355907.7962	355908.1238	0.0000	1.0000	0.1754
37tj04	2	39	1	0	2.0000	0.0000	1.0000	NaN	10.4720	10.4087	14.4709	355908.8384	355909.1394	1.0000	1.0000	0.0084
37tj04	2	40	1	0	1.0000	0.0000	1.0000	0.0002	NaN	NaN	NaN	355911.0568	355911.3835	1.0000	1.0000	0.1395
37tj04	2	40	1	0	2.0000	0.0000	1.0000	NaN	2.5264	2.2487	14.0311	355912.1109	355912.4122	0.0000	0.0000	0.2474
37tj04	2	41	1	0	1.0000	0.0000	-1.0000	0.2392	NaN	NaN	NaN	355914.8072	355915.1359	0.0000	1.0000	0.2440
37tj04	2	41	1	0	2.0000	0.0000	1.0000	NaN	9.1627	8.1706	15.7410	355915.9264	355916.2273	1.0000	1.0000	0.0084
37tj04	2	42	1	0	1.0000	0.0000	1.0000	0.2839	NaN	NaN	NaN	355918.0661	355918.3922	1.0000	1.0000	0.0896
37tj04	2	42	1	0	2.0000	0.0000	1.0000	NaN	8.2252	6.6923	14.2071	355919.0644	355919.3654	0.0000	0.0000	0.0855
37tj04	2	43	1	0	1.0000	0.0000	1.0000	0.0096	NaN	NaN	NaN	355921.7797	355922.1075	0.0000	0.0000	0.1344
37tj04	2	43	1	0	2.0000	0.0000	-1.0000	NaN	4.6708	-5.2159	14.3846	355922.8311	355923.1322	1.0000	0.0000	0.0084
37tj04	2	44	1	0	1.0000	0.0000	-1.0000	0.3777	NaN	NaN	NaN	355925.5128	355925.8404	0.0000	1.0000	0.0993
37tj04	2	44	1	0	2.0000	0.0000	1.0000	NaN	9.6692	8.7738	13.9504	355926.5265	355926.8277	1.0000	1.0000	0.0558
37tj04	2	45	1	0	1.0000	0.0000	-1.0000	0.1490	NaN	NaN	NaN	355929.4907	355929.8189	0.0000	1.0000	0.1509
37tj04	2	45	1	0	2.0000	0.0000	1.0000	NaN	0.3427	1.0149	15.7670	355930.5281	355930.8291	1.0000	1.0000	0.0288
37tj04	2	46	1	0	1.0000	0.0000	1.0000	0.5082	NaN	NaN	NaN	355932.8236	355933.1511	1.0000	1.0000	0.0999
37tj04	2	46	1	0	2.0000	0.0000	1.0000	NaN	9.5946	10.0749	15.7671	355933.8069	355934.1079	1.0000	1.0000	0.0956
37tj04	2	47	1	0	1.0000	0.0000	1.0000	0.1100	NaN	NaN	NaN	355936.1918	355936.5198	1.0000	1.0000	0.1380
37tj04	2	47	1	0	2.0000	0.0000	1.0000	NaN	0.2229	1.2829	15.7036	355937.2319	355937.5329	0.0000	0.0000	0.1330
37tj04	2	48	1	0	1.0000	0.0000	1.0000	0.0220	NaN	NaN	NaN	355939.9273	355940.2539	0.0000	0.0000	0.1980
37tj04	2	48	1	0	2.0000	0.0000	-1.0000	NaN	8.9602	-7.6124	14.4342	355941.0318	355941.3330	1.0000	0.0000	0.0929
37tj04	2	49	1	0	1.0000	0.0000	1.0000	0.0025	NaN	NaN	NaN	355943.6841	355944.0109	0.0000	0.0000	0.2167
37tj04	2	49	1	0	2.0000	0.0000	-1.0000	NaN	3.0608	-4.8796	15.5792	355944.7589	355945.0601	0.0000	1.0000	0.1258
37tj04	2	50	1	0	1.0000	0.0000	-1.0000	0.0624	NaN	NaN	NaN	355947.5852	355947.9117	1.0000	0.0000	0.1477
37tj04	2	50	1	0	2.0000	0.0000	-1.0000	NaN	9.4641	-7.7551	13.4010	355948.6006	355948.9017	0.0000	1.0000	0.1184
37tj04	3	1	1	0	1.0000	0.0000	-1.0000	0.3723	NaN	NaN	NaN	355953.2683	355953.5956	0.0000	1.0000	0.2797
37tj04	3	1	1	0	2.0000	0.0000	1.0000	NaN	0.3686	0.0001	13.3029	355954.4320	355954.7330	1.0000	1.0000	0.1249
37tj04	3	2	1	0	1.0000	0.0000	-1.0000	0.1947	NaN	NaN	NaN	355956.9325	355957.2610	0.0000	1.0000	0.1430
37tj04	3	2	1	0	2.0000	0.0000	1.0000	NaN	0.5026	1.8161	15.9671	355957.9284	355958.2298	1.0000	1.0000	0.2304
37tj04	3	3	1	0	1.0000	0.0000	-1.0000	0.1662	NaN	NaN	NaN	355960.4154	355960.7440	0.0000	1.0000	0.1139
37tj04	3	3	1	0	2.0000	0.0000	1.0000	NaN	8.5967	7.3270	14.2526	355961.4139	355961.7150	1.0000	1.0000	0.1268
37tj04	3	4	1	0	1.0000	0.0000	1.0000	0.1306	NaN	NaN	NaN	355964.4076	355964.7352	0.0000	0.0000	0.2746
37tj04	3	4	1	0	2.0000	0.0000	-1.0000	NaN	4.9654	-3.9606	15.2869	355965.5592	355965.8603	0.0000	1.0000	0.1575
37tj04	3	5	1	0	1.0000	0.0000	1.0000	0.0330	NaN	NaN	NaN	355967.9755	355968.3024	0.0000	0.0000	0.1394
37tj04	3	5	1	0	2.0000	0.0000	-1.0000	NaN	1.0219	-1.0652	16.2800	355968.9840	355969.2850	0.0000	1.0000	0.1588
37tj04	3	6	1	0	1.0000	0.0000	1.0000	0.4509	NaN	NaN	NaN	355972.0747	355972.4018	1.0000	1.0000	0.1281
37tj04	3	6	1	0	2.0000	0.0000	1.0000	NaN	10.3387	10.3189	14.2676	355973.1032	355973.4046	1.0000	1.0000	0.1583
37tj04	3	7	1	0	1.0000	0.0000	-1.0000	0.3408	NaN	NaN	NaN	355975.3624	355975.6900	1.0000	0.0000	0.1541
37tj04	3	7	1	0	2.0000	0.0000	-1.0000	NaN	3.0661	-1.8741	12.5415	355976.3507	355976.6519	0.0000	1.0000	0.0086
37tj04	3	8	1	0	1.0000	0.0000	1.0000	0.0455	NaN	NaN	NaN	355978.6843	355979.0112	1.0000	1.0000	0.3049
37tj04	3	8	1	0	2.0000	0.0000	1.0000	NaN	2.1574	3.6360	14.9631	355979.8942	355980.1951	1.0000	1.0000	0.1508
37tj04	3	9	1	0	1.0000	0.0000	-1.0000	0.0092	NaN	NaN	NaN	355982.3193	355982.6489	1.0000	0.0000	0.2729
37tj04	3	9	1	0	2.0000	0.0000	-1.0000	NaN	8.1382	-8.2956	15.0847	355983.4638	355983.7648	1.0000	0.0000	0.1090
37tj04	3	10	1	0	1.0000	0.0000	-1.0000	0.0095	NaN	NaN	NaN	355986.1410	355986.4691	1.0000	0.0000	0.2219
37tj04	3	10	1	0	2.0000	0.0000	-1.0000	NaN	5.6025	-6.3513	15.3775	355987.2451	355987.5461	0.0000	1.0000	0.0821
37tj04	3	11	1	0	1.0000	0.0000	-1.0000	0.2187	NaN	NaN	NaN	355990.1003	355990.4312	0.0000	1.0000	0.1964
37tj04	3	11	1	0	2.0000	0.0000	1.0000	NaN	3.8163	3.3313	15.3735	355991.1986	355991.5000	1.0000	1.0000	0.0085
37tj04	3	12	1	0	1.0000	0.0000	1.0000	0.0444	NaN	NaN	NaN	355993.6232	355993.9521	0.0000	0.0000	0.2738
37tj04	3	12	1	0	2.0000	0.0000	-1.0000	NaN	8.3504	-8.0681	15.0741	355994.8142	355995.1152	1.0000	0.0000	0.0546
37tj04	3	13	1	0	1.0000	0.0000	-1.0000	0.0109	NaN	NaN	NaN	355997.4120	355997.7386	0.0000	1.0000	0.3130
37tj04	3	13	1	0	2.0000	0.0000	1.0000	NaN	6.3347	5.3321	14.3987	355998.6219	355998.9230	1.0000	1.0000	0.2084
37tj04	3	14	1	0	1.0000	0.0000	-1.0000	0.0090	NaN	NaN	NaN	356001.2206	356001.5482	1.0000	0.0000	0.3119
37tj04	3	14	1	0	2.0000	0.0000	-1.0000	NaN	9.8173	-9.6598	14.2270	356002.3744	356002.6754	0.0000	1.0000	0.1836
37tj04	3	15	1	0	1.0000	0.0000	1.0000	0.3983	NaN	NaN	NaN	356004.8005	356005.1283	1.0000	1.0000	0.2106
37tj04	3	15	1	0	2.0000	0.0000	1.0000	NaN	0.0673	1.9259	16.1745	356005.9100	356006.2110	1.0000	1.0000	0.1446
37tj04	3	16	1	0	1.0000	0.0000	-1.0000	0.3280	NaN	NaN	NaN	356008.4067	356008.7362	0.0000	1.0000	0.1552
37tj04	3	16	1	0	2.0000	0.0000	1.0000	NaN	3.9065	4.6254	13.8009	356009.4621	356009.7632	1.0000	1.0000	4.5035
37tj04	3	17	1	0	1.0000	0.0000	-1.0000	0.0997	NaN	NaN	NaN	356016.4233	356016.7495	1.0000	0.0000	0.4125
37tj04	3	17	1	0	2.0000	0.0000	-1.0000	NaN	8.5191	-8.0721	15.1926	356017.6708	356017.9721	0.0000	1.0000	0.0235
37tj04	3	18	1	0	1.0000	0.0000	-1.0000	0.1526	NaN	NaN	NaN	356020.4023	356020.7294	0.0000	1.0000	0.2268
37tj04	3	18	1	0	2.0000	0.0000	1.0000	NaN	8.4674	8.3908	15.9032	356021.5103	356021.8113	1.0000	1.0000	0.0084
37tj04	3	19	1	0	1.0000	0.0000	-1.0000	0.3168	NaN	NaN	NaN	356024.3388	356024.6662	0.0000	1.0000	0.2397
37tj04	3	19	1	0	2.0000	0.0000	1.0000	NaN	7.3872	8.9651	15.9831	356025.4863	356025.7875	1.0000	1.0000	0.0085
37tj04	3	20	1	0	1.0000	0.0000	1.0000	0.3760	NaN	NaN	NaN	356028.0620	356028.3893	1.0000	1.0000	0.1485
37tj04	3	20	1	0	2.0000	0.0000	1.0000	NaN	4.7005	5.2100	15.3116	356029.0801	356029.3811	1.0000	1.0000	0.1487
37tj04	3	21	1	0	1.0000	0.0000	1.0000	0.4340	NaN	NaN	NaN	356031.4714	356031.7991	1.0000	1.0000	0.0841
37tj04	3	21	1	0	2.0000	0.0000	1.0000	NaN	1.1665	0.3199	15.6287	356032.4483	356032.7493	0.0000	0.0000	0.2144
37tj04	3	22	1	0	1.0000	0.0000	-1.0000	0.1278	NaN	NaN	NaN	356035.2843	356035.6120	1.0000	0.0000	0.2219
37tj04	3	22	1	0	2.0000	0.0000	-1.0000	NaN	1.2262	-2.3910	15.9204	356036.3755	356036.6767	1.0000	0.0000	0.1993
37tj04	3	23	1	0	1.0000	0.0000	-1.0000	0.2117	NaN	NaN	NaN	356038.8719	356039.1997	0.0000	1.0000	0.2129
37tj04	3	23	1	0	2.0000	0.0000	1.0000	NaN	6.3263	7.7782	15.0082	356039.9434	356040.2446	1.0000	1.0000	4.4782
37tj04	3	24	1	0	1.0000	0.0000	-1.0000	0.3322	NaN	NaN	NaN	356046.7316	356047.0616	0.0000	1.0000	0.2042
37tj04	3	24	1	0	2.0000	0.0000	1.0000	NaN	9.5418	9.6841	15.3432	356047.8154	356048.1166	1.0000	1.0000	0.2612
37tj04	3	25	1	0	1.0000	0.0000	1.0000	0.0922	NaN	NaN	NaN	356050.9358	356051.2631	0.0000	0.0000	0.3093
37tj04	3	25	1	0	2.0000	0.0000	-1.0000	NaN	4.4770	-4.8379	14.8145	356052.1106	356052.4120	0.0000	1.0000	0.1917
37tj04	3	26	1	0	1.0000	0.0000	-1.0000	0.2744	NaN	NaN	NaN	356054.9278	356055.2571	0.0000	1.0000	0.2342
37tj04	3	26	1	0	2.0000	0.0000	1.0000	NaN	8.2611	8.5376	14.8753	356056.0300	356056.3310	1.0000	1.0000	0.0228
37tj04	3	27	1	0	1.0000	0.0000	-1.0000	0.0364	NaN	NaN	NaN	356058.6798	356059.0086	0.0000	1.0000	0.1305
37tj04	3	27	1	0	2.0000	0.0000	1.0000	NaN	0.0876	0.8302	14.3154	356059.6747	356059.9758	0.0000	0.0000	0.2356
37tj04	3	28	1	0	1.0000	0.0000	-1.0000	0.3330	NaN	NaN	NaN	356062.0366	356062.3642	0.0000	1.0000	0.1177
37tj04	3	28	1	0	2.0000	0.0000	1.0000	NaN	9.9899	9.5901	16.3010	356063.0163	356063.3175	1.0000	1.0000	0.0083
37tj04	3	29	1	0	1.0000	0.0000	-1.0000	0.3419	NaN	NaN	NaN	356065.7392	356066.0649	0.0000	1.0000	0.1074
37tj04	3	29	1	0	2.0000	0.0000	1.0000	NaN	6.5339	6.1125	14.3898	356066.7183	356067.0194	1.0000	1.0000	0.0085
37tj04	3	30	1	0	1.0000	0.0000	-1.0000	0.3033	NaN	NaN	NaN	356068.9611	356069.2890	0.0000	1.0000	0.1305
37tj04	3	30	1	0	2.0000	0.0000	1.0000	NaN	1.2901	0.5144	15.0433	356069.9676	356070.2688	1.0000	1.0000	1.7571
37tj04	3	31	1	0	1.0000	0.0000	1.0000	0.5001	NaN	NaN	NaN	356074.2355	356074.5628	1.0000	1.0000	0.2311
37tj04	3	31	1	0	2.0000	0.0000	1.0000	NaN	3.9654	5.1984	15.5344	356075.3431	356075.6441	1.0000	1.0000	0.0318
37tj04	3	32	1	0	1.0000	0.0000	1.0000	0.1027	NaN	NaN	NaN	356078.2234	356078.5491	0.0000	0.0000	0.4780
37tj04	3	32	1	0	2.0000	0.0000	-1.0000	NaN	1.4274	-1.1124	14.3665	356079.5825	356079.8836	1.0000	0.0000	0.2943
37tj04	3	33	1	0	1.0000	0.0000	1.0000	0.2685	NaN	NaN	NaN	356082.7424	356083.0708	1.0000	1.0000	0.2692
37tj04	3	33	1	0	2.0000	0.0000	1.0000	NaN	5.9160	6.4052	14.4454	356083.8792	356084.1802	1.0000	1.0000	0.1257
37tj04	3	34	1	0	1.0000	0.0000	1.0000	0.4668	NaN	NaN	NaN	356086.4886	356086.8178	1.0000	1.0000	0.2823
37tj04	3	34	1	0	2.0000	0.0000	1.0000	NaN	7.0140	9.4159	14.9678	356087.6625	356087.9635	1.0000	1.0000	0.0245
37tj04	3	35	1	0	1.0000	0.0000	-1.0000	0.0273	NaN	NaN	NaN	356089.8270	356090.1546	0.0000	1.0000	0.3212
37tj04	3	35	1	0	2.0000	0.0000	1.0000	NaN	4.7498	3.1652	13.1447	356091.0222	356091.3234	0.0000	0.0000	0.3205
37tj04	3	36	1	0	1.0000	0.0000	1.0000	0.0902	NaN	NaN	NaN	356094.2267	356094.5537	1.0000	1.0000	0.2745
37tj04	3	36	1	0	2.0000	0.0000	1.0000	NaN	0.3275	1.4863	17.2888	356095.4007	356095.7018	1.0000	1.0000	0.0921
37tj04	3	37	1	0	1.0000	0.0000	1.0000	0.4257	NaN	NaN	NaN	356097.8861	356098.2127	1.0000	1.0000	0.1273
37tj04	3	37	1	0	2.0000	0.0000	1.0000	NaN	0.1456	1.4204	14.6462	356098.9121	356099.2131	1.0000	1.0000	0.0147
37tj04	3	38	1	0	1.0000	0.0000	1.0000	0.1247	NaN	NaN	NaN	356101.4245	356101.7521	1.0000	1.0000	0.2209
37tj04	3	38	1	0	2.0000	0.0000	1.0000	NaN	4.0983	5.5448	14.5000	356102.5340	356102.8353	1.0000	1.0000	0.1206
37tj04	3	39	1	0	1.0000	0.0000	-1.0000	0.2077	NaN	NaN	NaN	356105.0869	356105.4141	0.0000	1.0000	0.1878
37tj04	3	39	1	0	2.0000	0.0000	1.0000	NaN	4.5302	5.9291	15.8099	356106.1749	356106.4759	1.0000	1.0000	0.0390
37tj04	3	40	1	0	1.0000	0.0000	-1.0000	0.3145	NaN	NaN	NaN	356109.1547	356109.4813	0.0000	1.0000	0.1125
37tj04	3	40	1	0	2.0000	0.0000	1.0000	NaN	8.1786	7.5018	16.3807	356110.1343	356110.4353	1.0000	1.0000	0.0876
37tj04	3	41	1	0	1.0000	0.0000	-1.0000	0.2330	NaN	NaN	NaN	356112.4868	356112.8146	0.0000	1.0000	0.0688
37tj04	3	41	1	0	2.0000	0.0000	1.0000	NaN	3.4594	1.6180	14.5698	356113.4240	356113.7251	1.0000	1.0000	0.0791
37tj04	3	42	1	0	1.0000	0.0000	1.0000	0.1073	NaN	NaN	NaN	356116.0843	356116.4115	1.0000	1.0000	0.2155
37tj04	3	42	1	0	2.0000	0.0000	1.0000	NaN	7.9055	6.4042	13.2058	356117.2225	356117.5237	1.0000	1.0000	0.0084
37tj04	3	43	1	0	1.0000	0.0000	1.0000	0.4364	NaN	NaN	NaN	356119.8390	356120.1659	1.0000	1.0000	0.1744
37tj04	3	43	1	0	2.0000	0.0000	1.0000	NaN	0.1463	0.2666	13.5739	356120.9105	356121.2116	1.0000	1.0000	0.0083
37tj04	3	44	1	0	1.0000	0.0000	-1.0000	0.1365	NaN	NaN	NaN	356123.3009	356123.6286	0.0000	1.0000	0.1973
37tj04	3	44	1	0	2.0000	0.0000	1.0000	NaN	2.2652	2.3506	14.4504	356124.3840	356124.6851	1.0000	1.0000	0.0228
37tj04	3	45	1	0	1.0000	0.0000	-1.0000	0.1341	NaN	NaN	NaN	356127.1967	356127.5243	0.0000	1.0000	0.1096
37tj04	3	45	1	0	2.0000	0.0000	1.0000	NaN	1.6551	3.1419	15.3316	356128.2072	356128.5083	1.0000	1.0000	0.0158
37tj04	3	46	1	0	1.0000	0.0000	-1.0000	0.1801	NaN	NaN	NaN	356130.6698	356130.9972	0.0000	1.0000	0.1750
37tj04	3	46	1	0	2.0000	0.0000	1.0000	NaN	6.8228	5.3959	15.3661	356131.7344	356132.0355	1.0000	1.0000	0.0384
37tj04	3	47	1	0	1.0000	0.0000	-1.0000	0.1188	NaN	NaN	NaN	356134.6137	356134.9403	0.0000	1.0000	0.1116
37tj04	3	47	1	0	2.0000	0.0000	1.0000	NaN	5.5354	3.7359	13.5393	356135.6318	356135.9331	1.0000	1.0000	0.0092
37tj04	3	48	1	0	1.0000	0.0000	-1.0000	0.1499	NaN	NaN	NaN	356138.2380	356138.5654	0.0000	1.0000	0.0862
37tj04	3	48	1	0	2.0000	0.0000	1.0000	NaN	9.7231	9.2913	15.5264	356139.2303	356139.5313	1.0000	1.0000	0.0227
37tj04	3	49	1	0	1.0000	0.0000	1.0000	0.2889	NaN	NaN	NaN	356141.6948	356142.0222	1.0000	1.0000	0.1970
37tj04	3	49	1	0	2.0000	0.0000	1.0000	NaN	2.5850	2.1455	15.5179	356142.7987	356143.0999	1.0000	1.0000	0.0085
37tj04	3	50	1	0	1.0000	0.0000	1.0000	0.2957	NaN	NaN	NaN	356145.0728	356145.4006	1.0000	1.0000	0.1237
37tj04	3	50	1	0	2.0000	0.0000	1.0000	NaN	8.3405	5.5168	14.0441	356146.0782	356146.3794	1.0000	1.0000	0.0305
37tj04	4	1	1	0	1.0000	0.0000	1.0000	0.4634	NaN	NaN	NaN	356155.1109	356155.4377	1.0000	1.0000	0.1664
37tj04	4	1	1	0	2.0000	0.0000	1.0000	NaN	9.8339	8.1222	17.8218	356156.1828	356156.4842	1.0000	1.0000	0.0474
37tj04	4	2	1	0	1.0000	0.0000	-1.0000	0.3386	NaN	NaN	NaN	356158.8798	356159.2074	0.0000	1.0000	0.1865
37tj04	4	2	1	0	2.0000	0.0000	1.0000	NaN	9.2119	9.1018	14.0790	356159.9667	356160.2679	1.0000	1.0000	0.1020
37tj04	4	3	1	0	1.0000	0.0000	1.0000	0.3952	NaN	NaN	NaN	356162.3691	356162.7004	1.0000	1.0000	0.0615
37tj04	4	3	1	0	2.0000	0.0000	1.0000	NaN	4.4610	6.7332	13.8335	356163.3354	356163.6364	1.0000	1.0000	0.0957
37tj04	4	4	1	0	1.0000	0.0000	1.0000	0.4440	NaN	NaN	NaN	356166.2802	356166.6095	1.0000	1.0000	0.1364
37tj04	4	4	1	0	2.0000	0.0000	1.0000	NaN	9.4075	8.7550	15.2093	356167.3180	356167.6191	1.0000	1.0000	0.1608
37tj04	4	5	1	0	1.0000	0.0000	-1.0000	0.2585	NaN	NaN	NaN	356169.8769	356170.2061	0.0000	1.0000	0.1879
37tj04	4	5	1	0	2.0000	0.0000	1.0000	NaN	3.0509	5.7985	13.8398	356170.9506	356171.2518	1.0000	1.0000	0.0084
37tj04	4	6	1	0	1.0000	0.0000	-1.0000	0.1018	NaN	NaN	NaN	356173.2087	356173.5373	0.0000	1.0000	0.1228
37tj04	4	6	1	0	2.0000	0.0000	1.0000	NaN	6.6781	5.9608	15.2738	356174.2066	356174.5077	1.0000	1.0000	0.0083
37tj04	4	7	1	0	1.0000	0.0000	1.0000	0.1655	NaN	NaN	NaN	356177.0557	356177.3847	1.0000	1.0000	0.2347
37tj04	4	7	1	0	2.0000	0.0000	1.0000	NaN	4.6444	3.4227	13.4619	356178.2074	356178.5084	1.0000	1.0000	0.0082
37tj04	4	8	1	0	1.0000	0.0000	1.0000	0.3686	NaN	NaN	NaN	356181.1065	356181.4329	1.0000	1.0000	0.1531
37tj04	4	8	1	0	2.0000	0.0000	1.0000	NaN	10.5438	9.6713	14.5856	356182.1757	356182.4768	1.0000	1.0000	0.0088
37tj04	4	9	1	0	1.0000	0.0000	-1.0000	0.3973	NaN	NaN	NaN	356184.9913	356185.3182	0.0000	1.0000	0.2605
37tj04	4	9	1	0	2.0000	0.0000	1.0000	NaN	0.7873	0.2580	13.8560	356186.1779	356186.4789	1.0000	1.0000	0.0085
37tj04	4	10	1	0	1.0000	0.0000	1.0000	0.5099	NaN	NaN	NaN	356188.3599	356188.6883	1.0000	1.0000	0.1456
37tj04	4	10	1	0	2.0000	0.0000	1.0000	NaN	0.8662	0.5559	14.7425	356189.4415	356189.7426	1.0000	1.0000	0.0085
37tj04	4	11	1	0	1.0000	0.0000	1.0000	0.3250	NaN	NaN	NaN	356191.9219	356192.2483	1.0000	1.0000	0.1217
37tj04	4	11	1	0	2.0000	0.0000	1.0000	NaN	9.2510	9.4456	15.0834	356192.9439	356193.2452	1.0000	1.0000	0.0083
37tj04	4	12	1	0	1.0000	0.0000	1.0000	0.3156	NaN	NaN	NaN	356195.0422	356195.3699	0.0000	0.0000	0.1383
37tj04	4	12	1	0	2.0000	0.0000	-1.0000	NaN	2.1377	-3.6367	14.3478	356196.0790	356196.3800	0.0000	1.0000	0.2389
37tj04	4	13	1	0	1.0000	0.0000	1.0000	0.2516	NaN	NaN	NaN	356199.1843	356199.5118	1.0000	1.0000	0.1796
37tj04	4	13	1	0	2.0000	0.0000	1.0000	NaN	10.4782	10.2443	15.9797	356200.2629	356200.5639	1.0000	1.0000	0.4003
37tj04	4	14	1	0	1.0000	0.0000	-1.0000	0.1259	NaN	NaN	NaN	356203.2773	356203.6052	0.0000	1.0000	0.1673
37tj04	4	14	1	0	2.0000	0.0000	1.0000	NaN	1.4226	2.7241	16.3855	356204.3103	356204.6112	1.0000	1.0000	0.0085
37tj04	4	15	1	0	1.0000	0.0000	1.0000	0.4704	NaN	NaN	NaN	356206.8665	356207.1931	1.0000	1.0000	0.0409
37tj04	4	15	1	0	2.0000	0.0000	1.0000	NaN	10.4279	9.1311	17.0743	356207.8311	356208.1321	1.0000	1.0000	0.0778
37tj04	4	16	1	0	1.0000	0.0000	-1.0000	0.5126	NaN	NaN	NaN	356210.6341	356210.9611	0.0000	1.0000	0.1206
37tj04	4	16	1	0	2.0000	0.0000	1.0000	NaN	7.3262	8.1567	16.3091	356211.6222	356211.9234	1.0000	1.0000	0.0085
37tj04	4	17	1	0	1.0000	0.0000	-1.0000	0.2902	NaN	NaN	NaN	356214.4163	356214.7454	0.0000	1.0000	0.2007
37tj04	4	17	1	0	2.0000	0.0000	1.0000	NaN	0.2989	0.2528	14.5600	356215.5024	356215.8033	1.0000	1.0000	0.1357
37tj04	4	18	1	0	1.0000	0.0000	1.0000	0.1690	NaN	NaN	NaN	356218.1213	356218.4483	1.0000	1.0000	0.2039
37tj04	4	18	1	0	2.0000	0.0000	1.0000	NaN	5.5037	5.0885	14.3286	356219.2625	356219.5638	1.0000	1.0000	0.0095
37tj04	4	19	1	0	1.0000	0.0000	-1.0000	0.0246	NaN	NaN	NaN	356221.9388	356222.2690	1.0000	0.0000	0.2368
37tj04	4	19	1	0	2.0000	0.0000	-1.0000	NaN	8.1543	-5.7588	14.6870	356223.1022	356223.4034	0.0000	1.0000	0.0960
37tj04	4	20	1	0	1.0000	0.0000	-1.0000	0.2984	NaN	NaN	NaN	356225.5204	356225.8498	0.0000	1.0000	0.2826
37tj04	4	20	1	0	2.0000	0.0000	1.0000	NaN	7.8672	6.8925	14.3841	356226.6702	356226.9714	1.0000	1.0000	0.0083
37tj04	4	21	1	0	1.0000	0.0000	-1.0000	0.1127	NaN	NaN	NaN	356229.3562	356229.6821	0.0000	1.0000	0.1678
37tj04	4	21	1	0	2.0000	0.0000	1.0000	NaN	7.1532	7.1766	13.5389	356230.4007	356230.7017	1.0000	1.0000	0.0086
37tj04	4	22	1	0	1.0000	0.0000	1.0000	0.1132	NaN	NaN	NaN	356232.7734	356233.1012	1.0000	1.0000	0.2928
37tj04	4	22	1	0	2.0000	0.0000	1.0000	NaN	6.4644	8.8136	15.9566	356233.9594	356234.2604	1.0000	1.0000	0.1115
37tj04	4	23	1	0	1.0000	0.0000	-1.0000	0.2160	NaN	NaN	NaN	356236.8445	356237.1718	0.0000	1.0000	0.2405
37tj04	4	23	1	0	2.0000	0.0000	1.0000	NaN	1.3647	1.4467	15.3549	356237.9751	356238.2763	1.0000	1.0000	0.0089
37tj04	4	24	1	0	1.0000	0.0000	1.0000	0.1247	NaN	NaN	NaN	356240.6906	356241.0193	0.0000	0.0000	0.2249
37tj04	4	24	1	0	2.0000	0.0000	-1.0000	NaN	6.2156	-5.9126	15.1887	356241.7831	356242.0843	1.0000	0.0000	0.0471
37tj04	4	25	1	0	1.0000	0.0000	-1.0000	0.0114	NaN	NaN	NaN	356244.5288	356244.8565	1.0000	0.0000	0.2428
37tj04	4	25	1	0	2.0000	0.0000	-1.0000	NaN	4.5403	-3.2029	14.6144	356245.6481	356245.9498	0.0000	1.0000	0.1570
37tj04	4	26	1	0	1.0000	0.0000	1.0000	0.1739	NaN	NaN	NaN	356248.2636	356248.5919	1.0000	1.0000	0.3482
37tj04	4	26	1	0	2.0000	0.0000	1.0000	NaN	5.7364	4.9844	14.8586	356249.5201	356249.8211	1.0000	1.0000	0.0609
37tj04	4	27	1	0	1.0000	0.0000	-1.0000	0.1530	NaN	NaN	NaN	356252.4649	356252.7934	0.0000	1.0000	0.3784
37tj04	4	27	1	0	2.0000	0.0000	1.0000	NaN	8.8767	7.1575	15.8529	356253.7185	356254.0195	1.0000	1.0000	0.0085
37tj04	4	28	1	0	1.0000	0.0000	1.0000	0.0580	NaN	NaN	NaN	356255.9451	356256.2741	1.0000	1.0000	0.4493
37tj04	4	28	1	0	2.0000	0.0000	1.0000	NaN	8.9201	9.3576	15.6989	356257.2944	356257.5955	1.0000	1.0000	0.1447
37tj04	4	29	1	0	1.0000	0.0000	1.0000	0.1838	NaN	NaN	NaN	356260.3866	356260.7142	0.0000	0.0000	0.3520
37tj04	4	29	1	0	2.0000	0.0000	-1.0000	NaN	9.0146	-9.1929	14.7380	356261.6304	356261.9314	0.0000	1.0000	0.0238
37tj04	4	30	1	0	1.0000	0.0000	1.0000	0.0664	NaN	NaN	NaN	356264.3701	356264.6982	1.0000	1.0000	0.2818
37tj04	4	30	1	0	2.0000	0.0000	1.0000	NaN	0.6746	0.7162	13.6894	356265.5527	356265.8537	1.0000	1.0000	0.0380
37tj04	4	31	1	0	1.0000	0.0000	-1.0000	0.0837	NaN	NaN	NaN	356267.9656	356268.2945	0.0000	1.0000	0.5097
37tj04	4	31	1	0	2.0000	0.0000	1.0000	NaN	1.3484	0.7915	14.5134	356269.3745	356269.6755	1.0000	1.0000	0.0085
37tj04	4	32	1	0	1.0000	0.0000	-1.0000	0.3666	NaN	NaN	NaN	356271.7911	356272.1191	0.0000	1.0000	0.2349
37tj04	4	32	1	0	2.0000	0.0000	1.0000	NaN	9.5572	6.6987	15.8348	356272.9429	356273.2441	1.0000	1.0000	0.2394
37tj04	4	33	1	0	1.0000	0.0000	1.0000	0.2588	NaN	NaN	NaN	356275.7629	356276.0897	0.0000	0.0000	0.1522
37tj04	4	33	1	0	2.0000	0.0000	-1.0000	NaN	5.3325	-5.5203	14.9727	356276.7991	356277.1002	0.0000	1.0000	0.0083
37tj04	4	34	1	0	1.0000	0.0000	1.0000	0.2091	NaN	NaN	NaN	356279.4253	356279.7532	0.0000	0.0000	0.1868
37tj04	4	34	1	0	2.0000	0.0000	-1.0000	NaN	5.6194	-3.4951	13.8360	356280.5275	356280.8285	0.0000	1.0000	0.1444
37tj04	4	35	1	0	1.0000	0.0000	-1.0000	0.2603	NaN	NaN	NaN	356283.0442	356283.3707	0.0000	1.0000	0.2969
37tj04	4	35	1	0	2.0000	0.0000	1.0000	NaN	3.6855	3.4447	15.9014	356284.2141	356284.5151	1.0000	1.0000	0.0408
37tj04	4	36	1	0	1.0000	0.0000	-1.0000	0.1595	NaN	NaN	NaN	356287.0689	356287.3966	1.0000	0.0000	0.6613
37tj04	4	36	1	0	2.0000	0.0000	-1.0000	NaN	2.9854	-3.7697	15.7895	356288.6235	356288.9248	1.0000	0.0000	0.1593
37tj04	4	37	1	0	1.0000	0.0000	-1.0000	0.4840	NaN	NaN	NaN	356291.0721	356291.3997	0.0000	1.0000	0.3481
37tj04	4	37	1	0	2.0000	0.0000	1.0000	NaN	1.5570	1.3230	14.0738	356292.2873	356292.5884	1.0000	1.0000	0.0877
37tj04	4	38	1	0	1.0000	0.0000	-1.0000	0.1477	NaN	NaN	NaN	356294.9167	356295.2455	0.0000	1.0000	0.1657
37tj04	4	38	1	0	2.0000	0.0000	1.0000	NaN	5.2182	5.6019	15.3976	356295.9739	356296.2751	1.0000	1.0000	0.0892
37tj04	4	39	1	0	1.0000	0.0000	1.0000	0.1758	NaN	NaN	NaN	356298.2618	356298.5894	1.0000	1.0000	0.2464
37tj04	4	39	1	0	2.0000	0.0000	1.0000	NaN	8.5371	7.6319	15.5392	356299.3665	356299.6677	1.0000	1.0000	0.0722
37tj04	4	40	1	0	1.0000	0.0000	1.0000	0.0711	NaN	NaN	NaN	356301.7116	356302.0388	1.0000	1.0000	0.2216
37tj04	4	40	1	0	2.0000	0.0000	1.0000	NaN	5.8025	7.9501	14.2308	356302.8228	356303.1242	1.0000	1.0000	0.0618
37tj04	4	41	1	0	1.0000	0.0000	1.0000	0.4199	NaN	NaN	NaN	356305.0192	356305.3468	1.0000	1.0000	0.1772
37tj04	4	41	1	0	2.0000	0.0000	1.0000	NaN	6.3996	4.6525	14.5670	356306.0541	356306.3551	1.0000	1.0000	0.0161
37tj04	4	42	1	0	1.0000	0.0000	-1.0000	0.3017	NaN	NaN	NaN	356308.7523	356309.0786	0.0000	1.0000	0.1556
37tj04	4	42	1	0	2.0000	0.0000	1.0000	NaN	2.1093	2.5691	16.2379	356309.7902	356310.0912	1.0000	1.0000	0.0388
37tj04	4	43	1	0	1.0000	0.0000	-1.0000	0.3325	NaN	NaN	NaN	356312.2137	356312.5410	1.0000	0.0000	0.0617
37tj04	4	43	1	0	2.0000	0.0000	-1.0000	NaN	7.9912	-8.3445	14.1972	356313.1435	356313.4445	0.0000	1.0000	0.0083
37tj04	4	44	1	0	1.0000	0.0000	1.0000	0.3726	NaN	NaN	NaN	356315.3925	356315.7193	1.0000	1.0000	0.1886
37tj04	4	44	1	0	2.0000	0.0000	1.0000	NaN	4.6720	5.5210	12.9518	356316.4253	356316.7264	1.0000	1.0000	0.2055
37tj04	4	45	1	0	1.0000	0.0000	1.0000	0.3550	NaN	NaN	NaN	356319.1724	356319.5014	1.0000	1.0000	0.1646
37tj04	4	45	1	0	2.0000	0.0000	1.0000	NaN	9.6127	9.1833	15.0139	356320.1908	356320.4919	1.0000	1.0000	0.3260
37tj04	4	46	1	0	1.0000	0.0000	1.0000	0.4963	NaN	NaN	NaN	356323.0833	356323.4120	1.0000	1.0000	0.3180
37tj04	4	46	1	0	2.0000	0.0000	1.0000	NaN	6.2495	7.0705	14.6579	356324.3107	356324.6118	1.0000	1.0000	0.0960
37tj04	4	47	1	0	1.0000	0.0000	-1.0000	0.0235	NaN	NaN	NaN	356327.2134	356327.5423	0.0000	1.0000	0.2611
37tj04	4	47	1	0	2.0000	0.0000	1.0000	NaN	9.2968	11.8163	17.1285	356328.3504	356328.6515	1.0000	1.0000	0.0944
37tj04	4	48	1	0	1.0000	0.0000	-1.0000	0.4051	NaN	NaN	NaN	356330.8290	356331.1568	0.0000	1.0000	0.2317
37tj04	4	48	1	0	2.0000	0.0000	1.0000	NaN	5.3281	5.8431	14.7485	356331.9277	356332.2288	1.0000	1.0000	0.0083
37tj04	4	49	1	0	1.0000	0.0000	-1.0000	0.3648	NaN	NaN	NaN	356334.1288	356334.4561	0.0000	1.0000	0.2098
37tj04	4	49	1	0	2.0000	0.0000	1.0000	NaN	9.7576	9.5056	14.8699	356335.2062	356335.5072	1.0000	1.0000	0.0090
37tj04	4	50	1	0	1.0000	0.0000	-1.0000	0.2134	NaN	NaN	NaN	356338.0048	356338.3329	0.0000	1.0000	0.1651
37tj04	4	50	1	0	2.0000	0.0000	1.0000	NaN	5.7768	4.9781	15.7101	356339.0786	356339.3796	1.0000	1.0000	0.0084
37tj04	5	1	1	0	1.0000	0.0000	1.0000	0.1279	NaN	NaN	NaN	356346.1859	356346.5139	0.0000	0.0000	0.2890
37tj04	5	1	1	0	2.0000	0.0000	-1.0000	NaN	1.9823	-4.2775	15.4312	356347.3746	356347.6760	1.0000	0.0000	0.1099
37tj04	5	2	1	0	1.0000	0.0000	1.0000	0.0349	NaN	NaN	NaN	356349.9112	356350.2385	0.0000	0.0000	0.1714
37tj04	5	2	1	0	2.0000	0.0000	-1.0000	NaN	2.3781	-1.0775	15.0955	356350.9742	356351.2752	1.0000	0.0000	0.3346
37tj04	5	3	1	0	1.0000	0.0000	-1.0000	0.3814	NaN	NaN	NaN	356354.2152	356354.5432	0.0000	1.0000	0.1720
37tj04	5	3	1	0	2.0000	0.0000	1.0000	NaN	8.2936	9.0719	15.3831	356355.2787	356355.5799	1.0000	1.0000	0.2791
37tj04	5	4	1	0	1.0000	0.0000	-1.0000	0.0304	NaN	NaN	NaN	356358.0332	356358.3617	0.0000	1.0000	0.1778
37tj04	5	4	1	0	2.0000	0.0000	1.0000	NaN	1.3237	1.9908	16.8640	356359.0956	356359.3966	1.0000	1.0000	0.0396
37tj04	5	5	1	0	1.0000	0.0000	1.0000	0.4815	NaN	NaN	NaN	356361.9840	356362.3118	1.0000	1.0000	0.1554
37tj04	5	5	1	0	2.0000	0.0000	1.0000	NaN	3.4028	3.6489	13.4974	356363.0230	356363.3242	1.0000	1.0000	0.0082
37tj04	5	6	1	0	1.0000	0.0000	-1.0000	0.0828	NaN	NaN	NaN	356365.6976	356366.0247	0.0000	1.0000	0.3052
37tj04	5	6	1	0	2.0000	0.0000	1.0000	NaN	1.4756	0.9372	15.3538	356366.8872	356367.1882	1.0000	1.0000	0.0081
37tj04	5	7	1	0	1.0000	0.0000	1.0000	0.3724	NaN	NaN	NaN	356369.5686	356369.8973	1.0000	1.0000	0.0671
37tj04	5	7	1	0	2.0000	0.0000	1.0000	NaN	0.1405	2.4645	14.7370	356370.4935	356370.7946	1.0000	1.0000	0.0081
37tj04	5	8	1	0	1.0000	0.0000	1.0000	0.0248	NaN	NaN	NaN	356372.6354	356372.9635	1.0000	1.0000	0.1126
37tj04	5	8	1	0	2.0000	0.0000	1.0000	NaN	4.6723	3.9109	14.9758	356373.6403	356373.9415	1.0000	1.0000	0.0290
37tj04	5	9	1	0	1.0000	0.0000	-1.0000	0.3664	NaN	NaN	NaN	356376.3109	356376.6387	0.0000	1.0000	0.1255
37tj04	5	9	1	0	2.0000	0.0000	1.0000	NaN	8.0218	9.9204	15.5013	356377.3193	356377.6204	1.0000	1.0000	0.0085
37tj04	5	10	1	0	1.0000	0.0000	1.0000	0.4367	NaN	NaN	NaN	356379.8202	356380.1490	1.0000	1.0000	0.2393
37tj04	5	10	1	0	2.0000	0.0000	1.0000	NaN	3.2891	2.5532	15.3231	356380.9678	356381.2690	1.0000	1.0000	0.0150
37tj04	5	11	1	0	1.0000	0.0000	-1.0000	0.4439	NaN	NaN	NaN	356383.3478	356383.6768	0.0000	1.0000	0.0473
37tj04	5	11	1	0	2.0000	0.0000	1.0000	NaN	6.6462	6.8632	14.5767	356384.3190	356384.6201	1.0000	1.0000	0.1018
37tj04	5	12	1	0	1.0000	0.0000	-1.0000	0.4895	NaN	NaN	NaN	356386.8794	356387.2066	0.0000	1.0000	0.2202
37tj04	5	12	1	0	2.0000	0.0000	1.0000	NaN	7.3344	5.9832	14.8675	356388.0147	356388.3160	1.0000	1.0000	0.0240
37tj04	5	13	1	0	1.0000	0.0000	1.0000	0.3270	NaN	NaN	NaN	356390.3881	356390.7165	1.0000	1.0000	0.0010
37tj04	5	13	1	0	2.0000	0.0000	1.0000	NaN	8.9787	5.9568	14.9508	356391.2710	356391.5729	1.0000	1.0000	0.1593
37tj04	5	14	1	0	1.0000	0.0000	1.0000	0.4795	NaN	NaN	NaN	356394.1056	356394.4339	1.0000	1.0000	0.2247
37tj04	5	14	1	0	2.0000	0.0000	1.0000	NaN	7.2566	8.9925	13.8761	356395.2142	356395.5152	1.0000	1.0000	0.0868
37tj04	5	15	1	0	1.0000	0.0000	1.0000	0.3301	NaN	NaN	NaN	356397.4938	356397.8218	1.0000	1.0000	0.1421
37tj04	5	15	1	0	2.0000	0.0000	1.0000	NaN	0.8155	0.3216	14.9538	356398.5505	356398.8517	1.0000	1.0000	0.1206
37tj04	5	16	1	0	1.0000	0.0000	1.0000	0.0107	NaN	NaN	NaN	356401.4536	356401.7816	1.0000	1.0000	0.1578
37tj04	5	16	1	0	2.0000	0.0000	1.0000	NaN	7.1481	7.5652	15.9090	356402.5274	356402.8289	1.0000	1.0000	0.1663
37tj04	5	17	1	0	1.0000	0.0000	-1.0000	0.4160	NaN	NaN	NaN	356405.0090	356405.3395	0.0000	1.0000	0.2797
37tj04	5	17	1	0	2.0000	0.0000	1.0000	NaN	1.9902	2.1364	14.3084	356406.1991	356406.5006	1.0000	1.0000	0.0082
37tj04	5	18	1	0	1.0000	0.0000	1.0000	0.0101	NaN	NaN	NaN	356408.4986	356408.8261	1.0000	1.0000	0.0319
37tj04	5	18	1	0	2.0000	0.0000	1.0000	NaN	10.2221	11.6609	14.3821	356409.4139	356409.7151	1.0000	1.0000	0.1207
37tj04	5	19	1	0	1.0000	0.0000	-1.0000	0.1946	NaN	NaN	NaN	356412.1321	356412.4585	0.0000	1.0000	0.2255
37tj04	5	19	1	0	2.0000	0.0000	1.0000	NaN	4.4958	5.1308	14.6821	356413.2470	356413.5485	1.0000	1.0000	0.0104
37tj04	5	20	1	0	1.0000	0.0000	1.0000	0.4647	NaN	NaN	NaN	356415.8555	356416.1831	1.0000	1.0000	0.0108
37tj04	5	20	1	0	2.0000	0.0000	1.0000	NaN	7.1207	6.2207	15.1728	356416.7203	356417.0214	1.0000	1.0000	0.0082
37tj04	5	21	1	0	1.0000	0.0000	1.0000	0.1294	NaN	NaN	NaN	356419.5179	356419.8437	0.0000	0.0000	0.1287
37tj04	5	21	1	0	2.0000	0.0000	-1.0000	NaN	4.8218	-4.1564	15.2643	356420.5267	356420.8280	1.0000	0.0000	0.0087
37tj04	5	22	1	0	1.0000	0.0000	1.0000	0.2075	NaN	NaN	NaN	356423.0924	356423.4198	1.0000	1.0000	0.1604
37tj04	5	22	1	0	2.0000	0.0000	1.0000	NaN	7.8364	7.6716	14.3261	356424.1662	356424.4672	1.0000	1.0000	0.0627
37tj04	5	23	1	0	1.0000	0.0000	-1.0000	0.2309	NaN	NaN	NaN	356426.8056	356427.1335	0.0000	1.0000	0.1259
37tj04	5	23	1	0	2.0000	0.0000	1.0000	NaN	0.7600	0.2939	14.9287	356427.8418	356428.1430	1.0000	1.0000	0.0118
37tj04	5	24	1	0	1.0000	0.0000	-1.0000	0.2181	NaN	NaN	NaN	356430.5855	356430.9132	0.0000	1.0000	0.2183
37tj04	5	24	1	0	2.0000	0.0000	1.0000	NaN	6.5208	9.8536	15.4941	356431.6784	356431.9798	1.0000	1.0000	0.0085
37tj04	5	25	1	0	1.0000	0.0000	-1.0000	0.3356	NaN	NaN	NaN	356434.1778	356434.5056	0.0000	1.0000	0.1786
37tj04	5	25	1	0	2.0000	0.0000	1.0000	NaN	9.2196	9.5427	16.0293	356435.2644	356435.5656	1.0000	1.0000	0.0083
37tj04	5	26	1	0	1.0000	0.0000	-1.0000	0.0324	NaN	NaN	NaN	356437.7447	356438.0719	0.0000	1.0000	0.1860
37tj04	5	26	1	0	2.0000	0.0000	1.0000	NaN	5.6544	6.7522	14.4675	356438.8239	356439.1250	1.0000	1.0000	0.0957
37tj04	5	27	1	0	1.0000	0.0000	1.0000	0.4106	NaN	NaN	NaN	356441.6906	356442.0189	1.0000	1.0000	0.2549
37tj04	5	27	1	0	2.0000	0.0000	1.0000	NaN	6.9527	7.3533	15.6749	356442.8385	356443.1396	1.0000	1.0000	0.2568
37tj04	5	28	1	0	1.0000	0.0000	-1.0000	0.2484	NaN	NaN	NaN	356445.7854	356446.1143	0.0000	1.0000	0.5218
37tj04	5	28	1	0	2.0000	0.0000	1.0000	NaN	5.6312	4.3235	15.0732	356447.1914	356447.4925	1.0000	1.0000	0.1034
37tj04	5	29	1	0	1.0000	0.0000	1.0000	0.0176	NaN	NaN	NaN	356449.7174	356450.0443	1.0000	1.0000	0.3017
37tj04	5	29	1	0	2.0000	0.0000	1.0000	NaN	7.7067	4.7878	13.5117	356450.8975	356451.1986	1.0000	1.0000	0.2753
37tj04	5	30	1	0	1.0000	0.0000	1.0000	0.1785	NaN	NaN	NaN	356453.6834	356454.0107	1.0000	1.0000	0.3287
37tj04	5	30	1	0	2.0000	0.0000	1.0000	NaN	3.3698	1.6918	15.0136	356454.8958	356455.1969	1.0000	1.0000	0.3596
37tj04	5	31	1	0	1.0000	0.0000	1.0000	0.3988	NaN	NaN	NaN	356457.9620	356458.2880	1.0000	1.0000	0.3482
37tj04	5	31	1	0	2.0000	0.0000	1.0000	NaN	1.2357	0.9611	15.7757	356459.2071	356459.5082	1.0000	1.0000	0.0776
37tj04	5	32	1	0	1.0000	0.0000	1.0000	0.4191	NaN	NaN	NaN	356462.2106	356462.5383	1.0000	1.0000	0.2095
37tj04	5	32	1	0	2.0000	0.0000	1.0000	NaN	1.2229	0.9567	14.0924	356463.3032	356463.6044	1.0000	1.0000	0.0952
37tj04	5	33	1	0	1.0000	0.0000	1.0000	0.1939	NaN	NaN	NaN	356465.5153	356465.8433	0.0000	0.0000	0.3427
37tj04	5	33	1	0	2.0000	0.0000	-1.0000	NaN	5.2368	-2.5518	15.6437	356466.7202	356467.0212	1.0000	0.0000	0.0309
37tj04	5	34	1	0	1.0000	0.0000	1.0000	0.2748	NaN	NaN	NaN	356469.0934	356469.4210	1.0000	1.0000	0.1249
37tj04	5	34	1	0	2.0000	0.0000	1.0000	NaN	6.1737	5.6550	15.0725	356470.0956	356470.3966	1.0000	1.0000	0.0805
37tj04	5	35	1	0	1.0000	0.0000	1.0000	0.4103	NaN	NaN	NaN	356472.6987	356473.0258	1.0000	1.0000	0.0905
37tj04	5	35	1	0	2.0000	0.0000	1.0000	NaN	7.5612	6.8123	16.3348	356473.6710	356473.9720	1.0000	1.0000	0.0082
37tj04	5	36	1	0	1.0000	0.0000	-1.0000	0.1320	NaN	NaN	NaN	356476.2034	356476.5313	1.0000	0.0000	0.1905
37tj04	5	36	1	0	2.0000	0.0000	-1.0000	NaN	2.0672	-4.3068	13.9342	356477.2393	356477.5405	0.0000	1.0000	0.0086
37tj04	5	37	1	0	1.0000	0.0000	-1.0000	0.3779	NaN	NaN	NaN	356479.7998	356480.1276	0.0000	1.0000	0.1709
37tj04	5	37	1	0	2.0000	0.0000	1.0000	NaN	6.1610	5.8679	15.4506	356480.8476	356481.1488	1.0000	1.0000	0.0083
37tj04	5	38	1	0	1.0000	0.0000	1.0000	0.2785	NaN	NaN	NaN	356483.3905	356483.7184	1.0000	1.0000	0.1980
37tj04	5	38	1	0	2.0000	0.0000	1.0000	NaN	4.5360	5.1393	15.1066	356484.4964	356484.7973	1.0000	1.0000	0.0084
37tj04	5	39	1	0	1.0000	0.0000	1.0000	0.2877	NaN	NaN	NaN	356487.1691	356487.4960	1.0000	1.0000	0.1059
37tj04	5	39	1	0	2.0000	0.0000	1.0000	NaN	9.6752	11.6693	16.8923	356488.1762	356488.4774	1.0000	1.0000	0.0085
37tj04	5	40	1	0	1.0000	0.0000	1.0000	0.1996	NaN	NaN	NaN	356490.5418	356490.8703	1.0000	1.0000	0.1982
37tj04	5	40	1	0	2.0000	0.0000	1.0000	NaN	2.9172	1.5853	15.9695	356491.6154	356491.9168	1.0000	1.0000	0.1892
37tj04	5	41	1	0	1.0000	0.0000	-1.0000	0.3003	NaN	NaN	NaN	356494.3727	356494.7000	0.0000	1.0000	0.1603
37tj04	5	41	1	0	2.0000	0.0000	1.0000	NaN	2.1300	1.4555	14.9051	356495.4154	356495.7163	1.0000	1.0000	0.0083
37tj04	5	42	1	0	1.0000	0.0000	-1.0000	0.3814	NaN	NaN	NaN	356497.7722	356498.1020	0.0000	1.0000	0.1488
37tj04	5	42	1	0	2.0000	0.0000	1.0000	NaN	2.7727	2.8304	13.9131	356498.8061	356499.1075	1.0000	1.0000	0.0088
37tj04	5	43	1	0	1.0000	0.0000	-1.0000	0.5123	NaN	NaN	NaN	356501.1735	356501.5002	0.0000	1.0000	0.1659
37tj04	5	43	1	0	2.0000	0.0000	1.0000	NaN	0.7361	0.7154	14.9683	356502.2261	356502.5271	1.0000	1.0000	0.0830
37tj04	5	44	1	0	1.0000	0.0000	1.0000	0.4835	NaN	NaN	NaN	356504.4502	356504.7788	1.0000	1.0000	0.1052
37tj04	5	44	1	0	2.0000	0.0000	1.0000	NaN	5.5677	6.9811	17.5439	356505.4386	356505.7395	1.0000	1.0000	0.0084
37tj04	5	45	1	0	1.0000	0.0000	1.0000	0.1621	NaN	NaN	NaN	356508.1391	356508.4693	1.0000	1.0000	0.2472
37tj04	5	45	1	0	2.0000	0.0000	1.0000	NaN	0.9289	1.7501	15.1056	356509.2705	356509.5717	1.0000	1.0000	0.0397
37tj04	5	46	1	0	1.0000	0.0000	1.0000	0.0284	NaN	NaN	NaN	356511.8927	356512.2195	0.0000	0.0000	0.1691
37tj04	5	46	1	0	2.0000	0.0000	-1.0000	NaN	5.4856	-7.1937	14.8220	356512.9437	356513.2449	1.0000	0.0000	0.0227
37tj04	5	47	1	0	1.0000	0.0000	-1.0000	0.2969	NaN	NaN	NaN	356515.2925	356515.6202	0.0000	1.0000	0.1993
37tj04	5	47	1	0	2.0000	0.0000	1.0000	NaN	5.1868	8.7363	13.5400	356516.3667	356516.6682	1.0000	1.0000	0.0084
37tj04	5	48	1	0	1.0000	0.0000	-1.0000	0.0725	NaN	NaN	NaN	356518.7647	356519.0940	0.0000	1.0000	0.2461
37tj04	5	48	1	0	2.0000	0.0000	1.0000	NaN	5.5441	6.5270	13.3308	356519.8954	356520.1966	1.0000	1.0000	0.0694
37tj04	5	49	1	0	1.0000	0.0000	-1.0000	0.0761	NaN	NaN	NaN	356522.5664	356522.8987	0.0000	1.0000	0.1684
37tj04	5	49	1	0	2.0000	0.0000	1.0000	NaN	5.6886	7.2647	16.0820	356523.6070	356523.9080	1.0000	1.0000	0.0085
37tj04	5	50	1	0	1.0000	0.0000	-1.0000	0.2605	NaN	NaN	NaN	356526.4011	356526.7300	0.0000	1.0000	0.1440
37tj04	5	50	1	0	2.0000	0.0000	1.0000	NaN	8.4360	9.0376	14.3899	356527.4152	356527.7164	1.0000	1.0000	0.0082
37tj04	6	1	1	0	1.0000	0.0000	1.0000	0.0772	NaN	NaN	NaN	356531.5737	356531.9013	0.0000	0.0000	0.3107
37tj04	6	1	1	0	2.0000	0.0000	-1.0000	NaN	0.4081	-1.8733	16.8001	356532.7762	356533.0772	0.0000	1.0000	0.1748
37tj04	6	2	1	0	1.0000	0.0000	1.0000	0.1192	NaN	NaN	NaN	356535.6743	356536.0031	1.0000	1.0000	0.1051
37tj04	6	2	1	0	2.0000	0.0000	1.0000	NaN	1.4628	3.2886	14.3166	356536.6932	356536.9942	1.0000	1.0000	0.0503
37tj04	6	3	1	0	1.0000	0.0000	1.0000	0.3324	NaN	NaN	NaN	356539.4002	356539.7284	1.0000	1.0000	0.1536
37tj04	6	3	1	0	2.0000	0.0000	1.0000	NaN	10.2128	10.2832	16.0188	356540.4383	356540.7395	1.0000	1.0000	0.0085
37tj04	6	4	1	0	1.0000	0.0000	-1.0000	0.2784	NaN	NaN	NaN	356543.2145	356543.5424	0.0000	1.0000	0.1974
37tj04	6	4	1	0	2.0000	0.0000	1.0000	NaN	1.5943	3.3032	16.3822	356544.3188	356544.6200	1.0000	1.0000	0.0300
37tj04	6	5	1	0	1.0000	0.0000	-1.0000	0.2291	NaN	NaN	NaN	356546.9891	356547.3158	0.0000	1.0000	0.1282
37tj04	6	5	1	0	2.0000	0.0000	1.0000	NaN	2.2605	2.9376	13.7380	356547.9988	356548.2999	1.0000	1.0000	0.0700
37tj04	6	6	1	0	1.0000	0.0000	-1.0000	0.0415	NaN	NaN	NaN	356550.2186	356550.5464	0.0000	1.0000	0.1677
37tj04	6	6	1	0	2.0000	0.0000	1.0000	NaN	7.3049	6.1929	15.6347	356551.2786	356551.5798	1.0000	1.0000	0.0703
37tj04	6	7	1	0	1.0000	0.0000	-1.0000	0.0783	NaN	NaN	NaN	356553.8896	356554.2179	1.0000	0.0000	0.1201
37tj04	6	7	1	0	2.0000	0.0000	-1.0000	NaN	6.8117	-6.8618	14.9675	356554.9431	356555.2441	1.0000	0.0000	0.0963
37tj04	6	8	1	0	1.0000	0.0000	1.0000	0.4175	NaN	NaN	NaN	356557.6715	356557.9997	1.0000	1.0000	0.1951
37tj04	6	8	1	0	2.0000	0.0000	1.0000	NaN	7.0418	5.9645	15.0815	356558.7904	356559.0914	1.0000	1.0000	0.1769
37tj04	6	9	1	0	1.0000	0.0000	1.0000	0.1746	NaN	NaN	NaN	356561.7737	356562.1006	1.0000	1.0000	0.2718
37tj04	6	9	1	0	2.0000	0.0000	1.0000	NaN	3.7534	3.3880	14.5421	356562.9184	356563.2196	0.0000	0.0000	0.1126
37tj04	6	10	1	0	1.0000	0.0000	1.0000	0.4518	NaN	NaN	NaN	356565.7195	356566.0472	1.0000	1.0000	0.0928
37tj04	6	10	1	0	2.0000	0.0000	1.0000	NaN	8.9894	9.2985	14.6982	356566.7202	356567.0214	1.0000	1.0000	0.1016
37tj04	6	11	1	0	1.0000	0.0000	1.0000	0.1530	NaN	NaN	NaN	356569.6366	356569.9630	0.0000	0.0000	0.1830
37tj04	6	11	1	0	2.0000	0.0000	-1.0000	NaN	5.1466	-6.9954	14.8042	356570.7194	356571.0205	0.0000	1.0000	0.3014
37tj04	6	12	1	0	1.0000	0.0000	-1.0000	0.1159	NaN	NaN	NaN	356573.6367	356573.9639	0.0000	1.0000	0.2141
37tj04	6	12	1	0	2.0000	0.0000	1.0000	NaN	9.1784	10.6316	15.3836	356574.7520	356575.0531	1.0000	1.0000	0.0208
37tj04	6	13	1	0	1.0000	0.0000	-1.0000	0.0319	NaN	NaN	NaN	356577.4137	356577.7417	0.0000	1.0000	0.1895
37tj04	6	13	1	0	2.0000	0.0000	1.0000	NaN	8.4568	9.1173	14.7710	356578.4553	356578.7563	1.0000	1.0000	0.0087
37tj04	6	14	1	0	1.0000	0.0000	1.0000	0.1900	NaN	NaN	NaN	356580.8934	356581.2205	0.0000	0.0000	0.2135
37tj04	6	14	1	0	2.0000	0.0000	-1.0000	NaN	1.1290	-2.0225	16.0911	356581.9980	356582.2999	1.0000	0.0000	0.1193
37tj04	6	15	1	0	1.0000	0.0000	1.0000	0.2230	NaN	NaN	NaN	356584.2590	356584.5865	0.0000	0.0000	0.1935
37tj04	6	15	1	0	2.0000	0.0000	-1.0000	NaN	7.9268	-9.4015	16.0083	356585.3598	356585.6612	0.0000	1.0000	0.1249
37tj04	6	16	1	0	1.0000	0.0000	1.0000	0.2743	NaN	NaN	NaN	356588.4351	356588.7620	1.0000	1.0000	0.2565
37tj04	6	16	1	0	2.0000	0.0000	1.0000	NaN	1.1674	1.0503	13.7603	356589.5758	356589.8770	1.0000	1.0000	0.1103
37tj04	6	17	1	0	1.0000	0.0000	-1.0000	0.3843	NaN	NaN	NaN	356592.1619	356592.4895	0.0000	1.0000	0.1304
37tj04	6	17	1	0	2.0000	0.0000	1.0000	NaN	6.7066	6.8123	15.0157	356593.1596	356593.4608	1.0000	1.0000	0.0871
37tj04	6	18	1	0	1.0000	0.0000	-1.0000	0.2412	NaN	NaN	NaN	356595.5125	356595.8407	0.0000	1.0000	0.1133
37tj04	6	18	1	0	2.0000	0.0000	1.0000	NaN	1.6569	1.7009	14.3122	356596.5203	356596.8213	1.0000	1.0000	0.3189
37tj04	6	19	1	0	1.0000	0.0000	-1.0000	0.3612	NaN	NaN	NaN	356599.6880	356600.0158	0.0000	1.0000	0.0924
37tj04	6	19	1	0	2.0000	0.0000	1.0000	NaN	3.6763	5.4981	12.9522	356600.6557	356600.9568	1.0000	1.0000	0.2611
37tj04	6	20	1	0	1.0000	0.0000	1.0000	0.4636	NaN	NaN	NaN	356603.2005	356603.5286	1.0000	1.0000	0.2589
37tj04	6	20	1	0	2.0000	0.0000	1.0000	NaN	1.6266	1.4713	14.4604	356604.3734	356604.6746	1.0000	1.0000	0.2660
37tj04	6	21	1	0	1.0000	0.0000	1.0000	0.1324	NaN	NaN	NaN	356607.2712	356607.5986	0.0000	0.0000	0.1635
37tj04	6	21	1	0	2.0000	0.0000	-1.0000	NaN	5.8938	-5.5188	14.5236	356608.3361	356608.6373	0.0000	1.0000	0.1190
37tj04	6	22	1	0	1.0000	0.0000	1.0000	0.2428	NaN	NaN	NaN	356610.8359	356611.1653	1.0000	1.0000	0.1105
37tj04	6	22	1	0	2.0000	0.0000	1.0000	NaN	0.2161	1.3625	14.6988	356611.8234	356612.1246	1.0000	1.0000	0.1031
37tj04	6	23	1	0	1.0000	0.0000	1.0000	0.3227	NaN	NaN	NaN	356614.4823	356614.8099	1.0000	1.0000	0.0962
37tj04	6	23	1	0	2.0000	0.0000	1.0000	NaN	3.9475	3.3590	14.8127	356615.4876	356615.7886	1.0000	1.0000	0.1015
37tj04	6	24	1	0	1.0000	0.0000	1.0000	0.1495	NaN	NaN	NaN	356618.3724	356618.7009	1.0000	1.0000	0.2953
37tj04	6	24	1	0	2.0000	0.0000	1.0000	NaN	9.0286	9.8877	16.1567	356619.5587	356619.8597	1.0000	1.0000	0.1917
37tj04	6	25	1	0	1.0000	0.0000	-1.0000	0.3792	NaN	NaN	NaN	356622.1088	356622.4374	0.0000	1.0000	0.1587
37tj04	6	25	1	0	2.0000	0.0000	1.0000	NaN	10.3498	10.6083	14.8024	356623.1369	356623.4381	1.0000	1.0000	0.0084
37tj04	6	26	1	0	1.0000	0.0000	-1.0000	0.3756	NaN	NaN	NaN	356625.7845	356626.1118	1.0000	0.0000	0.1233
37tj04	6	26	1	0	2.0000	0.0000	-1.0000	NaN	8.4780	-7.6041	13.4202	356626.7020	356627.0032	0.0000	1.0000	2.6881
37tj04	6	27	1	0	1.0000	0.0000	-1.0000	0.0127	NaN	NaN	NaN	356631.7830	356632.1106	0.0000	1.0000	0.3233
37tj04	6	27	1	0	2.0000	0.0000	1.0000	NaN	10.1505	8.1340	15.1885	356632.9992	356633.3002	1.0000	1.0000	0.1338
37tj04	6	28	1	0	1.0000	0.0000	-1.0000	0.0955	NaN	NaN	NaN	356635.8587	356636.1857	0.0000	1.0000	0.2418
37tj04	6	28	1	0	2.0000	0.0000	1.0000	NaN	7.2469	9.0296	16.0047	356636.9511	356637.2523	1.0000	1.0000	0.0083
37tj04	6	29	1	0	1.0000	0.0000	1.0000	0.3792	NaN	NaN	NaN	356639.1664	356639.4945	1.0000	1.0000	0.2275
37tj04	6	29	1	0	2.0000	0.0000	1.0000	NaN	1.1621	2.1023	16.1629	356640.3126	356640.6138	1.0000	1.0000	0.1344
37tj04	6	30	1	0	1.0000	0.0000	-1.0000	0.1129	NaN	NaN	NaN	356642.6458	356642.9775	0.0000	1.0000	0.3058
37tj04	6	30	1	0	2.0000	0.0000	1.0000	NaN	8.0145	8.0218	14.3331	356643.8307	356644.1317	1.0000	1.0000	0.1770
37tj04	6	31	1	0	1.0000	0.0000	1.0000	0.4644	NaN	NaN	NaN	356646.7471	356647.0749	1.0000	1.0000	0.1991
37tj04	6	31	1	0	2.0000	0.0000	1.0000	NaN	4.9847	3.4436	14.0138	356647.8227	356648.1237	1.0000	1.0000	0.3435
37tj04	6	32	1	0	1.0000	0.0000	1.0000	0.0246	NaN	NaN	NaN	356650.7321	356651.0614	1.0000	1.0000	0.2227
37tj04	6	32	1	0	2.0000	0.0000	1.0000	NaN	4.7749	4.5746	15.9299	356651.8235	356652.1247	1.0000	1.0000	0.1025
37tj04	6	33	1	0	1.0000	0.0000	-1.0000	0.3335	NaN	NaN	NaN	356654.6263	356654.9537	0.0000	1.0000	0.2107
37tj04	6	33	1	0	2.0000	0.0000	1.0000	NaN	0.0206	0.7634	15.2994	356655.7201	356656.0211	1.0000	1.0000	0.0392
37tj04	6	34	1	0	1.0000	0.0000	1.0000	0.2224	NaN	NaN	NaN	356658.4834	356658.8116	1.0000	1.0000	0.1917
37tj04	6	34	1	0	2.0000	0.0000	1.0000	NaN	9.6555	8.9704	14.4637	356659.5748	356659.8762	1.0000	1.0000	0.2938
37tj04	6	35	1	0	1.0000	0.0000	-1.0000	0.1218	NaN	NaN	NaN	356662.1354	356662.4639	0.0000	1.0000	0.1486
37tj04	6	35	1	0	2.0000	0.0000	1.0000	NaN	7.5896	6.7018	14.3844	356663.1910	356663.4921	1.0000	1.0000	0.0084
37tj04	6	36	1	0	1.0000	0.0000	-1.0000	0.3402	NaN	NaN	NaN	356666.0072	356666.3335	1.0000	0.0000	0.0007
37tj04	6	36	1	0	2.0000	0.0000	-1.0000	NaN	6.6444	-6.5504	14.1460	356666.8547	356667.1559	0.0000	1.0000	0.0084
37tj04	6	37	1	0	1.0000	0.0000	1.0000	0.3458	NaN	NaN	NaN	356669.5822	356669.9092	1.0000	1.0000	0.1110
37tj04	6	37	1	0	2.0000	0.0000	1.0000	NaN	6.6424	7.1460	13.0957	356670.5921	356670.8933	1.0000	1.0000	0.0085
37tj04	6	38	1	0	1.0000	0.0000	1.0000	0.3674	NaN	NaN	NaN	356673.3424	356673.6715	1.0000	1.0000	0.1546
37tj04	6	38	1	0	2.0000	0.0000	1.0000	NaN	0.3585	1.8672	13.9653	356674.4554	356674.7566	1.0000	1.0000	0.0374
37tj04	6	39	1	0	1.0000	0.0000	1.0000	0.0098	NaN	NaN	NaN	356677.0769	356677.4060	1.0000	1.0000	0.0521
37tj04	6	39	1	0	2.0000	0.0000	1.0000	NaN	4.6043	5.0796	14.9900	356678.0221	356678.3237	0.0000	0.0000	0.0085
37tj04	6	40	1	0	1.0000	0.0000	-1.0000	0.1460	NaN	NaN	NaN	356680.7466	356681.0763	0.0000	1.0000	0.1658
37tj04	6	40	1	0	2.0000	0.0000	1.0000	NaN	1.6023	1.8896	14.0526	356681.7937	356682.0948	1.0000	1.0000	0.1008
37tj04	6	41	1	0	1.0000	0.0000	-1.0000	0.4993	NaN	NaN	NaN	356684.5356	356684.8668	0.0000	1.0000	0.2634
37tj04	6	41	1	0	2.0000	0.0000	1.0000	NaN	10.5490	9.7274	14.6752	356685.7028	356686.0066	1.0000	1.0000	0.0856
37tj04	6	42	1	0	1.0000	0.0000	1.0000	0.2303	NaN	NaN	NaN	356688.4485	356688.7770	1.0000	1.0000	0.2010
37tj04	6	42	1	0	2.0000	0.0000	1.0000	NaN	8.0960	8.2162	13.3372	356689.5361	356689.8375	1.0000	1.0000	0.1565
37tj04	6	43	1	0	1.0000	0.0000	1.0000	0.1244	NaN	NaN	NaN	356692.1113	356692.4383	1.0000	1.0000	0.2939
37tj04	6	43	1	0	2.0000	0.0000	1.0000	NaN	4.6281	3.6028	15.3415	356693.2548	356693.5559	1.0000	1.0000	0.2462
37tj04	6	44	1	0	1.0000	0.0000	-1.0000	0.4496	NaN	NaN	NaN	356696.1273	356696.4540	0.0000	1.0000	0.1184
37tj04	6	44	1	0	2.0000	0.0000	1.0000	NaN	2.6032	2.3280	15.6154	356697.0944	356697.3955	1.0000	1.0000	0.0085
37tj04	6	45	1	0	1.0000	0.0000	1.0000	0.3928	NaN	NaN	NaN	356699.3959	356699.7231	1.0000	1.0000	0.0949
37tj04	6	45	1	0	2.0000	0.0000	1.0000	NaN	2.7333	2.4433	15.1035	356700.3425	356700.6437	1.0000	1.0000	0.1996
37tj04	6	46	1	0	1.0000	0.0000	-1.0000	0.4346	NaN	NaN	NaN	356703.0847	356703.4156	0.0000	1.0000	0.0915
37tj04	6	46	1	0	2.0000	0.0000	1.0000	NaN	9.1013	7.5883	14.0311	356704.0706	356704.3717	1.0000	1.0000	0.0316
37tj04	6	47	1	0	1.0000	0.0000	-1.0000	0.0976	NaN	NaN	NaN	356706.6933	356707.0210	1.0000	0.0000	0.0690
37tj04	6	47	1	0	2.0000	0.0000	-1.0000	NaN	8.0630	-9.1833	16.4253	356707.5825	356707.8837	0.0000	1.0000	0.0705
37tj04	6	48	1	0	1.0000	0.0000	-1.0000	0.3975	NaN	NaN	NaN	356710.2954	356710.6239	0.0000	1.0000	0.0997
37tj04	6	48	1	0	2.0000	0.0000	1.0000	NaN	0.4857	2.6136	15.4951	356711.2958	356711.5968	1.0000	1.0000	0.0302
37tj04	6	49	1	0	1.0000	0.0000	1.0000	0.2264	NaN	NaN	NaN	356714.0156	356714.3435	1.0000	1.0000	0.0586
37tj04	6	49	1	0	2.0000	0.0000	1.0000	NaN	9.0022	10.0718	14.5651	356714.9596	356715.2608	1.0000	1.0000	0.1419
37tj04	6	50	1	0	1.0000	0.0000	1.0000	0.1645	NaN	NaN	NaN	356717.4521	356717.7806	0.0000	0.0000	0.3015
37tj04	6	50	1	0	2.0000	0.0000	-1.0000	NaN	3.7689	-3.8442	14.1185	356718.6643	356718.9652	1.0000	0.0000	0.0086
