54fl04	1	1	1	1	1.0000	1.0000	1.0000	NaN	5.7512	4.2884	14.9475	777651.1538	777651.4548	1.0000	1.0000	1.1735
54fl04	1	1	1	1	2.0000	1.0000	1.0000	0.1621	NaN	NaN	NaN	777653.1741	777653.5051	1.0000	1.0000	0.4916
54fl04	1	2	1	1	1.0000	1.0000	-1.0000	NaN	4.3728	-3.3023	15.5979	777656.0291	777656.3303	0.0000	1.0000	0.1856
54fl04	1	2	1	1	2.0000	1.0000	1.0000	0.0980	NaN	NaN	NaN	777657.0516	777657.3808	1.0000	1.0000	0.3192
54fl04	1	3	1	1	1.0000	1.0000	1.0000	NaN	4.9048	3.9751	13.0995	777659.8482	777660.1495	1.0000	1.0000	0.9104
54fl04	1	3	1	1	2.0000	1.0000	1.0000	0.0634	NaN	NaN	NaN	777661.5884	777661.9164	1.0000	1.0000	0.5443
54fl04	1	4	1	1	1.0000	1.0000	-1.0000	NaN	0.0691	-2.0436	14.5935	777664.6148	777664.9158	0.0000	1.0000	0.3848
54fl04	1	4	1	1	2.0000	1.0000	1.0000	0.0370	NaN	NaN	NaN	777665.8354	777666.1655	1.0000	1.0000	0.4232
54fl04	1	5	1	1	1.0000	1.0000	1.0000	NaN	0.9011	1.2131	14.2532	777668.4442	777668.7457	1.0000	1.0000	0.3703
54fl04	1	5	1	1	2.0000	1.0000	1.0000	0.1241	NaN	NaN	NaN	777669.6593	777669.9880	0.0000	0.0000	0.6485
54fl04	1	6	1	1	1.0000	1.0000	1.0000	NaN	0.8448	0.1370	15.5550	777673.1321	777673.4331	0.0000	0.0000	1.7069
54fl04	1	6	1	1	2.0000	1.0000	-1.0000	0.1562	NaN	NaN	NaN	777675.6840	777676.0120	0.0000	1.0000	1.0807
54fl04	1	7	1	1	1.0000	1.0000	1.0000	NaN	2.1187	1.3303	16.9377	777679.4306	777679.7318	0.0000	0.0000	0.4649
54fl04	1	7	1	1	2.0000	1.0000	-1.0000	0.0887	NaN	NaN	NaN	777680.6993	777681.0280	0.0000	1.0000	0.5929
54fl04	1	8	1	1	1.0000	1.0000	1.0000	NaN	5.9760	6.5200	14.0467	777683.6513	777683.9524	1.0000	1.0000	0.1882
54fl04	1	8	1	1	2.0000	1.0000	1.0000	0.2272	NaN	NaN	NaN	777684.6518	777684.9810	1.0000	1.0000	0.1676
54fl04	1	9	1	1	1.0000	1.0000	1.0000	NaN	5.0860	4.7856	14.9019	777687.6353	777687.9363	1.0000	1.0000	0.5083
54fl04	1	9	1	1	2.0000	1.0000	1.0000	0.1410	NaN	NaN	NaN	777688.9711	777689.3000	1.0000	1.0000	0.5765
54fl04	1	10	1	1	1.0000	1.0000	-1.0000	NaN	4.2653	-6.2244	14.7753	777691.8983	777692.1993	0.0000	1.0000	0.1968
54fl04	1	10	1	1	2.0000	1.0000	1.0000	0.0353	NaN	NaN	NaN	777692.9153	777693.2440	1.0000	1.0000	0.2881
54fl04	1	11	1	1	1.0000	1.0000	1.0000	NaN	0.2224	0.1121	14.8780	777695.9304	777696.2315	0.0000	0.0000	0.4451
54fl04	1	11	1	1	2.0000	1.0000	-1.0000	0.1094	NaN	NaN	NaN	777697.2111	777697.5388	0.0000	1.0000	0.7539
54fl04	1	12	1	1	1.0000	1.0000	-1.0000	NaN	0.4434	-0.8080	16.0398	777700.6559	777700.9569	0.0000	1.0000	1.8238
54fl04	1	12	1	1	2.0000	1.0000	1.0000	0.0350	NaN	NaN	NaN	777703.2834	777703.6116	0.0000	0.0000	0.4405
54fl04	1	13	1	1	1.0000	1.0000	1.0000	NaN	2.5473	3.6096	14.2343	777706.3099	777706.6110	1.0000	1.0000	0.2257
54fl04	1	13	1	1	2.0000	1.0000	1.0000	0.1123	NaN	NaN	NaN	777707.3638	777707.6910	0.0000	0.0000	1.1216
54fl04	1	14	1	1	1.0000	1.0000	-1.0000	NaN	5.6794	-7.2654	16.3738	777711.1892	777711.4902	0.0000	1.0000	0.2659
54fl04	1	14	1	1	2.0000	1.0000	1.0000	0.0640	NaN	NaN	NaN	777712.2674	777712.5947	1.0000	1.0000	0.4578
54fl04	1	15	1	1	1.0000	1.0000	1.0000	NaN	5.6844	6.5124	15.2249	777715.4072	777715.7082	1.0000	1.0000	0.3844
54fl04	1	15	1	1	2.0000	1.0000	1.0000	0.0353	NaN	NaN	NaN	777716.6348	777716.9641	0.0000	0.0000	0.6965
54fl04	1	16	1	1	1.0000	1.0000	-1.0000	NaN	2.6144	-2.8128	16.2635	777719.9323	777720.2333	0.0000	1.0000	0.4433
54fl04	1	16	1	1	2.0000	1.0000	1.0000	0.0081	NaN	NaN	NaN	777721.2115	777721.5432	1.0000	1.0000	0.4774
54fl04	1	17	1	1	1.0000	1.0000	-1.0000	NaN	4.1353	-3.1498	14.1669	777724.2224	777724.5235	0.0000	1.0000	0.2972
54fl04	1	17	1	1	2.0000	1.0000	1.0000	0.1718	NaN	NaN	NaN	777725.3799	777725.7084	1.0000	1.0000	0.3523
54fl04	1	18	1	1	1.0000	1.0000	1.0000	NaN	2.7937	1.7714	14.4502	777728.4142	777728.7153	0.0000	0.0000	0.4651
54fl04	1	18	1	1	2.0000	1.0000	-1.0000	0.1574	NaN	NaN	NaN	777729.6994	777730.0278	1.0000	0.0000	0.7927
54fl04	1	19	1	1	1.0000	1.0000	-1.0000	NaN	0.5577	-2.3348	14.3792	777733.0704	777733.3716	0.0000	1.0000	0.2251
54fl04	1	19	1	1	2.0000	1.0000	1.0000	0.1925	NaN	NaN	NaN	777734.1249	777734.4523	1.0000	1.0000	0.1047
54fl04	1	20	1	1	1.0000	1.0000	-1.0000	NaN	1.5540	-2.2743	14.5063	777736.7452	777737.0463	0.0000	1.0000	0.2304
54fl04	1	20	1	1	2.0000	1.0000	1.0000	0.1118	NaN	NaN	NaN	777737.7798	777738.1083	0.0000	0.0000	1.8084
54fl04	1	21	1	1	1.0000	1.0000	1.0000	NaN	0.8753	0.7262	15.2098	777741.7388	777742.0400	1.0000	1.0000	0.8520
54fl04	1	21	1	1	2.0000	1.0000	1.0000	0.0804	NaN	NaN	NaN	777743.4684	777743.7968	0.0000	0.0000	0.7039
54fl04	1	22	1	1	1.0000	1.0000	1.0000	NaN	0.8691	1.3319	15.3491	777746.7051	777747.0063	0.0000	0.0000	0.7345
54fl04	1	22	1	1	2.0000	1.0000	-1.0000	0.2091	NaN	NaN	NaN	777748.2915	777748.6194	0.0000	1.0000	0.6572
54fl04	1	23	1	1	1.0000	1.0000	-1.0000	NaN	3.9451	-3.5036	14.3872	777751.4819	777751.7831	0.0000	1.0000	0.4530
54fl04	1	23	1	1	2.0000	1.0000	1.0000	0.1621	NaN	NaN	NaN	777752.7634	777753.0909	0.0000	0.0000	3.4897
54fl04	1	24	1	1	1.0000	1.0000	-1.0000	NaN	0.5870	-1.8655	15.2870	777758.7699	777759.0711	0.0000	1.0000	0.5327
54fl04	1	24	1	1	2.0000	1.0000	1.0000	0.1205	NaN	NaN	NaN	777760.1317	777760.4612	1.0000	1.0000	0.3348
54fl04	1	25	1	1	1.0000	1.0000	-1.0000	NaN	2.1858	-3.3969	14.4051	777763.0675	777763.3685	0.0000	1.0000	0.3955
54fl04	1	25	1	1	2.0000	1.0000	1.0000	0.2076	NaN	NaN	NaN	777764.2991	777764.6267	1.0000	1.0000	0.3459
54fl04	1	26	1	1	1.0000	1.0000	1.0000	NaN	4.1523	3.1591	15.9841	777766.7863	777767.0874	1.0000	1.0000	0.3165
54fl04	1	26	1	1	2.0000	1.0000	1.0000	0.0518	NaN	NaN	NaN	777767.9471	777768.2751	1.0000	1.0000	0.4576
54fl04	1	27	1	1	1.0000	1.0000	1.0000	NaN	1.7154	0.9419	13.6869	777771.0456	777771.3466	1.0000	1.0000	1.8903
54fl04	1	27	1	1	2.0000	1.0000	1.0000	0.0626	NaN	NaN	NaN	777773.7714	777774.1000	1.0000	1.0000	1.7200
54fl04	1	28	1	1	1.0000	1.0000	-1.0000	NaN	2.5328	-2.9083	14.7764	777777.9667	777778.2682	0.0000	1.0000	0.3842
54fl04	1	28	1	1	2.0000	1.0000	1.0000	0.1785	NaN	NaN	NaN	777779.1638	777779.4929	1.0000	1.0000	0.2397
54fl04	1	29	1	1	1.0000	1.0000	-1.0000	NaN	3.9825	-3.0838	15.9545	777782.0123	777782.3133	0.0000	1.0000	0.3153
54fl04	1	29	1	1	2.0000	1.0000	1.0000	0.0475	NaN	NaN	NaN	777783.1478	777783.4747	1.0000	1.0000	1.2978
54fl04	1	30	1	1	1.0000	1.0000	-1.0000	NaN	3.6457	-3.1238	16.6082	777786.6604	777786.9615	0.0000	1.0000	0.2426
54fl04	1	30	1	1	2.0000	1.0000	1.0000	0.1588	NaN	NaN	NaN	777787.7159	777788.0424	1.0000	1.0000	0.3055
54fl04	1	31	1	1	1.0000	1.0000	1.0000	NaN	3.5030	4.5898	14.1002	777790.7451	777791.0464	1.0000	1.0000	0.6615
54fl04	1	31	1	1	2.0000	1.0000	1.0000	0.0828	NaN	NaN	NaN	777792.2521	777792.5807	1.0000	1.0000	0.2400
54fl04	1	32	1	1	1.0000	1.0000	1.0000	NaN	4.7081	4.0174	15.2349	777794.8836	777795.1846	1.0000	1.0000	0.2039
54fl04	1	32	1	1	2.0000	1.0000	1.0000	0.2133	NaN	NaN	NaN	777795.8912	777796.2189	1.0000	1.0000	0.2494
54fl04	1	33	1	1	1.0000	1.0000	1.0000	NaN	4.7706	4.3388	14.1609	777798.4231	777798.7245	0.0000	0.0000	1.6798
54fl04	1	33	1	1	2.0000	1.0000	-1.0000	0.1085	NaN	NaN	NaN	777800.8835	777801.2126	0.0000	1.0000	0.2640
54fl04	1	34	1	1	1.0000	1.0000	-1.0000	NaN	2.9782	-2.7365	14.9420	777803.5067	777803.8077	0.0000	1.0000	0.2289
54fl04	1	34	1	1	2.0000	1.0000	1.0000	0.0855	NaN	NaN	NaN	777804.5312	777804.8595	1.0000	1.0000	0.2330
54fl04	1	35	1	1	1.0000	1.0000	1.0000	NaN	0.2739	0.7983	15.3564	777807.3466	777807.6476	0.0000	0.0000	0.1491
54fl04	1	35	1	1	2.0000	1.0000	-1.0000	0.2115	NaN	NaN	NaN	777808.3232	777808.6530	0.0000	1.0000	0.1679
54fl04	1	36	1	1	1.0000	1.0000	1.0000	NaN	2.0693	4.3349	14.8176	777811.3352	777811.6366	1.0000	1.0000	0.1442
54fl04	1	36	1	1	2.0000	1.0000	1.0000	0.1356	NaN	NaN	NaN	777812.3082	777812.6367	1.0000	1.0000	0.3598
54fl04	1	37	1	1	1.0000	1.0000	-1.0000	NaN	5.4749	-4.1666	15.7362	777815.6005	777815.9017	0.0000	1.0000	0.2632
54fl04	1	37	1	1	2.0000	1.0000	1.0000	0.1316	NaN	NaN	NaN	777816.6754	777817.0028	0.0000	0.0000	0.2338
54fl04	1	38	1	1	1.0000	1.0000	-1.0000	NaN	1.9337	-4.1867	15.3791	777819.9089	777820.2101	0.0000	1.0000	0.2499
54fl04	1	38	1	1	2.0000	1.0000	1.0000	0.0351	NaN	NaN	NaN	777820.9875	777821.3159	1.0000	1.0000	0.2808
54fl04	1	39	1	1	1.0000	1.0000	1.0000	NaN	0.4244	0.0407	13.6123	777823.8543	777824.1553	0.0000	0.0000	0.1693
54fl04	1	39	1	1	2.0000	1.0000	-1.0000	0.0391	NaN	NaN	NaN	777824.8594	777825.1868	0.0000	1.0000	0.2979
54fl04	1	40	1	1	1.0000	1.0000	1.0000	NaN	1.6530	2.2405	14.4894	777827.6389	777827.9404	1.0000	1.0000	0.4397
54fl04	1	40	1	1	2.0000	1.0000	1.0000	0.1205	NaN	NaN	NaN	777828.9316	777829.2617	1.0000	1.0000	0.1983
54fl04	1	41	1	1	1.0000	1.0000	1.0000	NaN	2.7937	3.3633	15.7823	777831.6825	777831.9837	1.0000	1.0000	0.5409
54fl04	1	41	1	1	2.0000	1.0000	1.0000	0.1861	NaN	NaN	NaN	777833.0758	777833.4046	1.0000	1.0000	0.4402
54fl04	1	42	1	1	1.0000	1.0000	1.0000	NaN	5.6267	7.1901	15.4429	777836.3568	777836.6580	1.0000	1.0000	0.2347
54fl04	1	42	1	1	2.0000	1.0000	1.0000	0.1899	NaN	NaN	NaN	777837.4357	777837.7633	1.0000	1.0000	0.8647
54fl04	1	43	1	1	1.0000	1.0000	1.0000	NaN	5.6667	3.9248	15.8148	777841.0413	777841.3424	1.0000	1.0000	0.3501
54fl04	1	43	1	1	2.0000	1.0000	1.0000	0.1398	NaN	NaN	NaN	777842.2116	777842.5401	1.0000	1.0000	0.3926
54fl04	1	44	1	1	1.0000	1.0000	1.0000	NaN	4.5876	4.5694	14.0023	777844.7210	777845.0220	1.0000	1.0000	0.3745
54fl04	1	44	1	1	2.0000	1.0000	1.0000	0.1675	NaN	NaN	NaN	777845.9393	777846.2681	1.0000	1.0000	0.6319
54fl04	1	45	1	1	1.0000	1.0000	-1.0000	NaN	4.0808	-2.8003	15.4124	777848.7137	777849.0147	0.0000	1.0000	0.3098
54fl04	1	45	1	1	2.0000	1.0000	1.0000	0.0869	NaN	NaN	NaN	777849.8516	777850.1791	1.0000	1.0000	0.1614
54fl04	1	46	1	1	1.0000	1.0000	-1.0000	NaN	1.3173	-0.2862	13.9623	777852.6873	777852.9882	0.0000	1.0000	0.4156
54fl04	1	46	1	1	2.0000	1.0000	1.0000	0.1862	NaN	NaN	NaN	777853.9396	777854.2689	1.0000	1.0000	0.2078
54fl04	1	47	1	1	1.0000	1.0000	1.0000	NaN	5.8666	5.7825	15.1358	777856.3977	777856.6989	1.0000	1.0000	0.2017
54fl04	1	47	1	1	2.0000	1.0000	1.0000	0.2145	NaN	NaN	NaN	777857.3955	777857.7241	1.0000	1.0000	0.1679
54fl04	1	48	1	1	1.0000	1.0000	1.0000	NaN	0.8892	1.4230	14.3879	777860.2544	777860.5556	1.0000	1.0000	0.1442
54fl04	1	48	1	1	2.0000	1.0000	1.0000	0.2089	NaN	NaN	NaN	777861.2193	777861.5488	1.0000	1.0000	0.2000
54fl04	1	49	1	1	1.0000	1.0000	-1.0000	NaN	0.2536	-0.5610	15.8166	777864.3717	777864.6726	0.0000	1.0000	0.3878
54fl04	1	49	1	1	2.0000	1.0000	1.0000	0.1550	NaN	NaN	NaN	777865.5962	777865.9239	1.0000	1.0000	0.1768
54fl04	1	50	1	1	1.0000	1.0000	1.0000	NaN	5.2816	5.4790	14.2649	777868.2816	777868.5826	1.0000	1.0000	0.1579
54fl04	1	50	1	1	2.0000	1.0000	1.0000	0.0380	NaN	NaN	NaN	777869.2592	777869.5887	1.0000	1.0000	0.5279
54fl04	2	1	1	1	1.0000	1.0000	-1.0000	NaN	0.1176	-2.1498	15.6271	777899.8942	777900.1954	0.0000	1.0000	0.2330
54fl04	2	1	1	1	2.0000	1.0000	1.0000	0.1676	NaN	NaN	NaN	777900.9797	777901.3068	1.0000	1.0000	0.4658
54fl04	2	2	1	1	1.0000	1.0000	-1.0000	NaN	0.9569	-2.8532	16.4695	777903.9484	777904.2494	0.0000	1.0000	0.6034
54fl04	2	2	1	1	2.0000	1.0000	1.0000	0.1765	NaN	NaN	NaN	777905.3794	777905.7085	1.0000	1.0000	0.2800
54fl04	2	3	1	1	1.0000	1.0000	-1.0000	NaN	2.6252	-3.0732	14.5751	777908.3856	777908.6868	0.0000	1.0000	0.1257
54fl04	2	3	1	1	2.0000	1.0000	1.0000	0.0101	NaN	NaN	NaN	777909.3239	777909.6521	1.0000	1.0000	0.5202
54fl04	2	4	1	1	1.0000	1.0000	1.0000	NaN	2.6691	2.1415	15.5712	777912.5765	777912.8776	0.0000	0.0000	0.3343
54fl04	2	4	1	1	2.0000	1.0000	-1.0000	0.0095	NaN	NaN	NaN	777913.7314	777914.0602	1.0000	0.0000	0.2641
54fl04	2	5	1	1	1.0000	1.0000	-1.0000	NaN	1.2152	-0.4340	15.4874	777916.7815	777917.0826	0.0000	1.0000	0.4660
54fl04	2	5	1	1	2.0000	1.0000	1.0000	0.0558	NaN	NaN	NaN	777918.0747	777918.4028	0.0000	0.0000	0.7458
54fl04	2	6	1	1	1.0000	1.0000	-1.0000	NaN	0.8795	-2.2015	13.5465	777921.2768	777921.5780	0.0000	1.0000	0.1220
54fl04	2	6	1	1	2.0000	1.0000	1.0000	0.0809	NaN	NaN	NaN	777922.2200	777922.5500	1.0000	1.0000	0.2066
54fl04	2	7	1	1	1.0000	1.0000	1.0000	NaN	4.6177	3.1208	15.5304	777925.1349	777925.4359	1.0000	1.0000	0.2089
54fl04	2	7	1	1	2.0000	1.0000	1.0000	0.1428	NaN	NaN	NaN	777926.1878	777926.5161	1.0000	1.0000	0.6797
54fl04	2	8	1	1	1.0000	1.0000	-1.0000	NaN	0.9930	-1.4825	15.6594	777929.1854	777929.4866	0.0000	1.0000	0.3981
54fl04	2	8	1	1	2.0000	1.0000	1.0000	0.0697	NaN	NaN	NaN	777930.3960	777930.7263	1.0000	1.0000	0.2703
54fl04	2	9	1	1	1.0000	1.0000	1.0000	NaN	0.7512	0.9929	13.1271	777933.1085	777933.4095	0.0000	0.0000	0.4431
54fl04	2	9	1	1	2.0000	1.0000	-1.0000	0.0295	NaN	NaN	NaN	777934.3875	777934.7161	0.0000	1.0000	0.3045
54fl04	2	10	1	1	1.0000	1.0000	1.0000	NaN	4.5774	3.2706	15.4019	777937.0577	777937.3588	1.0000	1.0000	0.9659
54fl04	2	10	1	1	2.0000	1.0000	1.0000	0.1362	NaN	NaN	NaN	777938.8834	777939.2123	0.0000	0.0000	1.5842
54fl04	2	11	1	1	1.0000	1.0000	-1.0000	NaN	5.7395	-5.7613	15.1025	777942.9107	777943.2117	0.0000	1.0000	0.2169
54fl04	2	11	1	1	2.0000	1.0000	1.0000	0.1541	NaN	NaN	NaN	777943.9402	777944.2674	1.0000	1.0000	0.1692
54fl04	2	12	1	1	1.0000	1.0000	-1.0000	NaN	0.4203	-0.4346	16.3761	777946.5409	777946.8422	0.0000	1.0000	0.2662
54fl04	2	12	1	1	2.0000	1.0000	1.0000	0.1155	NaN	NaN	NaN	777947.6194	777947.9495	1.0000	1.0000	0.3351
54fl04	2	13	1	1	1.0000	1.0000	1.0000	NaN	1.3430	0.0851	16.5098	777950.6573	777950.9585	0.0000	0.0000	0.1901
54fl04	2	13	1	1	2.0000	1.0000	-1.0000	0.1752	NaN	NaN	NaN	777951.6669	777951.9944	0.0000	1.0000	0.1855
54fl04	2	14	1	1	1.0000	1.0000	1.0000	NaN	1.6109	2.7022	14.9534	777954.6678	777954.9708	1.0000	1.0000	0.1059
54fl04	2	14	1	1	2.0000	1.0000	1.0000	0.1151	NaN	NaN	NaN	777955.6036	777955.9322	1.0000	1.0000	0.2239
54fl04	2	15	1	1	1.0000	1.0000	1.0000	NaN	1.7810	1.4805	15.1409	777958.2359	777958.5371	0.0000	0.0000	0.1555
54fl04	2	15	1	1	2.0000	1.0000	-1.0000	0.1893	NaN	NaN	NaN	777959.2197	777959.5489	0.0000	1.0000	0.2077
54fl04	2	16	1	1	1.0000	1.0000	1.0000	NaN	3.6067	4.7313	14.7831	777962.1035	777962.4049	1.0000	1.0000	0.2075
54fl04	2	16	1	1	2.0000	1.0000	1.0000	0.1022	NaN	NaN	NaN	777963.1639	777963.4918	1.0000	1.0000	0.3366
54fl04	2	17	1	1	1.0000	1.0000	-1.0000	NaN	2.5819	-2.8457	13.4198	777965.9078	777966.2089	0.0000	1.0000	0.3310
54fl04	2	17	1	1	2.0000	1.0000	1.0000	0.1132	NaN	NaN	NaN	777967.0831	777967.4126	1.0000	1.0000	0.2318
54fl04	2	18	1	1	1.0000	1.0000	-1.0000	NaN	2.4610	-3.2340	14.9115	777969.7823	777970.0834	1.0000	0.0000	0.8331
54fl04	2	18	1	1	2.0000	1.0000	-1.0000	0.0685	NaN	NaN	NaN	777971.4425	777971.7702	0.0000	1.0000	0.3537
54fl04	2	19	1	1	1.0000	1.0000	1.0000	NaN	1.2683	1.3509	17.6014	777974.2953	777974.5963	1.0000	1.0000	2.5043
54fl04	2	19	1	1	2.0000	1.0000	1.0000	0.1896	NaN	NaN	NaN	777977.6356	777977.9626	1.0000	1.0000	0.3696
54fl04	2	20	1	1	1.0000	1.0000	1.0000	NaN	5.1847	5.5859	15.8239	777980.8011	777981.1023	1.0000	1.0000	0.2142
54fl04	2	20	1	1	2.0000	1.0000	1.0000	0.1915	NaN	NaN	NaN	777981.9004	777982.2270	1.0000	1.0000	0.2095
54fl04	2	21	1	1	1.0000	1.0000	-1.0000	NaN	3.9258	-3.7835	14.7928	777984.6469	777984.9478	0.0000	1.0000	0.1688
54fl04	2	21	1	1	2.0000	1.0000	1.0000	0.2210	NaN	NaN	NaN	777985.6287	777985.9569	1.0000	1.0000	0.3354
54fl04	2	22	1	1	1.0000	1.0000	1.0000	NaN	5.7864	7.7619	15.9324	777988.3052	777988.6062	1.0000	1.0000	0.4617
54fl04	2	22	1	1	2.0000	1.0000	1.0000	0.1163	NaN	NaN	NaN	777989.6120	777989.9392	1.0000	1.0000	0.4493
54fl04	2	23	1	1	1.0000	1.0000	-1.0000	NaN	4.6289	-5.6098	16.1836	777992.4097	777992.7109	0.0000	1.0000	0.1091
54fl04	2	23	1	1	2.0000	1.0000	1.0000	0.0555	NaN	NaN	NaN	777993.3393	777993.6678	1.0000	1.0000	0.7769
54fl04	2	24	1	1	1.0000	1.0000	1.0000	NaN	0.0377	0.6948	16.4269	777996.6907	777996.9917	0.0000	0.0000	0.4209
54fl04	2	24	1	1	2.0000	1.0000	-1.0000	0.1037	NaN	NaN	NaN	777997.9556	777998.2832	0.0000	1.0000	0.2008
54fl04	2	25	1	1	1.0000	1.0000	1.0000	NaN	4.5279	6.9390	15.2930	778000.8073	778001.1083	1.0000	1.0000	0.1683
54fl04	2	25	1	1	2.0000	1.0000	1.0000	0.0074	NaN	NaN	NaN	778001.8358	778002.1624	1.0000	1.0000	0.2255
54fl04	2	26	1	1	1.0000	1.0000	1.0000	NaN	5.1068	3.6633	14.2176	778004.4761	778004.7771	1.0000	1.0000	0.1793
54fl04	2	26	1	1	2.0000	1.0000	1.0000	0.0784	NaN	NaN	NaN	778005.4835	778005.8114	0.0000	0.0000	0.2409
54fl04	2	27	1	1	1.0000	1.0000	-1.0000	NaN	4.8127	-6.3635	15.2478	778008.1496	778008.4507	0.0000	1.0000	0.2732
54fl04	2	27	1	1	2.0000	1.0000	1.0000	0.1493	NaN	NaN	NaN	778009.2762	778009.6046	1.0000	1.0000	0.2953
54fl04	2	28	1	1	1.0000	1.0000	1.0000	NaN	1.2024	0.7876	15.8032	778012.2132	778012.5145	1.0000	1.0000	0.2420
54fl04	2	28	1	1	2.0000	1.0000	1.0000	0.1363	NaN	NaN	NaN	778013.2991	778013.6265	1.0000	1.0000	0.2181
54fl04	2	29	1	1	1.0000	1.0000	-1.0000	NaN	1.0222	-0.3900	15.5669	778015.9813	778016.2824	1.0000	0.0000	0.1540
54fl04	2	29	1	1	2.0000	1.0000	-1.0000	0.0600	NaN	NaN	NaN	778017.0120	778017.3400	0.0000	1.0000	0.2327
54fl04	2	30	1	1	1.0000	1.0000	-1.0000	NaN	1.5377	-1.1077	14.6278	778019.7344	778020.0362	1.0000	0.0000	0.1684
54fl04	2	30	1	1	2.0000	1.0000	-1.0000	0.2224	NaN	NaN	NaN	778020.7392	778021.0671	0.0000	1.0000	0.1614
54fl04	2	31	1	1	1.0000	1.0000	1.0000	NaN	4.9292	4.4884	13.9833	778023.3931	778023.6950	1.0000	1.0000	0.2288
54fl04	2	31	1	1	2.0000	1.0000	1.0000	0.1032	NaN	NaN	NaN	778024.4358	778024.7637	1.0000	1.0000	0.1448
54fl04	2	32	1	1	1.0000	1.0000	1.0000	NaN	3.9591	3.5181	14.5283	778027.2308	778027.5319	1.0000	1.0000	1.0559
54fl04	2	32	1	1	2.0000	1.0000	1.0000	0.0344	NaN	NaN	NaN	778029.0914	778029.4194	0.0000	0.0000	0.1209
54fl04	2	33	1	1	1.0000	1.0000	-1.0000	NaN	5.2017	-6.8447	15.0254	778032.0727	778032.3737	0.0000	1.0000	0.4227
54fl04	2	33	1	1	2.0000	1.0000	1.0000	0.0591	NaN	NaN	NaN	778033.3148	778033.6427	1.0000	1.0000	1.4812
54fl04	2	34	1	1	1.0000	1.0000	1.0000	NaN	3.5754	3.2649	15.1023	778037.3713	778037.6724	1.0000	1.0000	0.3394
54fl04	2	34	1	1	2.0000	1.0000	1.0000	0.1162	NaN	NaN	NaN	778038.6036	778038.9322	0.0000	0.0000	2.6164
54fl04	2	35	1	1	1.0000	1.0000	-1.0000	NaN	3.4578	-4.3550	14.3109	778043.7358	778044.0370	0.0000	1.0000	0.1680
54fl04	2	35	1	1	2.0000	1.0000	1.0000	0.0156	NaN	NaN	NaN	778044.7147	778045.0434	1.0000	1.0000	0.3371
54fl04	2	36	1	1	1.0000	1.0000	-1.0000	NaN	5.7328	-7.0024	15.7273	778047.4264	778047.7274	0.0000	1.0000	0.3485
54fl04	2	36	1	1	2.0000	1.0000	1.0000	0.0427	NaN	NaN	NaN	778048.5952	778048.9234	1.0000	1.0000	0.0007
54fl04	2	37	1	1	1.0000	1.0000	-1.0000	NaN	0.9262	-0.2792	15.1514	778051.1968	778051.4984	0.0000	1.0000	0.2745
54fl04	2	37	1	1	2.0000	1.0000	1.0000	0.0128	NaN	NaN	NaN	778052.3390	778052.6667	1.0000	1.0000	0.1459
54fl04	2	38	1	1	1.0000	1.0000	-1.0000	NaN	2.4314	-2.6667	14.3399	778055.0547	778055.3559	0.0000	1.0000	0.0967
54fl04	2	38	1	1	2.0000	1.0000	1.0000	0.1819	NaN	NaN	NaN	778055.9716	778056.2998	1.0000	1.0000	0.1041
54fl04	2	39	1	1	1.0000	1.0000	1.0000	NaN	2.5190	1.6689	15.3143	778058.7998	778059.1010	0.0000	0.0000	0.1195
54fl04	2	39	1	1	2.0000	1.0000	-1.0000	0.1429	NaN	NaN	NaN	778059.7310	778060.0586	1.0000	0.0000	0.0660
54fl04	2	40	1	1	1.0000	1.0000	1.0000	NaN	1.6692	2.4242	15.3770	778062.5967	778062.8979	1.0000	1.0000	0.6499
54fl04	2	40	1	1	2.0000	1.0000	1.0000	0.0641	NaN	NaN	NaN	778064.1155	778064.4447	0.0000	0.0000	0.9595
54fl04	2	41	1	1	1.0000	1.0000	1.0000	NaN	3.5337	3.7017	15.3975	778067.9330	778068.2340	1.0000	1.0000	2.4348
54fl04	2	41	1	1	2.0000	1.0000	1.0000	0.0715	NaN	NaN	NaN	778071.2049	778071.5321	1.0000	1.0000	0.8085
54fl04	2	42	1	1	1.0000	1.0000	1.0000	NaN	1.2678	1.9983	16.2141	778074.2613	778074.5624	1.0000	1.0000	0.7614
54fl04	2	42	1	1	2.0000	1.0000	1.0000	0.1875	NaN	NaN	NaN	778075.8354	778076.1629	1.0000	1.0000	0.8977
54fl04	2	43	1	1	1.0000	1.0000	1.0000	NaN	5.2469	5.2914	14.4564	778079.4658	778079.7668	0.0000	0.0000	0.5656
54fl04	2	43	1	1	2.0000	1.0000	-1.0000	0.0566	NaN	NaN	NaN	778080.9002	778081.2281	0.0000	1.0000	0.6324
54fl04	2	44	1	1	1.0000	1.0000	1.0000	NaN	5.9444	5.9601	16.4946	778083.9974	778084.2990	1.0000	1.0000	0.2254
54fl04	2	44	1	1	2.0000	1.0000	1.0000	0.1417	NaN	NaN	NaN	778085.0754	778085.4021	1.0000	1.0000	0.2823
54fl04	2	45	1	1	1.0000	1.0000	1.0000	NaN	4.2192	5.9242	16.2995	778087.7046	778088.0061	1.0000	1.0000	0.2298
54fl04	2	45	1	1	2.0000	1.0000	1.0000	0.0849	NaN	NaN	NaN	778088.8431	778089.1706	1.0000	1.0000	1.7618
54fl04	2	46	1	1	1.0000	1.0000	1.0000	NaN	4.8506	3.1987	13.9122	778092.8953	778093.1967	0.0000	0.0000	0.4238
54fl04	2	46	1	1	2.0000	1.0000	-1.0000	0.0832	NaN	NaN	NaN	778094.1469	778094.4751	1.0000	0.0000	0.8895
54fl04	2	47	1	1	1.0000	1.0000	-1.0000	NaN	0.0330	-0.2447	15.1538	778097.9793	778098.2805	1.0000	0.0000	0.3319
54fl04	2	47	1	1	2.0000	1.0000	-1.0000	0.1575	NaN	NaN	NaN	778099.1472	778099.4756	0.0000	1.0000	0.2162
54fl04	2	48	1	1	1.0000	1.0000	-1.0000	NaN	0.8233	-1.3914	15.8438	778101.7143	778102.0153	0.0000	1.0000	0.5253
54fl04	2	48	1	1	2.0000	1.0000	1.0000	0.0106	NaN	NaN	NaN	778103.0513	778103.3796	1.0000	1.0000	0.4729
54fl04	2	49	1	1	1.0000	1.0000	1.0000	NaN	4.7389	7.6462	15.0850	778106.0315	778106.3325	1.0000	1.0000	0.2160
54fl04	2	49	1	1	2.0000	1.0000	1.0000	0.2157	NaN	NaN	NaN	778107.0507	778107.3808	1.0000	1.0000	0.3109
54fl04	2	50	1	1	1.0000	1.0000	1.0000	NaN	4.7530	3.8439	14.1976	778109.6214	778109.9224	1.0000	1.0000	0.2019
54fl04	2	50	1	1	2.0000	1.0000	1.0000	0.1704	NaN	NaN	NaN	778110.6670	778110.9948	1.0000	1.0000	0.4098
54fl04	3	1	1	1	1.0000	1.0000	-1.0000	NaN	5.1310	-3.8132	15.9293	778136.6626	778136.9636	0.0000	1.0000	0.2567
54fl04	3	1	1	1	2.0000	1.0000	1.0000	0.1516	NaN	NaN	NaN	778137.7493	778138.0777	1.0000	1.0000	0.0145
54fl04	3	2	1	1	1.0000	1.0000	1.0000	NaN	4.7537	5.3423	15.0612	778140.6551	778140.9562	1.0000	1.0000	0.1521
54fl04	3	2	1	1	2.0000	1.0000	1.0000	0.1517	NaN	NaN	NaN	778141.6598	778141.9877	1.0000	1.0000	0.7210
54fl04	3	3	1	1	1.0000	1.0000	1.0000	NaN	2.7865	3.3838	15.4075	778144.8382	778145.1392	1.0000	1.0000	0.6645
54fl04	3	3	1	1	2.0000	1.0000	1.0000	0.0334	NaN	NaN	NaN	778146.3468	778146.6764	0.0000	0.0000	0.2400
54fl04	3	4	1	1	1.0000	1.0000	1.0000	NaN	1.0652	1.0392	14.2358	778149.2860	778149.5871	0.0000	0.0000	0.2648
54fl04	3	4	1	1	2.0000	1.0000	-1.0000	0.1784	NaN	NaN	NaN	778150.3794	778150.7078	0.0000	1.0000	0.2006
54fl04	3	5	1	1	1.0000	1.0000	-1.0000	NaN	4.2219	-4.4556	15.0841	778153.0627	778153.3639	0.0000	1.0000	0.0568
54fl04	3	5	1	1	2.0000	1.0000	1.0000	0.1824	NaN	NaN	NaN	778153.9553	778154.2853	1.0000	1.0000	0.1671
54fl04	3	6	1	1	1.0000	1.0000	1.0000	NaN	0.8786	2.4936	15.7334	778156.9753	778157.2770	1.0000	1.0000	0.1596
54fl04	3	6	1	1	2.0000	1.0000	1.0000	0.1060	NaN	NaN	NaN	778157.9805	778158.3100	1.0000	1.0000	0.3259
54fl04	3	7	1	1	1.0000	1.0000	-1.0000	NaN	4.8647	-4.8355	14.7379	778160.7822	778161.0833	0.0000	1.0000	0.0645
54fl04	3	7	1	1	2.0000	1.0000	1.0000	0.0876	NaN	NaN	NaN	778161.6747	778162.0036	1.0000	1.0000	0.4010
54fl04	3	8	1	1	1.0000	1.0000	1.0000	NaN	3.7683	2.7115	14.0593	778164.6579	778164.9590	1.0000	1.0000	0.1575
54fl04	3	8	1	1	2.0000	1.0000	1.0000	0.1725	NaN	NaN	NaN	778165.6670	778165.9949	1.0000	1.0000	0.2889
54fl04	3	9	1	1	1.0000	1.0000	-1.0000	NaN	1.2616	-0.3007	15.6667	778168.4309	778168.7321	0.0000	1.0000	0.1204
54fl04	3	9	1	1	2.0000	1.0000	1.0000	0.1385	NaN	NaN	NaN	778169.3721	778169.7003	0.0000	0.0000	0.2556
54fl04	3	10	1	1	1.0000	1.0000	1.0000	NaN	3.5982	2.6256	15.0050	778172.1376	778172.4386	0.0000	0.0000	0.3812
54fl04	3	10	1	1	2.0000	1.0000	-1.0000	0.1851	NaN	NaN	NaN	778173.3474	778173.6757	1.0000	0.0000	1.1449
54fl04	3	11	1	1	1.0000	1.0000	1.0000	NaN	4.9769	4.5144	15.3609	778177.0614	778177.3624	1.0000	1.0000	0.2024
54fl04	3	11	1	1	2.0000	1.0000	1.0000	0.1527	NaN	NaN	NaN	778178.0994	778178.4295	1.0000	1.0000	0.4149
54fl04	3	12	1	1	1.0000	1.0000	-1.0000	NaN	0.8496	-0.4123	15.9157	778181.2767	778181.5777	1.0000	0.0000	0.2189
54fl04	3	12	1	1	2.0000	1.0000	-1.0000	0.0868	NaN	NaN	NaN	778182.3232	778182.6527	0.0000	1.0000	0.1519
54fl04	3	13	1	1	1.0000	1.0000	-1.0000	NaN	4.2583	-2.9781	13.9927	778185.0332	778185.3341	0.0000	1.0000	0.1666
54fl04	3	13	1	1	2.0000	1.0000	1.0000	0.0033	NaN	NaN	NaN	778186.0111	778186.3405	0.0000	0.0000	0.3281
54fl04	3	14	1	1	1.0000	1.0000	-1.0000	NaN	0.5087	-0.9224	14.8556	778188.6750	778188.9761	0.0000	1.0000	0.1804
54fl04	3	14	1	1	2.0000	1.0000	1.0000	0.0304	NaN	NaN	NaN	778189.6752	778190.0034	1.0000	1.0000	0.0007
54fl04	3	15	1	1	1.0000	1.0000	1.0000	NaN	3.1423	3.2676	13.5710	778192.2053	778192.5063	1.0000	1.0000	0.1701
54fl04	3	15	1	1	2.0000	1.0000	1.0000	0.2032	NaN	NaN	NaN	778193.2515	778193.5785	1.0000	1.0000	0.0660
54fl04	3	16	1	1	1.0000	1.0000	1.0000	NaN	3.7190	3.2874	15.4449	778195.4658	778195.7670	0.0000	0.0000	0.0929
54fl04	3	16	1	1	2.0000	1.0000	-1.0000	0.1588	NaN	NaN	NaN	778196.3783	778196.7054	0.0000	1.0000	0.4030
54fl04	3	17	1	1	1.0000	1.0000	1.0000	NaN	3.3084	2.9577	15.2780	778199.4312	778199.7323	0.0000	0.0000	0.9122
54fl04	3	17	1	1	2.0000	1.0000	-1.0000	0.0688	NaN	NaN	NaN	778201.1712	778201.4995	1.0000	0.0000	0.6249
54fl04	3	18	1	1	1.0000	1.0000	-1.0000	NaN	5.1773	-4.5096	14.1332	778204.4882	778204.7894	0.0000	1.0000	0.2550
54fl04	3	18	1	1	2.0000	1.0000	1.0000	0.0837	NaN	NaN	NaN	778205.5714	778205.8985	1.0000	1.0000	0.0007
54fl04	3	19	1	1	1.0000	1.0000	1.0000	NaN	4.0122	4.5432	14.2030	778208.2651	778208.5663	1.0000	1.0000	0.1582
54fl04	3	19	1	1	2.0000	1.0000	1.0000	0.1960	NaN	NaN	NaN	778209.2589	778209.5875	1.0000	1.0000	0.0008
54fl04	3	20	1	1	1.0000	1.0000	-1.0000	NaN	4.9939	-7.4498	14.4620	778211.7862	778212.0874	0.0000	1.0000	0.1571
54fl04	3	20	1	1	2.0000	1.0000	1.0000	0.1208	NaN	NaN	NaN	778212.7716	778213.1001	1.0000	1.0000	2.2004
54fl04	3	21	1	1	1.0000	1.0000	-1.0000	NaN	3.2787	-3.2480	13.2137	778217.9376	778218.2386	0.0000	1.0000	0.7091
54fl04	3	21	1	1	2.0000	1.0000	1.0000	0.0006	NaN	NaN	NaN	778219.4836	778219.8122	0.0000	0.0000	0.6004
54fl04	3	22	1	1	1.0000	1.0000	-1.0000	NaN	4.7934	-3.8436	14.8184	778222.5171	778222.8182	0.0000	1.0000	0.4183
54fl04	3	22	1	1	2.0000	1.0000	1.0000	0.0210	NaN	NaN	NaN	778223.7395	778224.0677	1.0000	1.0000	0.1681
54fl04	3	23	1	1	1.0000	1.0000	-1.0000	NaN	5.4428	-6.9491	14.1727	778226.4663	778226.7674	0.0000	1.0000	0.2212
54fl04	3	23	1	1	2.0000	1.0000	1.0000	0.0330	NaN	NaN	NaN	778227.4834	778227.8122	1.0000	1.0000	1.6084
54fl04	3	24	1	1	1.0000	1.0000	1.0000	NaN	3.0566	5.6767	13.9184	778231.4093	778231.7103	1.0000	1.0000	0.1423
54fl04	3	24	1	1	2.0000	1.0000	1.0000	0.2282	NaN	NaN	NaN	778232.3796	778232.7123	1.0000	1.0000	0.3642
54fl04	3	25	1	1	1.0000	1.0000	1.0000	NaN	2.3638	3.9439	16.5972	778235.4344	778235.7356	1.0000	1.0000	0.8682
54fl04	3	25	1	1	2.0000	1.0000	1.0000	0.1835	NaN	NaN	NaN	778237.1074	778237.4356	1.0000	1.0000	0.6730
54fl04	3	26	1	1	1.0000	1.0000	1.0000	NaN	2.7703	2.1495	15.0791	778240.6191	778240.9204	1.0000	1.0000	0.3241
54fl04	3	26	1	1	2.0000	1.0000	1.0000	0.0830	NaN	NaN	NaN	778241.8344	778242.1624	1.0000	1.0000	0.8741
54fl04	3	27	1	1	1.0000	1.0000	1.0000	NaN	5.9453	8.6176	15.3226	778245.6377	778245.9388	1.0000	1.0000	0.2417
54fl04	3	27	1	1	2.0000	1.0000	1.0000	0.1965	NaN	NaN	NaN	778246.7316	778247.0629	0.0000	0.0000	0.4213
54fl04	3	28	1	1	1.0000	1.0000	-1.0000	NaN	5.6632	-4.7519	16.0698	778249.6956	778249.9967	0.0000	1.0000	0.3597
54fl04	3	28	1	1	2.0000	1.0000	1.0000	0.2035	NaN	NaN	NaN	778250.9151	778251.2452	1.0000	1.0000	0.4947
54fl04	3	29	1	1	1.0000	1.0000	-1.0000	NaN	3.6639	-3.2863	15.7263	778254.1434	778254.4445	0.0000	1.0000	0.5432
54fl04	3	29	1	1	2.0000	1.0000	1.0000	0.1631	NaN	NaN	NaN	778255.4834	778255.8125	0.0000	0.0000	2.8952
54fl04	3	30	1	1	1.0000	1.0000	1.0000	NaN	1.2841	1.6336	15.0862	778261.1047	778261.4057	1.0000	1.0000	0.3902
54fl04	3	30	1	1	2.0000	1.0000	1.0000	0.0081	NaN	NaN	NaN	778262.3319	778262.6617	1.0000	1.0000	0.2781
54fl04	3	31	1	1	1.0000	1.0000	1.0000	NaN	4.5280	3.9417	15.8643	778265.1203	778265.4213	1.0000	1.0000	0.3914
54fl04	3	31	1	1	2.0000	1.0000	1.0000	0.0181	NaN	NaN	NaN	778266.3555	778266.6828	1.0000	1.0000	1.0410
54fl04	3	32	1	1	1.0000	1.0000	1.0000	NaN	5.2776	4.1966	16.8550	778270.1206	778270.4215	1.0000	1.0000	0.7510
54fl04	3	32	1	1	2.0000	1.0000	1.0000	0.1674	NaN	NaN	NaN	778271.7240	778272.0534	1.0000	1.0000	0.5183
54fl04	3	33	1	1	1.0000	1.0000	-1.0000	NaN	5.6180	-4.9786	14.5757	778274.4416	778274.7431	0.0000	1.0000	0.3732
54fl04	3	33	1	1	2.0000	1.0000	1.0000	0.0557	NaN	NaN	NaN	778275.6265	778275.9561	1.0000	1.0000	0.2565
54fl04	3	34	1	1	1.0000	1.0000	1.0000	NaN	0.6514	2.9359	14.1035	778278.1179	778278.4189	1.0000	1.0000	0.6418
54fl04	3	34	1	1	2.0000	1.0000	1.0000	0.0004	NaN	NaN	NaN	778279.6034	778279.9320	1.0000	1.0000	0.4645
54fl04	3	35	1	1	1.0000	1.0000	1.0000	NaN	2.1710	3.7435	16.8708	778282.5835	778282.8845	1.0000	1.0000	0.3593
54fl04	3	35	1	1	2.0000	1.0000	1.0000	0.1573	NaN	NaN	NaN	778283.8191	778284.1479	1.0000	1.0000	1.2968
54fl04	3	36	1	1	1.0000	1.0000	-1.0000	NaN	4.7295	-2.8248	15.3053	778287.4912	778287.7924	0.0000	1.0000	0.2043
54fl04	3	36	1	1	2.0000	1.0000	1.0000	0.2271	NaN	NaN	NaN	778288.5719	778288.9016	1.0000	1.0000	0.4550
54fl04	3	37	1	1	1.0000	1.0000	1.0000	NaN	4.3666	5.0375	15.5897	778291.6077	778291.9087	1.0000	1.0000	0.2639
54fl04	3	37	1	1	2.0000	1.0000	1.0000	0.1923	NaN	NaN	NaN	778292.7554	778293.0839	1.0000	1.0000	0.3607
54fl04	3	38	1	1	1.0000	1.0000	1.0000	NaN	0.9307	1.3451	14.3605	778295.9483	778296.2495	1.0000	1.0000	0.3308
54fl04	3	38	1	1	2.0000	1.0000	1.0000	0.1416	NaN	NaN	NaN	778297.1148	778297.4436	1.0000	1.0000	0.4090
54fl04	3	39	1	1	1.0000	1.0000	-1.0000	NaN	2.2601	-1.2289	14.0278	778300.2380	778300.5391	0.0000	1.0000	0.1454
54fl04	3	39	1	1	2.0000	1.0000	1.0000	0.1530	NaN	NaN	NaN	778301.2031	778301.5313	1.0000	1.0000	0.2572
54fl04	3	40	1	1	1.0000	1.0000	-1.0000	NaN	1.1087	-1.1654	15.6513	778304.1004	778304.4020	0.0000	1.0000	0.2338
54fl04	3	40	1	1	2.0000	1.0000	1.0000	0.0220	NaN	NaN	NaN	778305.1634	778305.4908	1.0000	1.0000	1.5370
54fl04	3	41	1	1	1.0000	1.0000	-1.0000	NaN	4.0489	-3.8649	14.6193	778309.2744	778309.5761	0.0000	1.0000	0.1083
54fl04	3	41	1	1	2.0000	1.0000	1.0000	0.1949	NaN	NaN	NaN	778310.2031	778310.5301	1.0000	1.0000	2.8497
54fl04	3	42	1	1	1.0000	1.0000	-1.0000	NaN	3.9225	-3.1849	15.3039	778315.4271	778315.7283	0.0000	1.0000	0.4915
54fl04	3	42	1	1	2.0000	1.0000	1.0000	0.2227	NaN	NaN	NaN	778316.7482	778317.0752	1.0000	1.0000	0.4416
54fl04	3	43	1	1	1.0000	1.0000	-1.0000	NaN	2.2488	-2.9536	14.4386	778319.9043	778320.2055	0.0000	1.0000	0.2063
54fl04	3	43	1	1	2.0000	1.0000	1.0000	0.2260	NaN	NaN	NaN	778320.9789	778321.3064	1.0000	1.0000	0.2500
54fl04	3	44	1	1	1.0000	1.0000	-1.0000	NaN	2.1844	-3.7758	15.1901	778323.7102	778324.0112	0.0000	1.0000	0.3373
54fl04	3	44	1	1	2.0000	1.0000	1.0000	0.1375	NaN	NaN	NaN	778324.8591	778325.1876	1.0000	1.0000	0.2808
54fl04	3	45	1	1	1.0000	1.0000	1.0000	NaN	4.2295	5.6443	15.2174	778327.8307	778328.1318	1.0000	1.0000	0.6567
54fl04	3	45	1	1	2.0000	1.0000	1.0000	0.1140	NaN	NaN	NaN	778329.3396	778329.6682	1.0000	1.0000	0.4720
54fl04	3	46	1	1	1.0000	1.0000	-1.0000	NaN	3.4831	-3.0460	14.7968	778332.1441	778332.4452	0.0000	1.0000	0.3191
54fl04	3	46	1	1	2.0000	1.0000	1.0000	0.2252	NaN	NaN	NaN	778333.2914	778333.6215	1.0000	1.0000	0.3510
54fl04	3	47	1	1	1.0000	1.0000	1.0000	NaN	1.6564	2.6542	14.8277	778335.9509	778336.2521	1.0000	1.0000	0.8724
54fl04	3	47	1	1	2.0000	1.0000	1.0000	0.0254	NaN	NaN	NaN	778338.0753	778338.4032	1.0000	1.0000	0.5852
54fl04	3	48	1	1	1.0000	1.0000	-1.0000	NaN	4.3339	-4.8560	15.6923	778341.3380	778341.6390	0.0000	1.0000	0.1255
54fl04	3	48	1	1	2.0000	1.0000	1.0000	0.1215	NaN	NaN	NaN	778342.2756	778342.6026	1.0000	1.0000	0.0007
54fl04	3	49	1	1	1.0000	1.0000	1.0000	NaN	1.1799	2.3339	14.1827	778344.7193	778345.0205	0.0000	0.0000	0.1760
54fl04	3	49	1	1	2.0000	1.0000	-1.0000	0.1448	NaN	NaN	NaN	778345.7069	778346.0341	0.0000	1.0000	0.4904
54fl04	3	50	1	1	1.0000	1.0000	-1.0000	NaN	2.9282	-3.5243	15.6423	778348.7779	778349.0789	0.0000	1.0000	0.5572
54fl04	3	50	1	1	2.0000	1.0000	1.0000	0.0514	NaN	NaN	NaN	778350.1789	778350.5078	1.0000	1.0000	0.5768
54fl04	4	1	1	1	1.0000	1.0000	-1.0000	NaN	2.0339	-1.9372	15.0273	778354.7080	778355.0089	0.0000	1.0000	0.2275
54fl04	4	1	1	1	2.0000	1.0000	1.0000	0.1061	NaN	NaN	NaN	778355.7400	778356.0680	1.0000	1.0000	0.2637
54fl04	4	2	1	1	1.0000	1.0000	1.0000	NaN	0.4312	1.0731	17.1898	778358.5448	778358.8460	1.0000	1.0000	0.3823
54fl04	4	2	1	1	2.0000	1.0000	1.0000	0.0551	NaN	NaN	NaN	778359.7548	778360.0817	0.0000	0.0000	0.1147
54fl04	4	3	1	1	1.0000	1.0000	1.0000	NaN	5.1433	4.6862	14.3043	778362.3603	778362.6614	1.0000	1.0000	0.2230
54fl04	4	3	1	1	2.0000	1.0000	1.0000	0.0453	NaN	NaN	NaN	778363.4040	778363.7315	1.0000	1.0000	0.6809
54fl04	4	4	1	1	1.0000	1.0000	1.0000	NaN	1.9449	1.7334	15.9638	778366.2418	778366.5428	1.0000	1.0000	0.4214
54fl04	4	4	1	1	2.0000	1.0000	1.0000	0.0091	NaN	NaN	NaN	778367.4597	778367.7885	1.0000	1.0000	1.4722
54fl04	4	5	1	1	1.0000	1.0000	1.0000	NaN	4.5127	7.3240	13.5568	778371.4214	778371.7226	1.0000	1.0000	0.2172
54fl04	4	5	1	1	2.0000	1.0000	1.0000	0.1673	NaN	NaN	NaN	778372.4594	778372.7869	1.0000	1.0000	0.2736
54fl04	4	6	1	1	1.0000	1.0000	-1.0000	NaN	1.4053	-3.9122	15.5826	778374.8919	778375.1931	0.0000	1.0000	0.1387
54fl04	4	6	1	1	2.0000	1.0000	1.0000	0.1609	NaN	NaN	NaN	778375.8435	778376.1716	1.0000	1.0000	0.2490
54fl04	4	7	1	1	1.0000	1.0000	1.0000	NaN	1.0537	1.1617	14.5458	778378.6361	778378.9379	1.0000	1.0000	0.3539
54fl04	4	7	1	1	2.0000	1.0000	1.0000	0.0060	NaN	NaN	NaN	778379.8512	778380.1782	0.0000	0.0000	0.2906
54fl04	4	8	1	1	1.0000	1.0000	-1.0000	NaN	2.4561	-0.5647	15.3652	778382.7963	778383.0973	1.0000	0.0000	0.3393
54fl04	4	8	1	1	2.0000	1.0000	-1.0000	0.1698	NaN	NaN	NaN	778383.9714	778384.2997	0.0000	1.0000	0.2647
54fl04	4	9	1	1	1.0000	1.0000	-1.0000	NaN	3.0052	-2.5696	12.7110	778386.6273	778386.9286	0.0000	1.0000	0.2285
54fl04	4	9	1	1	2.0000	1.0000	1.0000	0.0994	NaN	NaN	NaN	778387.6596	778387.9875	1.0000	1.0000	0.3047
54fl04	4	10	1	1	1.0000	1.0000	1.0000	NaN	2.9579	3.1532	15.6397	778390.3323	778390.6333	1.0000	1.0000	0.2193
54fl04	4	10	1	1	2.0000	1.0000	1.0000	0.0104	NaN	NaN	NaN	778391.4037	778391.7319	1.0000	1.0000	0.5928
54fl04	4	11	1	1	1.0000	1.0000	1.0000	NaN	3.4626	3.4684	17.0293	778394.3959	778394.6970	1.0000	1.0000	0.2996
54fl04	4	11	1	1	2.0000	1.0000	1.0000	0.1129	NaN	NaN	NaN	778395.5151	778395.8435	0.0000	0.0000	0.4247
54fl04	4	12	1	1	1.0000	1.0000	-1.0000	NaN	5.0736	-4.0319	13.3317	778398.4891	778398.7901	0.0000	1.0000	0.3418
54fl04	4	12	1	1	2.0000	1.0000	1.0000	0.1276	NaN	NaN	NaN	778399.6511	778399.9789	1.0000	1.0000	0.5136
54fl04	4	13	1	1	1.0000	1.0000	-1.0000	NaN	2.0911	-0.2649	16.4926	778402.9298	778403.2310	1.0000	0.0000	0.4614
54fl04	4	13	1	1	2.0000	1.0000	-1.0000	0.0852	NaN	NaN	NaN	778404.2189	778404.5471	0.0000	1.0000	0.2167
54fl04	4	14	1	1	1.0000	1.0000	-1.0000	NaN	2.2457	-3.3895	16.3712	778407.0354	778407.3364	0.0000	1.0000	0.4200
54fl04	4	14	1	1	2.0000	1.0000	1.0000	0.2026	NaN	NaN	NaN	778408.2597	778408.5875	1.0000	1.0000	0.2249
54fl04	4	15	1	1	1.0000	1.0000	1.0000	NaN	0.8882	2.7887	15.6263	778411.0241	778411.3252	1.0000	1.0000	0.8552
54fl04	4	15	1	1	2.0000	1.0000	1.0000	0.0695	NaN	NaN	NaN	778412.7228	778413.0511	0.0000	0.0000	0.5294
54fl04	4	16	1	1	1.0000	1.0000	-1.0000	NaN	3.4764	-2.2434	14.2825	778416.0285	778416.3295	0.0000	1.0000	0.9949
54fl04	4	16	1	1	2.0000	1.0000	1.0000	0.1456	NaN	NaN	NaN	778417.8273	778418.1550	1.0000	1.0000	0.5775
54fl04	4	17	1	1	1.0000	1.0000	1.0000	NaN	0.8990	2.2650	13.3434	778420.7708	778421.0721	0.0000	0.0000	0.2921
54fl04	4	17	1	1	2.0000	1.0000	-1.0000	0.1003	NaN	NaN	NaN	778421.8997	778422.2268	0.0000	1.0000	0.2977
54fl04	4	18	1	1	1.0000	1.0000	-1.0000	NaN	5.2079	-3.7929	13.5965	778424.6200	778424.9211	0.0000	1.0000	0.2354
54fl04	4	18	1	1	2.0000	1.0000	1.0000	0.0824	NaN	NaN	NaN	778425.6835	778426.0107	0.0000	0.0000	0.6329
54fl04	4	19	1	1	1.0000	1.0000	1.0000	NaN	3.5490	2.3302	14.1000	778429.2489	778429.5499	0.0000	0.0000	0.3746
54fl04	4	19	1	1	2.0000	1.0000	-1.0000	0.1371	NaN	NaN	NaN	778430.4833	778430.8109	0.0000	1.0000	0.2657
54fl04	4	20	1	1	1.0000	1.0000	-1.0000	NaN	2.9958	-2.2736	15.9612	778433.4152	778433.7162	0.0000	1.0000	0.2567
54fl04	4	20	1	1	2.0000	1.0000	1.0000	0.0972	NaN	NaN	NaN	778434.5229	778434.8518	1.0000	1.0000	0.3280
54fl04	4	21	1	1	1.0000	1.0000	-1.0000	NaN	0.4683	-0.3314	15.5772	778437.1182	778437.4194	0.0000	1.0000	0.4484
54fl04	4	21	1	1	2.0000	1.0000	1.0000	0.0210	NaN	NaN	NaN	778438.3796	778438.7089	0.0000	0.0000	0.1676
54fl04	4	22	1	1	1.0000	1.0000	1.0000	NaN	0.6966	0.6895	15.1797	778441.3977	778441.6987	0.0000	0.0000	0.2978
54fl04	4	22	1	1	2.0000	1.0000	-1.0000	0.1896	NaN	NaN	NaN	778442.5398	778442.8705	0.0000	1.0000	0.2138
54fl04	4	23	1	1	1.0000	1.0000	1.0000	NaN	0.2292	0.9676	15.9417	778445.1984	778445.4995	0.0000	0.0000	0.2082
54fl04	4	23	1	1	2.0000	1.0000	-1.0000	0.1202	NaN	NaN	NaN	778446.2678	778446.5971	0.0000	1.0000	0.2155
54fl04	4	24	1	1	1.0000	1.0000	1.0000	NaN	5.3650	4.8955	14.4194	778448.7997	778449.1008	1.0000	1.0000	0.5355
54fl04	4	24	1	1	2.0000	1.0000	1.0000	0.0456	NaN	NaN	NaN	778450.1957	778450.5234	0.0000	0.0000	0.5368
54fl04	4	25	1	1	1.0000	1.0000	-1.0000	NaN	4.9794	-4.9821	15.0180	778453.2726	778453.5740	0.0000	1.0000	0.2064
54fl04	4	25	1	1	2.0000	1.0000	1.0000	0.2269	NaN	NaN	NaN	778454.3320	778454.6603	1.0000	1.0000	0.4321
54fl04	4	26	1	1	1.0000	1.0000	-1.0000	NaN	1.0078	-0.5720	14.6673	778457.4127	778457.7137	0.0000	1.0000	0.5381
54fl04	4	26	1	1	2.0000	1.0000	1.0000	0.0337	NaN	NaN	NaN	778458.7875	778459.1167	0.0000	0.0000	1.3518
54fl04	4	27	1	1	1.0000	1.0000	-1.0000	NaN	5.6202	-4.2647	14.2583	778462.7425	778463.0437	0.0000	1.0000	0.4889
54fl04	4	27	1	1	2.0000	1.0000	1.0000	0.1497	NaN	NaN	NaN	778464.0358	778464.3646	1.0000	1.0000	0.1440
54fl04	4	28	1	1	1.0000	1.0000	-1.0000	NaN	4.3274	-4.4512	14.9679	778466.9216	778467.2228	0.0000	1.0000	0.4209
54fl04	4	28	1	1	2.0000	1.0000	1.0000	0.0302	NaN	NaN	NaN	778468.1558	778468.4844	1.0000	1.0000	1.1200
54fl04	4	29	1	1	1.0000	1.0000	1.0000	NaN	2.8869	3.6455	14.9670	778472.0677	778472.3687	1.0000	1.0000	0.6116
54fl04	4	29	1	1	2.0000	1.0000	1.0000	0.0007	NaN	NaN	NaN	778473.5310	778473.8596	1.0000	1.0000	0.4889
54fl04	4	30	1	1	1.0000	1.0000	1.0000	NaN	5.8881	6.3625	14.5492	778476.4381	778476.7391	1.0000	1.0000	0.2573
54fl04	4	30	1	1	2.0000	1.0000	1.0000	0.2283	NaN	NaN	NaN	778477.5469	778477.8750	1.0000	1.0000	0.2576
54fl04	4	31	1	1	1.0000	1.0000	1.0000	NaN	0.0916	0.5430	16.2550	778480.1377	778480.4387	1.0000	1.0000	0.7817
54fl04	4	31	1	1	2.0000	1.0000	1.0000	0.0399	NaN	NaN	NaN	778481.7868	778482.1152	0.0000	0.0000	0.3532
54fl04	4	32	1	1	1.0000	1.0000	-1.0000	NaN	2.9736	-3.1337	13.9688	778484.5947	778484.8959	0.0000	1.0000	1.2286
54fl04	4	32	1	1	2.0000	1.0000	1.0000	0.0422	NaN	NaN	NaN	778486.6428	778486.9734	1.0000	1.0000	1.5823
54fl04	4	33	1	1	1.0000	1.0000	1.0000	NaN	5.1382	5.8308	12.0787	778490.7364	778491.0375	1.0000	1.0000	0.1751
54fl04	4	33	1	1	2.0000	1.0000	1.0000	0.1613	NaN	NaN	NaN	778491.7154	778492.0431	1.0000	1.0000	0.3454
54fl04	4	34	1	1	1.0000	1.0000	1.0000	NaN	5.1509	8.5706	15.6894	778494.7611	778495.0624	1.0000	1.0000	0.1419
54fl04	4	34	1	1	2.0000	1.0000	1.0000	0.1745	NaN	NaN	NaN	778495.6997	778496.0285	1.0000	1.0000	0.1199
54fl04	4	35	1	1	1.0000	1.0000	-1.0000	NaN	3.0105	-3.6584	15.3968	778498.5882	778498.8892	0.0000	1.0000	0.2995
54fl04	4	35	1	1	2.0000	1.0000	1.0000	0.1544	NaN	NaN	NaN	778499.7234	778500.0511	1.0000	1.0000	0.0897
54fl04	4	36	1	1	1.0000	1.0000	-1.0000	NaN	3.1208	-3.4471	14.6940	778502.1856	778502.4866	0.0000	1.0000	0.1260
54fl04	4	36	1	1	2.0000	1.0000	1.0000	0.2263	NaN	NaN	NaN	778503.1229	778503.4512	1.0000	1.0000	0.1133
54fl04	4	37	1	1	1.0000	1.0000	-1.0000	NaN	0.5161	-1.4655	14.4625	778505.5951	778505.8961	0.0000	1.0000	0.1475
54fl04	4	37	1	1	2.0000	1.0000	1.0000	0.1050	NaN	NaN	NaN	778506.5560	778506.8865	1.0000	1.0000	0.0693
54fl04	4	38	1	1	1.0000	1.0000	1.0000	NaN	1.1306	0.8008	16.4301	778508.8707	778509.1718	0.0000	0.0000	0.8640
54fl04	4	38	1	1	2.0000	1.0000	-1.0000	0.1479	NaN	NaN	NaN	778510.5470	778510.8744	1.0000	0.0000	0.5142
54fl04	4	39	1	1	1.0000	1.0000	1.0000	NaN	0.6001	0.7629	15.7274	778513.5982	778513.8994	0.0000	0.0000	0.1369
54fl04	4	39	1	1	2.0000	1.0000	-1.0000	0.1251	NaN	NaN	NaN	778514.5874	778514.9175	1.0000	0.0000	0.2148
54fl04	4	40	1	1	1.0000	1.0000	1.0000	NaN	0.8247	1.5675	14.7330	778516.9627	778517.2639	1.0000	1.0000	0.3005
54fl04	4	40	1	1	2.0000	1.0000	1.0000	0.1220	NaN	NaN	NaN	778518.1153	778518.4448	1.0000	1.0000	0.1989
54fl04	4	41	1	1	1.0000	1.0000	-1.0000	NaN	3.5616	-3.0128	13.4901	778520.6660	778520.9672	1.0000	0.0000	0.2216
54fl04	4	41	1	1	2.0000	1.0000	-1.0000	0.0069	NaN	NaN	NaN	778521.7391	778522.0663	0.0000	1.0000	0.6740
54fl04	4	42	1	1	1.0000	1.0000	-1.0000	NaN	2.8567	-3.2021	15.0352	778524.9791	778525.2801	1.0000	0.0000	0.5317
54fl04	4	42	1	1	2.0000	1.0000	-1.0000	0.0161	NaN	NaN	NaN	778526.3474	778526.6765	0.0000	1.0000	0.7280
54fl04	4	43	1	1	1.0000	1.0000	-1.0000	NaN	4.3420	-2.9455	14.8256	778529.4014	778529.7024	1.0000	0.0000	0.2221
54fl04	4	43	1	1	2.0000	1.0000	-1.0000	0.0546	NaN	NaN	NaN	778530.4676	778530.7950	0.0000	1.0000	0.2974
54fl04	4	44	1	1	1.0000	1.0000	-1.0000	NaN	4.4436	-2.8630	15.9746	778533.0887	778533.3897	0.0000	1.0000	0.2948
54fl04	4	44	1	1	2.0000	1.0000	1.0000	0.1313	NaN	NaN	NaN	778534.1871	778534.5161	1.0000	1.0000	0.8164
54fl04	4	45	1	1	1.0000	1.0000	-1.0000	NaN	1.9334	-2.8010	16.0662	778537.5801	778537.8813	0.0000	1.0000	0.1632
54fl04	4	45	1	1	2.0000	1.0000	1.0000	0.1495	NaN	NaN	NaN	778538.5552	778538.8820	1.0000	1.0000	0.1543
54fl04	4	46	1	1	1.0000	1.0000	1.0000	NaN	2.3329	3.0261	15.5174	778540.9765	778541.2776	1.0000	1.0000	0.3987
54fl04	4	46	1	1	2.0000	1.0000	1.0000	0.0788	NaN	NaN	NaN	778542.2437	778542.5723	1.0000	1.0000	0.8715
54fl04	4	47	1	1	1.0000	1.0000	1.0000	NaN	5.8103	5.1265	14.9011	778545.5975	778545.8987	1.0000	1.0000	0.2889
54fl04	4	47	1	1	2.0000	1.0000	1.0000	0.1018	NaN	NaN	NaN	778546.7551	778547.0855	1.0000	1.0000	0.4070
54fl04	4	48	1	1	1.0000	1.0000	1.0000	NaN	0.8786	2.9235	14.2599	778549.8871	778550.1881	1.0000	1.0000	0.1606
54fl04	4	48	1	1	2.0000	1.0000	1.0000	0.0758	NaN	NaN	NaN	778550.8745	778551.2031	1.0000	1.0000	0.2886
54fl04	4	49	1	1	1.0000	1.0000	-1.0000	NaN	1.2635	-0.8500	14.5970	778553.5798	778553.8807	1.0000	0.0000	0.3237
54fl04	4	49	1	1	2.0000	1.0000	-1.0000	0.2275	NaN	NaN	NaN	778554.8099	778555.1367	0.0000	1.0000	0.1791
54fl04	4	50	1	1	1.0000	1.0000	1.0000	NaN	0.5199	1.7269	13.8622	778557.3805	778557.6815	1.0000	1.0000	0.2192
54fl04	4	50	1	1	2.0000	1.0000	1.0000	0.0364	NaN	NaN	NaN	778558.4516	778558.7791	1.0000	1.0000	0.4094
54fl04	5	1	1	1	1.0000	1.0000	1.0000	NaN	4.8150	3.8973	14.4345	778603.1044	778603.4054	1.0000	1.0000	0.1663
54fl04	5	1	1	1	2.0000	1.0000	1.0000	0.0011	NaN	NaN	NaN	778604.1162	778604.4449	0.0000	0.0000	0.3675
54fl04	5	2	1	1	1.0000	1.0000	-1.0000	NaN	0.1248	-0.6960	16.2434	778607.3345	778607.6355	0.0000	1.0000	0.4090
54fl04	5	2	1	1	2.0000	1.0000	1.0000	0.0021	NaN	NaN	NaN	778608.5633	778608.8905	0.0000	0.0000	0.5377
54fl04	5	3	1	1	1.0000	1.0000	-1.0000	NaN	4.6217	-4.2138	14.7737	778611.9535	778612.2545	0.0000	1.0000	0.0852
54fl04	5	3	1	1	2.0000	1.0000	1.0000	0.1987	NaN	NaN	NaN	778612.8595	778613.1867	1.0000	1.0000	0.0898
54fl04	5	4	1	1	1.0000	1.0000	1.0000	NaN	4.6332	4.1735	14.4435	778615.1563	778615.4575	0.0000	0.0000	0.5309
54fl04	5	4	1	1	2.0000	1.0000	-1.0000	0.1288	NaN	NaN	NaN	778616.4830	778616.8107	0.0000	1.0000	0.2337
54fl04	5	5	1	1	1.0000	1.0000	1.0000	NaN	3.0110	0.6634	16.1725	778619.5673	778619.8684	1.0000	1.0000	1.6081
54fl04	5	5	1	1	2.0000	1.0000	1.0000	0.1947	NaN	NaN	NaN	778621.9948	778622.3238	1.0000	1.0000	0.2007
54fl04	5	6	1	1	1.0000	1.0000	-1.0000	NaN	5.1575	-5.2698	15.2087	778624.7536	778625.0548	0.0000	1.0000	0.1816
54fl04	5	6	1	1	2.0000	1.0000	1.0000	0.2204	NaN	NaN	NaN	778625.7629	778626.0905	1.0000	1.0000	0.2253
54fl04	5	7	1	1	1.0000	1.0000	-1.0000	NaN	0.4191	-1.1965	14.5960	778628.7564	778629.0576	0.0000	1.0000	0.1308
54fl04	5	7	1	1	2.0000	1.0000	1.0000	0.1212	NaN	NaN	NaN	778629.6999	778630.0293	1.0000	1.0000	0.1584
54fl04	5	8	1	1	1.0000	1.0000	1.0000	NaN	0.0204	0.0199	13.9566	778632.0102	778632.3114	0.0000	0.0000	0.4131
54fl04	5	8	1	1	2.0000	1.0000	-1.0000	0.1181	NaN	NaN	NaN	778633.2275	778633.5566	1.0000	0.0000	0.6881
54fl04	5	9	1	1	1.0000	1.0000	-1.0000	NaN	3.1576	-4.7810	15.0026	778636.7637	778637.0650	0.0000	1.0000	0.1715
54fl04	5	9	1	1	2.0000	1.0000	1.0000	0.0076	NaN	NaN	NaN	778637.7392	778638.0669	0.0000	0.0000	0.1534
54fl04	5	10	1	1	1.0000	1.0000	1.0000	NaN	0.0458	1.8567	15.8790	778640.1672	778640.4683	0.0000	0.0000	0.6882
54fl04	5	10	1	1	2.0000	1.0000	-1.0000	0.1942	NaN	NaN	NaN	778641.6752	778642.0065	0.0000	1.0000	0.1413
54fl04	5	11	1	1	1.0000	1.0000	-1.0000	NaN	5.0988	-6.1465	15.5738	778644.1454	778644.4465	0.0000	1.0000	0.1501
54fl04	5	11	1	1	2.0000	1.0000	1.0000	0.0493	NaN	NaN	NaN	778645.1073	778645.4365	1.0000	1.0000	0.5832
54fl04	5	12	1	1	1.0000	1.0000	-1.0000	NaN	5.0278	-5.4832	15.2210	778648.3760	778648.6769	0.0000	1.0000	0.1268
54fl04	5	12	1	1	2.0000	1.0000	1.0000	0.1144	NaN	NaN	NaN	778649.2993	778649.6285	0.0000	0.0000	0.1518
54fl04	5	13	1	1	1.0000	1.0000	-1.0000	NaN	5.2956	-5.3806	14.0795	778652.1392	778652.4404	0.0000	1.0000	0.1560
54fl04	5	13	1	1	2.0000	1.0000	1.0000	0.0159	NaN	NaN	NaN	778653.1071	778653.4360	0.0000	0.0000	0.5037
54fl04	5	14	1	1	1.0000	1.0000	-1.0000	NaN	4.6478	-5.1355	13.7023	778655.9128	778656.2139	0.0000	1.0000	0.7745
54fl04	5	14	1	1	2.0000	1.0000	1.0000	0.0707	NaN	NaN	NaN	778657.5001	778657.8266	1.0000	1.0000	0.2969
54fl04	5	15	1	1	1.0000	1.0000	-1.0000	NaN	4.5949	-6.2125	15.4154	778660.4031	778660.7043	0.0000	1.0000	0.2044
54fl04	5	15	1	1	2.0000	1.0000	1.0000	0.0446	NaN	NaN	NaN	778661.4270	778661.7547	1.0000	1.0000	0.0007
54fl04	5	16	1	1	1.0000	1.0000	-1.0000	NaN	4.8940	-5.3640	14.3039	778664.1627	778664.4638	0.0000	1.0000	0.1320
54fl04	5	16	1	1	2.0000	1.0000	1.0000	0.1388	NaN	NaN	NaN	778665.0994	778665.4283	1.0000	1.0000	0.1761
54fl04	5	17	1	1	1.0000	1.0000	-1.0000	NaN	4.6420	-2.8676	14.7884	778667.6252	778667.9262	0.0000	1.0000	0.1335
54fl04	5	17	1	1	2.0000	1.0000	1.0000	0.1027	NaN	NaN	NaN	778668.5318	778668.8589	1.0000	1.0000	0.1288
54fl04	5	18	1	1	1.0000	1.0000	-1.0000	NaN	2.2391	-2.1352	15.0573	778671.2075	778671.5087	0.0000	1.0000	0.1357
54fl04	5	18	1	1	2.0000	1.0000	1.0000	0.0430	NaN	NaN	NaN	778672.1469	778672.4745	1.0000	1.0000	0.3853
54fl04	5	19	1	1	1.0000	1.0000	-1.0000	NaN	1.8430	-0.1286	15.1512	778674.8146	778675.1158	0.0000	1.0000	0.5926
54fl04	5	19	1	1	2.0000	1.0000	1.0000	0.0080	NaN	NaN	NaN	778676.2356	778676.5646	1.0000	1.0000	1.3031
54fl04	5	20	1	1	1.0000	1.0000	-1.0000	NaN	4.4117	-4.1212	15.0051	778680.0969	778680.3979	0.0000	1.0000	0.1105
54fl04	5	20	1	1	2.0000	1.0000	1.0000	0.2236	NaN	NaN	NaN	778681.0185	778681.3458	1.0000	1.0000	0.0500
54fl04	5	21	1	1	1.0000	1.0000	1.0000	NaN	2.1235	1.6627	14.3490	778683.4919	778683.7929	0.0000	0.0000	0.1874
54fl04	5	21	1	1	2.0000	1.0000	-1.0000	0.0427	NaN	NaN	NaN	778684.4831	778684.8116	1.0000	0.0000	0.1121
54fl04	5	22	1	1	1.0000	1.0000	-1.0000	NaN	3.4383	-1.8180	15.1776	778687.2811	778687.5824	0.0000	1.0000	0.4223
54fl04	5	22	1	1	2.0000	1.0000	1.0000	0.0717	NaN	NaN	NaN	778688.5072	778688.8349	1.0000	1.0000	1.6256
54fl04	5	23	1	1	1.0000	1.0000	1.0000	NaN	1.9987	1.3750	15.0680	778692.7990	778693.1000	0.0000	0.0000	0.7437
54fl04	5	23	1	1	2.0000	1.0000	-1.0000	0.1599	NaN	NaN	NaN	778694.3467	778694.6780	0.0000	1.0000	0.2697
54fl04	5	24	1	1	1.0000	1.0000	-1.0000	NaN	0.1715	-0.8176	15.9989	778697.1284	778697.4294	0.0000	1.0000	0.1828
54fl04	5	24	1	1	2.0000	1.0000	1.0000	0.1512	NaN	NaN	NaN	778698.1240	778698.4522	1.0000	1.0000	0.2958
54fl04	5	25	1	1	1.0000	1.0000	-1.0000	NaN	5.1430	-3.8626	15.8730	778701.1190	778701.4201	0.0000	1.0000	0.1682
54fl04	5	25	1	1	2.0000	1.0000	1.0000	0.1125	NaN	NaN	NaN	778702.0832	778702.4113	0.0000	0.0000	1.0574
54fl04	5	26	1	1	1.0000	1.0000	-1.0000	NaN	5.2450	-3.9588	15.9465	778705.8093	778706.1103	0.0000	1.0000	0.2054
54fl04	5	26	1	1	2.0000	1.0000	1.0000	0.1156	NaN	NaN	NaN	778706.8349	778707.1645	1.0000	1.0000	0.3362
54fl04	5	27	1	1	1.0000	1.0000	1.0000	NaN	1.0643	0.2324	16.5571	778709.6960	778709.9971	0.0000	0.0000	0.2553
54fl04	5	27	1	1	2.0000	1.0000	-1.0000	0.1704	NaN	NaN	NaN	778710.7795	778711.1109	0.0000	1.0000	0.3892
54fl04	5	28	1	1	1.0000	1.0000	1.0000	NaN	2.2990	4.1147	13.3688	778714.0048	778714.3063	0.0000	0.0000	0.3052
54fl04	5	28	1	1	2.0000	1.0000	-1.0000	0.0406	NaN	NaN	NaN	778715.1550	778715.4821	0.0000	1.0000	0.2742
54fl04	5	29	1	1	1.0000	1.0000	1.0000	NaN	5.2393	5.8587	14.2870	778717.9614	778718.2623	1.0000	1.0000	0.4700
54fl04	5	29	1	1	2.0000	1.0000	1.0000	0.1466	NaN	NaN	NaN	778719.2676	778719.5965	0.0000	0.0000	0.9593
54fl04	5	30	1	1	1.0000	1.0000	-1.0000	NaN	2.4649	-1.4050	15.1038	778722.6609	778722.9619	0.0000	1.0000	0.2098
54fl04	5	30	1	1	2.0000	1.0000	1.0000	0.1045	NaN	NaN	NaN	778723.6834	778724.0119	1.0000	1.0000	0.2406
54fl04	5	31	1	1	1.0000	1.0000	1.0000	NaN	5.0438	5.1073	14.0053	778726.8562	778727.1574	1.0000	1.0000	0.2070
54fl04	5	31	1	1	2.0000	1.0000	1.0000	0.1118	NaN	NaN	NaN	778727.8751	778728.2022	1.0000	1.0000	0.6019
54fl04	5	32	1	1	1.0000	1.0000	1.0000	NaN	0.7012	0.4595	14.9722	778730.9524	778731.2540	1.0000	1.0000	0.3424
54fl04	5	32	1	1	2.0000	1.0000	1.0000	0.0391	NaN	NaN	NaN	778732.1309	778732.4598	0.0000	0.0000	1.5846
54fl04	5	33	1	1	1.0000	1.0000	1.0000	NaN	1.8192	2.1844	13.6890	778736.5155	778736.8166	1.0000	1.0000	0.1877
54fl04	5	33	1	1	2.0000	1.0000	1.0000	0.2105	NaN	NaN	NaN	778737.5392	778737.8666	1.0000	1.0000	0.2180
54fl04	5	34	1	1	1.0000	1.0000	1.0000	NaN	5.1090	4.1635	14.2504	778740.5798	778740.8808	1.0000	1.0000	0.1077
54fl04	5	34	1	1	2.0000	1.0000	1.0000	0.1279	NaN	NaN	NaN	778741.5150	778741.8445	1.0000	1.0000	0.2719
54fl04	5	35	1	1	1.0000	1.0000	1.0000	NaN	0.6699	0.7775	13.8593	778744.4945	778744.7957	1.0000	1.0000	0.4720
54fl04	5	35	1	1	2.0000	1.0000	1.0000	0.2142	NaN	NaN	NaN	778745.8116	778746.1398	1.0000	1.0000	0.2645
54fl04	5	36	1	1	1.0000	1.0000	1.0000	NaN	1.0168	1.7878	16.4880	778749.0345	778749.3354	1.0000	1.0000	0.1883
54fl04	5	36	1	1	2.0000	1.0000	1.0000	0.0766	NaN	NaN	NaN	778750.0749	778750.4054	1.0000	1.0000	0.2549
54fl04	5	37	1	1	1.0000	1.0000	-1.0000	NaN	3.8173	-5.0759	15.1163	778752.9232	778753.2244	0.0000	1.0000	0.4194
54fl04	5	37	1	1	2.0000	1.0000	1.0000	0.2214	NaN	NaN	NaN	778754.1713	778754.5010	0.0000	0.0000	0.1914
54fl04	5	38	1	1	1.0000	1.0000	1.0000	NaN	0.6717	1.3263	16.7284	778757.1636	778757.4647	0.0000	0.0000	0.3789
54fl04	5	38	1	1	2.0000	1.0000	-1.0000	0.1176	NaN	NaN	NaN	778758.3559	778758.6837	0.0000	1.0000	0.3125
54fl04	5	39	1	1	1.0000	1.0000	-1.0000	NaN	2.5403	-5.1539	15.6818	778761.3380	778761.6391	0.0000	1.0000	0.2367
54fl04	5	39	1	1	2.0000	1.0000	1.0000	0.1252	NaN	NaN	NaN	778762.3948	778762.7227	1.0000	1.0000	0.0008
54fl04	5	40	1	1	1.0000	1.0000	-1.0000	NaN	1.6063	-1.4007	16.1071	778764.9990	778765.3000	0.0000	1.0000	0.3597
54fl04	5	40	1	1	2.0000	1.0000	1.0000	0.1619	NaN	NaN	NaN	778766.1392	778766.4664	0.0000	0.0000	0.7134
54fl04	5	41	1	1	1.0000	1.0000	-1.0000	NaN	0.7653	-0.4572	15.1910	778769.1370	778769.4380	0.0000	1.0000	0.3257
54fl04	5	41	1	1	2.0000	1.0000	1.0000	0.1019	NaN	NaN	NaN	778770.2750	778770.6030	1.0000	1.0000	0.0008
54fl04	5	42	1	1	1.0000	1.0000	-1.0000	NaN	4.1677	-4.4421	15.3762	778772.7429	778773.0441	0.0000	1.0000	0.2316
54fl04	5	42	1	1	2.0000	1.0000	1.0000	0.1871	NaN	NaN	NaN	778773.7876	778774.1149	1.0000	1.0000	0.1695
54fl04	5	43	1	1	1.0000	1.0000	-1.0000	NaN	2.1399	-1.6968	14.5076	778776.6560	778776.9570	0.0000	1.0000	0.2394
54fl04	5	43	1	1	2.0000	1.0000	1.0000	0.1575	NaN	NaN	NaN	778777.7154	778778.0463	1.0000	1.0000	0.3421
54fl04	5	44	1	1	1.0000	1.0000	1.0000	NaN	3.2906	3.7537	14.1497	778780.6422	778780.9434	1.0000	1.0000	0.5810
54fl04	5	44	1	1	2.0000	1.0000	1.0000	0.0761	NaN	NaN	NaN	778782.0672	778782.3978	1.0000	1.0000	0.0946
54fl04	5	45	1	1	1.0000	1.0000	-1.0000	NaN	1.8664	-0.2052	15.4146	778784.7706	778785.0724	0.0000	1.0000	0.2679
54fl04	5	45	1	1	2.0000	1.0000	1.0000	0.1835	NaN	NaN	NaN	778785.8513	778786.1790	1.0000	1.0000	0.6974
54fl04	5	46	1	1	1.0000	1.0000	-1.0000	NaN	2.2502	-4.6372	14.3622	778789.2650	778789.5662	0.0000	1.0000	0.2062
54fl04	5	46	1	1	2.0000	1.0000	1.0000	0.0331	NaN	NaN	NaN	778790.2915	778790.6202	0.0000	0.0000	0.6234
54fl04	5	47	1	1	1.0000	1.0000	-1.0000	NaN	1.9925	-2.7297	13.2640	778793.7717	778794.0729	0.0000	1.0000	0.1795
54fl04	5	47	1	1	2.0000	1.0000	1.0000	0.1597	NaN	NaN	NaN	778794.7637	778795.0913	1.0000	1.0000	0.1444
54fl04	5	48	1	1	1.0000	1.0000	1.0000	NaN	4.7519	3.0471	15.4296	778797.2656	778797.5666	1.0000	1.0000	0.6939
54fl04	5	48	1	1	2.0000	1.0000	1.0000	0.1135	NaN	NaN	NaN	778798.7707	778799.1020	1.0000	1.0000	0.4782
54fl04	5	49	1	1	1.0000	1.0000	-1.0000	NaN	3.5804	-4.9445	15.2377	778801.7484	778802.0494	0.0000	1.0000	0.2429
54fl04	5	49	1	1	2.0000	1.0000	1.0000	0.0298	NaN	NaN	NaN	778802.8188	778803.1491	1.0000	1.0000	0.5426
54fl04	5	50	1	1	1.0000	1.0000	-1.0000	NaN	4.5555	-5.4204	15.7009	778806.1706	778806.4717	0.0000	1.0000	0.3005
54fl04	5	50	1	1	2.0000	1.0000	1.0000	0.1177	NaN	NaN	NaN	778807.3229	778807.6508	1.0000	1.0000	0.3696
54fl04	6	1	1	1	1.0000	1.0000	1.0000	NaN	3.7489	3.2563	15.3579	778812.9262	778813.2272	0.0000	0.0000	0.1123
54fl04	6	1	1	1	2.0000	1.0000	-1.0000	0.2228	NaN	NaN	NaN	778813.8676	778814.1963	1.0000	0.0000	0.0158
54fl04	6	2	1	1	1.0000	1.0000	1.0000	NaN	1.8804	2.2431	15.7145	778816.7155	778817.0165	1.0000	1.0000	0.2991
54fl04	6	2	1	1	2.0000	1.0000	1.0000	0.1896	NaN	NaN	NaN	778817.8112	778818.1377	1.0000	1.0000	0.2027
54fl04	6	3	1	1	1.0000	1.0000	-1.0000	NaN	5.2442	-5.5503	16.6227	778820.4625	778820.7637	0.0000	1.0000	0.1126
54fl04	6	3	1	1	2.0000	1.0000	1.0000	0.0215	NaN	NaN	NaN	778821.3716	778821.7012	1.0000	1.0000	0.3109
54fl04	6	4	1	1	1.0000	1.0000	-1.0000	NaN	5.6629	-6.4986	14.6590	778824.0921	778824.3932	0.0000	1.0000	0.0829
54fl04	6	4	1	1	2.0000	1.0000	1.0000	0.0964	NaN	NaN	NaN	778824.9783	778825.3062	1.0000	1.0000	1.9142
54fl04	6	5	1	1	1.0000	1.0000	1.0000	NaN	3.8707	3.5825	14.2282	778829.6160	778829.9172	1.0000	1.0000	0.1743
54fl04	6	5	1	1	2.0000	1.0000	1.0000	0.0228	NaN	NaN	NaN	778830.6111	778830.9396	1.0000	1.0000	0.5448
54fl04	6	6	1	1	1.0000	1.0000	1.0000	NaN	5.2599	4.7737	15.3249	778833.7140	778834.0151	1.0000	1.0000	0.8773
54fl04	6	6	1	1	2.0000	1.0000	1.0000	0.0937	NaN	NaN	NaN	778835.4267	778835.7541	0.0000	0.0000	0.6022
54fl04	6	7	1	1	1.0000	1.0000	1.0000	NaN	5.1991	4.5149	14.6004	778838.1866	778838.4878	1.0000	1.0000	0.1646
54fl04	6	7	1	1	2.0000	1.0000	1.0000	0.0643	NaN	NaN	NaN	778839.1949	778839.5231	0.0000	0.0000	0.2406
54fl04	6	8	1	1	1.0000	1.0000	-1.0000	NaN	4.6515	-5.6473	14.9952	778842.0355	778842.3368	0.0000	1.0000	0.2190
54fl04	6	8	1	1	2.0000	1.0000	1.0000	0.0416	NaN	NaN	NaN	778843.0753	778843.4042	1.0000	1.0000	1.6635
54fl04	6	9	1	1	1.0000	1.0000	-1.0000	NaN	5.9461	-4.0317	13.9534	778847.4322	778847.7333	0.0000	1.0000	0.5824
54fl04	6	9	1	1	2.0000	1.0000	1.0000	0.1566	NaN	NaN	NaN	778848.8267	778849.1564	1.0000	1.0000	0.3361
54fl04	6	10	1	1	1.0000	1.0000	-1.0000	NaN	2.2320	-1.3292	14.6207	778851.7472	778852.0482	0.0000	1.0000	1.3639
54fl04	6	10	1	1	2.0000	1.0000	1.0000	0.0336	NaN	NaN	NaN	778853.9149	778854.2420	1.0000	1.0000	0.6104
54fl04	6	11	1	1	1.0000	1.0000	-1.0000	NaN	5.7355	-5.5194	14.4713	778856.7566	778857.0579	0.0000	1.0000	0.1873
54fl04	6	11	1	1	2.0000	1.0000	1.0000	0.1750	NaN	NaN	NaN	778857.7631	778858.0911	1.0000	1.0000	0.2333
54fl04	6	12	1	1	1.0000	1.0000	1.0000	NaN	0.4478	1.7338	13.7939	778860.7306	778861.0316	1.0000	1.0000	0.3646
54fl04	6	12	1	1	2.0000	1.0000	1.0000	0.1532	NaN	NaN	NaN	778861.9475	778862.2789	1.0000	1.0000	0.3015
54fl04	6	13	1	1	1.0000	1.0000	-1.0000	NaN	5.9786	-6.0702	15.6607	778864.9006	778865.2022	0.0000	1.0000	0.1615
54fl04	6	13	1	1	2.0000	1.0000	1.0000	0.1138	NaN	NaN	NaN	778865.8993	778866.2279	1.0000	1.0000	0.3366
54fl04	6	14	1	1	1.0000	1.0000	-1.0000	NaN	4.0169	-4.0454	14.1524	778868.9754	778869.2764	0.0000	1.0000	1.0792
54fl04	6	14	1	1	2.0000	1.0000	1.0000	0.0623	NaN	NaN	NaN	778870.8907	778871.2177	1.0000	1.0000	0.4184
54fl04	6	15	1	1	1.0000	1.0000	1.0000	NaN	5.3327	5.3680	13.9980	778873.6821	778873.9833	0.0000	0.0000	0.4611
54fl04	6	15	1	1	2.0000	1.0000	-1.0000	0.2113	NaN	NaN	NaN	778874.9633	778875.2926	0.0000	1.0000	0.2077
54fl04	6	16	1	1	1.0000	1.0000	-1.0000	NaN	3.4826	-3.5836	14.9204	778877.7967	778878.0978	0.0000	1.0000	0.3218
54fl04	6	16	1	1	2.0000	1.0000	1.0000	0.0017	NaN	NaN	NaN	778878.9474	778879.2764	1.0000	1.0000	0.3433
54fl04	6	17	1	1	1.0000	1.0000	-1.0000	NaN	4.9025	-5.0374	14.2728	778881.6833	778881.9843	0.0000	1.0000	0.1313
54fl04	6	17	1	1	2.0000	1.0000	1.0000	0.0162	NaN	NaN	NaN	778882.6118	778882.9395	1.0000	1.0000	0.5287
54fl04	6	18	1	1	1.0000	1.0000	1.0000	NaN	4.9319	5.4954	14.6809	778885.2727	778885.5739	1.0000	1.0000	0.2142
54fl04	6	18	1	1	2.0000	1.0000	1.0000	0.0211	NaN	NaN	NaN	778886.3075	778886.6351	0.0000	0.0000	0.1052
54fl04	6	19	1	1	1.0000	1.0000	1.0000	NaN	3.6337	4.9235	14.5092	778889.0332	778889.3342	1.0000	1.0000	0.2622
54fl04	6	19	1	1	2.0000	1.0000	1.0000	0.0448	NaN	NaN	NaN	778890.0994	778890.4302	0.0000	0.0000	0.2374
54fl04	6	20	1	1	1.0000	1.0000	-1.0000	NaN	4.6398	-5.3529	14.1335	778892.7900	778893.0910	1.0000	0.0000	1.1853
54fl04	6	20	1	1	2.0000	1.0000	-1.0000	0.0360	NaN	NaN	NaN	778894.8192	778895.1468	0.0000	1.0000	0.4489
54fl04	6	21	1	1	1.0000	1.0000	1.0000	NaN	4.5805	4.9943	13.0739	778897.8601	778898.1611	1.0000	1.0000	0.3385
54fl04	6	21	1	1	2.0000	1.0000	1.0000	0.2180	NaN	NaN	NaN	778899.0270	778899.3554	1.0000	1.0000	0.4642
54fl04	6	22	1	1	1.0000	1.0000	-1.0000	NaN	3.9249	-4.8180	13.7305	778902.4246	778902.7257	0.0000	1.0000	1.1824
54fl04	6	22	1	1	2.0000	1.0000	1.0000	0.1634	NaN	NaN	NaN	778904.4271	778904.7550	0.0000	0.0000	0.3933
54fl04	6	23	1	1	1.0000	1.0000	1.0000	NaN	3.8290	5.5513	17.3566	778907.4100	778907.7113	1.0000	1.0000	0.4936
54fl04	6	23	1	1	2.0000	1.0000	1.0000	0.1407	NaN	NaN	NaN	778908.7069	778909.0342	1.0000	1.0000	0.3215
54fl04	6	24	1	1	1.0000	1.0000	1.0000	NaN	1.1788	0.8657	15.9760	778911.7390	778912.0401	1.0000	1.0000	0.2602
54fl04	6	24	1	1	2.0000	1.0000	1.0000	0.0585	NaN	NaN	NaN	778912.8509	778913.1782	1.0000	1.0000	2.6981
54fl04	6	25	1	1	1.0000	1.0000	-1.0000	NaN	5.2040	-4.4963	15.3652	778918.4388	778918.7398	0.0000	1.0000	0.4725
54fl04	6	25	1	1	2.0000	1.0000	1.0000	0.1682	NaN	NaN	NaN	778919.7000	778920.0279	0.0000	0.0000	0.2005
54fl04	6	26	1	1	1.0000	1.0000	-1.0000	NaN	5.0879	-5.5261	14.2789	778922.3430	778922.6443	0.0000	1.0000	0.2559
54fl04	6	26	1	1	2.0000	1.0000	1.0000	0.0857	NaN	NaN	NaN	778923.4192	778923.7474	1.0000	1.0000	0.1530
54fl04	6	27	1	1	1.0000	1.0000	1.0000	NaN	4.8514	4.9284	14.8383	778926.2060	778926.5070	1.0000	1.0000	1.0486
54fl04	6	27	1	1	2.0000	1.0000	1.0000	0.2152	NaN	NaN	NaN	778928.1068	778928.4346	1.0000	1.0000	0.2971
54fl04	6	28	1	1	1.0000	1.0000	-1.0000	NaN	5.3320	-6.0098	13.8191	778930.7868	778931.0878	0.0000	1.0000	0.4838
54fl04	6	28	1	1	2.0000	1.0000	1.0000	0.1227	NaN	NaN	NaN	778932.0989	778932.4277	1.0000	1.0000	0.1919
54fl04	6	29	1	1	1.0000	1.0000	-1.0000	NaN	4.7651	-2.2064	14.6752	778934.9738	778935.2748	0.0000	1.0000	0.1777
54fl04	6	29	1	1	2.0000	1.0000	1.0000	0.0279	NaN	NaN	NaN	778935.9874	778936.3179	1.0000	1.0000	0.2218
54fl04	6	30	1	1	1.0000	1.0000	-1.0000	NaN	0.3870	-2.0065	13.6585	778938.5781	778938.8792	0.0000	1.0000	0.3565
54fl04	6	30	1	1	2.0000	1.0000	1.0000	0.2075	NaN	NaN	NaN	778939.7554	778940.0831	1.0000	1.0000	0.2253
54fl04	6	31	1	1	1.0000	1.0000	1.0000	NaN	2.6619	3.0380	14.1212	778942.4882	778942.7891	0.0000	0.0000	0.1189
54fl04	6	31	1	1	2.0000	1.0000	-1.0000	0.0070	NaN	NaN	NaN	778943.4117	778943.7407	0.0000	1.0000	0.3435
54fl04	6	32	1	1	1.0000	1.0000	-1.0000	NaN	5.1344	-6.0889	15.5015	778946.4642	778946.7654	0.0000	1.0000	0.2149
54fl04	6	32	1	1	2.0000	1.0000	1.0000	0.0804	NaN	NaN	NaN	778947.5149	778947.8425	1.0000	1.0000	0.3292
54fl04	6	33	1	1	1.0000	1.0000	-1.0000	NaN	0.4715	-0.4968	14.8235	778950.1106	778950.4122	0.0000	1.0000	0.2235
54fl04	6	33	1	1	2.0000	1.0000	1.0000	0.1134	NaN	NaN	NaN	778951.1554	778951.4829	1.0000	1.0000	0.1375
54fl04	6	34	1	1	1.0000	1.0000	-1.0000	NaN	4.6990	-5.0304	15.8659	778953.7233	778954.0243	0.0000	1.0000	0.1480
54fl04	6	34	1	1	2.0000	1.0000	1.0000	0.0008	NaN	NaN	NaN	778954.6837	778955.0121	1.0000	1.0000	0.4875
54fl04	6	35	1	1	1.0000	1.0000	-1.0000	NaN	4.9932	-6.7213	14.4640	778957.6221	778957.9231	0.0000	1.0000	0.1215
54fl04	6	35	1	1	2.0000	1.0000	1.0000	0.0712	NaN	NaN	NaN	778958.5555	778958.8834	1.0000	1.0000	0.0961
54fl04	6	36	1	1	1.0000	1.0000	-1.0000	NaN	1.0122	-1.0568	15.8602	778961.1171	778961.4181	0.0000	1.0000	0.6023
54fl04	6	36	1	1	2.0000	1.0000	1.0000	0.0027	NaN	NaN	NaN	778962.5311	778962.8600	1.0000	1.0000	0.2483
54fl04	6	37	1	1	1.0000	1.0000	-1.0000	NaN	1.0806	-3.3441	14.9796	778965.0364	778965.3380	0.0000	1.0000	0.1702
54fl04	6	37	1	1	2.0000	1.0000	1.0000	0.0266	NaN	NaN	NaN	778966.0506	778966.3793	1.0000	1.0000	0.1364
54fl04	6	38	1	1	1.0000	1.0000	-1.0000	NaN	3.6307	-0.2565	15.2088	778969.0361	778969.3371	0.0000	1.0000	0.5471
54fl04	6	38	1	1	2.0000	1.0000	1.0000	0.0969	NaN	NaN	NaN	778970.4034	778970.7328	1.0000	1.0000	0.1193
54fl04	6	39	1	1	1.0000	1.0000	-1.0000	NaN	3.0566	-2.1929	15.6042	778972.9300	778973.2312	1.0000	0.0000	1.4124
54fl04	6	39	1	1	2.0000	1.0000	-1.0000	0.1905	NaN	NaN	NaN	778975.1945	778975.5247	0.0000	1.0000	0.1596
54fl04	6	40	1	1	1.0000	1.0000	-1.0000	NaN	0.4497	-2.1150	14.0467	778977.7164	778978.0176	0.0000	1.0000	0.4826
54fl04	6	40	1	1	2.0000	1.0000	1.0000	0.0337	NaN	NaN	NaN	778979.0591	778979.3864	1.0000	1.0000	0.5218
54fl04	6	41	1	1	1.0000	1.0000	-1.0000	NaN	0.1996	-0.3581	15.5432	778982.1535	778982.4546	1.0000	0.0000	0.2217
54fl04	6	41	1	1	2.0000	1.0000	-1.0000	0.1640	NaN	NaN	NaN	778983.2186	778983.5477	0.0000	1.0000	0.1759
54fl04	6	42	1	1	1.0000	1.0000	-1.0000	NaN	5.6366	-6.1935	14.1411	778986.0364	778986.3376	0.0000	1.0000	0.2906
54fl04	6	42	1	1	2.0000	1.0000	1.0000	0.0863	NaN	NaN	NaN	778987.1543	778987.4817	1.0000	1.0000	0.4105
54fl04	6	43	1	1	1.0000	1.0000	-1.0000	NaN	4.4885	-5.2235	15.7745	778989.7881	778990.0893	0.0000	1.0000	0.4264
54fl04	6	43	1	1	2.0000	1.0000	1.0000	0.0653	NaN	NaN	NaN	778991.0512	778991.3785	1.0000	1.0000	0.4730
54fl04	6	44	1	1	1.0000	1.0000	1.0000	NaN	4.6957	3.9477	14.3039	778993.9564	778994.2576	1.0000	1.0000	0.2269
54fl04	6	44	1	1	2.0000	1.0000	1.0000	0.0105	NaN	NaN	NaN	778995.0355	778995.3644	1.0000	1.0000	0.4959
54fl04	6	45	1	1	1.0000	1.0000	1.0000	NaN	0.9382	2.1064	14.4369	778998.3058	778998.6070	1.0000	1.0000	0.1885
54fl04	6	45	1	1	2.0000	1.0000	1.0000	0.1369	NaN	NaN	NaN	778999.3312	778999.6605	1.0000	1.0000	0.3591
54fl04	6	46	1	1	1.0000	1.0000	-1.0000	NaN	4.2675	-4.1352	14.0472	779002.3647	779002.6659	0.0000	1.0000	0.4979
54fl04	6	46	1	1	2.0000	1.0000	1.0000	0.1438	NaN	NaN	NaN	779003.6674	779003.9962	1.0000	1.0000	0.1760
54fl04	6	47	1	1	1.0000	1.0000	-1.0000	NaN	4.8513	-2.8294	14.4635	779006.5591	779006.8603	1.0000	0.0000	0.5361
54fl04	6	47	1	1	2.0000	1.0000	-1.0000	0.0901	NaN	NaN	NaN	779007.9233	779008.2520	1.0000	0.0000	0.6244
54fl04	6	48	1	1	1.0000	1.0000	-1.0000	NaN	4.6226	-5.3930	15.0664	779011.0304	779011.3318	0.0000	1.0000	0.1358
54fl04	6	48	1	1	2.0000	1.0000	1.0000	0.0861	NaN	NaN	NaN	779011.9705	779012.3000	1.0000	1.0000	0.9517
54fl04	6	49	1	1	1.0000	1.0000	-1.0000	NaN	5.8712	-4.6834	14.2580	779015.4411	779015.7422	0.0000	1.0000	0.3020
54fl04	6	49	1	1	2.0000	1.0000	1.0000	0.0908	NaN	NaN	NaN	779016.5715	779016.8990	0.0000	0.0000	0.1686
54fl04	6	50	1	1	1.0000	1.0000	1.0000	NaN	3.1777	2.3337	15.8693	779019.0466	779019.3479	1.0000	1.0000	0.1362
54fl04	6	50	1	1	2.0000	1.0000	1.0000	0.0361	NaN	NaN	NaN	779020.0347	779020.3614	1.0000	1.0000	0.6748
