20py01	1	1	0	0	1.0000	0.0000	1.0000	0.1424	NaN	NaN	NaN	587727.5538	587727.9752	1.0000	1.0000	1.0615
20py01	1	1	0	0	2.0000	0.0000	1.0000	NaN	7.9153	7.0744	15.3115	587729.6048	587729.9097	1.0000	1.0000	0.8870
20py01	1	2	0	0	1.0000	0.0000	1.0000	0.9115	NaN	NaN	NaN	587733.1709	587733.5911	1.0000	1.0000	0.7587
20py01	1	2	0	0	2.0000	0.0000	1.0000	NaN	7.8689	4.1072	15.3032	587734.9355	587735.2400	0.0000	0.0000	2.0216
20py01	1	3	0	0	1.0000	0.0000	1.0000	0.8464	NaN	NaN	NaN	587739.6359	587740.0574	1.0000	1.0000	0.8039
20py01	1	3	0	0	2.0000	0.0000	1.0000	NaN	4.0100	5.0949	14.5827	587741.4622	587741.7682	1.0000	1.0000	1.0772
20py01	1	4	0	0	1.0000	0.0000	-1.0000	0.2128	NaN	NaN	NaN	587744.8072	587745.2239	1.0000	0.0000	0.8528
20py01	1	4	0	0	2.0000	0.0000	-1.0000	NaN	8.0140	-6.4010	15.5550	587746.6834	587746.9856	0.0000	1.0000	1.3311
20py01	1	5	0	0	1.0000	0.0000	1.0000	0.6121	NaN	NaN	NaN	587750.3114	587750.7236	1.0000	1.0000	0.7612
20py01	1	5	0	0	2.0000	0.0000	1.0000	NaN	4.5433	2.5869	15.7675	587752.1009	587752.4050	1.0000	1.0000	1.5117
20py01	1	6	0	0	1.0000	0.0000	1.0000	0.3089	NaN	NaN	NaN	587756.5774	587756.9777	1.0000	1.0000	0.7642
20py01	1	6	0	0	2.0000	0.0000	1.0000	NaN	1.2676	1.1025	14.6186	587758.4131	587758.7152	0.0000	0.0000	0.8982
20py01	1	7	0	0	1.0000	0.0000	1.0000	0.9113	NaN	NaN	NaN	587761.6345	587761.9849	1.0000	1.0000	0.6682
20py01	1	7	0	0	2.0000	0.0000	-1.0000	NaN	6.5666	-3.9220	15.0764	587763.2437	587763.5471	1.0000	0.0000	1.8901
20py01	1	8	0	0	1.0000	0.0000	-1.0000	0.2818	NaN	NaN	NaN	587768.1645	587768.5160	1.0000	0.0000	0.8733
20py01	1	8	0	0	2.0000	0.0000	1.0000	NaN	3.8253	3.1671	14.3018	587769.9807	587770.2829	1.0000	1.0000	3.3778
20py01	1	9	0	0	1.0000	0.0000	-1.0000	0.4244	NaN	NaN	NaN	587775.8797	587776.2322	0.0000	1.0000	1.4784
20py01	1	9	0	0	2.0000	0.0000	1.0000	NaN	3.6762	4.8209	14.1543	587778.2693	587778.5716	1.0000	1.0000	0.7217
20py01	1	10	0	0	1.0000	0.0000	1.0000	0.4852	NaN	NaN	NaN	587781.1576	587781.5141	1.0000	1.0000	0.6753
20py01	1	10	0	0	2.0000	0.0000	-1.0000	NaN	9.8115	-8.9887	15.3328	587782.8126	587783.1147	0.0000	1.0000	1.4580
20py01	1	11	0	0	1.0000	0.0000	1.0000	0.7399	NaN	NaN	NaN	587787.1788	587787.5316	1.0000	1.0000	0.6091
20py01	1	11	0	0	2.0000	0.0000	1.0000	NaN	5.0814	5.8788	14.2731	587788.7478	587789.0500	1.0000	1.0000	1.3627
20py01	1	12	0	0	1.0000	0.0000	1.0000	0.3508	NaN	NaN	NaN	587792.7798	587793.1876	1.0000	1.0000	0.6175
20py01	1	12	0	0	2.0000	0.0000	1.0000	NaN	1.3344	1.3873	15.4725	587794.4509	587794.7551	1.0000	1.0000	0.7309
20py01	1	13	0	0	1.0000	0.0000	1.0000	0.1574	NaN	NaN	NaN	587797.9604	587798.3837	1.0000	1.0000	1.0220
20py01	1	13	0	0	2.0000	0.0000	-1.0000	NaN	7.2238	-8.0510	15.1334	587800.0206	587800.3250	0.0000	1.0000	1.8797
20py01	1	14	0	0	1.0000	0.0000	-1.0000	0.2531	NaN	NaN	NaN	587804.4169	587804.8375	1.0000	0.0000	1.3838
20py01	1	14	0	0	2.0000	0.0000	1.0000	NaN	1.8439	1.9223	13.0325	587806.7960	587807.0982	1.0000	1.0000	2.1944
20py01	1	15	0	0	1.0000	0.0000	-1.0000	0.5652	NaN	NaN	NaN	587812.0359	587812.3918	1.0000	0.0000	1.2368
20py01	1	15	0	0	2.0000	0.0000	1.0000	NaN	3.1465	2.1898	13.9783	587814.2518	587814.5541	1.0000	1.0000	0.7073
20py01	1	16	0	0	1.0000	0.0000	1.0000	0.6604	NaN	NaN	NaN	587817.6904	587818.0455	1.0000	1.0000	0.7042
20py01	1	16	0	0	2.0000	0.0000	1.0000	NaN	0.8159	1.0203	14.8028	587819.3556	587819.6578	1.0000	1.0000	2.0682
20py01	1	17	0	0	1.0000	0.0000	-1.0000	0.3186	NaN	NaN	NaN	587823.7477	587824.0984	1.0000	0.0000	0.8110
20py01	1	17	0	0	2.0000	0.0000	1.0000	NaN	8.1567	8.0951	15.7169	587825.5477	587825.8498	1.0000	1.0000	0.9314
20py01	1	18	0	0	1.0000	0.0000	1.0000	0.0302	NaN	NaN	NaN	587829.4344	587829.7909	1.0000	1.0000	0.7021
20py01	1	18	0	0	2.0000	0.0000	-1.0000	NaN	3.3231	-3.7196	14.0971	587831.0845	587831.3867	1.0000	0.0000	2.8984
20py01	1	19	0	0	1.0000	0.0000	1.0000	0.2477	NaN	NaN	NaN	587836.4737	587836.8280	1.0000	1.0000	2.2247
20py01	1	19	0	0	2.0000	0.0000	-1.0000	NaN	7.1323	-6.8145	14.6644	587839.6489	587839.9533	0.0000	1.0000	0.9873
20py01	1	20	0	0	1.0000	0.0000	-1.0000	0.1146	NaN	NaN	NaN	587843.0838	587843.5027	0.0000	1.0000	0.9260
20py01	1	20	0	0	2.0000	0.0000	1.0000	NaN	7.0741	7.5973	14.5401	587845.0474	587845.3523	1.0000	1.0000	0.6283
20py01	1	21	0	0	1.0000	0.0000	-1.0000	0.8067	NaN	NaN	NaN	587848.4567	587848.8857	0.0000	1.0000	0.6160
20py01	1	21	0	0	2.0000	0.0000	1.0000	NaN	11.2079	9.3995	16.0999	587850.0863	587850.3928	1.0000	1.0000	0.5808
20py01	1	22	0	0	1.0000	0.0000	1.0000	0.2126	NaN	NaN	NaN	587853.1814	587853.6017	1.0000	1.0000	0.6835
20py01	1	22	0	0	2.0000	0.0000	1.0000	NaN	9.0152	9.1698	14.5049	587854.9152	587855.2197	1.0000	1.0000	0.6180
20py01	1	23	0	0	1.0000	0.0000	1.0000	0.6058	NaN	NaN	NaN	587858.3442	587858.7630	1.0000	1.0000	0.5949
20py01	1	23	0	0	2.0000	0.0000	1.0000	NaN	11.4923	11.3834	14.2852	587859.9897	587860.2955	1.0000	1.0000	0.2457
20py01	1	24	0	0	1.0000	0.0000	-1.0000	0.4168	NaN	NaN	NaN	587862.9985	587863.4178	0.0000	1.0000	0.6114
20py01	1	24	0	0	2.0000	0.0000	-1.0000	NaN	4.5787	-4.9402	16.5672	587864.6469	587864.9514	0.0000	1.0000	0.7103
20py01	1	25	0	0	1.0000	0.0000	-1.0000	0.1056	NaN	NaN	NaN	587867.8720	587868.2843	0.0000	1.0000	0.7523
20py01	1	25	0	0	2.0000	0.0000	1.0000	NaN	3.0968	1.6564	15.1632	587869.6270	587869.9292	1.0000	1.0000	0.6451
20py01	1	26	0	0	1.0000	0.0000	-1.0000	0.3714	NaN	NaN	NaN	587872.9146	587873.2721	0.0000	1.0000	1.1412
20py01	1	26	0	0	2.0000	0.0000	1.0000	NaN	9.9766	8.0245	14.3228	587875.0192	587875.3214	1.0000	1.0000	0.4525
20py01	1	27	0	0	1.0000	0.0000	-1.0000	0.4040	NaN	NaN	NaN	587877.9614	587878.3122	0.0000	1.0000	0.7416
20py01	1	27	0	0	2.0000	0.0000	1.0000	NaN	3.7526	6.7313	14.3825	587879.6280	587879.9302	1.0000	1.0000	0.5153
20py01	1	28	0	0	1.0000	0.0000	1.0000	0.1234	NaN	NaN	NaN	587882.7763	587883.1268	0.0000	0.0000	1.5582
20py01	1	28	0	0	2.0000	0.0000	1.0000	NaN	6.8259	6.3887	13.2015	587885.2592	587885.5614	1.0000	1.0000	0.3392
20py01	1	29	0	0	1.0000	0.0000	-1.0000	0.6660	NaN	NaN	NaN	587888.0657	587888.4832	0.0000	1.0000	2.0103
20py01	1	29	0	0	2.0000	0.0000	1.0000	NaN	7.9961	7.6451	14.9179	587891.0937	587891.3986	1.0000	1.0000	0.4860
20py01	1	30	0	0	1.0000	0.0000	1.0000	0.7369	NaN	NaN	NaN	587894.2294	587894.6501	1.0000	1.0000	0.6120
20py01	1	30	0	0	2.0000	0.0000	-1.0000	NaN	5.8415	-7.3197	15.7315	587895.8792	587896.1840	0.0000	1.0000	2.2611
20py01	1	31	0	0	1.0000	0.0000	-1.0000	0.7546	NaN	NaN	NaN	587900.8634	587901.2832	0.0000	1.0000	0.4111
20py01	1	31	0	0	2.0000	0.0000	-1.0000	NaN	3.7346	-1.5500	14.6728	587902.2627	587902.5676	1.0000	0.0000	0.4864
20py01	1	32	0	0	1.0000	0.0000	1.0000	0.4750	NaN	NaN	NaN	587905.3210	587905.7490	1.0000	1.0000	3.9767
20py01	1	32	0	0	2.0000	0.0000	1.0000	NaN	5.7591	6.3318	12.7275	587910.3452	587910.6498	1.0000	1.0000	1.0748
20py01	1	33	0	0	1.0000	0.0000	-1.0000	0.4233	NaN	NaN	NaN	587914.4280	587914.8486	0.0000	1.0000	0.7332
20py01	1	33	0	0	2.0000	0.0000	-1.0000	NaN	7.7558	-7.9270	14.2031	587916.1487	587916.4533	0.0000	1.0000	0.7762
20py01	1	34	0	0	1.0000	0.0000	1.0000	0.5507	NaN	NaN	NaN	587919.2091	587919.6267	1.0000	1.0000	0.6579
20py01	1	34	0	0	2.0000	0.0000	-1.0000	NaN	6.5983	-5.0717	15.6560	587920.9023	587921.2090	0.0000	1.0000	2.0852
20py01	1	35	0	0	1.0000	0.0000	1.0000	0.7401	NaN	NaN	NaN	587925.2203	587925.6313	1.0000	1.0000	0.5252
20py01	1	35	0	0	2.0000	0.0000	-1.0000	NaN	8.5804	-7.5494	15.8020	587926.7592	587927.0638	0.0000	1.0000	0.3887
20py01	1	36	0	0	1.0000	0.0000	-1.0000	0.8576	NaN	NaN	NaN	587929.3507	587929.7645	0.0000	1.0000	0.6652
20py01	1	36	0	0	2.0000	0.0000	-1.0000	NaN	11.3374	-9.8513	15.0429	587931.0116	587931.3161	0.0000	1.0000	1.2409
20py01	1	37	0	0	1.0000	0.0000	1.0000	0.1545	NaN	NaN	NaN	587934.9187	587935.3187	1.0000	1.0000	2.7428
20py01	1	37	0	0	2.0000	0.0000	-1.0000	NaN	1.4280	-1.3307	15.8298	587938.6180	587938.9247	1.0000	0.0000	0.9123
20py01	1	38	0	0	1.0000	0.0000	1.0000	0.0793	NaN	NaN	NaN	587942.3425	587942.7644	0.0000	0.0000	0.9455
20py01	1	38	0	0	2.0000	0.0000	-1.0000	NaN	1.5981	-1.0964	14.5705	587944.2935	587944.5980	1.0000	0.0000	2.8073
20py01	1	39	0	0	1.0000	0.0000	-1.0000	0.4807	NaN	NaN	NaN	587949.6922	587950.1134	0.0000	1.0000	0.5088
20py01	1	39	0	0	2.0000	0.0000	1.0000	NaN	8.3889	8.4190	13.6363	587951.2117	587951.5139	1.0000	1.0000	2.0838
20py01	1	40	0	0	1.0000	0.0000	-1.0000	0.4648	NaN	NaN	NaN	587956.1058	587956.4564	0.0000	1.0000	0.5812
20py01	1	40	0	0	2.0000	0.0000	-1.0000	NaN	4.0526	-3.0962	15.0920	587957.6283	587957.9306	1.0000	0.0000	1.3951
20py01	1	41	0	0	1.0000	0.0000	1.0000	0.6217	NaN	NaN	NaN	587961.4010	587961.7549	1.0000	1.0000	0.6256
20py01	1	41	0	0	2.0000	0.0000	1.0000	NaN	4.8914	7.5173	16.1548	587963.0047	587963.3069	1.0000	1.0000	0.5783
20py01	1	42	0	0	1.0000	0.0000	1.0000	0.1497	NaN	NaN	NaN	587966.3406	587966.6908	1.0000	1.0000	1.9310
20py01	1	42	0	0	2.0000	0.0000	1.0000	NaN	11.6471	9.6352	15.3739	587969.1954	587969.4976	1.0000	1.0000	0.5793
20py01	1	43	0	0	1.0000	0.0000	-1.0000	0.0310	NaN	NaN	NaN	587972.0526	587972.4056	1.0000	0.0000	1.9429
20py01	1	43	0	0	2.0000	0.0000	1.0000	NaN	6.7344	6.0954	14.9204	587974.9085	587975.2107	1.0000	1.0000	0.4828
20py01	1	44	0	0	1.0000	0.0000	1.0000	0.9243	NaN	NaN	NaN	587977.9457	587978.2997	0.0000	0.0000	3.1048
20py01	1	44	0	0	2.0000	0.0000	1.0000	NaN	7.7879	5.5715	15.1262	587981.9309	587982.2333	1.0000	1.0000	0.5163
20py01	1	45	0	0	1.0000	0.0000	-1.0000	0.0923	NaN	NaN	NaN	587984.8911	587985.3116	0.0000	1.0000	3.1977
20py01	1	45	0	0	2.0000	0.0000	-1.0000	NaN	9.8815	-10.3804	14.8522	587989.0606	587989.3654	1.0000	0.0000	2.0557
20py01	1	46	0	0	1.0000	0.0000	1.0000	0.7564	NaN	NaN	NaN	587994.0203	587994.4413	1.0000	1.0000	2.0193
20py01	1	46	0	0	2.0000	0.0000	1.0000	NaN	1.1845	0.0133	13.6713	587997.0303	587997.3375	0.0000	0.0000	1.9074
20py01	1	47	0	0	1.0000	0.0000	1.0000	0.0044	NaN	NaN	NaN	588001.1445	588001.5608	1.0000	1.0000	2.3248
20py01	1	47	0	0	2.0000	0.0000	1.0000	NaN	9.2989	12.4547	14.9711	588004.4883	588004.7928	1.0000	1.0000	0.4205
20py01	1	48	0	0	1.0000	0.0000	-1.0000	0.2279	NaN	NaN	NaN	588007.4733	588007.8938	0.0000	1.0000	1.9918
20py01	1	48	0	0	2.0000	0.0000	-1.0000	NaN	10.6381	-10.3068	13.8974	588010.4218	588010.7262	0.0000	1.0000	0.4558
20py01	1	49	0	0	1.0000	0.0000	1.0000	0.5577	NaN	NaN	NaN	588013.2542	588013.6523	1.0000	1.0000	2.1213
20py01	1	49	0	0	2.0000	0.0000	-1.0000	NaN	2.4929	-4.3948	15.0515	588016.3471	588016.6506	0.0000	1.0000	2.8830
20py01	1	50	0	0	1.0000	0.0000	1.0000	0.3969	NaN	NaN	NaN	588021.4100	588021.7642	1.0000	1.0000	0.9699
20py01	1	50	0	0	2.0000	0.0000	-1.0000	NaN	11.7966	-12.7423	15.6440	588023.2597	588023.5620	0.0000	1.0000	0.3875
20py01	2	1	0	0	1.0000	0.0000	-1.0000	0.9349	NaN	NaN	NaN	588031.7137	588032.1259	0.0000	1.0000	1.0545
20py01	2	1	0	0	2.0000	0.0000	1.0000	NaN	2.0060	1.5969	15.3235	588033.7974	588034.1034	1.0000	1.0000	3.3490
20py01	2	2	0	0	1.0000	0.0000	1.0000	0.5195	NaN	NaN	NaN	588039.5557	588039.9397	1.0000	1.0000	0.5372
20py01	2	2	0	0	2.0000	0.0000	1.0000	NaN	6.2536	5.3405	15.9461	588041.0674	588041.3697	1.0000	1.0000	0.3708
20py01	2	3	0	0	1.0000	0.0000	1.0000	0.6771	NaN	NaN	NaN	588043.6217	588043.9728	1.0000	1.0000	1.0328
20py01	2	3	0	0	2.0000	0.0000	-1.0000	NaN	6.0057	-5.1745	14.3796	588045.5636	588045.8661	0.0000	1.0000	1.8908
20py01	2	4	0	0	1.0000	0.0000	-1.0000	0.3225	NaN	NaN	NaN	588049.6813	588050.0350	0.0000	1.0000	0.6018
20py01	2	4	0	0	2.0000	0.0000	-1.0000	NaN	11.4196	-12.5707	16.7075	588051.2106	588051.5128	0.0000	1.0000	0.4367
20py01	2	5	0	0	1.0000	0.0000	1.0000	0.5062	NaN	NaN	NaN	588054.1054	588054.4560	1.0000	1.0000	0.8527
20py01	2	5	0	0	2.0000	0.0000	1.0000	NaN	4.2087	2.7040	16.5493	588055.8834	588056.1856	1.0000	1.0000	0.7388
20py01	2	6	0	0	1.0000	0.0000	-1.0000	0.1698	NaN	NaN	NaN	588058.7736	588059.1293	0.0000	1.0000	0.4030
20py01	2	6	0	0	2.0000	0.0000	-1.0000	NaN	5.0746	-5.7730	13.6820	588060.1073	588060.4095	0.0000	1.0000	1.3642
20py01	2	7	0	0	1.0000	0.0000	-1.0000	0.2469	NaN	NaN	NaN	588063.7835	588064.1343	0.0000	1.0000	0.4873
20py01	2	7	0	0	2.0000	0.0000	-1.0000	NaN	9.6008	-8.9893	14.2533	588065.1796	588065.4819	0.0000	1.0000	1.2025
20py01	2	8	0	0	1.0000	0.0000	1.0000	0.4311	NaN	NaN	NaN	588068.6519	588069.0024	1.0000	1.0000	0.8669
20py01	2	8	0	0	2.0000	0.0000	-1.0000	NaN	5.1887	-5.5049	15.3313	588070.4115	588070.7149	0.0000	1.0000	0.6262
20py01	2	9	0	0	1.0000	0.0000	1.0000	0.8605	NaN	NaN	NaN	588073.2831	588073.6338	1.0000	1.0000	0.4426
20py01	2	9	0	0	2.0000	0.0000	1.0000	NaN	1.5238	1.6533	14.9283	588074.6505	588074.9527	1.0000	1.0000	2.0517
20py01	2	10	0	0	1.0000	0.0000	-1.0000	0.2385	NaN	NaN	NaN	588079.4223	588079.8407	0.0000	1.0000	0.8921
20py01	2	10	0	0	2.0000	0.0000	1.0000	NaN	7.3925	7.5889	15.1936	588081.3179	588081.6224	1.0000	1.0000	0.4230
20py01	2	11	0	0	1.0000	0.0000	1.0000	0.3960	NaN	NaN	NaN	588084.4499	588084.8351	0.0000	0.0000	0.9693
20py01	2	11	0	0	2.0000	0.0000	1.0000	NaN	7.8823	8.2433	13.4392	588086.3804	588086.6826	1.0000	1.0000	0.1947
20py01	2	12	0	0	1.0000	0.0000	-1.0000	0.4377	NaN	NaN	NaN	588089.4423	588089.7982	0.0000	1.0000	0.5027
20py01	2	12	0	0	2.0000	0.0000	-1.0000	NaN	11.7797	-13.2068	16.0107	588090.8273	588091.1305	0.0000	1.0000	0.4347
20py01	2	13	0	0	1.0000	0.0000	-1.0000	0.7772	NaN	NaN	NaN	588093.5068	588093.8606	0.0000	1.0000	0.4878
20py01	2	13	0	0	2.0000	0.0000	1.0000	NaN	9.8106	11.3881	14.7077	588094.9236	588095.2257	1.0000	1.0000	0.3402
20py01	2	14	0	0	1.0000	0.0000	1.0000	0.5794	NaN	NaN	NaN	588097.8211	588098.1774	1.0000	1.0000	0.6683
20py01	2	14	0	0	2.0000	0.0000	-1.0000	NaN	7.4120	-10.1703	14.9897	588099.4343	588099.7365	0.0000	1.0000	0.3093
20py01	2	15	0	0	1.0000	0.0000	1.0000	0.8321	NaN	NaN	NaN	588102.3694	588102.7205	1.0000	1.0000	0.5883
20py01	2	15	0	0	2.0000	0.0000	1.0000	NaN	6.6019	4.0052	15.8593	588103.8672	588104.1694	1.0000	1.0000	0.4362
20py01	2	16	0	0	1.0000	0.0000	1.0000	0.4280	NaN	NaN	NaN	588106.9770	588107.3309	1.0000	1.0000	0.5544
20py01	2	16	0	0	2.0000	0.0000	-1.0000	NaN	1.0059	-0.4452	16.4450	588108.4752	588108.7783	1.0000	0.0000	0.5635
20py01	2	17	0	0	1.0000	0.0000	-1.0000	0.8677	NaN	NaN	NaN	588111.6482	588111.9985	0.0000	1.0000	0.3512
20py01	2	17	0	0	2.0000	0.0000	1.0000	NaN	1.8285	1.1414	14.1604	588112.9076	588113.2099	0.0000	0.0000	0.8024
20py01	2	18	0	0	1.0000	0.0000	1.0000	0.6007	NaN	NaN	NaN	588116.4781	588116.8316	1.0000	1.0000	0.4132
20py01	2	18	0	0	2.0000	0.0000	1.0000	NaN	1.1705	1.9065	15.9485	588117.8042	588118.1065	1.0000	1.0000	0.5138
20py01	2	19	0	0	1.0000	0.0000	-1.0000	0.4007	NaN	NaN	NaN	588120.8107	588121.1647	0.0000	1.0000	0.5756
20py01	2	19	0	0	2.0000	0.0000	1.0000	NaN	10.9888	10.9010	14.0492	588122.2819	588122.5842	1.0000	1.0000	0.3254
20py01	2	20	0	0	1.0000	0.0000	-1.0000	0.6227	NaN	NaN	NaN	588125.3289	588125.7493	0.0000	1.0000	0.3597
20py01	2	20	0	0	2.0000	0.0000	1.0000	NaN	2.0542	0.8882	15.5493	588126.6647	588126.9692	1.0000	1.0000	2.5487
20py01	2	21	0	0	1.0000	0.0000	1.0000	0.9083	NaN	NaN	NaN	588131.8447	588132.2675	1.0000	1.0000	0.3701
20py01	2	21	0	0	2.0000	0.0000	-1.0000	NaN	6.9025	-5.8290	15.9211	588133.2072	588133.5145	0.0000	1.0000	0.6432
20py01	2	22	0	0	1.0000	0.0000	1.0000	0.2254	NaN	NaN	NaN	588136.0711	588136.4992	1.0000	1.0000	1.5142
20py01	2	22	0	0	2.0000	0.0000	-1.0000	NaN	5.5062	-6.0339	14.4746	588138.5660	588138.8706	1.0000	0.0000	2.3097
20py01	2	23	0	0	1.0000	0.0000	-1.0000	0.6423	NaN	NaN	NaN	588143.2831	588143.6917	0.0000	1.0000	0.3542
20py01	2	23	0	0	2.0000	0.0000	-1.0000	NaN	3.4688	-2.6898	15.1282	588144.6195	588144.9217	0.0000	1.0000	1.6038
20py01	2	24	0	0	1.0000	0.0000	-1.0000	0.8316	NaN	NaN	NaN	588148.8674	588149.2248	0.0000	1.0000	0.3245
20py01	2	24	0	0	2.0000	0.0000	1.0000	NaN	6.2166	6.5790	14.7893	588150.0910	588150.3941	1.0000	1.0000	0.4674
20py01	2	25	0	0	1.0000	0.0000	-1.0000	0.7832	NaN	NaN	NaN	588153.3774	588153.7298	0.0000	1.0000	0.2998
20py01	2	25	0	0	2.0000	0.0000	1.0000	NaN	11.7920	14.3860	13.9930	588154.6034	588154.9056	1.0000	1.0000	0.3074
20py01	2	26	0	0	1.0000	0.0000	1.0000	0.0359	NaN	NaN	NaN	588157.1962	588157.5481	0.0000	0.0000	0.9770
20py01	2	26	0	0	2.0000	0.0000	1.0000	NaN	10.6220	11.1041	13.3982	588159.0842	588159.3864	1.0000	1.0000	0.1951
20py01	2	27	0	0	1.0000	0.0000	1.0000	0.1743	NaN	NaN	NaN	588162.1462	588162.4977	1.0000	1.0000	1.7226
20py01	2	27	0	0	2.0000	0.0000	-1.0000	NaN	4.4218	-4.6416	14.7960	588164.7788	588165.0809	1.0000	0.0000	1.1408
20py01	2	28	0	0	1.0000	0.0000	-1.0000	0.4825	NaN	NaN	NaN	588168.4383	588168.7944	0.0000	1.0000	1.1072
20py01	2	28	0	0	2.0000	0.0000	-1.0000	NaN	1.0262	-0.3926	15.4866	588170.4784	588170.7807	1.0000	0.0000	0.9116
20py01	2	29	0	0	1.0000	0.0000	-1.0000	0.7610	NaN	NaN	NaN	588174.0300	588174.4526	0.0000	1.0000	0.7436
20py01	2	29	0	0	2.0000	0.0000	1.0000	NaN	0.3506	1.7475	16.1294	588175.7821	588176.0871	1.0000	1.0000	0.6451
20py01	2	30	0	0	1.0000	0.0000	1.0000	0.6824	NaN	NaN	NaN	588178.8189	588179.2351	1.0000	1.0000	0.5222
20py01	2	30	0	0	2.0000	0.0000	1.0000	NaN	11.6238	10.5406	13.7677	588180.3417	588180.6462	1.0000	1.0000	0.4540
20py01	2	31	0	0	1.0000	0.0000	-1.0000	0.2279	NaN	NaN	NaN	588183.1227	588183.5349	0.0000	1.0000	1.6146
20py01	2	31	0	0	2.0000	0.0000	1.0000	NaN	1.4798	2.2156	15.5108	588185.6993	588186.0038	1.0000	1.0000	0.5844
20py01	2	32	0	0	1.0000	0.0000	1.0000	0.4284	NaN	NaN	NaN	588189.0026	588189.4181	1.0000	1.0000	0.4987
20py01	2	32	0	0	2.0000	0.0000	1.0000	NaN	6.5641	5.2302	15.0766	588190.4988	588190.8034	1.0000	1.0000	0.6489
20py01	2	33	0	0	1.0000	0.0000	1.0000	0.0146	NaN	NaN	NaN	588193.5638	588193.9843	1.0000	1.0000	1.1326
20py01	2	33	0	0	2.0000	0.0000	-1.0000	NaN	0.5163	-0.6275	15.4202	588195.6850	588195.9894	1.0000	0.0000	1.1279
20py01	2	34	0	0	1.0000	0.0000	-1.0000	0.8828	NaN	NaN	NaN	588199.5574	588199.9669	0.0000	1.0000	0.7341
20py01	2	34	0	0	2.0000	0.0000	-1.0000	NaN	4.1998	-2.9422	14.9776	588201.2530	588201.5599	1.0000	0.0000	2.1975
20py01	2	35	0	0	1.0000	0.0000	1.0000	0.0064	NaN	NaN	NaN	588206.3649	588206.7488	0.0000	0.0000	1.4724
20py01	2	35	0	0	2.0000	0.0000	1.0000	NaN	7.2260	8.0352	13.7681	588208.7962	588209.0984	1.0000	1.0000	0.4189
20py01	2	36	0	0	1.0000	0.0000	-1.0000	0.1418	NaN	NaN	NaN	588211.7801	588212.1316	1.0000	0.0000	1.0011
20py01	2	36	0	0	2.0000	0.0000	1.0000	NaN	3.0901	0.5056	15.8471	588213.6753	588213.9775	1.0000	1.0000	0.6601
20py01	2	37	0	0	1.0000	0.0000	-1.0000	0.4876	NaN	NaN	NaN	588216.6962	588217.0479	0.0000	1.0000	0.7255
20py01	2	37	0	0	2.0000	0.0000	1.0000	NaN	4.8217	5.7785	15.9106	588218.3318	588218.6341	1.0000	1.0000	1.3141
20py01	2	38	0	0	1.0000	0.0000	-1.0000	0.6852	NaN	NaN	NaN	588222.2844	588222.7168	0.0000	1.0000	0.4645
20py01	2	38	0	0	2.0000	0.0000	1.0000	NaN	1.2811	1.7576	14.1356	588223.7636	588224.0685	1.0000	1.0000	0.8077
20py01	2	39	0	0	1.0000	0.0000	-1.0000	0.8610	NaN	NaN	NaN	588227.0588	588227.4787	0.0000	1.0000	0.4387
20py01	2	39	0	0	2.0000	0.0000	1.0000	NaN	10.5558	9.7566	14.3976	588228.5019	588228.8090	1.0000	1.0000	0.4517
20py01	2	40	0	0	1.0000	0.0000	-1.0000	0.6214	NaN	NaN	NaN	588231.4213	588231.8325	0.0000	1.0000	0.6128
20py01	2	40	0	0	2.0000	0.0000	-1.0000	NaN	8.2706	-8.6947	16.3202	588233.0122	588233.3168	0.0000	1.0000	0.5518
20py01	2	41	0	0	1.0000	0.0000	1.0000	0.3012	NaN	NaN	NaN	588236.2205	588236.6323	1.0000	1.0000	0.5804
20py01	2	41	0	0	2.0000	0.0000	1.0000	NaN	11.4027	11.6983	14.4016	588237.8120	588238.1165	1.0000	1.0000	0.4730
20py01	2	42	0	0	1.0000	0.0000	-1.0000	0.8104	NaN	NaN	NaN	588241.1092	588241.5129	0.0000	1.0000	0.4685
20py01	2	42	0	0	2.0000	0.0000	-1.0000	NaN	7.4647	-6.9590	13.1706	588242.5076	588242.8097	0.0000	1.0000	0.6584
20py01	2	43	0	0	1.0000	0.0000	1.0000	0.1850	NaN	NaN	NaN	588245.4427	588245.7936	1.0000	1.0000	0.6029
20py01	2	43	0	0	2.0000	0.0000	1.0000	NaN	2.7111	3.0732	14.5499	588246.9709	588247.2731	1.0000	1.0000	0.6919
20py01	2	44	0	0	1.0000	0.0000	-1.0000	0.5394	NaN	NaN	NaN	588250.6612	588251.0127	0.0000	1.0000	0.3127
20py01	2	44	0	0	2.0000	0.0000	-1.0000	NaN	0.9103	-4.0311	15.0800	588251.8991	588252.2014	0.0000	1.0000	1.4120
20py01	2	45	0	0	1.0000	0.0000	-1.0000	0.2230	NaN	NaN	NaN	588255.8893	588256.2412	0.0000	1.0000	1.6110
20py01	2	45	0	0	2.0000	0.0000	1.0000	NaN	4.2379	6.7555	15.4131	588258.4283	588258.7305	1.0000	1.0000	0.2897
20py01	2	46	0	0	1.0000	0.0000	-1.0000	0.3341	NaN	NaN	NaN	588261.3038	588261.6576	0.0000	1.0000	0.4665
20py01	2	46	0	0	2.0000	0.0000	1.0000	NaN	9.9699	9.8976	14.0878	588262.6831	588262.9853	1.0000	1.0000	0.4359
20py01	2	47	0	0	1.0000	0.0000	-1.0000	0.0916	NaN	NaN	NaN	588266.0579	588266.4091	0.0000	1.0000	0.5630
20py01	2	47	0	0	2.0000	0.0000	1.0000	NaN	1.5837	1.4317	13.6792	588267.5468	588267.8490	1.0000	1.0000	0.7237
20py01	2	48	0	0	1.0000	0.0000	-1.0000	0.6167	NaN	NaN	NaN	588270.7183	588271.1300	0.0000	1.0000	0.4501
20py01	2	48	0	0	2.0000	0.0000	1.0000	NaN	8.7807	6.3791	15.6674	588272.1937	588272.4977	1.0000	1.0000	0.4912
20py01	2	49	0	0	1.0000	0.0000	1.0000	0.5222	NaN	NaN	NaN	588275.1184	588275.5475	1.0000	1.0000	0.4007
20py01	2	49	0	0	2.0000	0.0000	1.0000	NaN	11.0063	11.4927	15.2611	588276.5344	588276.8410	1.0000	1.0000	0.3884
20py01	2	50	0	0	1.0000	0.0000	1.0000	0.5114	NaN	NaN	NaN	588279.2838	588279.6967	1.0000	1.0000	0.5244
20py01	2	50	0	0	2.0000	0.0000	1.0000	NaN	11.9536	10.6129	16.2652	588280.7911	588281.0956	1.0000	1.0000	0.3406
20py01	3	1	0	0	1.0000	0.0000	1.0000	0.8253	NaN	NaN	NaN	588285.0122	588285.4298	1.0000	1.0000	0.3915
20py01	3	1	0	0	2.0000	0.0000	1.0000	NaN	1.0132	1.2963	14.4286	588286.4074	588286.7120	1.0000	1.0000	0.5015
20py01	3	2	0	0	1.0000	0.0000	1.0000	0.6357	NaN	NaN	NaN	588289.1423	588289.5629	1.0000	1.0000	0.4332
20py01	3	2	0	0	2.0000	0.0000	1.0000	NaN	2.2852	1.7831	13.8211	588290.5650	588290.8721	1.0000	1.0000	1.4286
20py01	3	3	0	0	1.0000	0.0000	-1.0000	0.4645	NaN	NaN	NaN	588294.7050	588295.1243	0.0000	1.0000	0.3130
20py01	3	3	0	0	2.0000	0.0000	-1.0000	NaN	7.4887	-7.1734	15.7958	588296.0403	588296.3448	0.0000	1.0000	1.2673
20py01	3	4	0	0	1.0000	0.0000	-1.0000	0.4181	NaN	NaN	NaN	588299.8914	588300.3123	0.0000	1.0000	0.4678
20py01	3	4	0	0	2.0000	0.0000	1.0000	NaN	6.3257	5.8281	16.4707	588301.3164	588301.6229	1.0000	1.0000	0.4707
20py01	3	5	0	0	1.0000	0.0000	-1.0000	0.7193	NaN	NaN	NaN	588304.3447	588304.7622	0.0000	1.0000	0.2420
20py01	3	5	0	0	2.0000	0.0000	1.0000	NaN	9.0447	8.3844	13.8633	588305.5562	588305.8603	1.0000	1.0000	0.2810
20py01	3	6	0	0	1.0000	0.0000	1.0000	0.2416	NaN	NaN	NaN	588308.5942	588309.0000	1.0000	1.0000	0.3095
20py01	3	6	0	0	2.0000	0.0000	-1.0000	NaN	9.7714	-9.0682	14.7602	588309.9312	588310.2338	0.0000	1.0000	0.3063
20py01	3	7	0	0	1.0000	0.0000	-1.0000	0.0566	NaN	NaN	NaN	588312.7742	588313.1266	1.0000	0.0000	0.5655
20py01	3	7	0	0	2.0000	0.0000	-1.0000	NaN	8.1837	-7.8032	14.7695	588314.2527	588314.5549	0.0000	1.0000	0.2252
20py01	3	8	0	0	1.0000	0.0000	1.0000	0.7652	NaN	NaN	NaN	588316.8561	588317.2653	1.0000	1.0000	0.3469
20py01	3	8	0	0	2.0000	0.0000	-1.0000	NaN	6.9207	-9.2150	13.9389	588318.1795	588318.4853	0.0000	1.0000	0.2004
20py01	3	9	0	0	1.0000	0.0000	1.0000	0.6757	NaN	NaN	NaN	588320.8638	588321.2780	1.0000	1.0000	0.2073
20py01	3	9	0	0	2.0000	0.0000	-1.0000	NaN	2.6610	-2.3209	14.2257	588322.0882	588322.3926	0.0000	1.0000	0.4995
20py01	3	10	0	0	1.0000	0.0000	-1.0000	0.0679	NaN	NaN	NaN	588325.0739	588325.4944	1.0000	0.0000	0.3899
20py01	3	10	0	0	2.0000	0.0000	1.0000	NaN	6.2598	5.9040	14.9406	588326.4720	588326.7765	1.0000	1.0000	0.4849
20py01	3	11	0	0	1.0000	0.0000	-1.0000	0.0113	NaN	NaN	NaN	588329.5880	588330.0057	0.0000	1.0000	0.5029
20py01	3	11	0	0	2.0000	0.0000	-1.0000	NaN	4.0455	-4.8526	13.9887	588331.0589	588331.3634	1.0000	0.0000	1.8807
20py01	3	12	0	0	1.0000	0.0000	-1.0000	0.7075	NaN	NaN	NaN	588335.6021	588336.0222	0.0000	1.0000	0.2939
20py01	3	12	0	0	2.0000	0.0000	1.0000	NaN	2.2675	3.1502	14.5207	588336.8884	588337.1928	1.0000	1.0000	3.8432
20py01	3	13	0	0	1.0000	0.0000	1.0000	0.7199	NaN	NaN	NaN	588343.1312	588343.5429	1.0000	1.0000	0.2614
20py01	3	13	0	0	2.0000	0.0000	-1.0000	NaN	8.9176	-9.4439	15.5295	588344.3562	588344.6603	0.0000	1.0000	0.4077
20py01	3	14	0	0	1.0000	0.0000	-1.0000	0.4654	NaN	NaN	NaN	588347.3061	588347.7268	0.0000	1.0000	0.4132
20py01	3	14	0	0	2.0000	0.0000	-1.0000	NaN	2.0151	-1.7568	15.5245	588348.7226	588349.0268	1.0000	0.0000	0.5533
20py01	3	15	0	0	1.0000	0.0000	1.0000	0.7554	NaN	NaN	NaN	588351.6929	588352.0977	1.0000	1.0000	0.2831
20py01	3	15	0	0	2.0000	0.0000	-1.0000	NaN	2.2425	-1.6614	15.4795	588352.9711	588353.2733	1.0000	0.0000	3.1395
20py01	3	16	0	0	1.0000	0.0000	1.0000	0.3757	NaN	NaN	NaN	588358.8580	588359.2141	1.0000	1.0000	0.4312
20py01	3	16	0	0	2.0000	0.0000	1.0000	NaN	4.4092	7.2336	14.6162	588360.2194	588360.5215	1.0000	1.0000	0.4199
20py01	3	17	0	0	1.0000	0.0000	-1.0000	0.5686	NaN	NaN	NaN	588363.3362	588363.7461	0.0000	1.0000	0.7139
20py01	3	17	0	0	2.0000	0.0000	-1.0000	NaN	5.6511	-9.2734	14.9470	588365.0447	588365.3515	0.0000	1.0000	0.4851
20py01	3	18	0	0	1.0000	0.0000	1.0000	0.1879	NaN	NaN	NaN	588367.9048	588368.3261	1.0000	1.0000	0.2940
20py01	3	18	0	0	2.0000	0.0000	-1.0000	NaN	0.3665	-0.3241	12.9857	588369.2057	588369.5104	1.0000	0.0000	1.7496
20py01	3	19	0	0	1.0000	0.0000	-1.0000	0.4017	NaN	NaN	NaN	588373.3737	588373.7925	0.0000	1.0000	0.3006
20py01	3	19	0	0	2.0000	0.0000	1.0000	NaN	6.5745	8.1019	15.1730	588374.7086	588375.0140	1.0000	1.0000	0.3431
20py01	3	20	0	0	1.0000	0.0000	-1.0000	0.4474	NaN	NaN	NaN	588377.9030	588378.3251	0.0000	1.0000	0.3769
20py01	3	20	0	0	2.0000	0.0000	1.0000	NaN	2.7659	1.6264	15.5068	588379.3028	588379.6073	1.0000	1.0000	0.7087
20py01	3	21	0	0	1.0000	0.0000	-1.0000	0.9118	NaN	NaN	NaN	588382.4960	588382.9082	0.0000	1.0000	0.3365
20py01	3	21	0	0	2.0000	0.0000	-1.0000	NaN	4.0846	-2.3977	16.7622	588383.8141	588384.1191	0.0000	1.0000	1.0774
20py01	3	22	0	0	1.0000	0.0000	-1.0000	0.1814	NaN	NaN	NaN	588387.1695	588387.5912	0.0000	1.0000	0.4700
20py01	3	22	0	0	2.0000	0.0000	1.0000	NaN	5.1390	4.3400	15.3552	588388.6513	588388.9534	1.0000	1.0000	0.4186
20py01	3	23	0	0	1.0000	0.0000	-1.0000	0.3538	NaN	NaN	NaN	588391.9464	588392.2998	0.0000	1.0000	0.3696
20py01	3	23	0	0	2.0000	0.0000	-1.0000	NaN	2.3774	-1.5128	15.9782	588393.2424	588393.5447	1.0000	0.0000	1.6041
20py01	3	24	0	0	1.0000	0.0000	-1.0000	0.5195	NaN	NaN	NaN	588397.1242	588397.4786	0.0000	1.0000	0.4066
20py01	3	24	0	0	2.0000	0.0000	-1.0000	NaN	11.4901	-11.0113	16.7030	588398.4111	588398.7148	0.0000	1.0000	0.3536
20py01	3	25	0	0	1.0000	0.0000	-1.0000	0.4205	NaN	NaN	NaN	588401.0671	588401.4191	0.0000	1.0000	0.4181
20py01	3	25	0	0	2.0000	0.0000	1.0000	NaN	1.2798	1.1947	13.6704	588402.4595	588402.7617	1.0000	1.0000	1.1063
20py01	3	26	0	0	1.0000	0.0000	-1.0000	0.2163	NaN	NaN	NaN	588405.8430	588406.1989	0.0000	1.0000	0.2291
20py01	3	26	0	0	2.0000	0.0000	1.0000	NaN	5.2284	6.6795	15.5445	588406.9564	588407.2586	1.0000	1.0000	0.4978
20py01	3	27	0	0	1.0000	0.0000	1.0000	0.4611	NaN	NaN	NaN	588410.0766	588410.4850	1.0000	1.0000	0.2630
20py01	3	27	0	0	2.0000	0.0000	-1.0000	NaN	9.6034	-11.1630	16.5480	588411.3394	588411.6416	0.0000	1.0000	0.4183
20py01	3	28	0	0	1.0000	0.0000	-1.0000	0.0654	NaN	NaN	NaN	588414.2027	588414.5544	0.0000	1.0000	0.2588
20py01	3	28	0	0	2.0000	0.0000	1.0000	NaN	3.8352	3.1308	14.6148	588415.3549	588415.6571	1.0000	1.0000	0.2279
20py01	3	29	0	0	1.0000	0.0000	1.0000	0.6632	NaN	NaN	NaN	588417.9179	588418.2681	1.0000	1.0000	0.3529
20py01	3	29	0	0	2.0000	0.0000	-1.0000	NaN	7.9983	-7.4700	13.4490	588419.1647	588419.4669	0.0000	1.0000	0.2738
20py01	3	30	0	0	1.0000	0.0000	1.0000	0.0500	NaN	NaN	NaN	588422.0981	588422.4495	0.0000	0.0000	0.5074
20py01	3	30	0	0	2.0000	0.0000	-1.0000	NaN	8.8543	-7.9518	16.5823	588423.4990	588423.8012	0.0000	1.0000	0.3393
20py01	3	31	0	0	1.0000	0.0000	1.0000	0.0574	NaN	NaN	NaN	588426.5410	588426.8979	1.0000	1.0000	0.3151
20py01	3	31	0	0	2.0000	0.0000	-1.0000	NaN	4.7911	-3.4175	12.7543	588427.7886	588428.0908	0.0000	1.0000	0.5132
20py01	3	32	0	0	1.0000	0.0000	1.0000	0.6649	NaN	NaN	NaN	588430.5801	588430.9323	1.0000	1.0000	0.3132
20py01	3	32	0	0	2.0000	0.0000	1.0000	NaN	7.6624	8.2996	16.1580	588431.8204	588432.1227	1.0000	1.0000	0.2097
20py01	3	33	0	0	1.0000	0.0000	-1.0000	0.1383	NaN	NaN	NaN	588434.9819	588435.3340	0.0000	1.0000	0.4702
20py01	3	33	0	0	2.0000	0.0000	-1.0000	NaN	1.6328	-1.7300	15.3313	588436.3638	588436.6660	0.0000	1.0000	0.3064
20py01	3	34	0	0	1.0000	0.0000	-1.0000	0.8127	NaN	NaN	NaN	588438.9719	588439.3263	0.0000	1.0000	0.2541
20py01	3	34	0	0	2.0000	0.0000	-1.0000	NaN	7.7372	-8.6410	13.0830	588440.1069	588440.4092	0.0000	1.0000	0.2917
20py01	3	35	0	0	1.0000	0.0000	-1.0000	0.8651	NaN	NaN	NaN	588442.9010	588443.2529	0.0000	1.0000	0.3270
20py01	3	35	0	0	2.0000	0.0000	1.0000	NaN	2.1822	2.2585	12.8717	588444.1394	588444.4417	1.0000	1.0000	0.4512
20py01	3	36	0	0	1.0000	0.0000	1.0000	0.3272	NaN	NaN	NaN	588446.8756	588447.2303	1.0000	1.0000	0.4309
20py01	3	36	0	0	2.0000	0.0000	1.0000	NaN	9.3662	10.7621	15.0882	588448.2362	588448.5384	1.0000	1.0000	0.3383
20py01	3	37	0	0	1.0000	0.0000	1.0000	0.6938	NaN	NaN	NaN	588451.5249	588451.8801	1.0000	1.0000	0.6611
20py01	3	37	0	0	2.0000	0.0000	-1.0000	NaN	5.8633	-7.0017	15.0926	588453.1150	588453.4172	0.0000	1.0000	0.3559
20py01	3	38	0	0	1.0000	0.0000	-1.0000	0.3654	NaN	NaN	NaN	588456.1242	588456.5144	0.0000	1.0000	0.3935
20py01	3	38	0	0	2.0000	0.0000	-1.0000	NaN	6.9958	-7.5315	16.0117	588457.4658	588457.7680	0.0000	1.0000	0.4211
20py01	3	39	0	0	1.0000	0.0000	-1.0000	0.2280	NaN	NaN	NaN	588460.0965	588460.4476	0.0000	1.0000	0.6843
20py01	3	39	0	0	2.0000	0.0000	-1.0000	NaN	5.0072	-4.1000	16.4888	588461.6749	588461.9784	0.0000	1.0000	0.9627
20py01	3	40	0	0	1.0000	0.0000	1.0000	0.3267	NaN	NaN	NaN	588465.1080	588465.4627	1.0000	1.0000	0.3092
20py01	3	40	0	0	2.0000	0.0000	-1.0000	NaN	7.0088	-5.9954	15.2227	588466.3307	588466.6329	0.0000	1.0000	0.3070
20py01	3	41	0	0	1.0000	0.0000	1.0000	0.2774	NaN	NaN	NaN	588468.8214	588469.1751	1.0000	1.0000	0.2462
20py01	3	41	0	0	2.0000	0.0000	-1.0000	NaN	5.1798	-4.0798	14.2298	588470.0121	588470.3143	0.0000	1.0000	0.2591
20py01	3	42	0	0	1.0000	0.0000	1.0000	0.7170	NaN	NaN	NaN	588472.4058	588472.7622	1.0000	1.0000	0.2751
20py01	3	42	0	0	2.0000	0.0000	-1.0000	NaN	3.3123	-1.9809	14.5205	588473.5956	588473.8977	0.0000	1.0000	1.0432
20py01	3	43	0	0	1.0000	0.0000	-1.0000	0.8702	NaN	NaN	NaN	588477.4509	588477.8081	0.0000	1.0000	0.2528
20py01	3	43	0	0	2.0000	0.0000	-1.0000	NaN	0.0138	-0.2586	14.3278	588478.6350	588478.9373	0.0000	1.0000	0.2757
20py01	3	44	0	0	1.0000	0.0000	-1.0000	0.8772	NaN	NaN	NaN	588481.5300	588481.8813	0.0000	1.0000	0.3866
20py01	3	44	0	0	2.0000	0.0000	1.0000	NaN	5.1625	6.5877	15.6372	588482.8282	588483.1305	0.0000	0.0000	0.5614
20py01	3	45	0	0	1.0000	0.0000	1.0000	0.3703	NaN	NaN	NaN	588485.9255	588486.2796	1.0000	1.0000	0.2774
20py01	3	45	0	0	2.0000	0.0000	1.0000	NaN	2.9003	2.4168	16.3743	588487.1470	588487.4492	0.0000	0.0000	0.3878
20py01	3	46	0	0	1.0000	0.0000	-1.0000	0.5043	NaN	NaN	NaN	588489.8529	588490.2074	0.0000	1.0000	0.1896
20py01	3	46	0	0	2.0000	0.0000	-1.0000	NaN	9.3500	-8.5026	15.4484	588490.9072	588491.2103	0.0000	1.0000	0.2908
20py01	3	47	0	0	1.0000	0.0000	-1.0000	0.1216	NaN	NaN	NaN	588493.7442	588494.0959	1.0000	0.0000	0.9091
20py01	3	47	0	0	2.0000	0.0000	-1.0000	NaN	11.9890	-11.3466	14.9236	588495.5789	588495.8811	0.0000	1.0000	0.3879
20py01	3	48	0	0	1.0000	0.0000	-1.0000	0.8596	NaN	NaN	NaN	588498.4297	588498.7807	0.0000	1.0000	0.3031
20py01	3	48	0	0	2.0000	0.0000	-1.0000	NaN	11.7570	-14.0098	14.9508	588499.6432	588499.9453	0.0000	1.0000	0.3238
20py01	3	49	0	0	1.0000	0.0000	-1.0000	0.2759	NaN	NaN	NaN	588502.9011	588503.3188	0.0000	1.0000	0.9826
20py01	3	49	0	0	2.0000	0.0000	1.0000	NaN	7.4051	9.2414	15.4085	588504.8661	588505.1702	1.0000	1.0000	0.2345
20py01	3	50	0	0	1.0000	0.0000	1.0000	0.7412	NaN	NaN	NaN	588507.2582	588507.6814	1.0000	1.0000	0.1717
20py01	3	50	0	0	2.0000	0.0000	-1.0000	NaN	0.9735	-1.9935	15.4769	588508.4058	588508.7125	0.0000	1.0000	0.5473
