21zf02	1	1	0	0	1.0000	0.0000	-1.0000	0.7959	NaN	NaN	NaN	401571.7850	401572.3306	0.0000	1.0000	0.3661
21zf02	1	1	0	0	2.0000	0.0000	1.0000	NaN	11.9829	12.2160	16.8850	401573.2243	401573.5264	1.0000	1.0000	0.3394
21zf02	1	2	0	0	1.0000	0.0000	1.0000	0.8625	NaN	NaN	NaN	401576.2085	401576.5641	1.0000	1.0000	0.2777
21zf02	1	2	0	0	2.0000	0.0000	1.0000	NaN	3.9143	2.2799	13.7847	401577.3699	401577.6720	0.0000	0.0000	0.4492
21zf02	1	3	0	0	1.0000	0.0000	-1.0000	0.4358	NaN	NaN	NaN	401580.4753	401580.8873	0.0000	1.0000	0.8819
21zf02	1	3	0	0	2.0000	0.0000	-1.0000	NaN	0.4294	-0.1508	15.6671	401582.2886	401582.5926	0.0000	1.0000	0.4080
21zf02	1	4	0	0	1.0000	0.0000	-1.0000	0.0544	NaN	NaN	NaN	401585.2052	401585.6092	1.0000	0.0000	0.9599
21zf02	1	4	0	0	2.0000	0.0000	-1.0000	NaN	8.1259	-7.9695	14.5560	401587.1132	401587.4154	0.0000	1.0000	0.1624
21zf02	1	5	0	0	1.0000	0.0000	-1.0000	0.3108	NaN	NaN	NaN	401590.2089	401590.5634	0.0000	1.0000	0.4692
21zf02	1	5	0	0	2.0000	0.0000	-1.0000	NaN	4.2225	-3.9662	13.8800	401591.5761	401591.8788	0.0000	1.0000	0.1304
21zf02	1	6	0	0	1.0000	0.0000	-1.0000	0.2476	NaN	NaN	NaN	401594.3948	401594.7476	0.0000	1.0000	1.1010
21zf02	1	6	0	0	2.0000	0.0000	-1.0000	NaN	10.6138	-8.5874	13.8861	401596.3602	401596.6622	0.0000	1.0000	0.1304
21zf02	1	7	0	0	1.0000	0.0000	1.0000	0.3259	NaN	NaN	NaN	401598.9878	401599.3419	1.0000	1.0000	0.5707
21zf02	1	7	0	0	2.0000	0.0000	-1.0000	NaN	10.4392	-11.1571	15.4215	401600.4244	401600.7279	0.0000	1.0000	0.2265
21zf02	1	8	0	0	1.0000	0.0000	-1.0000	0.6626	NaN	NaN	NaN	401603.0885	401603.4416	1.0000	0.0000	1.8470
21zf02	1	8	0	0	2.0000	0.0000	-1.0000	NaN	3.9726	-3.9487	15.2351	401605.8479	401606.1502	0.0000	1.0000	0.2269
21zf02	1	9	0	0	1.0000	0.0000	-1.0000	0.8997	NaN	NaN	NaN	401608.4794	401608.8303	1.0000	0.0000	1.4834
21zf02	1	9	0	0	2.0000	0.0000	1.0000	NaN	9.7073	9.1078	15.3873	401610.8559	401611.1581	1.0000	1.0000	0.1957
21zf02	1	10	0	0	1.0000	0.0000	-1.0000	0.7273	NaN	NaN	NaN	401613.5963	401613.9466	0.0000	1.0000	0.4625
21zf02	1	10	0	0	2.0000	0.0000	1.0000	NaN	7.8540	7.3912	15.8348	401614.9528	401615.2549	1.0000	1.0000	0.2096
21zf02	1	11	0	0	1.0000	0.0000	-1.0000	0.6903	NaN	NaN	NaN	401617.4982	401617.8486	0.0000	1.0000	0.6566
21zf02	1	11	0	0	2.0000	0.0000	-1.0000	NaN	10.1494	-11.7516	12.6606	401619.0326	401619.3348	0.0000	1.0000	0.2429
21zf02	1	12	0	0	1.0000	0.0000	-1.0000	0.1438	NaN	NaN	NaN	401621.9616	401622.3129	0.0000	1.0000	1.1997
21zf02	1	12	0	0	2.0000	0.0000	1.0000	NaN	2.1650	2.4638	13.8964	401624.0235	401624.3270	1.0000	1.0000	0.5628
21zf02	1	13	0	0	1.0000	0.0000	-1.0000	0.2180	NaN	NaN	NaN	401627.5271	401627.9126	1.0000	0.0000	0.6565
21zf02	1	13	0	0	2.0000	0.0000	1.0000	NaN	8.9368	9.1553	13.4393	401629.1279	401629.4301	1.0000	1.0000	0.2759
21zf02	1	14	0	0	1.0000	0.0000	1.0000	0.1085	NaN	NaN	NaN	401631.7874	401632.1446	1.0000	1.0000	0.6494
21zf02	1	14	0	0	2.0000	0.0000	-1.0000	NaN	0.4388	-0.1541	15.9356	401633.3524	401633.6546	1.0000	0.0000	0.2106
21zf02	1	15	0	0	1.0000	0.0000	-1.0000	0.7720	NaN	NaN	NaN	401635.8256	401636.1788	0.0000	1.0000	0.2946
21zf02	1	15	0	0	2.0000	0.0000	1.0000	NaN	2.9672	4.4988	13.3700	401637.0165	401637.3187	1.0000	1.0000	0.6098
21zf02	1	16	0	0	1.0000	0.0000	-1.0000	0.8998	NaN	NaN	NaN	401640.4695	401640.8231	0.0000	1.0000	0.4986
21zf02	1	16	0	0	2.0000	0.0000	-1.0000	NaN	2.7903	-2.8197	15.1381	401641.8636	401642.1658	0.0000	1.0000	1.0119
21zf02	1	17	0	0	1.0000	0.0000	-1.0000	0.3639	NaN	NaN	NaN	401645.2603	401645.6118	0.0000	1.0000	0.6688
21zf02	1	17	0	0	2.0000	0.0000	1.0000	NaN	4.1801	3.2042	14.1305	401646.8248	401647.1269	0.0000	0.0000	0.7390
21zf02	1	18	0	0	1.0000	0.0000	-1.0000	0.4077	NaN	NaN	NaN	401650.1898	401650.5435	0.0000	1.0000	0.6330
21zf02	1	18	0	0	2.0000	0.0000	1.0000	NaN	1.7243	0.5030	15.4279	401651.7423	401652.0445	0.0000	0.0000	0.8133
21zf02	1	19	0	0	1.0000	0.0000	1.0000	0.7004	NaN	NaN	NaN	401655.1169	401655.4726	1.0000	1.0000	0.2650
21zf02	1	19	0	0	2.0000	0.0000	-1.0000	NaN	6.3811	-5.8198	14.5726	401656.2648	401656.5671	0.0000	1.0000	0.2585
21zf02	1	20	0	0	1.0000	0.0000	-1.0000	0.9124	NaN	NaN	NaN	401659.4266	401659.7776	0.0000	1.0000	0.5684
21zf02	1	20	0	0	2.0000	0.0000	-1.0000	NaN	0.7224	-0.1241	14.3621	401660.8553	401661.1585	0.0000	1.0000	0.3226
21zf02	1	21	0	0	1.0000	0.0000	1.0000	0.3502	NaN	NaN	NaN	401663.8156	401664.1722	1.0000	1.0000	0.5729
21zf02	1	21	0	0	2.0000	0.0000	-1.0000	NaN	3.5086	-3.5018	13.8514	401665.2869	401665.5895	1.0000	0.0000	0.6915
21zf02	1	22	0	0	1.0000	0.0000	-1.0000	0.8253	NaN	NaN	NaN	401668.3944	401668.7459	0.0000	1.0000	0.4159
21zf02	1	22	0	0	2.0000	0.0000	-1.0000	NaN	11.9382	-14.8084	14.0311	401669.7039	401670.0069	0.0000	1.0000	0.1136
21zf02	1	23	0	0	1.0000	0.0000	-1.0000	0.5706	NaN	NaN	NaN	401671.9985	401672.4170	0.0000	1.0000	0.4395
21zf02	1	23	0	0	2.0000	0.0000	1.0000	NaN	10.4479	11.2588	15.8968	401673.3778	401673.6818	1.0000	1.0000	0.2476
21zf02	1	24	0	0	1.0000	0.0000	1.0000	0.2932	NaN	NaN	NaN	401675.8884	401676.3008	1.0000	1.0000	0.9090
21zf02	1	24	0	0	2.0000	0.0000	-1.0000	NaN	2.5824	-2.4259	14.6255	401677.7636	401678.0686	0.0000	1.0000	0.1493
21zf02	1	25	0	0	1.0000	0.0000	1.0000	0.4779	NaN	NaN	NaN	401680.4469	401680.8666	1.0000	1.0000	0.6779
21zf02	1	25	0	0	2.0000	0.0000	-1.0000	NaN	0.5166	-0.6805	13.7054	401682.0964	401682.4010	1.0000	0.0000	0.9210
21zf02	1	26	0	0	1.0000	0.0000	1.0000	0.9204	NaN	NaN	NaN	401685.8367	401686.2497	1.0000	1.0000	0.2720
21zf02	1	26	0	0	2.0000	0.0000	-1.0000	NaN	7.3277	-7.2774	14.5671	401687.0606	401687.3650	0.0000	1.0000	0.2115
21zf02	1	27	0	0	1.0000	0.0000	-1.0000	0.1134	NaN	NaN	NaN	401689.8495	401690.2662	0.0000	1.0000	1.2309
21zf02	1	27	0	0	2.0000	0.0000	1.0000	NaN	5.1789	5.4283	13.6610	401692.0318	401692.3362	1.0000	1.0000	0.4893
21zf02	1	28	0	0	1.0000	0.0000	1.0000	0.6685	NaN	NaN	NaN	401695.3119	401695.7324	1.0000	1.0000	0.4220
21zf02	1	28	0	0	2.0000	0.0000	1.0000	NaN	5.1320	4.5808	14.2340	401696.6866	401696.9931	1.0000	1.0000	0.2161
21zf02	1	29	0	0	1.0000	0.0000	-1.0000	0.6653	NaN	NaN	NaN	401699.5291	401699.9137	0.0000	1.0000	0.6716
21zf02	1	29	0	0	2.0000	0.0000	-1.0000	NaN	1.2747	-1.2758	13.2716	401701.1304	401701.4326	1.0000	0.0000	0.2238
21zf02	1	30	0	0	1.0000	0.0000	-1.0000	0.6328	NaN	NaN	NaN	401703.7985	401704.1532	1.0000	0.0000	0.4319
21zf02	1	30	0	0	2.0000	0.0000	-1.0000	NaN	3.9504	-4.2063	15.6292	401705.1269	401705.4292	0.0000	1.0000	0.2753
21zf02	1	31	0	0	1.0000	0.0000	1.0000	0.5844	NaN	NaN	NaN	401707.8741	401708.2253	1.0000	1.0000	0.2959
21zf02	1	31	0	0	2.0000	0.0000	1.0000	NaN	7.0623	5.7923	14.7210	401709.0808	401709.3830	1.0000	1.0000	0.3223
21zf02	1	32	0	0	1.0000	0.0000	1.0000	0.0604	NaN	NaN	NaN	401711.7864	401712.1405	0.0000	0.0000	0.6039
21zf02	1	32	0	0	2.0000	0.0000	1.0000	NaN	7.9825	7.0153	15.8217	401713.2721	401713.5742	1.0000	1.0000	0.5000
21zf02	1	33	0	0	1.0000	0.0000	-1.0000	0.8166	NaN	NaN	NaN	401716.4525	401716.8070	0.0000	1.0000	0.2740
21zf02	1	33	0	0	2.0000	0.0000	-1.0000	NaN	1.6817	-1.2874	16.5588	401717.6235	401717.9258	1.0000	0.0000	0.4026
21zf02	1	34	0	0	1.0000	0.0000	1.0000	0.4095	NaN	NaN	NaN	401720.6363	401721.0475	1.0000	1.0000	0.7221
21zf02	1	34	0	0	2.0000	0.0000	-1.0000	NaN	1.3367	-2.4463	15.0989	401722.3520	401722.6584	0.0000	1.0000	0.1986
21zf02	1	35	0	0	1.0000	0.0000	-1.0000	0.7635	NaN	NaN	NaN	401725.2368	401725.6778	0.0000	1.0000	0.2346
21zf02	1	35	0	0	2.0000	0.0000	1.0000	NaN	3.2858	3.6883	15.7114	401726.4498	401726.7571	1.0000	1.0000	0.2610
21zf02	1	36	0	0	1.0000	0.0000	-1.0000	0.9369	NaN	NaN	NaN	401729.1705	401729.5943	0.0000	1.0000	0.8301
21zf02	1	36	0	0	2.0000	0.0000	1.0000	NaN	10.6460	11.2969	14.0381	401731.0109	401731.3159	1.0000	1.0000	0.1806
21zf02	1	37	0	0	1.0000	0.0000	-1.0000	0.5084	NaN	NaN	NaN	401733.5020	401733.9140	0.0000	1.0000	0.5272
21zf02	1	37	0	0	2.0000	0.0000	1.0000	NaN	7.8393	6.8408	14.9435	401734.9604	401735.2648	1.0000	1.0000	0.3916
21zf02	1	38	0	0	1.0000	0.0000	-1.0000	0.2802	NaN	NaN	NaN	401738.1598	401738.5804	1.0000	0.0000	0.8841
21zf02	1	38	0	0	2.0000	0.0000	1.0000	NaN	1.5443	2.0598	15.7672	401739.9601	401740.2646	1.0000	1.0000	0.4479
21zf02	1	39	0	0	1.0000	0.0000	1.0000	0.1593	NaN	NaN	NaN	401743.0993	401743.5115	0.0000	0.0000	1.2010
21zf02	1	39	0	0	2.0000	0.0000	-1.0000	NaN	2.7130	-2.3667	15.2946	401745.2075	401745.5098	0.0000	1.0000	0.2746
21zf02	1	40	0	0	1.0000	0.0000	1.0000	0.5781	NaN	NaN	NaN	401747.9694	401748.3232	1.0000	1.0000	0.3104
21zf02	1	40	0	0	2.0000	0.0000	1.0000	NaN	10.1793	11.3532	16.6652	401749.1761	401749.4784	1.0000	1.0000	0.2119
21zf02	1	41	0	0	1.0000	0.0000	1.0000	0.2131	NaN	NaN	NaN	401752.0979	401752.4551	1.0000	1.0000	0.3386
21zf02	1	41	0	0	2.0000	0.0000	1.0000	NaN	9.7813	8.6878	14.5825	401753.3358	401753.6380	1.0000	1.0000	0.2436
21zf02	1	42	0	0	1.0000	0.0000	-1.0000	0.6703	NaN	NaN	NaN	401755.8643	401756.2215	1.0000	0.0000	0.4109
21zf02	1	42	0	0	2.0000	0.0000	-1.0000	NaN	11.0637	-12.7026	13.7839	401757.1770	401757.4793	0.0000	1.0000	0.1611
21zf02	1	43	0	0	1.0000	0.0000	-1.0000	0.9062	NaN	NaN	NaN	401760.0269	401760.3839	0.0000	1.0000	0.3448
21zf02	1	43	0	0	2.0000	0.0000	-1.0000	NaN	6.8522	-7.7487	16.0579	401761.2712	401761.5734	0.0000	1.0000	0.5321
21zf02	1	44	0	0	1.0000	0.0000	1.0000	0.4194	NaN	NaN	NaN	401764.2543	401764.6057	1.0000	1.0000	0.5552
21zf02	1	44	0	0	2.0000	0.0000	-1.0000	NaN	0.1122	-1.8194	15.4055	401765.7206	401766.0230	0.0000	1.0000	0.1788
21zf02	1	45	0	0	1.0000	0.0000	1.0000	0.3855	NaN	NaN	NaN	401768.7492	401769.1622	1.0000	1.0000	1.4862
21zf02	1	45	0	0	2.0000	0.0000	1.0000	NaN	0.7792	2.3128	16.4550	401771.2043	401771.5087	1.0000	1.0000	0.3087
21zf02	1	46	0	0	1.0000	0.0000	1.0000	0.4561	NaN	NaN	NaN	401773.9647	401774.3918	1.0000	1.0000	0.3220
21zf02	1	46	0	0	2.0000	0.0000	1.0000	NaN	1.9351	2.5117	15.1247	401775.2508	401775.5563	1.0000	1.0000	0.6600
21zf02	1	47	0	0	1.0000	0.0000	1.0000	0.4098	NaN	NaN	NaN	401778.2652	401778.6789	1.0000	1.0000	0.6912
21zf02	1	47	0	0	2.0000	0.0000	1.0000	NaN	3.0483	2.0897	15.4963	401779.9403	401780.2451	1.0000	1.0000	0.6445
21zf02	1	48	0	0	1.0000	0.0000	-1.0000	0.3135	NaN	NaN	NaN	401782.9188	401783.3453	0.0000	1.0000	0.7116
21zf02	1	48	0	0	2.0000	0.0000	1.0000	NaN	8.0274	8.3017	13.2278	401784.6249	401784.9296	1.0000	1.0000	0.9034
21zf02	1	49	0	0	1.0000	0.0000	-1.0000	0.2202	NaN	NaN	NaN	401787.9287	401788.3561	1.0000	0.0000	0.6282
21zf02	1	49	0	0	2.0000	0.0000	-1.0000	NaN	10.9755	-9.7836	15.0165	401789.5223	401789.8267	0.0000	1.0000	0.1337
21zf02	1	50	0	0	1.0000	0.0000	-1.0000	0.0333	NaN	NaN	NaN	401792.1654	401792.5542	1.0000	0.0000	0.6381
21zf02	1	50	0	0	2.0000	0.0000	-1.0000	NaN	0.9829	-0.1537	15.8628	401793.8148	401794.1184	0.0000	1.0000	1.2180
21zf02	2	1	0	0	1.0000	0.0000	-1.0000	0.7175	NaN	NaN	NaN	401798.7774	401799.1317	0.0000	1.0000	0.5098
21zf02	2	1	0	0	2.0000	0.0000	-1.0000	NaN	11.4691	-11.8520	15.4558	401800.1994	401800.5016	0.0000	1.0000	0.3074
21zf02	2	2	0	0	1.0000	0.0000	-1.0000	0.9053	NaN	NaN	NaN	401803.2080	401803.5651	0.0000	1.0000	0.3155
21zf02	2	2	0	0	2.0000	0.0000	1.0000	NaN	8.7549	8.7594	15.7485	401804.4399	401804.7422	1.0000	1.0000	0.2593
21zf02	2	3	0	0	1.0000	0.0000	-1.0000	0.3581	NaN	NaN	NaN	401807.5104	401807.8646	1.0000	0.0000	0.6722
21zf02	2	3	0	0	2.0000	0.0000	1.0000	NaN	5.1192	5.3651	16.0178	401809.0949	401809.3972	1.0000	1.0000	0.3072
21zf02	2	4	0	0	1.0000	0.0000	1.0000	0.1658	NaN	NaN	NaN	401812.0444	401812.3979	1.0000	1.0000	0.4585
21zf02	2	4	0	0	2.0000	0.0000	-1.0000	NaN	3.7094	-3.3658	15.3031	401813.4150	401813.7175	0.0000	1.0000	0.2120
21zf02	2	5	0	0	1.0000	0.0000	-1.0000	0.0367	NaN	NaN	NaN	401816.3991	401816.8099	1.0000	0.0000	0.8315
21zf02	2	5	0	0	2.0000	0.0000	1.0000	NaN	11.7206	10.7982	15.1496	401818.2158	401818.5180	1.0000	1.0000	0.2280
21zf02	2	6	0	0	1.0000	0.0000	-1.0000	0.3993	NaN	NaN	NaN	401821.0204	401821.3712	0.0000	1.0000	0.6051
21zf02	2	6	0	0	2.0000	0.0000	-1.0000	NaN	0.3564	-0.6884	15.6165	401822.5235	401822.8257	0.0000	1.0000	1.5192
21zf02	2	7	0	0	1.0000	0.0000	-1.0000	0.0392	NaN	NaN	NaN	401826.4777	401826.8347	1.0000	0.0000	1.3976
21zf02	2	7	0	0	2.0000	0.0000	1.0000	NaN	10.9019	8.9668	16.3900	401828.7757	401829.0779	1.0000	1.0000	0.4194
21zf02	2	8	0	0	1.0000	0.0000	-1.0000	0.2348	NaN	NaN	NaN	401831.6224	401831.9737	0.0000	1.0000	0.6754
21zf02	2	8	0	0	2.0000	0.0000	1.0000	NaN	10.1413	9.5170	16.5826	401833.2402	401833.5425	1.0000	1.0000	0.3538
21zf02	2	9	0	0	1.0000	0.0000	-1.0000	0.5900	NaN	NaN	NaN	401836.5306	401836.8842	0.0000	1.0000	0.4841
21zf02	2	9	0	0	2.0000	0.0000	-1.0000	NaN	5.2973	-4.5504	13.2612	401837.9916	401838.2938	1.0000	0.0000	1.2505
21zf02	2	10	0	0	1.0000	0.0000	-1.0000	0.0615	NaN	NaN	NaN	401842.0810	401842.4351	0.0000	1.0000	0.6941
21zf02	2	10	0	0	2.0000	0.0000	1.0000	NaN	5.6448	6.4077	15.0817	401843.6727	401843.9749	1.0000	1.0000	0.6739
21zf02	2	11	0	0	1.0000	0.0000	-1.0000	0.2966	NaN	NaN	NaN	401847.1917	401847.5460	0.0000	1.0000	0.6702
21zf02	2	11	0	0	2.0000	0.0000	1.0000	NaN	2.5540	5.0248	14.6106	401848.7752	401849.0775	1.0000	1.0000	0.3713
21zf02	2	12	0	0	1.0000	0.0000	1.0000	0.5869	NaN	NaN	NaN	401851.9410	401852.2957	1.0000	1.0000	0.3698
21zf02	2	12	0	0	2.0000	0.0000	-1.0000	NaN	11.9775	-10.1907	15.2177	401853.1917	401853.4940	0.0000	1.0000	0.2752
21zf02	2	13	0	0	1.0000	0.0000	-1.0000	0.0716	NaN	NaN	NaN	401856.1433	401856.4999	0.0000	1.0000	0.7404
21zf02	2	13	0	0	2.0000	0.0000	1.0000	NaN	7.9499	7.3100	14.8828	401857.7997	401858.1019	1.0000	1.0000	0.6424
21zf02	2	14	0	0	1.0000	0.0000	-1.0000	0.1076	NaN	NaN	NaN	401861.1463	401861.5008	0.0000	1.0000	0.8929
21zf02	2	14	0	0	2.0000	0.0000	1.0000	NaN	6.5921	4.0042	15.3216	401862.9354	401863.2376	1.0000	1.0000	0.7234
21zf02	2	15	0	0	1.0000	0.0000	1.0000	0.7522	NaN	NaN	NaN	401866.2989	401866.7104	1.0000	1.0000	0.3231
21zf02	2	15	0	0	2.0000	0.0000	1.0000	NaN	4.0880	2.7047	16.4246	401867.6014	401867.9055	1.0000	1.0000	0.5674
21zf02	2	16	0	0	1.0000	0.0000	-1.0000	0.0509	NaN	NaN	NaN	401870.4430	401870.8570	1.0000	0.0000	1.3913
21zf02	2	16	0	0	2.0000	0.0000	1.0000	NaN	9.4337	8.6273	14.9469	401872.7863	401873.0907	1.0000	1.0000	0.2622
21zf02	2	17	0	0	1.0000	0.0000	1.0000	0.0965	NaN	NaN	NaN	401875.4911	401875.9072	1.0000	1.0000	1.0610
21zf02	2	17	0	0	2.0000	0.0000	1.0000	NaN	0.5885	1.8804	14.2896	401877.5698	401877.8743	1.0000	1.0000	1.2064
21zf02	2	18	0	0	1.0000	0.0000	-1.0000	0.6240	NaN	NaN	NaN	401881.0526	401881.4732	0.0000	1.0000	0.2637
21zf02	2	18	0	0	2.0000	0.0000	-1.0000	NaN	11.1098	-9.3682	15.0925	401882.2874	401882.5918	0.0000	1.0000	0.2964
21zf02	2	19	0	0	1.0000	0.0000	1.0000	0.7609	NaN	NaN	NaN	401885.2752	401885.6773	1.0000	1.0000	0.5235
21zf02	2	19	0	0	2.0000	0.0000	-1.0000	NaN	8.7071	-9.2349	15.8531	401886.7421	401887.0446	0.0000	1.0000	0.2119
21zf02	2	20	0	0	1.0000	0.0000	1.0000	0.0371	NaN	NaN	NaN	401889.6581	401890.0147	1.0000	1.0000	1.3863
21zf02	2	20	0	0	2.0000	0.0000	1.0000	NaN	3.3618	2.5393	16.0089	401891.9430	401892.2467	1.0000	1.0000	0.7860
21zf02	2	21	0	0	1.0000	0.0000	1.0000	0.4304	NaN	NaN	NaN	401895.1841	401895.5344	1.0000	1.0000	0.5538
21zf02	2	21	0	0	2.0000	0.0000	-1.0000	NaN	11.9456	-13.5076	15.4931	401896.6643	401896.9665	0.0000	1.0000	0.4344
21zf02	2	22	0	0	1.0000	0.0000	-1.0000	0.3520	NaN	NaN	NaN	401899.7838	401900.1340	0.0000	1.0000	0.5467
21zf02	2	22	0	0	2.0000	0.0000	-1.0000	NaN	0.4498	-0.1048	14.1347	401901.2231	401901.5253	0.0000	1.0000	0.7238
21zf02	2	23	0	0	1.0000	0.0000	-1.0000	0.5848	NaN	NaN	NaN	401904.5320	401904.8838	0.0000	1.0000	0.5494
21zf02	2	23	0	0	2.0000	0.0000	-1.0000	NaN	1.0866	-0.3894	14.9791	401906.0234	401906.3256	0.0000	1.0000	0.7866
21zf02	2	24	0	0	1.0000	0.0000	-1.0000	0.9428	NaN	NaN	NaN	401909.1970	401909.5483	0.0000	1.0000	0.3485
21zf02	2	24	0	0	2.0000	0.0000	1.0000	NaN	6.8765	7.1012	15.6043	401910.4713	401910.7735	1.0000	1.0000	0.3399
21zf02	2	25	0	0	1.0000	0.0000	1.0000	0.0985	NaN	NaN	NaN	401913.3796	401913.7997	0.0000	0.0000	0.9285
21zf02	2	25	0	0	2.0000	0.0000	-1.0000	NaN	1.8300	-3.4472	15.2464	401915.2864	401915.5908	0.0000	1.0000	0.3221
21zf02	2	26	0	0	1.0000	0.0000	-1.0000	0.0740	NaN	NaN	NaN	401917.7673	401918.1876	1.0000	0.0000	0.2541
21zf02	2	26	0	0	2.0000	0.0000	1.0000	NaN	11.1518	11.0969	14.2986	401919.0413	401919.3482	1.0000	1.0000	0.2446
21zf02	2	27	0	0	1.0000	0.0000	-1.0000	0.7417	NaN	NaN	NaN	401922.0117	401922.4382	0.0000	1.0000	0.5152
21zf02	2	27	0	0	2.0000	0.0000	-1.0000	NaN	1.7670	-4.1569	15.6615	401923.5199	401923.8248	1.0000	0.0000	0.3434
21zf02	2	28	0	0	1.0000	0.0000	-1.0000	0.5831	NaN	NaN	NaN	401926.2462	401926.6713	0.0000	1.0000	0.3133
21zf02	2	28	0	0	2.0000	0.0000	-1.0000	NaN	9.3432	-8.2645	17.0905	401927.5364	401927.8412	0.0000	1.0000	0.5990
21zf02	2	29	0	0	1.0000	0.0000	1.0000	0.0709	NaN	NaN	NaN	401930.4301	401930.8545	1.0000	1.0000	0.9617
21zf02	2	29	0	0	2.0000	0.0000	1.0000	NaN	5.5997	5.1897	14.0772	401932.3594	401932.6615	1.0000	1.0000	0.4992
21zf02	2	30	0	0	1.0000	0.0000	-1.0000	0.1121	NaN	NaN	NaN	401935.1446	401935.4970	1.0000	0.0000	1.4237
21zf02	2	30	0	0	2.0000	0.0000	1.0000	NaN	0.4399	3.4853	15.4064	401937.4956	401937.7977	1.0000	1.0000	0.8515
21zf02	2	31	0	0	1.0000	0.0000	1.0000	0.4392	NaN	NaN	NaN	401940.8664	401941.2182	1.0000	1.0000	0.2620
21zf02	2	31	0	0	2.0000	0.0000	-1.0000	NaN	9.5182	-9.1303	15.3680	401942.0552	401942.3574	0.0000	1.0000	0.2119
21zf02	2	32	0	0	1.0000	0.0000	1.0000	0.2009	NaN	NaN	NaN	401944.5360	401944.8910	0.0000	0.0000	0.3811
21zf02	2	32	0	0	2.0000	0.0000	1.0000	NaN	2.4013	2.0993	16.0318	401945.8138	401946.1160	0.0000	0.0000	0.4682
21zf02	2	33	0	0	1.0000	0.0000	-1.0000	0.4313	NaN	NaN	NaN	401949.0961	401949.4482	0.0000	1.0000	0.3207
21zf02	2	33	0	0	2.0000	0.0000	-1.0000	NaN	11.7749	-10.6129	14.6887	401950.3283	401950.6305	0.0000	1.0000	0.3057
21zf02	2	34	0	0	1.0000	0.0000	-1.0000	0.7258	NaN	NaN	NaN	401953.3698	401953.7241	0.0000	1.0000	0.2681
21zf02	2	34	0	0	2.0000	0.0000	1.0000	NaN	10.8657	9.7762	14.0982	401954.5356	401954.8378	1.0000	1.0000	0.4038
21zf02	2	35	0	0	1.0000	0.0000	1.0000	0.4564	NaN	NaN	NaN	401957.7653	401958.1174	1.0000	1.0000	0.7239
21zf02	2	35	0	0	2.0000	0.0000	-1.0000	NaN	4.3723	-6.0239	15.6220	401959.3681	401959.6703	0.0000	1.0000	0.3381
21zf02	2	36	0	0	1.0000	0.0000	-1.0000	0.9343	NaN	NaN	NaN	401962.0821	401962.5024	0.0000	1.0000	0.3233
21zf02	2	36	0	0	2.0000	0.0000	1.0000	NaN	0.8744	0.3272	15.2447	401963.3987	401963.7032	0.0000	0.0000	0.5929
21zf02	2	37	0	0	1.0000	0.0000	1.0000	0.8955	NaN	NaN	NaN	401966.5336	401966.9167	1.0000	1.0000	0.3085
21zf02	2	37	0	0	2.0000	0.0000	1.0000	NaN	11.7154	11.9165	14.4760	401967.7843	401968.0864	1.0000	1.0000	0.3057
21zf02	2	38	0	0	1.0000	0.0000	-1.0000	0.6146	NaN	NaN	NaN	401970.3661	401970.7233	0.0000	1.0000	0.2774
21zf02	2	38	0	0	2.0000	0.0000	-1.0000	NaN	2.4658	-2.8005	14.2628	401971.5598	401971.8620	0.0000	1.0000	0.4028
21zf02	2	39	0	0	1.0000	0.0000	1.0000	0.8077	NaN	NaN	NaN	401974.3639	401974.7168	1.0000	1.0000	0.2994
21zf02	2	39	0	0	2.0000	0.0000	1.0000	NaN	4.4004	4.3067	16.8542	401975.5768	401975.8790	1.0000	1.0000	0.5462
21zf02	2	40	0	0	1.0000	0.0000	1.0000	0.6012	NaN	NaN	NaN	401978.5563	401978.9098	1.0000	1.0000	0.4755
21zf02	2	40	0	0	2.0000	0.0000	-1.0000	NaN	2.4416	-2.2192	15.5803	401979.9762	401980.2784	0.0000	1.0000	0.1778
21zf02	2	41	0	0	1.0000	0.0000	-1.0000	0.7346	NaN	NaN	NaN	401982.6311	401982.9831	0.0000	1.0000	0.5305
21zf02	2	41	0	0	2.0000	0.0000	1.0000	NaN	1.4128	2.8106	14.4324	401984.0704	401984.3730	1.0000	1.0000	0.3404
21zf02	2	42	0	0	1.0000	0.0000	1.0000	0.0864	NaN	NaN	NaN	401987.0601	401987.4110	1.0000	1.0000	0.5982
21zf02	2	42	0	0	2.0000	0.0000	-1.0000	NaN	2.2535	-2.8493	15.0896	401988.5839	401988.8861	0.0000	1.0000	0.5630
21zf02	2	43	0	0	1.0000	0.0000	-1.0000	0.7306	NaN	NaN	NaN	401991.9573	401992.3108	0.0000	1.0000	0.2254
21zf02	2	43	0	0	2.0000	0.0000	1.0000	NaN	1.8003	1.2377	14.7328	401993.0788	401993.3810	0.0000	0.0000	0.7874
21zf02	2	44	0	0	1.0000	0.0000	-1.0000	0.3231	NaN	NaN	NaN	401996.0781	401996.4291	0.0000	1.0000	0.4910
21zf02	2	44	0	0	2.0000	0.0000	1.0000	NaN	3.6568	3.8341	13.2157	401997.4646	401997.7667	1.0000	1.0000	0.5774
21zf02	2	45	0	0	1.0000	0.0000	-1.0000	0.6832	NaN	NaN	NaN	402000.3778	402000.7290	0.0000	1.0000	0.3528
21zf02	2	45	0	0	2.0000	0.0000	-1.0000	NaN	0.0190	-1.6041	16.3483	402001.6087	402001.9109	1.0000	0.0000	1.2183
21zf02	2	46	0	0	1.0000	0.0000	-1.0000	0.6475	NaN	NaN	NaN	402005.3610	402005.7120	0.0000	1.0000	0.6974
21zf02	2	46	0	0	2.0000	0.0000	1.0000	NaN	7.6533	8.3626	14.8774	402006.9023	402007.2044	1.0000	1.0000	0.1966
21zf02	2	47	0	0	1.0000	0.0000	-1.0000	0.8784	NaN	NaN	NaN	402009.9618	402010.3621	0.0000	1.0000	0.3191
21zf02	2	47	0	0	2.0000	0.0000	-1.0000	NaN	8.1379	-6.4730	15.5604	402011.2396	402011.5418	0.0000	1.0000	0.4674
21zf02	2	48	0	0	1.0000	0.0000	-1.0000	0.3699	NaN	NaN	NaN	402014.3134	402014.6648	0.0000	1.0000	1.0403
21zf02	2	48	0	0	2.0000	0.0000	1.0000	NaN	10.7747	11.2608	13.7679	402016.2806	402016.5828	1.0000	1.0000	0.3378
21zf02	2	49	0	0	1.0000	0.0000	-1.0000	0.9362	NaN	NaN	NaN	402018.9041	402019.2582	0.0000	1.0000	0.3020
21zf02	2	49	0	0	2.0000	0.0000	1.0000	NaN	8.4695	7.4555	15.0711	402020.1830	402020.4853	1.0000	1.0000	0.2605
21zf02	2	50	0	0	1.0000	0.0000	-1.0000	0.2249	NaN	NaN	NaN	402023.4263	402023.7778	1.0000	0.0000	0.7429
21zf02	2	50	0	0	2.0000	0.0000	1.0000	NaN	2.4766	1.9959	16.0585	402025.0639	402025.3662	0.0000	0.0000	0.5299
21zf02	3	1	0	0	1.0000	0.0000	1.0000	0.1807	NaN	NaN	NaN	402029.7906	402030.1422	1.0000	1.0000	0.4899
21zf02	3	1	0	0	2.0000	0.0000	1.0000	NaN	11.1021	10.0713	14.3073	402031.1747	402031.4769	1.0000	1.0000	0.2752
21zf02	3	2	0	0	1.0000	0.0000	1.0000	0.4132	NaN	NaN	NaN	402034.1455	402034.4969	1.0000	1.0000	0.2632
21zf02	3	2	0	0	2.0000	0.0000	1.0000	NaN	8.9084	10.8764	15.5875	402035.3349	402035.6378	1.0000	1.0000	0.2907
21zf02	3	3	0	0	1.0000	0.0000	-1.0000	0.4289	NaN	NaN	NaN	402037.9618	402038.3136	0.0000	1.0000	0.1435
21zf02	3	3	0	0	2.0000	0.0000	-1.0000	NaN	6.8568	-6.6405	15.1287	402038.9835	402039.2857	0.0000	1.0000	0.2263
21zf02	3	4	0	0	1.0000	0.0000	-1.0000	0.9237	NaN	NaN	NaN	402041.6386	402041.9916	0.0000	1.0000	0.1937
21zf02	3	4	0	0	2.0000	0.0000	1.0000	NaN	4.4111	4.1402	14.6189	402042.6963	402042.9984	1.0000	1.0000	0.5786
21zf02	3	5	0	0	1.0000	0.0000	1.0000	0.2567	NaN	NaN	NaN	402045.8988	402046.2526	1.0000	1.0000	0.1405
21zf02	3	5	0	0	2.0000	0.0000	-1.0000	NaN	7.5116	-6.2146	16.3807	402046.9833	402047.2855	0.0000	1.0000	0.1952
21zf02	3	6	0	0	1.0000	0.0000	1.0000	0.4380	NaN	NaN	NaN	402049.7980	402050.1523	1.0000	1.0000	0.4318
21zf02	3	6	0	0	2.0000	0.0000	1.0000	NaN	8.2023	8.7321	14.1929	402051.1261	402051.4283	1.0000	1.0000	0.3253
21zf02	3	7	0	0	1.0000	0.0000	-1.0000	0.2443	NaN	NaN	NaN	402054.1620	402054.5190	0.0000	1.0000	0.5931
21zf02	3	7	0	0	2.0000	0.0000	-1.0000	NaN	8.1145	-8.1353	16.0889	402055.6562	402055.9584	0.0000	1.0000	0.2576
21zf02	3	8	0	0	1.0000	0.0000	1.0000	0.4299	NaN	NaN	NaN	402058.6958	402059.1141	1.0000	1.0000	0.3827
21zf02	3	8	0	0	2.0000	0.0000	1.0000	NaN	6.8756	8.5057	16.2118	402060.0629	402060.3672	1.0000	1.0000	0.4415
21zf02	3	9	0	0	1.0000	0.0000	1.0000	0.4616	NaN	NaN	NaN	402063.1196	402063.5421	0.0000	0.0000	0.4346
21zf02	3	9	0	0	2.0000	0.0000	1.0000	NaN	0.0438	0.7619	16.2287	402064.5108	402064.8153	1.0000	1.0000	0.4585
21zf02	3	10	0	0	1.0000	0.0000	1.0000	0.8204	NaN	NaN	NaN	402067.4759	402067.8971	1.0000	1.0000	0.3672
21zf02	3	10	0	0	2.0000	0.0000	1.0000	NaN	11.8909	12.7349	13.6610	402068.7686	402069.0744	1.0000	1.0000	0.2940
21zf02	3	11	0	0	1.0000	0.0000	1.0000	0.3915	NaN	NaN	NaN	402071.5117	402071.9302	1.0000	1.0000	0.3340
21zf02	3	11	0	0	2.0000	0.0000	1.0000	NaN	10.7161	9.1569	14.5489	402072.8332	402073.1407	1.0000	1.0000	0.2925
21zf02	3	12	0	0	1.0000	0.0000	1.0000	0.6066	NaN	NaN	NaN	402075.6843	402076.0967	1.0000	1.0000	2.1849
21zf02	3	12	0	0	2.0000	0.0000	1.0000	NaN	2.8159	1.8205	13.3381	402078.8808	402079.1867	1.0000	1.0000	1.1906
21zf02	3	13	0	0	1.0000	0.0000	1.0000	0.3352	NaN	NaN	NaN	402082.5748	402082.9963	1.0000	1.0000	0.6288
21zf02	3	13	0	0	2.0000	0.0000	-1.0000	NaN	10.2485	-9.1333	16.4250	402084.1926	402084.4971	0.0000	1.0000	0.3597
21zf02	3	14	0	0	1.0000	0.0000	1.0000	0.4230	NaN	NaN	NaN	402087.2841	402087.6673	1.0000	1.0000	0.3247
21zf02	3	14	0	0	2.0000	0.0000	-1.0000	NaN	1.9558	-1.0968	15.4068	402088.5521	402088.8543	0.0000	1.0000	0.2583
21zf02	3	15	0	0	1.0000	0.0000	1.0000	0.7070	NaN	NaN	NaN	402091.0953	402091.4502	1.0000	1.0000	0.4938
21zf02	3	15	0	0	2.0000	0.0000	-1.0000	NaN	1.8764	-4.1361	14.0322	402092.5044	402092.8067	0.0000	1.0000	0.3227
21zf02	3	16	0	0	1.0000	0.0000	1.0000	0.0022	NaN	NaN	NaN	402095.4124	402095.7667	0.0000	0.0000	1.0420
21zf02	3	16	0	0	2.0000	0.0000	1.0000	NaN	0.6022	2.9320	14.7624	402097.3549	402097.6571	1.0000	1.0000	0.4629
21zf02	3	17	0	0	1.0000	0.0000	-1.0000	0.6322	NaN	NaN	NaN	402100.7731	402101.1236	0.0000	1.0000	0.3571
21zf02	3	17	0	0	2.0000	0.0000	-1.0000	NaN	10.7465	-10.5001	13.9994	402102.0232	402102.3254	0.0000	1.0000	0.3226
21zf02	3	18	0	0	1.0000	0.0000	1.0000	0.9026	NaN	NaN	NaN	402104.6907	402105.1117	1.0000	1.0000	0.2889
21zf02	3	18	0	0	2.0000	0.0000	1.0000	NaN	0.2396	1.2682	14.6369	402105.9871	402106.2917	0.0000	0.0000	0.6779
21zf02	3	19	0	0	1.0000	0.0000	-1.0000	0.5103	NaN	NaN	NaN	402109.4792	402109.8950	0.0000	1.0000	0.2099
21zf02	3	19	0	0	2.0000	0.0000	1.0000	NaN	3.2744	5.2358	15.3758	402110.6413	402110.9458	0.0000	0.0000	0.5823
21zf02	3	20	0	0	1.0000	0.0000	-1.0000	0.0698	NaN	NaN	NaN	402114.2112	402114.6280	0.0000	1.0000	0.3880
21zf02	3	20	0	0	2.0000	0.0000	-1.0000	NaN	7.5058	-7.7684	15.8420	402115.5722	402115.8766	0.0000	1.0000	0.2440
21zf02	3	21	0	0	1.0000	0.0000	-1.0000	0.9140	NaN	NaN	NaN	402118.2756	402118.6944	0.0000	1.0000	0.1615
21zf02	3	21	0	0	2.0000	0.0000	-1.0000	NaN	5.9388	-5.5022	17.0724	402119.4575	402119.7620	0.0000	1.0000	0.2951
21zf02	3	22	0	0	1.0000	0.0000	-1.0000	0.5223	NaN	NaN	NaN	402122.3929	402122.8109	1.0000	0.0000	3.0380
21zf02	3	22	0	0	2.0000	0.0000	1.0000	NaN	0.1759	1.3551	15.4292	402126.4324	402126.7382	1.0000	1.0000	0.3583
21zf02	3	23	0	0	1.0000	0.0000	1.0000	0.3261	NaN	NaN	NaN	402128.9666	402129.3539	1.0000	1.0000	0.8941
21zf02	3	23	0	0	2.0000	0.0000	-1.0000	NaN	3.4367	-2.9337	16.0749	402130.8399	402131.1421	0.0000	1.0000	0.3379
21zf02	3	24	0	0	1.0000	0.0000	-1.0000	0.2990	NaN	NaN	NaN	402133.4219	402133.7721	0.0000	1.0000	0.5079
21zf02	3	24	0	0	2.0000	0.0000	1.0000	NaN	10.6451	9.9739	16.2400	402134.7917	402135.0938	1.0000	1.0000	0.2422
21zf02	3	25	0	0	1.0000	0.0000	-1.0000	0.6768	NaN	NaN	NaN	402137.7112	402138.0646	0.0000	1.0000	0.2160
21zf02	3	25	0	0	2.0000	0.0000	-1.0000	NaN	8.4241	-8.9636	14.7369	402138.8231	402139.1253	0.0000	1.0000	0.1958
21zf02	3	26	0	0	1.0000	0.0000	1.0000	0.6129	NaN	NaN	NaN	402141.3788	402141.7354	1.0000	1.0000	0.4171
21zf02	3	26	0	0	2.0000	0.0000	1.0000	NaN	0.6565	0.5523	15.0268	402142.7914	402143.0935	0.0000	0.0000	0.3704
21zf02	3	27	0	0	1.0000	0.0000	1.0000	0.5946	NaN	NaN	NaN	402145.7720	402146.1242	1.0000	1.0000	0.2370
21zf02	3	27	0	0	2.0000	0.0000	1.0000	NaN	3.4491	1.6522	15.7338	402146.9695	402147.2717	1.0000	1.0000	0.5615
21zf02	3	28	0	0	1.0000	0.0000	-1.0000	0.9113	NaN	NaN	NaN	402150.0472	402150.4595	0.0000	1.0000	0.1417
21zf02	3	28	0	0	2.0000	0.0000	1.0000	NaN	1.1129	1.2653	15.2953	402151.1372	402151.4417	1.0000	1.0000	0.4543
21zf02	3	29	0	0	1.0000	0.0000	-1.0000	0.2302	NaN	NaN	NaN	402154.4602	402154.8764	0.0000	1.0000	0.2852
21zf02	3	29	0	0	2.0000	0.0000	-1.0000	NaN	8.5070	-7.2226	14.7854	402155.7306	402156.0371	0.0000	1.0000	0.3069
21zf02	3	30	0	0	1.0000	0.0000	1.0000	0.9062	NaN	NaN	NaN	402158.7554	402159.1757	1.0000	1.0000	0.6573
21zf02	3	30	0	0	2.0000	0.0000	-1.0000	NaN	9.3157	-9.1659	16.0687	402160.4645	402160.7698	0.0000	1.0000	0.3437
21zf02	3	31	0	0	1.0000	0.0000	1.0000	0.1459	NaN	NaN	NaN	402163.0571	402163.4755	0.0000	0.0000	0.4212
21zf02	3	31	0	0	2.0000	0.0000	-1.0000	NaN	0.8145	-0.3763	14.9433	402164.4647	402164.7697	1.0000	0.0000	0.3423
21zf02	3	32	0	0	1.0000	0.0000	1.0000	0.7765	NaN	NaN	NaN	402167.5609	402167.9752	1.0000	1.0000	0.4013
21zf02	3	32	0	0	2.0000	0.0000	1.0000	NaN	9.7381	7.4646	14.6547	402168.9191	402169.2214	1.0000	1.0000	0.2426
21zf02	3	33	0	0	1.0000	0.0000	-1.0000	0.3731	NaN	NaN	NaN	402171.9790	402172.3337	1.0000	0.0000	0.4423
21zf02	3	33	0	0	2.0000	0.0000	-1.0000	NaN	1.2138	-2.2304	13.9696	402173.3339	402173.6361	0.0000	1.0000	0.2930
21zf02	3	34	0	0	1.0000	0.0000	1.0000	0.6284	NaN	NaN	NaN	402175.9472	402176.3014	1.0000	1.0000	0.2670
21zf02	3	34	0	0	2.0000	0.0000	1.0000	NaN	5.9414	6.4155	14.6970	402177.0946	402177.3984	1.0000	1.0000	0.2735
21zf02	3	35	0	0	1.0000	0.0000	1.0000	0.2048	NaN	NaN	NaN	402179.6530	402180.0064	1.0000	1.0000	0.4975
21zf02	3	35	0	0	2.0000	0.0000	-1.0000	NaN	1.2219	-2.6675	14.4626	402181.0624	402181.3655	0.0000	1.0000	0.2271
21zf02	3	36	0	0	1.0000	0.0000	1.0000	0.4746	NaN	NaN	NaN	402184.1004	402184.4510	1.0000	1.0000	0.3100
21zf02	3	36	0	0	2.0000	0.0000	1.0000	NaN	7.8669	6.9733	14.1673	402185.3188	402185.6210	1.0000	1.0000	0.3072
21zf02	3	37	0	0	1.0000	0.0000	-1.0000	0.6128	NaN	NaN	NaN	402188.0097	402188.3663	0.0000	1.0000	0.5696
21zf02	3	37	0	0	2.0000	0.0000	-1.0000	NaN	7.3218	-7.4459	14.5694	402189.4479	402189.7500	0.0000	1.0000	0.1939
21zf02	3	38	0	0	1.0000	0.0000	1.0000	0.6158	NaN	NaN	NaN	402191.8101	402192.1661	1.0000	1.0000	0.2738
21zf02	3	38	0	0	2.0000	0.0000	-1.0000	NaN	4.5020	-5.2876	14.6595	402192.9826	402193.2848	0.0000	1.0000	0.4031
21zf02	3	39	0	0	1.0000	0.0000	1.0000	0.6444	NaN	NaN	NaN	402196.2619	402196.6504	1.0000	1.0000	0.2546
21zf02	3	39	0	0	2.0000	0.0000	1.0000	NaN	2.0317	3.7581	15.5032	402197.4322	402197.7343	1.0000	1.0000	0.6113
21zf02	3	40	0	0	1.0000	0.0000	-1.0000	0.6760	NaN	NaN	NaN	402200.7620	402201.1155	1.0000	0.0000	0.4776
21zf02	3	40	0	0	2.0000	0.0000	1.0000	NaN	9.9674	9.3520	13.1409	402202.1193	402202.4215	1.0000	1.0000	0.2431
21zf02	3	41	0	0	1.0000	0.0000	-1.0000	0.4382	NaN	NaN	NaN	402204.6332	402204.9848	0.0000	1.0000	0.4631
21zf02	3	41	0	0	2.0000	0.0000	-1.0000	NaN	11.7548	-14.3090	14.1034	402206.0068	402206.3090	0.0000	1.0000	0.2443
21zf02	3	42	0	0	1.0000	0.0000	1.0000	0.3014	NaN	NaN	NaN	402208.9090	402209.2651	1.0000	1.0000	0.3273
21zf02	3	42	0	0	2.0000	0.0000	1.0000	NaN	1.1736	3.4420	14.9547	402210.1666	402210.4687	0.0000	0.0000	0.8359
21zf02	3	43	0	0	1.0000	0.0000	1.0000	0.4300	NaN	NaN	NaN	402213.3562	402213.7109	1.0000	1.0000	0.2021
21zf02	3	43	0	0	2.0000	0.0000	-1.0000	NaN	2.9699	-3.6951	14.5114	402214.4873	402214.7895	0.0000	1.0000	0.1955
21zf02	3	44	0	0	1.0000	0.0000	1.0000	0.7674	NaN	NaN	NaN	402217.4612	402217.8147	1.0000	1.0000	0.2104
21zf02	3	44	0	0	2.0000	0.0000	-1.0000	NaN	0.2678	-2.5354	14.7429	402218.6065	402218.9087	1.0000	0.0000	0.7486
21zf02	3	45	0	0	1.0000	0.0000	-1.0000	0.8568	NaN	NaN	NaN	402222.2922	402222.6479	0.0000	1.0000	0.6405
21zf02	3	45	0	0	2.0000	0.0000	1.0000	NaN	6.9711	8.5428	14.6793	402223.8636	402224.1659	1.0000	1.0000	0.2260
21zf02	3	46	0	0	1.0000	0.0000	-1.0000	0.0527	NaN	NaN	NaN	402226.2731	402226.6268	1.0000	0.0000	0.7741
21zf02	3	46	0	0	2.0000	0.0000	-1.0000	NaN	1.7711	-0.9339	14.4344	402228.0395	402228.3423	0.0000	1.0000	0.5296
21zf02	3	47	0	0	1.0000	0.0000	-1.0000	0.7159	NaN	NaN	NaN	402230.6919	402231.0475	0.0000	1.0000	0.8177
21zf02	3	47	0	0	2.0000	0.0000	1.0000	NaN	5.4757	5.8350	14.1664	402232.4228	402232.7249	1.0000	1.0000	0.3724
21zf02	3	48	0	0	1.0000	0.0000	1.0000	0.8566	NaN	NaN	NaN	402235.3469	402235.6985	1.0000	1.0000	0.3741
21zf02	3	48	0	0	2.0000	0.0000	-1.0000	NaN	8.5490	-10.4526	14.9743	402236.6801	402236.9824	0.0000	1.0000	0.4984
21zf02	3	49	0	0	1.0000	0.0000	-1.0000	0.7078	NaN	NaN	NaN	402239.6797	402240.0316	0.0000	1.0000	0.7608
21zf02	3	49	0	0	2.0000	0.0000	1.0000	NaN	4.6611	5.0989	14.8222	402241.3834	402241.6856	1.0000	1.0000	0.4662
21zf02	3	50	0	0	1.0000	0.0000	-1.0000	0.8306	NaN	NaN	NaN	402244.6234	402245.0371	0.0000	1.0000	0.3476
21zf02	3	50	0	0	2.0000	0.0000	1.0000	NaN	4.4228	4.0758	15.6357	402245.9172	402246.2210	1.0000	1.0000	2.8605
